2646922,4.726,2.313,8.088,-0.064,0.001,-0.003,1828,0.0,0.0
2646930,4.719,2.282,8.052,-0.069,0.002,0.001,1828,0.0,0.0
2646938,4.745,2.251,8.052,-0.07,0.006,0.003,1829,0.0,0.0
2646946,4.772,2.229,8.054,-0.067,0.01,0.002,1827,0.0,0.0
2646955,4.779,2.212,8.054,-0.066,0.015,-0.0,1829,0.0,0.0
2646963,4.731,2.191,8.114,-0.062,0.019,-0.003,1829,0.0,0.0
2646971,4.714,2.222,8.14,-0.061,0.017,-0.006,1829,0.0,0.0
2646979,4.724,2.234,8.191,-0.064,0.012,-0.01,1828,0.0,0.0
2646987,4.736,2.255,8.226,-0.062,0.008,-0.012,1829,0.0,0.0
2646995,4.7,2.243,8.25,-0.059,0.002,-0.01,1828,0.0,0.0
2647003,4.685,2.258,8.234,-0.058,-0.007,-0.007,1828,0.0,0.0
2647012,4.712,2.239,8.2,-0.056,-0.014,-0.006,1829,0.0,0.0
2647020,4.743,2.234,8.088,-0.052,-0.013,-0.003,1828,0.0,0.0
2647028,4.75,2.229,8.056,-0.05,-0.009,-0.002,1827,0.0,0.0
2647036,4.743,2.231,8.054,-0.051,-0.002,-0.001,1827,0.0,0.0
2647044,4.752,2.265,8.068,-0.052,0.003,-0.003,1827,0.0,0.0
2647053,4.75,2.263,8.095,-0.056,0.005,-0.002,1826,0.0,0.0
2647061,4.752,2.26,8.147,-0.058,0.003,0.001,1826,0.0,0.0
2647069,4.772,2.267,8.164,-0.063,0.0,0.002,1828,0.0,0.0
2647077,4.779,2.255,8.15,-0.064,0.001,-0.001,1827,0.0,0.0
2647085,4.779,2.203,8.143,-0.059,-0.0,-0.004,1828,0.0,0.0
2647093,4.769,2.191,8.152,-0.054,-0.001,-0.007,1827,0.0,0.0
2647101,4.741,2.215,8.114,-0.05,0.0,-0.01,1827,0.0,0.0
2647109,4.736,2.229,8.109,-0.052,-0.002,-0.011,1826,0.0,0.0
2647117,4.743,2.241,8.095,-0.052,0.001,-0.013,1828,0.0,0.0
2647125,4.733,2.246,8.059,-0.049,0.001,-0.011,1826,0.0,0.0
2647133,4.748,2.286,8.028,-0.048,0.002,-0.009,1828,0.0,0.0
2647141,4.784,2.32,8.028,-0.057,0.002,-0.007,1827,0.0,0.0
2647149,4.803,2.286,8.078,-0.064,0.006,-0.006,1829,0.0,0.0
2647158,4.779,2.248,8.095,-0.064,0.009,-0.005,1826,0.0,0.0
2647166,4.748,2.231,8.116,-0.059,0.006,-0.007,1826,0.0,0.0
2647174,4.738,2.207,8.107,-0.056,0.004,-0.01,1825,0.0,0.0
2647182,4.741,2.172,8.138,-0.053,0.002,-0.014,1827,0.0,0.0
2647190,4.724,2.188,8.119,-0.049,0.004,-0.018,1828,0.0,0.0
2647199,4.712,2.243,8.124,-0.046,0.002,-0.018,1826,0.0,0.0
2647207,4.741,2.291,8.102,-0.046,0.003,-0.016,1826,0.0,0.0
2647215,4.748,2.325,8.085,-0.049,0.007,-0.012,1827,0.0,0.0
2647223,4.76,2.349,8.054,-0.054,0.012,-0.007,1827,0.0,0.0
2647231,4.786,2.31,7.992,-0.058,0.014,-0.003,1829,0.0,0.0
2647239,4.808,2.282,7.994,-0.058,0.019,0.002,1828,0.0,0.0
2647248,4.827,2.26,8.033,-0.059,0.025,0.002,1827,0.0,0.0
2647256,4.815,2.222,8.066,-0.061,0.032,-0.002,1829,0.0,0.0
2647264,4.767,2.222,8.083,-0.059,0.036,-0.005,1827,0.0,0.0
2647272,4.748,2.234,8.145,-0.061,0.034,-0.01,1826,0.0,0.0
2647280,4.721,2.231,8.21,-0.062,0.027,-0.013,1827,0.0,0.0
2647288,4.719,2.227,8.241,-0.061,0.017,-0.015,1827,0.0,0.0
2647296,4.736,2.236,8.195,-0.055,0.009,-0.015,1826,0.0,0.0
2647304,4.714,2.272,8.143,-0.05,0.006,-0.014,1826,0.0,0.0
2647313,4.724,2.274,8.09,-0.05,0.006,-0.013,1828,0.0,0.0
2647321,4.741,2.277,8.047,-0.05,0.009,-0.01,1826,0.0,0.0
2647329,4.736,2.277,8.033,-0.049,0.014,-0.009,1827,0.0,0.0
2647337,4.743,2.279,8.023,-0.048,0.021,-0.005,1826,0.0,0.0
2647345,4.755,2.298,8.045,-0.05,0.027,-0.002,1824,0.0,0.0
2647353,4.745,2.289,8.068,-0.051,0.032,0.001,1826,0.0,0.0
2647361,4.709,2.26,8.126,-0.052,0.026,0.001,1824,0.0,0.0
2647369,4.736,2.263,8.159,-0.051,0.02,0.001,1828,0.0,0.0
2647377,4.745,2.251,8.171,-0.049,0.016,-0.002,1828,0.0,0.0
2647385,4.731,2.246,8.152,-0.049,0.011,-0.005,1826,0.0,0.0
2647394,4.76,2.239,8.128,-0.05,0.007,-0.01,1827,0.0,0.0
2647402,4.762,2.231,8.126,-0.051,0.006,-0.017,1826,0.0,0.0
2647410,4.76,2.234,8.121,-0.051,0.006,-0.022,1826,0.0,0.0
2647418,4.774,2.246,8.107,-0.047,0.007,-0.023,1828,0.0,0.0
2647426,4.748,2.267,8.083,-0.043,0.011,-0.022,1827,0.0,0.0
2647434,4.752,2.301,8.061,-0.043,0.015,-0.022,1825,0.0,0.0
2647442,4.752,2.31,8.078,-0.046,0.017,-0.023,1827,0.0,0.0
2647450,4.743,2.296,8.08,-0.048,0.019,-0.022,1828,0.0,0.0
2647458,4.731,2.31,8.107,-0.048,0.018,-0.021,1825,0.0,0.0
2647467,4.719,2.327,8.104,-0.051,0.016,-0.019,1825,0.0,0.0
2647475,4.709,2.32,8.164,-0.053,0.012,-0.017,1826,0.0,0.0
2647483,4.724,2.32,8.128,-0.054,0.005,-0.014,1825,0.0,0.0
2647491,4.75,2.322,8.124,-0.056,0.005,-0.011,1826,0.0,0.0
2647499,4.764,2.315,8.1,-0.055,0.007,-0.008,1825,0.0,0.0
2647508,4.731,2.315,8.054,-0.055,0.012,-0.006,1825,0.0,0.0
2647516,4.724,2.31,8.064,-0.056,0.018,-0.004,1826,0.0,0.0
2647524,4.702,2.306,8.073,-0.057,0.02,-0.002,1825,0.0,0.0
2647532,4.719,2.298,8.09,-0.059,0.017,-0.001,1826,0.0,0.0
2647540,4.738,2.284,8.102,-0.06,0.015,0.001,1826,0.0,0.0
2647548,4.752,2.298,8.124,-0.06,0.014,0.003,1825,0.0,0.0
2647557,4.752,2.303,8.1,-0.061,0.013,0.005,1825,0.0,0.0
2647565,4.76,2.284,8.092,-0.058,0.014,0.004,1825,0.0,0.0
2647573,4.741,2.26,8.107,-0.056,0.013,0.0,1824,0.0,0.0
2647581,4.738,2.222,8.152,-0.052,0.01,-0.002,1824,0.0,0.0
2647589,4.731,2.21,8.143,-0.049,0.007,-0.006,1825,0.0,0.0
2647598,4.769,2.224,8.109,-0.046,0.005,-0.01,1824,0.0,0.0
2647606,4.764,2.224,8.092,-0.042,0.006,-0.014,1825,0.0,0.0
2647614,4.779,2.243,8.059,-0.037,0.007,-0.016,1825,0.0,0.0
2647622,4.803,2.306,8.04,-0.037,0.012,-0.017,1826,0.0,0.0
2647630,4.752,2.351,8.025,-0.041,0.021,-0.016,1826,0.0,0.0
2647638,4.712,2.435,8.042,-0.049,0.022,-0.011,1826,0.0,0.0
2647646,4.673,2.447,8.09,-0.059,0.018,-0.007,1825,0.0,0.0
2647654,4.702,2.454,8.107,-0.069,0.009,0.0,1827,0.0,0.0
2647662,4.714,2.43,8.131,-0.075,0.003,0.006,1827,0.0,0.0
2647671,4.741,2.377,8.15,-0.078,0.001,0.011,1824,0.0,0.0
2647679,4.762,2.318,8.116,-0.083,-0.002,0.012,1827,0.0,0.0
2647687,4.788,2.224,8.042,-0.081,-0.002,0.011,1827,0.0,0.0
2647695,4.798,2.186,8.045,-0.074,0.003,0.005,1825,0.0,0.0
2647703,4.791,2.16,7.975,-0.066,0.009,-0.005,1824,0.0,0.0
2647711,4.812,2.15,8.025,-0.059,0.013,-0.014,1825,0.0,0.0
2647719,4.82,2.186,8.054,-0.052,0.018,-0.021,1825,0.0,0.0
2647727,4.8,2.243,8.09,-0.047,0.022,-0.024,1826,0.0,0.0
2647735,4.738,2.327,8.14,-0.045,0.023,-0.025,1825,0.0,0.0
2647744,4.702,2.411,8.162,-0.052,0.016,-0.02,1826,0.0,0.0
2647752,4.697,2.459,8.186,-0.061,0.011,-0.014,1826,0.0,0.0
2647760,4.688,2.459,8.152,-0.068,0.007,-0.006,1825,0.0,0.0
2647768,4.69,2.416,8.133,-0.072,0.002,0.003,1828,0.0,0.0
2647776,4.709,2.363,8.083,-0.075,0.0,0.009,1826,0.0,0.0
2647784,4.738,2.294,8.035,-0.077,0.003,0.011,1825,0.0,0.0
2647793,4.762,2.263,8.004,-0.08,0.009,0.011,1825,0.0,0.0
2647801,4.76,2.212,8.064,-0.079,0.013,0.008,1824,0.0,0.0
2647809,4.784,2.162,8.119,-0.073,0.014,0.001,1825,0.0,0.0
2647817,4.788,2.176,8.155,-0.064,0.014,-0.009,1825,0.0,0.0
2647825,4.776,2.188,8.155,-0.055,0.011,-0.017,1824,0.0,0.0
2647833,4.755,2.253,8.14,-0.05,0.01,-0.021,1825,0.0,0.0
2647841,4.757,2.286,8.15,-0.049,0.008,-0.022,1826,0.0,0.0
2647850,4.738,2.31,8.107,-0.047,0.01,-0.022,1825,0.0,0.0
2647858,4.733,2.38,8.078,-0.049,0.01,-0.018,1825,0.0,0.0
2647866,4.724,2.411,8.023,-0.056,0.011,-0.013,1826,0.0,0.0
2647874,4.729,2.418,8.045,-0.068,0.01,-0.007,1826,0.0,0.0
2647882,4.726,2.416,8.068,-0.076,0.01,-0.001,1826,0.0,0.0
2647890,4.762,2.37,8.059,-0.083,0.008,0.004,1827,0.0,0.0
2647898,4.762,2.337,8.102,-0.085,0.01,0.007,1826,0.0,0.0
2647906,4.748,2.263,8.119,-0.084,0.011,0.007,1825,0.0,0.0
2647915,4.752,2.215,8.092,-0.08,0.012,0.005,1826,0.0,0.0
2647923,4.772,2.167,8.114,-0.074,0.013,0.001,1824,0.0,0.0
2647931,4.779,2.184,8.109,-0.066,0.014,-0.006,1824,0.0,0.0
2647939,4.788,2.188,8.073,-0.06,0.018,-0.012,1824,0.0,0.0
2647947,4.76,2.2,8.078,-0.055,0.022,-0.015,1828,0.0,0.0
2647955,4.709,2.27,8.112,-0.055,0.022,-0.016,1823,0.0,0.0
2647963,4.69,2.337,8.162,-0.06,0.016,-0.014,1825,0.0,0.0
2647971,4.714,2.368,8.155,-0.066,0.013,-0.011,1825,0.0,0.0
2647979,4.731,2.389,8.143,-0.071,0.01,-0.006,1827,0.0,0.0
2647988,4.712,2.368,8.09,-0.074,0.009,-0.002,1827,0.0,0.0
2647996,4.733,2.332,8.107,-0.075,0.007,0.001,1827,0.0,0.0
2648004,4.762,2.291,8.054,-0.076,0.008,0.0,1826,0.0,0.0
2648012,4.784,2.267,8.056,-0.077,0.013,-0.002,1824,0.0,0.0
2648020,4.786,2.231,8.078,-0.074,0.018,-0.003,1825,0.0,0.0
2648028,4.776,2.231,8.08,-0.071,0.021,-0.006,1826,0.0,0.0
2648036,4.779,2.239,8.114,-0.069,0.023,-0.011,1824,0.0,0.0
2648045,4.764,2.253,8.121,-0.066,0.022,-0.014,1827,0.0,0.0
2648053,4.729,2.279,8.138,-0.062,0.02,-0.014,1827,0.0,0.0
2648061,4.693,2.313,8.121,-0.063,0.017,-0.012,1827,0.0,0.0
2648069,4.7,2.358,8.1,-0.068,0.01,-0.008,1826,0.0,0.0
2648077,4.767,2.365,8.071,-0.074,0.008,-0.005,1827,0.0,0.0
2648086,4.774,2.346,8.112,-0.078,0.009,-0.001,1826,0.0,0.0
2648094,4.764,2.327,8.102,-0.081,0.012,0.002,1826,0.0,0.0
2648102,4.755,2.33,8.078,-0.086,0.013,0.005,1827,0.0,0.0
2648110,4.741,2.31,8.08,-0.087,0.017,0.007,1825,0.0,0.0
2648118,4.748,2.267,8.095,-0.085,0.017,0.009,1827,0.0,0.0
2648126,4.745,2.251,8.097,-0.086,0.018,0.011,1826,0.0,0.0
2648134,4.762,2.205,8.107,-0.085,0.021,0.01,1824,0.0,0.0
2648142,4.752,2.167,8.126,-0.08,0.024,0.005,1826,0.0,0.0
2648151,4.748,2.157,8.135,-0.071,0.024,-0.003,1826,0.0,0.0
2648159,4.743,2.15,8.176,-0.063,0.024,-0.011,1825,0.0,0.0
2648167,4.764,2.186,8.203,-0.057,0.02,-0.017,1826,0.0,0.0
2648175,4.75,2.258,8.222,-0.056,0.015,-0.019,1826,0.0,0.0
2648183,4.717,2.318,8.207,-0.058,0.01,-0.017,1828,0.0,0.0
2648191,4.707,2.368,8.167,-0.059,0.006,-0.013,1829,0.0,0.0
2648199,4.693,2.373,8.104,-0.064,0.0,-0.007,1826,0.0,0.0
2648207,4.695,2.38,8.042,-0.072,-0.001,0.003,1825,0.0,0.0
2648215,4.693,2.361,8.023,-0.081,0.003,0.012,1825,0.0,0.0
2648224,4.712,2.31,8.035,-0.087,0.006,0.017,1827,0.0,0.0
2648232,4.767,2.255,8.042,-0.09,0.008,0.019,1826,0.0,0.0
2648239,4.784,2.205,8.08,-0.087,0.013,0.015,1826,0.0,0.0
2648247,4.791,2.172,8.181,-0.083,0.014,0.007,1827,0.0,0.0
2648255,4.774,2.145,8.188,-0.078,0.013,0.001,1827,0.0,0.0
2648263,4.745,2.162,8.198,-0.075,0.005,-0.006,1827,0.0,0.0
2648334,4.803,2.279,8.071,-0.061,0.002,-0.018,1827,0.0,0.0
2648341,4.817,2.308,8.071,-0.064,0.005,-0.013,1827,0.0,0.0
2648349,4.808,2.32,8.095,-0.067,0.01,-0.011,1828,0.0,0.0
2648357,4.767,2.303,8.068,-0.071,0.012,-0.009,1827,0.0,0.0
2649241,4.731,2.224,8.212,-0.072,0.014,-0.006,1823,0.0,0.0
2649249,4.719,2.217,8.138,-0.066,0.009,-0.009,1822,0.0,0.0
2649257,4.726,2.243,8.092,-0.062,0.007,-0.009,1823,0.0,0.0
2649265,4.745,2.277,8.08,-0.062,0.009,-0.01,1824,0.0,0.0
2649273,4.774,2.282,8.033,-0.063,0.013,-0.011,1823,0.0,0.0
2650248,4.693,2.394,8.152,-0.069,0.023,-0.013,1823,0.0,0.0
2652269,4.738,2.38,8.116,-0.057,0.02,-0.005,1825,0.0,0.0
2653276,4.757,2.454,8.013,-0.081,0.012,0.003,1824,0.0,0.0
2655297,4.647,2.543,8.112,-0.054,0.013,-0.008,1824,0.0,0.0
2656304,4.695,2.509,8.042,-0.059,0.019,-0.001,1829,0.0,0.0
2658325,4.946,2.404,7.896,-0.064,0.009,-0.01,1823,0.0,0.0
2659332,4.982,2.248,7.958,-0.074,0.002,0.0,1794,0.0,0.0
2661353,6.155,6.644,3.824,-0.061,-0.062,0.01,1809,0.0,0.0
2662360,6.579,6.639,3.361,-0.066,-0.062,0.073,1810,0.0,0.0
2664381,-0.184,11.545,-5.772,1.313,0.582,-0.896,1822,0.0,0.0
2664456,-0.953,12.878,-5.212,1.312,2.335,-0.099,1819,0.0,0.0
2664465,-1.58,12.912,-5.298,1.303,2.557,-0.045,1820,0.0,0.0
2664473,-1.99,12.905,-5.43,1.328,2.757,-0.001,1821,0.0,0.0
2664481,-2.444,13.091,-5.657,1.354,2.977,0.055,1821,0.0,0.0
2664489,-2.612,13.348,-5.787,1.347,3.22,0.122,1823,0.0,0.0
2664497,-2.296,13.53,-5.698,1.349,3.538,0.207,1823,0.0,0.0
2664505,-1.803,13.719,-5.485,1.394,3.923,0.323,1823,0.0,0.0
2664513,-1.607,13.946,-5.042,1.401,4.306,0.475,1824,0.0,0.0
2664522,-1.75,14.15,-4.187,1.354,4.789,0.691,1823,0.0,0.0
2664530,-2.093,14.224,-3.414,1.226,5.236,0.908,1824,0.0,0.0
2664538,-2.547,14.226,-2.756,1.024,5.647,1.139,1825,0.0,0.0
2664546,-3.201,13.927,-2.258,0.789,6.036,1.373,1831,0.0,0.0
2664554,-3.826,13.776,-1.82,0.635,6.36,1.597,1828,0.0,0.0
2664562,-4.295,13.506,-1.7,0.487,6.652,1.8,1833,0.0,0.0
2664570,-4.863,13.211,-1.458,0.394,6.941,1.988,1834,0.0,0.0
2664578,-4.932,12.931,-0.876,0.357,7.223,2.162,1834,0.0,0.0
2664586,-4.717,12.421,0.026,0.456,7.479,2.302,1834,0.0,0.0
2664595,-4.262,12.134,0.733,0.429,7.859,2.438,1839,0.0,0.0
2664603,-4.353,11.7,1.875,0.409,8.246,2.565,1842,0.0,0.0
2664611,-4.539,11.243,3.259,0.429,8.613,2.665,1844,0.0,0.0
2664619,-5.188,10.602,4.645,0.446,8.731,2.789,1846,0.0,0.0
2664627,-6.44,10.056,6.06,0.279,8.731,2.931,1851,0.0,0.0
2664635,-7.14,9.747,6.191,0.182,8.731,3.06,1851,0.0,0.0
2664644,-8.059,8.734,6.469,0.269,8.721,3.141,1855,0.0,0.0
2664652,-8.483,8.71,6.761,0.509,8.319,3.146,1854,0.0,0.0
2664660,-7.037,8.394,6.831,0.86,7.957,3.119,1855,0.0,0.0
2664668,-6.163,8.226,7.298,1.214,7.862,3.125,1855,0.0,0.0
2664676,-5.763,8.226,7.999,1.476,7.891,3.164,1854,0.0,0.0
2664684,-5.741,8.171,9.287,1.516,7.964,3.18,1855,0.0,0.0
2664692,-6.163,7.805,10.568,1.296,7.871,3.103,1856,0.0,0.0
2664700,-6.474,7.072,11.353,0.762,7.523,3.01,1852,0.0,0.0
2664709,-6.534,6.026,11.621,0.134,6.979,2.92,1854,0.0,0.0
2664717,-6.462,4.659,11.796,-0.33,6.182,2.782,1854,0.0,0.0
2664725,-5.978,3.642,11.605,-0.477,5.331,2.647,1852,0.0,0.0
2664733,-4.93,3.012,11.523,-0.19,4.499,2.488,1852,0.0,0.0
2664741,-3.838,2.88,11.981,0.225,3.96,2.321,1849,0.0,0.0
2664749,-3.017,2.787,12.541,0.545,3.675,2.138,1849,0.0,0.0
2664757,-2.569,2.89,13.221,0.706,3.533,1.969,1849,0.0,0.0
2664765,-2.31,3.019,13.834,0.624,3.343,1.81,1850,0.0,0.0
2664773,-2.073,2.741,13.992,0.328,3.141,1.665,1848,0.0,0.0
2664782,-1.925,2.258,13.807,-0.094,2.886,1.506,1848,0.0,0.0
2664790,-1.82,1.753,13.496,-0.331,2.582,1.358,1847,0.0,0.0
2664798,-1.539,1.252,12.89,-0.245,2.232,1.198,1846,0.0,0.0
2664806,-1.111,1.128,12.536,0.125,1.878,1.026,1846,0.0,0.0
2664815,-0.575,1.563,12.313,0.584,1.571,0.859,1846,0.0,0.0
2664823,-0.098,2.325,12.038,0.962,1.323,0.678,1844,0.0,0.0
2664831,0.17,3.012,11.997,1.092,1.158,0.533,1843,0.0,0.0
2664839,0.359,3.548,11.878,0.992,1.004,0.412,1845,0.0,0.0
2664847,0.503,3.893,11.638,0.71,0.859,0.312,1846,0.0,0.0
2664855,0.508,4.037,11.356,0.391,0.729,0.227,1843,0.0,0.0
2664863,0.548,4.108,11.037,0.18,0.567,0.157,1846,0.0,0.0
2664871,0.67,4.104,10.669,0.134,0.375,0.097,1841,0.0,0.0
2664879,0.881,4.219,10.118,0.205,0.177,0.038,1842,0.0,0.0
2664887,1.183,4.482,9.61,0.302,0.003,-0.023,1842,0.0,0.0
2664896,1.484,4.714,9.182,0.362,-0.131,-0.079,1841,0.0,0.0
2664904,1.741,5.018,8.777,0.371,-0.215,-0.134,1839,0.0,0.0
2664912,1.982,5.325,8.466,0.306,-0.267,-0.186,1840,0.0,0.0
2664920,2.138,5.569,8.238,0.215,-0.282,-0.222,1840,0.0,0.0
2664928,2.361,5.751,7.992,0.118,-0.276,-0.249,1840,0.0,0.0
2664936,2.588,5.916,7.75,0.038,-0.27,-0.269,1838,0.0,0.0
2664944,2.818,6.029,7.465,0.001,-0.263,-0.286,1837,0.0,0.0
2664952,2.976,6.127,7.19,0.015,-0.258,-0.298,1835,0.0,0.0
2664961,3.079,6.251,6.905,0.06,-0.26,-0.307,1835,0.0,0.0
2664969,3.112,6.46,6.608,0.108,-0.267,-0.312,1835,0.0,0.0
2664977,3.072,6.74,6.342,0.13,-0.279,-0.312,1833,0.0,0.0
2664985,3.072,7.005,6.194,0.124,-0.289,-0.306,1831,0.0,0.0
2664993,3.132,7.305,6.055,0.084,-0.282,-0.296,1833,0.0,0.0
2665001,3.189,7.513,5.962,0.006,-0.264,-0.285,1832,0.0,0.0
2665009,3.306,7.64,5.883,-0.096,-0.243,-0.273,1834,0.0,0.0
2665018,3.428,7.63,5.885,-0.195,-0.212,-0.264,1831,0.0,0.0
2665026,3.522,7.482,5.878,-0.276,-0.188,-0.251,1834,0.0,0.0
2665034,3.622,7.274,5.921,-0.317,-0.179,-0.237,1830,0.0,0.0
2665042,3.68,7.163,5.99,-0.3,-0.187,-0.226,1831,0.0,0.0
2665050,3.733,7.08,5.962,-0.226,-0.212,-0.211,1831,0.0,0.0
2665058,3.716,7.111,5.808,-0.131,-0.228,-0.192,1831,0.0,0.0
2665066,3.685,7.209,5.631,-0.027,-0.241,-0.167,1828,0.0,0.0
2665074,3.73,7.389,5.442,0.056,-0.251,-0.138,1832,0.0,0.0
2665083,3.833,7.501,5.411,0.11,-0.241,-0.114,1829,0.0,0.0
2665091,3.9,7.609,5.38,0.12,-0.207,-0.09,1831,0.0,0.0
2665099,3.989,7.647,5.346,0.071,-0.172,-0.063,1832,0.0,0.0
2665107,4.082,7.659,5.361,-0.015,-0.139,-0.044,1831,0.0,0.0
2665115,4.118,7.544,5.406,-0.121,-0.105,-0.036,1830,0.0,0.0
2665123,4.125,7.386,5.466,-0.192,-0.096,-0.037,1829,0.0,0.0
2665131,4.101,7.24,5.514,-0.212,-0.107,-0.042,1828,0.0,0.0
2665139,4.008,7.14,5.562,-0.173,-0.133,-0.047,1833,0.0,0.0
2665147,3.859,7.072,5.533,-0.117,-0.169,-0.046,1833,0.0,0.0
2665156,3.711,7.099,5.44,-0.08,-0.209,-0.037,1830,0.0,0.0
2665164,3.603,7.099,5.365,-0.067,-0.247,-0.023,1832,0.0,0.0
2665172,3.522,7.151,5.358,-0.05,-0.279,-0.008,1831,0.0,0.0
2665180,3.503,7.214,5.325,-0.027,-0.303,0.008,1829,0.0,0.0
2665188,3.558,7.254,5.306,-0.014,-0.307,0.029,1833,0.0,0.0
2665196,3.608,7.226,5.282,-0.021,-0.289,0.048,1829,0.0,0.0
2665204,3.656,7.132,5.284,-0.041,-0.268,0.063,1829,0.0,0.0
2665212,3.689,7.051,5.274,-0.065,-0.248,0.077,1832,0.0,0.0
2665220,3.713,6.938,5.332,-0.068,-0.227,0.083,1830,0.0,0.0
2665229,3.749,6.931,5.246,-0.053,-0.201,0.088,1831,0.0,0.0
2665237,3.694,6.948,5.176,-0.031,-0.172,0.09,1830,0.0,0.0
2665245,3.654,6.955,5.136,-0.007,-0.149,0.083,1830,0.0,0.0
2665253,3.589,6.967,5.114,-0.005,-0.131,0.07,1830,0.0,0.0
2665261,3.553,6.974,5.188,-0.033,-0.117,0.058,1833,0.0,0.0
2665269,3.519,6.998,5.255,-0.072,-0.107,0.047,1831,0.0,0.0
2665277,3.505,7.001,5.272,-0.115,-0.103,0.038,1829,0.0,0.0
2665286,3.508,7.005,5.306,-0.167,-0.11,0.035,1830,0.0,0.0
2665294,3.555,6.986,5.282,-0.221,-0.114,0.037,1830,0.0,0.0
2665302,3.615,6.907,5.265,-0.265,-0.111,0.041,1831,0.0,0.0
2665310,3.654,6.756,5.272,-0.284,-0.099,0.044,1831,0.0,0.0
2665318,3.677,6.558,5.277,-0.263,-0.077,0.046,1832,0.0,0.0
2665326,3.68,6.443,5.332,-0.208,-0.059,0.041,1830,0.0,0.0
2665334,3.718,6.436,5.339,-0.135,-0.039,0.026,1831,0.0,0.0
2665342,3.721,6.476,5.315,-0.071,-0.015,0.003,1830,0.0,0.0
2665351,3.737,6.574,5.318,-0.025,0.009,-0.021,1831,0.0,0.0
2665359,3.78,6.661,5.322,-0.012,0.026,-0.039,1830,0.0,0.0
2665367,3.797,6.73,5.329,-0.019,0.039,-0.048,1831,0.0,0.0
2665375,3.757,6.807,5.341,-0.041,0.043,-0.048,1830,0.0,0.0
2665383,3.716,6.869,5.399,-0.066,0.03,-0.045,1829,0.0,0.0
2665391,3.721,6.905,5.416,-0.089,0.008,-0.039,1830,0.0,0.0
2665399,3.74,6.948,5.447,-0.104,-0.007,-0.034,1829,0.0,0.0
2665407,3.742,6.946,5.447,-0.103,-0.009,-0.029,1831,0.0,0.0
2665416,3.723,6.941,5.456,-0.095,-0.007,-0.024,1831,0.0,0.0
2665424,3.725,6.948,5.478,-0.091,0.002,-0.019,1832,0.0,0.0
2665432,3.749,6.902,5.483,-0.095,0.017,-0.015,1829,0.0,0.0
2665440,3.735,6.838,5.492,-0.098,0.03,-0.011,1832,0.0,0.0
2665448,3.721,6.73,5.54,-0.084,0.028,-0.007,1829,0.0,0.0
2665456,3.754,6.665,5.581,-0.043,0.016,-0.005,1830,0.0,0.0
2665464,3.757,6.67,5.507,0.006,0.001,-0.007,1831,0.0,0.0
2665473,3.706,6.682,5.447,0.043,-0.019,-0.014,1831,0.0,0.0
2665481,3.685,6.732,5.406,0.056,-0.037,-0.02,1830,0.0,0.0
2665489,3.697,6.809,5.339,0.043,-0.042,-0.027,1827,0.0,0.0
2665497,3.668,6.893,5.318,0.013,-0.036,-0.03,1828,0.0,0.0
2665505,3.68,6.898,5.301,-0.031,-0.025,-0.029,1829,0.0,0.0
2665513,3.74,6.871,5.296,-0.071,-0.011,-0.023,1830,0.0,0.0
2665521,3.783,6.816,5.313,-0.091,0.007,-0.015,1827,0.0,0.0
2665529,3.788,6.752,5.329,-0.089,0.025,-0.012,1829,0.0,0.0
2665537,3.778,6.668,5.349,-0.068,0.035,-0.014,1826,0.0,0.0
2665546,3.721,6.606,5.38,-0.039,0.039,-0.018,1828,0.0,0.0
2665554,3.685,6.596,5.373,0.001,0.036,-0.023,1829,0.0,0.0
2665562,3.658,6.644,5.37,0.033,0.029,-0.027,1827,0.0,0.0
2665570,3.663,6.716,5.399,0.041,0.019,-0.031,1824,0.0,0.0
2665578,3.728,6.797,5.38,0.017,0.014,-0.04,1827,0.0,0.0
2665586,3.783,6.812,5.365,-0.016,0.011,-0.047,1827,0.0,0.0
2665595,3.819,6.847,5.409,-0.049,0.012,-0.051,1826,0.0,0.0
2665603,3.843,6.833,5.392,-0.075,0.017,-0.057,1825,0.0,0.0
2665611,3.867,6.833,5.392,-0.087,0.024,-0.064,1826,0.0,0.0
2665619,3.85,6.823,5.43,-0.084,0.033,-0.068,1827,0.0,0.0
2665627,3.809,6.821,5.435,-0.067,0.042,-0.073,1827,0.0,0.0
2665635,3.773,6.843,5.447,-0.043,0.053,-0.075,1827,0.0,0.0
2665643,3.728,6.905,5.473,-0.018,0.064,-0.074,1825,0.0,0.0
2665651,3.682,6.977,5.49,0.001,0.073,-0.07,1826,0.0,0.0
2665659,3.632,7.063,5.567,0.017,0.074,-0.059,1826,0.0,0.0
2665667,3.649,7.135,5.593,0.018,0.066,-0.049,1825,0.0,0.0
2665676,3.644,7.192,5.595,0.008,0.056,-0.043,1824,0.0,0.0
2665684,3.622,7.209,5.581,-0.014,0.043,-0.041,1822,0.0,0.0
2665692,3.622,7.204,5.617,-0.039,0.024,-0.038,1827,0.0,0.0
2665700,3.646,7.154,5.679,-0.057,0.002,-0.034,1827,0.0,0.0
2665708,3.654,7.123,5.626,-0.068,-0.013,-0.031,1828,0.0,0.0
2665716,3.637,7.12,5.55,-0.075,-0.021,-0.029,1825,0.0,0.0
2665724,3.661,7.068,5.545,-0.072,-0.023,-0.028,1825,0.0,0.0
2665732,3.651,7.051,5.495,-0.06,-0.017,-0.022,1826,0.0,0.0
2665740,3.692,7.037,5.49,-0.045,-0.003,-0.012,1827,0.0,0.0
2665749,3.723,7.049,5.504,-0.032,0.011,-0.002,1826,0.0,0.0
2665757,3.752,7.072,5.509,-0.021,0.024,0.006,1828,0.0,0.0
2665765,3.74,7.046,5.476,-0.015,0.03,0.011,1826,0.0,0.0
2665773,3.701,7.017,5.454,-0.01,0.029,0.012,1825,0.0,0.0
2665781,3.649,6.981,5.447,-0.005,0.019,0.013,1825,0.0,0.0
2665789,3.63,6.981,5.42,-0.003,0.003,0.012,1825,0.0,0.0
2665797,3.634,6.972,5.392,-0.007,-0.012,0.01,1826,0.0,0.0
2665806,3.666,6.953,5.377,-0.018,-0.022,0.009,1826,0.0,0.0
2665814,3.689,6.934,5.341,-0.033,-0.024,0.008,1824,0.0,0.0
2665822,3.723,6.886,5.339,-0.049,-0.021,0.008,1823,0.0,0.0
2665830,3.757,6.879,5.337,-0.059,-0.011,0.004,1823,0.0,0.0
2665838,3.754,6.867,5.349,-0.054,-0.003,-0.001,1824,0.0,0.0
2665846,3.761,6.838,5.329,-0.039,0.004,-0.005,1824,0.0,0.0
2665854,3.749,6.85,5.339,-0.018,0.009,-0.009,1823,0.0,0.0
2665862,3.721,6.867,5.337,0.003,0.014,-0.011,1824,0.0,0.0
2665870,3.697,6.929,5.31,0.021,0.019,-0.013,1823,0.0,0.0
2665878,3.625,6.946,5.325,0.029,0.024,-0.017,1823,0.0,0.0
2665886,3.613,6.984,5.265,0.025,0.028,-0.017,1823,0.0,0.0
2665895,3.594,7.02,5.25,0.019,0.029,-0.013,1824,0.0,0.0
2665903,3.567,7.106,5.284,0.01,0.029,-0.009,1827,0.0,0.0
2665911,3.57,7.135,5.296,-0.009,0.025,-0.006,1825,0.0,0.0
2665919,3.577,7.101,5.31,-0.036,0.022,-0.002,1825,0.0,0.0
2665927,3.598,7.07,5.329,-0.054,0.017,0.002,1826,0.0,0.0
2665935,3.627,7.041,5.339,-0.058,0.013,0.004,1823,0.0,0.0
2665944,3.608,7.013,5.337,-0.055,0.015,0.003,1824,0.0,0.0
2665952,3.596,6.993,5.31,-0.046,0.017,-0.001,1825,0.0,0.0
2665960,3.606,6.993,5.303,-0.034,0.018,-0.003,1824,0.0,0.0
2665968,3.591,7.022,5.31,-0.022,0.023,-0.005,1826,0.0,0.0
2665976,3.577,7.058,5.31,-0.008,0.026,-0.009,1825,0.0,0.0
2665984,3.548,7.132,5.284,0.004,0.026,-0.013,1824,0.0,0.0
2665992,3.522,7.132,5.329,0.013,0.021,-0.011,1825,0.0,0.0
2666000,3.539,7.187,5.375,0.017,0.011,-0.003,1824,0.0,0.0
2666009,3.541,7.23,5.411,0.013,-0.001,0.006,1825,0.0,0.0
2666017,3.522,7.25,5.394,-0.001,-0.012,0.013,1824,0.0,0.0
2666025,3.486,7.245,5.389,-0.014,-0.023,0.02,1823,0.0,0.0
2666033,3.496,7.264,5.397,-0.02,-0.034,0.025,1824,0.0,0.0
2666041,3.457,7.242,5.404,-0.018,-0.045,0.029,1824,0.0,0.0
2666049,3.498,7.242,5.406,-0.015,-0.058,0.034,1823,0.0,0.0
2666058,3.548,7.197,5.37,-0.009,-0.071,0.04,1823,0.0,0.0
2666066,3.627,7.147,5.368,0.001,-0.082,0.046,1826,0.0,0.0
2666074,3.713,7.08,5.351,0.017,-0.086,0.051,1822,0.0,0.0
2666082,3.778,7.07,5.322,0.044,-0.086,0.054,1824,0.0,0.0
2666090,3.816,7.096,5.248,0.076,-0.083,0.058,1821,0.0,0.0
2666098,3.838,7.147,5.171,0.099,-0.08,0.06,1822,0.0,0.0
2666106,3.826,7.187,5.126,0.096,-0.07,0.061,1822,0.0,0.0
2666115,3.824,7.202,5.119,0.071,-0.061,0.061,1821,0.0,0.0
2666123,3.855,7.178,5.16,0.033,-0.048,0.058,1823,0.0,0.0
2666131,3.869,7.144,5.191,0.004,-0.036,0.055,1821,0.0,0.0
2666139,3.883,7.116,5.241,-0.018,-0.023,0.052,1820,0.0,0.0
2666147,3.91,7.08,5.277,-0.034,-0.014,0.05,1821,0.0,0.0
2666156,3.907,7.096,5.279,-0.041,-0.007,0.048,1821,0.0,0.0
2666164,3.922,7.082,5.265,-0.038,-0.005,0.046,1821,0.0,0.0
2666172,3.929,7.046,5.277,-0.03,-0.003,0.047,1821,0.0,0.0
2666180,3.922,7.01,5.248,-0.021,-0.005,0.047,1821,0.0,0.0
2666188,3.931,6.996,5.243,-0.013,-0.004,0.047,1820,0.0,0.0
2666196,3.917,6.981,5.222,-0.014,-0.002,0.044,1821,0.0,0.0
2666204,3.917,6.953,5.241,-0.015,0.006,0.04,1822,0.0,0.0
2666212,3.919,6.938,5.219,-0.013,0.014,0.038,1821,0.0,0.0
2666220,3.924,6.926,5.227,-0.013,0.021,0.037,1819,0.0,0.0
2666228,3.912,6.946,5.284,-0.016,0.024,0.038,1820,0.0,0.0
2666236,3.91,6.96,5.313,-0.027,0.023,0.037,1821,0.0,0.0
2666244,3.907,6.97,5.325,-0.04,0.022,0.033,1823,0.0,0.0
2666252,3.881,6.941,5.334,-0.052,0.015,0.032,1822,0.0,0.0
2666261,3.871,6.919,5.318,-0.062,0.004,0.03,1821,0.0,0.0
2666269,3.85,6.876,5.337,-0.071,-0.002,0.028,1823,0.0,0.0
2666277,3.862,6.852,5.294,-0.078,-0.002,0.026,1821,0.0,0.0
2666285,3.833,6.862,5.239,-0.078,0.003,0.021,1820,0.0,0.0
2666293,3.831,6.876,5.215,-0.071,0.012,0.017,1821,0.0,0.0
2666301,3.814,6.879,5.229,-0.064,0.022,0.013,1824,0.0,0.0
2666309,3.826,6.895,5.236,-0.066,0.03,0.009,1819,0.0,0.0
2666317,3.828,6.895,5.27,-0.072,0.032,0.005,1821,0.0,0.0
2666325,3.783,6.891,5.289,-0.081,0.029,0.0,1821,0.0,0.0
2666333,3.788,6.867,5.284,-0.09,0.022,-0.008,1819,0.0,0.0
2666341,3.761,6.845,5.294,-0.094,0.011,-0.014,1822,0.0,0.0
2666350,3.73,6.85,5.243,-0.091,0.0,-0.019,1823,0.0,0.0
2666358,3.713,6.864,5.243,-0.086,-0.011,-0.023,1818,0.0,0.0
2666366,3.716,6.886,5.227,-0.083,-0.021,-0.027,1824,0.0,0.0
2666374,3.709,6.914,5.188,-0.079,-0.024,-0.03,1822,0.0,0.0
2666382,3.716,6.955,5.191,-0.072,-0.023,-0.031,1820,0.0,0.0
2666390,3.73,7.003,5.15,-0.072,-0.02,-0.034,1822,0.0,0.0
2666398,3.752,7.008,5.198,-0.08,-0.013,-0.039,1820,0.0,0.0
2666406,3.764,7.017,5.229,-0.086,-0.009,-0.041,1822,0.0,0.0
2666415,3.761,7.034,5.243,-0.084,-0.007,-0.042,1821,0.0,0.0
2666423,3.766,7.044,5.246,-0.072,-0.009,-0.04,1824,0.0,0.0
2666431,3.764,7.089,5.241,-0.054,-0.017,-0.038,1820,0.0,0.0
2666439,3.759,7.154,5.21,-0.037,-0.025,-0.035,1819,0.0,0.0
2666447,3.737,7.216,5.183,-0.034,-0.03,-0.03,1821,0.0,0.0
2666455,3.718,7.25,5.148,-0.038,-0.034,-0.024,1824,0.0,0.0
2666464,3.692,7.25,5.109,-0.047,-0.037,-0.018,1824,0.0,0.0
2666472,3.697,7.242,5.102,-0.064,-0.036,-0.013,1822,0.0,0.0
2666480,3.721,7.247,5.133,-0.082,-0.033,-0.008,1821,0.0,0.0
2666488,3.78,7.24,5.155,-0.092,-0.027,-0.006,1822,0.0,0.0
2666496,3.838,7.195,5.116,-0.094,-0.02,-0.005,1822,0.0,0.0
2666504,3.859,7.149,5.136,-0.091,-0.016,-0.002,1820,0.0,0.0
2666512,3.888,7.113,5.116,-0.083,-0.012,0.001,1823,0.0,0.0
2666520,3.879,7.118,5.09,-0.071,-0.014,0.004,1821,0.0,0.0
2666529,3.857,7.108,5.059,-0.059,-0.018,0.006,1823,0.0,0.0
2666537,3.824,7.075,5.023,-0.051,-0.024,0.007,1820,0.0,0.0
2666545,3.792,7.077,5.042,-0.039,-0.029,0.008,1822,0.0,0.0
2666553,3.809,7.111,5.025,-0.027,-0.034,0.01,1821,0.0,0.0
2666561,3.828,7.12,5.009,-0.026,-0.035,0.012,1821,0.0,0.0
2666569,3.836,7.099,5.033,-0.031,-0.035,0.014,1822,0.0,0.0
2666577,3.883,7.077,5.047,-0.035,-0.03,0.016,1824,0.0,0.0
2666585,3.919,7.058,5.076,-0.04,-0.022,0.017,1824,0.0,0.0
2666594,3.924,7.008,5.092,-0.047,-0.017,0.016,1822,0.0,0.0
2666602,3.898,6.989,5.092,-0.051,-0.015,0.012,1823,0.0,0.0
2666610,3.886,7.001,5.1,-0.045,-0.018,0.007,1822,0.0,0.0
2666618,3.836,6.993,5.09,-0.035,-0.03,0.004,1823,0.0,0.0
2666626,3.814,7.015,5.071,-0.027,-0.04,0.005,1822,0.0,0.0
2666634,3.792,7.041,5.073,-0.026,-0.045,0.006,1823,0.0,0.0
2666642,3.809,7.039,5.061,-0.028,-0.047,0.006,1825,0.0,0.0
2666650,3.883,7.044,5.045,-0.029,-0.048,0.006,1822,0.0,0.0
2666658,3.895,7.058,5.03,-0.027,-0.041,0.005,1823,0.0,0.0
2666667,3.907,7.051,5.052,-0.023,-0.03,0.005,1821,0.0,0.0
2666675,3.931,7.015,5.095,-0.015,-0.022,0.005,1823,0.0,0.0
2666683,3.919,7.051,5.114,-0.006,-0.013,0.007,1824,0.0,0.0
2666691,3.905,7.118,5.102,-0.003,-0.007,0.007,1823,0.0,0.0
2666699,3.891,7.154,5.126,-0.006,0.001,0.006,1823,0.0,0.0
2666707,3.852,7.173,5.131,-0.015,0.006,0.005,1823,0.0,0.0
2666716,3.845,7.161,5.176,-0.029,0.012,0.006,1824,0.0,0.0
2666724,3.852,7.156,5.217,-0.046,0.015,0.01,1825,0.0,0.0
2666732,3.833,7.128,5.219,-0.063,0.015,0.012,1824,0.0,0.0
2666740,3.828,7.106,5.241,-0.075,0.016,0.011,1823,0.0,0.0
2666748,3.847,7.049,5.241,-0.08,0.017,0.011,1822,0.0,0.0
2666756,3.855,7.001,5.236,-0.074,0.017,0.01,1825,0.0,0.0
2666764,3.862,6.96,5.248,-0.067,0.016,0.007,1820,0.0,0.0
2666772,3.867,6.974,5.26,-0.058,0.014,0.006,1826,0.0,0.0
2666780,3.883,7.003,5.258,-0.048,0.011,0.005,1823,0.0,0.0
2666789,3.898,7.029,5.296,-0.04,0.008,0.004,1824,0.0,0.0
2666797,3.881,7.053,5.284,-0.037,0.006,0.004,1823,0.0,0.0
2666805,3.864,7.063,5.241,-0.041,0.002,0.005,1823,0.0,0.0
2666813,3.85,7.065,5.298,-0.051,-0.002,0.006,1823,0.0,0.0
2666821,3.838,7.032,5.282,-0.068,-0.009,0.006,1822,0.0,0.0
2666829,3.852,6.989,5.255,-0.08,-0.014,0.006,1823,0.0,0.0
2666837,3.91,6.941,5.229,-0.087,-0.018,0.004,1825,0.0,0.0
2666845,3.938,6.917,5.224,-0.086,-0.02,0.0,1824,0.0,0.0
2666854,3.967,6.934,5.181,-0.078,-0.018,-0.007,1824,0.0,0.0
2666862,3.991,6.95,5.16,-0.068,-0.015,-0.014,1823,0.0,0.0
2666870,3.977,6.993,5.155,-0.059,-0.012,-0.018,1823,0.0,0.0
2666878,3.946,7.072,5.169,-0.052,-0.01,-0.019,1821,0.0,0.0
2666886,3.907,7.125,5.148,-0.055,-0.01,-0.016,1822,0.0,0.0
2666894,3.895,7.147,5.128,-0.07,-0.017,-0.011,1824,0.0,0.0
2666902,3.886,7.149,5.102,-0.084,-0.022,-0.008,1824,0.0,0.0
2666911,3.9,7.101,5.078,-0.09,-0.024,-0.007,1824,0.0,0.0
2666919,3.926,7.068,5.095,-0.092,-0.025,-0.007,1824,0.0,0.0
2666927,3.936,7.039,5.076,-0.087,-0.027,-0.008,1824,0.0,0.0
2666935,3.95,7.058,5.071,-0.079,-0.025,-0.008,1824,0.0,0.0
2666943,3.931,7.111,5.052,-0.071,-0.019,-0.011,1825,0.0,0.0
2666951,3.924,7.147,5.037,-0.065,-0.013,-0.009,1823,0.0,0.0
2666959,3.905,7.171,5.064,-0.063,-0.007,-0.006,1823,0.0,0.0
2666967,3.9,7.161,5.097,-0.062,-0.004,-0.001,1823,0.0,0.0
2666975,3.912,7.149,5.083,-0.066,-0.001,0.003,1823,0.0,0.0
2666984,3.931,7.101,5.069,-0.072,-0.0,0.003,1824,0.0,0.0
2666992,3.929,7.068,5.078,-0.074,-0.001,0.003,1822,0.0,0.0
2667000,3.924,7.053,5.071,-0.067,-0.002,0.002,1824,0.0,0.0
2667008,3.9,7.068,5.104,-0.059,-0.002,-0.001,1822,0.0,0.0
2667016,3.9,7.063,5.112,-0.059,-0.002,-0.003,1823,0.0,0.0
2667024,3.874,7.053,5.083,-0.062,-0.007,-0.003,1824,0.0,0.0
2667032,3.874,7.053,5.107,-0.064,-0.013,0.0,1823,0.0,0.0
2667041,3.874,7.013,5.116,-0.067,-0.018,0.004,1824,0.0,0.0
2667049,3.915,6.998,5.092,-0.07,-0.019,0.004,1824,0.0,0.0
2667057,3.938,6.962,5.071,-0.069,-0.019,0.002,1822,0.0,0.0
2667065,3.96,6.955,5.054,-0.06,-0.018,0.001,1826,0.0,0.0
2667073,3.982,6.984,5.066,-0.052,-0.015,-0.002,1823,0.0,0.0
2667081,3.953,6.991,5.061,-0.051,-0.008,-0.006,1823,0.0,0.0
2667089,3.934,6.986,5.04,-0.062,-0.001,-0.01,1825,0.0,0.0
2667097,3.888,6.996,5.057,-0.071,0.006,-0.01,1822,0.0,0.0
2667105,3.867,6.998,5.08,-0.073,0.007,-0.012,1823,0.0,0.0
2667114,3.852,6.996,5.054,-0.069,0.005,-0.015,1824,0.0,0.0
2667122,3.869,6.989,5.071,-0.06,-0.005,-0.017,1822,0.0,0.0
2667130,3.905,6.977,5.078,-0.046,-0.014,-0.016,1823,0.0,0.0
2667138,3.905,7.001,5.071,-0.034,-0.019,-0.016,1822,0.0,0.0
2667146,3.919,7.063,5.085,-0.035,-0.018,-0.016,1823,0.0,0.0
2667154,3.919,7.101,5.092,-0.046,-0.017,-0.018,1822,0.0,0.0
2667162,3.898,7.075,5.085,-0.061,-0.016,-0.021,1823,0.0,0.0
2667170,3.881,7.041,5.078,-0.069,-0.016,-0.021,1823,0.0,0.0
2667178,3.9,7.027,5.049,-0.067,-0.017,-0.019,1824,0.0,0.0
2667187,3.946,7.02,5.03,-0.063,-0.017,-0.021,1823,0.0,0.0
2667195,3.979,7.015,4.97,-0.055,-0.011,-0.025,1822,0.0,0.0
2667203,4.015,7.015,4.951,-0.043,-0.002,-0.025,1825,0.0,0.0
2667211,4.034,7.053,4.934,-0.03,0.009,-0.024,1821,0.0,0.0
2667219,4.015,7.13,4.978,-0.022,0.018,-0.024,1823,0.0,0.0
2667228,3.991,7.171,4.98,-0.03,0.022,-0.024,1822,0.0,0.0
2667236,3.962,7.178,5.033,-0.046,0.02,-0.021,1822,0.0,0.0
2667244,3.962,7.18,5.052,-0.063,0.017,-0.017,1822,0.0,0.0
2667252,3.96,7.173,5.042,-0.078,0.013,-0.012,1822,0.0,0.0
2667260,3.953,7.118,5.061,-0.087,0.01,-0.009,1823,0.0,0.0
2667268,3.958,7.061,5.069,-0.082,0.012,-0.006,1822,0.0,0.0
2667276,3.977,7.037,5.066,-0.065,0.012,-0.004,1822,0.0,0.0
2667284,4.008,7.07,5.045,-0.041,0.014,-0.005,1821,0.0,0.0
2667292,4.029,7.111,5.088,-0.027,0.016,-0.007,1821,0.0,0.0
2667301,4.01,7.161,5.097,-0.025,0.017,-0.007,1824,0.0,0.0
2667309,3.982,7.197,5.083,-0.033,0.015,-0.005,1822,0.0,0.0
2667317,3.982,7.202,5.121,-0.044,0.013,0.0,1823,0.0,0.0
2667325,3.967,7.221,5.131,-0.056,0.009,0.004,1822,0.0,0.0
2667333,3.931,7.216,5.095,-0.066,0.006,0.006,1824,0.0,0.0
2667341,3.929,7.168,5.126,-0.072,0.002,0.008,1824,0.0,0.0
2667349,3.941,7.128,5.148,-0.07,-0.001,0.01,1823,0.0,0.0
2667357,3.962,7.142,5.157,-0.066,-0.0,0.013,1822,0.0,0.0
2667366,3.96,7.137,5.143,-0.064,-0.001,0.013,1823,0.0,0.0
2667374,3.96,7.089,5.162,-0.062,-0.006,0.012,1821,0.0,0.0
2667382,3.972,7.058,5.16,-0.058,-0.01,0.012,1824,0.0,0.0
2667390,3.97,7.037,5.152,-0.05,-0.016,0.011,1824,0.0,0.0
2667398,3.946,7.051,5.083,-0.042,-0.022,0.011,1824,0.0,0.0
2667406,3.962,7.046,5.052,-0.037,-0.026,0.01,1822,0.0,0.0
2667414,3.97,7.029,5.018,-0.033,-0.027,0.012,1826,0.0,0.0
2667422,3.943,7.049,4.985,-0.034,-0.023,0.011,1825,0.0,0.0
2667430,3.972,7.07,4.997,-0.039,-0.019,0.009,1822,0.0,0.0
2667439,3.958,7.092,5.018,-0.046,-0.015,0.007,1825,0.0,0.0
2667447,3.95,7.092,5.013,-0.05,-0.012,0.006,1825,0.0,0.0
2667455,3.955,7.092,4.999,-0.051,-0.009,0.006,1823,0.0,0.0
2667463,3.953,7.08,5.025,-0.055,-0.006,0.007,1823,0.0,0.0
2667471,3.943,7.087,5.016,-0.057,-0.0,0.011,1823,0.0,0.0
2667479,3.941,7.046,5.018,-0.058,0.002,0.013,1822,0.0,0.0
2667487,3.931,7.015,5.004,-0.055,0.002,0.013,1823,0.0,0.0
2667495,3.938,7.003,5.001,-0.05,0.001,0.011,1820,0.0,0.0
2667504,3.953,7.008,5.023,-0.047,-0.001,0.008,1821,0.0,0.0
2667512,3.977,6.989,5.047,-0.048,-0.004,0.005,1823,0.0,0.0
2667520,3.984,6.998,5.04,-0.049,-0.009,0.001,1822,0.0,0.0
2667528,4.001,6.981,5.028,-0.05,-0.012,-0.001,1823,0.0,0.0
2667536,4.015,7.003,5.023,-0.048,-0.015,-0.001,1822,0.0,0.0
2667544,4.044,7.027,5.03,-0.038,-0.016,0.001,1823,0.0,0.0
2667552,4.061,7.063,5.006,-0.027,-0.015,0.001,1823,0.0,0.0
2667560,4.065,7.077,5.006,-0.025,-0.012,0.001,1823,0.0,0.0
2667569,4.034,7.089,5.001,-0.03,-0.007,-0.001,1823,0.0,0.0
2667577,4.034,7.087,4.999,-0.038,-0.006,-0.0,1823,0.0,0.0
2667585,4.025,7.092,5.004,-0.044,-0.006,-0.001,1821,0.0,0.0
2667593,4.01,7.111,5.009,-0.047,-0.007,-0.0,1823,0.0,0.0
2667601,4.022,7.125,5.021,-0.046,-0.008,0.001,1823,0.0,0.0
2667609,4.039,7.14,4.975,-0.043,-0.009,0.003,1822,0.0,0.0
2667618,4.068,7.161,4.944,-0.044,-0.007,0.005,1820,0.0,0.0
2667626,4.096,7.144,4.973,-0.048,-0.002,0.005,1820,0.0,0.0
2667634,4.099,7.113,4.939,-0.053,0.0,0.006,1822,0.0,0.0
2667642,4.087,7.096,4.954,-0.056,0.004,0.006,1822,0.0,0.0
