4388514,8.844,0.079,4.762,-0.088,-0.000,0.000,1761,0,0
4388534,8.768,0.115,4.772,-0.089,0.003,0.010,1760,0,0
4388554,8.693,0.108,4.762,-0.068,-0.015,0.018,1760,0,0
4388575,8.686,0.189,4.736,-0.067,-0.024,0.015,1761,0,0
4388594,8.633,0.192,4.738,-0.077,-0.019,0.007,1761,0,0
4388614,8.624,0.249,4.707,-0.043,-0.030,0.004,1762,0,0
4388634,8.669,0.247,4.650,-0.050,-0.025,0.006,1761,0,0
4388654,8.669,0.196,4.575,-0.042,-0.012,0.013,1761,0,0
4388674,8.660,0.136,4.635,-0.046,0.002,0.011,1760,0,0
4388694,8.758,0.060,4.669,-0.061,-0.006,0.001,1760,0,0
4388714,8.801,0.036,4.654,-0.053,-0.005,-0.016,1760,0,0
4388734,8.823,0.045,4.635,-0.051,0.015,-0.026,1760,0,0
4388754,8.854,0.062,4.688,-0.041,0.025,-0.033,1761,0,0
4388774,8.842,0.084,4.800,-0.050,0.031,-0.036,1759,0,0
4388794,8.839,0.165,4.839,-0.056,0.021,-0.021,1762,0,0
4388814,8.856,0.108,4.841,-0.084,0.010,0.002,1760,0,0
4388834,8.926,-0.012,4.836,-0.096,0.001,0.015,1760,0,0
4388854,8.918,-0.062,4.781,-0.089,0.001,0.013,1760,0,0
4388875,8.784,-0.041,4.681,-0.076,-0.009,0.010,1760,0,0
4388894,8.748,0.019,4.597,-0.075,-0.024,0.011,1760,0,0
4388914,8.736,0.057,4.506,-0.100,-0.025,0.008,1761,0,0
4388934,8.696,0.115,4.477,-0.099,-0.001,-0.009,1759,0,0
4388954,8.698,0.220,4.599,-0.054,0.024,-0.026,1760,0,0
4388974,8.629,0.397,4.623,0.008,0.037,-0.014,1760,0,0
4388994,8.607,0.417,4.630,-0.056,0.025,0.023,1760,0,0
4389014,8.722,0.204,4.697,-0.091,0.015,0.039,1760,0,0
4389034,8.770,0.019,4.721,-0.075,0.019,0.022,1760,0,0
4389054,8.787,-0.002,4.685,0.003,0.016,-0.002,1760,0,0
4389074,8.806,0.038,4.638,-0.025,0.018,-0.016,1761,0,0
4389094,8.796,0.026,4.741,-0.054,0.022,-0.027,1760,0,0
4389114,8.763,0.057,4.841,-0.043,0.010,-0.031,1761,0,0
4389134,8.830,0.091,4.834,-0.032,0.009,-0.023,1760,0,0
4389154,8.882,0.041,4.834,-0.075,0.022,-0.014,1759,0,0
4389174,8.849,-0.055,4.731,-0.072,0.026,-0.009,1761,0,0
4389194,8.815,-0.034,4.695,-0.063,0.020,0.004,1759,0,0
4389214,8.837,-0.045,4.745,-0.108,0.017,0.014,1760,0,0
4389234,8.806,-0.057,4.786,-0.118,0.016,0.010,1759,0,0
4389254,8.703,0.010,4.729,-0.069,0.002,-0.009,1760,0,0
4389274,8.645,0.187,4.695,-0.049,0.007,-0.027,1761,0,0
4389294,8.576,0.323,4.721,-0.063,-0.001,-0.025,1761,0,0
4389314,8.655,0.350,4.623,-0.063,-0.013,-0.010,1761,0,0
4389334,8.701,0.254,4.525,-0.063,0.007,0.003,1760,0,0
4389354,8.691,0.180,4.515,-0.059,0.033,-0.002,1759,0,0
4389374,8.701,0.096,4.554,-0.038,0.039,-0.003,1759,0,0
4389394,8.777,0.093,4.590,-0.023,0.035,0.001,1759,0,0
4389414,8.839,0.067,4.750,-0.072,0.057,-0.007,1760,0,0
4389434,8.808,0.065,4.970,-0.079,0.050,-0.017,1760,0,0
4389454,8.861,0.077,4.937,-0.038,0.018,-0.020,1760,0,0
4389474,8.918,0.012,4.855,-0.033,0.000,-0.022,1760,0,0
4389494,8.945,-0.038,4.875,-0.072,0.012,-0.032,1760,0,0
4389514,8.861,0.045,4.875,-0.052,-0.003,-0.031,1760,0,0
4389534,8.820,0.158,4.815,-0.059,-0.020,-0.006,1758,0,0
4389554,8.765,0.093,4.693,-0.094,-0.027,0.018,1760,0,0
4389574,8.758,0.050,4.645,-0.087,-0.016,0.018,1759,0,0
4389594,8.722,0.122,4.724,-0.076,-0.002,0.003,1760,0,0
4389614,8.674,0.235,4.705,-0.044,0.005,0.002,1762,0,0
4389634,8.578,0.268,4.635,-0.042,0.001,0.011,1759,0,0
4389654,8.660,0.235,4.573,-0.047,-0.001,0.019,1760,0,0
4389674,8.667,0.177,4.602,-0.063,0.018,0.029,1759,0,0
4389694,8.669,0.086,4.666,-0.060,0.023,0.032,1760,0,0
4389714,8.744,0.014,4.714,-0.065,0.022,0.022,1759,0,0
4389734,8.744,0.026,4.870,-0.047,0.038,-0.003,1759,0,0
4389754,8.674,0.120,4.958,-0.027,0.007,-0.013,1760,0,0
4389774,8.794,0.148,4.889,-0.029,-0.027,-0.001,1760,0,0
4389794,8.859,0.024,4.815,-0.066,-0.018,-0.007,1758,0,0
4389814,8.880,-0.053,4.741,-0.051,-0.017,-0.019,1760,0,0
4389834,8.935,-0.022,4.654,-0.043,-0.006,-0.016,1758,0,0
4389854,8.854,-0.069,4.800,-0.083,0.024,-0.017,1759,0,0
4389874,8.710,-0.043,4.846,-0.051,0.011,-0.010,1758,0,0
4389894,8.681,0.122,4.669,-0.041,-0.012,0.010,1758,0,0
4389914,8.741,0.072,4.592,-0.147,-0.030,0.023,1756,0,0
4389934,8.739,-0.048,4.551,-0.140,-0.018,0.007,1758,0,0
4389954,8.633,0.053,4.508,-0.031,-0.003,-0.022,1756,0,0
4389974,8.595,0.309,4.415,-0.007,0.011,-0.032,1759,0,0
4389994,8.576,0.362,4.468,-0.046,0.031,-0.014,1757,0,0
4390014,8.622,0.302,4.621,-0.060,0.047,0.006,1757,0,0
4390034,8.655,0.153,4.726,-0.059,0.058,0.019,1758,0,0
4390054,8.792,-0.024,4.700,-0.033,0.050,0.023,1758,0,0
4390074,8.859,-0.199,4.666,-0.028,0.064,0.006,1757,0,0
4390094,8.835,-0.184,4.760,-0.008,0.073,-0.032,1757,0,0
4390114,8.792,-0.024,4.918,-0.043,0.050,-0.047,1757,0,0
4390134,8.892,0.048,5.009,-0.086,0.019,-0.039,1758,0,0
4390154,8.918,0.024,4.968,-0.086,0.007,-0.045,1759,0,0
4390174,8.926,0.105,4.834,-0.027,0.003,-0.059,1758,0,0
4390194,8.844,0.201,4.659,-0.030,0.008,-0.047,1758,0,0
4390214,8.859,0.196,4.719,-0.092,0.009,-0.017,1757,0,0
4390234,8.835,0.081,4.829,-0.112,0.024,-0.002,1757,0,0
4390254,8.729,0.089,4.918,-0.060,0.006,0.006,1758,0,0
4390274,8.691,0.093,4.808,-0.064,-0.023,0.016,1757,0,0
4390294,8.689,0.043,4.650,-0.076,-0.031,0.011,1758,0,0
4390314,8.674,0.031,4.458,-0.067,-0.016,-0.009,1757,0,0
4390334,8.622,0.165,4.525,-0.046,0.020,-0.025,1757,0,0
4390354,8.511,0.323,4.729,-0.052,0.040,-0.025,1757,0,0
4390374,8.516,0.342,4.762,-0.033,0.014,-0.019,1759,0,0
4390394,8.677,0.249,4.604,-0.011,0.010,-0.010,1759,0,0
4390414,8.729,0.192,4.554,-0.021,0.034,-0.011,1758,0,0
4390435,8.782,0.160,4.611,-0.043,0.047,-0.016,1758,0,0
4390454,8.794,0.122,4.772,-0.045,0.054,-0.022,1758,0,0
4390474,8.820,0.055,4.889,-0.035,0.038,-0.033,1759,0,0
4390494,8.964,-0.014,4.915,-0.018,0.021,-0.041,1758,0,0
4390514,8.993,0.043,4.920,-0.035,0.028,-0.051,1759,0,0
4390534,8.914,0.110,4.930,-0.046,0.024,-0.052,1759,0,0
4390554,8.904,0.160,4.934,-0.019,0.005,-0.048,1758,0,0
4390574,8.887,0.201,4.906,-0.023,-0.009,-0.039,1759,0,0
4390594,8.775,0.204,4.788,-0.032,-0.032,-0.019,1759,0,0
4390614,8.763,0.172,4.621,-0.076,-0.047,-0.004,1759,0,0
4390634,8.727,0.232,4.527,-0.086,-0.026,-0.006,1759,0,0
4390654,8.598,0.251,4.549,-0.090,-0.012,-0.007,1759,0,0
4390674,8.571,0.249,4.470,-0.063,-0.012,-0.003,1758,0,0
4390694,8.655,0.280,4.441,-0.051,0.013,-0.007,1759,0,0
4390715,8.619,0.426,4.618,-0.030,0.059,-0.011,1760,0,0
4390734,8.562,0.496,4.776,-0.051,0.051,0.017,1759,0,0
4390754,8.655,0.328,4.752,-0.076,0.026,0.040,1760,0,0
4390774,8.782,0.105,4.719,-0.058,0.030,0.022,1759,0,0
4390794,8.777,0.031,4.678,-0.031,0.038,-0.009,1758,0,0
4390814,8.777,0.072,4.776,-0.036,0.029,-0.016,1759,0,0
4390834,8.803,0.005,4.903,-0.076,0.026,-0.021,1759,0,0
4390854,8.823,0.007,4.932,-0.045,0.015,-0.042,1759,0,0
4390875,8.863,0.096,4.867,-0.034,0.016,-0.046,1758,0,0
4390894,8.882,0.151,4.824,-0.059,0.033,-0.029,1759,0,0
4390915,8.825,0.127,4.894,-0.088,0.030,-0.007,1760,0,0
4390934,8.772,0.084,4.903,-0.106,0.010,0.004,1760,0,0
4390954,8.760,0.086,4.805,-0.114,-0.015,0.014,1759,0,0
4390974,8.765,0.067,4.786,-0.121,-0.012,0.004,1759,0,0
4390994,8.650,0.139,4.798,-0.083,-0.011,-0.014,1759,0,0
4391014,8.595,0.330,4.695,-0.028,-0.016,-0.016,1759,0,0
4391034,8.562,0.417,4.666,-0.079,-0.013,-0.005,1759,0,0
4391054,8.583,0.345,4.604,-0.115,-0.006,0.012,1758,0,0
4391074,8.624,0.251,4.611,-0.067,0.012,0.007,1759,0,0
4391094,8.667,0.251,4.618,-0.024,0.026,-0.007,1759,0,0
4391114,8.712,0.247,4.647,-0.030,0.031,-0.002,1758,0,0
4391134,8.803,0.196,4.779,-0.067,0.026,0.006,1759,0,0
4391154,8.871,0.050,4.858,-0.083,0.017,0.002,1759,0,0
4391174,8.830,0.036,4.896,-0.035,0.004,-0.012,1758,0,0
4391194,8.885,0.091,4.882,-0.040,-0.007,-0.017,1759,0,0
4391215,8.906,0.117,4.889,-0.056,-0.009,-0.021,1759,0,0
4391234,8.847,0.129,4.896,-0.082,-0.013,-0.021,1759,0,0
4391254,8.837,0.105,4.822,-0.095,-0.030,-0.007,1758,0,0
4391274,8.839,0.084,4.774,-0.088,-0.037,0.009,1759,0,0
4391294,8.753,0.081,4.676,-0.081,-0.031,0.014,1759,0,0
4391314,8.662,0.081,4.623,-0.115,-0.041,0.010,1759,0,0
4391334,8.722,0.098,4.489,-0.095,-0.042,-0.006,1758,0,0
4391354,8.667,0.215,4.532,-0.071,-0.006,-0.020,1760,0,0
4391375,8.559,0.345,4.606,-0.063,0.012,-0.023,1760,0,0
4391394,8.578,0.395,4.606,-0.059,0.009,-0.015,1759,0,0
4391414,8.626,0.285,4.554,-0.083,0.010,-0.002,1759,0,0
4391435,8.724,0.160,4.520,-0.054,0.026,-0.001,1760,0,0
4391454,8.768,0.127,4.496,-0.046,0.039,-0.005,1758,0,0
4391474,8.796,0.108,4.609,-0.065,0.030,-0.019,1758,0,0
4391494,8.880,0.062,4.695,-0.076,0.031,-0.029,1758,0,0
4391514,8.906,0.074,4.834,-0.033,0.037,-0.042,1758,0,0
4391534,8.871,0.208,4.903,-0.027,0.033,-0.051,1759,0,0
4391554,8.873,0.273,4.932,-0.051,0.016,-0.041,1759,0,0
4391574,8.882,0.165,4.896,-0.088,-0.002,-0.018,1759,0,0
4391594,8.911,0.055,4.829,-0.082,-0.003,-0.003,1759,0,0
4391614,8.861,-0.029,4.731,-0.082,-0.001,-0.001,1759,0,0
4391634,8.763,-0.017,4.664,-0.082,-0.014,-0.002,1760,0,0
4391654,8.724,0.057,4.559,-0.103,-0.022,-0.008,1758,0,0
4391674,8.701,0.136,4.554,-0.103,-0.011,-0.024,1758,0,0
4391694,8.638,0.259,4.568,-0.078,-0.004,-0.030,1758,0,0
4391714,8.633,0.438,4.647,-0.047,0.018,-0.030,1759,0,0
4391734,8.538,0.479,4.693,-0.073,0.025,-0.021,1759,0,0
4391754,8.552,0.460,4.633,-0.064,-0.002,-0.007,1759,0,0
4391774,8.734,0.275,4.453,-0.091,0.002,0.007,1759,0,0
4391794,8.818,0.122,4.513,-0.074,0.047,0.000,1759,0,0
4391814,8.794,0.124,4.700,-0.036,0.064,-0.016,1760,0,0
4391834,8.803,0.184,4.831,-0.033,0.042,-0.020,1760,0,0
4391854,8.847,0.189,4.858,-0.067,0.021,-0.022,1759,0,0
4391874,8.938,0.069,4.810,-0.079,0.015,-0.028,1759,0,0
4391894,8.954,0.065,4.855,-0.034,0.029,-0.050,1759,0,0
4391914,8.849,0.192,4.879,-0.005,0.023,-0.051,1758,0,0
4391934,8.811,0.371,4.870,-0.030,-0.017,-0.016,1759,0,0
4391954,8.844,0.304,4.827,-0.114,-0.026,0.019,1760,0,0
4391974,8.815,0.165,4.772,-0.106,-0.029,0.031,1759,0,0
4391995,8.748,0.103,4.606,-0.057,-0.035,0.023,1758,0,0
4392014,8.691,0.089,4.515,-0.047,-0.029,0.006,1759,0,0
4392034,8.667,0.160,4.432,-0.048,-0.015,-0.013,1759,0,0
4392054,8.665,0.328,4.499,-0.031,0.002,-0.020,1759,0,0
4392074,8.633,0.419,4.590,-0.067,0.022,-0.005,1759,0,0
4392094,8.612,0.321,4.602,-0.056,0.022,0.007,1759,0,0
4392114,8.677,0.225,4.556,-0.050,0.027,0.005,1759,0,0
4392134,8.758,0.182,4.599,-0.067,0.036,-0.009,1759,0,0
4392155,8.763,0.170,4.760,-0.044,0.040,-0.015,1758,0,0
4392174,8.815,0.218,4.836,-0.021,0.031,-0.016,1760,0,0
4392194,8.839,0.263,4.846,-0.035,0.027,-0.013,1759,0,0
4392214,8.856,0.218,4.903,-0.089,0.021,-0.011,1759,0,0
4392234,8.866,0.074,4.896,-0.080,0.006,-0.017,1759,0,0
4392254,8.940,0.041,4.798,-0.019,0.007,-0.025,1758,0,0
4392274,8.909,0.096,4.827,-0.053,0.022,-0.020,1758,0,0
4392294,8.830,0.129,4.824,-0.088,0.010,0.004,1759,0,0
4392314,8.789,0.091,4.772,-0.121,-0.020,0.022,1759,0,0
4392334,8.770,0.038,4.767,-0.121,-0.035,0.013,1758,0,0
4392354,8.703,0.103,4.630,-0.075,-0.033,-0.013,1759,0,0
4392374,8.598,0.285,4.566,-0.039,-0.023,-0.025,1758,0,0
4392394,8.531,0.453,4.571,-0.074,-0.013,-0.008,1762,0,0
4392414,8.519,0.366,4.525,-0.107,-0.020,0.002,1759,0,0
4392434,8.624,0.247,4.398,-0.065,0.005,-0.010,1759,0,0
4392454,8.648,0.220,4.501,-0.034,0.051,-0.022,1758,0,0
4392474,8.619,0.302,4.652,-0.022,0.059,-0.013,1759,0,0
4392495,8.672,0.235,4.803,-0.090,0.037,0.002,1758,0,0
4392514,8.863,0.043,4.781,-0.115,0.021,-0.002,1759,0,0
4392534,8.914,-0.103,4.774,-0.063,0.032,-0.034,1759,0,0
4392554,8.945,-0.014,4.839,-0.010,0.025,-0.065,1759,0,0
4392574,8.938,0.146,4.879,-0.051,0.006,-0.069,1759,0,0
4392594,8.950,0.184,4.860,-0.104,-0.006,-0.055,1758,0,0
4392614,8.916,0.172,4.805,-0.095,-0.014,-0.041,1759,0,0
4392634,8.890,0.206,4.724,-0.067,-0.019,-0.024,1759,0,0
4392654,8.832,0.172,4.640,-0.103,-0.020,-0.009,1758,0,0
4392675,8.808,0.177,4.609,-0.091,-0.018,-0.007,1758,0,0
4392694,8.741,0.237,4.650,-0.094,-0.023,-0.009,1759,0,0
4392714,8.689,0.254,4.678,-0.086,-0.025,-0.009,1759,0,0
4392734,8.655,0.326,4.741,-0.089,-0.028,-0.012,1759,0,0
4392754,8.624,0.201,4.738,-0.094,-0.041,-0.022,1759,0,0
4392774,8.614,0.175,4.606,-0.062,-0.056,-0.042,1759,0,0
4392794,8.684,0.223,4.446,-0.034,-0.052,-0.062,1758,0,0
4392814,8.720,0.311,4.367,-0.044,-0.015,-0.056,1759,0,0
4392835,8.751,0.357,4.456,-0.072,0.006,-0.039,1758,0,0
4392854,8.748,0.223,4.621,-0.112,0.025,-0.036,1758,0,0
4392875,8.691,0.160,4.590,-0.069,0.026,-0.058,1758,0,0
4392894,8.887,0.261,4.487,-0.025,0.025,-0.065,1758,0,0
4392914,9.081,0.283,4.527,-0.068,0.055,-0.051,1758,0,0
4392934,8.976,0.225,4.776,-0.155,0.078,-0.052,1759,0,0
4392954,8.890,0.187,4.884,-0.123,0.056,-0.056,1759,0,0
4392974,8.952,0.268,4.673,-0.037,0.020,-0.043,1759,0,0
4392994,9.026,0.390,4.470,-0.109,0.029,-0.027,1759,0,0
4393014,8.957,0.271,4.583,-0.202,0.058,-0.013,1758,0,0
4393034,8.897,0.261,4.748,-0.134,0.063,-0.016,1759,0,0
4393054,8.820,0.321,4.851,-0.106,0.054,-0.025,1758,0,0
4393074,8.724,0.328,4.839,-0.120,0.042,-0.038,1758,0,0
4393094,8.691,0.268,4.762,-0.109,0.023,-0.051,1759,0,0
4393114,8.739,0.321,4.805,-0.083,0.050,-0.046,1757,0,0
4393134,8.765,0.326,5.037,-0.127,0.073,-0.029,1757,0,0
4393154,8.674,0.189,5.186,-0.176,0.072,-0.024,1758,0,0
4393175,8.519,0.108,5.365,-0.183,0.037,-0.040,1758,0,0
4393194,8.662,0.017,5.310,-0.157,-0.011,-0.051,1760,0,0
4393214,8.837,-0.022,5.239,-0.165,-0.004,-0.056,1758,0,0
4393234,8.768,-0.122,5.291,-0.257,-0.000,-0.049,1758,0,0
4393254,8.734,-0.328,5.282,-0.308,-0.027,-0.040,1758,0,0
4393274,8.715,-0.505,5.124,-0.306,-0.054,-0.066,1759,0,0
4393294,8.693,-0.453,5.009,-0.317,-0.059,-0.094,1758,0,0
4393314,8.631,-0.318,4.781,-0.330,-0.067,-0.094,1758,0,0
4393334,8.607,-0.165,4.551,-0.333,-0.078,-0.100,1758,0,0
4393354,8.600,-0.074,4.250,-0.371,-0.074,-0.109,1757,0,0
4393374,8.588,0.036,4.041,-0.377,-0.037,-0.110,1758,0,0
4393394,8.576,0.098,4.015,-0.352,-0.019,-0.120,1757,0,0
4393414,8.569,0.273,3.998,-0.304,-0.006,-0.143,1757,0,0
4393434,8.602,0.505,4.015,-0.287,0.015,-0.155,1757,0,0
4393454,8.636,0.630,4.094,-0.249,0.015,-0.150,1755,0,0
4393474,8.760,0.761,4.183,-0.159,0.025,-0.152,1756,0,0
4393494,8.758,0.905,4.269,-0.130,0.048,-0.135,1756,0,0
4393514,8.746,0.905,4.293,-0.095,0.037,-0.093,1757,0,0
4393534,8.918,0.773,4.111,-0.046,0.034,-0.049,1756,0,0
4393554,9.041,0.622,4.073,-0.036,0.050,-0.033,1756,0,0
4393574,9.127,0.570,4.190,-0.015,0.081,-0.019,1756,0,0
4393594,9.134,0.536,4.477,0.016,0.104,-0.005,1757,0,0
4393614,9.079,0.527,4.810,0.048,0.095,0.010,1757,0,0
4393634,9.026,0.414,5.078,0.076,0.051,0.025,1758,0,0
4393654,8.988,0.251,5.239,0.048,-0.001,0.033,1757,0,0
4393674,8.928,0.132,5.370,0.046,-0.038,0.030,1758,0,0
4393694,8.780,0.048,5.399,0.067,-0.080,0.028,1758,0,0
4393714,8.665,-0.057,5.193,0.046,-0.123,0.031,1758,0,0
4393734,8.557,-0.223,4.834,-0.021,-0.141,0.028,1758,0,0
4393754,8.641,-0.347,4.451,-0.023,-0.130,0.015,1758,0,0
4393774,8.724,-0.299,4.262,-0.009,-0.067,0.000,1758,0,0
4393794,8.511,-0.165,4.312,-0.072,0.002,-0.024,1758,0,0
4393814,8.380,0.019,4.331,-0.077,0.017,-0.040,1758,0,0
4393834,8.509,0.225,4.164,-0.055,0.020,-0.028,1757,0,0
4393854,8.703,0.306,4.113,-0.104,0.057,-0.033,1758,0,0
4393874,8.722,0.397,4.257,-0.099,0.094,-0.054,1757,0,0
4393895,8.724,0.567,4.334,-0.005,0.108,-0.068,1755,0,0
4393914,8.780,0.721,4.348,0.006,0.086,-0.060,1757,0,0
4393934,9.045,0.702,4.262,0.012,0.063,-0.057,1757,0,0
4393954,9.148,0.749,4.357,0.031,0.087,-0.054,1757,0,0
4393974,9.017,0.816,4.616,0.067,0.094,-0.049,1757,0,0
4393994,9.064,0.869,4.673,0.125,0.057,-0.023,1756,0,0
4394014,9.091,0.874,4.695,0.163,0.033,0.005,1757,0,0
4394034,9.024,0.804,4.884,0.106,0.028,0.035,1757,0,0
4394054,8.928,0.606,5.133,0.101,0.005,0.058,1758,0,0
4394074,8.837,0.457,5.171,0.157,-0.030,0.059,1758,0,0
4394094,8.832,0.467,5.035,0.188,-0.047,0.060,1758,0,0
4394114,8.701,0.383,4.985,0.112,-0.038,0.083,1757,0,0
4394135,8.650,0.117,4.973,0.020,-0.038,0.093,1757,0,0
4394154,8.715,-0.120,5.016,0.011,0.002,0.068,1758,0,0
4394174,8.674,-0.132,5.104,0.050,0.041,0.036,1757,0,0
4394194,8.657,-0.019,5.255,0.024,0.049,0.035,1757,0,0
4394214,8.614,0.007,5.224,-0.102,0.029,0.060,1757,0,0
4394234,8.672,-0.206,5.205,-0.202,0.006,0.049,1757,0,0
4394254,8.784,-0.184,5.138,-0.175,0.009,0.015,1757,0,0
4394274,8.636,0.017,5.033,-0.116,0.010,-0.014,1756,0,0
4394294,8.610,0.232,4.707,-0.132,-0.018,-0.014,1758,0,0
4394314,8.696,0.318,4.360,-0.208,-0.018,0.000,1756,0,0
4394334,8.796,0.326,4.252,-0.249,0.023,0.001,1757,0,0
4394354,8.782,0.285,4.233,-0.187,0.055,-0.016,1757,0,0
4394374,8.712,0.419,4.386,-0.122,0.055,-0.038,1757,0,0
4394394,8.758,0.563,4.427,-0.127,0.044,-0.050,1756,0,0
4394414,8.780,0.670,4.527,-0.098,0.036,-0.046,1757,0,0
4394434,8.756,0.675,4.726,-0.120,0.029,-0.027,1756,0,0
4394454,8.717,0.591,4.867,-0.095,0.029,-0.009,1758,0,0
4394474,8.638,0.472,4.843,-0.079,0.014,-0.001,1758,0,0
4394494,8.703,0.373,4.784,-0.064,0.009,-0.002,1758,0,0
4394514,8.825,0.208,4.822,-0.094,0.018,0.003,1758,0,0
4394534,8.799,0.132,5.011,-0.096,0.029,0.003,1758,0,0
4394554,8.801,0.017,5.112,-0.116,0.010,0.002,1756,0,0
4394574,8.890,-0.050,5.059,-0.115,-0.017,-0.008,1758,0,0
4394594,8.971,-0.134,5.021,-0.181,-0.026,-0.019,1758,0,0
4394614,8.938,-0.194,5.176,-0.187,-0.028,-0.034,1759,0,0
4394634,8.861,-0.022,5.174,-0.151,-0.049,-0.051,1758,0,0
4394654,8.765,0.153,5.025,-0.167,-0.087,-0.046,1758,0,0
4394674,8.748,0.165,4.673,-0.198,-0.125,-0.032,1758,0,0
4394694,8.815,0.120,4.283,-0.189,-0.120,-0.027,1758,0,0
4394714,8.787,0.177,4.173,-0.166,-0.078,-0.025,1757,0,0
4394734,8.705,0.251,4.211,-0.151,-0.053,-0.006,1758,0,0
4394754,8.717,0.280,4.173,-0.164,-0.045,0.015,1757,0,0
4394774,8.720,0.256,4.259,-0.184,-0.011,0.024,1758,0,0
4394794,8.669,0.230,4.422,-0.154,0.009,0.016,1758,0,0
4394815,8.638,0.275,4.408,-0.091,-0.005,0.012,1755,0,0
4394834,8.672,0.287,4.207,-0.098,-0.017,0.018,1757,0,0
4394854,8.784,0.175,4.164,-0.126,0.002,0.021,1758,0,0
4394874,8.830,0.101,4.286,-0.090,0.021,-0.004,1756,0,0
4394894,8.748,0.156,4.331,-0.088,0.018,-0.028,1756,0,0
4394914,8.775,0.199,4.319,-0.073,0.013,-0.045,1756,0,0
4394934,8.820,0.280,4.271,-0.030,0.015,-0.060,1758,0,0
4394954,8.899,0.417,4.247,-0.038,0.026,-0.063,1758,0,0
4394974,8.854,0.419,4.274,-0.056,0.048,-0.063,1757,0,0
4394994,8.880,0.472,4.259,-0.015,0.050,-0.058,1757,0,0
4395014,8.933,0.627,4.223,0.018,0.064,-0.036,1756,0,0
4395034,8.961,0.589,4.214,0.001,0.066,-0.011,1756,0,0
4395054,9.031,0.560,4.252,0.022,0.066,-0.003,1757,0,0
4395074,8.993,0.627,4.477,0.056,0.088,-0.009,1755,0,0
4395094,8.878,0.757,4.635,0.114,0.082,-0.000,1757,0,0
4395114,8.880,0.910,4.726,0.161,0.063,0.027,1757,0,0
4395134,8.856,0.876,4.889,0.113,0.061,0.067,1756,0,0
4395154,8.882,0.658,5.016,0.108,0.042,0.092,1757,0,0
4395174,8.923,0.479,5.071,0.142,0.033,0.104,1757,0,0
4395194,8.844,0.316,5.138,0.126,0.029,0.113,1757,0,0
4395214,8.837,0.091,5.090,0.102,0.017,0.123,1758,0,0
4395234,8.830,-0.084,5.104,0.085,0.021,0.120,1758,0,0
4395254,8.803,-0.134,5.222,0.050,0.040,0.103,1758,0,0
4395274,8.691,-0.151,5.294,0.018,0.029,0.095,1758,0,0
4395294,8.617,-0.230,5.239,0.007,-0.003,0.081,1757,0,0
4395314,8.655,-0.232,4.944,-0.009,-0.029,0.077,1757,0,0
4395334,8.684,-0.299,4.594,-0.059,-0.023,0.076,1757,0,0
4395354,8.739,-0.333,4.408,-0.103,0.010,0.061,1757,0,0
4395374,8.677,-0.266,4.379,-0.103,0.054,0.030,1756,0,0
4395394,8.559,-0.017,4.513,-0.092,0.072,0.004,1755,0,0
4395414,8.523,0.170,4.654,-0.087,0.056,-0.002,1755,0,0
4395434,8.562,0.223,4.683,-0.105,0.041,-0.003,1757,0,0
4395454,8.595,0.318,4.652,-0.073,0.043,-0.013,1756,0,0
4395474,8.571,0.433,4.616,-0.040,0.049,-0.013,1756,0,0
4395494,8.581,0.421,4.628,-0.054,0.042,0.012,1756,0,0
4395514,8.693,0.218,4.633,-0.087,0.039,0.021,1755,0,0
4395534,8.789,0.041,4.642,-0.063,0.049,0.004,1756,0,0
4395554,8.787,0.043,4.678,-0.031,0.045,-0.012,1756,0,0
4395574,8.887,0.012,4.654,-0.039,0.037,-0.023,1757,0,0
4395594,8.938,0.012,4.729,-0.035,0.062,-0.033,1756,0,0
4395614,8.887,0.034,4.839,-0.056,0.064,-0.040,1755,0,0
4395634,8.890,0.038,4.987,-0.051,0.034,-0.026,1757,0,0
4395654,8.918,0.060,4.973,-0.059,0.001,-0.020,1756,0,0
4395674,8.971,0.065,4.922,-0.074,-0.005,-0.023,1756,0,0
4395694,8.902,0.079,4.798,-0.066,-0.002,-0.021,1756,0,0
4395714,8.792,0.160,4.784,-0.067,-0.014,-0.014,1755,0,0
4395734,8.758,0.199,4.733,-0.078,-0.022,-0.004,1756,0,0
4395754,8.712,0.227,4.678,-0.061,-0.026,-0.000,1756,0,0
4395774,8.722,0.225,4.530,-0.051,-0.025,0.007,1756,0,0
4395794,8.669,0.239,4.506,-0.059,0.003,0.011,1755,0,0
4395814,8.619,0.215,4.482,-0.083,0.011,0.019,1757,0,0
4395834,8.638,0.153,4.556,-0.072,0.032,0.013,1755,0,0
4395854,8.598,0.199,4.678,-0.041,0.056,-0.001,1756,0,0
4395874,8.586,0.275,4.772,-0.047,0.051,0.002,1756,0,0
4395894,8.691,0.156,4.726,-0.071,0.039,0.019,1756,0,0
4395914,8.710,0.017,4.736,-0.069,0.037,0.006,1755,0,0
4395934,8.758,0.043,4.865,-0.055,0.037,-0.022,1755,0,0
4395954,8.765,0.139,4.903,-0.040,0.030,-0.035,1758,0,0
4395974,8.758,0.144,4.911,-0.059,0.017,-0.036,1756,0,0
4395994,8.775,0.134,4.903,-0.071,0.006,-0.045,1756,0,0
4396015,8.823,0.139,4.894,-0.055,0.003,-0.044,1754,0,0
4396034,8.823,0.175,4.815,-0.059,0.008,-0.028,1757,0,0
4396054,8.753,0.081,4.846,-0.078,0.008,-0.023,1756,0,0
4396074,8.760,0.060,4.702,-0.055,-0.014,-0.024,1757,0,0
4396094,8.784,0.103,4.638,-0.090,-0.003,-0.025,1755,0,0
4396114,8.770,0.182,4.681,-0.108,0.019,-0.022,1756,0,0
4396134,8.631,0.285,4.822,-0.066,0.018,-0.024,1757,0,0
4396154,8.636,0.338,4.709,-0.052,-0.011,-0.023,1756,0,0
4396174,8.724,0.371,4.501,-0.047,-0.005,-0.017,1756,0,0
4396194,8.758,0.421,4.539,-0.065,0.035,-0.004,1756,0,0
4396214,8.669,0.373,4.724,-0.071,0.058,0.016,1756,0,0
4396234,8.684,0.321,4.824,-0.054,0.050,0.026,1758,0,0
4396254,8.780,0.244,4.863,-0.060,0.026,0.024,1756,0,0
4396274,8.839,0.129,4.918,-0.070,0.022,0.013,1756,0,0
4396294,8.811,0.041,4.973,-0.045,0.008,-0.003,1756,0,0
4396314,8.837,0.007,4.863,-0.042,-0.006,-0.006,1756,0,0
4396334,8.835,-0.024,4.788,-0.060,-0.005,-0.023,1756,0,0
4396354,8.784,-0.036,4.774,-0.069,-0.013,-0.049,1755,0,0
4396374,8.794,0.206,4.784,-0.049,-0.010,-0.050,1754,0,0
4396394,8.768,0.314,4.812,-0.077,-0.005,-0.024,1756,0,0
4396414,8.748,0.316,4.822,-0.077,0.001,0.003,1755,0,0
4396434,8.693,0.273,4.741,-0.081,-0.022,0.015,1755,0,0
4396454,8.741,0.148,4.518,-0.082,-0.032,0.016,1755,0,0
4396474,8.782,0.144,4.413,-0.054,-0.008,0.007,1755,0,0
4396494,8.698,0.254,4.515,-0.049,0.033,0.001,1755,0,0
4396514,8.586,0.357,4.659,-0.065,0.046,0.013,1755,0,0
4396534,8.578,0.309,4.662,-0.076,0.033,0.020,1755,0,0
4396554,8.660,0.297,4.657,-0.046,0.030,0.015,1756,0,0
4396574,8.758,0.290,4.657,-0.024,0.050,0.019,1756,0,0
4396594,8.739,0.299,4.848,-0.034,0.065,0.020,1755,0,0
4396614,8.727,0.280,4.894,-0.041,0.039,0.023,1755,0,0
4396634,8.820,0.218,4.772,-0.029,0.014,0.021,1755,0,0
4396654,8.820,0.141,4.810,-0.032,0.025,0.009,1755,0,0
4396674,8.803,0.189,4.858,0.002,0.021,-0.003,1756,0,0
4396694,8.799,0.201,4.853,-0.008,0.012,0.002,1755,0,0
4396714,8.832,0.136,4.858,-0.034,0.007,0.004,1755,0,0
4396734,8.856,0.144,4.875,-0.020,0.013,0.007,1755,0,0
4396754,8.827,0.134,4.879,-0.036,0.013,0.019,1754,0,0
4396774,8.729,0.139,4.875,-0.035,-0.003,0.032,1756,0,0
4396794,8.751,0.072,4.831,-0.050,-0.026,0.039,1756,0,0
4396814,8.744,0.062,4.707,-0.058,-0.021,0.040,1756,0,0
4396834,8.677,0.122,4.712,-0.039,-0.006,0.027,1755,0,0
4396854,8.583,0.230,4.729,-0.027,-0.001,0.021,1755,0,0
4396874,8.562,0.297,4.752,-0.038,-0.009,0.025,1756,0,0
4396894,8.607,0.254,4.599,-0.046,-0.000,0.027,1757,0,0
4396914,8.650,0.182,4.573,-0.043,0.023,0.032,1756,0,0
4396934,8.689,0.146,4.642,-0.055,0.039,0.032,1755,0,0
4396954,8.703,0.093,4.697,-0.051,0.047,0.029,1756,0,0
4396974,8.715,0.086,4.863,-0.032,0.047,0.018,1757,0,0
4396994,8.741,0.182,4.937,-0.026,0.030,0.012,1756,0,0
4397014,8.763,0.172,4.946,-0.039,0.011,0.010,1758,0,0
4397034,8.801,0.115,4.865,-0.053,0.005,0.005,1757,0,0
4397054,8.825,0.026,4.820,-0.042,0.014,-0.001,1757,0,0
4397074,8.772,0.053,4.743,-0.039,0.013,-0.006,1756,0,0
4397094,8.772,0.105,4.712,-0.034,0.000,-0.003,1757,0,0
4397114,8.732,0.151,4.738,-0.063,0.010,0.010,1758,0,0
4397134,8.691,0.172,4.678,-0.071,0.009,0.016,1757,0,0
4397154,8.638,0.148,4.652,-0.058,0.009,0.018,1757,0,0
4397174,8.605,0.215,4.585,-0.036,0.020,0.018,1757,0,0
4397194,8.586,0.292,4.642,-0.034,0.035,0.014,1756,0,0
4397214,8.533,0.251,4.714,-0.047,0.034,0.019,1757,0,0
4397234,8.624,0.165,4.671,-0.048,0.029,0.019,1756,0,0
4397254,8.710,0.069,4.662,-0.044,0.048,0.016,1758,0,0
4397274,8.689,0.067,4.678,-0.028,0.068,0.010,1757,0,0
4397294,8.727,0.122,4.805,-0.027,0.078,0.010,1757,0,0
4397314,8.736,0.132,4.901,-0.048,0.077,0.010,1756,0,0
4397334,8.780,0.096,5.102,-0.056,0.068,-0.002,1757,0,0
4397354,8.813,0.091,5.169,-0.033,0.050,-0.002,1756,0,0
4397374,8.856,0.081,5.069,-0.009,0.027,0.002,1755,0,0
4397394,8.851,-0.005,4.994,-0.062,0.027,0.011,1757,0,0
4397415,8.830,-0.103,4.999,-0.078,0.019,0.014,1756,0,0
4397434,8.765,-0.113,4.990,-0.084,0.010,0.013,1757,0,0
4397454,8.686,-0.048,5.030,-0.077,-0.001,0.007,1757,0,0
4397475,8.622,0.038,4.968,-0.081,-0.019,0.007,1757,0,0
4397494,8.602,0.084,4.875,-0.085,-0.039,0.007,1757,0,0
4397514,8.569,0.079,4.717,-0.089,-0.035,0.000,1757,0,0
4397534,8.504,0.122,4.559,-0.074,-0.015,-0.008,1757,0,0
4397554,8.487,0.184,4.542,-0.074,0.015,-0.009,1757,0,0
4397574,8.461,0.170,4.681,-0.083,0.046,-0.008,1757,0,0
4397594,8.464,0.153,4.779,-0.055,0.040,-0.010,1757,0,0
4397614,8.602,0.151,4.822,-0.054,0.050,-0.006,1758,0,0
4397634,8.648,0.093,4.887,-0.077,0.063,-0.002,1757,0,0
4397654,8.701,-0.017,4.831,-0.071,0.050,-0.015,1757,0,0
4397674,8.796,-0.014,4.891,-0.057,0.042,-0.039,1756,0,0
4397694,8.801,0.026,4.978,-0.065,0.043,-0.056,1757,0,0
4397714,8.820,0.089,5.047,-0.048,0.027,-0.063,1756,0,0
4397734,8.849,0.168,5.001,-0.045,0.016,-0.050,1756,0,0
4397754,8.799,0.156,4.997,-0.095,0.012,-0.027,1757,0,0
4397774,8.760,0.091,4.939,-0.088,0.000,-0.011,1756,0,0
4397794,8.777,0.036,4.831,-0.083,-0.014,-0.001,1757,0,0
4397815,8.770,0.026,4.781,-0.096,-0.003,-0.002,1757,0,0
4397834,8.660,0.050,4.796,-0.094,-0.002,-0.011,1755,0,0
4397854,8.581,0.170,4.743,-0.071,-0.019,-0.017,1756,0,0
4397874,8.600,0.290,4.638,-0.065,-0.017,-0.018,1756,0,0
4397894,8.571,0.321,4.719,-0.088,0.014,-0.008,1756,0,0
4397914,8.540,0.306,4.764,-0.062,0.020,0.003,1755,0,0
4397934,8.622,0.230,4.745,-0.046,0.022,0.006,1755,0,0
4397954,8.684,0.141,4.645,-0.059,0.036,0.006,1756,0,0
4397974,8.741,0.069,4.743,-0.039,0.052,0.002,1756,0,0
4397994,8.748,0.057,4.946,-0.060,0.056,0.002,1755,0,0
4398014,8.808,0.031,5.092,-0.066,0.041,-0.001,1756,0,0
4398034,8.818,0.002,5.076,-0.058,0.018,-0.010,1756,0,0
4398054,8.808,0.038,5.011,-0.040,0.006,-0.017,1755,0,0
4398074,8.808,0.069,4.990,-0.058,0.001,-0.015,1755,0,0
4398095,8.756,0.113,5.004,-0.062,-0.005,-0.000,1755,0,0
4398114,8.684,0.096,4.915,-0.098,-0.016,0.017,1755,0,0
4398134,8.667,0.041,4.839,-0.095,-0.023,0.021,1756,0,0
4398154,8.645,0.062,4.839,-0.078,-0.010,0.013,1755,0,0
4398174,8.554,0.151,4.822,-0.068,-0.012,0.007,1755,0,0
4398195,8.564,0.168,4.652,-0.074,-0.019,0.010,1754,0,0
4398214,8.564,0.184,4.616,-0.074,-0.004,0.004,1754,0,0
4398234,8.523,0.136,4.724,-0.075,0.026,0.006,1755,0,0
4398254,8.485,0.122,4.736,-0.045,0.034,0.008,1755,0,0
4398274,8.531,0.115,4.709,-0.051,0.033,0.002,1754,0,0
4398294,8.595,0.108,4.724,-0.066,0.056,0.001,1755,0,0
4398314,8.605,0.165,4.846,-0.041,0.073,0.007,1754,0,0
4398334,8.677,0.084,4.939,-0.049,0.064,0.007,1755,0,0
4398354,8.763,-0.005,4.951,-0.055,0.048,0.001,1755,0,0
4398374,8.823,-0.043,4.973,-0.051,0.047,-0.013,1755,0,0
4398395,8.815,0.000,4.922,-0.032,0.043,-0.021,1754,0,0
4398414,8.815,0.029,4.882,-0.047,0.049,-0.006,1755,0,0
4398434,8.811,-0.024,4.946,-0.074,0.063,0.013,1754,0,0
4398454,8.717,-0.014,4.934,-0.073,0.068,0.020,1755,0,0
4398474,8.600,0.084,4.970,-0.068,0.033,0.020,1755,0,0
4398494,8.566,0.041,5.037,-0.067,-0.006,0.031,1755,0,0
4398514,8.576,0.005,4.836,-0.051,-0.016,0.018,1755,0,0
4398534,8.519,0.012,4.925,-0.014,-0.029,0.015,1753,0,0
4398554,8.528,0.067,4.750,-0.031,-0.020,0.015,1754,0,0
4398574,8.483,0.081,5.140,-0.019,-0.006,0.034,1752,0,0
4398594,8.566,0.041,5.349,0.082,-0.102,0.064,1747,0,0
4398614,8.746,-0.002,5.092,0.240,-0.228,0.116,1729,0,0
4398634,9.131,0.031,5.298,0.286,-0.276,0.118,1702,0,0
4398654,9.024,0.192,4.954,0.184,-0.209,0.113,1606,0,0
4398674,8.667,0.132,4.887,0.121,-0.192,0.110,1526,0,0
4398694,8.902,0.275,5.509,0.204,-0.324,0.133,1479,0,0
4398714,9.041,0.290,5.983,0.110,-0.466,0.190,1430,0,0
4398734,9.120,0.304,5.681,-0.062,-0.609,0.305,1386,0,0
4398754,8.918,0.196,4.951,-0.046,-0.708,0.375,1332,0,0
4398774,8.444,0.232,4.748,-0.031,-0.789,0.391,1289,0,0
4398794,9.184,-0.045,5.088,-0.104,-0.981,0.412,1230,0,0
4398815,10.350,-0.601,5.904,0.003,-1.236,0.493,1138,0,0
4398834,10.630,-1.188,5.581,0.391,-1.535,0.679,1077,0,0
4398855,7.389,1.140,2.966,0.850,-1.201,0.527,1089,0,0
4398874,7.003,0.424,0.804,0.648,-0.958,0.653,1044,0,0
4398894,10.829,-1.475,0.359,0.504,-0.639,0.495,977,0,0
4398914,9.589,-1.616,1.489,0.523,0.088,0.216,950,0,0
4398934,8.588,-1.336,1.171,0.914,0.433,0.034,943,0,0
4398954,9.014,-0.101,2.358,0.792,0.572,0.004,933,0,0
4398974,8.765,0.359,2.880,0.272,0.534,0.066,929,0,0
4398994,9.256,-0.512,3.127,-0.074,0.481,0.074,927,0,0
4399014,9.742,-1.185,3.242,-0.054,0.537,-0.035,923,0,0
4399034,9.668,-0.788,3.541,0.108,0.657,-0.156,922,0,0
4399054,8.899,0.215,4.470,0.093,0.594,-0.112,925,0,0
4399074,8.724,0.292,5.080,-0.082,0.256,0.046,926,0,0
4399094,9.926,-0.716,4.113,-0.120,0.123,-0.012,925,0,0
4399115,10.077,-0.347,3.692,0.042,0.326,-0.145,923,0,0
4399134,9.764,0.249,3.548,0.067,0.585,-0.235,923,0,0
4399154,8.516,0.670,4.061,-0.011,0.699,-0.189,928,0,0
4399174,7.946,0.589,4.436,-0.148,0.435,-0.040,933,0,0
4399194,8.674,-0.469,3.450,-0.187,0.325,-0.140,932,0,0
4399214,8.679,-0.366,2.586,-0.054,0.483,-0.337,934,0,0
4399234,6.984,0.129,2.921,0.129,0.499,-0.378,936,0,0
4399254,6.560,0.036,2.188,0.261,0.273,-0.391,942,0,0
4399274,7.185,-0.326,-0.017,0.351,0.339,-0.489,943,0,0
4399294,6.448,-0.065,-0.740,0.411,0.543,-0.470,943,0,0
4399314,6.290,-0.984,-1.171,0.272,0.661,-0.558,944,0,0
4399334,5.669,-1.089,-0.907,0.249,0.686,-0.579,947,0,0
4399354,7.089,-1.772,-1.130,0.065,0.625,-0.527,954,0,0
4399374,8.351,-2.401,-0.565,0.053,1.005,-0.646,957,0,0
4399394,8.234,-0.857,2.406,0.015,1.181,-0.724,957,0,0
4399414,9.682,-0.656,3.256,-0.285,1.039,-0.636,959,0,0
4399434,10.044,-1.125,2.926,-0.327,0.990,-0.461,960,0,0
4399454,11.485,-1.688,2.370,-0.711,1.175,-0.306,962,0,0
4399474,11.071,-0.469,6.644,-0.885,1.575,-0.364,964,0,0
4399494,9.802,-0.242,10.025,-0.884,1.362,-0.415,965,0,0
4399514,9.656,0.639,9.747,-0.582,1.046,-0.322,967,0,0
4399534,9.814,2.267,10.312,-0.757,0.983,-0.095,969,0,0
4399554,9.505,3.594,14.032,-1.216,1.126,0.067,969,0,0
4399574,8.375,2.902,17.509,-0.977,0.983,-0.038,971,0,0
4399594,6.898,3.850,17.755,-0.200,0.382,-0.183,971,0,0
4399614,7.132,5.171,15.526,0.004,-0.080,-0.069,972,0,0
4399634,6.500,5.373,14.662,-0.125,-0.282,0.381,973,0,0
4399654,6.280,3.194,13.182,-0.167,-0.402,0.617,974,0,0
4399674,5.789,1.978,12.127,0.158,-0.375,0.609,974,0,0
4399694,4.956,2.025,12.040,0.212,-0.560,0.639,975,0,0
4399714,5.519,1.152,10.884,0.165,-0.702,0.618,975,0,0
4399735,5.741,0.836,9.481,0.212,-0.650,0.637,975,0,0
4399754,5.550,0.376,8.660,0.206,-0.590,0.675,975,0,0
4399774,5.461,0.328,8.229,0.244,-0.500,0.595,976,0,0
4399794,4.848,0.565,8.574,0.104,-0.650,0.512,976,0,0
4399814,5.873,-0.462,6.725,0.020,-0.777,0.424,976,0,0
4399834,6.196,-0.577,5.126,0.108,-0.587,0.290,976,0,0
4399854,6.263,-0.395,4.235,0.100,-0.435,0.285,977,0,0
4399874,5.784,-0.127,4.317,0.059,-0.387,0.412,976,0,0
4399894,5.918,-1.324,3.859,-0.045,-0.544,0.391,976,0,0
4399914,6.692,-2.241,2.320,0.132,-0.687,0.213,976,0,0
4399935,7.173,-2.006,0.678,0.225,-0.620,0.016,975,0,0
4399954,7.403,-2.490,-0.984,0.220,-0.410,-0.045,976,0,0
4399974,7.290,-3.120,-2.184,0.273,-0.157,-0.132,976,0,0
4399994,7.343,-3.448,-2.966,0.142,0.092,-0.326,977,0,0
4400014,7.362,-3.414,-3.481,0.079,0.374,-0.496,978,0,0
4400034,7.434,-2.938,-3.041,0.001,0.752,-0.603,978,0,0
4400054,7.309,-2.619,-1.678,-0.149,1.010,-0.614,979,0,0
4400074,7.238,-2.375,-0.342,-0.271,1.072,-0.601,980,0,0
4400094,7.420,-2.318,0.634,-0.359,0.982,-0.586,980,0,0
4400114,8.294,-2.025,1.635,-0.460,0.912,-0.584,982,0,0
4400134,8.753,-0.867,4.415,-0.430,0.883,-0.564,984,0,0
4400154,9.103,-0.409,5.909,-0.414,0.642,-0.448,987,0,0
4400174,9.349,-0.369,6.826,-0.496,0.211,-0.200,988,0,0
4400194,10.693,-0.201,8.373,-0.705,0.021,-0.126,990,0,0
4400214,10.444,0.939,12.052,-0.670,0.185,-0.286,992,0,0
4400234,8.952,1.860,12.210,-0.281,-0.163,-0.277,994,0,0
4400254,9.172,1.994,10.118,-0.273,-0.325,-0.223,991,0,0
4400274,8.411,2.880,10.147,-0.359,-0.175,0.007,993,0,0
4400294,8.650,2.054,11.528,-0.663,0.019,0.168,994,0,0
4400314,8.236,2.246,14.234,-0.338,0.062,0.054,994,0,0
4400334,7.681,3.359,14.925,-0.011,-0.245,-0.003,994,0,0
4400354,8.112,3.677,13.340,0.076,-0.505,0.240,995,0,0
4400374,8.021,2.612,12.483,-0.037,-0.686,0.513,997,0,0
4400394,8.071,1.104,11.339,-0.108,-0.869,0.517,997,0,0
4400414,8.495,0.709,10.326,-0.092,-0.876,0.338,997,0,0
4400434,7.106,0.675,11.135,0.002,-0.999,0.268,997,0,0
4400454,7.412,0.666,9.697,0.161,-1.285,0.360,998,0,0
4400474,8.114,0.101,7.831,0.115,-1.306,0.385,997,0,0
4400494,8.021,-0.065,7.132,0.098,-1.178,0.366,997,0,0
4400514,7.669,-0.311,7.017,-0.007,-1.068,0.310,999,0,0
4400534,7.233,-0.244,7.173,0.016,-1.079,0.303,998,0,0
4400554,7.661,-0.318,6.134,0.056,-1.100,0.267,1001,0,0
4400574,8.303,0.220,5.167,0.038,-0.870,0.243,1001,0,0
4400594,6.974,0.599,5.617,0.006,-0.664,0.420,1002,0,0
4400614,6.682,0.026,5.492,-0.213,-0.820,0.471,1004,0,0
4400634,6.697,-1.070,4.702,-0.205,-0.894,0.339,1004,0,0
4400654,7.001,-0.536,3.792,-0.070,-0.956,0.301,1005,0,0
4400674,7.113,-0.304,2.557,-0.132,-0.914,0.399,1004,0,0
4400694,7.140,-1.178,1.331,-0.260,-0.881,0.476,1005,0,0
4400714,6.706,-2.385,0.536,-0.292,-0.928,0.433,1005,0,0
4400734,7.190,-3.268,-0.783,-0.160,-1.027,0.349,1005,0,0
4400754,8.011,-3.587,-2.547,-0.111,-0.898,0.217,1005,0,0
4400774,8.545,-3.488,-3.182,-0.215,-0.563,0.074,1006,0,0
4400794,8.526,-3.194,-2.562,-0.362,-0.283,-0.052,1006,0,0
4400815,8.645,-2.749,-1.437,-0.373,-0.121,-0.163,1007,0,0
4400834,9.254,-2.025,-0.644,-0.344,0.011,-0.247,1007,0,0
4400854,9.347,-0.948,0.582,-0.311,0.129,-0.265,1007,0,0
4400874,9.445,-0.462,1.697,-0.332,0.141,-0.216,1007,0,0
4400894,9.424,-0.297,2.370,-0.271,0.069,-0.181,1008,0,0
4400914,9.668,-0.539,2.662,-0.204,-0.043,-0.176,1008,0,0
4400934,10.001,-0.572,2.670,-0.064,-0.064,-0.216,1009,0,0
4400955,9.953,-0.271,2.911,-0.009,-0.044,-0.207,1013,0,0
4400974,9.823,-0.184,3.261,-0.030,-0.102,-0.176,1014,0,0
4400994,9.536,-0.417,3.381,-0.034,-0.233,-0.123,1022,0,0
4401014,9.996,-0.797,3.065,0.047,-0.314,-0.100,1028,0,0
4401034,10.070,-0.836,2.921,0.095,-0.299,-0.109,1037,0,0
4401054,9.730,-0.764,3.096,0.089,-0.310,-0.108,1041,0,0
4401075,9.723,-0.654,3.191,0.029,-0.400,-0.059,1051,0,0
4401094,9.637,-0.622,3.086,-0.023,-0.478,-0.004,1063,0,0
4401114,9.955,-0.982,2.832,-0.078,-0.486,-0.002,1076,0,0
4401134,9.634,-1.123,2.533,-0.080,-0.440,-0.062,1090,0,0
4401154,9.608,-1.154,2.212,-0.093,-0.407,-0.161,1103,0,0
4401174,9.285,-1.077,2.337,-0.066,-0.321,-0.232,1117,0,0
4401194,10.015,-0.414,1.788,-0.306,-0.209,-0.275,1136,0,0
4401214,10.029,-0.769,1.717,-0.541,0.038,-0.189,1168,0,0
4401234,9.641,-0.879,1.956,-0.584,0.165,-0.203,1226,0,0
4401254,9.414,-0.783,1.563,-0.704,0.316,-0.216,1314,0,0
4401274,10.120,-0.869,1.044,-0.661,0.511,-0.274,1408,0,0
4401294,9.893,-0.263,0.479,-0.706,0.910,-0.314,1510,0,0
4401314,9.515,-0.304,-1.269,-0.839,1.635,-0.291,1627,0,0
4401334,10.187,-0.180,-2.667,-0.672,2.827,-0.031,1713,0,0
4401354,9.392,-0.093,8.514,-0.663,2.069,-0.171,1781,0,0
4401374,7.489,-2.653,8.849,-1.763,1.112,-0.044,1857,0,0
4401394,9.304,-1.973,5.844,-1.294,0.095,-0.268,1903,0,0
4401414,11.085,-0.737,3.754,0.229,0.235,-0.251,1931,0,0
4401434,9.931,0.280,4.231,0.172,0.436,-0.222,1947,0,0
4401454,8.770,-0.227,4.520,-0.465,0.462,-0.197,1958,0,0
4401474,8.660,-0.668,4.441,-0.203,0.228,-0.092,1964,0,0
4401495,9.120,-0.649,4.250,0.091,0.109,0.003,1966,0,0
4401515,9.371,-0.706,3.955,-0.105,0.161,0.052,1965,0,0
4401534,9.251,-0.814,3.819,0.003,0.246,0.061,1964,0,0
4401554,8.722,-0.792,4.156,0.065,0.199,0.018,1965,0,0
4401575,8.598,-0.864,4.334,-0.061,0.095,-0.012,1963,0,0
4401594,8.792,-1.010,4.343,-0.098,0.041,0.003,1962,0,0
4401614,9.249,-0.970,4.544,-0.015,0.031,-0.014,1961,0,0
4401634,9.347,-0.778,4.532,-0.002,0.084,-0.069,1956,0,0
4401654,8.760,-0.532,4.537,0.060,0.062,-0.103,1953,0,0
4401674,8.784,-0.520,4.357,0.036,-0.057,-0.087,1949,0,0
4401694,9.105,-0.450,4.441,-0.001,-0.108,-0.030,1947,0,0
4401714,9.213,-0.601,4.475,-0.043,-0.127,-0.002,1943,0,0
4401734,9.287,-0.833,4.247,-0.026,-0.129,-0.000,1938,0,0
4401754,9.282,-0.816,3.850,0.049,-0.067,-0.037,1935,0,0
4401775,9.282,-0.807,3.778,0.079,-0.027,-0.095,1932,0,0
4401794,9.199,-0.754,3.965,0.043,0.069,-0.131,1931,0,0
4401814,9.191,-0.682,4.061,0.056,0.077,-0.111,1928,0,0
4401835,8.988,-0.515,4.027,0.050,0.084,-0.069,1924,0,0
4401854,9.093,-0.500,4.020,-0.048,0.059,-0.047,1922,0,0
4401874,9.100,-0.594,4.207,-0.098,0.076,-0.052,1921,0,0
4401894,9.187,-0.541,4.290,-0.023,0.085,-0.079,1920,0,0
4401914,9.086,-0.373,4.393,0.054,0.076,-0.067,1917,0,0
4401934,9.146,-0.177,4.147,0.077,0.076,-0.049,1914,0,0
4401954,8.981,-0.101,4.226,0.026,0.071,-0.041,1914,0,0
4401974,8.909,-0.235,4.185,-0.030,0.053,-0.010,1911,0,0
4401994,8.921,-0.448,4.096,-0.003,0.027,0.017,1910,0,0
4402014,9.199,-0.464,4.156,0.060,0.032,-0.011,1907,0,0
4402034,9.213,-0.441,4.111,0.051,0.076,-0.047,1904,0,0
4402054,9.052,-0.323,4.312,0.086,0.084,-0.064,1904,0,0
4402074,9.108,-0.287,4.527,0.056,0.038,-0.045,1903,0,0
4402095,9.213,-0.290,4.530,0.022,0.013,-0.026,1900,0,0
4402114,9.091,-0.383,4.515,-0.031,-0.011,-0.027,1902,0,0
4402134,9.052,-0.431,4.336,-0.006,-0.011,-0.036,1900,0,0
4402154,9.012,-0.443,4.269,0.046,0.009,-0.050,1899,0,0
4402174,8.935,-0.376,4.262,0.066,0.038,-0.041,1899,0,0
4402194,8.875,-0.316,4.271,-0.028,0.029,-0.007,1899,0,0
4402215,8.942,-0.395,4.266,-0.083,0.022,0.016,1895,0,0
4402234,8.866,-0.438,4.192,-0.073,0.038,0.005,1894,0,0
4402254,8.902,-0.397,4.231,-0.013,0.027,-0.023,1893,0,0
4402274,8.911,-0.280,4.219,-0.015,0.021,-0.030,1891,0,0
4402295,8.928,-0.278,4.288,-0.073,0.019,-0.035,1891,0,0
4402314,9.043,-0.321,4.338,-0.073,0.016,-0.055,1890,0,0
4402334,9.091,-0.213,4.329,-0.000,0.045,-0.072,1891,0,0
4402354,8.997,-0.113,4.365,0.020,0.067,-0.070,1890,0,0
4402374,8.904,-0.079,4.233,0.042,0.072,-0.057,1888,0,0
4402394,8.928,-0.045,4.389,0.024,0.036,-0.039,1888,0,0
4402414,9.124,-0.122,4.487,-0.059,0.005,-0.011,1889,0,0
4402434,9.230,-0.247,4.592,-0.064,0.031,-0.003,1887,0,0
4402454,9.131,-0.306,4.647,-0.024,0.030,-0.023,1886,0,0
4402474,9.005,-0.321,4.492,0.007,0.010,-0.032,1884,0,0
4402495,9.007,-0.297,4.355,0.007,-0.013,-0.025,1881,0,0
4402514,9.074,-0.285,4.298,-0.035,-0.001,-0.018,1877,0,0
4402534,9.002,-0.338,4.305,-0.047,0.023,-0.015,1875,0,0
4402554,8.933,-0.254,4.319,-0.026,0.032,-0.003,1873,0,0
4402574,8.823,-0.187,4.338,-0.059,0.032,0.003,1872,0,0
4402594,8.777,-0.278,4.537,-0.084,-0.008,-0.009,1873,0,0
4402614,8.854,-0.263,4.357,-0.013,-0.028,-0.024,1873,0,0
4402634,8.904,-0.141,4.147,0.022,-0.009,-0.037,1872,0,0
4402654,8.768,-0.043,4.070,-0.073,0.018,-0.034,1871,0,0
4402674,8.722,-0.113,4.187,-0.125,0.016,-0.031,1870,0,0
4402694,8.782,-0.182,4.204,-0.090,0.023,-0.043,1870,0,0
4402714,8.923,-0.093,4.281,0.005,0.045,-0.068,1870,0,0
4402734,9.017,-0.005,4.396,0.013,0.078,-0.072,1868,0,0
4402754,8.947,0.062,4.547,-0.005,0.066,-0.058,1868,0,0
4402774,9.052,-0.067,4.573,-0.065,0.023,-0.030,1868,0,0
4402794,9.227,-0.220,4.408,-0.070,0.019,-0.018,1868,0,0
4402815,9.244,-0.290,4.489,-0.058,0.041,-0.034,1865,0,0
4402834,9.160,-0.302,4.456,-0.025,0.041,-0.046,1865,0,0
4402854,9.060,-0.163,4.413,0.016,0.030,-0.054,1865,0,0
4402874,9.033,0.010,4.324,-0.026,0.019,-0.034,1867,0,0
4402894,8.981,0.048,4.365,-0.088,0.011,0.005,1863,0,0
4402914,8.930,-0.048,4.391,-0.122,-0.002,0.012,1864,0,0
4402934,8.892,-0.055,4.338,-0.052,-0.011,-0.004,1863,0,0
4402954,8.871,0.089,4.293,-0.003,0.001,-0.010,1861,0,0
4402974,8.813,0.091,4.180,-0.037,0.010,0.013,1860,0,0
4402994,8.827,0.010,4.190,-0.071,0.023,0.027,1859,0,0
4403014,8.875,-0.062,4.355,-0.071,0.041,0.014,1858,0,0
4403034,8.851,-0.053,4.456,-0.026,0.041,-0.006,1858,0,0
4403054,8.854,-0.024,4.458,0.012,0.027,-0.010,1858,0,0
4403074,8.969,0.017,4.444,-0.011,0.023,-0.006,1859,0,0
4403094,9.048,-0.101,4.439,-0.047,0.010,-0.006,1858,0,0
4403114,9.076,-0.172,4.429,-0.033,0.018,-0.016,1856,0,0
4403134,9.151,-0.213,4.403,-0.040,0.042,-0.026,1857,0,0
4403154,9.093,-0.168,4.487,-0.010,0.081,-0.036,1856,0,0
4403174,8.921,-0.074,4.697,-0.040,0.057,-0.035,1856,0,0
4403194,8.966,-0.089,4.671,-0.087,0.011,-0.002,1856,0,0
4403214,9.033,-0.189,4.587,-0.102,0.011,0.022,1855,0,0
4403234,8.911,-0.204,4.556,-0.110,0.006,0.022,1854,0,0
4403254,8.897,-0.208,4.427,-0.091,-0.014,0.009,1852,0,0
4403274,8.935,-0.124,4.408,-0.076,-0.010,-0.006,1850,0,0
4403294,8.863,-0.050,4.389,-0.080,-0.001,-0.015,1850,0,0
4403314,8.768,0.031,4.319,-0.071,-0.001,-0.011,1846,0,0
4403334,8.784,0.074,4.199,-0.085,0.011,-0.012,1846,0,0
4403354,8.775,0.002,4.156,-0.072,0.039,-0.017,1843,0,0
4403374,8.698,0.041,4.192,-0.043,0.067,-0.018,1842,0,0
4403395,8.803,-0.024,4.250,-0.083,0.039,-0.002,1843,0,0
4403414,8.990,-0.158,4.283,-0.102,0.060,-0.002,1841,0,0
4403434,9.024,-0.158,4.489,-0.071,0.072,-0.026,1840,0,0
4403454,9.045,-0.045,4.606,-0.037,0.061,-0.046,1841,0,0
4403474,9.093,-0.010,4.628,-0.054,0.040,-0.050,1843,0,0
4403494,9.122,-0.014,4.642,-0.048,0.023,-0.050,1841,0,0
4403514,9.117,0.010,4.690,-0.052,0.008,-0.042,1840,0,0
4403534,9.031,-0.096,4.628,-0.090,-0.031,-0.022,1840,0,0
4403554,9.084,-0.208,4.422,-0.075,-0.040,-0.019,1839,0,0
4403574,9.074,-0.144,4.310,-0.025,-0.010,-0.034,1839,0,0
4403594,8.942,0.038,4.353,-0.037,0.007,-0.021,1839,0,0
4403615,8.851,0.000,4.398,-0.081,-0.002,0.015,1836,0,0
4403634,8.813,-0.065,4.432,-0.065,-0.002,0.014,1838,0,0
4403654,8.777,-0.045,4.324,-0.057,-0.003,0.000,1838,0,0
4403674,8.739,0.002,4.283,-0.052,0.014,-0.011,1839,0,0
4403694,8.734,0.055,4.305,-0.047,0.029,-0.015,1838,0,0
4403714,8.748,0.113,4.408,-0.044,0.031,-0.004,1837,0,0
4403734,8.808,0.026,4.391,-0.077,0.037,0.010,1836,0,0
4403754,8.859,-0.072,4.436,-0.062,0.039,0.008,1836,0,0
4403774,8.993,-0.132,4.492,-0.033,0.047,-0.022,1837,0,0
