4087274,7.647,1.803,5.720,-0.010,0.016,-0.015,1672,0,0
4087294,7.776,1.686,5.665,-0.056,0.019,0.058,1671,0,0
4087314,7.884,1.377,5.679,-0.085,0.047,0.084,1671,0,0
4087334,7.906,1.178,5.753,-0.033,0.076,0.063,1672,0,0
4087354,7.925,1.207,5.871,0.000,0.075,0.054,1671,0,0
4087374,8.028,1.199,5.861,-0.057,0.057,0.075,1671,0,0
4087394,8.052,1.053,5.938,-0.108,0.036,0.067,1671,0,0
4087414,8.056,0.977,5.909,-0.087,0.006,0.021,1672,0,0
4087434,8.047,1.156,5.816,-0.060,-0.015,-0.031,1669,0,0
4087454,7.908,1.300,5.737,-0.075,-0.025,-0.066,1671,0,0
4087474,7.738,1.489,5.667,-0.050,-0.047,-0.089,1671,0,0
4087494,7.693,1.664,5.516,-0.061,-0.056,-0.091,1670,0,0
4087514,7.666,1.726,5.550,-0.072,-0.037,-0.086,1671,0,0
4087534,7.640,1.733,5.521,-0.043,-0.009,-0.083,1670,0,0
4087554,7.657,1.803,5.545,0.010,0.025,-0.072,1672,0,0
4087574,7.671,1.743,5.578,0.008,0.062,-0.050,1670,0,0
4087594,7.657,1.772,5.737,-0.001,0.085,-0.010,1670,0,0
4087614,7.724,1.607,5.885,-0.062,0.064,0.047,1670,0,0
4087634,7.920,1.389,5.959,-0.051,0.067,0.068,1670,0,0
4087654,8.023,1.195,5.892,-0.041,0.075,0.063,1670,0,0
4087674,8.066,1.094,5.794,-0.018,0.089,0.063,1669,0,0
4087694,8.028,1.082,5.844,-0.062,0.082,0.064,1670,0,0
4087714,8.052,0.998,5.942,-0.117,0.042,0.036,1669,0,0
4087734,8.083,1.032,6.021,-0.108,0.012,-0.023,1670,0,0
4087754,8.004,1.231,5.906,-0.071,-0.014,-0.073,1669,0,0
4087774,7.860,1.499,5.772,-0.051,-0.036,-0.092,1669,0,0
4087794,7.781,1.654,5.717,-0.085,-0.068,-0.093,1669,0,0
4087814,7.764,1.709,5.547,-0.110,-0.075,-0.086,1669,0,0
4087834,7.752,1.748,5.514,-0.084,-0.059,-0.095,1668,0,0
4087854,7.772,1.841,5.492,-0.014,-0.012,-0.099,1668,0,0
4087874,7.733,1.896,5.569,0.042,0.037,-0.097,1667,0,0
4087894,7.520,2.028,5.737,0.041,0.038,-0.060,1668,0,0
4087914,7.649,1.985,5.710,-0.045,0.005,0.034,1668,0,0
4087934,7.867,1.616,5.657,-0.092,0.025,0.085,1668,0,0
4087954,7.975,1.312,5.672,-0.034,0.080,0.072,1667,0,0
4087974,7.867,1.267,5.787,0.034,0.115,0.052,1668,0,0
4087994,7.851,1.300,5.954,0.001,0.073,0.063,1667,0,0
4088014,8.009,1.176,5.942,-0.097,0.025,0.075,1668,0,0
4088034,8.124,0.998,5.918,-0.142,0.020,0.039,1667,0,0
4088054,8.068,1.034,6.012,-0.071,0.022,-0.038,1668,0,0
4088074,7.906,1.362,5.959,-0.013,-0.002,-0.093,1667,0,0
4088094,7.815,1.638,5.813,-0.032,-0.046,-0.103,1668,0,0
4088114,7.831,1.748,5.629,-0.086,-0.062,-0.092,1666,0,0
4088134,7.798,1.810,5.564,-0.090,-0.044,-0.072,1668,0,0
4088154,7.654,1.822,5.646,-0.067,-0.028,-0.066,1667,0,0
4088174,7.685,1.915,5.653,0.004,-0.027,-0.063,1666,0,0
4088194,7.724,1.927,5.586,-0.019,0.006,-0.033,1666,0,0
4088214,7.645,1.803,5.722,-0.038,0.045,0.004,1666,0,0
4088234,7.611,1.623,5.835,-0.037,0.057,0.038,1667,0,0
4088254,7.664,1.484,5.818,-0.029,0.059,0.052,1667,0,0
4088274,7.906,1.410,5.756,-0.042,0.041,0.061,1666,0,0
4088294,8.076,1.269,5.703,-0.086,0.065,0.074,1667,0,0
4088314,8.066,1.173,5.830,-0.077,0.087,0.075,1665,0,0
4088334,7.966,1.149,5.962,-0.087,0.072,0.048,1667,0,0
4088354,7.937,1.154,5.986,-0.113,0.006,0.008,1667,0,0
4088374,8.061,1.257,5.837,-0.107,-0.025,-0.038,1666,0,0
4088394,7.958,1.504,5.887,-0.072,-0.017,-0.090,1665,0,0
4088414,7.743,1.779,5.827,-0.061,-0.051,-0.099,1665,0,0
4088434,7.666,1.891,5.600,-0.076,-0.084,-0.070,1665,0,0
4088454,7.762,1.824,5.444,-0.102,-0.084,-0.062,1665,0,0
4088474,7.807,1.781,5.389,-0.075,-0.031,-0.073,1665,0,0
4088494,7.654,1.915,5.588,0.010,0.024,-0.077,1666,0,0
4088514,7.590,1.990,5.646,0.018,0.035,-0.035,1665,0,0
4088534,7.573,1.937,5.710,-0.021,0.039,0.025,1666,0,0
4088554,7.697,1.702,5.801,-0.072,0.037,0.071,1665,0,0
4088574,7.894,1.415,5.717,-0.055,0.057,0.086,1665,0,0
4088594,7.903,1.274,5.665,-0.018,0.096,0.083,1665,0,0
4088614,7.934,1.202,5.782,-0.031,0.096,0.080,1666,0,0
4088634,8.006,1.161,5.868,-0.076,0.075,0.066,1665,0,0
4088654,8.061,1.140,6.005,-0.114,0.053,0.035,1665,0,0
4088674,7.992,1.204,6.074,-0.086,0.031,-0.013,1665,0,0
4088694,7.884,1.451,6.072,-0.036,-0.010,-0.059,1665,0,0
4088714,7.848,1.733,5.895,-0.051,-0.062,-0.076,1665,0,0
4088734,7.815,1.820,5.725,-0.088,-0.079,-0.064,1665,0,0
4088754,7.800,1.793,5.634,-0.071,-0.058,-0.070,1665,0,0
4088774,7.717,1.858,5.581,-0.027,-0.047,-0.073,1666,0,0
4088794,7.712,1.966,5.533,-0.013,-0.027,-0.047,1666,0,0
4088814,7.678,1.832,5.598,-0.054,-0.013,0.001,1666,0,0
4088834,7.769,1.683,5.641,-0.055,0.022,0.029,1665,0,0
4088854,7.721,1.496,5.739,-0.045,0.051,0.033,1665,0,0
4088874,7.712,1.456,5.816,-0.017,0.053,0.042,1666,0,0
4088894,7.815,1.367,5.732,-0.043,0.049,0.057,1665,0,0
4088914,7.865,1.293,5.806,-0.066,0.070,0.069,1665,0,0
4088934,7.839,1.197,5.854,-0.090,0.046,0.067,1665,0,0
4088954,8.049,1.120,5.768,-0.092,0.032,0.048,1666,0,0
4088974,8.042,1.116,5.801,-0.104,0.058,-0.003,1665,0,0
4088994,7.918,1.329,5.957,-0.047,0.048,-0.059,1665,0,0
4089014,7.800,1.635,5.983,-0.040,-0.002,-0.084,1666,0,0
4089034,7.810,1.832,5.880,-0.090,-0.052,-0.070,1666,0,0
4089054,7.784,1.803,5.710,-0.099,-0.057,-0.062,1667,0,0
4089074,7.748,1.800,5.533,-0.056,-0.051,-0.070,1666,0,0
4089094,7.702,1.884,5.464,-0.030,-0.015,-0.076,1666,0,0
4089114,7.671,1.985,5.497,-0.025,0.009,-0.058,1666,0,0
4089134,7.633,1.982,5.617,-0.016,0.039,-0.026,1667,0,0
4089154,7.659,1.896,5.634,-0.034,0.032,0.019,1666,0,0
4089174,7.870,1.642,5.657,-0.051,0.054,0.056,1666,0,0
4089194,7.968,1.439,5.717,-0.025,0.085,0.067,1668,0,0
4089214,7.989,1.355,5.859,0.003,0.111,0.055,1666,0,0
4089234,7.867,1.372,5.945,-0.019,0.096,0.057,1666,0,0
4089255,7.939,1.298,6.057,-0.058,0.043,0.059,1668,0,0
4089274,8.028,1.243,5.964,-0.089,0.006,0.047,1666,0,0
4089294,8.083,1.219,5.950,-0.075,0.005,0.005,1667,0,0
4089314,7.934,1.384,5.942,-0.046,0.002,-0.051,1667,0,0
4089334,7.726,1.602,5.914,-0.022,-0.030,-0.084,1667,0,0
4089354,7.757,1.824,5.739,-0.013,-0.069,-0.083,1667,0,0
4089374,7.755,1.927,5.612,-0.063,-0.059,-0.058,1667,0,0
4089394,7.652,1.839,5.619,-0.073,-0.041,-0.046,1666,0,0
4089414,7.599,1.851,5.490,0.010,-0.018,-0.051,1667,0,0
4089434,7.635,1.894,5.476,0.016,0.010,-0.041,1667,0,0
4089454,7.635,1.896,5.612,-0.001,0.051,-0.016,1667,0,0
4089474,7.573,1.836,5.854,-0.030,0.063,0.023,1666,0,0
4089494,7.709,1.678,5.811,-0.047,0.052,0.069,1667,0,0
4089514,7.872,1.396,5.732,-0.054,0.071,0.084,1666,0,0
4089534,7.867,1.286,5.818,-0.052,0.092,0.067,1667,0,0
4089554,7.805,1.338,6.031,-0.038,0.071,0.058,1667,0,0
4089574,7.913,1.348,6.029,-0.082,0.025,0.058,1667,0,0
4089594,7.954,1.305,5.950,-0.105,0.014,0.029,1667,0,0
4089614,7.908,1.312,5.930,-0.084,0.009,-0.025,1667,0,0
4089634,7.740,1.441,5.880,-0.050,-0.010,-0.069,1667,0,0
4089654,7.669,1.597,5.698,-0.018,-0.029,-0.110,1666,0,0
4089674,7.693,1.851,5.552,-0.019,-0.023,-0.123,1665,0,0
4089694,7.657,1.982,5.528,-0.039,-0.008,-0.108,1666,0,0
4089714,7.614,2.066,5.547,-0.037,-0.003,-0.072,1667,0,0
4089734,7.678,2.095,5.571,-0.044,0.008,-0.034,1666,0,0
4089754,7.673,2.009,5.662,-0.031,0.033,-0.015,1667,0,0
4089774,7.733,1.954,5.715,-0.006,0.047,0.004,1666,0,0
4089794,7.822,1.918,5.777,-0.016,0.065,0.048,1666,0,0
4089814,7.824,1.695,5.844,-0.039,0.078,0.081,1667,0,0
4089834,7.798,1.508,5.974,-0.048,0.071,0.076,1667,0,0
4089854,7.889,1.410,6.033,-0.030,0.061,0.067,1665,0,0
4089874,7.970,1.420,6.041,-0.031,0.049,0.079,1666,0,0
4089894,8.001,1.302,6.096,-0.072,0.029,0.080,1666,0,0
4089914,7.997,1.226,6.074,-0.087,0.009,0.045,1666,0,0
4089934,7.944,1.238,6.057,-0.078,-0.013,-0.008,1667,0,0
4089954,7.831,1.379,5.959,-0.047,-0.043,-0.053,1666,0,0
4089974,7.726,1.683,5.784,-0.026,-0.068,-0.071,1666,0,0
4089994,7.599,1.839,5.593,-0.089,-0.071,-0.054,1665,0,0
4090014,7.561,1.851,5.550,-0.107,-0.067,-0.039,1665,0,0
4090034,7.602,1.793,5.461,-0.086,-0.051,-0.042,1665,0,0
4090054,7.649,1.848,5.432,-0.035,0.003,-0.040,1665,0,0
4090074,7.561,1.932,5.555,-0.025,0.048,-0.022,1664,0,0
4090094,7.506,1.894,5.684,-0.062,0.052,0.014,1665,0,0
4090114,7.683,1.743,5.751,-0.081,0.048,0.047,1665,0,0
4090134,7.822,1.537,5.782,-0.076,0.075,0.057,1666,0,0
4090154,7.920,1.401,5.890,-0.056,0.093,0.051,1665,0,0
4090174,7.934,1.384,5.928,-0.046,0.081,0.050,1666,0,0
4090194,7.970,1.403,6.000,-0.074,0.058,0.046,1665,0,0
4090214,7.968,1.393,6.139,-0.110,0.026,0.030,1665,0,0
4090234,7.989,1.386,6.167,-0.087,-0.013,-0.005,1665,0,0
4090254,7.913,1.453,6.045,-0.053,-0.040,-0.048,1665,0,0
4090274,7.767,1.676,5.851,-0.041,-0.068,-0.065,1665,0,0
4090294,7.664,1.779,5.578,-0.085,-0.094,-0.049,1667,0,0
4090314,7.623,1.733,5.397,-0.104,-0.073,-0.044,1666,0,0
4090334,7.566,1.707,5.435,-0.079,-0.033,-0.061,1665,0,0
4090354,7.604,1.844,5.490,-0.011,-0.008,-0.070,1665,0,0
4090374,7.633,1.963,5.638,-0.033,0.037,-0.037,1665,0,0
4090394,7.532,1.836,5.787,-0.062,0.045,0.001,1665,0,0
4090414,7.616,1.705,5.794,-0.071,0.022,0.031,1665,0,0
4090434,7.889,1.547,5.799,-0.083,0.044,0.041,1665,0,0
4090454,7.834,1.398,5.878,-0.050,0.080,0.031,1666,0,0
4090474,7.848,1.372,5.938,-0.016,0.060,0.022,1667,0,0
4090494,7.951,1.369,5.866,-0.085,0.035,0.033,1666,0,0
4090514,8.013,1.365,5.971,-0.118,0.041,0.030,1666,0,0
4090534,7.944,1.302,6.062,-0.106,0.020,-0.007,1667,0,0
4090554,7.898,1.422,5.942,-0.059,-0.007,-0.051,1668,0,0
4090574,7.822,1.614,5.753,-0.069,-0.030,-0.071,1666,0,0
4090594,7.740,1.760,5.713,-0.089,-0.043,-0.073,1667,0,0
4090614,7.695,1.894,5.653,-0.095,-0.053,-0.067,1666,0,0
4090634,7.714,1.889,5.588,-0.091,-0.047,-0.060,1665,0,0
4090654,7.714,1.875,5.569,-0.053,-0.022,-0.062,1665,0,0
4090674,7.700,1.970,5.583,-0.014,0.007,-0.053,1665,0,0
4090694,7.664,1.999,5.689,-0.042,0.023,-0.011,1665,0,0
4090714,7.649,1.815,5.753,-0.076,0.025,0.024,1664,0,0
4090734,7.748,1.635,5.770,-0.057,0.021,0.038,1665,0,0
4090754,7.819,1.487,5.770,-0.042,0.048,0.045,1664,0,0
4090774,7.841,1.362,5.751,-0.044,0.056,0.046,1664,0,0
4090794,7.851,1.326,5.789,-0.059,0.077,0.033,1664,0,0
4090814,7.853,1.355,6.009,-0.091,0.072,0.020,1665,0,0
4090834,7.927,1.362,6.081,-0.081,0.025,-0.001,1665,0,0
4090854,7.963,1.398,5.926,-0.091,0.003,-0.025,1665,0,0
4090874,7.913,1.504,5.851,-0.091,-0.010,-0.058,1665,0,0
4090894,7.767,1.731,5.849,-0.066,-0.034,-0.075,1665,0,0
4090914,7.700,1.867,5.715,-0.074,-0.055,-0.073,1664,0,0
4090934,7.724,1.932,5.669,-0.078,-0.057,-0.072,1665,0,0
4090954,7.685,1.990,5.622,-0.050,-0.048,-0.063,1665,0,0
4090974,7.635,2.066,5.564,-0.034,-0.019,-0.035,1665,0,0
4090994,7.558,1.978,5.610,-0.035,0.001,-0.006,1664,0,0
4091014,7.582,1.856,5.689,-0.023,0.012,0.012,1665,0,0
4091034,7.719,1.731,5.710,-0.039,0.029,0.041,1665,0,0
4091054,7.779,1.537,5.677,-0.042,0.052,0.053,1665,0,0
4091074,7.834,1.398,5.849,-0.035,0.077,0.052,1665,0,0
4091094,7.836,1.310,5.940,-0.029,0.080,0.044,1664,0,0
4091114,7.875,1.286,6.043,-0.053,0.051,0.039,1665,0,0
4091134,7.934,1.171,5.938,-0.096,0.011,0.029,1664,0,0
4091154,7.985,1.152,5.813,-0.100,0.002,-0.012,1665,0,0
4091174,7.961,1.348,5.871,-0.082,0.012,-0.078,1665,0,0
4091194,7.796,1.662,5.866,-0.044,0.013,-0.124,1664,0,0
4091214,7.638,1.865,5.849,-0.035,-0.010,-0.125,1665,0,0
4091234,7.573,1.999,5.665,-0.065,-0.038,-0.110,1664,0,0
4091254,7.683,2.095,5.519,-0.101,-0.037,-0.078,1665,0,0
4091274,7.661,2.057,5.631,-0.077,0.010,-0.064,1664,0,0
4091294,7.578,2.093,5.820,-0.010,0.026,-0.060,1664,0,0
4091314,7.594,2.095,5.772,-0.002,0.020,-0.027,1665,0,0
4091334,7.755,2.025,5.763,-0.035,0.029,0.027,1666,0,0
4091354,7.784,1.712,5.811,-0.086,0.038,0.063,1665,0,0
4091374,7.860,1.456,5.801,-0.051,0.044,0.058,1664,0,0
4091394,7.922,1.381,5.825,-0.033,0.064,0.036,1664,0,0
4091414,7.906,1.432,5.986,-0.029,0.049,0.031,1664,0,0
4091434,7.966,1.429,5.959,-0.094,0.008,0.033,1664,0,0
4091454,8.023,1.319,5.921,-0.112,0.000,0.013,1664,0,0
4091474,7.932,1.358,5.906,-0.076,-0.007,-0.029,1666,0,0
4091494,7.836,1.554,5.808,-0.042,-0.022,-0.061,1664,0,0
4091514,7.740,1.796,5.777,-0.078,-0.034,-0.076,1665,0,0
4091534,7.609,1.935,5.789,-0.099,-0.048,-0.074,1665,0,0
4091554,7.614,1.970,5.686,-0.098,-0.069,-0.069,1665,0,0
4091574,7.733,1.963,5.471,-0.059,-0.048,-0.062,1665,0,0
4091594,7.707,1.970,5.468,-0.024,0.009,-0.063,1665,0,0
4091614,7.573,2.085,5.605,-0.003,0.031,-0.051,1664,0,0
4091634,7.549,2.105,5.782,-0.046,0.008,-0.006,1665,0,0
4091654,7.707,1.903,5.780,-0.079,0.007,0.039,1664,0,0
4091674,7.788,1.657,5.777,-0.038,0.042,0.038,1664,0,0
4091694,7.831,1.561,5.748,0.013,0.068,0.026,1663,0,0
4091714,7.793,1.633,5.770,-0.014,0.074,0.046,1665,0,0
4091734,7.736,1.487,5.916,-0.085,0.033,0.064,1664,0,0
4091754,7.982,1.350,5.813,-0.096,0.014,0.051,1665,0,0
4091774,8.025,1.300,5.784,-0.092,0.041,0.004,1665,0,0
4091794,7.894,1.439,5.974,-0.036,0.040,-0.046,1664,0,0
4091814,7.791,1.767,6.045,-0.041,-0.012,-0.065,1664,0,0
4091834,7.788,1.911,5.978,-0.092,-0.058,-0.059,1664,0,0
4091854,7.738,1.925,5.799,-0.088,-0.071,-0.060,1662,0,0
4091874,7.724,1.935,5.638,-0.061,-0.066,-0.065,1664,0,0
4091894,7.688,1.968,5.595,-0.044,-0.047,-0.055,1664,0,0
4091914,7.755,1.927,5.564,-0.054,-0.030,-0.035,1664,0,0
4091934,7.726,1.834,5.614,-0.076,-0.003,-0.008,1664,0,0
4091954,7.800,1.686,5.679,-0.104,0.015,0.021,1664,0,0
4091974,7.894,1.549,5.765,-0.100,0.044,0.038,1664,0,0
4091994,7.853,1.484,5.861,-0.110,0.067,0.034,1664,0,0
4092014,7.891,1.475,5.959,-0.133,0.062,0.039,1664,0,0
4092034,7.827,1.413,6.055,-0.182,0.036,0.036,1664,0,0
4092054,7.915,1.307,5.916,-0.179,0.007,0.011,1664,0,0
4092074,7.949,1.355,5.777,-0.167,0.009,-0.038,1664,0,0
4092094,7.939,1.482,5.713,-0.168,0.018,-0.075,1664,0,0
4092114,7.760,1.721,5.861,-0.161,0.035,-0.093,1664,0,0
4092134,7.647,1.877,6.007,-0.152,0.007,-0.094,1663,0,0
4092154,7.594,2.006,6.009,-0.172,-0.018,-0.078,1664,0,0
4092174,7.578,1.863,6.000,-0.215,-0.043,-0.064,1663,0,0
4092194,7.626,1.707,5.892,-0.163,-0.028,-0.074,1664,0,0
4092214,7.537,1.712,5.859,-0.126,0.014,-0.095,1664,0,0
4092234,7.491,1.765,5.923,-0.134,0.034,-0.083,1664,0,0
4092254,7.530,1.697,5.978,-0.193,0.032,-0.046,1665,0,0
4092274,7.654,1.415,5.906,-0.239,0.025,-0.019,1665,0,0
4092294,7.834,1.219,5.844,-0.229,0.042,-0.036,1664,0,0
4092314,7.875,1.240,5.868,-0.184,0.088,-0.077,1666,0,0
4092334,7.798,1.458,6.031,-0.163,0.088,-0.093,1665,0,0
4092354,7.908,1.556,6.175,-0.215,0.055,-0.060,1664,0,0
4092374,7.985,1.492,6.223,-0.260,0.041,-0.031,1664,0,0
4092394,7.834,1.334,6.163,-0.234,0.019,-0.038,1664,0,0
4092414,7.748,1.417,5.842,-0.163,-0.018,-0.043,1664,0,0
4092434,7.860,1.544,5.552,-0.205,-0.028,-0.015,1664,0,0
4092454,7.906,1.432,5.550,-0.277,-0.009,0.005,1664,0,0
4092474,7.807,1.293,5.669,-0.264,0.012,-0.030,1664,0,0
4092494,7.693,1.487,5.725,-0.170,0.016,-0.072,1664,0,0
4092514,7.611,1.767,5.794,-0.134,-0.001,-0.071,1664,0,0
4092534,7.709,1.829,5.782,-0.163,-0.035,-0.040,1664,0,0
4092554,7.700,1.697,5.866,-0.201,-0.035,-0.029,1664,0,0
4092574,7.585,1.561,5.993,-0.135,-0.053,-0.057,1666,0,0
4092594,7.482,1.676,5.832,-0.057,-0.075,-0.078,1665,0,0
4092614,7.487,1.733,5.634,-0.077,-0.086,-0.068,1664,0,0
4092634,7.532,1.690,5.420,-0.098,-0.072,-0.040,1664,0,0
4092654,7.604,1.587,5.296,-0.086,-0.035,-0.030,1664,0,0
4092674,7.549,1.563,5.327,-0.057,0.010,-0.041,1664,0,0
4092694,7.494,1.618,5.492,-0.042,0.029,-0.049,1664,0,0
4092714,7.626,1.681,5.519,-0.021,0.024,-0.042,1665,0,0
4092734,7.719,1.748,5.533,-0.025,0.046,-0.041,1664,0,0
4092754,7.688,1.784,5.629,-0.017,0.060,-0.041,1664,0,0
4092774,7.688,1.851,5.662,0.029,0.062,-0.035,1664,0,0
4092794,7.788,1.987,5.820,0.042,0.064,-0.018,1664,0,0
4092814,7.779,1.935,5.928,0.007,0.052,0.003,1664,0,0
4092834,7.867,1.786,5.947,0.018,0.040,0.006,1665,0,0
4092854,7.942,1.774,5.930,0.072,0.048,-0.005,1664,0,0
4092874,7.891,1.856,5.899,0.092,0.055,0.005,1664,0,0
4092894,7.889,1.851,5.942,0.053,0.046,0.039,1664,0,0
4092914,7.894,1.621,5.993,0.005,0.035,0.059,1665,0,0
4092934,8.009,1.465,6.117,0.032,0.035,0.050,1663,0,0
4092954,7.956,1.417,6.220,0.034,0.044,0.037,1664,0,0
4092974,7.851,1.451,6.194,0.023,0.019,0.034,1664,0,0
4092994,7.922,1.484,6.163,-0.009,0.008,0.050,1664,0,0
4093014,7.903,1.381,6.239,-0.040,0.009,0.056,1664,0,0
4093034,7.800,1.377,6.407,-0.024,0.002,0.044,1664,0,0
4093054,7.724,1.472,6.390,-0.031,-0.026,0.053,1664,0,0
4093074,7.707,1.451,6.400,-0.070,-0.044,0.075,1664,0,0
4093094,7.642,1.343,6.321,-0.108,-0.071,0.078,1664,0,0
4093114,7.616,1.209,6.096,-0.114,-0.080,0.067,1665,0,0
4093134,7.633,1.097,5.902,-0.131,-0.072,0.051,1664,0,0
4093154,7.645,0.946,5.842,-0.142,-0.060,0.022,1664,0,0
4093174,7.580,0.974,5.763,-0.127,-0.051,-0.014,1664,0,0
4093194,7.551,1.128,5.677,-0.144,-0.055,-0.034,1664,0,0
4093214,7.539,1.216,5.440,-0.178,-0.054,-0.038,1664,0,0
4093234,7.582,1.274,5.286,-0.155,-0.022,-0.045,1664,0,0
4093254,7.635,1.393,5.279,-0.147,0.009,-0.058,1664,0,0
4093274,7.657,1.547,5.279,-0.125,0.039,-0.063,1665,0,0
4093294,7.616,1.702,5.423,-0.137,0.049,-0.060,1664,0,0
4093314,7.688,1.781,5.416,-0.127,0.046,-0.055,1664,0,0
4093334,7.817,1.899,5.452,-0.074,0.057,-0.047,1664,0,0
4093354,7.831,1.903,5.535,-0.080,0.075,-0.042,1664,0,0
4093374,7.788,1.889,5.590,-0.047,0.075,-0.048,1663,0,0
4093394,7.884,1.870,5.693,0.019,0.071,-0.064,1664,0,0
4093414,7.932,2.025,5.638,0.060,0.068,-0.057,1664,0,0
4093434,7.961,2.102,5.765,0.025,0.067,-0.023,1664,0,0
4093454,7.939,2.054,5.847,0.009,0.061,0.013,1664,0,0
4093474,7.949,1.954,6.021,0.045,0.067,0.025,1664,0,0
4093494,7.908,1.961,6.136,0.097,0.052,0.040,1664,0,0
4093514,7.839,1.901,6.220,0.080,0.022,0.076,1666,0,0
4093534,7.829,1.681,6.242,0.039,0.002,0.102,1665,0,0
4093554,7.805,1.413,6.203,0.029,-0.014,0.100,1665,0,0
4093574,7.810,1.252,6.074,0.049,-0.024,0.083,1667,0,0
4093594,7.824,1.226,5.981,0.050,-0.009,0.062,1665,0,0
4093614,7.707,1.238,6.074,-0.009,0.011,0.045,1665,0,0
4093634,7.606,1.140,6.158,-0.034,0.004,0.031,1665,0,0
4093654,7.578,1.116,5.969,-0.025,-0.018,0.006,1666,0,0
4093674,7.678,1.204,5.660,-0.011,-0.012,-0.022,1665,0,0
4093694,7.671,1.403,5.578,-0.032,0.021,-0.028,1664,0,0
4093714,7.654,1.535,5.646,-0.058,0.036,-0.014,1665,0,0
4093734,7.661,1.583,5.703,-0.054,0.045,-0.002,1665,0,0
4093754,7.618,1.657,5.748,-0.028,0.046,0.000,1666,0,0
4093774,7.733,1.767,5.780,-0.005,0.046,0.004,1665,0,0
4093794,7.647,1.872,5.938,-0.029,0.049,0.019,1665,0,0
4093814,7.616,1.791,6.000,-0.036,0.019,0.032,1665,0,0
4093834,7.700,1.688,5.935,-0.014,-0.008,0.019,1665,0,0
4093854,7.772,1.645,5.890,-0.013,0.006,-0.005,1665,0,0
4093874,7.669,1.568,5.899,0.007,0.007,-0.023,1665,0,0
4093894,7.728,1.528,5.801,0.023,-0.005,-0.025,1665,0,0
4093914,7.714,1.511,5.772,-0.000,0.004,-0.024,1665,0,0
4093934,7.712,1.551,5.751,-0.023,0.011,-0.021,1665,0,0
4093954,7.714,1.518,5.842,-0.046,0.017,-0.013,1667,0,0
4093974,7.791,1.501,5.887,-0.030,0.027,-0.010,1664,0,0
4093994,7.851,1.487,5.892,-0.022,0.046,-0.010,1665,0,0
4094014,7.757,1.559,5.945,-0.035,0.056,0.003,1665,0,0
4094034,7.707,1.554,6.024,-0.073,0.028,0.018,1667,0,0
4094054,7.793,1.496,6.029,-0.094,0.001,0.015,1666,0,0
4094074,7.836,1.448,5.935,-0.100,0.007,-0.011,1667,0,0
4094094,7.805,1.432,5.952,-0.068,0.008,-0.034,1666,0,0
4094114,7.774,1.664,5.842,-0.042,0.001,-0.029,1666,0,0
4094134,7.709,1.671,5.753,-0.103,-0.003,-0.017,1666,0,0
4094154,7.661,1.683,5.737,-0.103,0.002,-0.026,1666,0,0
4094174,7.640,1.707,5.801,-0.094,0.006,-0.038,1665,0,0
4094194,7.628,1.800,5.827,-0.058,0.010,-0.026,1665,0,0
4094214,7.575,1.784,5.775,-0.063,0.001,-0.010,1665,0,0
4094234,7.647,1.705,5.717,-0.064,0.007,-0.009,1666,0,0
4094254,7.597,1.695,5.725,-0.081,0.032,-0.020,1666,0,0
4094274,7.597,1.695,5.827,-0.074,0.037,-0.028,1665,0,0
4094294,7.671,1.688,5.868,-0.052,0.032,-0.033,1667,0,0
4094314,7.738,1.626,5.789,-0.042,0.025,-0.032,1667,0,0
4094334,7.714,1.657,5.854,-0.060,0.026,-0.038,1666,0,0
4094354,7.733,1.700,5.902,-0.068,0.019,-0.027,1667,0,0
4094374,7.769,1.678,5.825,-0.057,0.023,-0.019,1666,0,0
4094394,7.760,1.642,5.830,-0.050,0.040,-0.027,1666,0,0
4094414,7.724,1.688,5.971,-0.025,0.038,-0.035,1665,0,0
4094434,7.738,1.805,6.012,-0.029,0.018,-0.023,1665,0,0
4094454,7.772,1.817,5.928,-0.071,0.001,0.010,1666,0,0
4094474,7.807,1.633,5.868,-0.096,-0.009,0.019,1666,0,0
4094494,7.841,1.480,5.820,-0.081,0.005,-0.008,1665,0,0
4094514,7.819,1.595,5.839,-0.021,0.034,-0.031,1665,0,0
4094534,7.736,1.784,5.933,-0.032,0.035,-0.024,1666,0,0
4094554,7.678,1.776,5.935,-0.085,-0.002,-0.004,1665,0,0
4094574,7.738,1.743,5.823,-0.094,-0.019,0.003,1665,0,0
4094594,7.779,1.671,5.770,-0.096,-0.003,-0.005,1665,0,0
4094614,7.697,1.688,5.820,-0.047,0.018,-0.022,1665,0,0
4094634,7.676,1.788,5.844,-0.022,0.016,-0.031,1665,0,0
4094654,7.683,1.901,5.823,-0.046,0.018,-0.008,1665,0,0
4094674,7.611,1.865,5.839,-0.085,0.007,0.016,1666,0,0
4094694,7.693,1.760,5.904,-0.075,-0.010,0.022,1665,0,0
4094714,7.767,1.681,5.784,-0.059,-0.003,0.012,1665,0,0
4094734,7.793,1.630,5.715,-0.049,0.020,0.006,1665,0,0
4094754,7.767,1.700,5.811,-0.022,0.042,-0.002,1665,0,0
4094774,7.664,1.741,5.930,-0.050,0.032,0.011,1666,0,0
4094794,7.666,1.707,5.902,-0.066,-0.002,0.026,1665,0,0
4094814,7.760,1.666,5.859,-0.068,-0.009,0.022,1665,0,0
4094834,7.752,1.702,5.839,-0.051,0.007,0.023,1665,0,0
4094854,7.681,1.635,5.837,-0.059,0.015,0.033,1665,0,0
4094874,7.731,1.583,5.801,-0.061,-0.000,0.022,1666,0,0
4094894,7.726,1.597,5.863,-0.079,0.013,0.009,1664,0,0
4094914,7.685,1.650,5.902,-0.049,0.020,0.010,1666,0,0
4094934,7.673,1.669,5.851,-0.055,0.020,0.025,1665,0,0
4094954,7.659,1.683,5.856,-0.077,0.019,0.033,1666,0,0
4094974,7.671,1.611,5.935,-0.104,0.011,0.034,1666,0,0
4094994,7.719,1.578,5.904,-0.081,0.003,0.032,1666,0,0
4095014,7.702,1.575,5.844,-0.066,0.013,0.026,1666,0,0
4095034,7.645,1.587,5.753,-0.064,0.014,0.026,1666,0,0
4095054,7.693,1.664,5.770,-0.086,0.021,0.037,1665,0,0
4095074,7.597,1.611,5.866,-0.121,0.016,0.052,1665,0,0
4095094,7.654,1.561,5.871,-0.117,0.002,0.056,1666,0,0
4095114,7.743,1.451,5.832,-0.105,0.010,0.040,1666,0,0
4095134,7.774,1.504,5.792,-0.054,0.037,0.012,1665,0,0
4095154,7.717,1.633,5.887,-0.056,0.051,0.011,1666,0,0
4095174,7.602,1.755,5.974,-0.100,0.023,0.051,1666,0,0
4095194,7.702,1.645,5.976,-0.163,-0.014,0.089,1666,0,0
4095214,7.824,1.408,5.926,-0.141,-0.013,0.079,1667,0,0
4095234,7.863,1.314,5.868,-0.070,0.018,0.026,1665,0,0
4095254,7.774,1.405,5.885,-0.006,0.035,-0.014,1665,0,0
4095274,7.714,1.513,5.885,-0.027,0.022,-0.007,1665,0,0
4095294,7.724,1.532,5.928,-0.075,0.005,0.008,1666,0,0
4095314,7.750,1.496,5.986,-0.079,0.005,0.018,1666,0,0
4095334,7.719,1.511,5.990,-0.059,0.017,0.020,1666,0,0
4095354,7.707,1.441,5.892,-0.030,0.011,0.007,1666,0,0
4095374,7.733,1.489,5.801,-0.012,0.020,0.000,1667,0,0
4095394,7.724,1.489,5.871,-0.067,0.030,0.018,1666,0,0
4095414,7.719,1.405,5.993,-0.064,0.031,0.017,1666,0,0
4095434,7.767,1.432,5.923,-0.025,0.025,0.008,1665,0,0
4095454,7.762,1.472,5.878,-0.021,0.030,0.007,1666,0,0
4095474,7.733,1.525,5.899,-0.030,0.024,0.012,1666,0,0
4095494,7.767,1.484,5.942,-0.034,0.026,0.012,1666,0,0
4095514,7.743,1.547,5.950,-0.029,0.018,0.014,1666,0,0
4095534,7.709,1.403,5.978,-0.056,0.004,0.005,1666,0,0
4095554,7.784,1.477,5.902,-0.010,-0.010,0.002,1666,0,0
4095574,7.807,1.504,5.830,-0.059,-0.002,-0.001,1665,0,0
4095594,7.786,1.444,5.861,-0.058,-0.005,-0.013,1666,0,0
4095614,7.824,1.446,5.804,-0.029,0.007,-0.027,1666,0,0
4095634,7.796,1.434,5.863,-0.014,0.025,-0.037,1666,0,0
4095654,7.671,1.518,5.983,-0.016,0.009,-0.042,1666,0,0
4095674,7.726,1.626,5.926,-0.034,-0.020,-0.018,1667,0,0
4095694,7.750,1.575,5.823,-0.066,-0.009,0.011,1666,0,0
4095714,7.709,1.470,5.816,-0.066,0.006,0.005,1668,0,0
4095734,7.666,1.460,5.849,-0.044,0.005,-0.012,1667,0,0
4095754,7.733,1.530,5.964,-0.044,0.018,-0.015,1666,0,0
4095774,7.659,1.575,6.014,-0.030,0.008,-0.007,1666,0,0
4095794,7.702,1.573,5.892,-0.055,-0.010,0.011,1666,0,0
4095814,7.755,1.448,5.741,-0.085,-0.006,0.014,1666,0,0
4095834,7.767,1.369,5.751,-0.049,0.017,-0.016,1667,0,0
4095854,7.743,1.427,5.844,-0.019,0.030,-0.046,1666,0,0
4095874,7.721,1.542,5.942,-0.025,0.025,-0.054,1666,0,0
4095894,7.664,1.693,5.966,-0.040,0.017,-0.033,1667,0,0
4095914,7.602,1.674,5.935,-0.062,0.002,-0.017,1666,0,0
4095934,7.683,1.609,5.808,-0.035,-0.008,-0.019,1665,0,0
4095954,7.731,1.626,5.799,-0.043,0.005,-0.019,1667,0,0
4095974,7.705,1.523,5.885,-0.063,0.014,-0.020,1665,0,0
4095994,7.695,1.528,5.868,-0.037,0.016,-0.030,1666,0,0
4096014,7.669,1.532,5.849,-0.022,0.017,-0.035,1666,0,0
4096034,7.707,1.566,5.775,-0.010,0.017,-0.042,1665,0,0
4096054,7.740,1.604,5.806,-0.053,0.024,-0.031,1665,0,0
4096074,7.690,1.616,5.875,-0.062,0.031,-0.025,1665,0,0
4096094,7.659,1.657,5.993,-0.058,0.024,-0.019,1665,0,0
4096114,7.673,1.654,5.816,-0.051,0.006,-0.003,1665,0,0
4096134,7.762,1.592,5.746,-0.071,0.018,-0.003,1665,0,0
4096154,7.757,1.525,5.801,-0.062,0.037,-0.023,1665,0,0
4096174,7.726,1.659,5.957,-0.035,0.048,-0.030,1665,0,0
4096194,7.669,1.769,6.050,-0.052,0.032,-0.002,1665,0,0
4096214,7.673,1.638,5.897,-0.094,0.003,0.015,1666,0,0
4096234,7.769,1.480,5.782,-0.077,0.007,-0.009,1665,0,0
4096254,7.841,1.448,5.775,-0.047,0.035,-0.038,1666,0,0
4096274,7.762,1.638,5.988,-0.027,0.056,-0.041,1665,0,0
4096294,7.661,1.731,6.098,-0.078,0.016,-0.011,1665,0,0
4096314,7.717,1.628,5.962,-0.092,-0.019,0.002,1666,0,0
4096334,7.815,1.566,5.878,-0.084,-0.008,-0.011,1668,0,0
4096354,7.762,1.642,5.909,-0.042,0.014,-0.024,1665,0,0
4096374,7.673,1.748,5.952,-0.055,-0.003,-0.007,1665,0,0
4096394,7.721,1.690,5.902,-0.085,-0.021,0.017,1666,0,0
4096414,7.693,1.513,5.789,-0.090,-0.006,0.004,1664,0,0
4096434,7.719,1.523,5.741,-0.044,0.000,-0.018,1665,0,0
4096454,7.731,1.640,5.780,-0.066,0.017,-0.015,1666,0,0
4096474,7.688,1.662,5.923,-0.063,0.022,-0.015,1665,0,0
4096494,7.647,1.776,5.899,-0.055,0.013,-0.004,1666,0,0
4096514,7.705,1.686,5.837,-0.088,-0.002,0.017,1665,0,0
4096534,7.786,1.568,5.827,-0.072,0.015,0.012,1667,0,0
4096554,7.719,1.592,5.883,-0.034,0.022,-0.016,1665,0,0
4096574,7.736,1.774,5.837,-0.029,0.016,-0.011,1665,0,0
4096594,7.712,1.781,5.868,-0.069,0.005,0.022,1665,0,0
4096614,7.760,1.681,5.890,-0.069,-0.007,0.032,1665,0,0
4096634,7.772,1.580,5.935,-0.046,-0.006,0.013,1665,0,0
4096654,7.748,1.571,5.945,-0.026,0.002,-0.002,1666,0,0
4096674,7.659,1.626,5.921,-0.031,-0.016,-0.001,1665,0,0
4096694,7.731,1.587,5.811,-0.051,-0.025,0.012,1665,0,0
4096714,7.721,1.520,5.772,-0.074,-0.010,0.013,1665,0,0
4096734,7.712,1.451,5.880,-0.056,0.008,-0.003,1666,0,0
4096754,7.673,1.499,5.928,-0.029,0.014,-0.011,1665,0,0
4096774,7.709,1.518,5.871,-0.060,0.005,0.001,1665,0,0
4096796,7.712,1.501,5.830,-0.102,0.004,0.010,1665,0,0
4096814,7.721,1.422,5.878,-0.096,0.013,-0.002,1664,0,0
4096834,7.688,1.487,5.897,-0.056,0.021,-0.021,1665,0,0
4096854,7.652,1.528,5.890,-0.053,0.011,-0.033,1665,0,0
4096874,7.678,1.628,5.806,-0.058,0.010,-0.029,1666,0,0
4096894,7.642,1.678,5.827,-0.111,0.014,-0.018,1665,0,0
4096914,7.700,1.585,5.784,-0.090,0.007,-0.022,1665,0,0
4096934,7.772,1.633,5.777,-0.055,0.031,-0.032,1665,0,0
4096954,7.719,1.674,5.782,-0.055,0.042,-0.030,1665,0,0
4096974,7.664,1.724,5.895,-0.056,0.025,-0.018,1666,0,0
4096994,7.815,1.693,5.899,-0.086,0.005,0.002,1665,0,0
4097014,7.798,1.647,5.897,-0.077,0.018,0.006,1664,0,0
4097034,7.745,1.559,5.887,-0.049,0.012,-0.008,1664,0,0
4097054,7.791,1.549,5.796,-0.021,0.017,-0.017,1664,0,0
4097074,7.690,1.587,5.830,-0.055,0.028,-0.015,1664,0,0
4097094,7.683,1.626,5.899,-0.068,0.006,-0.002,1664,0,0
4097114,7.800,1.568,5.859,-0.086,0.005,0.009,1664,0,0
4097134,7.781,1.487,5.918,-0.074,0.023,-0.012,1665,0,0
4097154,7.748,1.621,5.974,-0.036,0.019,-0.033,1664,0,0
4097174,7.707,1.709,5.942,-0.044,-0.003,-0.015,1664,0,0
4097194,7.805,1.652,5.813,-0.082,-0.003,0.007,1664,0,0
4097214,7.757,1.520,5.854,-0.096,0.022,0.001,1664,0,0
4097234,7.633,1.523,5.966,-0.063,0.013,-0.019,1665,0,0
4097254,7.661,1.628,5.945,-0.048,-0.007,-0.022,1664,0,0
4097274,7.700,1.671,5.835,-0.074,-0.010,-0.013,1665,0,0
4097294,7.678,1.640,5.763,-0.071,0.007,-0.016,1664,0,0
4097314,7.657,1.674,5.763,-0.048,0.023,-0.017,1664,0,0
4097334,7.633,1.731,5.770,-0.054,0.031,-0.005,1664,0,0
4097354,7.664,1.654,5.942,-0.086,0.019,0.003,1664,0,0
4097374,7.728,1.585,5.923,-0.055,0.014,-0.006,1664,0,0
4097394,7.791,1.616,5.825,-0.038,0.030,-0.012,1664,0,0
4097414,7.712,1.638,5.878,-0.041,0.046,-0.009,1663,0,0
4097434,7.688,1.638,5.971,-0.057,0.014,-0.004,1665,0,0
4097454,7.810,1.640,5.926,-0.064,-0.006,0.008,1664,0,0
4097474,7.875,1.532,5.904,-0.077,0.005,0.007,1664,0,0
4097494,7.805,1.511,5.964,-0.037,0.014,-0.015,1664,0,0
4097514,7.740,1.635,5.911,-0.025,0.009,-0.016,1664,0,0
4097534,7.709,1.686,5.897,-0.066,-0.007,0.007,1664,0,0
4097554,7.695,1.530,5.873,-0.098,-0.014,0.012,1664,0,0
4097574,7.752,1.542,5.883,-0.059,-0.007,-0.007,1664,0,0
4097594,7.705,1.638,5.885,-0.048,0.005,-0.016,1664,0,0
4097614,7.714,1.707,5.873,-0.045,0.005,-0.008,1664,0,0
4097634,7.697,1.719,5.899,-0.064,0.012,0.004,1664,0,0
4097654,7.693,1.647,5.887,-0.083,-0.010,0.020,1664,0,0
4097674,7.796,1.542,5.796,-0.075,-0.010,0.029,1664,0,0
4097694,7.786,1.458,5.851,-0.064,0.015,0.008,1664,0,0
4097714,7.671,1.513,5.959,-0.034,0.008,-0.014,1664,0,0
4097734,7.604,1.645,5.892,-0.043,-0.015,-0.012,1664,0,0
4097754,7.705,1.652,5.794,-0.073,-0.023,0.001,1664,0,0
4097774,7.712,1.585,5.794,-0.077,-0.014,-0.001,1665,0,0
4097794,7.733,1.575,5.799,-0.048,-0.001,-0.006,1664,0,0
4097814,7.721,1.616,5.760,-0.047,0.021,-0.005,1664,0,0
4097834,7.664,1.566,5.782,-0.053,0.021,-0.008,1664,0,0
4097854,7.700,1.599,5.849,-0.056,0.013,-0.006,1664,0,0
4097874,7.796,1.590,5.799,-0.075,0.010,0.002,1664,0,0
4097894,7.807,1.494,5.794,-0.081,0.023,-0.002,1664,0,0
4097914,7.733,1.511,5.777,-0.039,0.032,-0.020,1664,0,0
4097934,7.705,1.599,5.806,-0.056,0.021,-0.025,1664,0,0
4097954,7.824,1.609,5.930,-0.083,0.013,-0.020,1664,0,0
4097974,7.798,1.657,6.029,-0.069,0.014,-0.017,1664,0,0
4097994,7.717,1.686,6.000,-0.043,0.010,-0.017,1664,0,0
4098014,7.659,1.719,5.849,-0.043,-0.003,-0.007,1664,0,0
4098034,7.750,1.640,5.693,-0.074,-0.014,0.015,1664,0,0
4098054,7.812,1.542,5.737,-0.099,0.011,0.015,1664,0,0
4098074,7.769,1.482,5.787,-0.069,0.028,0.001,1665,0,0
4098094,7.731,1.556,5.808,-0.045,0.037,-0.003,1663,0,0
4098114,7.685,1.573,5.863,-0.071,0.029,0.001,1664,0,0
4098134,7.750,1.595,5.861,-0.077,0.012,-0.002,1664,0,0
4098154,7.798,1.537,5.883,-0.095,0.021,0.002,1665,0,0
4098174,7.695,1.501,5.792,-0.044,0.016,-0.005,1665,0,0
4098194,7.784,1.508,5.751,-0.044,-0.007,-0.003,1663,0,0
4098214,7.829,1.520,5.686,-0.067,0.032,0.001,1663,0,0
4098234,7.719,1.355,5.928,-0.059,0.038,-0.000,1663,0,0
4098254,7.705,1.523,5.899,0.010,-0.000,0.001,1662,0,0
4098274,7.898,1.501,5.981,-0.034,-0.028,0.018,1660,0,0
4098294,8.021,1.369,6.057,-0.006,-0.054,0.009,1656,0,0
4098314,7.956,1.494,6.273,0.110,-0.111,-0.007,1642,0,0
4098334,7.997,1.688,5.959,0.205,-0.201,-0.005,1608,0,0
4098354,7.824,1.992,5.801,0.169,-0.257,0.109,1522,0,0
4098374,8.157,1.829,5.940,0.126,-0.307,0.188,1451,0,0
4098394,8.258,1.800,5.964,-0.002,-0.315,0.196,1385,0,0
4098414,7.977,1.987,6.086,0.012,-0.319,0.179,1323,0,0
4098434,7.707,1.805,7.695,0.228,-0.630,0.181,1268,0,0
4098454,7.803,2.279,7.681,0.372,-1.030,0.341,1214,0,0
4098474,7.944,2.907,6.732,0.538,-1.303,0.516,1165,0,0
4098494,8.626,2.595,6.737,0.288,-1.573,0.703,1104,0,0
4098514,8.971,1.741,5.590,-0.135,-1.614,0.890,1054,0,0
4098534,8.399,1.712,4.568,0.163,-1.490,0.803,999,0,0
4098554,8.370,1.111,4.666,0.188,-1.472,0.621,959,0,0
4098574,9.656,0.685,4.915,0.183,-1.541,0.597,915,0,0
4098594,9.328,0.965,4.463,0.385,-1.480,0.666,880,0,0
4098614,7.630,1.899,4.559,0.133,-1.579,0.682,867,0,0
4098634,8.442,1.432,5.037,0.078,-1.998,0.680,846,0,0
4098654,8.854,1.573,1.946,0.395,-1.760,0.885,828,0,0
4098674,9.917,1.405,1.539,0.426,-1.252,0.866,807,0,0
4098694,9.895,0.206,1.348,0.381,-0.621,0.472,798,0,0
4098714,8.320,1.472,2.830,0.583,-0.325,0.187,795,0,0
4098734,8.918,1.053,2.267,0.406,-0.304,0.159,791,0,0
4098754,8.562,1.274,1.532,0.397,-0.031,0.149,791,0,0
4098774,7.582,0.146,1.717,0.243,0.055,0.094,794,0,0
4098794,7.408,-0.062,0.905,0.484,0.125,-0.065,798,0,0
4098814,7.666,-0.079,-0.268,0.382,0.282,-0.111,801,0,0
4098834,7.731,-1.120,-0.702,0.220,0.523,-0.191,808,0,0
4098854,7.908,-1.513,-1.041,0.066,0.668,-0.325,815,0,0
4098874,8.950,-1.647,-1.908,-0.068,0.873,-0.463,816,0,0
4098894,9.543,-1.786,-2.148,-0.338,1.089,-0.530,818,0,0
4098914,10.197,-2.684,-2.605,-0.638,1.241,-0.563,822,0,0
4098934,10.008,-2.686,-1.865,-0.793,1.390,-0.600,825,0,0
4098954,10.716,-2.344,-0.946,-0.872,1.120,-0.494,829,0,0
4098974,13.017,-1.259,-1.013,-0.923,1.136,-0.433,831,0,0
4098994,13.269,-0.148,0.694,-1.167,1.228,-0.343,833,0,0
4099014,12.153,-1.276,1.678,-1.280,1.039,-0.233,834,0,0
4099034,12.165,-0.496,2.097,-1.022,0.661,-0.089,836,0,0
4099054,12.799,0.194,4.204,-1.049,0.442,-0.044,837,0,0
4099074,12.641,1.516,6.436,-0.883,0.203,-0.019,838,0,0
4099094,11.540,1.973,6.414,-0.932,-0.297,0.180,842,0,0
4099114,11.052,0.702,4.793,-0.890,-0.569,0.421,844,0,0
4099134,10.937,1.250,6.100,-0.861,-0.495,0.510,846,0,0
4099154,10.795,1.398,10.264,-0.689,-0.663,0.541,848,0,0
4099174,10.901,2.492,11.878,-0.422,-0.979,0.455,852,0,0
4099194,10.965,2.385,11.487,-0.353,-1.262,0.298,854,0,0
4099214,10.664,2.315,9.893,-0.180,-1.359,0.085,856,0,0
4099234,9.723,2.298,8.686,0.038,-1.196,-0.091,860,0,0
4099254,7.779,2.600,8.334,0.164,-1.122,-0.080,862,0,0
4099274,7.324,1.544,7.123,0.060,-1.148,-0.033,864,0,0
4099294,7.489,1.018,6.158,0.127,-0.992,-0.114,865,0,0
4099314,7.659,0.651,5.191,0.203,-0.671,-0.250,866,0,0
4099334,6.926,1.231,4.343,0.421,-0.148,-0.371,869,0,0
4099354,4.858,1.374,5.820,0.423,-0.216,-0.278,872,0,0
4099374,5.413,1.271,4.058,0.565,-0.484,-0.082,874,0,0
4099394,7.080,0.716,1.537,0.557,-0.237,-0.065,877,0,0
4099414,7.796,0.278,0.012,0.535,0.382,-0.196,877,0,0
4099434,5.471,0.706,2.035,0.536,0.648,-0.244,879,0,0
4099454,5.995,0.627,1.970,0.669,0.370,-0.106,880,0,0
4099474,7.616,0.560,0.199,0.635,0.395,-0.004,880,0,0
4099494,8.358,-0.551,-0.627,0.524,0.666,-0.042,880,0,0
4099514,8.100,-0.850,-0.625,0.620,0.823,-0.200,880,0,0
4099534,8.569,-1.106,-0.464,0.650,0.794,-0.298,880,0,0
4099554,9.266,-0.812,-0.769,0.737,0.746,-0.272,880,0,0
4099574,9.713,-1.595,-1.073,0.488,0.683,-0.225,881,0,0
4099594,10.068,-2.176,-1.566,0.342,0.591,-0.218,881,0,0
4099614,9.752,-2.713,-2.162,0.171,0.404,-0.092,883,0,0
4099634,10.798,-3.165,-2.650,-0.065,0.335,0.076,883,0,0
4099654,12.091,-3.256,-2.500,-0.386,0.530,0.096,884,0,0
4099674,11.842,-3.069,-0.783,-0.578,0.633,0.158,884,0,0
4099694,12.835,-2.507,0.165,-0.812,0.481,0.306,884,0,0
4099714,13.704,-2.212,0.821,-1.012,0.493,0.343,885,0,0
4099734,13.166,-1.796,2.023,-1.166,0.472,0.274,885,0,0
4099754,12.342,-1.037,3.357,-1.070,0.315,0.233,885,0,0
4099774,12.254,0.520,5.064,-0.943,0.077,0.280,885,0,0
4099794,12.421,1.417,6.416,-0.922,-0.116,0.370,886,0,0
4099814,12.074,1.240,6.500,-0.984,-0.209,0.423,889,0,0
4099834,10.896,0.919,7.233,-0.834,-0.259,0.335,888,0,0
4099854,10.815,1.034,8.006,-0.773,-0.432,0.213,889,0,0
4099874,10.728,1.448,8.298,-0.613,-0.387,0.046,890,0,0
4099894,10.118,1.717,8.780,-0.431,-0.345,-0.136,890,0,0
4099914,9.352,2.612,8.602,-0.257,-0.336,-0.186,893,0,0
4099933,8.820,2.595,8.370,-0.290,-0.416,-0.076,893,0,0
4099954,9.074,1.879,7.616,-0.296,-0.434,-0.026,895,0,0
4099974,8.677,1.290,7.221,-0.213,-0.389,-0.046,895,0,0
4099994,8.286,0.785,6.316,-0.036,-0.372,-0.063,896,0,0
4100014,7.254,1.173,6.685,0.091,-0.411,-0.001,896,0,0
4100034,8.025,0.577,6.053,0.064,-0.544,0.087,897,0,0
4100054,8.768,0.160,4.726,0.106,-0.396,0.033,898,0,0
4100074,9.708,-0.620,2.794,0.051,0.105,-0.201,899,0,0
4100094,5.940,0.180,5.282,0.189,0.511,-0.394,901,0,0
4100114,4.650,0.103,7.348,0.240,-0.334,-0.173,904,0,0
4100134,7.671,0.280,3.682,0.553,-0.765,-0.087,905,0,0
4100154,7.887,0.536,2.040,0.456,-0.559,-0.061,907,0,0
4100174,7.712,0.079,1.391,0.394,-0.367,-0.048,907,0,0
4100194,7.326,0.144,1.559,0.481,-0.312,-0.041,907,0,0
4100214,7.927,-0.158,1.025,0.423,-0.345,0.040,907,0,0
4100234,8.471,-0.903,0.199,0.455,-0.282,0.098,909,0,0
4100254,9.177,-1.413,-0.563,0.380,-0.120,0.026,908,0,0
4100274,9.321,-1.348,-0.455,0.375,0.068,-0.135,908,0,0
4100294,9.787,-0.838,-0.089,0.300,0.158,-0.153,909,0,0
4100314,10.405,-1.262,0.148,0.165,0.159,-0.114,909,0,0
4100334,11.207,-1.456,0.026,0.106,0.207,-0.182,910,0,0
4100354,11.059,-1.149,0.599,0.058,0.261,-0.266,910,0,0
4100374,10.925,-0.613,1.422,0.044,0.188,-0.247,911,0,0
4100394,11.267,-0.259,1.417,-0.004,0.084,-0.149,910,0,0
4100414,11.353,-0.429,1.274,-0.108,0.082,-0.111,911,0,0
4100434,10.927,-0.292,1.580,-0.123,0.120,-0.151,911,0,0
4100454,10.621,0.043,1.697,-0.113,0.144,-0.160,912,0,0
4100474,10.331,0.259,2.109,-0.096,0.168,-0.147,912,0,0
4100494,10.204,0.814,2.768,-0.091,0.155,-0.126,912,0,0
4100514,10.309,1.116,3.182,-0.123,0.106,-0.074,912,0,0
4100534,10.020,0.919,3.433,-0.152,0.033,-0.056,912,0,0
4100554,9.737,0.778,2.816,-0.150,-0.030,-0.045,913,0,0
4100574,10.036,0.670,1.923,-0.179,0.082,-0.035,920,0,0
4100594,9.984,0.632,1.714,-0.361,0.381,-0.136,932,0,0
4100614,8.933,0.115,2.198,-0.538,0.644,-0.265,946,0,0
4100634,9.148,0.204,2.921,-0.478,0.666,-0.363,965,0,0
4100654,9.124,0.524,2.840,-0.385,0.795,-0.399,1000,0,0
4100674,8.461,0.840,2.892,-0.365,0.904,-0.384,1050,0,0
4100694,8.341,0.800,2.758,-0.670,1.007,-0.356,1115,0,0
4100714,9.627,0.752,2.193,-0.751,1.256,-0.377,1196,0,0
4100734,9.237,1.247,2.181,-0.759,1.654,-0.358,1266,0,0
4100754,9.146,0.855,0.678,-0.756,2.333,-0.053,1365,0,0
4100774,7.879,1.274,3.069,-0.820,2.916,0.179,1502,0,0
4100794,8.229,-1.544,9.055,-0.751,1.754,-0.244,1642,0,0
4100814,7.429,-1.367,8.308,-1.264,1.159,-0.247,1758,0,0
4100860,8.389,0.912,6.452,0.525,0.260,-0.320,1882,0,0
4100871,8.650,1.109,6.505,0.153,0.241,-0.237,1895,0,0
4100884,8.619,1.109,6.297,-0.302,0.250,-0.147,1906,0,0
4100895,8.533,0.773,5.983,-0.479,0.288,-0.093,1914,0,0
4100914,8.282,0.378,5.816,-0.072,0.301,-0.058,1919,0,0
4100934,7.489,0.855,5.969,0.162,0.206,-0.056,1924,0,0
4100954,7.611,0.821,6.450,0.030,-0.001,-0.044,1927,0,0
4100974,8.183,0.618,6.270,-0.086,-0.158,0.033,1928,0,0
4100994,8.516,0.536,5.854,-0.065,-0.137,0.069,1927,0,0
4101014,8.296,0.345,5.667,-0.082,-0.010,0.049,1927,0,0
4101034,7.939,0.048,5.538,-0.029,0.022,0.029,1925,0,0
4101054,7.908,0.172,5.698,0.105,-0.059,-0.015,1925,0,0
4101074,8.011,0.309,5.808,0.030,-0.138,-0.036,1923,0,0
4101094,8.425,0.385,5.832,-0.010,-0.119,-0.026,1921,0,0
4101114,8.485,0.570,5.634,0.021,-0.034,-0.019,1915,0,0
4101134,7.803,0.663,5.449,-0.047,0.043,-0.054,1913,0,0
4101154,7.870,0.560,5.720,-0.006,-0.022,-0.070,1910,0,0
4101174,8.102,0.539,5.588,0.001,-0.019,-0.041,1908,0,0
4101194,8.061,0.615,5.499,0.014,0.010,-0.024,1906,0,0
4101214,7.903,0.680,5.452,-0.026,0.022,-0.026,1902,0,0
4101234,7.920,0.637,5.483,-0.082,0.031,-0.040,1895,0,0
4101254,7.891,0.438,5.488,-0.079,0.046,-0.042,1890,0,0
4101274,8.028,0.527,5.756,-0.011,0.045,-0.056,1887,0,0
4101294,8.052,0.541,5.775,-0.036,0.038,-0.084,1883,0,0
4101314,8.030,0.608,5.693,-0.006,0.034,-0.089,1881,0,0
4101334,8.033,0.658,5.631,0.010,0.058,-0.092,1876,0,0
4101354,7.887,0.661,5.567,-0.004,0.067,-0.101,1873,0,0
4101374,7.903,0.713,5.646,0.011,0.014,-0.104,1872,0,0
4101394,8.085,0.785,5.626,-0.053,0.005,-0.078,1867,0,0
4101414,8.107,0.867,5.782,-0.054,0.013,-0.061,1861,0,0
4101434,8.109,0.761,5.770,-0.070,0.039,-0.062,1855,0,0
