4249422,8.449,0.606,5.045,-0.036,0.019,-0.011,1782,0,0
4249442,8.435,0.622,5.073,-0.031,0.020,-0.013,1782,0,0
4249462,8.452,0.663,5.073,-0.077,0.013,-0.011,1782,0,0
4249482,8.435,0.692,5.219,-0.075,0.023,-0.013,1781,0,0
4249502,8.464,0.797,5.351,-0.044,0.026,-0.023,1781,0,0
4249522,8.420,0.881,5.332,-0.005,0.007,-0.014,1781,0,0
4249542,8.444,0.850,5.179,-0.045,-0.021,0.011,1781,0,0
4249562,8.499,0.711,5.112,-0.084,-0.018,0.021,1780,0,0
4249582,8.437,0.548,5.042,-0.080,-0.008,0.004,1780,0,0
4249602,8.526,0.613,5.090,-0.028,0.023,-0.018,1780,0,0
4249622,8.432,0.749,5.239,-0.047,0.033,-0.024,1782,0,0
4249642,8.394,0.740,5.303,-0.042,0.011,-0.016,1780,0,0
4249662,8.418,0.723,5.215,-0.055,-0.013,-0.010,1780,0,0
4249682,8.442,0.634,5.107,-0.062,-0.010,-0.014,1780,0,0
4249702,8.406,0.630,4.942,-0.030,0.004,-0.022,1779,0,0
4249722,8.454,0.721,4.999,-0.042,0.028,-0.027,1779,0,0
4249742,8.327,0.776,5.169,-0.066,0.048,-0.023,1779,0,0
4249762,8.313,0.766,5.265,-0.026,0.017,-0.023,1779,0,0
4249782,8.473,0.783,5.133,-0.021,0.005,-0.026,1779,0,0
4249802,8.499,0.742,5.164,-0.044,0.026,-0.023,1778,0,0
4249822,8.416,0.692,5.160,-0.027,0.026,-0.024,1780,0,0
4249842,8.507,0.749,5.200,-0.021,0.022,-0.023,1778,0,0
4249862,8.449,0.800,5.279,-0.052,0.019,-0.022,1780,0,0
4249882,8.382,0.848,5.332,-0.049,-0.003,-0.012,1779,0,0
4249902,8.428,0.797,5.198,-0.045,-0.043,-0.008,1778,0,0
4249922,8.533,0.728,4.956,-0.050,-0.026,-0.003,1779,0,0
4249942,8.423,0.718,4.982,-0.052,0.005,-0.020,1777,0,0
4249962,8.341,0.802,4.990,-0.037,0.003,-0.029,1777,0,0
4249982,8.382,0.929,5.090,-0.059,0.008,-0.015,1777,0,0
4250002,8.365,0.836,5.195,-0.072,0.017,-0.007,1777,0,0
4250022,8.440,0.836,5.176,-0.019,0.013,-0.010,1777,0,0
4250042,8.416,0.800,5.054,-0.031,0.009,-0.004,1777,0,0
4250062,8.411,0.790,5.028,-0.071,0.003,0.007,1777,0,0
4250082,8.483,0.713,5.162,-0.102,0.013,0.011,1777,0,0
4250102,8.461,0.622,5.248,-0.060,0.018,-0.010,1777,0,0
4250122,8.461,0.668,5.138,-0.001,0.018,-0.030,1777,0,0
4250142,8.356,0.860,5.174,-0.012,0.029,-0.026,1777,0,0
4250162,8.341,0.843,5.181,-0.087,0.007,-0.014,1777,0,0
4250182,8.444,0.766,5.071,-0.072,-0.005,-0.011,1777,0,0
4250202,8.559,0.848,5.131,-0.074,0.029,-0.020,1777,0,0
4250222,8.399,0.883,5.308,-0.035,0.045,-0.020,1777,0,0
4250242,8.394,0.919,5.231,-0.016,0.001,-0.003,1776,0,0
4250262,8.552,0.800,5.049,-0.092,-0.013,0.017,1776,0,0
4250282,8.507,0.534,5.057,-0.119,0.006,0.002,1776,0,0
4250302,8.468,0.618,5.104,-0.037,0.011,-0.026,1777,0,0
4250322,8.392,0.864,5.188,-0.022,0.023,-0.032,1776,0,0
4250342,8.248,0.991,5.181,-0.032,0.011,-0.019,1777,0,0
4250362,8.296,0.982,5.136,-0.073,-0.007,-0.001,1777,0,0
4250382,8.368,0.883,5.042,-0.068,-0.005,0.011,1777,0,0
4250402,8.490,0.797,5.059,-0.060,0.017,0.010,1776,0,0
4250422,8.473,0.802,5.205,-0.029,0.050,-0.006,1776,0,0
4250442,8.368,0.852,5.310,-0.013,0.026,-0.002,1776,0,0
4250462,8.394,0.869,5.306,-0.038,-0.017,0.018,1778,0,0
4250482,8.557,0.702,5.246,-0.103,-0.035,0.022,1777,0,0
4250502,8.569,0.632,5.203,-0.056,-0.022,-0.002,1777,0,0
4250522,8.435,0.702,5.162,-0.020,-0.009,-0.019,1777,0,0
4250542,8.332,0.783,5.013,-0.038,-0.026,-0.017,1777,0,0
4250562,8.401,0.766,4.963,-0.079,-0.021,-0.007,1777,0,0
4250582,8.406,0.757,5.069,-0.086,0.006,-0.010,1777,0,0
4250602,8.320,0.759,5.150,-0.070,0.011,-0.014,1778,0,0
4250622,8.387,0.764,5.037,-0.038,0.005,-0.013,1777,0,0
4250642,8.435,0.816,4.944,-0.062,0.024,-0.016,1777,0,0
4250662,8.435,0.807,5.013,-0.069,0.043,-0.018,1777,0,0
4250682,8.370,0.848,5.131,-0.053,0.040,-0.018,1777,0,0
4250702,8.394,0.814,5.224,-0.074,0.027,-0.014,1777,0,0
4250722,8.442,0.881,5.236,-0.054,0.013,-0.022,1777,0,0
4250742,8.447,0.915,5.181,-0.055,0.000,-0.019,1778,0,0
4250762,8.473,0.840,5.045,-0.058,-0.001,-0.001,1778,0,0
4250782,8.526,0.699,5.013,-0.073,0.018,0.002,1777,0,0
4250802,8.449,0.704,5.107,-0.068,0.028,-0.023,1777,0,0
4250822,8.380,0.802,5.176,-0.058,0.020,-0.033,1777,0,0
4250842,8.370,0.860,5.183,-0.050,0.007,-0.031,1778,0,0
4250862,8.478,0.838,5.114,-0.074,0.001,-0.025,1776,0,0
4250882,8.497,0.807,5.045,-0.067,0.011,-0.025,1776,0,0
4250902,8.442,0.812,5.071,-0.070,0.010,-0.028,1777,0,0
4250922,8.440,0.867,5.133,-0.054,0.010,-0.028,1776,0,0
4250942,8.408,0.958,5.097,-0.053,0.021,-0.025,1777,0,0
4250962,8.346,0.922,5.107,-0.054,0.021,-0.015,1776,0,0
4250982,8.349,0.876,5.025,-0.053,0.014,-0.005,1776,0,0
4251002,8.408,0.800,5.035,-0.070,0.017,-0.006,1776,0,0
4251022,8.495,0.783,5.080,-0.075,0.034,-0.015,1776,0,0
4251042,8.464,0.776,5.164,-0.052,0.051,-0.030,1777,0,0
4251062,8.475,0.828,5.109,-0.013,0.048,-0.032,1779,0,0
4251082,8.475,0.900,5.157,-0.024,0.043,-0.034,1777,0,0
4251102,8.497,1.003,5.145,-0.060,0.034,-0.018,1777,0,0
4251122,8.440,0.972,5.296,-0.097,0.032,-0.005,1777,0,0
4251142,8.440,0.898,5.368,-0.034,0.015,-0.016,1776,0,0
4251162,8.447,1.032,5.277,-0.004,-0.001,-0.018,1776,0,0
4251182,8.468,1.041,5.126,-0.060,-0.025,0.003,1777,0,0
4251202,8.490,0.809,5.025,-0.088,-0.015,0.015,1778,0,0
4251222,8.440,0.757,5.112,-0.053,0.005,-0.003,1777,0,0
4251242,8.387,0.790,5.162,-0.033,0.014,-0.014,1777,0,0
4251262,8.373,0.788,5.100,-0.033,0.005,-0.015,1777,0,0
4251282,8.384,0.874,5.148,-0.035,0.011,-0.018,1777,0,0
4251302,8.382,0.972,5.131,-0.064,0.016,-0.005,1776,0,0
4251322,8.365,0.931,5.097,-0.068,0.018,0.012,1776,0,0
4251342,8.399,0.776,4.999,-0.083,0.011,0.011,1777,0,0
4251362,8.452,0.721,5.078,-0.050,0.044,-0.016,1776,0,0
4251382,8.351,0.895,5.179,-0.009,0.055,-0.034,1777,0,0
4251402,8.368,1.044,5.188,-0.023,0.031,-0.014,1776,0,0
4251422,8.435,1.022,5.112,-0.090,0.030,0.014,1776,0,0
4251442,8.432,0.917,5.140,-0.082,0.042,0.007,1776,0,0
4251462,8.464,0.876,5.195,-0.020,0.040,-0.013,1776,0,0
4251482,8.468,0.967,5.284,-0.019,0.024,-0.002,1776,0,0
4251502,8.499,0.936,5.325,-0.096,0.005,0.017,1776,0,0
4251522,8.444,0.807,5.327,-0.085,-0.015,0.009,1776,0,0
4251542,8.454,0.769,5.174,-0.027,-0.017,-0.011,1778,0,0
4251562,8.420,0.826,5.037,-0.005,-0.003,-0.014,1776,0,0
4251582,8.361,0.941,5.162,-0.061,0.008,-0.005,1776,0,0
4251602,8.272,0.962,5.310,-0.087,0.018,0.009,1776,0,0
4251622,8.241,0.924,5.262,-0.060,-0.013,0.015,1776,0,0
4251642,8.432,0.864,5.023,-0.066,-0.013,0.017,1777,0,0
4251662,8.428,0.747,5.006,-0.083,0.014,0.006,1776,0,0
4251682,8.423,0.702,5.095,-0.070,0.033,-0.006,1777,0,0
4251702,8.452,0.792,5.219,-0.060,0.036,-0.006,1776,0,0
4251722,8.394,0.833,5.241,-0.085,0.035,-0.003,1776,0,0
4251742,8.351,0.816,5.262,-0.083,0.017,-0.011,1776,0,0
4251762,8.399,0.905,5.272,-0.062,0.006,-0.023,1777,0,0
4251782,8.444,0.958,5.258,-0.082,-0.006,-0.017,1776,0,0
4251802,8.399,0.950,5.279,-0.077,-0.010,-0.009,1776,0,0
4251822,8.396,0.919,5.021,-0.050,-0.021,0.002,1776,0,0
4251842,8.475,0.903,4.829,-0.052,0.010,0.010,1776,0,0
4251862,8.337,0.812,5.116,-0.106,0.022,0.002,1776,0,0
4251882,8.370,0.769,5.222,-0.062,-0.006,-0.009,1776,0,0
4251902,8.466,0.824,5.080,-0.035,-0.003,-0.015,1776,0,0
4251922,8.404,0.862,5.119,-0.057,0.025,-0.023,1776,0,0
4251942,8.322,0.927,5.080,-0.035,0.016,-0.015,1776,0,0
4251962,8.389,0.895,5.030,-0.097,0.002,0.001,1776,0,0
4251982,8.480,0.769,5.112,-0.098,0.030,-0.005,1776,0,0
4252002,8.351,0.838,5.248,-0.025,0.053,-0.022,1776,0,0
4252022,8.282,0.972,5.248,-0.011,0.019,-0.022,1776,0,0
4252042,8.461,0.905,5.061,-0.087,-0.001,-0.000,1776,0,0
4252062,8.507,0.694,5.160,-0.131,0.021,-0.005,1776,0,0
4252082,8.478,0.773,5.246,-0.050,0.032,-0.030,1776,0,0
4252102,8.478,0.915,5.353,-0.022,0.042,-0.036,1776,0,0
4252122,8.396,0.965,5.301,-0.040,0.024,-0.018,1776,0,0
4252142,8.344,0.905,5.239,-0.085,-0.014,-0.005,1776,0,0
4252162,8.468,0.828,5.298,-0.109,-0.034,0.000,1776,0,0
4252182,8.495,0.840,5.303,-0.066,-0.018,-0.015,1776,0,0
4252202,8.349,0.948,5.255,-0.023,-0.002,-0.025,1776,0,0
4252222,8.294,1.082,5.138,-0.044,-0.035,0.004,1776,0,0
4252242,8.432,0.888,4.954,-0.132,-0.036,0.038,1776,0,0
4252262,8.459,0.613,4.930,-0.114,0.002,0.015,1776,0,0
4252282,8.452,0.673,5.090,-0.023,0.041,-0.029,1776,0,0
4252302,8.332,0.840,5.243,-0.010,0.036,-0.037,1776,0,0
4252322,8.351,0.982,5.248,-0.068,-0.002,-0.016,1776,0,0
4252342,8.418,0.848,5.138,-0.138,-0.027,0.009,1775,0,0
4252362,8.507,0.666,4.954,-0.108,-0.009,-0.005,1776,0,0
4252382,8.507,0.752,4.997,-0.028,0.036,-0.046,1776,0,0
4252402,8.317,0.960,5.097,-0.001,0.043,-0.057,1776,0,0
4252422,8.344,1.125,5.152,-0.036,-0.001,-0.039,1776,0,0
4252442,8.521,1.082,5.121,-0.107,-0.019,0.006,1776,0,0
4252462,8.519,0.917,5.179,-0.093,0.002,0.006,1777,0,0
4252482,8.418,0.864,5.241,-0.028,0.008,-0.023,1776,0,0
4252502,8.370,0.986,5.061,0.021,-0.003,-0.022,1776,0,0
4252522,8.406,0.998,5.073,-0.061,-0.002,0.003,1776,0,0
4252542,8.464,0.843,5.073,-0.102,-0.011,0.024,1776,0,0
4252562,8.499,0.742,5.078,-0.076,-0.005,0.017,1776,0,0
4252582,8.468,0.800,5.136,-0.045,0.020,-0.006,1776,0,0
4252602,8.375,0.867,5.171,-0.033,0.015,-0.020,1776,0,0
4252622,8.303,0.998,5.162,-0.048,-0.006,-0.011,1776,0,0
4252642,8.389,0.903,5.092,-0.096,-0.014,0.008,1776,0,0
4252662,8.454,0.771,4.982,-0.062,0.000,-0.005,1776,0,0
4252682,8.499,0.833,4.987,-0.036,0.030,-0.029,1777,0,0
4252702,8.344,0.994,5.160,-0.041,0.042,-0.028,1776,0,0
4252722,8.344,1.030,5.234,-0.066,0.010,-0.005,1776,0,0
4252742,8.497,0.891,5.138,-0.118,0.000,0.010,1776,0,0
4252762,8.497,0.759,5.095,-0.079,0.008,-0.001,1776,0,0
4252782,8.432,0.855,5.095,-0.025,0.017,-0.018,1775,0,0
4252802,8.363,0.922,5.035,-0.038,0.008,-0.010,1776,0,0
4252822,8.401,0.939,5.004,-0.070,0.013,-0.000,1776,0,0
4252842,8.373,0.881,5.143,-0.096,0.023,-0.002,1776,0,0
4252862,8.413,0.874,5.320,-0.039,0.027,-0.007,1776,0,0
4252882,8.437,0.972,5.282,-0.009,0.022,-0.012,1775,0,0
4252902,8.485,0.996,5.171,-0.039,0.012,-0.000,1775,0,0
4252922,8.444,0.900,5.138,-0.087,-0.007,0.020,1776,0,0
4252942,8.574,0.742,5.112,-0.091,-0.009,0.027,1776,0,0
4252962,8.543,0.694,5.234,-0.056,0.014,0.001,1776,0,0
4252982,8.373,0.843,5.250,-0.005,0.001,-0.020,1776,0,0
4253002,8.370,0.958,5.126,-0.052,-0.040,0.001,1775,0,0
4253022,8.475,0.826,4.999,-0.118,-0.032,0.017,1776,0,0
4253042,8.401,0.725,4.992,-0.075,-0.003,-0.015,1776,0,0
4253062,8.317,0.905,5.011,-0.023,0.019,-0.032,1775,0,0
4253082,8.282,1.018,5.112,-0.054,0.013,-0.017,1775,0,0
4253102,8.373,0.960,5.035,-0.082,0.004,-0.002,1776,0,0
4253122,8.401,0.850,5.033,-0.075,0.014,-0.007,1776,0,0
4253142,8.408,0.840,5.030,-0.055,0.033,-0.017,1776,0,0
4253162,8.384,0.883,5.169,-0.057,0.035,-0.019,1775,0,0
4253182,8.368,0.814,5.239,-0.085,0.014,-0.023,1776,0,0
4253202,8.502,0.819,5.152,-0.062,0.001,-0.029,1776,0,0
4253222,8.531,0.903,5.227,-0.046,0.036,-0.041,1776,0,0
4253242,8.308,1.027,5.303,-0.033,0.026,-0.032,1776,0,0
4253262,8.322,0.986,5.138,-0.083,-0.031,0.004,1776,0,0
4253282,8.574,0.761,5.006,-0.132,-0.025,0.006,1777,0,0
4253302,8.571,0.663,5.066,-0.078,0.033,-0.040,1776,0,0
4253322,8.420,0.912,5.195,0.023,0.045,-0.056,1775,0,0
4253342,8.353,1.101,5.236,-0.057,0.009,-0.024,1776,0,0
4253362,8.471,0.950,5.150,-0.144,-0.029,-0.000,1777,0,0
4253382,8.574,0.783,5.059,-0.100,-0.014,-0.013,1776,0,0
4253402,8.480,0.867,5.052,-0.015,0.010,-0.037,1775,0,0
4253422,8.368,1.006,5.009,-0.027,0.003,-0.030,1776,0,0
4253442,8.346,1.051,5.023,-0.075,-0.007,-0.010,1775,0,0
4253462,8.375,0.934,5.054,-0.128,-0.012,0.010,1777,0,0
4253482,8.420,0.821,5.080,-0.079,0.003,-0.006,1775,0,0
4253502,8.483,0.893,5.054,-0.005,0.024,-0.032,1775,0,0
4253522,8.358,1.020,5.059,-0.018,0.034,-0.022,1776,0,0
4253542,8.346,0.960,5.066,-0.107,-0.009,0.013,1776,0,0
4253562,8.554,0.761,5.028,-0.139,-0.005,0.014,1776,0,0
4253582,8.571,0.709,5.073,-0.058,0.027,-0.029,1776,0,0
4253602,8.475,0.907,5.219,0.019,0.042,-0.046,1776,0,0
4253622,8.413,1.058,5.191,-0.017,0.012,-0.026,1776,0,0
4253642,8.411,0.979,5.212,-0.110,-0.020,-0.008,1776,0,0
4253662,8.368,0.850,5.167,-0.096,-0.031,-0.018,1776,0,0
4253682,8.396,0.876,4.970,-0.043,-0.039,-0.036,1776,0,0
4253702,8.495,0.912,4.796,-0.028,-0.010,-0.040,1776,0,0
4253722,8.473,0.991,4.824,-0.053,0.048,-0.027,1776,0,0
4253742,8.370,1.027,5.021,-0.073,0.066,-0.001,1776,0,0
4253762,8.353,0.860,5.157,-0.143,0.045,0.023,1776,0,0
4253782,8.420,0.728,5.150,-0.116,0.048,0.013,1776,0,0
4253802,8.502,0.733,5.066,-0.079,0.054,-0.007,1776,0,0
4253822,8.590,0.752,5.018,-0.124,0.075,-0.014,1776,0,0
4253842,8.440,0.661,5.191,-0.175,0.090,-0.035,1776,0,0
4253862,8.310,0.788,5.203,-0.111,0.070,-0.061,1776,0,0
4253882,8.416,1.022,5.071,-0.123,0.051,-0.063,1776,0,0
4253902,8.435,1.037,4.925,-0.187,0.076,-0.050,1775,0,0
4253922,8.495,0.974,4.963,-0.160,0.118,-0.049,1776,0,0
4253942,8.432,0.996,5.198,-0.124,0.150,-0.052,1776,0,0
4253962,8.344,1.039,5.442,-0.146,0.134,-0.050,1775,0,0
4253982,8.329,0.907,5.526,-0.192,0.076,-0.024,1776,0,0
4254002,8.504,0.769,5.447,-0.183,0.055,-0.030,1776,0,0
4254022,8.449,0.828,5.607,-0.155,0.092,-0.069,1775,0,0
4254042,8.181,1.053,5.727,-0.090,0.081,-0.071,1775,0,0
4254062,8.121,1.120,5.636,-0.143,0.024,-0.031,1776,0,0
4254082,8.234,0.788,5.641,-0.238,-0.008,-0.019,1776,0,0
4254102,8.327,0.611,5.643,-0.201,0.002,-0.055,1776,0,0
4254122,8.231,0.670,5.701,-0.133,0.012,-0.092,1776,0,0
4254142,8.191,0.716,5.583,-0.149,-0.008,-0.096,1775,0,0
4254162,8.224,0.615,5.480,-0.203,-0.025,-0.095,1776,0,0
4254182,8.215,0.438,5.540,-0.236,-0.034,-0.112,1776,0,0
4254202,8.229,0.445,5.461,-0.210,-0.047,-0.126,1776,0,0
4254222,8.322,0.517,5.310,-0.216,-0.046,-0.143,1776,0,0
4254242,8.262,0.658,5.248,-0.214,-0.022,-0.163,1776,0,0
4254262,8.217,0.848,5.284,-0.215,-0.025,-0.162,1775,0,0
4254282,8.198,0.936,5.260,-0.228,-0.042,-0.134,1775,0,0
4254302,8.327,0.917,5.150,-0.239,-0.051,-0.107,1775,0,0
4254322,8.382,0.855,5.073,-0.217,-0.030,-0.108,1775,0,0
4254342,8.404,0.840,5.078,-0.198,-0.025,-0.122,1775,0,0
4254362,8.384,0.869,5.078,-0.136,-0.022,-0.134,1775,0,0
4254382,8.387,1.077,5.021,-0.103,-0.025,-0.123,1776,0,0
4254402,8.291,1.135,5.013,-0.143,-0.033,-0.090,1775,0,0
4254422,8.358,1.073,5.030,-0.141,-0.060,-0.064,1774,0,0
4254442,8.380,1.092,4.846,-0.084,-0.049,-0.058,1775,0,0
4254462,8.404,1.113,4.772,-0.031,-0.038,-0.058,1775,0,0
4254482,8.416,1.223,4.772,-0.035,-0.014,-0.038,1775,0,0
4254502,8.315,1.219,4.913,-0.057,0.005,-0.021,1775,0,0
4254522,8.298,1.204,5.124,-0.015,0.018,-0.020,1774,0,0
4254542,8.282,1.233,5.148,0.054,-0.006,-0.018,1775,0,0
4254562,8.262,1.216,5.066,0.044,-0.028,-0.005,1775,0,0
4254582,8.322,1.070,4.942,-0.002,-0.016,0.008,1775,0,0
4254602,8.325,0.955,4.867,0.027,0.000,-0.002,1775,0,0
4254622,8.341,0.996,4.915,0.070,0.023,-0.029,1776,0,0
4254642,8.286,1.111,4.937,0.080,0.036,-0.043,1775,0,0
4254662,8.327,1.211,4.925,0.076,0.041,-0.035,1775,0,0
4254682,8.502,1.326,4.946,0.082,0.053,-0.005,1775,0,0
4254702,8.526,1.319,5.064,0.072,0.074,0.013,1775,0,0
4254722,8.478,1.247,5.162,0.068,0.085,0.012,1775,0,0
4254742,8.483,1.274,5.279,0.109,0.076,0.010,1776,0,0
4254762,8.574,1.362,5.325,0.110,0.069,0.030,1775,0,0
4254782,8.612,1.271,5.329,0.062,0.057,0.067,1776,0,0
4254802,8.645,1.063,5.270,0.063,0.070,0.079,1776,0,0
4254822,8.624,0.974,5.420,0.080,0.074,0.063,1776,0,0
4254842,8.521,1.034,5.622,0.079,0.057,0.055,1775,0,0
4254862,8.406,1.149,5.717,0.019,0.018,0.072,1776,0,0
4254882,8.329,1.018,5.643,-0.045,-0.014,0.080,1776,0,0
4254902,8.373,0.939,5.502,-0.004,-0.006,0.047,1776,0,0
4254922,8.212,1.013,5.538,0.037,0.028,0.018,1776,0,0
4254942,8.023,1.164,5.428,0.024,0.007,0.033,1776,0,0
4254962,8.131,1.113,5.279,-0.100,-0.026,0.071,1776,0,0
4254982,8.296,0.816,5.179,-0.180,0.009,0.081,1776,0,0
4255002,8.327,0.759,5.404,-0.099,0.084,0.046,1776,0,0
4255022,8.181,0.939,5.691,-0.025,0.092,0.024,1776,0,0
4255042,8.224,1.147,5.722,-0.052,0.038,0.044,1777,0,0
4255062,8.315,1.003,5.696,-0.172,-0.024,0.071,1777,0,0
4255082,8.384,0.759,5.567,-0.185,-0.059,0.063,1776,0,0
4255102,8.389,0.699,5.416,-0.126,-0.064,0.029,1776,0,0
4255122,8.317,0.709,5.219,-0.109,-0.062,0.001,1776,0,0
4255142,8.234,0.783,5.013,-0.108,-0.058,-0.010,1776,0,0
4255162,8.124,0.821,4.879,-0.137,-0.052,-0.023,1776,0,0
4255182,8.191,0.888,4.903,-0.136,-0.042,-0.033,1776,0,0
4255202,8.226,0.994,4.901,-0.106,-0.014,-0.027,1776,0,0
4255222,8.250,1.070,4.877,-0.063,0.006,-0.017,1775,0,0
4255242,8.155,1.106,4.863,-0.077,0.022,0.001,1776,0,0
4255262,8.222,1.082,4.786,-0.082,0.013,0.011,1776,0,0
4255282,8.382,1.008,4.774,-0.086,0.031,0.014,1776,0,0
4255302,8.399,1.003,4.817,-0.041,0.070,0.006,1776,0,0
4255322,8.411,1.159,5.021,-0.005,0.091,0.002,1776,0,0
4255342,8.394,1.199,5.114,-0.003,0.076,0.012,1775,0,0
4255362,8.430,1.228,5.131,0.009,0.056,0.026,1776,0,0
4255382,8.550,1.180,5.181,0.004,0.042,0.025,1775,0,0
4255402,8.564,1.120,5.327,0.023,0.051,0.022,1776,0,0
4255422,8.442,1.219,5.490,0.088,0.048,0.015,1776,0,0
4255442,8.387,1.367,5.452,0.086,0.018,0.042,1776,0,0
4255462,8.389,1.209,5.468,0.019,-0.014,0.084,1776,0,0
4255482,8.461,0.927,5.428,-0.016,-0.023,0.089,1776,0,0
4255502,8.430,0.692,5.406,0.023,-0.014,0.046,1775,0,0
4255522,8.339,0.711,5.315,0.058,-0.004,0.015,1776,0,0
4255542,8.260,0.912,5.255,0.055,-0.003,0.022,1777,0,0
4255562,8.224,0.898,5.248,-0.051,-0.001,0.050,1775,0,0
4255582,8.289,0.730,5.265,-0.099,0.022,0.053,1776,0,0
4255602,8.219,0.646,5.478,-0.048,0.040,0.015,1776,0,0
4255622,8.133,0.821,5.586,-0.009,0.026,-0.020,1776,0,0
4255642,8.128,0.948,5.444,-0.033,-0.008,-0.014,1776,0,0
4255662,8.133,0.984,5.114,-0.038,-0.016,0.006,1776,0,0
4255682,8.222,0.970,4.867,-0.071,0.004,0.018,1776,0,0
4255702,8.301,0.948,4.899,-0.075,0.039,0.005,1775,0,0
4255722,8.334,1.010,5.073,-0.052,0.072,-0.014,1775,0,0
4255742,8.279,1.070,5.188,-0.007,0.067,-0.022,1775,0,0
4255762,8.289,1.120,5.248,-0.013,0.050,-0.015,1776,0,0
4255782,8.399,1.099,5.310,-0.031,0.033,-0.003,1776,0,0
4255802,8.428,0.955,5.310,-0.045,0.027,0.009,1775,0,0
4255822,8.418,0.888,5.363,-0.033,0.022,0.005,1776,0,0
4255842,8.351,0.824,5.349,-0.040,0.004,-0.004,1776,0,0
4255862,8.356,0.907,5.329,-0.020,-0.010,-0.015,1775,0,0
4255882,8.334,0.860,5.224,-0.059,0.002,-0.015,1775,0,0
4255902,8.368,0.903,5.200,-0.025,0.019,-0.018,1776,0,0
4255922,8.334,0.996,5.248,-0.037,0.035,-0.016,1775,0,0
4255942,8.255,1.099,5.339,-0.044,0.041,-0.003,1776,0,0
4255962,8.250,1.056,5.370,-0.053,0.003,0.017,1776,0,0
4255982,8.425,0.941,5.150,-0.054,-0.008,0.034,1776,0,0
4256002,8.483,0.807,5.131,-0.079,0.032,0.017,1776,0,0
4256022,8.334,0.840,5.243,-0.039,0.055,-0.014,1776,0,0
4256042,8.291,1.025,5.284,-0.013,0.030,-0.021,1776,0,0
4256062,8.224,1.097,5.337,-0.064,0.008,-0.020,1776,0,0
4256082,8.325,1.097,5.375,-0.052,-0.009,-0.020,1776,0,0
4256102,8.373,1.149,5.265,-0.030,-0.001,-0.006,1776,0,0
4256122,8.308,1.058,5.181,-0.044,-0.002,0.004,1776,0,0
4256142,8.325,0.974,5.191,-0.052,-0.001,-0.003,1775,0,0
4256162,8.337,0.972,5.224,-0.047,-0.002,-0.007,1776,0,0
4256182,8.411,0.982,5.258,-0.048,0.021,0.002,1775,0,0
4256202,8.327,0.927,5.361,-0.064,0.040,-0.003,1776,0,0
4256222,8.246,0.939,5.277,-0.034,0.030,-0.007,1776,0,0
4256242,8.174,1.003,5.183,-0.044,0.009,0.005,1775,0,0
4256262,8.329,0.871,5.121,-0.114,0.000,0.002,1776,0,0
4256282,8.394,0.850,5.160,-0.093,0.034,-0.027,1776,0,0
4256302,8.329,1.015,5.277,-0.030,0.070,-0.054,1776,0,0
4256322,8.198,1.204,5.334,0.008,0.066,-0.049,1776,0,0
4256342,8.301,1.235,5.346,-0.023,0.028,-0.023,1776,0,0
4256362,8.380,1.192,5.253,-0.078,0.016,0.001,1776,0,0
4256382,8.411,0.958,5.270,-0.093,0.014,0.001,1775,0,0
4256402,8.392,0.922,5.296,-0.028,0.018,-0.013,1775,0,0
4256422,8.329,1.008,5.308,-0.008,0.021,-0.025,1776,0,0
4256442,8.243,1.106,5.392,-0.040,0.005,-0.023,1776,0,0
4256462,8.241,1.140,5.346,-0.066,-0.015,-0.006,1775,0,0
4256482,8.262,1.022,5.270,-0.078,-0.019,-0.000,1775,0,0
4256502,8.291,0.977,5.217,-0.055,-0.008,-0.013,1776,0,0
4256522,8.301,1.058,5.162,-0.048,0.012,-0.018,1776,0,0
4256542,8.313,1.116,5.277,-0.052,0.035,-0.005,1775,0,0
4256562,8.255,1.089,5.365,-0.071,0.026,0.006,1775,0,0
4256582,8.308,1.077,5.413,-0.084,0.007,0.011,1776,0,0
4256602,8.370,0.979,5.404,-0.088,-0.013,0.009,1776,0,0
4256622,8.408,1.068,5.332,-0.054,-0.010,0.004,1776,0,0
4256642,8.351,1.044,5.296,-0.081,0.006,0.001,1775,0,0
4256662,8.195,1.020,5.284,-0.052,-0.021,-0.003,1775,0,0
4256682,8.344,1.046,5.171,-0.071,-0.037,0.001,1775,0,0
4256702,8.382,0.994,5.136,-0.100,-0.015,0.007,1776,0,0
4256722,8.337,1.010,5.186,-0.069,0.019,-0.002,1775,0,0
4256742,8.250,1.053,5.298,-0.048,0.028,-0.005,1776,0,0
4256762,8.210,1.041,5.207,-0.056,0.015,0.003,1775,0,0
4256782,8.294,0.979,5.162,-0.085,0.004,0.009,1776,0,0
4256802,8.356,0.881,5.229,-0.119,0.021,0.005,1775,0,0
4256822,8.380,0.934,5.363,-0.062,0.037,-0.023,1775,0,0
4256842,8.296,1.180,5.401,-0.016,0.032,-0.025,1775,0,0
4256862,8.222,1.204,5.260,-0.062,0.000,0.007,1775,0,0
4256882,8.341,1.006,5.090,-0.127,-0.028,0.027,1775,0,0
4256902,8.471,0.833,5.057,-0.121,0.013,0.006,1775,0,0
4256922,8.368,0.943,5.171,-0.028,0.064,-0.024,1774,0,0
4256942,8.210,1.149,5.262,-0.014,0.075,-0.014,1774,0,0
4256962,8.167,1.144,5.416,-0.082,0.024,0.009,1774,0,0
4256982,8.380,1.051,5.377,-0.125,-0.008,0.027,1775,0,0
4257002,8.368,0.900,5.205,-0.077,0.013,0.022,1774,0,0
4257022,8.339,0.982,5.092,-0.038,0.037,0.010,1774,0,0
4257042,8.284,1.030,5.195,-0.069,0.060,0.016,1774,0,0
4257062,8.140,1.001,5.404,-0.083,0.033,0.015,1774,0,0
4257082,8.301,1.003,5.363,-0.071,0.006,0.023,1774,0,0
4257102,8.317,0.979,5.315,-0.074,0.031,0.030,1775,0,0
4257122,8.296,0.927,5.284,-0.083,0.041,0.023,1774,0,0
4257142,8.305,0.958,5.121,-0.088,0.051,0.031,1774,0,0
4257162,8.236,0.941,5.294,-0.155,0.051,0.046,1774,0,0
4257182,8.322,0.785,5.447,-0.147,0.023,0.026,1774,0,0
4257202,8.399,0.910,5.499,-0.046,0.048,-0.002,1774,0,0
4257222,8.229,1.075,5.488,-0.027,0.034,-0.005,1774,0,0
4257242,8.219,1.073,5.334,-0.075,-0.001,0.023,1772,0,0
4257262,8.320,0.922,5.291,-0.146,-0.016,0.038,1773,0,0
4257282,8.373,0.771,5.183,-0.153,0.001,0.035,1773,0,0
4257302,8.370,0.821,5.318,-0.061,0.039,0.008,1773,0,0
4257322,8.250,0.982,5.358,-0.018,0.046,0.001,1773,0,0
4257342,8.167,1.065,5.325,-0.047,0.029,0.023,1773,0,0
4257362,8.332,0.871,5.306,-0.138,0.000,0.038,1773,0,0
4257382,8.384,0.721,5.313,-0.122,0.017,0.036,1772,0,0
4257402,8.351,0.728,5.282,-0.079,0.029,0.018,1773,0,0
4257422,8.289,0.824,5.329,-0.031,0.043,0.007,1772,0,0
4257442,8.169,0.989,5.313,-0.026,0.029,0.011,1773,0,0
4257462,8.270,0.948,5.329,-0.116,0.005,0.035,1772,0,0
4257482,8.377,0.742,5.318,-0.119,0.021,0.029,1772,0,0
4257502,8.313,0.769,5.353,-0.046,0.037,0.004,1772,0,0
4257522,8.289,0.848,5.291,-0.023,0.044,0.009,1772,0,0
4257542,8.210,0.804,5.272,-0.067,0.047,0.026,1772,0,0
4257562,8.279,0.749,5.361,-0.112,0.034,0.031,1774,0,0
4257582,8.272,0.699,5.399,-0.124,0.035,0.022,1772,0,0
4257602,8.279,0.809,5.461,-0.074,0.040,0.012,1774,0,0
4257622,8.147,0.943,5.499,-0.052,0.054,0.016,1773,0,0
4257642,8.080,0.965,5.507,-0.058,0.019,0.030,1772,0,0
4257662,8.200,0.898,5.255,-0.090,0.005,0.052,1773,0,0
4257682,8.248,0.694,5.258,-0.128,0.034,0.058,1772,0,0
4257702,8.236,0.642,5.332,-0.121,0.056,0.044,1774,0,0
4257722,8.215,0.613,5.449,-0.073,0.073,0.031,1773,0,0
4257742,8.126,0.704,5.432,-0.038,0.055,0.032,1774,0,0
4257762,8.157,0.713,5.437,-0.103,0.018,0.031,1772,0,0
4257782,8.351,0.692,5.351,-0.172,0.016,0.050,1772,0,0
4257802,8.267,0.654,5.488,-0.161,0.042,0.039,1772,0,0
4257822,8.133,0.594,5.564,-0.110,0.030,0.013,1772,0,0
4257842,8.262,0.711,5.461,-0.045,-0.008,0.001,1773,0,0
4257862,8.334,0.747,5.385,-0.116,0.010,0.021,1772,0,0
4257882,8.265,0.685,5.452,-0.146,0.022,0.041,1773,0,0
4257902,8.200,0.632,5.600,-0.136,0.005,0.042,1772,0,0
4257922,8.279,0.637,5.485,-0.135,-0.018,0.049,1773,0,0
4257942,8.365,0.512,5.464,-0.147,-0.004,0.052,1773,0,0
4257962,8.308,0.381,5.418,-0.120,0.021,0.033,1772,0,0
4257982,8.298,0.429,5.416,-0.074,0.022,0.019,1771,0,0
4258002,8.286,0.570,5.344,-0.078,0.022,0.024,1770,0,0
4258022,8.248,0.596,5.464,-0.160,0.021,0.048,1770,0,0
4258042,8.277,0.522,5.578,-0.169,0.012,0.056,1771,0,0
4258062,8.358,0.532,5.629,-0.130,0.008,0.044,1769,0,0
4258082,8.305,0.469,5.897,-0.053,-0.039,0.050,1766,0,0
4258102,8.442,0.510,5.701,0.068,-0.086,0.059,1755,0,0
4258122,8.600,0.678,5.775,0.139,-0.109,0.055,1737,0,0
4258142,8.712,0.563,5.935,0.092,-0.149,0.078,1688,0,0
4258162,8.459,0.364,6.469,0.270,-0.338,0.141,1570,0,0
4258182,8.523,0.493,5.950,0.428,-0.509,0.236,1472,0,0
4258202,8.612,0.867,5.260,0.277,-0.459,0.328,1406,0,0
4258222,8.198,0.982,5.286,0.054,-0.459,0.302,1334,0,0
4258242,7.664,0.761,5.219,-0.076,-0.526,0.257,1267,0,0
4258262,8.332,0.508,5.619,0.008,-0.648,0.254,1195,0,0
4258282,9.024,0.335,5.502,-0.125,-0.669,0.303,1126,0,0
4258302,9.184,-0.074,5.270,-0.167,-0.642,0.264,1060,0,0
4258322,8.727,-0.048,5.116,-0.068,-0.612,0.117,990,0,0
4258342,8.988,0.151,5.073,0.075,-0.696,0.001,943,0,0
4258362,9.527,0.340,4.968,0.072,-0.692,-0.001,894,0,0
4258382,9.287,0.378,4.511,-0.121,-0.623,0.097,847,0,0
4258402,9.208,0.311,4.851,0.029,-0.581,0.126,812,0,0
4258422,8.926,0.280,5.294,0.276,-0.765,0.124,788,0,0
4258442,7.992,1.123,6.021,0.314,-1.208,0.124,783,0,0
4258462,8.052,1.271,3.948,0.379,-1.385,0.439,783,0,0
4258482,9.378,1.231,0.259,0.599,-0.758,0.558,782,0,0
4258502,9.747,0.273,-0.136,0.248,0.218,0.248,771,0,0
4258522,7.661,-0.342,1.276,0.276,0.805,-0.058,766,0,0
4258542,7.257,-0.412,1.432,0.307,0.880,-0.232,765,0,0
4258562,7.400,-0.259,0.050,0.341,1.128,-0.335,768,0,0
4258582,6.548,-0.256,-0.237,0.230,1.397,-0.410,771,0,0
4258602,6.060,-0.414,-0.354,0.161,1.531,-0.453,773,0,0
4258622,6.278,-0.788,-0.764,0.068,1.589,-0.502,778,0,0
4258642,7.051,-0.666,-0.644,-0.039,1.753,-0.502,783,0,0
4258662,7.578,-0.991,0.079,-0.161,1.937,-0.492,786,0,0
4258682,8.188,-1.020,1.856,-0.223,2.014,-0.601,787,0,0
4258702,8.985,-0.378,3.646,-0.188,1.960,-0.781,791,0,0
4258722,9.251,0.974,5.294,-0.126,1.695,-0.740,795,0,0
4258742,9.270,0.903,5.818,-0.285,1.100,-0.462,799,0,0
4258762,11.035,-0.034,4.377,-0.505,0.813,-0.392,801,0,0
4258782,10.537,0.608,6.393,-0.520,1.029,-0.480,803,0,0
4258802,9.165,0.967,8.710,-0.458,0.563,-0.370,806,0,0
4258822,8.521,1.188,9.189,-0.398,-0.176,-0.086,811,0,0
4258842,9.517,0.479,7.523,-0.806,-0.665,0.298,814,0,0
4258862,10.681,-0.812,7.116,-1.214,-0.409,0.436,815,0,0
4258882,9.632,-0.570,11.744,-1.138,-0.042,0.132,816,0,0
4258902,8.260,1.310,16.424,-0.563,-0.343,-0.167,819,0,0
4258922,8.605,3.259,15.914,-0.182,-0.762,-0.215,821,0,0
4258942,9.033,3.862,14.301,-0.124,-0.894,-0.096,823,0,0
4258962,8.641,3.893,14.174,-0.244,-0.847,0.042,826,0,0
4258982,7.673,3.474,14.073,-0.080,-0.847,0.173,827,0,0
4259002,6.843,2.545,12.749,0.057,-0.949,0.303,829,0,0
4259022,6.337,1.496,10.987,0.066,-1.040,0.318,830,0,0
4259042,6.414,0.646,9.383,0.086,-0.990,0.268,831,0,0
4259062,6.713,0.369,7.638,0.181,-0.641,0.192,831,0,0
4259082,6.246,0.639,6.996,0.205,-0.189,0.157,833,0,0
4259102,4.527,1.101,7.791,0.142,-0.011,0.253,835,0,0
4259122,3.864,0.812,7.635,0.084,-0.376,0.447,837,0,0
4259142,4.748,-0.419,5.969,0.172,-0.682,0.345,838,0,0
4259162,5.641,0.110,3.788,0.438,-0.577,0.193,837,0,0
4259182,5.904,1.003,2.397,0.423,-0.237,0.220,839,0,0
4259202,5.119,0.948,2.835,0.126,-0.097,0.288,839,0,0
4259222,5.341,-0.177,2.588,0.103,-0.236,0.310,840,0,0
4259242,6.065,-0.208,1.173,0.367,-0.273,0.294,842,0,0
4259262,6.783,-0.472,-0.019,0.523,-0.135,0.251,843,0,0
4259282,7.360,-1.274,-0.972,0.513,0.157,0.107,843,0,0
4259302,7.295,-1.676,-1.109,0.601,0.410,-0.047,844,0,0
4259322,7.432,-2.528,-1.511,0.606,0.509,-0.171,846,0,0
4259342,7.937,-2.591,-2.370,0.581,0.668,-0.267,847,0,0
4259362,8.430,-2.502,-2.682,0.289,1.002,-0.369,847,0,0
4259382,8.296,-2.167,-1.700,-0.076,1.264,-0.347,848,0,0
4259402,8.423,-2.847,-0.204,-0.439,1.376,-0.365,849,0,0
4259422,8.837,-2.526,1.690,-0.367,1.412,-0.517,850,0,0
4259442,9.371,-0.888,3.311,-0.376,1.333,-0.617,852,0,0
4259462,9.867,-0.237,3.654,-0.628,1.144,-0.475,853,0,0
4259482,10.886,-0.577,3.907,-0.963,0.995,-0.343,853,0,0
4259502,11.205,-0.177,6.869,-1.000,1.034,-0.337,857,0,0
4259522,10.130,0.855,11.519,-0.812,0.734,-0.321,858,0,0
4259542,10.314,0.555,10.736,-0.704,0.015,-0.260,859,0,0
4259562,10.611,0.050,7.321,-0.748,-0.175,-0.191,860,0,0
4259582,9.974,0.062,6.256,-1.007,0.112,-0.107,861,0,0
4259602,9.321,0.462,11.447,-1.170,0.667,-0.240,861,0,0
4259622,7.140,1.968,18.158,-0.640,0.323,-0.323,863,0,0
4259642,7.652,3.701,18.735,-0.318,-0.415,-0.304,864,0,0
4259662,7.865,4.044,17.612,-0.204,-0.754,-0.265,864,0,0
4259682,7.092,3.936,16.494,-0.088,-1.032,-0.144,865,0,0
4259702,6.158,3.191,14.878,-0.024,-1.356,0.025,865,0,0
4259722,5.799,2.375,12.491,0.171,-1.626,0.200,865,0,0
4259742,5.657,1.475,10.544,0.192,-1.695,0.271,866,0,0
4259762,5.478,1.056,9.072,0.290,-1.682,0.300,865,0,0
4259782,5.559,0.857,7.860,0.224,-1.650,0.373,866,0,0
4259802,5.775,0.232,7.068,0.220,-1.562,0.459,867,0,0
4259822,5.914,-0.091,6.357,0.278,-1.472,0.499,866,0,0
4259842,6.266,-0.405,5.270,0.274,-1.428,0.471,868,0,0
4259862,6.637,-0.132,4.724,0.249,-1.297,0.410,867,0,0
4259882,6.584,-0.390,4.762,0.128,-1.280,0.392,869,0,0
4259902,6.926,-0.572,3.711,0.200,-1.343,0.406,868,0,0
4259922,7.422,-0.613,2.466,0.260,-1.274,0.366,868,0,0
4259942,7.602,-0.520,1.437,0.226,-1.136,0.333,869,0,0
4259962,7.654,-0.781,0.721,0.139,-1.059,0.325,870,0,0
4259982,7.623,-1.008,0.139,0.102,-1.006,0.289,871,0,0
4260002,7.966,-1.508,-0.675,0.102,-0.970,0.252,870,0,0
4260022,8.622,-1.690,-2.195,0.166,-0.798,0.179,869,0,0
4260042,8.715,-1.530,-2.291,0.032,-0.493,0.085,873,0,0
4260062,8.780,-1.623,-1.954,-0.072,-0.270,0.031,874,0,0
4260082,8.744,-1.580,-1.293,-0.096,-0.095,0.001,873,0,0
4260102,9.079,-1.755,-0.426,-0.127,-0.023,-0.034,874,0,0
4260122,9.792,-1.235,0.172,-0.144,0.125,-0.123,875,0,0
4260142,10.048,-0.766,1.262,-0.257,0.288,-0.191,875,0,0
4260162,9.778,-0.206,2.981,-0.208,0.275,-0.211,876,0,0
4260182,10.113,-0.079,3.510,-0.219,0.117,-0.186,876,0,0
4260202,10.379,-0.017,3.129,-0.179,0.016,-0.163,877,0,0
4260222,10.444,-0.022,3.117,-0.191,-0.010,-0.136,878,0,0
4260242,10.285,0.019,3.314,-0.098,-0.057,-0.126,878,0,0
4260262,10.240,0.239,3.349,-0.079,-0.133,-0.071,879,0,0
4260282,10.391,0.199,3.268,-0.103,-0.158,-0.018,880,0,0
4260302,9.957,0.268,3.790,-0.124,-0.235,0.061,881,0,0
4260322,9.936,-0.086,3.761,-0.103,-0.399,0.139,884,0,0
4260342,9.867,-0.390,3.225,-0.055,-0.560,0.156,890,0,0
4260362,9.955,-0.314,2.358,-0.018,-0.600,0.176,895,0,0
4260382,9.670,-0.371,2.028,-0.046,-0.471,0.133,902,0,0
4260402,8.990,-0.357,2.468,-0.047,-0.460,0.094,913,0,0
4260422,9.579,-0.381,2.191,-0.065,-0.487,0.045,929,0,0
4260442,9.345,-0.405,1.647,-0.146,-0.378,0.013,947,0,0
4260462,8.452,-0.342,1.152,-0.319,-0.438,-0.017,988,0,0
4260482,8.394,-0.005,0.256,-0.622,-0.213,-0.063,1069,0,0
4260502,9.977,0.385,-2.157,-0.642,0.598,-0.218,1156,0,0
4260522,11.964,0.266,-3.002,-0.657,1.643,-0.213,1230,0,0
4260542,9.955,-0.225,-0.632,-1.085,2.961,0.369,1352,0,0
4260562,8.114,-3.033,7.149,-1.268,1.643,-0.147,1537,0,0
4260582,8.351,-2.581,4.870,-1.509,0.752,-0.281,1735,0,0
4260602,9.888,-0.912,3.622,-0.108,0.544,-0.375,1850,0,0
4260622,10.920,0.251,3.021,0.594,0.577,-0.306,1908,0,0
4260642,10.092,0.555,2.804,-0.356,0.957,-0.136,1939,0,0
4260662,8.607,-0.311,3.270,-0.692,1.086,-0.033,1960,0,0
4260682,8.179,-0.893,4.772,-0.053,0.721,-0.035,1968,0,0
4260702,9.201,-0.385,4.329,0.144,0.561,-0.033,1968,0,0
4260722,9.385,-0.201,4.446,-0.080,0.641,-0.004,1967,0,0
4260742,9.064,-0.182,5.059,-0.059,0.607,-0.016,1967,0,0
4260762,8.449,-0.500,5.619,-0.080,0.399,-0.047,1965,0,0
4260782,8.851,-0.594,5.598,-0.019,0.082,-0.018,1965,0,0
4260802,9.390,-0.441,5.160,-0.009,-0.037,0.036,1963,0,0
4260822,9.273,-0.594,4.741,-0.077,-0.068,0.017,1961,0,0
4260842,9.254,-0.668,4.580,-0.048,-0.099,-0.054,1959,0,0
4260862,9.002,-0.488,4.547,-0.034,-0.131,-0.104,1957,0,0
4260882,9.100,-0.409,4.626,-0.004,-0.157,-0.109,1956,0,0
4260902,9.153,-0.328,4.377,-0.010,-0.120,-0.053,1953,0,0
4260922,9.033,-0.218,3.905,0.059,-0.075,0.002,1951,0,0
4260942,8.691,-0.189,3.728,-0.018,-0.030,-0.002,1948,0,0
4260962,8.792,-0.486,4.089,-0.068,-0.077,-0.012,1947,0,0
4260982,9.239,-0.405,4.039,-0.019,-0.051,0.002,1944,0,0
4261002,9.177,-0.431,3.891,-0.003,0.042,-0.004,1942,0,0
4261022,9.005,-0.488,4.013,-0.054,0.064,-0.011,1939,0,0
4261042,9.062,-0.491,3.936,-0.053,0.059,-0.035,1936,0,0
4261062,9.208,-0.496,4.223,-0.042,0.115,-0.069,1935,0,0
4261082,9.026,-0.407,4.470,-0.009,0.122,-0.103,1931,0,0
4261102,8.959,-0.196,4.338,0.057,0.064,-0.088,1930,0,0
4261122,9.072,-0.175,4.226,-0.010,0.042,-0.056,1926,0,0
4261142,9.067,-0.230,4.295,-0.030,0.050,-0.040,1924,0,0
4261162,9.060,-0.220,4.377,-0.007,0.045,-0.050,1923,0,0
4261182,9.033,-0.249,4.329,0.003,0.042,-0.067,1921,0,0
4261202,9.136,-0.072,4.393,0.037,0.049,-0.057,1918,0,0
4261222,8.966,-0.057,4.401,0.006,0.057,-0.031,1916,0,0
4261242,8.856,-0.163,4.283,0.005,0.032,-0.026,1913,0,0
4261262,9.026,-0.225,4.216,0.003,0.006,-0.020,1907,0,0
4261282,9.103,-0.299,4.300,-0.028,0.002,-0.026,1904,0,0
4261302,9.146,-0.373,4.334,-0.044,0.038,-0.042,1903,0,0
4261322,9.057,-0.278,4.530,0.021,0.043,-0.046,1902,0,0
4261342,9.076,-0.189,4.441,0.023,0.030,-0.037,1900,0,0
4261362,9.033,-0.215,4.276,0.029,0.028,-0.038,1897,0,0
4261382,8.993,-0.141,4.223,0.007,0.025,-0.043,1897,0,0
4261402,8.926,-0.160,4.195,-0.049,0.004,-0.029,1894,0,0
4261422,8.981,-0.232,4.178,-0.057,0.004,-0.019,1892,0,0
4261442,9.108,-0.160,4.264,0.005,0.030,-0.026,1890,0,0
4261462,9.029,0.019,4.520,0.054,0.070,-0.052,1888,0,0
4261482,8.854,0.007,4.480,0.047,0.044,-0.066,1886,0,0
4261502,8.890,-0.055,4.204,0.046,-0.016,-0.048,1883,0,0
4261522,9.067,-0.091,4.061,-0.011,0.009,-0.011,1882,0,0
4261542,9.009,-0.115,4.207,-0.077,0.044,-0.011,1881,0,0
4261562,8.995,-0.129,4.310,-0.031,0.029,-0.033,1881,0,0
4261582,9.112,-0.050,4.221,0.029,0.037,-0.040,1880,0,0
4261602,9.112,0.034,4.281,0.055,0.104,-0.044,1877,0,0
4261622,8.868,0.113,4.496,0.018,0.119,-0.051,1876,0,0
4261642,8.772,0.132,4.583,0.005,0.041,-0.031,1874,0,0
4261662,9.060,0.043,4.458,-0.051,-0.023,0.001,1874,0,0
4261682,9.141,-0.079,4.391,-0.088,0.003,0.001,1873,0,0
4261702,8.988,-0.117,4.472,-0.035,0.024,-0.031,1872,0,0
4261722,8.899,-0.101,4.319,0.018,0.025,-0.047,1871,0,0
4261742,8.835,0.050,4.228,0.023,0.021,-0.046,1871,0,0
4261762,8.957,0.053,4.302,-0.070,0.011,-0.042,1870,0,0
4261782,9.031,0.089,4.367,-0.038,0.026,-0.028,1870,0,0
4261802,8.966,0.089,4.422,-0.012,0.049,-0.038,1869,0,0
4261822,8.856,0.072,4.310,0.023,0.050,-0.038,1868,0,0
4261842,8.835,0.196,4.185,0.010,0.032,-0.021,1867,0,0
4261862,8.997,0.096,4.381,-0.102,0.016,0.002,1862,0,0
4261882,9.069,-0.069,4.475,-0.096,0.030,-0.001,1861,0,0
4261902,9.084,-0.053,4.465,-0.003,0.036,-0.033,1859,0,0
4261922,9.019,0.053,4.379,0.020,0.062,-0.044,1858,0,0
4261942,8.871,0.232,4.429,-0.007,0.042,-0.028,1857,0,0
4261962,8.926,0.110,4.482,-0.119,-0.016,-0.008,1857,0,0
4261982,9.062,0.005,4.338,-0.087,-0.006,-0.009,1857,0,0
4262002,9.014,0.081,4.367,-0.007,0.037,-0.037,1857,0,0
4262022,8.942,0.086,4.492,0.028,0.048,-0.059,1855,0,0
4262042,8.878,0.153,4.396,0.051,0.029,-0.053,1855,0,0
4262062,8.894,0.256,4.310,-0.023,-0.003,-0.021,1855,0,0
4262082,8.894,0.065,4.324,-0.155,0.006,-0.001,1854,0,0
4262102,8.942,-0.065,4.386,-0.059,0.022,-0.027,1852,0,0
4262122,8.964,0.165,4.456,0.039,0.042,-0.056,1851,0,0
4262142,8.837,0.294,4.508,0.001,0.053,-0.048,1851,0,0
4262162,8.741,0.340,4.532,-0.037,0.005,-0.024,1852,0,0
4262182,8.950,0.235,4.353,-0.098,-0.024,0.007,1850,0,0
4262202,8.957,0.048,4.336,-0.082,0.034,-0.003,1848,0,0
