485500,5.162,7.266,3.809,-0.048,-0.006,-0.003,1815,0,0

485508,5.157,7.271,3.828,-0.054,-0.004,-0.001,1812,0,0

485516,5.162,7.235,3.831,-0.055,-0.003,0.000,1810,0,0

485524,5.174,7.226,3.800,-0.055,-0.003,0.000,1813,0,0

485532,5.181,7.230,3.761,-0.053,-0.002,-0.001,1814,0,0

485540,5.183,7.202,3.759,-0.053,-0.001,-0.002,1812,0,0

485548,5.174,7.219,3.747,-0.053,0.002,-0.003,1813,0,0

485557,5.136,7.216,3.766,-0.057,0.010,-0.001,1813,0,0

485565,5.097,7.238,3.790,-0.062,0.013,-0.003,1810,0,0

485573,5.052,7.245,3.824,-0.064,0.013,-0.001,1813,0,0

485581,5.069,7.271,3.816,-0.059,0.011,0.003,1813,0,0

485589,5.100,7.269,3.804,-0.055,0.010,0.009,1812,0,0

485597,5.133,7.262,3.812,-0.058,0.009,0.013,1811,0,0

485605,5.188,7.219,3.790,-0.065,0.010,0.015,1812,0,0

485613,5.200,7.171,3.783,-0.072,0.011,0.013,1811,0,0

485621,5.215,7.144,3.785,-0.069,0.013,0.009,1812,0,0

485629,5.188,7.151,3.812,-0.062,0.014,0.005,1814,0,0

485637,5.145,7.161,3.814,-0.059,0.016,-0.001,1813,0,0

485646,5.097,7.161,3.874,-0.060,0.017,-0.002,1814,0,0

485654,5.066,7.195,3.898,-0.061,0.014,-0.002,1810,0,0

485662,5.076,7.187,3.931,-0.060,0.009,0.003,1811,0,0

485670,5.114,7.192,3.912,-0.059,0.003,0.005,1814,0,0

485679,5.150,7.180,3.879,-0.060,-0.002,0.003,1814,0,0

485687,5.181,7.175,3.833,-0.060,-0.003,0.000,1815,0,0

485695,5.188,7.156,3.874,-0.059,-0.002,-0.003,1815,0,0

485703,5.193,7.163,3.862,-0.058,0.001,-0.004,1813,0,0

485711,5.164,7.187,3.862,-0.059,0.006,-0.003,1814,0,0

485720,5.119,7.221,3.910,-0.060,0.009,0.000,1813,0,0

485728,5.061,7.187,3.953,-0.063,0.007,0.006,1812,0,0

485736,5.090,7.144,3.965,-0.067,0.004,0.009,1814,0,0

485744,5.128,7.128,3.955,-0.074,0.000,0.010,1812,0,0

485752,5.167,7.084,3.936,-0.075,-0.004,0.008,1813,0,0

485760,5.248,7.051,3.883,-0.073,-0.007,0.001,1814,0,0

485768,5.272,7.041,3.869,-0.071,-0.005,-0.003,1813,0,0

485776,5.248,7.068,3.862,-0.072,-0.002,-0.009,1814,0,0

485784,5.243,7.077,3.915,-0.077,-0.001,-0.011,1812,0,0

485792,5.183,7.111,3.934,-0.081,-0.001,-0.011,1811,0,0

485800,5.148,7.147,3.893,-0.080,-0.005,-0.013,1816,0,0

485808,5.152,7.149,3.859,-0.075,-0.010,-0.013,1814,0,0

485816,5.136,7.166,3.850,-0.067,-0.014,-0.014,1815,0,0

485825,5.176,7.197,3.843,-0.063,-0.017,-0.014,1813,0,0

485833,5.231,7.233,3.795,-0.061,-0.014,-0.013,1815,0,0

485841,5.234,7.230,3.804,-0.066,-0.009,-0.012,1813,0,0

485849,5.179,7.226,3.809,-0.075,-0.005,-0.012,1814,0,0

485857,5.131,7.199,3.845,-0.084,-0.008,-0.011,1813,0,0

485866,5.109,7.161,3.833,-0.082,-0.013,-0.009,1814,0,0

485874,5.097,7.168,3.800,-0.074,-0.022,-0.006,1813,0,0

485882,5.140,7.154,3.785,-0.066,-0.027,-0.005,1812,0,0

485890,5.183,7.156,3.699,-0.063,-0.028,-0.006,1813,0,0

485898,5.203,7.137,3.654,-0.063,-0.025,-0.009,1812,0,0

485906,5.215,7.128,3.646,-0.062,-0.016,-0.014,1814,0,0

485914,5.200,7.144,3.675,-0.060,-0.009,-0.018,1811,0,0

485923,5.140,7.161,3.725,-0.058,-0.004,-0.020,1813,0,0

485931,5.088,7.195,3.754,-0.051,-0.004,-0.021,1813,0,0

485939,5.064,7.230,3.759,-0.041,-0.013,-0.018,1814,0,0

485947,5.071,7.264,3.713,-0.030,-0.021,-0.014,1815,0,0

485955,5.078,7.278,3.666,-0.026,-0.024,-0.007,1814,0,0

485964,5.136,7.266,3.613,-0.032,-0.022,-0.003,1813,0,0

485972,5.174,7.242,3.572,-0.047,-0.012,-0.001,1812,0,0

485980,5.198,7.197,3.555,-0.065,0.006,0.001,1812,0,0

485988,5.191,7.149,3.603,-0.073,0.019,0.001,1811,0,0

485996,5.157,7.082,3.646,-0.075,0.029,-0.001,1813,0,0

486004,5.124,7.065,3.709,-0.071,0.031,-0.005,1814,0,0

486012,5.114,7.001,3.776,-0.063,0.028,-0.009,1812,0,0

486021,5.126,7.003,3.831,-0.050,0.020,-0.013,1816,0,0

486029,5.193,7.027,3.831,-0.042,0.011,-0.018,1813,0,0

486037,5.236,7.053,3.795,-0.042,0.009,-0.023,1810,0,0

486045,5.241,7.104,3.754,-0.045,0.013,-0.028,1814,0,0

486053,5.239,7.135,3.764,-0.051,0.020,-0.031,1812,0,0

486061,5.212,7.187,3.754,-0.057,0.027,-0.030,1812,0,0

486069,5.193,7.216,3.812,-0.061,0.031,-0.029,1811,0,0

486078,5.148,7.202,3.867,-0.060,0.028,-0.026,1812,0,0

486086,5.126,7.214,3.912,-0.057,0.020,-0.022,1811,0,0

486094,5.126,7.207,3.922,-0.052,0.011,-0.019,1813,0,0

486102,5.152,7.192,3.881,-0.051,0.003,-0.019,1813,0,0

486110,5.186,7.199,3.879,-0.052,0.002,-0.020,1810,0,0

486118,5.215,7.192,3.845,-0.057,0.006,-0.022,1814,0,0

486126,5.258,7.175,3.864,-0.063,0.010,-0.022,1812,0,0

486134,5.262,7.195,3.867,-0.070,0.013,-0.023,1813,0,0

486143,5.243,7.197,3.886,-0.076,0.013,-0.025,1816,0,0

486151,5.236,7.192,3.903,-0.075,0.005,-0.027,1811,0,0

486159,5.219,7.223,3.905,-0.066,-0.001,-0.029,1811,0,0

486167,5.193,7.257,3.876,-0.054,-0.006,-0.030,1811,0,0

486175,5.205,7.298,3.862,-0.047,-0.006,-0.027,1812,0,0

486183,5.215,7.338,3.843,-0.048,-0.005,-0.022,1813,0,0

486192,5.224,7.362,3.788,-0.055,-0.000,-0.015,1810,0,0

486200,5.243,7.360,3.785,-0.063,0.005,-0.008,1812,0,0

486208,5.224,7.326,3.759,-0.074,0.012,-0.004,1812,0,0

486216,5.195,7.271,3.771,-0.081,0.015,-0.003,1813,0,0

486224,5.183,7.214,3.814,-0.088,0.012,-0.003,1812,0,0

486232,5.205,7.168,3.816,-0.085,0.005,-0.005,1813,0,0

486241,5.203,7.135,3.804,-0.075,-0.002,-0.008,1812,0,0

486249,5.195,7.140,3.771,-0.064,-0.009,-0.011,1815,0,0

486257,5.219,7.187,3.718,-0.054,-0.011,-0.013,1812,0,0

486265,5.215,7.230,3.718,-0.046,-0.005,-0.014,1810,0,0

486273,5.176,7.276,3.742,-0.048,0.003,-0.014,1812,0,0

486282,5.155,7.281,3.766,-0.057,0.007,-0.011,1814,0,0

486290,5.152,7.293,3.761,-0.063,0.007,-0.007,1813,0,0

486298,5.164,7.290,3.749,-0.062,0.006,-0.003,1814,0,0

486306,5.164,7.266,3.802,-0.059,0.004,-0.001,1814,0,0

486314,5.179,7.233,3.792,-0.057,0.002,-0.000,1812,0,0

486323,5.191,7.185,3.773,-0.058,-0.002,-0.001,1812,0,0

486331,5.203,7.154,3.749,-0.058,-0.006,0.000,1813,0,0

486339,5.200,7.149,3.685,-0.057,-0.005,-0.002,1813,0,0

486347,5.227,7.156,3.637,-0.059,0.001,-0.005,1814,0,0

486355,5.212,7.183,3.639,-0.062,0.012,-0.007,1812,0,0

486363,5.183,7.195,3.689,-0.068,0.023,-0.008,1815,0,0

486371,5.136,7.199,3.783,-0.075,0.028,-0.006,1812,0,0

486379,5.116,7.180,3.852,-0.077,0.025,-0.003,1813,0,0

486387,5.102,7.195,3.876,-0.076,0.019,-0.001,1816,0,0

486396,5.119,7.159,3.886,-0.072,0.010,-0.003,1810,0,0

486404,5.128,7.140,3.881,-0.064,-0.002,-0.007,1814,0,0

486412,5.152,7.108,3.855,-0.055,-0.010,-0.011,1814,0,0

486420,5.143,7.120,3.790,-0.046,-0.012,-0.017,1813,0,0

486428,5.133,7.159,3.747,-0.041,-0.007,-0.022,1811,0,0

486436,5.061,7.209,3.745,-0.042,0.001,-0.024,1812,0,0

486444,5.028,7.228,3.749,-0.048,0.007,-0.022,1813,0,0

486452,5.021,7.240,3.804,-0.058,0.009,-0.017,1811,0,0

486461,5.042,7.223,3.812,-0.070,0.012,-0.012,1812,0,0

486469,5.052,7.171,3.824,-0.079,0.012,-0.011,1813,0,0

486477,5.080,7.099,3.843,-0.080,0.010,-0.014,1813,0,0

486485,5.080,7.056,3.821,-0.077,0.005,-0.017,1813,0,0

486493,5.097,7.032,3.862,-0.070,0.000,-0.024,1815,0,0

486501,5.085,7.037,3.845,-0.064,-0.000,-0.030,1813,0,0

486509,5.071,7.065,3.819,-0.064,0.003,-0.034,1813,0,0

486517,5.028,7.053,3.809,-0.069,0.005,-0.037,1815,0,0

486525,5.028,7.061,3.826,-0.073,0.009,-0.040,1813,0,0

486534,5.023,7.056,3.881,-0.073,0.010,-0.043,1812,0,0

486542,5.030,7.056,3.895,-0.071,0.008,-0.047,1811,0,0

486550,5.009,7.058,3.912,-0.068,0.001,-0.052,1811,0,0

486558,5.006,7.072,3.905,-0.063,-0.013,-0.055,1813,0,0

486566,5.013,7.101,3.910,-0.056,-0.019,-0.059,1812,0,0

486575,4.987,7.140,3.895,-0.052,-0.018,-0.060,1811,0,0

486583,4.951,7.163,3.886,-0.058,-0.016,-0.060,1812,0,0

486591,4.925,7.154,3.926,-0.069,-0.013,-0.059,1812,0,0

486599,4.927,7.128,3.948,-0.080,-0.015,-0.057,1813,0,0

486607,4.937,7.118,3.972,-0.085,-0.022,-0.057,1814,0,0

486615,4.946,7.075,3.989,-0.081,-0.029,-0.063,1812,0,0

486623,4.913,7.082,3.953,-0.067,-0.034,-0.072,1812,0,0

486632,4.918,7.084,3.984,-0.054,-0.033,-0.077,1816,0,0

486640,4.884,7.163,3.989,-0.047,-0.027,-0.077,1813,0,0

486648,4.812,7.207,4.089,-0.060,-0.021,-0.074,1811,0,0

486656,4.726,7.214,4.156,-0.086,-0.017,-0.072,1814,0,0

486664,4.614,7.199,4.262,-0.105,-0.019,-0.072,1812,0,0

486672,4.508,7.163,4.446,-0.111,-0.027,-0.074,1814,0,0

486680,4.386,7.096,4.573,-0.116,-0.041,-0.080,1813,0,0

486688,4.307,7.020,4.678,-0.124,-0.064,-0.088,1813,0,0

486696,4.240,6.946,4.760,-0.125,-0.095,-0.100,1814,0,0

486704,4.207,6.881,4.820,-0.112,-0.120,-0.112,1814,0,0

486712,4.223,6.886,4.820,-0.098,-0.140,-0.123,1812,0,0

486721,4.190,6.857,4.865,-0.093,-0.152,-0.134,1814,0,0

486729,4.137,6.847,4.951,-0.100,-0.157,-0.142,1812,0,0

486737,4.077,6.816,5.073,-0.113,-0.157,-0.147,1815,0,0

486745,3.967,6.783,5.277,-0.127,-0.157,-0.151,1814,0,0

486753,3.852,6.716,5.432,-0.148,-0.164,-0.157,1814,0,0

486761,3.740,6.656,5.636,-0.175,-0.176,-0.164,1814,0,0

486769,3.632,6.582,5.911,-0.202,-0.189,-0.174,1814,0,0

486777,3.515,6.460,6.184,-0.235,-0.202,-0.188,1816,0,0

486785,3.426,6.304,6.436,-0.278,-0.221,-0.205,1817,0,0

486793,3.323,6.170,6.685,-0.324,-0.249,-0.229,1815,0,0

486801,3.203,5.978,6.943,-0.369,-0.310,-0.267,1815,0,0

486809,3.163,5.777,7.046,-0.402,-0.390,-0.313,1815,0,0

486817,3.213,5.720,7.013,-0.414,-0.475,-0.355,1817,0,0

486825,3.302,5.643,6.919,-0.401,-0.568,-0.410,1815,0,0

486833,3.426,5.643,6.788,-0.365,-0.637,-0.462,1816,0,0

486841,3.522,5.725,6.692,-0.337,-0.673,-0.507,1817,0,0

486848,3.551,5.916,6.668,-0.335,-0.674,-0.541486895,2.751,5.981,7.649,-0.821,-0.730,-0.674,1817,0,0

486903,2.763,5.842,7.848,-0.877,-0.777,-0.717,1816,0,0

486911,2.890,5.794,8.004,-0.927,-0.852,-0.771,1815,0,0

486919,3.024,5.825,8.171,-0.948,-0.939,-0.834,1818,0,0

486927,3.103,5.981,8.296,-0.942,-1.026,-0.895,1816,0,0

486935,3.129,6.179,8.473,-0.930,-1.115,-0.945,1816,0,0

487824,5.868,8.092,2.377,0.091,0.326,-0.034,1811,0,0

487832,5.818,8.100,2.435,0.077,0.321,-0.033,1810,0,0

487840,5.746,8.052,2.507,0.067,0.301,-0.031,1810,0,0

487848,5.679,8.045,2.502,0.079,0.275,-0.034,1810,0,0

487855,5.672,8.097,2.468,0.111,0.251,-0.039,1810,0,0

488831,5.229,7.551,2.246,-0.017,0.034,-0.056,1809,0,0
490851,5.109,7.690,2.672,-0.042,0.036,-0.014,1809,0,0

491858,4.985,7.855,2.476,-0.077,0.016,-0.000,1810,0,0
493877,4.865,7.930,2.490,-0.063,0.009,0.002,1810,0,0

494884,4.894,8.109,2.380,-0.021,0.055,-0.016,1814,0,0
496905,4.752,8.013,2.576,-0.044,0.033,-0.046,1814,0,0

497912,4.798,7.973,1.427,0.003,-0.001,-0.023,1814,0,0
499933,4.788,7.937,2.059,-0.027,0.002,-0.029,1814,0,0

500874,4.700,8.291,1.961,-0.069,-0.002,-0.006,1811,0,0

500883,4.690,8.294,1.973,-0.075,-0.001,-0.003,1809,0,0

500891,4.693,8.270,1.975,-0.078,-0.001,-0.002,1809,0,0

500899,4.678,8.243,1.958,-0.078,-0.001,-0.001,1809,0,0

500907,4.662,8.222,1.978,-0.073,-0.003,-0.003,1811,0,0

500915,4.647,8.200,1.975,-0.064,-0.003,-0.003,1812,0,0

500923,4.662,8.205,1.963,-0.054,-0.004,-0.004,1810,0,0

500931,4.671,8.224,1.920,-0.050,-0.002,-0.004,1810,0,0

500940,4.666,8.234,1.915,-0.054,0.002,-0.002,1809,0,0

500948,4.676,8.231,1.891,-0.064,0.004,0.001,1811,0,0

500956,4.662,8.219,1.870,-0.074,0.009,0.002,1810,0,0

500964,4.669,8.183,1.906,-0.080,0.011,0.002,1810,0,0

500972,4.676,8.157,1.949,-0.079,0.011,-0.000,1810,0,0

500980,4.681,8.138,1.982,-0.073,0.010,-0.005,1811,0,0

500988,4.693,8.143,2.011,-0.068,0.010,-0.009,1811,0,0

500996,4.690,8.138,2.018,-0.065,0.007,-0.012,1810,0,0

501004,4.654,8.138,2.025,-0.065,0.004,-0.016,1809,0,0

501012,4.690,8.140,1.987,-0.063,0.001,-0.018,1810,0,0

501021,4.709,8.179,1.923,-0.058,0.001,-0.017,1810,0,0

501029,4.712,8.203,1.891,-0.055,0.004,-0.017,1809,0,0

501037,4.721,8.226,1.906,-0.060,0.010,-0.015,1809,0,0

501045,4.702,8.203,1.911,-0.066,0.013,-0.015,1809,0,0

501053,4.673,8.200,1.925,-0.070,0.014,-0.015,1809,0,0

501062,4.657,8.186,1.923,-0.070,0.014,-0.014,1810,0,0

501070,4.652,8.231,1.954,-0.068,0.016,-0.012,1809,0,0

501078,4.666,8.246,1.956,-0.069,0.017,-0.010,1810,0,0

501086,4.664,8.219,2.009,-0.077,0.018,-0.008,1811,0,0

501094,4.669,8.186,2.047,-0.085,0.016,-0.007,1809,0,0

501102,4.681,8.164,2.028,-0.089,0.010,-0.006,1810,0,0

501111,4.683,8.145,2.004,-0.088,0.006,-0.007,1811,0,0

501119,4.702,8.140,2.011,-0.080,0.003,-0.010,1809,0,0

501127,4.717,8.131,2.033,-0.065,0.003,-0.014,1807,0,0

501135,4.709,8.140,2.035,-0.050,0.007,-0.018,1810,0,0

501143,4.673,8.169,2.059,-0.043,0.009,-0.022,1810,0,0

501151,4.678,8.198,2.066,-0.043,0.007,-0.024,1810,0,0

501159,4.681,8.219,2.054,-0.047,0.004,-0.023,1810,0,0

501167,4.688,8.219,2.035,-0.054,0.001,-0.022,1809,0,0

501175,4.695,8.212,2.002,-0.066,-0.003,-0.017,1809,0,0

501183,4.712,8.205,1.992,-0.076,-0.006,-0.015,1809,0,0

501191,4.738,8.181,1.956,-0.087,-0.006,-0.014,1808,0,0

501199,4.736,8.150,1.973,-0.092,-0.002,-0.012,1808,0,0

501207,4.709,8.133,1.990,-0.095,0.003,-0.014,1810,0,0

501216,4.681,8.119,2.037,-0.095,0.005,-0.015,1810,0,0

501224,4.688,8.090,2.042,-0.093,0.003,-0.017,1808,0,0

501232,4.685,8.068,2.047,-0.090,-0.003,-0.020,1810,0,0

501240,4.705,8.049,2.011,-0.086,-0.009,-0.023,1809,0,0

501248,4.721,8.049,1.951,-0.084,-0.013,-0.030,1810,0,0

501256,4.781,8.045,1.930,-0.084,-0.013,-0.037,1810,0,0

501264,4.774,8.061,1.942,-0.083,-0.017,-0.043,1811,0,0

501273,4.741,8.092,1.942,-0.082,-0.023,-0.046,1811,0,0

501281,4.762,8.102,1.920,-0.080,-0.033,-0.047,1810,0,0

501289,4.793,8.126,1.884,-0.072,-0.038,-0.047,1809,0,0

501297,4.820,8.109,1.860,-0.066,-0.039,-0.049,1811,0,0

501305,4.822,8.109,1.800,-0.066,-0.038,-0.051,1810,0,0

501313,4.848,8.080,1.793,-0.067,-0.039,-0.057,1810,0,0

501321,4.882,8.064,1.774,-0.064,-0.044,-0.065,1810,0,0

501329,4.908,8.040,1.760,-0.051,-0.057,-0.073,1808,0,0

501337,4.934,8.076,1.693,-0.032,-0.073,-0.080,1810,0,0

501346,5.004,8.085,1.618,-0.017,-0.093,-0.085,1810,0,0

501354,5.045,8.090,1.520,-0.014,-0.106,-0.088,1809,0,0

501362,5.042,8.030,1.415,-0.017,-0.117,-0.092,1808,0,0

501370,5.054,7.970,1.331,-0.013,-0.129,-0.099,1809,0,0

501378,5.042,7.944,1.250,0.007,-0.139,-0.110,1810,0,0

501386,5.047,7.942,1.197,0.038,-0.155,-0.128,1810,0,0

501394,5.045,8.011,1.092,0.080,-0.171,-0.148,1811,0,0

501402,5.006,8.040,1.001,0.118,-0.185,-0.168,1812,0,0

501410,4.958,8.128,0.876,0.146,-0.197,-0.178,1809,0,0

501418,4.937,8.200,0.745,0.165,-0.217,-0.184,1810,0,0

501426,4.872,8.236,0.613,0.188,-0.245,-0.191,1809,0,0

501434,4.815,8.155,0.441,0.211,-0.277,-0.199,1811,0,0

501443,4.764,8.109,0.278,0.243,-0.310,-0.211,1810,0,0

501451,4.695,8.064,0.122,0.283,-0.357,-0.229,1810,0,0

501459,4.616,8.040,-0.036,0.338,-0.416,-0.254,1809,0,0

501467,4.515,8.073,-0.254,0.401,-0.489,-0.280,1809,0,0

501475,4.424,8.116,-0.443,0.487,-0.584,-0.310,1811,0,0

501483,4.345,8.147,-0.615,0.559,-0.665,-0.334,1811,0,0

501491,4.278,8.157,-0.850,0.656,-0.766,-0.362,1812,0,0

501499,4.192,8.279,-1.056,0.751,-0.857,-0.386,1811,0,0

501507,4.020,8.406,-1.264,0.837,-0.942,-0.410,1811,0,0

501516,3.795,8.633,-1.532,0.900,-1.027,-0.427,1815,0,0

501524,3.589,8.875,-1.935,0.945,-1.107,-0.442,1813,0,0

501532,3.407,9.105,-2.380,0.948,-1.174,-0.453,1813,0,0

501540,3.364,9.282,-2.775,0.905,-1.249,-0.472,1815,0,0

501548,3.335,9.208,-3.256,0.843,-1.249,-0.470,1815,0,0

501556,3.184,9.290,-3.567,0.795,-1.228,-0.470,1815,0,0

501564,3.093,9.397,-3.929,0.807,-1.199,-0.485,1817,0,0

501572,2.801,9.500,-4.278,0.880,-1.141,-0.516,1817,0,0

501580,2.399,9.582,-4.671,0.977,-1.093,-0.556,1815,0,0

501589,2.023,9.704,-4.942,1.064,-1.023,-0.574,1818,0,0

501597,1.800,10.015,-5.255,1.170,-0.954,-0.572,1815,0,0

501605,1.547,10.391,-5.660,1.248,-0.866,-0.572,1818,0,0

501613,1.274,10.795,-6.112,1.267,-0.757,-0.550,1816,0,0

501621,1.092,11.183,-6.483,1.229,-0.636,-0.515,1817,0,0

501629,0.824,11.511,-6.790,1.124,-0.498,-0.470,1817,0,0

501637,0.524,11.748,-7.075,0.953,-0.347,-0.412,1817,0,0

501646,0.283,11.770,-7.199,0.778,-0.203,-0.353,1818,0,0

501654,0.084,11.789,-7.345,0.627,-0.050,-0.290,1816,0,0

501662,-0.132,11.722,-7.353,0.524,0.172,-0.221,1818,0,0

501670,-0.182,11.595,-7.293,0.498,0.388,-0.153,1817,0,0

501678,-0.220,11.492,-7.108,0.532,0.627,-0.100,1817,0,0

501686,-0.194,11.428,-7.037,0.628,0.889,-0.061,1817,0,0

501694,0.022,11.511,-6.993,0.743,1.166,-0.027,1817,0,0

501702,-0.038,11.799,-7.072,0.814,1.446,0.003,1818,0,0

501711,-0.383,12.134,-7.123,0.818,1.742,0.058,1816,0,0

501719,-0.749,12.371,-7.345,0.754,1.981,0.130,1820,0,0

501727,-1.185,12.495,-7.463,0.620,2.231,0.223,1819,0,0

501735,-1.650,12.500,-7.494,0.480,2.475,0.325,1820,0,0

501743,-1.695,12.498,-7.374,0.393,2.733,0.423,1819,0,0

501751,-1.460,12.433,-6.943,0.385,3.049,0.506,1821,0,0

501759,-1.422,12.467,-6.431,0.432,3.416,0.582,1819,0,0

501767,-1.398,12.538,-5.839,0.505,3.805,0.655,1817,0,0

501776,-1.279,12.570,-4.992,0.599,4.234,0.732,1818,0,0

501784,-1.329,12.699,-4.417,0.604,4.578,0.777,1818,0,0

501792,-1.640,12.957,-3.824,0.610,4.928,0.853,1816,0,0

501800,-2.504,13.214,-3.259,0.521,5.160,0.943,1816,0,0

501808,-3.469,13.398,-2.749,0.416,5.311,1.061,1817,0,0

501816,-4.324,13.496,-2.339,0.317,5.387,1.197,1817,0,0

501825,-4.932,13.465,-1.743,0.215,5.343,1.348,1817,0,0

501833,-4.776,13.544,-1.448,0.209,5.308,1.480,1816,0,0

501841,-3.840,13.441,-0.840,0.261,5.356,1.580,1815,0,0

501849,-3.050,13.451,0.357,0.350,5.515,1.685,1815,0,0

501857,-2.176,13.393,1.511,0.410,5.759,1.786,1815,0,0

501866,-1.621,13.106,2.579,0.407,6.142,1.896,1815,0,0

501874,-1.966,12.725,3.256,0.346,6.439,1.994,1816,0,0

501882,-2.923,12.294,3.771,0.303,6.615,2.090,1815,0,0

501890,-4.063,11.904,4.010,0.294,6.629,2.174,1816,0,0

501898,-5.030,11.435,4.128,0.347,6.460,2.215,1816,0,0

501906,-5.610,10.908,4.307,0.484,6.174,2.234,1816,0,0

501914,-5.684,10.623,4.671,0.694,5.860,2.239,1814,0,0

501923,-5.083,10.539,5.425,0.938,5.596,2.229,1817,0,0

501931,-4.080,10.609,6.586,1.153,5.444,2.211,1817,0,0

501939,-3.589,10.700,7.549,1.158,5.437,2.218,1816,0,0

501947,-3.438,10.539,8.210,0.995,5.504,2.263,1817,0,0

501955,-3.718,9.993,9.325,0.788,5.447,2.317,1818,0,0

501963,-3.938,9.254,9.938,0.633,5.262,2.371,1821,0,0

501971,-4.068,8.526,9.936,0.596,4.962,2.392,1818,0,0

501980,-3.783,7.695,9.874,0.753,4.564,2.355,1816,0,0

501988,-3.481,7.130,9.728,0.999,4.242,2.292,1818,0,0

501996,-3.019,6.914,9.747,1.258,3.945,2.221,1820,0,0

502004,-2.284,6.888,10.178,1.422,3.728,2.147,1819,0,0

502012,-1.719,6.931,10.549,1.397,3.610,2.087,1819,0,0

502020,-1.365,6.859,10.913,1.179,3.553,2.062,1818,0,0

502028,-1.140,6.481,11.416,0.862,3.497,2.057,1820,0,0

502037,-0.984,5.825,11.899,0.568,3.409,2.053,1819,0,0

502045,-0.934,5.047,12.222,0.381,3.240,2.028,1820,0,0

502053,-0.792,4.286,12.309,0.379,3.012,1.968,1818,0,0

502061,-0.587,3.737,12.158,0.500,2.737,1.871,1818,0,0

502069,-0.323,3.304,11.856,0.659,2.442,1.750,1820,0,0

502077,0.148,3.254,11.617,0.823,2.188,1.622,1817,0,0

502086,0.747,3.354,11.758,0.952,2.035,1.491,1818,0,0

502094,1.192,3.646,11.969,0.944,1.961,1.358,1817,0,0

502102,1.350,3.740,12.186,0.775,1.907,1.262,1816,0,0

502110,1.446,3.685,12.371,0.560,1.804,1.177,1818,0,0

502118,1.508,3.625,12.325,0.405,1.664,1.102,1819,0,0

502127,1.585,3.409,12.141,0.360,1.476,1.023,1817,0,0

502135,1.824,3.239,11.803,0.397,1.255,0.939,1819,0,0

502143,2.365,3.247,11.349,0.477,1.027,0.839,1817,0,0

502151,2.811,3.311,11.145,0.536,0.890,0.738,1818,0,0

502159,3.110,3.436,10.942,0.524,0.803,0.641,1819,0,0

502168,3.170,3.488,10.827,0.443,0.734,0.551,1819,0,0

502176,3.091,3.560,10.683,0.342,0.649,0.471,1820,0,0

502184,3.048,3.627,10.472,0.270,0.535,0.394,1819,0,0

502192,3.153,3.639,10.068,0.248,0.375,0.306,1818,0,0

502200,3.352,3.689,9.606,0.298,0.232,0.223,1819,0,0

502208,3.563,3.759,9.057,0.383,0.106,0.140,1816,0,0

502216,3.826,3.934,8.610,0.465,0.010,0.058,1815,0,0

502224,4.118,4.245,8.231,0.504,-0.046,-0.022,1816,0,0

502233,4.338,4.638,7.872,0.474,-0.064,-0.095,1815,0,0

502241,4.360,4.980,7.578,0.375,-0.074,-0.152,1815,0,0

502249,4.329,5.188,7.278,0.255,-0.102,-0.192,1814,0,0

502257,4.319,5.392,7.010,0.151,-0.152,-0.219,1814,0,0

502265,4.293,5.514,6.673,0.117,-0.206,-0.236,1814,0,0

502273,4.295,5.677,6.297,0.123,-0.264,-0.251,1812,0,0

502281,4.360,5.818,5.983,0.143,-0.311,-0.265,1814,0,0

502289,4.472,6.012,5.684,0.145,-0.341,-0.274,1813,0,0

502298,4.621,6.225,5.428,0.102,-0.346,-0.280,1814,0,0

502306,4.748,6.428,5.234,0.010,-0.326,-0.285,1812,0,0

502314,4.846,6.601,5.121,-0.107,-0.291,-0.289,1811,0,0

502322,4.913,6.673,4.992,-0.219,-0.252,-0.292,1812,0,0

502330,4.954,6.670,4.930,-0.275,-0.230,-0.290,1812,0,0

502338,4.985,6.697,4.915,-0.281,-0.233,-0.290,1814,0,0

502346,4.956,6.740,4.812,-0.246,-0.255,-0.290,1814,0,0

502355,4.951,6.759,4.700,-0.188,-0.287,-0.291,1812,0,0

502363,4.937,6.821,4.563,-0.130,-0.318,-0.296,1812,0,0

502371,4.911,6.929,4.432,-0.090,-0.343,-0.302,1814,0,0

502379,4.968,7.034,4.286,-0.073,-0.357,-0.309,1811,0,0

502387,5.004,7.118,4.185,-0.074,-0.359,-0.315,1811,0,0

502395,5.057,7.226,4.120,-0.079,-0.350,-0.315,1811,0,0

502404,5.045,7.348,4.089,-0.080,-0.343,-0.311,1811,0,0

502412,5.021,7.432,4.029,-0.077,-0.334,-0.304,1812,0,0

502420,4.949,7.482,3.998,-0.056,-0.323,-0.297,1812,0,0

502428,4.815,7.556,3.938,-0.014,-0.315,-0.290,1812,0,0

502436,4.736,7.556,3.888,0.038,-0.314,-0.284,1811,0,0

502444,4.714,7.597,3.792,0.096,-0.316,-0.273,1809,0,0

502452,4.791,7.614,3.654,0.137,-0.310,-0.261,1812,0,0

502460,4.836,7.630,3.534,0.162,-0.291,-0.246,1815,0,0

502469,4.879,7.683,3.436,0.163,-0.264,-0.226,1814,0,0

502477,4.906,7.738,3.395,0.140,-0.235,-0.203,1812,0,0

502485,4.891,7.738,3.383,0.087,-0.205,-0.178,1811,0,0

502493,4.851,7.688,3.400,0.013,-0.183,-0.151,1812,0,0

502501,4.867,7.594,3.421,-0.063,-0.167,-0.124,1813,0,0

502509,4.903,7.460,3.409,-0.127,-0.153,-0.100,1813,0,0

502517,4.911,7.317,3.405,-0.153,-0.141,-0.087,1812,0,0

502526,4.985,7.190,3.397,-0.144,-0.132,-0.084,1813,0,0

502534,5.054,7.106,3.381,-0.107,-0.116,-0.086,1812,0,0

502542,5.138,7.120,3.364,-0.052,-0.093,-0.089,1812,0,0

502550,5.155,7.168,3.409,-0.006,-0.059,-0.091,1811,0,0

502558,5.114,7.223,3.452,0.006,-0.024,-0.090,1811,0,0

502566,5.095,7.245,3.515,-0.016,0.014,-0.082,1813,0,0

502574,5.071,7.254,3.579,-0.046,0.041,-0.070,1811,0,0

502583,5.049,7.207,3.644,-0.071,0.057,-0.059,1814,0,0

502591,5.028,7.159,3.687,-0.087,0.066,-0.051,1810,0,0

502599,5.066,7.104,3.713,-0.092,0.070,-0.048,1811,0,0

502607,5.085,7.056,3.814,-0.086,0.071,-0.051,1811,0,0

502615,5.030,7.099,3.900,-0.073,0.069,-0.058,1811,0,0

502623,4.999,7.128,3.955,-0.062,0.065,-0.066,1812,0,0

502631,4.958,7.178,4.008,-0.050,0.062,-0.071,1813,0,0

502639,4.925,7.223,4.044,-0.033,0.060,-0.069,1813,0,0

502647,4.901,7.288,4.070,-0.017,0.057,-0.060,1814,0,0

502655,4.863,7.350,4.080,-0.007,0.056,-0.048,1812,0,0

502663,4.846,7.350,4.089,-0.004,0.056,-0.037,1814,0,0

502671,4.831,7.343,4.108,-0.007,0.063,-0.026,1815,0,0

502679,4.836,7.286,4.197,-0.018,0.071,-0.019,1809,0,0

502687,4.834,7.207,4.214,-0.041,0.073,-0.016,1811,0,0

502695,4.867,7.111,4.235,-0.070,0.064,-0.017,1811,0,0

502704,4.934,7.072,4.226,-0.086,0.057,-0.019,1811,0,0

502712,4.975,7.077,4.266,-0.085,0.057,-0.021,1810,0,0

502720,4.970,7.092,4.326,-0.088,0.058,-0.022,1810,0,0

502728,4.920,7.137,4.434,-0.111,0.057,-0.020,1811,0,0

502736,4.870,7.185,4.520,-0.142,0.052,-0.016,1811,0,0

502744,4.863,7.192,4.578,-0.166,0.041,-0.013,1810,0,0

502752,4.865,7.151,4.640,-0.168,0.026,-0.013,1811,0,0

502760,4.887,7.111,4.640,-0.152,0.013,-0.016,1813,0,0

502769,4.899,7.070,4.594,-0.122,0.002,-0.027,1812,0,0

502777,4.908,7.037,4.532,-0.078,-0.008,-0.039,1811,0,0

502785,4.934,7.049,4.513,-0.026,-0.014,-0.048,1810,0,0

502793,4.956,7.125,4.482,0.019,-0.009,-0.051,1809,0,0

502801,4.942,7.252,4.439,0.033,0.001,-0.044,1812,0,0

502810,4.918,7.271,4.494,0.004,0.011,-0.035,1811,0,0

502818,4.899,7.250,4.494,-0.048,0.014,-0.025,1811,0,0

502826,4.901,7.140,4.515,-0.092,0.006,-0.019,1811,0,0

502834,4.911,7.022,4.513,-0.113,-0.009,-0.017,1810,0,0

502842,4.946,6.931,4.480,-0.110,-0.028,-0.023,1809,0,0

502850,5.013,6.876,4.453,-0.095,-0.045,-0.035,1811,0,0

502858,5.088,6.888,4.396,-0.070,-0.048,-0.048,1812,0,0

502866,5.131,6.958,4.343,-0.049,-0.040,-0.059,1812,0,0

502874,5.095,7.049,4.326,-0.048,-0.035,-0.066,1814,0,0

502883,5.049,7.106,4.353,-0.057,-0.034,-0.067,1813,0,0

502891,5.028,7.151,4.322,-0.064,-0.036,-0.066,1811,0,0

502899,4.990,7.209,4.290,-0.066,-0.042,-0.062,1813,0,0

502907,4.978,7.240,4.235,-0.067,-0.052,-0.058,1811,0,0

502915,4.980,7.271,4.199,-0.067,-0.063,-0.054,1810,0,0

502923,4.997,7.245,4.180,-0.066,-0.072,-0.051,1813,0,0

502931,4.987,7.257,4.089,-0.054,-0.073,-0.047,1810,0,0

502939,4.990,7.281,4.003,-0.039,-0.071,-0.046,1813,0,0

502948,4.999,7.276,4.010,-0.030,-0.068,-0.044,1810,0,0

502956,5.004,7.283,3.970,-0.026,-0.062,-0.040,1810,0,0

502964,4.997,7.300,3.979,-0.027,-0.056,-0.035,1813,0,0

502972,4.970,7.319,3.955,-0.035,-0.054,-0.031,1813,0,0

502980,4.946,7.290,3.891,-0.048,-0.053,-0.029,1811,0,0

502989,4.954,7.266,3.871,-0.057,-0.054,-0.026,1812,0,0

502997,4.963,7.214,3.852,-0.057,-0.049,-0.023,1811,0,0

503005,4.956,7.195,3.816,-0.052,-0.034,-0.022,1813,0,0

503013,4.942,7.187,3.840,-0.052,-0.017,-0.020,1812,0,0

503021,4.915,7.195,3.946,-0.051,-0.003,-0.019,1811,0,0

503029,4.863,7.207,4.001,-0.050,0.005,-0.019,1812,0,0

503037,4.812,7.204,4.041,-0.050,0.004,-0.020,1813,0,0

503046,4.800,7.204,4.077,-0.054,-0.003,-0.022,1811,0,0

503054,4.824,7.197,4.082,-0.063,-0.007,-0.025,1809,0,0

503062,4.831,7.209,4.113,-0.071,-0.006,-0.026,1812,0,0

503070,4.843,7.211,4.137,-0.079,-0.003,-0.027,1811,0,0

503078,4.834,7.195,4.195,-0.083,0.002,-0.029,1810,0,0

503086,4.820,7.135,4.216,-0.083,0.002,-0.030,1813,0,0

503094,4.788,7.094,4.302,-0.077,-0.008,-0.029,1810,0,0

503102,4.824,7.068,4.314,-0.061,-0.026,-0.026,1812,0,0

503110,4.882,7.058,4.228,-0.047,-0.043,-0.028,1813,0,0

503119,4.961,7.017,4.180,-0.039,-0.052,-0.034,1812,0,0

503127,5.009,7.032,4.106,-0.039,-0.051,-0.037,1811,0,0

503135,5.025,7.032,4.089,-0.045,-0.042,-0.043,1811,0,0

503143,4.997,7.051,4.077,-0.053,-0.035,-0.050,1813,0,0

503151,4.939,7.075,4.087,-0.055,-0.031,-0.056,1813,0,0

503159,4.889,7.106,4.108,-0.042,-0.030,-0.060,1812,0,0

503167,4.851,7.135,4.132,-0.018,-0.031,-0.059,1812,0,0

503175,4.831,7.190,4.082,-0.004,-0.033,-0.055,1814,0,0

503184,4.851,7.214,4.058,-0.015,-0.039,-0.048,1812,0,0

503192,4.882,7.199,4.022,-0.036,-0.046,-0.045,1811,0,0

503200,4.906,7.156,3.965,-0.051,-0.051,-0.047,1812,0,0

503208,4.918,7.132,3.903,-0.056,-0.053,-0.052,1812,0,0

503216,4.946,7.159,3.824,-0.055,-0.052,-0.059,1811,0,0

503224,4.963,7.211,3.847,-0.055,-0.041,-0.065,1811,0,0

503232,4.920,7.288,3.852,-0.054,-0.030,-0.068,1810,0,0

503240,4.855,7.336,3.910,-0.053,-0.018,-0.067,1812,0,0

503248,4.796,7.369,3.962,-0.052,-0.011,-0.058,1810,0,0

503257,4.791,7.377,3.962,-0.048,-0.011,-0.048,1812,0,0

503265,4.808,7.353,3.967,-0.043,-0.012,-0.039,1811,0,0

503273,4.841,7.312,3.962,-0.039,-0.014,-0.034,1810,0,0

503281,4.887,7.271,3.900,-0.044,-0.014,-0.033,1815,0,0

503289,4.920,7.235,3.919,-0.056,-0.015,-0.037,1810,0,0

503297,4.934,7.226,3.900,-0.067,-0.012,-0.043,1812,0,0

503305,4.939,7.245,3.922,-0.070,-0.003,-0.049,1811,0,0

503314,4.937,7.259,3.915,-0.068,0.006,-0.050,1811,0,0

503322,4.899,7.300,3.977,-0.070,0.012,-0.049,1811,0,0

503330,4.870,7.319,3.991,-0.070,0.012,-0.046,1810,0,0

503338,4.848,7.312,4.008,-0.064,0.009,-0.041,1812,0,0

503346,4.860,7.324,4.013,-0.055,0.004,-0.035,1812,0,0

503354,4.896,7.305,3.974,-0.053,0.002,-0.034,1810,0,0

503362,4.925,7.307,3.979,-0.058,0.006,-0.034,1811,0,0

503371,4.920,7.298,4.013,-0.066,0.015,-0.038,1811,0,0

503379,4.901,7.271,4.032,-0.068,0.019,-0.039,1810,0,0

503387,4.920,7.278,4.065,-0.066,0.011,-0.039,1812,0,0

503395,4.932,7.307,4.108,-0.056,0.002,-0.038,1811,0,0

503403,4.934,7.333,4.049,-0.046,-0.011,-0.037,1813,0,0

503411,4.930,7.360,4.025,-0.037,-0.021,-0.034,1811,0,0

503419,4.942,7.386,3.989,-0.033,-0.028,-0.034,1811,0,0

503428,4.927,7.393,3.955,-0.034,-0.027,-0.034,1811,0,0

503436,4.896,7.424,3.960,-0.033,-0.017,-0.032,1812,0,0

503444,4.863,7.458,3.984,-0.033,-0.006,-0.030,1810,0,0

503452,4.843,7.465,4.010,-0.034,0.002,-0.021,1810,0,0

503460,4.841,7.470,4.051,-0.037,0.003,-0.012,1811,0,0

503468,4.860,7.412,4.061,-0.043,-0.001,-0.003,1812,0,0

503476,4.891,7.355,4.017,-0.047,-0.010,0.002,1812,0,0

503484,4.918,7.309,3.979,-0.046,-0.017,-0.000,1812,0,0

503493,4.937,7.307,3.946,-0.041,-0.021,-0.003,1813,0,0

503501,4.949,7.307,3.953,-0.039,-0.017,-0.003,1810,0,0

503509,4.922,7.321,3.955,-0.046,-0.007,-0.001,1810,0,0

503517,4.889,7.329,4.037,-0.061,0.002,0.002,1812,0,0

503526,4.865,7.309,4.061,-0.075,0.008,0.005,1812,0,0

503534,4.858,7.276,4.116,-0.075,0.008,0.005,1813,0,0

503542,4.889,7.242,4.123,-0.062,0.003,0.002,1813,0,0

503550,4.911,7.242,4.128,-0.043,-0.005,-0.003,1812,0,0

503558,4.870,7.266,4.065,-0.030,-0.011,-0.008,1813,0,0

503566,4.855,7.300,3.998,-0.029,-0.019,-0.008,1810,0,0

503574,4.846,7.326,3.960,-0.037,-0.019,-0.007,1809,0,0

503582,4.851,7.338,3.946,-0.049,-0.010,-0.001,1810,0,0

503591,4.848,7.345,3.977,-0.064,-0.002,0.005,1813,0,0

503599,4.865,7.314,4.017,-0.077,0.004,0.009,1811,0,0

503607,4.877,7.223,4.068,-0.081,0.008,0.010,1811,0,0

503615,4.865,7.195,4.068,-0.076,0.006,0.009,1810,0,0

503623,4.863,7.185,4.075,-0.065,-0.001,0.003,1810,0,0

503631,4.911,7.190,4.065,-0.053,-0.007,0.001,1811,0,0
