432406,4.865,7.578,3.606,-0.056,0.020,-0.011,1823,0,0

432414,4.858,7.561,3.591,-0.063,0.025,-0.006,1821,0,0

432422,4.870,7.539,3.618,-0.066,0.029,-0.003,1821,0,0

432430,4.860,7.539,3.622,-0.063,0.030,-0.003,1822,0,0

432438,4.855,7.530,3.630,-0.063,0.029,-0.003,1823,0,0

432446,4.841,7.499,3.670,-0.062,0.024,-0.005,1823,0,0

432454,4.815,7.487,3.651,-0.057,0.019,-0.007,1821,0,0

432462,4.810,7.532,3.625,-0.049,0.019,-0.006,1820,0,0

432471,4.803,7.544,3.642,-0.044,0.024,-0.006,1821,0,0

432479,4.776,7.558,3.697,-0.047,0.027,-0.002,1820,0,0

432487,4.750,7.537,3.699,-0.055,0.025,0.001,1822,0,0

432495,4.764,7.499,3.685,-0.061,0.022,0.003,1820,0,0

432503,4.815,7.458,3.656,-0.061,0.021,0.003,1819,0,0

432511,4.839,7.465,3.656,-0.060,0.023,0.001,1819,0,0

432519,4.851,7.460,3.630,-0.066,0.027,0.000,1822,0,0

432528,4.841,7.465,3.646,-0.075,0.031,-0.002,1823,0,0

432536,4.808,7.453,3.685,-0.084,0.036,-0.004,1821,0,0

432544,4.748,7.429,3.733,-0.090,0.036,-0.003,1820,0,0

432552,4.717,7.398,3.740,-0.087,0.032,-0.001,1821,0,0

432560,4.729,7.384,3.766,-0.077,0.026,0.000,1822,0,0

432568,4.779,7.360,3.764,-0.065,0.019,-0.000,1822,0,0

432576,4.803,7.345,3.725,-0.058,0.014,-0.006,1820,0,0

432585,4.834,7.319,3.723,-0.055,0.012,-0.015,1822,0,0

432593,4.872,7.350,3.694,-0.053,0.009,-0.023,1821,0,0

432601,4.855,7.396,3.673,-0.055,0.008,-0.027,1821,0,0

432609,4.822,7.441,3.649,-0.061,0.009,-0.030,1822,0,0

432617,4.798,7.494,3.677,-0.070,0.012,-0.028,1822,0,0

432625,4.750,7.520,3.697,-0.072,0.014,-0.023,1822,0,0

432634,4.738,7.491,3.699,-0.071,0.014,-0.018,1821,0,0

432642,4.750,7.468,3.694,-0.067,0.009,-0.014,1820,0,0

432650,4.803,7.470,3.680,-0.063,0.007,-0.013,1820,0,0

432658,4.812,7.463,3.649,-0.060,0.007,-0.018,1821,0,0

432666,4.815,7.446,3.625,-0.060,0.007,-0.022,1820,0,0

432674,4.805,7.453,3.620,-0.060,0.007,-0.026,1821,0,0

432682,4.776,7.470,3.630,-0.061,0.006,-0.028,1821,0,0

432690,4.772,7.508,3.622,-0.058,0.008,-0.027,1820,0,0

432698,4.752,7.496,3.642,-0.058,0.011,-0.023,1821,0,0

432707,4.764,7.494,3.637,-0.058,0.015,-0.019,1822,0,0

432715,4.776,7.491,3.654,-0.062,0.019,-0.017,1823,0,0

432723,4.815,7.477,3.651,-0.068,0.018,-0.017,1821,0,0

432731,4.839,7.475,3.654,-0.070,0.014,-0.018,1822,0,0

432739,4.867,7.477,3.661,-0.067,0.011,-0.021,1822,0,0

432747,4.877,7.487,3.654,-0.061,0.009,-0.022,1823,0,0

432755,4.855,7.532,3.627,-0.056,0.011,-0.022,1822,0,0

432763,4.827,7.575,3.661,-0.058,0.014,-0.019,1824,0,0

432771,4.786,7.604,3.682,-0.062,0.017,-0.016,1821,0,0

432780,4.760,7.585,3.725,-0.065,0.019,-0.012,1819,0,0

432788,4.757,7.587,3.771,-0.070,0.018,-0.008,1822,0,0

432796,4.752,7.570,3.761,-0.071,0.008,-0.005,1822,0,0

432804,4.779,7.527,3.766,-0.069,-0.005,-0.005,1823,0,0

432812,4.820,7.484,3.728,-0.060,-0.019,-0.007,1824,0,0

432820,4.901,7.484,3.673,-0.044,-0.027,-0.009,1821,0,0

432828,4.920,7.503,3.584,-0.034,-0.026,-0.011,1822,0,0

432837,4.896,7.542,3.582,-0.037,-0.018,-0.012,1820,0,0

432845,4.867,7.578,3.608,-0.047,-0.010,-0.010,1819,0,0

432853,4.843,7.585,3.625,-0.058,-0.004,-0.008,1823,0,0

432861,4.764,7.561,3.661,-0.062,-0.001,-0.005,1821,0,0

432869,4.738,7.549,3.675,-0.062,-0.002,-0.003,1820,0,0

432878,4.776,7.530,3.666,-0.060,-0.006,0.000,1820,0,0

432886,4.803,7.494,3.668,-0.058,-0.011,0.004,1820,0,0

432894,4.827,7.444,3.654,-0.059,-0.016,0.005,1821,0,0

432902,4.836,7.403,3.620,-0.059,-0.021,0.003,1824,0,0

432910,4.855,7.393,3.572,-0.054,-0.022,-0.002,1821,0,0

432918,4.867,7.408,3.553,-0.044,-0.021,-0.007,1823,0,0

432926,4.846,7.441,3.498,-0.039,-0.014,-0.012,1821,0,0

432934,4.836,7.465,3.474,-0.040,-0.005,-0.012,1821,0,0

432942,4.800,7.518,3.484,-0.047,0.005,-0.010,1822,0,0

432950,4.808,7.527,3.555,-0.056,0.010,-0.006,1821,0,0

432959,4.815,7.537,3.622,-0.063,0.014,-0.003,1822,0,0

432967,4.822,7.513,3.627,-0.067,0.014,-0.000,1821,0,0

432975,4.851,7.499,3.668,-0.072,0.011,0.003,1820,0,0

432983,4.851,7.456,3.680,-0.071,0.004,0.002,1821,0,0

432992,4.855,7.424,3.699,-0.063,-0.005,-0.000,1823,0,0

433000,4.853,7.417,3.680,-0.050,-0.012,-0.003,1821,0,0

433008,4.855,7.422,3.654,-0.038,-0.016,-0.005,1823,0,0

433016,4.839,7.434,3.618,-0.032,-0.015,-0.007,1820,0,0

433024,4.829,7.460,3.603,-0.037,-0.014,-0.007,1820,0,0

433032,4.836,7.477,3.572,-0.047,-0.013,-0.007,1822,0,0

433041,4.846,7.501,3.560,-0.050,-0.007,-0.006,1821,0,0

433049,4.822,7.477,3.555,-0.049,-0.003,-0.005,1821,0,0

433057,4.839,7.489,3.570,-0.046,0.001,-0.005,1822,0,0

433065,4.870,7.487,3.587,-0.047,0.005,-0.004,1822,0,0

433073,4.896,7.477,3.625,-0.053,0.009,-0.004,1823,0,0

433081,4.896,7.482,3.658,-0.060,0.013,-0.004,1820,0,0

433089,4.896,7.475,3.680,-0.066,0.011,-0.003,1823,0,0

433098,4.903,7.470,3.661,-0.071,0.006,-0.004,1820,0,0

433106,4.891,7.453,3.706,-0.075,0.002,-0.004,1820,0,0

433114,4.870,7.444,3.699,-0.074,0.002,-0.005,1820,0,0

433122,4.851,7.448,3.725,-0.070,0.002,-0.006,1820,0,0

433131,4.841,7.429,3.730,-0.062,0.001,-0.007,1821,0,0

433139,4.872,7.432,3.730,-0.058,-0.003,-0.007,1822,0,0

433147,4.870,7.434,3.754,-0.051,-0.009,-0.009,1823,0,0

433155,4.867,7.434,3.733,-0.046,-0.015,-0.011,1820,0,0

433163,4.887,7.439,3.680,-0.046,-0.022,-0.016,1822,0,0

433171,4.882,7.446,3.627,-0.047,-0.030,-0.018,1820,0,0

433179,4.867,7.470,3.591,-0.047,-0.035,-0.020,1822,0,0

433188,4.851,7.499,3.512,-0.047,-0.033,-0.021,1821,0,0

433196,4.824,7.535,3.510,-0.046,-0.026,-0.020,1820,0,0

433204,4.805,7.561,3.488,-0.048,-0.018,-0.016,1823,0,0

433212,4.803,7.566,3.524,-0.051,-0.010,-0.012,1821,0,0

433220,4.798,7.549,3.519,-0.056,-0.005,-0.006,1821,0,0

433228,4.829,7.503,3.548,-0.061,-0.002,-0.001,1823,0,0

433236,4.870,7.470,3.536,-0.063,-0.004,0.001,1821,0,0

433244,4.901,7.427,3.527,-0.065,-0.006,-0.002,1820,0,0

433253,4.899,7.391,3.553,-0.067,-0.012,-0.009,1822,0,0

433261,4.903,7.348,3.534,-0.063,-0.017,-0.019,1824,0,0

433269,4.913,7.393,3.503,-0.051,-0.018,-0.025,1822,0,0

433277,4.899,7.456,3.488,-0.039,-0.014,-0.029,1822,0,0

433285,4.860,7.518,3.479,-0.034,-0.009,-0.030,1822,0,0

433293,4.848,7.561,3.517,-0.034,-0.005,-0.026,1820,0,0

433301,4.822,7.597,3.546,-0.036,-0.006,-0.021,1821,0,0

433309,4.827,7.611,3.512,-0.038,-0.010,-0.016,1823,0,0

433317,4.817,7.602,3.500,-0.046,-0.015,-0.012,1820,0,0

433325,4.831,7.547,3.464,-0.052,-0.015,-0.011,1822,0,0

433333,4.853,7.511,3.457,-0.057,-0.013,-0.009,1822,0,0

433342,4.889,7.465,3.440,-0.063,-0.008,-0.011,1821,0,0

433350,4.884,7.439,3.424,-0.062,-0.003,-0.015,1824,0,0

433358,4.887,7.417,3.440,-0.053,0.000,-0.019,1823,0,0

433366,4.891,7.427,3.452,-0.039,0.000,-0.022,1821,0,0

433374,4.932,7.456,3.431,-0.027,0.004,-0.023,1821,0,0

433382,4.922,7.511,3.445,-0.023,0.008,-0.025,1822,0,0

433391,4.918,7.532,3.421,-0.030,0.014,-0.025,1821,0,0

433399,4.925,7.566,3.481,-0.040,0.021,-0.025,1820,0,0

433407,4.908,7.573,3.531,-0.045,0.025,-0.023,1822,0,0

433415,4.882,7.575,3.582,-0.051,0.027,-0.021,1820,0,0

433423,4.870,7.602,3.637,-0.053,0.025,-0.017,1823,0,0

433431,4.872,7.611,3.651,-0.054,0.022,-0.013,1822,0,0

433439,4.875,7.611,3.651,-0.055,0.018,-0.011,1822,0,0

433448,4.884,7.616,3.661,-0.053,0.014,-0.009,1822,0,0

433456,4.896,7.621,3.634,-0.055,0.011,-0.008,1823,0,0

433464,4.894,7.602,3.610,-0.059,0.010,-0.007,1823,0,0

433472,4.911,7.609,3.642,-0.059,0.009,-0.006,1820,0,0

433480,4.911,7.616,3.630,-0.054,0.008,-0.005,1819,0,0

433488,4.891,7.633,3.591,-0.048,0.010,-0.003,1823,0,0

433497,4.875,7.649,3.591,-0.046,0.013,-0.001,1820,0,0

433505,4.867,7.633,3.594,-0.050,0.014,0.003,1821,0,0

433513,4.875,7.621,3.594,-0.058,0.012,0.007,1823,0,0

433521,4.872,7.590,3.618,-0.069,0.011,0.010,1821,0,0

433529,4.903,7.554,3.630,-0.077,0.007,0.012,1820,0,0

433537,4.903,7.518,3.637,-0.077,0.001,0.011,1822,0,0

433545,4.925,7.506,3.630,-0.070,-0.005,0.007,1821,0,0

433553,4.918,7.501,3.620,-0.062,-0.007,0.004,1822,0,0

433561,4.889,7.506,3.582,-0.056,-0.009,0.002,1822,0,0

433570,4.846,7.506,3.563,-0.052,-0.011,0.002,1821,0,0

433578,4.839,7.503,3.498,-0.048,-0.010,0.004,1820,0,0

433586,4.798,7.484,3.476,-0.051,-0.007,0.006,1823,0,0

433594,4.822,7.482,3.469,-0.054,-0.005,0.006,1823,0,0

433602,4.822,7.451,3.414,-0.057,-0.006,0.004,1821,0,0

433610,4.822,7.429,3.407,-0.055,-0.002,-0.002,1820,0,0

433618,4.824,7.415,3.397,-0.049,0.003,-0.007,1821,0,0

433626,4.834,7.453,3.385,-0.044,0.005,-0.008,1819,0,0

433634,4.822,7.491,3.397,-0.046,0.009,-0.008,1821,0,0

433642,4.812,7.503,3.409,-0.055,0.013,-0.008,1822,0,0

433650,4.815,7.508,3.421,-0.065,0.021,-0.004,1820,0,0

433658,4.805,7.506,3.479,-0.072,0.028,-0.004,1822,0,0

433666,4.803,7.484,3.510,-0.075,0.030,-0.003,1822,0,0

433674,4.803,7.448,3.505,-0.072,0.029,-0.004,1819,0,0

433683,4.791,7.446,3.524,-0.064,0.026,-0.007,1822,0,0

433691,4.827,7.446,3.539,-0.051,0.025,-0.008,1821,0,0

433699,4.839,7.475,3.519,-0.042,0.023,-0.008,1820,0,0

433707,4.836,7.468,3.519,-0.046,0.022,-0.007,1820,0,0

433715,4.853,7.463,3.551,-0.061,0.021,-0.006,1821,0,0

433723,4.865,7.415,3.575,-0.072,0.022,-0.007,1822,0,0

433731,4.872,7.403,3.584,-0.078,0.021,-0.011,1822,0,0

433738,4.894,7.379,3.596,-0.075,0.018,-0.017,1822,0,0

433746,4.927,7.408,3.620,-0.065,0.017,-0.024,1822,0,0

433754,4.915,7.446,3.622,-0.051,0.017,-0.029,182
433840,4.896,7.518,3.539,-0.061,0.014,-0.010,1822,0,0

434724,2.184,8.092,6.699,-0.975,-1.704,-1.022,1824,0,0

434732,2.274,8.097,6.507,-0.988,-1.772,-1.052,1825,0,0

434740,2.440,8.056,6.419,-1.008,-1.824,-1.088,1825,0,0

434748,2.538,8.097,6.335,-1.033,-1.864,-1.134,1823,0,0

434755,2.552,8.169,6.266,-1.053,-1.896,-1.180,1825,0,0

435731,4.839,7.944,2.025,0.132,0.086,0.067,1786,0,0
437752,4.786,8.301,2.267,-0.077,0.065,-0.049,1790,0,0

438759,4.729,8.296,2.105,-0.055,-0.045,-0.007,1791,0,0
440779,4.717,8.147,1.973,-0.048,0.026,-0.010,1790,0,0

441786,4.733,8.159,1.798,-0.032,-0.002,-0.005,1795,0,0
443807,5.162,7.575,1.202,-0.107,-0.168,-0.031,1795,0,0

444814,5.076,7.994,1.733,-0.078,-0.009,-0.017,1796,0,0
446835,4.908,7.954,1.659,-0.112,-0.035,-0.045,1797,0,0

447842,4.985,8.092,1.757,-0.068,-0.002,-0.021,1797,0,0
449863,4.990,8.131,1.444,-0.038,-0.032,-0.035,1796,0,0

450870,5.001,8.011,1.324,-0.090,-0.043,-0.026,1798,0,0
452891,5.049,7.934,1.896,-0.074,-0.004,-0.043,1798,0,0

453898,5.442,7.693,1.963,-0.076,-0.020,-0.002,1799,0,0
455919,5.265,8.025,1.769,-0.041,-0.006,-0.007,1799,0,0

456875,5.171,8.071,1.743,-0.074,0.011,-0.031,1793,0,0

456883,5.191,8.076,1.702,-0.073,0.006,-0.029,1795,0,0

456891,5.219,8.061,1.695,-0.072,0.003,-0.028,1793,0,0

456899,5.217,8.040,1.683,-0.068,0.003,-0.028,1795,0,0

456907,5.210,8.047,1.712,-0.061,0.005,-0.026,1792,0,0

456915,5.205,8.071,1.733,-0.056,0.007,-0.025,1795,0,0

456923,5.195,8.073,1.702,-0.053,0.007,-0.025,1795,0,0

456931,5.193,8.052,1.707,-0.050,0.006,-0.025,1794,0,0

456940,5.186,8.080,1.736,-0.048,0.003,-0.025,1795,0,0

456947,5.188,8.088,1.688,-0.052,0.002,-0.025,1793,0,0

456956,5.188,8.085,1.702,-0.062,0.001,-0.025,1793,0,0

456964,5.179,8.092,1.659,-0.068,0.002,-0.024,1793,0,0

456972,5.207,8.088,1.688,-0.067,0.003,-0.022,1795,0,0

456980,5.205,8.112,1.683,-0.064,0.006,-0.021,1793,0,0

456988,5.167,8.124,1.762,-0.061,0.008,-0.018,1795,0,0

456996,5.152,8.140,1.800,-0.058,0.006,-0.014,1794,0,0

457004,5.131,8.135,1.812,-0.055,-0.001,-0.011,1795,0,0

457013,5.167,8.124,1.788,-0.054,-0.009,-0.009,1794,0,0

457021,5.179,8.109,1.748,-0.058,-0.015,-0.008,1792,0,0

457029,5.193,8.083,1.690,-0.063,-0.016,-0.009,1795,0,0

457037,5.200,8.047,1.623,-0.066,-0.012,-0.009,1794,0,0

457045,5.169,8.030,1.597,-0.065,-0.003,-0.011,1793,0,0

457053,5.157,8.016,1.597,-0.064,0.003,-0.013,1794,0,0

457061,5.136,8.042,1.614,-0.064,0.008,-0.013,1796,0,0

457069,5.152,8.056,1.652,-0.062,0.011,-0.011,1794,0,0

457077,5.140,8.064,1.669,-0.064,0.013,-0.008,1793,0,0

457086,5.157,8.056,1.676,-0.071,0.013,-0.005,1795,0,0

457094,5.162,8.023,1.688,-0.078,0.015,-0.003,1794,0,0

457102,5.176,8.018,1.760,-0.078,0.018,-0.004,1793,0,0

457110,5.152,8.004,1.784,-0.076,0.018,-0.008,1794,0,0

457118,5.092,7.997,1.824,-0.075,0.012,-0.011,1793,0,0

457127,5.097,7.992,1.844,-0.072,0.004,-0.014,1794,0,0

457135,5.126,7.975,1.824,-0.066,-0.007,-0.016,1795,0,0

457143,5.148,7.970,1.800,-0.062,-0.017,-0.016,1792,0,0

457151,5.183,7.937,1.750,-0.059,-0.024,-0.017,1796,0,0

457159,5.205,7.934,1.712,-0.059,-0.026,-0.018,1794,0,0

457167,5.205,7.961,1.686,-0.057,-0.022,-0.022,1796,0,0

457175,5.162,7.994,1.683,-0.052,-0.017,-0.026,1793,0,0

457184,5.121,8.025,1.690,-0.049,-0.015,-0.029,1792,0,0

457192,5.078,8.045,1.695,-0.049,-0.018,-0.030,1795,0,0

457200,5.066,8.054,1.688,-0.053,-0.023,-0.028,1795,0,0

457208,5.066,8.037,1.681,-0.055,-0.023,-0.025,1794,0,0

457216,5.078,8.033,1.666,-0.061,-0.022,-0.022,1797,0,0

457224,5.097,8.016,1.678,-0.070,-0.018,-0.023,1792,0,0

457232,5.083,7.980,1.700,-0.079,-0.014,-0.025,1795,0,0

457240,5.076,7.951,1.719,-0.083,-0.014,-0.030,1793,0,0

457249,5.064,7.927,1.724,-0.080,-0.016,-0.035,1793,0,0

457257,5.054,7.956,1.733,-0.069,-0.019,-0.039,1794,0,0

457265,5.033,7.961,1.700,-0.056,-0.021,-0.042,1793,0,0

457273,5.016,7.997,1.652,-0.051,-0.024,-0.043,1796,0,0

457281,4.992,8.028,1.618,-0.055,-0.025,-0.044,1795,0,0

457289,5.016,8.033,1.626,-0.064,-0.022,-0.044,1794,0,0

457298,5.018,8.037,1.635,-0.074,-0.015,-0.044,1795,0,0

457306,4.999,8.040,1.709,-0.079,-0.007,-0.042,1795,0,0

457314,5.023,8.030,1.693,-0.082,-0.005,-0.041,1794,0,0

457322,5.028,8.045,1.719,-0.081,-0.005,-0.039,1797,0,0

457330,5.047,8.037,1.695,-0.075,-0.010,-0.038,1793,0,0

457338,5.073,8.028,1.671,-0.071,-0.011,-0.037,1795,0,0

457346,5.109,8.009,1.702,-0.073,-0.009,-0.036,1794,0,0

457355,5.107,7.992,1.731,-0.081,-0.005,-0.038,1796,0,0

457363,5.078,7.987,1.779,-0.091,-0.003,-0.041,1796,0,0

457371,5.052,7.963,1.832,-0.094,-0.007,-0.046,1796,0,0

457379,5.047,7.970,1.856,-0.088,-0.019,-0.051,1794,0,0

457387,5.069,7.985,1.815,-0.076,-0.031,-0.055,1795,0,0

457395,5.102,8.011,1.733,-0.064,-0.039,-0.059,1795,0,0

457403,5.133,8.045,1.688,-0.063,-0.042,-0.060,1793,0,0

457411,5.157,8.068,1.650,-0.067,-0.040,-0.060,1793,0,0

457420,5.176,8.090,1.628,-0.075,-0.033,-0.060,1794,0,0

457428,5.152,8.085,1.595,-0.085,-0.024,-0.062,1795,0,0

457436,5.121,8.085,1.652,-0.094,-0.020,-0.063,1795,0,0

457444,5.080,8.085,1.683,-0.100,-0.021,-0.063,1795,0,0

457452,5.073,8.102,1.688,-0.102,-0.027,-0.064,1794,0,0

457460,5.066,8.090,1.640,-0.104,-0.034,-0.064,1796,0,0

457468,5.054,8.061,1.583,-0.108,-0.037,-0.066,1793,0,0

457477,5.042,8.030,1.448,-0.112,-0.035,-0.068,1794,0,0

457485,5.033,8.033,1.358,-0.116,-0.031,-0.070,1796,0,0

457493,5.018,8.023,1.286,-0.124,-0.025,-0.073,1796,0,0

457501,4.968,7.982,1.235,-0.130,-0.019,-0.078,1793,0,0

457509,4.949,7.966,1.176,-0.137,-0.013,-0.083,1796,0,0

457517,4.978,7.949,1.178,-0.141,-0.000,-0.087,1796,0,0

457525,4.992,7.954,1.183,-0.147,0.013,-0.091,1797,0,0

457533,4.985,7.966,1.209,-0.157,0.024,-0.095,1797,0,0

457542,4.954,7.949,1.188,-0.162,0.030,-0.100,1795,0,0

457550,4.949,7.932,1.152,-0.156,0.026,-0.105,1795,0,0

457558,4.970,7.927,1.075,-0.146,0.020,-0.110,1794,0,0

457566,5.025,7.949,1.018,-0.141,0.015,-0.117,1794,0,0

457574,5.104,7.906,0.953,-0.140,0.011,-0.126,1796,0,0

457582,5.171,7.875,0.912,-0.132,0.011,-0.135,1796,0,0

457590,5.219,7.891,0.845,-0.113,0.008,-0.147,1795,0,0

457599,5.222,7.927,0.828,-0.091,0.006,-0.161,1796,0,0

457607,5.224,7.958,0.790,-0.064,-0.001,-0.174,1797,0,0

457615,5.246,8.023,0.716,-0.033,-0.014,-0.183,1797,0,0

457623,5.279,8.126,0.615,0.002,-0.024,-0.190,1796,0,0

457631,5.279,8.226,0.476,0.027,-0.033,-0.195,1795,0,0

457639,5.279,8.308,0.342,0.043,-0.041,-0.198,1795,0,0

457647,5.258,8.341,0.158,0.056,-0.046,-0.200,1796,0,0

457655,5.205,8.368,-0.034,0.076,-0.064,-0.199,1798,0,0

457664,5.140,8.396,-0.247,0.100,-0.087,-0.200,1797,0,0

457672,5.124,8.411,-0.534,0.128,-0.106,-0.203,1799,0,0

457680,5.045,8.430,-0.852,0.156,-0.119,-0.201,1796,0,0

457688,5.018,8.499,-1.171,0.183,-0.122,-0.191,1795,0,0

457696,5.028,8.578,-1.472,0.209,-0.113,-0.178,1796,0,0

457704,5.052,8.631,-1.664,0.229,-0.090,-0.171,1796,0,0

457712,5.054,8.624,-1.817,0.237,-0.062,-0.168,1797,0,0

457721,5.006,8.569,-1.918,0.253,-0.029,-0.167,1799,0,0

457729,4.918,8.533,-1.975,0.280,-0.006,-0.169,1797,0,0

457737,4.764,8.641,-2.152,0.317,-0.000,-0.171,1797,0,0

457745,4.527,8.832,-2.404,0.352,0.002,-0.181,1799,0,0

457753,4.216,9.014,-2.677,0.379,-0.002,-0.199,1798,0,0

457761,3.946,9.122,-2.928,0.414,-0.014,-0.214,1800,0,0

457769,3.788,9.206,-3.191,0.468,-0.019,-0.222,1800,0,0

457777,3.666,9.357,-3.479,0.531,-0.009,-0.225,1799,0,0

457786,3.565,9.512,-3.776,0.594,0.025,-0.221,1799,0,0

457794,3.512,9.711,-3.926,0.677,0.063,-0.212,1798,0,0

457802,3.484,10.072,-4.288,0.746,0.141,-0.200,1800,0,0

457810,3.297,10.341,-4.341,0.814,0.211,-0.186,1799,0,0

457818,3.048,10.757,-4.863,0.820,0.301,-0.161,1801,0,0

457827,2.854,10.874,-5.490,0.781,0.426,-0.120,1799,0,0

457835,2.535,10.968,-5.203,0.717,0.492,-0.093,1800,0,0

457843,2.303,11.131,-5.361,0.685,0.539,-0.051,1801,0,0

457851,2.167,11.241,-5.636,0.654,0.575,-0.026,1801,0,0

457859,2.155,11.370,-5.873,0.675,0.658,0.006,1801,0,0

457867,2.057,11.614,-6.175,0.750,0.792,0.042,1800,0,0

457875,1.930,11.966,-6.278,0.864,0.962,0.080,1802,0,0

457884,2.078,12.280,-6.397,0.986,1.157,0.115,1804,0,0

457892,2.028,12.615,-6.151,1.084,1.389,0.136,1801,0,0

457900,1.736,12.938,-5.710,1.169,1.599,0.162,1800,0,0

457908,1.322,13.204,-5.521,1.190,1.771,0.185,1800,0,0

457916,0.730,13.410,-5.648,1.169,1.907,0.217,1801,0,0

457924,0.014,13.613,-6.175,1.159,2.007,0.250,1801,0,0

457932,-0.644,13.750,-6.749,1.206,2.075,0.286,1801,0,0

457940,-1.188,13.903,-7.374,1.298,2.158,0.335,1802,0,0

457949,-1.597,14.188,-8.037,1.395,2.305,0.412,1801,0,0

457957,-1.717,14.456,-8.514,1.422,2.511,0.508,1802,0,0

457965,-1.458,14.763,-8.519,1.387,2.800,0.632,1802,0,0

457973,-1.149,15.002,-8.092,1.319,3.182,0.764,1801,0,0

457981,-1.034,15.103,-7.132,1.196,3.659,0.928,1800,0,0

457989,-1.219,15.129,-5.871,1.012,4.172,1.094,1801,0,0

457997,-1.765,15.079,-4.592,0.775,4.659,1.271,1801,0,0

458005,-2.725,14.937,-3.431,0.533,5.016,1.466,1801,0,0

458013,-3.938,14.638,-2.528,0.346,5.211,1.666,1800,0,0

458022,-5.176,14.392,-1.901,0.228,5.247,1.846,1800,0,0

458030,-6.153,13.889,-1.451,0.185,5.170,2.002,1799,0,0

458038,-6.661,13.520,-1.089,0.226,5.073,2.105,1801,0,0

458046,-6.613,13.147,-0.690,0.338,5.009,2.166,1803,0,0

458054,-6.333,12.802,-0.141,0.459,5.048,2.206,1803,0,0

458062,-6.045,12.570,0.397,0.541,5.181,2.247,1799,0,0

458070,-5.684,12.373,1.041,0.579,5.411,2.301,1802,0,0

458079,-5.404,12.289,1.961,0.613,5.757,2.386,1800,0,0

458087,-5.294,12.225,3.091,0.662,6.125,2.472,1804,0,0

458095,-5.531,12.158,4.231,0.674,6.506,2.574,1801,0,0

458103,-6.151,11.921,5.363,0.562,6.826,2.677,1806,0,0

458111,-6.946,11.638,6.620,0.425,6.949,2.797,1805,0,0

458120,-7.944,11.056,7.654,0.278,6.857,2.897,1806,0,0

458128,-8.794,10.235,8.459,0.173,6.464,2.995,1808,0,0

458136,-8.894,9.471,9.036,0.175,5.980,3.051,1809,0,0

458144,-8.270,8.772,9.685,0.297,5.500,3.068,1809,0,0

458152,-7.063,8.241,10.704,0.522,5.152,3.044,1811,0,0

458160,-5.942,7.757,11.796,0.666,4.945,3.001,1810,0,0

458168,-5.217,7.293,12.404,0.644,4.841,2.961,1809,0,0

458177,-4.824,6.656,12.828,0.466,4.684,2.923,1808,0,0

458185,-4.508,5.770,13.003,0.299,4.430,2.863,1809,0,0

458193,-4.238,4.937,13.056,0.285,4.151,2.785,1811,0,0

458201,-3.699,4.396,13.199,0.415,3.858,2.685,1809,0,0

458209,-3.021,3.912,13.527,0.658,3.645,2.563,1811,0,0

458217,-2.421,3.687,14.064,0.920,3.506,2.448,1814,0,0

458225,-2.124,3.675,14.514,1.072,3.387,2.342,1813,0,0

458233,-2.006,3.699,14.820,1.078,3.239,2.241,1811,0,0

458241,-1.968,3.575,14.973,0.971,3.042,2.137,1816,0,0

458249,-1.827,3.191,15.002,0.803,2.797,2.037,1816,0,0

458257,-1.551,2.890,14.808,0.678,2.505,1.935,1818,0,0

458265,-1.188,2.389,14.564,0.686,2.223,1.812,1820,0,0

458274,-0.742,2.109,14.308,0.798,1.982,1.690,1817,0,0

458282,-0.321,2.009,14.071,0.925,1.788,1.569,1818,0,0

458290,0.136,2.085,13.932,1.000,1.629,1.438,1820,0,0

458298,0.409,2.210,13.831,0.953,1.519,1.327,1819,0,0

458306,0.572,2.286,13.719,0.819,1.403,1.223,1818,0,0

458314,0.706,2.303,13.575,0.624,1.270,1.124,1818,0,0

458322,0.828,2.255,13.348,0.443,1.124,1.036,1822,0,0

458330,1.027,2.114,13.132,0.342,0.960,0.948,1818,0,0

458338,1.259,2.023,12.878,0.335,0.796,0.854,1817,0,0

458346,1.482,1.939,12.469,0.376,0.634,0.751,1819,0,0

458355,1.743,1.944,11.978,0.432,0.484,0.640,1818,0,0

458363,2.025,2.052,11.377,0.477,0.353,0.525,1819,0,0

458371,2.263,2.330,10.681,0.502,0.228,0.399,1819,0,0

458379,2.478,2.595,10.144,0.499,0.153,0.294,1817,0,0

458387,2.626,2.890,9.685,0.475,0.109,0.202,1818,0,0

458395,2.780,3.225,9.249,0.431,0.078,0.126,1817,0,0

458404,2.914,3.555,8.928,0.383,0.061,0.068,1818,0,0

458412,3.069,3.871,8.746,0.337,0.054,0.027,1817,0,0

458420,3.208,4.120,8.638,0.281,0.058,-0.004,1822,0,0

458428,3.304,4.314,8.514,0.191,0.047,-0.031,1817,0,0

458436,3.352,4.367,8.339,0.107,0.006,-0.057,1816,0,0

458444,3.424,4.429,8.121,0.048,-0.065,-0.088,1817,0,0

458452,3.531,4.506,7.803,0.028,-0.143,-0.127,1817,0,0

458460,3.721,4.609,7.499,0.042,-0.212,-0.171,1818,0,0

458468,3.977,4.764,7.142,0.060,-0.255,-0.207,1816,0,0

458477,4.171,5.001,6.833,0.047,-0.267,-0.238,1818,0,0

458485,4.302,5.203,6.603,-0.007,-0.263,-0.264,1815,0,0

458493,4.389,5.356,6.419,-0.091,-0.254,-0.285,1817,0,0

458501,4.396,5.468,6.268,-0.168,-0.241,-0.309,1817,0,0

458509,4.377,5.507,6.213,-0.196,-0.240,-0.334,1818,0,0

458517,4.357,5.547,6.108,-0.181,-0.254,-0.357,1819,0,0

458525,4.336,5.636,5.954,-0.130,-0.280,-0.381,1815,0,0

458533,4.374,5.765,5.804,-0.050,-0.306,-0.399,1818,0,0

458541,4.460,5.923,5.598,0.030,-0.325,-0.414,1814,0,0

458549,4.537,6.110,5.394,0.095,-0.331,-0.426,1816,0,0

458557,4.623,6.294,5.265,0.136,-0.332,-0.434,1815,0,0

458565,4.733,6.510,5.126,0.160,-0.322,-0.439,1817,0,0

458574,4.822,6.711,5.138,0.171,-0.296,-0.439,1817,0,0

458582,4.800,6.910,5.054,0.163,-0.258,-0.428,1815,0,0

458590,4.729,7.082,5.016,0.137,-0.224,-0.407,1818,0,0

458598,4.628,7.219,4.927,0.098,-0.201,-0.373,1816,0,0

458606,4.532,7.286,4.822,0.063,-0.196,-0.339,1815,0,0

458614,4.432,7.290,4.764,0.044,-0.204,-0.304,1814,0,0

458623,4.415,7.317,4.709,0.034,-0.221,-0.270,1815,0,0

458631,4.429,7.355,4.638,0.028,-0.232,-0.238,1815,0,0

458639,4.511,7.360,4.652,0.011,-0.230,-0.207,1817,0,0

458647,4.616,7.326,4.681,-0.021,-0.207,-0.173,1817,0,0

458655,4.683,7.295,4.707,-0.054,-0.176,-0.146,1815,0,0

458663,4.700,7.197,4.736,-0.082,-0.147,-0.124,1814,0,0

458671,4.695,7.137,4.764,-0.095,-0.120,-0.109,1817,0,0

458679,4.642,7.029,4.755,-0.089,-0.105,-0.100,1815,0,0

458688,4.578,6.946,4.769,-0.064,-0.098,-0.095,1815,0,0

458696,4.503,6.907,4.757,-0.032,-0.095,-0.090,1817,0,0

458704,4.480,6.855,4.755,-0.003,-0.095,-0.084,1815,0,0

458712,4.590,6.843,4.784,0.024,-0.091,-0.075,1818,0,0

458720,4.707,6.850,4.767,0.041,-0.069,-0.065,1817,0,0

458728,4.803,6.888,4.848,0.046,-0.032,-0.054,1815,0,0

458736,4.836,6.929,4.908,0.035,0.007,-0.046,1814,0,0

458744,4.803,6.886,5.011,0.012,0.037,-0.038,1813,0,0

458753,4.755,6.840,5.095,-0.010,0.054,-0.030,1815,0,0

458761,4.666,6.792,5.171,-0.019,0.060,-0.024,1815,0,0

458769,4.606,6.788,5.217,-0.015,0.052,-0.021,1817,0,0

458777,4.566,6.792,5.229,-0.014,0.047,-0.018,1815,0,0

458785,4.547,6.759,5.294,-0.022,0.045,-0.016,1817,0,0

458793,4.544,6.730,5.315,-0.030,0.050,-0.011,1818,0,0

458802,4.556,6.668,5.363,-0.036,0.055,-0.006,1816,0,0

458810,4.597,6.625,5.363,-0.038,0.055,-0.001,1816,0,0

458818,4.635,6.608,5.363,-0.034,0.050,0.001,1817,0,0

458826,4.650,6.574,5.353,-0.019,0.041,-0.003,1819,0,0

458834,4.616,6.553,5.334,-0.003,0.032,-0.011,1814,0,0

458842,4.563,6.531,5.356,0.014,0.027,-0.018,1816,0,0

458850,4.475,6.548,5.327,0.026,0.025,-0.021,1815,0,0

458858,4.465,6.570,5.253,0.030,0.026,-0.021,1816,0,0

458867,4.465,6.618,5.231,0.027,0.035,-0.014,1818,0,0

458875,4.511,6.651,5.234,0.013,0.049,-0.006,1816,0,0

458883,4.539,6.644,5.239,-0.017,0.064,0.004,1818,0,0

458891,4.568,6.589,5.320,-0.054,0.074,0.010,1817,0,0

458899,4.599,6.522,5.406,-0.079,0.078,0.012,1817,0,0

458907,4.597,6.433,5.523,-0.090,0.075,0.010,1817,0,0

458915,4.602,6.369,5.567,-0.089,0.070,0.006,1815,0,0

458923,4.583,6.354,5.598,-0.085,0.063,-0.000,1817,0,0

458931,4.551,6.314,5.607,-0.080,0.055,-0.007,1815,0,0

458939,4.549,6.321,5.559,-0.073,0.048,-0.012,1817,0,0

458948,4.575,6.342,5.547,-0.066,0.044,-0.017,1817,0,0

458956,4.621,6.371,5.564,-0.062,0.042,-0.024,1813,0,0

458964,4.633,6.395,5.567,-0.064,0.039,-0.030,1816,0,0

458972,4.623,6.438,5.626,-0.071,0.032,-0.039,1819,0,0

458980,4.623,6.467,5.686,-0.075,0.021,-0.043,1817,0,0

458989,4.599,6.515,5.717,-0.073,0.007,-0.044,1817,0,0

458997,4.563,6.565,5.669,-0.066,-0.008,-0.045,1816,0,0

459005,4.547,6.539,5.634,-0.060,-0.021,-0.046,1818,0,0

459013,4.561,6.529,5.581,-0.052,-0.033,-0.045,1816,0,0

459021,4.556,6.563,5.519,-0.041,-0.041,-0.044,1817,0,0

459029,4.563,6.560,5.449,-0.027,-0.047,-0.045,1816,0,0

459037,4.566,6.601,5.423,-0.021,-0.046,-0.045,1818,0,0

459045,4.551,6.653,5.401,-0.020,-0.043,-0.043,1816,0,0

459054,4.566,6.699,5.444,-0.020,-0.043,-0.039,1816,0,0

459062,4.580,6.721,5.476,-0.030,-0.046,-0.029,1818,0,0

459070,4.575,6.706,5.478,-0.045,-0.054,-0.020,1816,0,0

459078,4.585,6.680,5.452,-0.061,-0.061,-0.013,1818,0,0

459086,4.602,6.598,5.428,-0.069,-0.069,-0.010,1815,0,0

459094,4.616,6.560,5.420,-0.065,-0.073,-0.010,1819,0,0

459102,4.614,6.517,5.373,-0.056,-0.075,-0.014,1817,0,0

459110,4.602,6.498,5.320,-0.047,-0.073,-0.020,1816,0,0

459118,4.575,6.495,5.277,-0.037,-0.067,-0.026,1816,0,0

459126,4.568,6.517,5.255,-0.028,-0.066,-0.028,1817,0,0

459135,4.549,6.531,5.200,-0.020,-0.064,-0.030,1815,0,0

459143,4.561,6.553,5.124,-0.016,-0.064,-0.028,1815,0,0

459151,4.551,6.589,5.119,-0.008,-0.061,-0.027,1814,0,0

459159,4.525,6.596,5.126,-0.009,-0.060,-0.026,1818,0,0

459167,4.515,6.613,5.114,-0.019,-0.057,-0.025,1813,0,0

459175,4.527,6.601,5.088,-0.039,-0.050,-0.025,1819,0,0

459183,4.539,6.589,5.104,-0.054,-0.035,-0.026,1817,0,0

459192,4.537,6.577,5.131,-0.063,-0.021,-0.028,1814,0,0

459200,4.537,6.543,5.171,-0.072,-0.012,-0.031,1816,0,0

459208,4.530,6.512,5.183,-0.076,-0.009,-0.031,1817,0,0

459216,4.523,6.522,5.181,-0.070,-0.008,-0.031,1816,0,0

459224,4.506,6.534,5.169,-0.060,-0.011,-0.030,1818,0,0

459232,4.513,6.539,5.136,-0.056,-0.013,-0.031,1814,0,0

459240,4.527,6.541,5.148,-0.061,-0.015,-0.030,1816,0,0

459248,4.530,6.531,5.124,-0.071,-0.012,-0.030,1815,0,0

459256,4.508,6.522,5.148,-0.077,-0.004,-0.030,1815,0,0

459264,4.496,6.491,5.145,-0.080,0.004,-0.034,1816,0,0

459273,4.518,6.452,5.198,-0.080,0.008,-0.039,1815,0,0

459281,4.537,6.445,5.212,-0.074,0.008,-0.042,1817,0,0

459289,4.585,6.455,5.236,-0.065,0.004,-0.046,1820,0,0

459297,4.621,6.450,5.174,-0.058,-0.002,-0.050,1815,0,0

459305,4.652,6.472,5.167,-0.059,-0.007,-0.054,1817,0,0

459314,4.676,6.500,5.171,-0.065,-0.009,-0.059,1814,0,0

459322,4.659,6.543,5.219,-0.068,-0.007,-0.065,1815,0,0

459330,4.599,6.589,5.258,-0.068,-0.006,-0.068,1818,0,0

459338,4.518,6.613,5.270,-0.065,-0.009,-0.068,1817,0,0

459346,4.460,6.637,5.282,-0.060,-0.018,-0.066,1818,0,0

459354,4.475,6.673,5.234,-0.050,-0.029,-0.063,1818,0,0

459362,4.499,6.711,5.217,-0.038,-0.041,-0.062,1817,0,0

459371,4.556,6.699,5.138,-0.028,-0.050,-0.062,1816,0,0

459379,4.604,6.709,5.066,-0.026,-0.051,-0.060,1816,0,0

459387,4.673,6.725,5.006,-0.028,-0.044,-0.058,1816,0,0

459395,4.693,6.768,5.021,-0.038,-0.029,-0.056,1816,0,0

459403,4.678,6.776,5.061,-0.055,-0.014,-0.053,1819,0,0

459412,4.621,6.766,5.157,-0.075,-0.004,-0.048,1816,0,0

459420,4.568,6.766,5.195,-0.082,-0.003,-0.043,1817,0,0

459428,4.511,6.728,5.231,-0.076,-0.012,-0.040,1814,0,0

459436,4.489,6.699,5.205,-0.064,-0.024,-0.039,1816,0,0

459444,4.515,6.701,5.164,-0.048,-0.036,-0.041,1815,0,0

459452,4.563,6.737,5.109,-0.031,-0.037,-0.042,1815,0,0

459461,4.599,6.783,5.078,-0.022,-0.027,-0.038,1816,0,0

459469,4.609,6.855,5.102,-0.029,-0.012,-0.034,1816,0,0

459477,4.606,6.859,5.107,-0.048,0.001,-0.030,1818,0,0

459485,4.585,6.835,5.198,-0.063,0.011,-0.025,1818,0,0

459493,4.556,6.795,5.246,-0.068,0.010,-0.019,1816,0,0

459502,4.532,6.756,5.243,-0.063,0.002,-0.014,1817,0,0

459510,4.515,6.704,5.260,-0.057,-0.009,-0.011,1817,0,0

459518,4.477,6.639,5.222,-0.055,-0.018,-0.010,1817,0,0

459526,4.475,6.582,5.186,-0.053,-0.025,-0.013,1817,0,0

459534,4.472,6.524,5.152,-0.050,-0.029,-0.019,1817,0,0

459542,4.480,6.498,5.136,-0.039,-0.032,-0.026,1816,0,0

459550,4.503,6.469,5.155,-0.023,-0.030,-0.034,1819,0,0

459559,4.523,6.507,5.133,-0.006,-0.030,-0.039,1816,0,0

459567,4.525,6.548,5.104,0.005,-0.033,-0.044,1817,0,0

459575,4.542,6.625,5.073,0.009,-0.037,-0.046,1818,0,0

459583,4.551,6.656,5.021,0.004,-0.036,-0.042,1817,0,0

459591,4.525,6.663,5.028,-0.010,-0.030,-0.039,1815,0,0

459599,4.530,6.651,5.013,-0.031,-0.022,-0.038,1817,0,0

459607,4.539,6.620,5.011,-0.049,-0.013,-0.038,1817,0,0

459615,4.532,6.577,5.071,-0.054,-0.007,-0.042,1818,0,0

459623,4.537,6.563,5.126,-0.045,-0.005,-0.046,1818,0,0

459631,4.551,6.584,5.095,-0.034,-0.008,-0.051,1817,0,0

459640,4.578,6.615,5.104,-0.027,-0.013,-0.054,1816,0,0

459648,4.611,6.680,5.107,-0.030,-0.019,-0.057,1816,0,0

459656,4.628,6.713,5.090,-0.040,-0.024,-0.060,1818,0,0

459664,4.633,6.749,5.071,-0.051,-0.026,-0.062,1815,0,0

459672,4.630,6.764,5.080,-0.051,-0.023,-0.062,1818,0,0

459681,4.621,6.840,5.071,-0.044,-0.013,-0.062,1818,0,0

459689,4.583,6.898,5.128,-0.038,-0.001,-0.058,1818,0,0

459697,4.542,6.955,5.179,-0.038,0.015,-0.050,1814,0,0

459705,4.515,6.965,5.239,-0.042,0.018,-0.040,1816,0,0

459713,4.547,6.946,5.255,-0.047,0.011,-0.029,1817,0,0

459721,4.571,6.910,5.250,-0.053,0.000,-0.021,1816,0,0

459729,4.602,6.871,5.207,-0.058,-0.011,-0.019,1816,0,0

459738,4.647,6.814,5.176,-0.066,-0.021,-0.020,1818,0,0

459746,4.695,6.785,5.160,-0.072,-0.020,-0.024,1816,0,0

459754,4.683,6.816,5.152,-0.074,-0.012,-0.028,1817,0,0

459762,4.640,6.809,5.191,-0.078,-0.001,-0.031,1816,0,0

459770,4.583,6.838,5.250,-0.080,0.005,-0.030,1816,0,0

459778,4.542,6.857,5.320,-0.075,0.003,-0.026,1816,0,0

459786,4.544,6.828,5.329,-0.062,-0.005,-0.021,1817,0,0

459795,4.554,6.826,5.270,-0.047,-0.017,-0.016,1816,0,0

459803,4.609,6.816,5.205,-0.038,-0.025,-0.011,1818,0,0

459811,4.671,6.792,5.119,-0.040,-0.028,-0.009,1816,0,0

459819,4.681,6.804,5.049,-0.052,-0.023,-0.010,1817,0,0

459827,4.638,6.795,5.100,-0.072,-0.015,-0.014,1815,0,0

459835,4.580,6.802,5.121,-0.085,-0.010,-0.017,1817,0,0

459843,4.508,6.826,5.157,-0.089,-0.011,-0.018,1817,0,0

459851,4.487,6.814,5.138,-0.084,-0.017,-0.014,1817,0,0

459860,4.511,6.816,5.102,-0.076,-0.023,-0.009,1816,0,0

459868,4.542,6.821,5.033,-0.072,-0.025,-0.005,1819,0,0

459876,4.566,6.795,4.994,-0.071,-0.020,-0.003,1818,0,0

459884,4.551,6.771,4.963,-0.072,-0.011,-0.002,1818,0,0

459892,4.551,6.761,4.978,-0.072,-0.003,-0.001,1820,0,0

459900,4.513,6.768,4.997,-0.070,0.002,0.001,1818,0,0

459908,4.470,6.790,5.042,-0.071,0.007,0.004,1817,0,0

459916,4.422,6.766,5.095,-0.078,0.007,0.007,1817,0,0

459924,4.427,6.704,5.119,-0.087,0.001,0.009,1817,0,0

459933,4.451,6.639,5.104,-0.088,-0.007,0.008,1816,0,0

459941,4.484,6.596,5.049,-0.082,-0.015,0.003,1815,0,0

459949,4.537,6.570,5.011,-0.072,-0.018,-0.005,1815,0,0

459957,4.580,6.570,4.985,-0.062,-0.015,-0.013,1818,0,0

459965,4.556,6.613,4.966,-0.062,-0.008,-0.018,1816,0,0

459973,4.520,6.663,5.001,-0.067,-0.001,-0.021,1817,0,0

459981,4.475,6.677,5.047,-0.073,0.005,-0.021,1815,0,0

459989,4.472,6.687,5.104,-0.076,0.004,-0.021,1816,0,0

459997,4.436,6.656,5.114,-0.071,-0.002,-0.021,1818,0,0

460005,4.434,6.632,5.092,-0.060,-0.010,-0.022,1817,0,0

460013,4.456,6.625,5.071,-0.049,-0.019,-0.023,1818,0,0

460021,4.492,6.646,4.980,-0.044,-0.024,-0.027,1815,0,0

460030,4.530,6.656,4.932,-0.042,-0.022,-0.029,1817,0,0

460038,4.573,6.677,4.927,-0.045,-0.015,-0.033,1816,0,0

460046,4.599,6.675,4.939,-0.052,-0.004,-0.033,1816,0,0

460054,4.585,6.699,4.978,-0.064,0.005,-0.036,1815,0,0

460063,4.559,6.711,4.999,-0.068,0.007,-0.038,1816,0,0

460071,4.515,6.718,5.021,-0.066,0.007,-0.038,1813,0,0

460079,4.487,6.764,5.042,-0.059,0.001,-0.037,1815,0,0

460087,4.470,6.788,5.009,-0.054,-0.005,-0.036,1816,0,0

460095,4.506,6.804,4.978,-0.051,-0.007,-0.034,1818,0,0

