0.06020999
0.06029072
0.06048616
0.06074109
0.06068161
0.06043518
0.06020150
0.06022274
0.06016325
0.05999755
0.05989558
0.06007828
0.06035445
0.06048616
0.06052441
0.06052441
0.06056264
0.06064762
0.06077083
0.06088556
0.06087281
0.06071135
0.06052865
0.06041819
0.06038420
0.02935083
0.02908741
0.02873050
0.02843309
0.02817816
0.02814841
0.02824189
0.02851381
0.02860304
0.02870501
0.02863703
0.02859879
0.02847558
0.02844158
0.02857330
0.02871776
0.02884097
0.02884947
0.02881548
0.02857330
0.02825039
0.02808044
0.02819090
0.02840334
0.02853506
0.10294035
0.10278740
0.10264293
0.10265143
0.10291486
0.10328026
0.10386235
0.10433821
0.10480557
0.10498828
0.10487781
0.10418950
0.10343321
0.10281289
0.10272790
0.10289361
0.10328875
0.10369664
0.10393032
0.10391333
0.10386235
0.10370938
0.10356493
0.10332274
0.10308906
-0.00752485
-0.00775403
-0.00786862
-0.00775403
-0.00744845
-0.00721927
-0.00714287
-0.00714287
-0.00706648
-0.00683730
-0.00660811
-0.00634073
-0.00603516
-0.00584417
-0.00584417
-0.00607335
-0.00634073
-0.00676090
-0.00706648
-0.00710468
-0.00676090
-0.00622614
-0.00595876
-0.00588237
-0.00584417
0.00015279
0.00034377
0.00068755
0.00118411
0.00168068
0.00194806
0.00183346
0.00141330
0.00084034
0.00011459
-0.00072575
-0.00129870
-0.00137510
-0.00091673
-0.00030558
0.00022918
0.00042017
0.00030558
0.00015279
0.00003820
0.00000000
-0.00003820
-0.00011459
-0.00003820
0.00000000
-0.00019099
0.00003820
0.00022918
0.00019099
-0.00003820
-0.00034377
-0.00072575
-0.00106952
-0.00122231
-0.00110772
-0.00087854
-0.00061115
-0.00042017
-0.00022918
-0.00022918
-0.00022918
-0.00015279
0.00003820
0.00007639
-0.00011459
-0.00045837
-0.00080214
-0.00106952
-0.00129870
-0.00133690
0.79076922
0.79102570
0.79076922
0.79102570
0.79102570
0.79153848
0.79128200
0.79128200
0.79102570
0.79102570
0.79102570
0.79102570
0.79076922
0.79025644
0.79000002
0.78974354
0.78948718
0.78974354
0.79000002
0.79051280
0.79025644
0.79025644
0.78974354
0.79000002
0.78974354
0.00000000
0.00000000
0.00000000
0.00000000
0.00000000
0.00000000
0.00000000
0.00000000
0.00000000
0.00000000
0.00000000
0.00000000
0.00000000
0.00000000
0.00000000
0.00000000
0.00000000
0.00000000
0.00000000
0.00000000
0.00000000
0.00000000
0.00000000
0.00000000
0.00000000
0.12281462
0.12266335
0.12255444
0.12261826
0.12275070
0.12292907
0.12332563
0.12379935
0.12418518
0.12428283
0.12412459
0.12362339
0.12309325
0.12262948
0.12260775
0.12278033
0.12315925
0.12354521
0.12379394
0.12377991
0.12365666
0.12340996
0.12322394
0.12301503
0.12283263
0.00752882
0.00776174
0.00790193
0.00784624
0.00763581
0.00748538
0.00741006
0.00735948
0.00722048
0.00692739
0.00670565
0.00650116
0.00620407
0.00592007
0.00585664
0.00608199
0.00635648
0.00676791
0.00706854
0.00710570
0.00677642
0.00627772
0.00605507
0.00602415
0.00599513
0.06044300
0.06044300
0.06044300
0.06044300
0.06044300
0.06044300
0.06044300
0.06044300
0.06044300
0.06044300
0.06044300
0.06044300
0.06044300
0.06044300
0.06044300
0.06044300
0.06044300
0.06044300
0.06044300
0.06044300
0.06044300
0.06044300
0.06044300
0.06044300
0.06044300
0.02855902
0.02855902
0.02855902
0.02855902
0.02855902
0.02855902
0.02855902
0.02855902
0.02855902
0.02855902
0.02855902
0.02855902
0.02855902
0.02855902
0.02855902
0.02855902
0.02855902
0.02855902
0.02855902
0.02855902
0.02855902
0.02855902
0.02855902
0.02855902
0.02855902
0.10354097
0.10354097
0.10354097
0.10354097
0.10354097
0.10354097
0.10354097
0.10354097
0.10354097
0.10354097
0.10354097
0.10354097
0.10354097
0.10354097
0.10354097
0.10354097
0.10354097
0.10354097
0.10354097
0.10354097
0.10354097
0.10354097
0.10354097
0.10354097
0.10354097
-0.00673798
-0.00673798
-0.00673798
-0.00673798
-0.00673798
-0.00673798
-0.00673798
-0.00673798
-0.00673798
-0.00673798
-0.00673798
-0.00673798
-0.00673798
-0.00673798
-0.00673798
-0.00673798
-0.00673798
-0.00673798
-0.00673798
-0.00673798
-0.00673798
-0.00673798
-0.00673798
-0.00673798
-0.00673798
0.00026127
0.00026127
0.00026127
0.00026127
0.00026127
0.00026127
0.00026127
0.00026127
0.00026127
0.00026127
0.00026127
0.00026127
0.00026127
0.00026127
0.00026127
0.00026127
0.00026127
0.00026127
0.00026127
0.00026127
0.00026127
0.00026127
0.00026127
0.00026127
0.00026127
-0.00047823
-0.00047823
-0.00047823
-0.00047823
-0.00047823
-0.00047823
-0.00047823
-0.00047823
-0.00047823
-0.00047823
-0.00047823
-0.00047823
-0.00047823
-0.00047823
-0.00047823
-0.00047823
-0.00047823
-0.00047823
-0.00047823
-0.00047823
-0.00047823
-0.00047823
-0.00047823
-0.00047823
-0.00047823
0.79053336
0.79053336
0.79053336
0.79053336
0.79053336
0.79053336
0.79053336
0.79053336
0.79053336
0.79053336
0.79053336
0.79053336
0.79053336
0.79053336
0.79053336
0.79053336
0.79053336
0.79053336
0.79053336
0.79053336
0.79053336
0.79053336
0.79053336
0.79053336
0.79053336
0.00000000
0.00000000
0.00000000
0.00000000
0.00000000
0.00000000
0.00000000
0.00000000
0.00000000
0.00000000
0.00000000
0.00000000
0.00000000
0.00000000
0.00000000
0.00000000
0.00000000
0.00000000
0.00000000
0.00000000
0.00000000
0.00000000
0.00000000
0.00000000
0.00000000
0.12324795
0.12324795
0.12324795
0.12324795
0.12324795
0.12324795
0.12324795
0.12324795
0.12324795
0.12324795
0.12324795
0.12324795
0.12324795
0.12324795
0.12324795
0.12324795
0.12324795
0.12324795
0.12324795
0.12324795
0.12324795
0.12324795
0.12324795
0.12324795
0.12324795
0.00683096
0.00683096
0.00683096
0.00683096
0.00683096
0.00683096
0.00683096
0.00683096
0.00683096
0.00683096
0.00683096
0.00683096
0.00683096
0.00683096
0.00683096
0.00683096
0.00683096
0.00683096
0.00683096
0.00683096
0.00683096
0.00683096
0.00683096
0.00683096
0.00683096
0.00026016
0.00026016
0.00026016
0.00026016
0.00026016
0.00026016
0.00026016
0.00026016
0.00026016
0.00026016
0.00026016
0.00026016
0.00026016
0.00026016
0.00026016
0.00026016
0.00026016
0.00026016
0.00026016
0.00026016
0.00026016
0.00026016
0.00026016
0.00026016
0.00026016
0.00029389
0.00029389
0.00029389
0.00029389
0.00029389
0.00029389
0.00029389
0.00029389
0.00029389
0.00029389
0.00029389
0.00029389
0.00029389
0.00029389
0.00029389
0.00029389
0.00029389
0.00029389
0.00029389
0.00029389
0.00029389
0.00029389
0.00029389
0.00029389
0.00029389
0.00069313
0.00069313
0.00069313
0.00069313
0.00069313
0.00069313
0.00069313
0.00069313
0.00069313
0.00069313
0.00069313
0.00069313
0.00069313
0.00069313
0.00069313
0.00069313
0.00069313
0.00069313
0.00069313
0.00069313
0.00069313
0.00069313
0.00069313
0.00069313
0.00069313
0.00065280
0.00065280
0.00065280
0.00065280
0.00065280
0.00065280
0.00065280
0.00065280
0.00065280
0.00065280
0.00065280
0.00065280
0.00065280
0.00065280
0.00065280
0.00065280
0.00065280
0.00065280
0.00065280
0.00065280
0.00065280
0.00065280
0.00065280
0.00065280
0.00065280
0.00085812
0.00085812
0.00085812
0.00085812
0.00085812
0.00085812
0.00085812
0.00085812
0.00085812
0.00085812
0.00085812
0.00085812
0.00085812
0.00085812
0.00085812
0.00085812
0.00085812
0.00085812
0.00085812
0.00085812
0.00085812
0.00085812
0.00085812
0.00085812
0.00085812
0.00048643
0.00048643
0.00048643
0.00048643
0.00048643
0.00048643
0.00048643
0.00048643
0.00048643
0.00048643
0.00048643
0.00048643
0.00048643
0.00048643
0.00048643
0.00048643
0.00048643
0.00048643
0.00048643
0.00048643
0.00048643
0.00048643
0.00048643
0.00048643
0.00048643
0.00058884
0.00058884
0.00058884
0.00058884
0.00058884
0.00058884
0.00058884
0.00058884
0.00058884
0.00058884
0.00058884
0.00058884
0.00058884
0.00058884
0.00058884
0.00058884
0.00058884
0.00058884
0.00058884
0.00058884
0.00058884
0.00058884
0.00058884
0.00058884
0.00058884
0.00000000
0.00000000
0.00000000
0.00000000
0.00000000
0.00000000
0.00000000
0.00000000
0.00000000
0.00000000
0.00000000
0.00000000
0.00000000
0.00000000
0.00000000
0.00000000
0.00000000
0.00000000
0.00000000
0.00000000
0.00000000
0.00000000
0.00000000
0.00000000
0.00000000
0.00053133
0.00053133
0.00053133
0.00053133
0.00053133
0.00053133
0.00053133
0.00053133
0.00053133
0.00053133
0.00053133
0.00053133
0.00053133
0.00053133
0.00053133
0.00053133
0.00053133
0.00053133
0.00053133
0.00053133
0.00053133
0.00053133
0.00053133
0.00053133
0.00053133
0.00065915
0.00065915
0.00065915
0.00065915
0.00065915
0.00065915
0.00065915
0.00065915
0.00065915
0.00065915
0.00065915
0.00065915
0.00065915
0.00065915
0.00065915
0.00065915
0.00065915
0.00065915
0.00065915
0.00065915
0.00065915
0.00065915
0.00065915
0.00065915
0.00065915
