0.03238449
0.03179390
0.03161970
0.03254169
0.03362089
0.03297082
0.03015386
0.02654236
0.02863703
0.03172167
0.03503575
0.03345944
0.03155597
0.02961426
0.02776177
0.02667408
0.02636816
0.02644039
0.02495330
0.02373389
0.02326652
0.02449018
0.02565011
0.02664434
0.02827163
-0.00605032
-0.00532802
-0.00438478
-0.00482241
-0.00726548
-0.00906698
-0.00778383
-0.00364549
-0.00096873
0.00143185
0.00065007
-0.00162730
-0.00681510
-0.01016317
-0.01059230
-0.00857836
-0.00624576
-0.00499236
-0.00577414
-0.00732071
-0.00854437
-0.00813649
-0.00802602
-0.00748642
-0.00644970
0.11691046
0.11864823
0.12018630
0.12119751
0.12042424
0.11904761
0.11769225
0.11672775
0.11538513
0.11475632
0.11441216
0.11626464
0.11861424
0.12046247
0.12124426
0.12094684
0.12056019
0.12033926
0.12076839
0.12066641
0.12115503
0.12147795
0.12327943
0.12319446
0.12223848
-0.00897634
-0.00618794
-0.00439268
-0.00244462
0.00324676
0.01233769
0.01974794
0.01348361
0.00683730
-0.00744845
-0.01879302
-0.03231482
-0.03716586
-0.03120710
-0.02203978
-0.01172654
-0.00523301
-0.00328496
-0.00607335
-0.00343775
0.00313217
0.01256687
0.01420935
0.01676857
0.02341487
0.00794501
0.00771583
0.00630254
0.00435448
0.00500383
0.00729566
0.01142096
0.01604282
0.01592823
0.01768530
0.02012992
0.02849510
0.03239122
0.03304056
0.03067234
0.02742558
0.02326209
0.01864023
0.01306344
0.00255921
-0.01061882
-0.02540113
-0.03915212
-0.05309409
-0.06531718
-0.00175707
-0.00145149
0.00000000
0.00229183
0.00286479
0.00019099
-0.00454547
-0.00733386
-0.01348361
-0.01638659
-0.01886941
-0.01615741
-0.01734152
-0.02070287
-0.02276552
-0.02062648
-0.01554625
-0.01027504
-0.00500383
0.00007639
0.00496563
0.00821240
0.00996947
0.01054242
0.01038963
0.75769234
0.75794876
0.75794876
0.75769234
0.75641030
0.75487185
0.75358969
0.75461537
0.77153844
0.78820509
0.80307692
0.80282050
0.80307692
0.80384618
0.80487180
0.80589741
0.80717951
0.80820507
0.80948722
0.81051278
0.81102568
0.80923074
0.80128205
0.78384614
0.75717950
0.00000000
0.00000000
0.00000000
0.00000000
0.00000000
0.00000000
0.00000000
0.00000000
0.00000000
0.00000000
0.00000000
0.00000000
0.00000000
0.00000000
0.00000000
0.00000000
0.00000000
0.00000000
0.00000000
0.00000000
0.00000000
0.00000000
0.00000000
0.00000000
0.00000000
0.12146364
0.12294976
0.12435344
0.12558286
0.12524037
0.12386129
0.12174279
0.11976291
0.11888964
0.11906858
0.11965813
0.12099442
0.12292910
0.12446485
0.12483222
0.12415005
0.12356799
0.12331080
0.12345450
0.12319608
0.12366438
0.12418882
0.12617514
0.12626496
0.12563093
0.01211549
0.00999658
0.00768229
0.00549456
0.00661716
0.01433464
0.02326114
0.02220282
0.02196052
0.02523429
0.03338331
0.04601391
0.05226108
0.04994168
0.04410003
0.03626467
0.02846393
0.02153661
0.01525049
0.00428643
0.01213373
0.02950571
0.04282738
0.05666842
0.07016078
0.02903625
0.02903625
0.02903625
0.02903625
0.02903625
0.02903625
0.02903625
0.02903625
0.02903625
0.02903625
0.02903625
0.02903625
0.02903625
0.02903625
0.02903625
0.02903625
0.02903625
0.02903625
0.02903625
0.02903625
0.02903625
0.02903625
0.02903625
0.02903625
0.02903625
-0.00591945
-0.00591945
-0.00591945
-0.00591945
-0.00591945
-0.00591945
-0.00591945
-0.00591945
-0.00591945
-0.00591945
-0.00591945
-0.00591945
-0.00591945
-0.00591945
-0.00591945
-0.00591945
-0.00591945
-0.00591945
-0.00591945
-0.00591945
-0.00591945
-0.00591945
-0.00591945
-0.00591945
-0.00591945
0.11946399
0.11946399
0.11946399
0.11946399
0.11946399
0.11946399
0.11946399
0.11946399
0.11946399
0.11946399
0.11946399
0.11946399
0.11946399
0.11946399
0.11946399
0.11946399
0.11946399
0.11946399
0.11946399
0.11946399
0.11946399
0.11946399
0.11946399
0.11946399
0.11946399
-0.00299924
-0.00299924
-0.00299924
-0.00299924
-0.00299924
-0.00299924
-0.00299924
-0.00299924
-0.00299924
-0.00299924
-0.00299924
-0.00299924
-0.00299924
-0.00299924
-0.00299924
-0.00299924
-0.00299924
-0.00299924
-0.00299924
-0.00299924
-0.00299924
-0.00299924
-0.00299924
-0.00299924
-0.00299924
0.00543164
0.00543164
0.00543164
0.00543164
0.00543164
0.00543164
0.00543164
0.00543164
0.00543164
0.00543164
0.00543164
0.00543164
0.00543164
0.00543164
0.00543164
0.00543164
0.00543164
0.00543164
0.00543164
0.00543164
0.00543164
0.00543164
0.00543164
0.00543164
0.00543164
-0.00570971
-0.00570971
-0.00570971
-0.00570971
-0.00570971
-0.00570971
-0.00570971
-0.00570971
-0.00570971
-0.00570971
-0.00570971
-0.00570971
-0.00570971
-0.00570971
-0.00570971
-0.00570971
-0.00570971
-0.00570971
-0.00570971
-0.00570971
-0.00570971
-0.00570971
-0.00570971
-0.00570971
-0.00570971
0.78528208
0.78528208
0.78528208
0.78528208
0.78528208
0.78528208
0.78528208
0.78528208
0.78528208
0.78528208
0.78528208
0.78528208
0.78528208
0.78528208
0.78528208
0.78528208
0.78528208
0.78528208
0.78528208
0.78528208
0.78528208
0.78528208
0.78528208
0.78528208
0.78528208
0.00000000
0.00000000
0.00000000
0.00000000
0.00000000
0.00000000
0.00000000
0.00000000
0.00000000
0.00000000
0.00000000
0.00000000
0.00000000
0.00000000
0.00000000
0.00000000
0.00000000
0.00000000
0.00000000
0.00000000
0.00000000
0.00000000
0.00000000
0.00000000
0.00000000
0.12317593
0.12317593
0.12317593
0.12317593
0.12317593
0.12317593
0.12317593
0.12317593
0.12317593
0.12317593
0.12317593
0.12317593
0.12317593
0.12317593
0.12317593
0.12317593
0.12317593
0.12317593
0.12317593
0.12317593
0.12317593
0.12317593
0.12317593
0.12317593
0.12317593
0.02766791
0.02766791
0.02766791
0.02766791
0.02766791
0.02766791
0.02766791
0.02766791
0.02766791
0.02766791
0.02766791
0.02766791
0.02766791
0.02766791
0.02766791
0.02766791
0.02766791
0.02766791
0.02766791
0.02766791
0.02766791
0.02766791
0.02766791
0.02766791
0.02766791
0.00339961
0.00339961
0.00339961
0.00339961
0.00339961
0.00339961
0.00339961
0.00339961
0.00339961
0.00339961
0.00339961
0.00339961
0.00339961
0.00339961
0.00339961
0.00339961
0.00339961
0.00339961
0.00339961
0.00339961
0.00339961
0.00339961
0.00339961
0.00339961
0.00339961
0.00305987
0.00305987
0.00305987
0.00305987
0.00305987
0.00305987
0.00305987
0.00305987
0.00305987
0.00305987
0.00305987
0.00305987
0.00305987
0.00305987
0.00305987
0.00305987
0.00305987
0.00305987
0.00305987
0.00305987
0.00305987
0.00305987
0.00305987
0.00305987
0.00305987
0.00246804
0.00246804
0.00246804
0.00246804
0.00246804
0.00246804
0.00246804
0.00246804
0.00246804
0.00246804
0.00246804
0.00246804
0.00246804
0.00246804
0.00246804
0.00246804
0.00246804
0.00246804
0.00246804
0.00246804
0.00246804
0.00246804
0.00246804
0.00246804
0.00246804
0.01602231
0.01602231
0.01602231
0.01602231
0.01602231
0.01602231
0.01602231
0.01602231
0.01602231
0.01602231
0.01602231
0.01602231
0.01602231
0.01602231
0.01602231
0.01602231
0.01602231
0.01602231
0.01602231
0.01602231
0.01602231
0.01602231
0.01602231
0.01602231
0.01602231
0.02527394
0.02527394
0.02527394
0.02527394
0.02527394
0.02527394
0.02527394
0.02527394
0.02527394
0.02527394
0.02527394
0.02527394
0.02527394
0.02527394
0.02527394
0.02527394
0.02527394
0.02527394
0.02527394
0.02527394
0.02527394
0.02527394
0.02527394
0.02527394
0.02527394
0.01058585
0.01058585
0.01058585
0.01058585
0.01058585
0.01058585
0.01058585
0.01058585
0.01058585
0.01058585
0.01058585
0.01058585
0.01058585
0.01058585
0.01058585
0.01058585
0.01058585
0.01058585
0.01058585
0.01058585
0.01058585
0.01058585
0.01058585
0.01058585
0.01058585
0.02325775
0.02325775
0.02325775
0.02325775
0.02325775
0.02325775
0.02325775
0.02325775
0.02325775
0.02325775
0.02325775
0.02325775
0.02325775
0.02325775
0.02325775
0.02325775
0.02325775
0.02325775
0.02325775
0.02325775
0.02325775
0.02325775
0.02325775
0.02325775
0.02325775
0.00000000
0.00000000
0.00000000
0.00000000
0.00000000
0.00000000
0.00000000
0.00000000
0.00000000
0.00000000
0.00000000
0.00000000
0.00000000
0.00000000
0.00000000
0.00000000
0.00000000
0.00000000
0.00000000
0.00000000
0.00000000
0.00000000
0.00000000
0.00000000
0.00000000
0.00212101
0.00212101
0.00212101
0.00212101
0.00212101
0.00212101
0.00212101
0.00212101
0.00212101
0.00212101
0.00212101
0.00212101
0.00212101
0.00212101
0.00212101
0.00212101
0.00212101
0.00212101
0.00212101
0.00212101
0.00212101
0.00212101
0.00212101
0.00212101
0.00212101
0.01769556
0.01769556
0.01769556
0.01769556
0.01769556
0.01769556
0.01769556
0.01769556
0.01769556
0.01769556
0.01769556
0.01769556
0.01769556
0.01769556
0.01769556
0.01769556
0.01769556
0.01769556
0.01769556
0.01769556
0.01769556
0.01769556
0.01769556
0.01769556
0.01769556
