0.08011145
0.07980554
0.07907049
0.07809326
0.07729874
0.07694184
0.07717552
0.07771512
0.07838643
0.07889629
0.07912997
0.07920220
0.07923195
0.07929143
0.07925319
0.07931693
0.07953361
0.07983528
0.07985228
0.07936366
0.07875608
0.07815700
0.07791056
0.07777885
0.07780010
0.09079722
0.09109464
0.09193166
0.09299812
0.09388188
0.09401359
0.09372042
0.09324455
0.09259448
0.09163850
0.09087371
0.09015991
0.08917418
0.08817571
0.08769559
0.08794627
0.08833291
0.08886402
0.08997296
0.09137932
0.09251800
0.09312133
0.09364819
0.09411556
0.09407307
0.03013261
0.03038754
0.03081243
0.03120756
0.03124580
0.03124580
0.03087191
0.03066797
0.03075294
0.03133928
0.03169618
0.03114383
0.03043428
0.03001790
0.03019210
0.03006038
0.02980546
0.02952078
0.02955902
0.02958027
0.02958877
0.02958877
0.02954628
0.02932534
0.02898968
-0.01092440
-0.01038963
-0.00893814
-0.00679910
-0.00737206
-0.00889994
-0.00958749
-0.00974028
-0.01004586
-0.00993127
-0.00851797
-0.00779223
-0.00825059
-0.00844158
-0.00741025
-0.00702828
-0.00733386
-0.00710468
-0.00542400
-0.00458366
-0.00466006
-0.00496563
-0.00416349
-0.00351414
-0.00412530
0.00557679
0.00530941
0.00462186
0.00362873
0.00267380
0.00190986
0.00156608
0.00129870
0.00129870
0.00099313
0.00000000
-0.00137510
-0.00202445
-0.00148969
-0.00072575
-0.00053476
-0.00057296
-0.00019099
0.00064935
0.00114592
0.00106952
0.00064935
0.00030558
0.00042017
0.00072575
-0.00588237
-0.00572958
-0.00519482
-0.00397251
-0.00252101
-0.00118411
-0.00007639
0.00126051
0.00259741
0.00336135
0.00362873
0.00347594
0.00297938
0.00179527
-0.00000000
-0.00190986
-0.00343775
-0.00446907
-0.00492744
-0.00473645
-0.00385792
-0.00282659
-0.00175707
-0.00030558
0.00148969
0.67051280
0.67076921
0.67102569
0.67076921
0.67076921
0.67051280
0.67051280
0.67051280
0.67076921
0.67102569
0.67102569
0.67102569
0.67076921
0.67025644
0.67000002
0.67000002
0.67025644
0.67051280
0.67051280
0.67102569
0.67025644
0.67000002
0.66948724
0.67051280
0.67051280
0.00000000
0.00000000
0.00000000
0.00000000
0.00000000
0.00000000
0.00000000
0.00000000
0.00000000
0.00000000
0.00000000
0.00000000
0.00000000
0.00000000
0.00000000
0.00000000
0.00000000
0.00000000
0.00000000
0.00000000
0.00000000
0.00000000
0.00000000
0.00000000
0.00000000
0.12477962
0.12486216
0.12511186
0.12538388
0.12555955
0.12543884
0.12527032
0.12519868
0.12515557
0.12491753
0.12459627
0.12398281
0.12310962
0.12232400
0.12199651
0.12218571
0.12254250
0.12305269
0.12387597
0.12459440
0.12505037
0.12512231
0.12535159
0.12556776
0.12547110
0.01360313
0.01299855
0.01132423
0.00867043
0.00823723
0.00917925
0.00971486
0.00990700
0.01045717
0.01053162
0.00925870
0.00864245
0.00900263
0.00875799
0.00744571
0.00730276
0.00811984
0.00839556
0.00735670
0.00669007
0.00614358
0.00575055
0.00452939
0.00355234
0.00444567
0.07871631
0.07871631
0.07871631
0.07871631
0.07871631
0.07871631
0.07871631
0.07871631
0.07871631
0.07871631
0.07871631
0.07871631
0.07871631
0.07871631
0.07871631
0.07871631
0.07871631
0.07871631
0.07871631
0.07871631
0.07871631
0.07871631
0.07871631
0.07871631
0.07871631
0.09143863
0.09143863
0.09143863
0.09143863
0.09143863
0.09143863
0.09143863
0.09143863
0.09143863
0.09143863
0.09143863
0.09143863
0.09143863
0.09143863
0.09143863
0.09143863
0.09143863
0.09143863
0.09143863
0.09143863
0.09143863
0.09143863
0.09143863
0.09143863
0.09143863
0.03030852
0.03030852
0.03030852
0.03030852
0.03030852
0.03030852
0.03030852
0.03030852
0.03030852
0.03030852
0.03030852
0.03030852
0.03030852
0.03030852
0.03030852
0.03030852
0.03030852
0.03030852
0.03030852
0.03030852
0.03030852
0.03030852
0.03030852
0.03030852
0.03030852
-0.00743776
-0.00743776
-0.00743776
-0.00743776
-0.00743776
-0.00743776
-0.00743776
-0.00743776
-0.00743776
-0.00743776
-0.00743776
-0.00743776
-0.00743776
-0.00743776
-0.00743776
-0.00743776
-0.00743776
-0.00743776
-0.00743776
-0.00743776
-0.00743776
-0.00743776
-0.00743776
-0.00743776
-0.00743776
0.00107716
0.00107716
0.00107716
0.00107716
0.00107716
0.00107716
0.00107716
0.00107716
0.00107716
0.00107716
0.00107716
0.00107716
0.00107716
0.00107716
0.00107716
0.00107716
0.00107716
0.00107716
0.00107716
0.00107716
0.00107716
0.00107716
0.00107716
0.00107716
0.00107716
-0.00128801
-0.00128801
-0.00128801
-0.00128801
-0.00128801
-0.00128801
-0.00128801
-0.00128801
-0.00128801
-0.00128801
-0.00128801
-0.00128801
-0.00128801
-0.00128801
-0.00128801
-0.00128801
-0.00128801
-0.00128801
-0.00128801
-0.00128801
-0.00128801
-0.00128801
-0.00128801
-0.00128801
-0.00128801
0.67053336
0.67053336
0.67053336
0.67053336
0.67053336
0.67053336
0.67053336
0.67053336
0.67053336
0.67053336
0.67053336
0.67053336
0.67053336
0.67053336
0.67053336
0.67053336
0.67053336
0.67053336
0.67053336
0.67053336
0.67053336
0.67053336
0.67053336
0.67053336
0.67053336
0.00000000
0.00000000
0.00000000
0.00000000
0.00000000
0.00000000
0.00000000
0.00000000
0.00000000
0.00000000
0.00000000
0.00000000
0.00000000
0.00000000
0.00000000
0.00000000
0.00000000
0.00000000
0.00000000
0.00000000
0.00000000
0.00000000
0.00000000
0.00000000
0.00000000
0.12442005
0.12442005
0.12442005
0.12442005
0.12442005
0.12442005
0.12442005
0.12442005
0.12442005
0.12442005
0.12442005
0.12442005
0.12442005
0.12442005
0.12442005
0.12442005
0.12442005
0.12442005
0.12442005
0.12442005
0.12442005
0.12442005
0.12442005
0.12442005
0.12442005
0.00840070
0.00840070
0.00840070
0.00840070
0.00840070
0.00840070
0.00840070
0.00840070
0.00840070
0.00840070
0.00840070
0.00840070
0.00840070
0.00840070
0.00840070
0.00840070
0.00840070
0.00840070
0.00840070
0.00840070
0.00840070
0.00840070
0.00840070
0.00840070
0.00840070
0.00090081
0.00090081
0.00090081
0.00090081
0.00090081
0.00090081
0.00090081
0.00090081
0.00090081
0.00090081
0.00090081
0.00090081
0.00090081
0.00090081
0.00090081
0.00090081
0.00090081
0.00090081
0.00090081
0.00090081
0.00090081
0.00090081
0.00090081
0.00090081
0.00090081
0.00210708
0.00210708
0.00210708
0.00210708
0.00210708
0.00210708
0.00210708
0.00210708
0.00210708
0.00210708
0.00210708
0.00210708
0.00210708
0.00210708
0.00210708
0.00210708
0.00210708
0.00210708
0.00210708
0.00210708
0.00210708
0.00210708
0.00210708
0.00210708
0.00210708
0.00073893
0.00073893
0.00073893
0.00073893
0.00073893
0.00073893
0.00073893
0.00073893
0.00073893
0.00073893
0.00073893
0.00073893
0.00073893
0.00073893
0.00073893
0.00073893
0.00073893
0.00073893
0.00073893
0.00073893
0.00073893
0.00073893
0.00073893
0.00073893
0.00073893
0.00214459
0.00214459
0.00214459
0.00214459
0.00214459
0.00214459
0.00214459
0.00214459
0.00214459
0.00214459
0.00214459
0.00214459
0.00214459
0.00214459
0.00214459
0.00214459
0.00214459
0.00214459
0.00214459
0.00214459
0.00214459
0.00214459
0.00214459
0.00214459
0.00214459
0.00195862
0.00195862
0.00195862
0.00195862
0.00195862
0.00195862
0.00195862
0.00195862
0.00195862
0.00195862
0.00195862
0.00195862
0.00195862
0.00195862
0.00195862
0.00195862
0.00195862
0.00195862
0.00195862
0.00195862
0.00195862
0.00195862
0.00195862
0.00195862
0.00195862
0.00312343
0.00312343
0.00312343
0.00312343
0.00312343
0.00312343
0.00312343
0.00312343
0.00312343
0.00312343
0.00312343
0.00312343
0.00312343
0.00312343
0.00312343
0.00312343
0.00312343
0.00312343
0.00312343
0.00312343
0.00312343
0.00312343
0.00312343
0.00312343
0.00312343
0.00038321
0.00038321
0.00038321
0.00038321
0.00038321
0.00038321
0.00038321
0.00038321
0.00038321
0.00038321
0.00038321
0.00038321
0.00038321
0.00038321
0.00038321
0.00038321
0.00038321
0.00038321
0.00038321
0.00038321
0.00038321
0.00038321
0.00038321
0.00038321
0.00038321
0.00000000
0.00000000
0.00000000
0.00000000
0.00000000
0.00000000
0.00000000
0.00000000
0.00000000
0.00000000
0.00000000
0.00000000
0.00000000
0.00000000
0.00000000
0.00000000
0.00000000
0.00000000
0.00000000
0.00000000
0.00000000
0.00000000
0.00000000
0.00000000
0.00000000
0.00115389
0.00115389
0.00115389
0.00115389
0.00115389
0.00115389
0.00115389
0.00115389
0.00115389
0.00115389
0.00115389
0.00115389
0.00115389
0.00115389
0.00115389
0.00115389
0.00115389
0.00115389
0.00115389
0.00115389
0.00115389
0.00115389
0.00115389
0.00115389
0.00115389
0.00239979
0.00239979
0.00239979
0.00239979
0.00239979
0.00239979
0.00239979
0.00239979
0.00239979
0.00239979
0.00239979
0.00239979
0.00239979
0.00239979
0.00239979
0.00239979
0.00239979
0.00239979
0.00239979
0.00239979
0.00239979
0.00239979
0.00239979
0.00239979
0.00239979
