0.02864553
0.02626619
0.02417152
0.02557363
0.02755783
0.03125855
0.03463636
0.04013008
0.04366085
0.04368209
0.04123902
0.03753830
0.03447491
0.03220604
0.03125005
0.03050651
0.02637666
0.02381037
0.02256972
0.02600701
0.02802095
0.02974172
0.03116932
0.03362089
0.03574530
0.00808125
0.00987850
0.01264448
0.01265298
0.01108941
0.00761813
0.00421058
0.00159331
0.00200119
0.00613104
0.01126786
0.01382140
0.01346875
0.01088547
0.00743543
0.00292744
-0.00037814
-0.00191197
-0.00059059
0.00191197
0.00478842
0.00576565
0.00529828
0.00426156
0.00412985
0.11471807
0.11368136
0.11383432
0.11738633
0.12131223
0.12334317
0.11974017
0.11221977
0.10546839
0.10393032
0.10757156
0.11224951
0.11570804
0.11779421
0.11862698
0.12004184
0.12243392
0.12500870
0.12607941
0.12283331
0.11940451
0.11777722
0.11771774
0.11645584
0.11388955
0.02196338
0.01902220
0.00454547
-0.01245228
-0.01837285
-0.01012225
-0.00217724
-0.00802141
-0.01252868
-0.01562265
-0.02624147
-0.04568383
-0.05687561
-0.05909105
-0.05756316
-0.05538592
-0.04587482
-0.02158141
0.00003820
0.01562265
0.01917499
0.01944237
0.01806727
0.01669217
0.01569904
0.00443087
0.00045837
-0.00359054
-0.01130637
-0.02223076
-0.04152034
-0.05297950
-0.04912158
-0.02528654
0.00359054
0.02685262
0.03983967
0.04568383
0.04763189
0.04896879
0.04778468
0.04251347
0.02570671
-0.00152789
-0.02475178
-0.03647831
-0.03819719
-0.03945769
-0.03903753
-0.03388090
-0.01084800
-0.00932011
-0.00271200
0.00889994
0.02024451
0.02681442
0.02318569
0.01142096
-0.00622614
-0.02333848
-0.03464485
-0.03819719
-0.03395730
-0.02570671
-0.01894580
-0.01535527
-0.01073341
-0.00427809
0.00282659
0.00817420
0.01287245
0.01741792
0.01902220
0.01573724
0.00943470
0.69794875
0.69897431
0.70102566
0.70564103
0.71128201
0.71641028
0.71769232
0.71641028
0.71410257
0.71205127
0.71102566
0.71102566
0.71205127
0.71333337
0.71538460
0.71923077
0.72384614
0.72820508
0.73025644
0.72974354
0.72564107
0.71589738
0.70179492
0.68589741
0.67282051
0.00000000
0.00000000
0.00000000
0.00000000
0.00000000
0.00000000
0.00000000
0.00000000
0.00000000
0.00000000
0.00000000
0.00000000
0.00000000
0.00000000
0.00000000
0.00000000
0.00000000
0.00000000
0.00000000
0.00000000
0.00000000
0.00000000
0.00000000
0.00000000
0.00000000
0.11851628
0.11709376
0.11705724
0.12080422
0.12489622
0.12747027
0.12472015
0.11918993
0.11416592
0.11290362
0.11575518
0.11916421
0.12148365
0.12260178
0.12289920
0.12389214
0.12524351
0.12727045
0.12808497
0.12557088
0.12274176
0.12161122
0.12188955
0.12128680
0.11943873
0.02489381
0.02118770
0.00639595
0.01902898
0.03523647
0.05045208
0.05787179
0.05106575
0.02889882
0.02831331
0.05108760
0.07164661
0.08046705
0.08013353
0.07791279
0.07474463
0.06345944
0.03383628
0.00321333
0.03038972
0.04317461
0.04626461
0.04738333
0.04527933
0.03851479
0.03159437
0.03159437
0.03159437
0.03159437
0.03159437
0.03159437
0.03159437
0.03159437
0.03159437
0.03159437
0.03159437
0.03159437
0.03159437
0.03159437
0.03159437
0.03159437
0.03159437
0.03159437
0.03159437
0.03159437
0.03159437
0.03159437
0.03159437
0.03159437
0.03159437
0.00635929
0.00635929
0.00635929
0.00635929
0.00635929
0.00635929
0.00635929
0.00635929
0.00635929
0.00635929
0.00635929
0.00635929
0.00635929
0.00635929
0.00635929
0.00635929
0.00635929
0.00635929
0.00635929
0.00635929
0.00635929
0.00635929
0.00635929
0.00635929
0.00635929
0.11676904
0.11676904
0.11676904
0.11676904
0.11676904
0.11676904
0.11676904
0.11676904
0.11676904
0.11676904
0.11676904
0.11676904
0.11676904
0.11676904
0.11676904
0.11676904
0.11676904
0.11676904
0.11676904
0.11676904
0.11676904
0.11676904
0.11676904
0.11676904
0.11676904
-0.01189308
-0.01189308
-0.01189308
-0.01189308
-0.01189308
-0.01189308
-0.01189308
-0.01189308
-0.01189308
-0.01189308
-0.01189308
-0.01189308
-0.01189308
-0.01189308
-0.01189308
-0.01189308
-0.01189308
-0.01189308
-0.01189308
-0.01189308
-0.01189308
-0.01189308
-0.01189308
-0.01189308
-0.01189308
-0.00343622
-0.00343622
-0.00343622
-0.00343622
-0.00343622
-0.00343622
-0.00343622
-0.00343622
-0.00343622
-0.00343622
-0.00343622
-0.00343622
-0.00343622
-0.00343622
-0.00343622
-0.00343622
-0.00343622
-0.00343622
-0.00343622
-0.00343622
-0.00343622
-0.00343622
-0.00343622
-0.00343622
-0.00343622
-0.00232850
-0.00232850
-0.00232850
-0.00232850
-0.00232850
-0.00232850
-0.00232850
-0.00232850
-0.00232850
-0.00232850
-0.00232850
-0.00232850
-0.00232850
-0.00232850
-0.00232850
-0.00232850
-0.00232850
-0.00232850
-0.00232850
-0.00232850
-0.00232850
-0.00232850
-0.00232850
-0.00232850
-0.00232850
0.71150774
0.71150774
0.71150774
0.71150774
0.71150774
0.71150774
0.71150774
0.71150774
0.71150774
0.71150774
0.71150774
0.71150774
0.71150774
0.71150774
0.71150774
0.71150774
0.71150774
0.71150774
0.71150774
0.71150774
0.71150774
0.71150774
0.71150774
0.71150774
0.71150774
0.00000000
0.00000000
0.00000000
0.00000000
0.00000000
0.00000000
0.00000000
0.00000000
0.00000000
0.00000000
0.00000000
0.00000000
0.00000000
0.00000000
0.00000000
0.00000000
0.00000000
0.00000000
0.00000000
0.00000000
0.00000000
0.00000000
0.00000000
0.00000000
0.00000000
0.12143005
0.12143005
0.12143005
0.12143005
0.12143005
0.12143005
0.12143005
0.12143005
0.12143005
0.12143005
0.12143005
0.12143005
0.12143005
0.12143005
0.12143005
0.12143005
0.12143005
0.12143005
0.12143005
0.12143005
0.12143005
0.12143005
0.12143005
0.12143005
0.12143005
0.04443410
0.04443410
0.04443410
0.04443410
0.04443410
0.04443410
0.04443410
0.04443410
0.04443410
0.04443410
0.04443410
0.04443410
0.04443410
0.04443410
0.04443410
0.04443410
0.04443410
0.04443410
0.04443410
0.04443410
0.04443410
0.04443410
0.04443410
0.04443410
0.04443410
0.00598393
0.00598393
0.00598393
0.00598393
0.00598393
0.00598393
0.00598393
0.00598393
0.00598393
0.00598393
0.00598393
0.00598393
0.00598393
0.00598393
0.00598393
0.00598393
0.00598393
0.00598393
0.00598393
0.00598393
0.00598393
0.00598393
0.00598393
0.00598393
0.00598393
0.00457710
0.00457710
0.00457710
0.00457710
0.00457710
0.00457710
0.00457710
0.00457710
0.00457710
0.00457710
0.00457710
0.00457710
0.00457710
0.00457710
0.00457710
0.00457710
0.00457710
0.00457710
0.00457710
0.00457710
0.00457710
0.00457710
0.00457710
0.00457710
0.00457710
0.00555232
0.00555232
0.00555232
0.00555232
0.00555232
0.00555232
0.00555232
0.00555232
0.00555232
0.00555232
0.00555232
0.00555232
0.00555232
0.00555232
0.00555232
0.00555232
0.00555232
0.00555232
0.00555232
0.00555232
0.00555232
0.00555232
0.00555232
0.00555232
0.00555232
0.02734141
0.02734141
0.02734141
0.02734141
0.02734141
0.02734141
0.02734141
0.02734141
0.02734141
0.02734141
0.02734141
0.02734141
0.02734141
0.02734141
0.02734141
0.02734141
0.02734141
0.02734141
0.02734141
0.02734141
0.02734141
0.02734141
0.02734141
0.02734141
0.02734141
0.03429439
0.03429439
0.03429439
0.03429439
0.03429439
0.03429439
0.03429439
0.03429439
0.03429439
0.03429439
0.03429439
0.03429439
0.03429439
0.03429439
0.03429439
0.03429439
0.03429439
0.03429439
0.03429439
0.03429439
0.03429439
0.03429439
0.03429439
0.03429439
0.03429439
0.01895230
0.01895230
0.01895230
0.01895230
0.01895230
0.01895230
0.01895230
0.01895230
0.01895230
0.01895230
0.01895230
0.01895230
0.01895230
0.01895230
0.01895230
0.01895230
0.01895230
0.01895230
0.01895230
0.01895230
0.01895230
0.01895230
0.01895230
0.01895230
0.01895230
0.01302066
0.01302066
0.01302066
0.01302066
0.01302066
0.01302066
0.01302066
0.01302066
0.01302066
0.01302066
0.01302066
0.01302066
0.01302066
0.01302066
0.01302066
0.01302066
0.01302066
0.01302066
0.01302066
0.01302066
0.01302066
0.01302066
0.01302066
0.01302066
0.01302066
0.00000000
0.00000000
0.00000000
0.00000000
0.00000000
0.00000000
0.00000000
0.00000000
0.00000000
0.00000000
0.00000000
0.00000000
0.00000000
0.00000000
0.00000000
0.00000000
0.00000000
0.00000000
0.00000000
0.00000000
0.00000000
0.00000000
0.00000000
0.00000000
0.00000000
0.00399794
0.00399794
0.00399794
0.00399794
0.00399794
0.00399794
0.00399794
0.00399794
0.00399794
0.00399794
0.00399794
0.00399794
0.00399794
0.00399794
0.00399794
0.00399794
0.00399794
0.00399794
0.00399794
0.00399794
0.00399794
0.00399794
0.00399794
0.00399794
0.00399794
0.02161328
0.02161328
0.02161328
0.02161328
0.02161328
0.02161328
0.02161328
0.02161328
0.02161328
0.02161328
0.02161328
0.02161328
0.02161328
0.02161328
0.02161328
0.02161328
0.02161328
0.02161328
0.02161328
0.02161328
0.02161328
0.02161328
0.02161328
0.02161328
0.02161328
