0.03823086
0.03594075
0.03109710
0.02803370
0.02821640
0.03404577
0.03990490
0.04441289
0.04482077
0.04313400
0.04144296
0.04063994
0.03939928
0.03771250
0.03529068
0.03173866
0.02778302
0.02486408
0.02414178
0.02456666
0.02372965
0.02358943
0.02436272
0.02696724
0.02908316
-0.00322060
-0.00369222
-0.00386642
-0.00255354
-0.00113868
-0.00037814
-0.00353502
-0.00415534
-0.00349253
0.00022094
0.00270225
0.00459297
0.00540874
0.00334382
-0.00199694
-0.00994223
-0.01594156
-0.01813820
-0.01498558
-0.01210913
-0.01046059
-0.01176073
-0.01200291
-0.01063904
-0.00771160
0.11186711
0.11050325
0.11176515
0.11599696
0.11743307
0.11264040
0.11193510
0.11434416
0.11745856
0.11529591
0.11107684
0.10877822
0.10616095
0.10653485
0.11391079
0.12536560
0.13182805
0.13003506
0.12497897
0.12601568
0.12756224
0.12769397
0.12374682
0.12082788
0.11884367
0.01199392
0.00160428
0.00022918
0.00198625
-0.00676090
-0.02410242
-0.02635606
-0.01569904
-0.01554625
-0.01928958
-0.02471358
-0.02589769
-0.03777702
-0.05630265
-0.06925150
-0.07310942
-0.06401848
-0.04201690
-0.01504969
0.00393431
0.00859437
0.00878535
0.01340721
0.01982434
0.02196338
0.00221544
0.00427808
-0.00320856
-0.01703594
-0.02979380
-0.02685262
-0.01436214
0.00076394
0.01214670
0.02005352
0.02860969
0.04048902
0.05855629
0.07792226
0.08899944
0.08433939
0.06569916
0.04495809
0.02876248
0.01504969
0.00042017
-0.01562265
-0.02880068
-0.03644012
-0.03831178
-0.00519482
-0.00855617
-0.01058062
-0.00851797
-0.00370513
0.00099313
0.00485104
0.00278839
-0.00233003
-0.00714287
-0.00530941
0.00175707
0.01103899
0.01898400
0.01948057
0.01145916
0.00026738
-0.00702828
-0.00756304
-0.00473645
-0.00019099
0.00309397
0.00389611
0.00305577
0.00229183
0.60307693
0.60333335
0.60358971
0.60410261
0.60512817
0.60769230
0.61102569
0.61410260
0.61538464
0.61615384
0.61692309
0.62128204
0.63179493
0.64820510
0.66743588
0.68461537
0.69717950
0.70589739
0.71102566
0.71461540
0.71512818
0.71102566
0.70128202
0.68512815
0.66564107
0.00000000
0.00000000
0.00000000
0.00000000
0.00000000
0.00000000
0.00000000
0.00000000
0.00000000
0.00000000
0.00000000
0.00000000
0.00000000
0.00000000
0.00000000
0.00000000
0.00000000
0.00000000
0.00000000
0.00000000
0.00000000
0.00000000
0.00000000
0.00000000
0.00000000
0.11826336
0.11625978
0.11607509
0.11936375
0.12078074
0.11767377
0.11888804
0.12273695
0.12576810
0.12310052
0.11858704
0.11621273
0.11336537
0.11306231
0.11926898
0.12970245
0.13566379
0.13362759
0.12816839
0.12895776
0.13017160
0.13038605
0.12669209
0.12425698
0.12259330
0.01325701
0.00969968
0.01105879
0.01915005
0.03077513
0.03609676
0.03040470
0.01596304
0.01986599
0.02872720
0.03817677
0.04809510
0.07055353
0.09799112
0.11443847
0.11220264
0.09173231
0.06193583
0.03333126
0.01626056
0.00860675
0.01818852
0.03200644
0.04159597
0.04422030
0.03292595
0.03292595
0.03292595
0.03292595
0.03292595
0.03292595
0.03292595
0.03292595
0.03292595
0.03292595
0.03292595
0.03292595
0.03292595
0.03292595
0.03292595
0.03292595
0.03292595
0.03292595
0.03292595
0.03292595
0.03292595
0.03292595
0.03292595
0.03292595
0.03292595
-0.00541809
-0.00541809
-0.00541809
-0.00541809
-0.00541809
-0.00541809
-0.00541809
-0.00541809
-0.00541809
-0.00541809
-0.00541809
-0.00541809
-0.00541809
-0.00541809
-0.00541809
-0.00541809
-0.00541809
-0.00541809
-0.00541809
-0.00541809
-0.00541809
-0.00541809
-0.00541809
-0.00541809
-0.00541809
0.11770397
0.11770397
0.11770397
0.11770397
0.11770397
0.11770397
0.11770397
0.11770397
0.11770397
0.11770397
0.11770397
0.11770397
0.11770397
0.11770397
0.11770397
0.11770397
0.11770397
0.11770397
0.11770397
0.11770397
0.11770397
0.11770397
0.11770397
0.11770397
0.11770397
-0.01694274
-0.01694274
-0.01694274
-0.01694274
-0.01694274
-0.01694274
-0.01694274
-0.01694274
-0.01694274
-0.01694274
-0.01694274
-0.01694274
-0.01694274
-0.01694274
-0.01694274
-0.01694274
-0.01694274
-0.01694274
-0.01694274
-0.01694274
-0.01694274
-0.01694274
-0.01694274
-0.01694274
-0.01694274
0.01451340
0.01451340
0.01451340
0.01451340
0.01451340
0.01451340
0.01451340
0.01451340
0.01451340
0.01451340
0.01451340
0.01451340
0.01451340
0.01451340
0.01451340
0.01451340
0.01451340
0.01451340
0.01451340
0.01451340
0.01451340
0.01451340
0.01451340
0.01451340
0.01451340
0.00052407
0.00052407
0.00052407
0.00052407
0.00052407
0.00052407
0.00052407
0.00052407
0.00052407
0.00052407
0.00052407
0.00052407
0.00052407
0.00052407
0.00052407
0.00052407
0.00052407
0.00052407
0.00052407
0.00052407
0.00052407
0.00052407
0.00052407
0.00052407
0.00052407
0.65043074
0.65043074
0.65043074
0.65043074
0.65043074
0.65043074
0.65043074
0.65043074
0.65043074
0.65043074
0.65043074
0.65043074
0.65043074
0.65043074
0.65043074
0.65043074
0.65043074
0.65043074
0.65043074
0.65043074
0.65043074
0.65043074
0.65043074
0.65043074
0.65043074
0.00000000
0.00000000
0.00000000
0.00000000
0.00000000
0.00000000
0.00000000
0.00000000
0.00000000
0.00000000
0.00000000
0.00000000
0.00000000
0.00000000
0.00000000
0.00000000
0.00000000
0.00000000
0.00000000
0.00000000
0.00000000
0.00000000
0.00000000
0.00000000
0.00000000
0.12278507
0.12278507
0.12278507
0.12278507
0.12278507
0.12278507
0.12278507
0.12278507
0.12278507
0.12278507
0.12278507
0.12278507
0.12278507
0.12278507
0.12278507
0.12278507
0.12278507
0.12278507
0.12278507
0.12278507
0.12278507
0.12278507
0.12278507
0.12278507
0.12278507
0.04177336
0.04177336
0.04177336
0.04177336
0.04177336
0.04177336
0.04177336
0.04177336
0.04177336
0.04177336
0.04177336
0.04177336
0.04177336
0.04177336
0.04177336
0.04177336
0.04177336
0.04177336
0.04177336
0.04177336
0.04177336
0.04177336
0.04177336
0.04177336
0.04177336
0.00707667
0.00707667
0.00707667
0.00707667
0.00707667
0.00707667
0.00707667
0.00707667
0.00707667
0.00707667
0.00707667
0.00707667
0.00707667
0.00707667
0.00707667
0.00707667
0.00707667
0.00707667
0.00707667
0.00707667
0.00707667
0.00707667
0.00707667
0.00707667
0.00707667
0.00646682
0.00646682
0.00646682
0.00646682
0.00646682
0.00646682
0.00646682
0.00646682
0.00646682
0.00646682
0.00646682
0.00646682
0.00646682
0.00646682
0.00646682
0.00646682
0.00646682
0.00646682
0.00646682
0.00646682
0.00646682
0.00646682
0.00646682
0.00646682
0.00646682
0.00741087
0.00741087
0.00741087
0.00741087
0.00741087
0.00741087
0.00741087
0.00741087
0.00741087
0.00741087
0.00741087
0.00741087
0.00741087
0.00741087
0.00741087
0.00741087
0.00741087
0.00741087
0.00741087
0.00741087
0.00741087
0.00741087
0.00741087
0.00741087
0.00741087
0.02719321
0.02719321
0.02719321
0.02719321
0.02719321
0.02719321
0.02719321
0.02719321
0.02719321
0.02719321
0.02719321
0.02719321
0.02719321
0.02719321
0.02719321
0.02719321
0.02719321
0.02719321
0.02719321
0.02719321
0.02719321
0.02719321
0.02719321
0.02719321
0.02719321
0.03777641
0.03777641
0.03777641
0.03777641
0.03777641
0.03777641
0.03777641
0.03777641
0.03777641
0.03777641
0.03777641
0.03777641
0.03777641
0.03777641
0.03777641
0.03777641
0.03777641
0.03777641
0.03777641
0.03777641
0.03777641
0.03777641
0.03777641
0.03777641
0.03777641
0.00793251
0.00793251
0.00793251
0.00793251
0.00793251
0.00793251
0.00793251
0.00793251
0.00793251
0.00793251
0.00793251
0.00793251
0.00793251
0.00793251
0.00793251
0.00793251
0.00793251
0.00793251
0.00793251
0.00793251
0.00793251
0.00793251
0.00793251
0.00793251
0.00793251
0.04320643
0.04320643
0.04320643
0.04320643
0.04320643
0.04320643
0.04320643
0.04320643
0.04320643
0.04320643
0.04320643
0.04320643
0.04320643
0.04320643
0.04320643
0.04320643
0.04320643
0.04320643
0.04320643
0.04320643
0.04320643
0.04320643
0.04320643
0.04320643
0.04320643
0.00000000
0.00000000
0.00000000
0.00000000
0.00000000
0.00000000
0.00000000
0.00000000
0.00000000
0.00000000
0.00000000
0.00000000
0.00000000
0.00000000
0.00000000
0.00000000
0.00000000
0.00000000
0.00000000
0.00000000
0.00000000
0.00000000
0.00000000
0.00000000
0.00000000
0.00619253
0.00619253
0.00619253
0.00619253
0.00619253
0.00619253
0.00619253
0.00619253
0.00619253
0.00619253
0.00619253
0.00619253
0.00619253
0.00619253
0.00619253
0.00619253
0.00619253
0.00619253
0.00619253
0.00619253
0.00619253
0.00619253
0.00619253
0.00619253
0.00619253
0.03134342
0.03134342
0.03134342
0.03134342
0.03134342
0.03134342
0.03134342
0.03134342
0.03134342
0.03134342
0.03134342
0.03134342
0.03134342
0.03134342
0.03134342
0.03134342
0.03134342
0.03134342
0.03134342
0.03134342
0.03134342
0.03134342
0.03134342
0.03134342
0.03134342
