0.03784847
0.03750431
0.03714741
0.03716866
0.03742358
0.03782297
0.03828185
0.03860475
0.03847304
0.03799292
0.03775924
0.03789945
0.03825635
0.03832009
0.03814588
0.03783997
0.03744058
0.03706668
0.03677351
0.03720265
0.03799718
0.03849429
0.03826060
0.03786121
0.03767002
0.05972563
0.06071985
0.06185853
0.06193077
0.06078358
0.05884188
0.05763946
0.05798361
0.05981485
0.06179055
0.06235140
0.06132318
0.05976387
0.05876540
0.05880363
0.05938572
0.06051591
0.06125945
0.06087281
0.05941971
0.05784340
0.05760971
0.05893960
0.06082182
0.06196051
0.09842386
0.09804571
0.09777804
0.09781627
0.09831338
0.09896770
0.09925238
0.09892946
0.09807546
0.09721294
0.09681355
0.09693252
0.09780778
0.09857257
0.09872552
0.09800322
0.09751461
0.09779079
0.09855132
0.09919289
0.09936710
0.09900169
0.09854282
0.09773555
0.09701325
-0.00378152
-0.00359054
-0.00504203
-0.00817420
-0.01088620
-0.01157375
-0.00844158
-0.00431628
-0.00103132
-0.00156608
-0.00580597
-0.01027504
-0.01283425
-0.01226130
-0.00954930
-0.00691369
-0.00542400
-0.00641713
-0.00859437
-0.00996947
-0.00886175
-0.00488924
-0.00084034
0.00026738
-0.00126051
0.00057296
0.00072575
0.00057296
0.00042017
0.00011459
0.00015279
-0.00011459
-0.00045837
-0.00072575
-0.00038197
0.00022918
0.00126051
0.00175707
0.00179527
0.00137510
0.00152789
0.00229183
0.00255921
0.00194806
0.00068755
-0.00003820
-0.00007639
0.00007639
0.00000000
0.00011459
-0.00336135
-0.00290299
-0.00187166
-0.00026738
0.00106952
0.00156608
0.00057296
-0.00156608
-0.00336135
-0.00320856
-0.00126051
0.00049656
0.00072575
-0.00007639
-0.00110772
-0.00175707
-0.00187166
-0.00118411
-0.00011459
0.00057296
0.00015279
-0.00133690
-0.00290299
-0.00332315
-0.00252101
0.55307692
0.55307692
0.55307692
0.55307692
0.55307692
0.55307692
0.55307692
0.55282050
0.55282050
0.55282050
0.55256414
0.55205125
0.55179489
0.55153847
0.55102569
0.55025643
0.55000001
0.55025643
0.55102569
0.55179489
0.55179489
0.55128205
0.55102569
0.55102569
0.55153847
0.00000000
0.00000000
0.00000000
0.00000000
0.00000000
0.00000000
0.00000000
0.00000000
0.00000000
0.00000000
0.00000000
0.00000000
0.00000000
0.00000000
0.00000000
0.00000000
0.00000000
0.00000000
0.00000000
0.00000000
0.00000000
0.00000000
0.00000000
0.00000000
0.00000000
0.12118957
0.12127009
0.12151936
0.12159339
0.12149358
0.12119220
0.12099108
0.12099366
0.12114779
0.12129258
0.12118713
0.12080073
0.12083720
0.12098905
0.12107727
0.12067792
0.12071898
0.12120106
0.12153251
0.12146592
0.12109279
0.12083884
0.12103073
0.12118169
0.12111856
0.00509184
0.00467397
0.00540865
0.00818936
0.01093921
0.01168022
0.00846178
0.00461444
0.00359013
0.00359074
0.00594565
0.01036397
0.01297429
0.01239226
0.00971118
0.00729526
0.00617862
0.00700937
0.00881313
0.01000956
0.00886315
0.00506930
0.00302313
0.00333389
0.00282091
0.03781023
0.03781023
0.03781023
0.03781023
0.03781023
0.03781023
0.03781023
0.03781023
0.03781023
0.03781023
0.03781023
0.03781023
0.03781023
0.03781023
0.03781023
0.03781023
0.03781023
0.03781023
0.03781023
0.03781023
0.03781023
0.03781023
0.03781023
0.03781023
0.03781023
0.06002899
0.06002899
0.06002899
0.06002899
0.06002899
0.06002899
0.06002899
0.06002899
0.06002899
0.06002899
0.06002899
0.06002899
0.06002899
0.06002899
0.06002899
0.06002899
0.06002899
0.06002899
0.06002899
0.06002899
0.06002899
0.06002899
0.06002899
0.06002899
0.06002899
0.09817523
0.09817523
0.09817523
0.09817523
0.09817523
0.09817523
0.09817523
0.09817523
0.09817523
0.09817523
0.09817523
0.09817523
0.09817523
0.09817523
0.09817523
0.09817523
0.09817523
0.09817523
0.09817523
0.09817523
0.09817523
0.09817523
0.09817523
0.09817523
0.09817523
-0.00648130
-0.00648130
-0.00648130
-0.00648130
-0.00648130
-0.00648130
-0.00648130
-0.00648130
-0.00648130
-0.00648130
-0.00648130
-0.00648130
-0.00648130
-0.00648130
-0.00648130
-0.00648130
-0.00648130
-0.00648130
-0.00648130
-0.00648130
-0.00648130
-0.00648130
-0.00648130
-0.00648130
-0.00648130
0.00065546
0.00065546
0.00065546
0.00065546
0.00065546
0.00065546
0.00065546
0.00065546
0.00065546
0.00065546
0.00065546
0.00065546
0.00065546
0.00065546
0.00065546
0.00065546
0.00065546
0.00065546
0.00065546
0.00065546
0.00065546
0.00065546
0.00065546
0.00065546
0.00065546
-0.00115356
-0.00115356
-0.00115356
-0.00115356
-0.00115356
-0.00115356
-0.00115356
-0.00115356
-0.00115356
-0.00115356
-0.00115356
-0.00115356
-0.00115356
-0.00115356
-0.00115356
-0.00115356
-0.00115356
-0.00115356
-0.00115356
-0.00115356
-0.00115356
-0.00115356
-0.00115356
-0.00115356
-0.00115356
0.55195898
0.55195898
0.55195898
0.55195898
0.55195898
0.55195898
0.55195898
0.55195898
0.55195898
0.55195898
0.55195898
0.55195898
0.55195898
0.55195898
0.55195898
0.55195898
0.55195898
0.55195898
0.55195898
0.55195898
0.55195898
0.55195898
0.55195898
0.55195898
0.55195898
0.00000000
0.00000000
0.00000000
0.00000000
0.00000000
0.00000000
0.00000000
0.00000000
0.00000000
0.00000000
0.00000000
0.00000000
0.00000000
0.00000000
0.00000000
0.00000000
0.00000000
0.00000000
0.00000000
0.00000000
0.00000000
0.00000000
0.00000000
0.00000000
0.00000000
0.12113735
0.12113735
0.12113735
0.12113735
0.12113735
0.12113735
0.12113735
0.12113735
0.12113735
0.12113735
0.12113735
0.12113735
0.12113735
0.12113735
0.12113735
0.12113735
0.12113735
0.12113735
0.12113735
0.12113735
0.12113735
0.12113735
0.12113735
0.12113735
0.12113735
0.00720176
0.00720176
0.00720176
0.00720176
0.00720176
0.00720176
0.00720176
0.00720176
0.00720176
0.00720176
0.00720176
0.00720176
0.00720176
0.00720176
0.00720176
0.00720176
0.00720176
0.00720176
0.00720176
0.00720176
0.00720176
0.00720176
0.00720176
0.00720176
0.00720176
0.00048442
0.00048442
0.00048442
0.00048442
0.00048442
0.00048442
0.00048442
0.00048442
0.00048442
0.00048442
0.00048442
0.00048442
0.00048442
0.00048442
0.00048442
0.00048442
0.00048442
0.00048442
0.00048442
0.00048442
0.00048442
0.00048442
0.00048442
0.00048442
0.00048442
0.00144520
0.00144520
0.00144520
0.00144520
0.00144520
0.00144520
0.00144520
0.00144520
0.00144520
0.00144520
0.00144520
0.00144520
0.00144520
0.00144520
0.00144520
0.00144520
0.00144520
0.00144520
0.00144520
0.00144520
0.00144520
0.00144520
0.00144520
0.00144520
0.00144520
0.00072787
0.00072787
0.00072787
0.00072787
0.00072787
0.00072787
0.00072787
0.00072787
0.00072787
0.00072787
0.00072787
0.00072787
0.00072787
0.00072787
0.00072787
0.00072787
0.00072787
0.00072787
0.00072787
0.00072787
0.00072787
0.00072787
0.00072787
0.00072787
0.00072787
0.00377944
0.00377944
0.00377944
0.00377944
0.00377944
0.00377944
0.00377944
0.00377944
0.00377944
0.00377944
0.00377944
0.00377944
0.00377944
0.00377944
0.00377944
0.00377944
0.00377944
0.00377944
0.00377944
0.00377944
0.00377944
0.00377944
0.00377944
0.00377944
0.00377944
0.00089049
0.00089049
0.00089049
0.00089049
0.00089049
0.00089049
0.00089049
0.00089049
0.00089049
0.00089049
0.00089049
0.00089049
0.00089049
0.00089049
0.00089049
0.00089049
0.00089049
0.00089049
0.00089049
0.00089049
0.00089049
0.00089049
0.00089049
0.00089049
0.00089049
0.00151750
0.00151750
0.00151750
0.00151750
0.00151750
0.00151750
0.00151750
0.00151750
0.00151750
0.00151750
0.00151750
0.00151750
0.00151750
0.00151750
0.00151750
0.00151750
0.00151750
0.00151750
0.00151750
0.00151750
0.00151750
0.00151750
0.00151750
0.00151750
0.00151750
0.00100721
0.00100721
0.00100721
0.00100721
0.00100721
0.00100721
0.00100721
0.00100721
0.00100721
0.00100721
0.00100721
0.00100721
0.00100721
0.00100721
0.00100721
0.00100721
0.00100721
0.00100721
0.00100721
0.00100721
0.00100721
0.00100721
0.00100721
0.00100721
0.00100721
0.00000000
0.00000000
0.00000000
0.00000000
0.00000000
0.00000000
0.00000000
0.00000000
0.00000000
0.00000000
0.00000000
0.00000000
0.00000000
0.00000000
0.00000000
0.00000000
0.00000000
0.00000000
0.00000000
0.00000000
0.00000000
0.00000000
0.00000000
0.00000000
0.00000000
0.00024988
0.00024988
0.00024988
0.00024988
0.00024988
0.00024988
0.00024988
0.00024988
0.00024988
0.00024988
0.00024988
0.00024988
0.00024988
0.00024988
0.00024988
0.00024988
0.00024988
0.00024988
0.00024988
0.00024988
0.00024988
0.00024988
0.00024988
0.00024988
0.00024988
0.00304666
0.00304666
0.00304666
0.00304666
0.00304666
0.00304666
0.00304666
0.00304666
0.00304666
0.00304666
0.00304666
0.00304666
0.00304666
0.00304666
0.00304666
0.00304666
0.00304666
0.00304666
0.00304666
0.00304666
0.00304666
0.00304666
0.00304666
0.00304666
0.00304666
