0.05216698
0.04962194
0.04660103
0.04295979
0.04194432
0.04066118
0.03767851
0.03659082
0.03770825
0.04346541
0.04993210
0.05431689
0.05493721
0.05263860
0.05052269
0.04885715
0.04585749
0.04236921
0.03959898
0.03894891
0.03956074
0.04046574
0.04008759
0.03821387
0.03572406
-0.00418084
-0.00145310
0.00249406
0.00532802
0.00408736
0.00137237
0.00110894
0.00279572
0.00427006
0.00477992
0.00372196
0.00175051
-0.00118117
-0.00356901
-0.00353927
-0.00127889
0.00192471
0.00383668
0.00323760
0.00113019
-0.00198420
-0.00504760
-0.00674712
-0.00633924
-0.00461846
0.11478606
0.11917934
0.12095959
0.11592473
0.11045226
0.10934333
0.11235573
0.11224525
0.10874423
0.10625018
0.11011660
0.11647708
0.11808739
0.11370260
0.10861678
0.10750782
0.11035453
0.11412749
0.11681274
0.11730134
0.11584400
0.11473507
0.11589500
0.11864398
0.12056445
0.01504969
0.02601228
0.02792214
0.01520248
0.00137510
-0.00225363
0.00126051
0.00076394
-0.00565318
-0.01776169
-0.03116890
-0.03113070
-0.03090152
-0.03013758
-0.02834231
-0.02467538
-0.02112304
-0.02631786
-0.03071054
-0.03334614
-0.03731865
-0.03663110
-0.03349893
-0.02448440
-0.01837285
0.02207797
0.02108485
0.01608101
0.00935831
0.00527121
0.00576777
0.00091673
-0.00603516
-0.01313983
-0.01520248
-0.01172654
-0.00389611
0.00485104
0.01489690
0.02631786
0.04159673
0.05225375
0.05523313
0.05190998
0.04789927
0.04740271
0.05068767
0.05504214
0.05515674
0.05126062
-0.02127583
-0.02734919
-0.02956462
-0.02303290
-0.01604282
-0.01199392
-0.00538580
0.01069521
0.02857150
0.04048901
0.03903753
0.02708181
0.00932011
-0.00771583
-0.01799087
-0.02139042
-0.01967155
-0.01459132
-0.00886175
-0.00496563
-0.00389611
-0.00576777
-0.00974028
-0.01313983
-0.01390378
0.67256415
0.67307693
0.67333335
0.67384613
0.67461538
0.67589742
0.67717952
0.67820507
0.67948723
0.68128204
0.68384618
0.68666661
0.68846154
0.68923074
0.68923074
0.68897432
0.68897432
0.68897432
0.68948722
0.68974358
0.69025642
0.69051278
0.69102567
0.69153845
0.69230771
0.00000000
0.00000000
0.00000000
0.00000000
0.00000000
0.00000000
0.00000000
0.00000000
0.00000000
0.00000000
0.00000000
0.00000000
0.00000000
0.00000000
0.00000000
0.00000000
0.00000000
0.00000000
0.00000000
0.00000000
0.00000000
0.00000000
0.00000000
0.00000000
0.00000000
0.12615353
0.12910524
0.12964991
0.12374359
0.11821902
0.11666696
0.11851038
0.11809192
0.11517575
0.11489643
0.12096584
0.12853132
0.13024639
0.12534688
0.11984437
0.11809568
0.11951876
0.12179882
0.12338467
0.12360381
0.12242885
0.12176654
0.12281771
0.12480737
0.12583053
0.03415540
0.04323410
0.04372999
0.02914117
0.01694251
0.01349815
0.00560680
0.01230424
0.03195221
0.04675418
0.05131219
0.04144544
0.03263896
0.03449240
0.04265663
0.05288396
0.05969596
0.06289861
0.06096157
0.05857442
0.06045559
0.06280401
0.06516662
0.06176088
0.05620078
0.04405718
0.04405718
0.04405718
0.04405718
0.04405718
0.04405718
0.04405718
0.04405718
0.04405718
0.04405718
0.04405718
0.04405718
0.04405718
0.04405718
0.04405718
0.04405718
0.04405718
0.04405718
0.04405718
0.04405718
0.04405718
0.04405718
0.04405718
0.04405718
0.04405718
0.00007597
0.00007597
0.00007597
0.00007597
0.00007597
0.00007597
0.00007597
0.00007597
0.00007597
0.00007597
0.00007597
0.00007597
0.00007597
0.00007597
0.00007597
0.00007597
0.00007597
0.00007597
0.00007597
0.00007597
0.00007597
0.00007597
0.00007597
0.00007597
0.00007597
0.11396112
0.11396112
0.11396112
0.11396112
0.11396112
0.11396112
0.11396112
0.11396112
0.11396112
0.11396112
0.11396112
0.11396112
0.11396112
0.11396112
0.11396112
0.11396112
0.11396112
0.11396112
0.11396112
0.11396112
0.11396112
0.11396112
0.11396112
0.11396112
0.11396112
-0.01504969
-0.01504969
-0.01504969
-0.01504969
-0.01504969
-0.01504969
-0.01504969
-0.01504969
-0.01504969
-0.01504969
-0.01504969
-0.01504969
-0.01504969
-0.01504969
-0.01504969
-0.01504969
-0.01504969
-0.01504969
-0.01504969
-0.01504969
-0.01504969
-0.01504969
-0.01504969
-0.01504969
-0.01504969
0.02340266
0.02340266
0.02340266
0.02340266
0.02340266
0.02340266
0.02340266
0.02340266
0.02340266
0.02340266
0.02340266
0.02340266
0.02340266
0.02340266
0.02340266
0.02340266
0.02340266
0.02340266
0.02340266
0.02340266
0.02340266
0.02340266
0.02340266
0.02340266
0.02340266
-0.00484340
-0.00484340
-0.00484340
-0.00484340
-0.00484340
-0.00484340
-0.00484340
-0.00484340
-0.00484340
-0.00484340
-0.00484340
-0.00484340
-0.00484340
-0.00484340
-0.00484340
-0.00484340
-0.00484340
-0.00484340
-0.00484340
-0.00484340
-0.00484340
-0.00484340
-0.00484340
-0.00484340
-0.00484340
0.68394876
0.68394876
0.68394876
0.68394876
0.68394876
0.68394876
0.68394876
0.68394876
0.68394876
0.68394876
0.68394876
0.68394876
0.68394876
0.68394876
0.68394876
0.68394876
0.68394876
0.68394876
0.68394876
0.68394876
0.68394876
0.68394876
0.68394876
0.68394876
0.68394876
0.00000000
0.00000000
0.00000000
0.00000000
0.00000000
0.00000000
0.00000000
0.00000000
0.00000000
0.00000000
0.00000000
0.00000000
0.00000000
0.00000000
0.00000000
0.00000000
0.00000000
0.00000000
0.00000000
0.00000000
0.00000000
0.00000000
0.00000000
0.00000000
0.00000000
0.12236801
0.12236801
0.12236801
0.12236801
0.12236801
0.12236801
0.12236801
0.12236801
0.12236801
0.12236801
0.12236801
0.12236801
0.12236801
0.12236801
0.12236801
0.12236801
0.12236801
0.12236801
0.12236801
0.12236801
0.12236801
0.12236801
0.12236801
0.12236801
0.12236801
0.04325067
0.04325067
0.04325067
0.04325067
0.04325067
0.04325067
0.04325067
0.04325067
0.04325067
0.04325067
0.04325067
0.04325067
0.04325067
0.04325067
0.04325067
0.04325067
0.04325067
0.04325067
0.04325067
0.04325067
0.04325067
0.04325067
0.04325067
0.04325067
0.04325067
0.00586056
0.00586056
0.00586056
0.00586056
0.00586056
0.00586056
0.00586056
0.00586056
0.00586056
0.00586056
0.00586056
0.00586056
0.00586056
0.00586056
0.00586056
0.00586056
0.00586056
0.00586056
0.00586056
0.00586056
0.00586056
0.00586056
0.00586056
0.00586056
0.00586056
0.00365854
0.00365854
0.00365854
0.00365854
0.00365854
0.00365854
0.00365854
0.00365854
0.00365854
0.00365854
0.00365854
0.00365854
0.00365854
0.00365854
0.00365854
0.00365854
0.00365854
0.00365854
0.00365854
0.00365854
0.00365854
0.00365854
0.00365854
0.00365854
0.00365854
0.00410233
0.00410233
0.00410233
0.00410233
0.00410233
0.00410233
0.00410233
0.00410233
0.00410233
0.00410233
0.00410233
0.00410233
0.00410233
0.00410233
0.00410233
0.00410233
0.00410233
0.00410233
0.00410233
0.00410233
0.00410233
0.00410233
0.00410233
0.00410233
0.00410233
0.01981087
0.01981087
0.01981087
0.01981087
0.01981087
0.01981087
0.01981087
0.01981087
0.01981087
0.01981087
0.01981087
0.01981087
0.01981087
0.01981087
0.01981087
0.01981087
0.01981087
0.01981087
0.01981087
0.01981087
0.01981087
0.01981087
0.01981087
0.01981087
0.01981087
0.02465374
0.02465374
0.02465374
0.02465374
0.02465374
0.02465374
0.02465374
0.02465374
0.02465374
0.02465374
0.02465374
0.02465374
0.02465374
0.02465374
0.02465374
0.02465374
0.02465374
0.02465374
0.02465374
0.02465374
0.02465374
0.02465374
0.02465374
0.02465374
0.02465374
0.01940762
0.01940762
0.01940762
0.01940762
0.01940762
0.01940762
0.01940762
0.01940762
0.01940762
0.01940762
0.01940762
0.01940762
0.01940762
0.01940762
0.01940762
0.01940762
0.01940762
0.01940762
0.01940762
0.01940762
0.01940762
0.01940762
0.01940762
0.01940762
0.01940762
0.00694071
0.00694071
0.00694071
0.00694071
0.00694071
0.00694071
0.00694071
0.00694071
0.00694071
0.00694071
0.00694071
0.00694071
0.00694071
0.00694071
0.00694071
0.00694071
0.00694071
0.00694071
0.00694071
0.00694071
0.00694071
0.00694071
0.00694071
0.00694071
0.00694071
0.00000000
0.00000000
0.00000000
0.00000000
0.00000000
0.00000000
0.00000000
0.00000000
0.00000000
0.00000000
0.00000000
0.00000000
0.00000000
0.00000000
0.00000000
0.00000000
0.00000000
0.00000000
0.00000000
0.00000000
0.00000000
0.00000000
0.00000000
0.00000000
0.00000000
0.00433636
0.00433636
0.00433636
0.00433636
0.00433636
0.00433636
0.00433636
0.00433636
0.00433636
0.00433636
0.00433636
0.00433636
0.00433636
0.00433636
0.00433636
0.00433636
0.00433636
0.00433636
0.00433636
0.00433636
0.00433636
0.00433636
0.00433636
0.00433636
0.00433636
0.01743413
0.01743413
0.01743413
0.01743413
0.01743413
0.01743413
0.01743413
0.01743413
0.01743413
0.01743413
0.01743413
0.01743413
0.01743413
0.01743413
0.01743413
0.01743413
0.01743413
0.01743413
0.01743413
0.01743413
0.01743413
0.01743413
0.01743413
0.01743413
0.01743413
