2682158,6.290,7.108,2.356,-0.088,0.050,-0.052,1671,0,0
2682177,6.275,7.154,2.380,-0.110,0.046,-0.050,1673,0,0
2682197,6.218,7.178,2.416,-0.074,0.043,-0.048,1672,0,0
2682217,6.117,7.305,2.456,-0.050,0.032,-0.038,1672,0,0
2682238,6.045,7.405,2.473,-0.054,0.020,-0.018,1672,0,0
2682258,6.031,7.386,2.425,-0.089,0.018,-0.010,1672,0,0
2682277,6.033,7.336,2.456,-0.090,0.012,-0.003,1671,0,0
2682297,6.100,7.336,2.385,-0.072,0.011,0.011,1672,0,0
2682317,6.158,7.274,2.377,-0.093,0.011,0.025,1672,0,0
2682337,6.191,7.183,2.476,-0.098,0.012,0.032,1672,0,0
2682357,6.220,7.111,2.523,-0.069,0.003,0.031,1673,0,0
2682377,6.213,7.094,2.461,-0.056,-0.015,0.032,1672,0,0
2682397,6.208,7.015,2.346,-0.079,-0.024,0.028,1672,0,0
2682417,6.227,6.879,2.356,-0.081,-0.014,0.018,1672,0,0
2682438,6.227,6.859,2.363,-0.061,-0.001,0.001,1670,0,0
2682457,6.199,6.902,2.387,-0.052,-0.004,-0.019,1671,0,0
2682478,6.242,6.938,2.325,-0.071,-0.009,-0.032,1672,0,0
2682498,6.278,6.950,2.303,-0.069,-0.002,-0.039,1671,0,0
2682517,6.270,7.027,2.320,-0.046,0.006,-0.046,1672,0,0
2682537,6.246,7.199,2.334,-0.027,0.013,-0.044,1672,0,0
2682558,6.163,7.281,2.308,-0.047,0.011,-0.034,1673,0,0
2682577,6.127,7.295,2.322,-0.048,0.004,-0.023,1669,0,0
2682597,6.105,7.341,2.334,-0.035,0.002,-0.017,1671,0,0
2682617,6.105,7.405,2.298,-0.026,0.002,-0.006,1671,0,0
2682638,6.096,7.405,2.270,-0.031,0.007,0.015,1673,0,0
2682658,6.110,7.331,2.255,-0.051,0.010,0.030,1671,0,0
2682677,6.177,7.250,2.277,-0.052,0.010,0.036,1671,0,0
2682697,6.191,7.180,2.394,-0.055,0.013,0.040,1671,0,0
2682718,6.206,7.116,2.459,-0.059,0.003,0.042,1670,0,0
2682738,6.215,7.049,2.377,-0.052,-0.007,0.032,1671,0,0
2682758,6.230,7.003,2.344,-0.042,-0.007,0.028,1670,0,0
2682777,6.208,6.919,2.399,-0.037,-0.002,0.017,1671,0,0
2682798,6.232,6.891,2.346,-0.035,-0.014,0.001,1672,0,0
2682817,6.266,6.893,2.274,-0.052,-0.018,-0.011,1670,0,0
2682837,6.280,6.898,2.217,-0.060,-0.009,-0.024,1671,0,0
2682857,6.311,6.950,2.207,-0.039,0.003,-0.035,1670,0,0
2682878,6.261,7.063,2.215,-0.031,0.011,-0.039,1671,0,0
2682897,6.218,7.166,2.198,-0.033,0.001,-0.045,1670,0,0
2682917,6.182,7.348,2.160,-0.048,-0.013,-0.041,1670,0,0
2682938,6.163,7.427,2.119,-0.060,-0.003,-0.019,1670,0,0
2682957,6.108,7.427,2.088,-0.055,0.019,0.003,1670,0,0
2682978,6.079,7.403,2.081,-0.040,0.026,0.016,1669,0,0
2682997,6.124,7.398,2.047,-0.056,0.032,0.034,1671,0,0
2683017,6.177,7.264,2.124,-0.093,0.044,0.048,1670,0,0
2683037,6.227,7.123,2.265,-0.099,0.048,0.048,1670,0,0
2683057,6.268,7.046,2.279,-0.080,0.042,0.043,1670,0,0
2683078,6.323,7.070,2.356,-0.062,0.043,0.044,1670,0,0
2683097,6.302,7.017,2.476,-0.083,0.041,0.041,1670,0,0
2683117,6.275,6.898,2.538,-0.079,0.015,0.031,1671,0,0
2683137,6.290,6.823,2.449,-0.075,-0.003,0.018,1671,0,0
2683157,6.292,6.771,2.387,-0.087,-0.003,0.000,1670,0,0
2683178,6.304,6.725,2.342,-0.079,0.005,-0.020,1670,0,0
2683197,6.299,6.776,2.322,-0.054,0.013,-0.045,1670,0,0
2683217,6.297,6.881,2.272,-0.061,0.018,-0.063,1670,0,0
2683237,6.292,7.032,2.282,-0.068,0.020,-0.070,1670,0,0
2683257,6.275,7.149,2.363,-0.071,0.017,-0.071,1670,0,0
2683277,6.218,7.283,2.354,-0.056,0.003,-0.062,1671,0,0
2683297,6.158,7.448,2.286,-0.028,-0.006,-0.046,1669,0,0
2683318,6.134,7.530,2.277,-0.050,0.001,-0.021,1669,0,0
2683337,6.084,7.453,2.231,-0.068,0.006,0.002,1671,0,0
2683357,6.074,7.379,2.164,-0.067,0.000,0.020,1670,0,0
2683378,6.160,7.274,2.140,-0.093,0.009,0.035,1670,0,0
2683398,6.225,7.113,2.174,-0.090,0.027,0.036,1670,0,0
2683418,6.235,7.065,2.193,-0.057,0.036,0.029,1670,0,0
2683437,6.273,7.092,2.260,-0.060,0.032,0.027,1670,0,0
2683458,6.290,7.053,2.392,-0.082,0.033,0.034,1671,0,0
2683478,6.261,6.962,2.468,-0.063,0.027,0.027,1670,0,0
2683497,6.225,6.953,2.440,-0.047,0.011,0.016,1670,0,0
2683517,6.225,6.946,2.356,-0.066,0.015,0.009,1670,0,0
2683538,6.242,6.874,2.392,-0.078,0.020,-0.001,1671,0,0
2683557,6.280,6.828,2.399,-0.060,0.014,-0.021,1670,0,0
2683578,6.309,6.922,2.289,-0.051,0.014,-0.038,1670,0,0
2683597,6.309,6.998,2.251,-0.054,0.019,-0.044,1670,0,0
2683617,6.316,7.120,2.318,-0.034,0.026,-0.042,1670,0,0
2683637,6.251,7.238,2.365,-0.027,0.027,-0.036,1669,0,0
2683657,6.199,7.360,2.365,-0.044,0.007,-0.027,1670,0,0
2683677,6.167,7.386,2.344,-0.055,-0.007,-0.006,1670,0,0
2683698,6.177,7.333,2.284,-0.055,-0.003,0.012,1671,0,0
2683717,6.158,7.252,2.255,-0.041,0.006,0.023,1670,0,0
2683738,6.155,7.202,2.224,-0.043,0.010,0.028,1670,0,0
2683757,6.220,7.163,2.267,-0.076,0.011,0.030,1669,0,0
2683778,6.270,7.058,2.361,-0.079,0.015,0.030,1669,0,0
2683798,6.294,7.003,2.401,-0.060,0.008,0.022,1670,0,0
2683817,6.328,7.032,2.361,-0.046,0.001,0.021,1671,0,0
2683838,6.299,7.015,2.354,-0.062,-0.006,0.019,1670,0,0
2683857,6.273,6.960,2.349,-0.061,-0.019,0.014,1670,0,0
2683878,6.275,6.869,2.315,-0.069,-0.016,0.003,1670,0,0
2683898,6.282,6.821,2.298,-0.066,-0.013,-0.017,1670,0,0
2683917,6.287,6.845,2.234,-0.055,-0.003,-0.035,1670,0,0
2683937,6.299,6.919,2.224,-0.048,0.004,-0.044,1670,0,0
2683958,6.311,7.022,2.253,-0.050,0.009,-0.046,1670,0,0
2683977,6.314,7.144,2.277,-0.057,0.007,-0.047,1670,0,0
2683997,6.268,7.235,2.294,-0.059,-0.003,-0.043,1670,0,0
2684017,6.230,7.276,2.253,-0.052,-0.006,-0.026,1670,0,0
2684037,6.184,7.266,2.236,-0.046,0.000,-0.016,1669,0,0
2684057,6.148,7.288,2.169,-0.043,0.008,-0.010,1670,0,0
2684077,6.148,7.278,2.143,-0.049,0.008,0.001,1670,0,0
2684097,6.203,7.257,2.152,-0.078,0.018,0.013,1670,0,0
2684117,6.244,7.163,2.239,-0.073,0.027,0.017,1671,0,0
2684137,6.278,7.144,2.274,-0.056,0.026,0.019,1671,0,0
2684157,6.302,7.137,2.313,-0.058,0.020,0.024,1670,0,0
2684177,6.292,7.096,2.394,-0.065,0.010,0.029,1669,0,0
2684198,6.302,7.032,2.401,-0.070,-0.003,0.026,1669,0,0
2684217,6.258,6.922,2.342,-0.061,-0.009,0.019,1670,0,0
2684238,6.251,6.831,2.274,-0.059,-0.011,0.002,1669,0,0
2684257,6.294,6.845,2.222,-0.058,-0.005,-0.017,1670,0,0
2684277,6.347,6.869,2.167,-0.068,0.010,-0.031,1670,0,0
2684297,6.340,6.886,2.227,-0.065,0.025,-0.040,1669,0,0
2684317,6.369,6.977,2.251,-0.056,0.024,-0.048,1670,0,0
2684337,6.359,7.092,2.274,-0.059,0.015,-0.054,1670,0,0
2684357,6.273,7.195,2.291,-0.054,0.005,-0.048,1670,0,0
2684377,6.196,7.309,2.303,-0.033,-0.001,-0.037,1670,0,0
2684398,6.132,7.420,2.205,-0.039,0.001,-0.022,1670,0,0
2684417,6.127,7.420,2.215,-0.059,0.011,-0.002,1670,0,0
2684437,6.151,7.319,2.181,-0.076,0.011,0.019,1670,0,0
2684457,6.211,7.166,2.184,-0.088,0.013,0.021,1670,0,0
2684478,6.261,7.070,2.167,-0.079,0.018,0.018,1670,0,0
2684497,6.280,7.049,2.188,-0.061,0.026,0.015,1670,0,0
2684518,6.282,7.068,2.248,-0.068,0.025,0.014,1671,0,0
2684537,6.282,7.051,2.327,-0.070,0.020,0.013,1670,0,0
2684557,6.290,7.041,2.337,-0.071,0.015,0.010,1669,0,0
2684577,6.256,6.993,2.337,-0.076,0.011,0.006,1670,0,0
2684598,6.235,6.914,2.277,-0.080,0.012,-0.001,1670,0,0
2684617,6.263,6.862,2.286,-0.062,0.011,-0.018,1670,0,0
2684637,6.278,6.922,2.229,-0.067,0.020,-0.034,1670,0,0
2684657,6.318,6.970,2.260,-0.076,0.034,-0.039,1670,0,0
2684677,6.306,7.025,2.303,-0.070,0.031,-0.041,1670,0,0
2684697,6.309,7.116,2.301,-0.067,0.025,-0.045,1670,0,0
2684717,6.256,7.187,2.294,-0.071,0.019,-0.041,1671,0,0
2684738,6.194,7.271,2.308,-0.054,0.021,-0.031,1671,0,0
2684757,6.134,7.331,2.258,-0.045,0.021,-0.021,1671,0,0
2684777,6.129,7.381,2.222,-0.053,0.018,-0.008,1672,0,0
2684798,6.153,7.367,2.164,-0.081,0.024,0.014,1671,0,0
2684817,6.206,7.214,2.251,-0.091,0.037,0.025,1672,0,0
2684837,6.263,7.123,2.318,-0.072,0.038,0.027,1673,0,0
2684858,6.282,7.075,2.337,-0.058,0.031,0.024,1671,0,0
2684877,6.287,7.072,2.361,-0.067,0.022,0.022,1671,0,0
2684897,6.302,7.046,2.392,-0.070,0.019,0.021,1672,0,0
2684918,6.261,6.955,2.440,-0.064,0.018,0.017,1671,0,0
2684938,6.235,6.905,2.377,-0.056,0.010,0.003,1671,0,0
2684957,6.249,6.871,2.279,-0.067,0.010,-0.009,1671,0,0
2684978,6.290,6.838,2.296,-0.079,0.021,-0.023,1670,0,0
2684997,6.311,6.821,2.363,-0.069,0.027,-0.038,1670,0,0
2685018,6.328,6.941,2.375,-0.058,0.016,-0.057,1671,0,0
2685037,6.342,7.113,2.337,-0.043,0.007,-0.062,1670,0,0
2685058,6.282,7.223,2.303,-0.043,0.010,-0.051,1670,0,0
2685077,6.211,7.331,2.306,-0.043,0.004,-0.032,1670,0,0
2685097,6.153,7.353,2.241,-0.050,-0.001,-0.018,1670,0,0
2685117,6.081,7.353,2.200,-0.062,0.004,-0.007,1670,0,0
2685138,6.096,7.305,2.157,-0.060,0.017,0.006,1669,0,0
2685157,6.115,7.250,2.229,-0.066,0.026,0.013,1670,0,0
2685177,6.201,7.183,2.265,-0.065,0.027,0.016,1670,0,0
2685197,6.230,7.156,2.253,-0.073,0.031,0.022,1669,0,0
2685218,6.290,7.061,2.354,-0.074,0.030,0.024,1669,0,0
2685237,6.292,7.027,2.428,-0.066,0.023,0.022,1670,0,0
2685257,6.290,7.013,2.461,-0.064,0.008,0.019,1670,0,0
2685277,6.249,6.934,2.394,-0.071,-0.006,0.013,1671,0,0
2685297,6.258,6.874,2.339,-0.070,-0.006,-0.002,1669,0,0
2685317,6.263,6.838,2.349,-0.064,0.008,-0.018,1670,0,0
2685338,6.249,6.859,2.322,-0.073,0.004,-0.037,1671,0,0
2685357,6.254,6.919,2.253,-0.055,0.005,-0.053,1671,0,0
2685377,6.311,7.044,2.205,-0.053,0.005,-0.056,1671,0,0
2685398,6.342,7.082,2.301,-0.080,0.018,-0.056,1671,0,0
2685418,6.261,7.173,2.289,-0.038,0.015,-0.059,1670,0,0
2685437,6.187,7.362,2.270,-0.030,0.011,-0.047,1671,0,0
2685458,6.084,7.429,2.222,-0.057,0.010,-0.026,1671,0,0
2685477,6.062,7.434,2.200,-0.057,0.013,-0.006,1671,0,0
2685497,6.057,7.422,2.222,-0.065,0.024,0.014,1671,0,0
2685517,6.103,7.307,2.279,-0.083,0.032,0.021,1672,0,0
2685537,6.158,7.262,2.294,-0.067,0.034,0.028,1671,0,0
2685557,6.211,7.223,2.368,-0.071,0.034,0.038,1671,0,0
2685577,6.278,7.108,2.454,-0.076,0.025,0.040,1670,0,0
2685597,6.278,7.039,2.444,-0.070,0.013,0.038,1672,0,0
2685617,6.290,6.974,2.435,-0.072,0.001,0.032,1670,0,0
2685637,6.316,6.871,2.392,-0.074,-0.002,0.024,1671,0,0
2685657,6.299,6.797,2.425,-0.065,0.005,0.012,1672,0,0
2685677,6.246,6.785,2.404,-0.065,-0.003,-0.011,1670,0,0
2685697,6.278,6.821,2.337,-0.059,-0.010,-0.032,1670,0,0
2685717,6.306,6.886,2.255,-0.071,-0.008,-0.049,1671,0,0
2685737,6.318,6.962,2.227,-0.058,0.007,-0.056,1670,0,0
2685757,6.285,7.132,2.284,-0.035,0.011,-0.057,1671,0,0
2685777,6.227,7.293,2.267,-0.044,0.004,-0.054,1672,0,0
2685797,6.163,7.379,2.255,-0.056,-0.003,-0.035,1671,0,0
2685817,6.136,7.396,2.200,-0.053,0.006,-0.015,1670,0,0
2685837,6.096,7.367,2.236,-0.058,0.018,0.000,1670,0,0
2685857,6.096,7.350,2.191,-0.053,0.021,0.011,1672,0,0
2685878,6.139,7.288,2.150,-0.066,0.025,0.025,1672,0,0
2685897,6.223,7.190,2.234,-0.083,0.036,0.034,1671,0,0
2685917,6.261,7.099,2.298,-0.075,0.043,0.035,1672,0,0
2685937,6.282,7.068,2.394,-0.065,0.033,0.032,1672,0,0
2685957,6.285,7.046,2.430,-0.066,0.013,0.031,1672,0,0
2685977,6.278,6.960,2.449,-0.076,0.014,0.032,1671,0,0
2685997,6.256,6.893,2.488,-0.056,0.011,0.017,1672,0,0
2686017,6.227,6.912,2.459,-0.054,0.003,0.004,1671,0,0
2686038,6.223,6.850,2.392,-0.083,-0.001,-0.011,1671,0,0
2686057,6.273,6.804,2.382,-0.078,0.003,-0.030,1672,0,0
2686077,6.287,6.919,2.320,-0.053,0.004,-0.044,1673,0,0
2686097,6.304,7.082,2.303,-0.076,-0.003,-0.044,1673,0,0
2686117,6.333,7.082,2.303,-0.116,-0.004,-0.041,1671,0,0
2686137,6.309,7.099,2.294,-0.046,0.002,-0.043,1673,0,0
2686157,6.215,7.264,2.222,-0.003,0.011,-0.038,1670,0,0
2686177,6.141,7.345,2.157,-0.020,0.012,-0.025,1671,0,0
2686197,6.108,7.365,2.179,-0.049,0.016,-0.012,1672,0,0
2686218,6.129,7.369,2.195,-0.067,0.028,0.005,1671,0,0
2686238,6.136,7.312,2.203,-0.074,0.037,0.024,1671,0,0
2686257,6.179,7.192,2.265,-0.087,0.040,0.030,1673,0,0
2686277,6.258,7.099,2.322,-0.070,0.040,0.029,1672,0,0
2686297,6.278,7.084,2.418,-0.056,0.039,0.028,1672,0,0
2686317,6.290,7.041,2.413,-0.066,0.028,0.026,1672,0,0
2686338,6.285,6.965,2.473,-0.077,0.017,0.025,1671,0,0
2686357,6.280,6.895,2.466,-0.082,0.013,0.017,1672,0,0
2686377,6.263,6.843,2.468,-0.061,0.009,0.001,1672,0,0
2686398,6.266,6.833,2.444,-0.047,0.003,-0.017,1670,0,0
2686417,6.266,6.843,2.368,-0.072,-0.001,-0.032,1672,0,0
2686438,6.302,6.876,2.306,-0.071,-0.001,-0.045,1672,0,0
2686457,6.337,6.967,2.313,-0.060,0.006,-0.054,1670,0,0
2686477,6.285,7.116,2.349,-0.049,0.005,-0.060,1671,0,0
2686497,6.225,7.238,2.334,-0.032,-0.002,-0.054,1671,0,0
2686518,6.175,7.341,2.270,-0.043,-0.009,-0.040,1671,0,0
2686537,6.139,7.400,2.272,-0.056,-0.005,-0.023,1672,0,0
2686557,6.100,7.384,2.236,-0.059,0.003,-0.004,1672,0,0
2686578,6.105,7.324,2.179,-0.059,0.009,0.009,1672,0,0
2686597,6.167,7.266,2.198,-0.068,0.014,0.019,1672,0,0
2686618,6.203,7.168,2.217,-0.082,0.023,0.024,1673,0,0
2686638,6.251,7.135,2.291,-0.067,0.025,0.028,1672,0,0
2686658,6.282,7.116,2.358,-0.068,0.026,0.033,1673,0,0
2686677,6.280,7.015,2.433,-0.081,0.016,0.030,1673,0,0
2686697,6.316,6.981,2.435,-0.067,-0.003,0.023,1672,0,0
2686717,6.297,6.965,2.380,-0.074,-0.007,0.016,1672,0,0
2686737,6.232,6.857,2.389,-0.074,-0.001,0.006,1672,0,0
2686757,6.237,6.792,2.349,-0.060,0.000,-0.012,1673,0,0
2686777,6.273,6.826,2.332,-0.070,0.002,-0.033,1673,0,0
2686797,6.314,6.857,2.315,-0.086,0.003,-0.048,1672,0,0
2686817,6.349,6.929,2.253,-0.065,0.010,-0.056,1672,0,0
2686837,6.325,7.049,2.289,-0.053,0.011,-0.060,1671,0,0
2686857,6.294,7.192,2.231,-0.055,0.014,-0.055,1671,0,0
2686877,6.203,7.290,2.210,-0.069,0.018,-0.042,1672,0,0
2686897,6.144,7.314,2.157,-0.048,0.019,-0.030,1671,0,0
2686918,6.093,7.396,2.162,-0.046,0.030,-0.013,1671,0,0
2686937,6.072,7.350,2.200,-0.078,0.041,0.001,1672,0,0
2686958,6.088,7.274,2.258,-0.087,0.045,0.011,1672,0,0
2686977,6.167,7.230,2.291,-0.083,0.051,0.015,1671,0,0
2686997,6.208,7.144,2.373,-0.084,0.059,0.022,1672,0,0
2687018,6.249,7.082,2.437,-0.081,0.054,0.021,1674,0,0
2687038,6.268,7.068,2.543,-0.086,0.034,0.021,1671,0,0
2687058,6.292,7.013,2.581,-0.094,0.025,0.023,1671,0,0
2687077,6.242,6.886,2.552,-0.095,0.011,0.015,1672,0,0
2687097,6.203,6.826,2.514,-0.074,-0.004,-0.004,1671,0,0
2687117,6.227,6.843,2.409,-0.076,-0.002,-0.022,1671,0,0
2687137,6.249,6.852,2.382,-0.085,0.008,-0.037,1671,0,0
2687158,6.273,6.883,2.413,-0.082,0.012,-0.051,1670,0,0
2687177,6.311,6.974,2.416,-0.076,0.011,-0.060,1671,0,0
2687197,6.314,7.128,2.404,-0.070,0.012,-0.061,1671,0,0
2687217,6.249,7.238,2.413,-0.052,0.008,-0.054,1671,0,0
2687237,6.187,7.345,2.375,-0.043,-0.003,-0.041,1671,0,0
2687257,6.136,7.424,2.270,-0.053,-0.007,-0.021,1672,0,0
2687277,6.096,7.391,2.224,-0.074,0.001,-0.001,1671,0,0
2687298,6.048,7.312,2.227,-0.058,0.022,0.018,1671,0,0
2687318,6.043,7.252,2.255,-0.054,0.031,0.025,1672,0,0
2687337,6.153,7.195,2.279,-0.071,0.036,0.027,1672,0,0
2687358,6.203,7.116,2.394,-0.084,0.045,0.032,1672,0,0
2687377,6.244,7.053,2.514,-0.057,0.044,0.030,1672,0,0
2687397,6.270,7.058,2.602,-0.049,0.024,0.025,1672,0,0
2687418,6.285,7.015,2.583,-0.074,0.010,0.026,1670,0,0
2687437,6.316,6.871,2.593,-0.078,0.007,0.021,1672,0,0
2687457,6.263,6.737,2.533,-0.047,-0.006,0.000,1671,0,0
2687478,6.237,6.752,2.421,-0.043,-0.015,-0.026,1673,0,0
2687498,6.263,6.835,2.325,-0.067,-0.015,-0.044,1672,0,0
2687518,6.287,6.831,2.334,-0.066,0.003,-0.058,1672,0,0
2687538,6.254,6.991,2.356,-0.034,0.011,-0.071,1673,0,0
2687557,6.237,7.230,2.346,-0.028,0.004,-0.070,1673,0,0
2687577,6.215,7.367,2.339,-0.058,0.002,-0.048,1673,0,0
2687598,6.134,7.427,2.392,-0.055,0.005,-0.026,1671,0,0
2687617,6.086,7.458,2.454,-0.034,-0.002,-0.011,1671,0,0
2687637,6.057,7.475,2.385,-0.057,-0.010,0.012,1671,0,0
2687657,6.091,7.290,2.306,-0.090,-0.008,0.030,1672,0,0
2687678,6.184,7.108,2.236,-0.069,0.003,0.031,1672,0,0
2687697,6.218,7.037,2.246,-0.058,0.019,0.025,1672,0,0
2687717,6.249,7.020,2.313,-0.070,0.019,0.022,1671,0,0
2687737,6.287,7.003,2.354,-0.077,0.014,0.019,1672,0,0
2687757,6.304,6.926,2.456,-0.082,0.016,0.017,1672,0,0
2687778,6.249,6.929,2.552,-0.067,0.010,0.001,1673,0,0
2687797,6.208,6.984,2.504,-0.047,-0.007,-0.007,1671,0,0
2687817,6.223,6.977,2.421,-0.075,-0.014,-0.008,1672,0,0
2687838,6.251,6.891,2.404,-0.083,-0.006,-0.018,1672,0,0
2687857,6.232,6.893,2.356,-0.065,-0.004,-0.036,1672,0,0
2687877,6.254,6.981,2.318,-0.057,-0.003,-0.045,1672,0,0
2687898,6.263,7.044,2.337,-0.068,0.006,-0.046,1672,0,0
2687917,6.242,7.118,2.351,-0.051,0.014,-0.048,1672,0,0
2687937,6.201,7.259,2.377,-0.031,0.006,-0.047,1672,0,0
2687957,6.148,7.367,2.358,-0.043,0.001,-0.032,1672,0,0
2687978,6.122,7.386,2.375,-0.055,0.004,-0.015,1672,0,0
2687997,6.120,7.391,2.361,-0.042,0.011,0.001,1671,0,0
2688017,6.158,7.355,2.332,-0.042,0.010,0.019,1672,0,0
2688038,6.153,7.238,2.294,-0.075,0.005,0.034,1672,0,0
2688057,6.206,7.068,2.301,-0.069,0.005,0.035,1671,0,0
2688077,6.261,7.022,2.310,-0.044,0.011,0.027,1672,0,0
2688097,6.251,7.039,2.421,-0.045,0.014,0.021,1671,0,0
2688117,6.244,7.017,2.421,-0.055,-0.000,0.019,1670,0,0
2688137,6.254,6.993,2.435,-0.053,-0.007,0.017,1671,0,0
2688157,6.270,6.938,2.442,-0.052,-0.004,0.010,1672,0,0
2688177,6.225,6.886,2.442,-0.047,-0.010,-0.003,1672,0,0
2688197,6.218,6.893,2.361,-0.050,-0.018,-0.022,1671,0,0
2688217,6.239,6.917,2.296,-0.054,-0.017,-0.036,1671,0,0
2688238,6.251,7.001,2.267,-0.044,0.000,-0.043,1670,0,0
2688257,6.232,7.082,2.320,-0.040,0.006,-0.047,1671,0,0
2688277,6.249,7.207,2.294,-0.043,-0.003,-0.046,1671,0,0
2688298,6.230,7.321,2.308,-0.048,-0.006,-0.033,1671,0,0
2688318,6.182,7.341,2.289,-0.049,-0.004,-0.012,1672,0,0
2688337,6.139,7.329,2.246,-0.041,-0.007,0.000,1671,0,0
2688357,6.153,7.317,2.133,-0.047,-0.009,0.010,1671,0,0
2688377,6.155,7.245,2.081,-0.060,0.004,0.018,1671,0,0
2688397,6.230,7.144,2.148,-0.064,0.020,0.024,1671,0,0
2688417,6.256,7.089,2.181,-0.059,0.031,0.026,1671,0,0
2688437,6.290,7.053,2.246,-0.063,0.034,0.023,1671,0,0
2688458,6.254,7.027,2.356,-0.071,0.026,0.018,1674,0,0
2688477,6.275,7.003,2.373,-0.067,0.015,0.013,1672,0,0
2688497,6.268,6.970,2.368,-0.067,0.007,0.004,1672,0,0
2688518,6.263,6.950,2.356,-0.065,0.010,-0.003,1672,0,0
2688538,6.246,6.919,2.344,-0.064,0.014,-0.012,1672,0,0
2688557,6.225,6.902,2.320,-0.074,0.014,-0.027,1672,0,0
2688577,6.261,6.919,2.291,-0.076,0.011,-0.041,1670,0,0
2688598,6.290,6.950,2.291,-0.074,0.021,-0.053,1671,0,0
2688618,6.278,7.034,2.260,-0.056,0.022,-0.060,1672,0,0
2688637,6.278,7.223,2.294,-0.051,0.022,-0.055,1672,0,0
2688658,6.215,7.307,2.327,-0.061,0.019,-0.042,1672,0,0
2688677,6.163,7.415,2.298,-0.058,0.013,-0.024,1672,0,0
2688697,6.117,7.436,2.270,-0.062,0.010,-0.006,1671,0,0
2688718,6.067,7.384,2.253,-0.064,0.014,0.013,1670,0,0
2688737,6.067,7.324,2.210,-0.059,0.018,0.022,1671,0,0
2688757,6.103,7.262,2.258,-0.084,0.028,0.031,1671,0,0
2688777,6.213,7.123,2.277,-0.098,0.036,0.034,1672,0,0
2688798,6.235,6.998,2.358,-0.080,0.035,0.029,1673,0,0
2688817,6.314,6.998,2.442,-0.068,0.025,0.023,1672,0,0
2688837,6.323,6.958,2.440,-0.078,0.018,0.016,1672,0,0
2688858,6.287,6.905,2.440,-0.074,0.007,0.009,1672,0,0
2688877,6.287,6.881,2.423,-0.067,0.003,-0.001,1672,0,0
2688898,6.251,6.876,2.399,-0.064,0.004,-0.015,1672,0,0
2688917,6.239,6.871,2.351,-0.066,0.006,-0.032,1672,0,0
2688938,6.254,6.914,2.327,-0.054,0.009,-0.048,1673,0,0
2688958,6.261,7.046,2.325,-0.053,0.016,-0.055,1674,0,0
2688977,6.273,7.163,2.332,-0.044,0.020,-0.050,1673,0,0
2688997,6.225,7.271,2.375,-0.050,0.018,-0.040,1673,0,0
2689017,6.182,7.348,2.354,-0.050,0.005,-0.033,1674,0,0
2689037,6.136,7.403,2.330,-0.039,-0.000,-0.019,1674,0,0
2689057,6.122,7.415,2.318,-0.039,0.006,0.004,1673,0,0
2689078,6.127,7.331,2.303,-0.045,0.014,0.022,1672,0,0
2689098,6.165,7.257,2.313,-0.060,0.010,0.027,1673,0,0
2689117,6.227,7.135,2.342,-0.073,0.008,0.035,1673,0,0
2689137,6.246,6.996,2.365,-0.064,0.001,0.030,1674,0,0
2689158,6.273,6.970,2.387,-0.043,-0.006,0.022,1674,0,0
2689178,6.282,7.001,2.361,-0.048,-0.006,0.015,1674,0,0
2689197,6.278,6.989,2.411,-0.048,-0.010,0.014,1674,0,0
2689218,6.258,6.958,2.387,-0.048,-0.020,0.004,1673,0,0
2689237,6.244,6.898,2.337,-0.060,-0.026,-0.007,1674,0,0
2689257,6.235,6.871,2.267,-0.054,-0.021,-0.020,1674,0,0
2689277,6.263,6.905,2.224,-0.047,-0.010,-0.034,1674,0,0
2689297,6.280,6.941,2.186,-0.044,-0.005,-0.048,1675,0,0
2689318,6.306,7.070,2.162,-0.053,-0.001,-0.054,1671,0,0
2689337,6.287,7.207,2.179,-0.042,0.007,-0.051,1673,0,0
2689357,6.237,7.345,2.229,-0.043,0.013,-0.038,1675,0,0
2689377,6.127,7.405,2.231,-0.039,0.009,-0.022,1674,0,0
2689398,6.086,7.439,2.195,-0.041,0.003,-0.006,1674,0,0
2689418,6.088,7.410,2.184,-0.051,0.008,0.011,1675,0,0
2689437,6.105,7.333,2.164,-0.063,0.013,0.026,1673,0,0
2689458,6.189,7.219,2.152,-0.061,0.021,0.038,1672,0,0
2689477,6.275,7.101,2.167,-0.074,0.032,0.038,1672,0,0
2689497,6.309,7.015,2.253,-0.069,0.036,0.032,1673,0,0
2689517,6.330,6.972,2.310,-0.065,0.032,0.025,1674,0,0
2689538,6.333,6.943,2.332,-0.066,0.024,0.019,1676,0,0
2689557,6.290,6.929,2.356,-0.060,0.013,0.009,1674,0,0
2689577,6.268,6.924,2.380,-0.058,0.012,-0.002,1676,0,0
2689597,6.206,6.886,2.356,-0.071,0.011,-0.013,1674,0,0
2689617,6.244,6.859,2.322,-0.066,0.012,-0.027,1673,0,0
2689637,6.268,6.876,2.320,-0.080,0.018,-0.045,1673,0,0
2689657,6.314,6.924,2.332,-0.081,0.020,-0.058,1673,0,0
2689677,6.342,7.046,2.368,-0.062,0.012,-0.065,1673,0,0
2689698,6.349,7.178,2.265,-0.058,-0.002,-0.065,1673,0,0
2689718,6.273,7.336,2.198,-0.035,-0.010,-0.054,1674,0,0
2689737,6.175,7.441,2.126,-0.034,-0.010,-0.030,1674,0,0
2689758,6.091,7.470,2.131,-0.051,0.000,-0.009,1671,0,0
2689777,6.050,7.417,2.083,-0.074,0.007,0.010,1673,0,0
2689798,6.081,7.283,2.102,-0.081,0.023,0.019,1673,0,0
2689817,6.103,7.173,2.126,-0.086,0.031,0.019,1673,0,0
2689837,6.220,7.166,2.174,-0.076,0.035,0.020,1672,0,0
2689857,6.270,7.161,2.260,-0.074,0.044,0.021,1672,0,0
2689878,6.285,7.094,2.354,-0.080,0.041,0.028,1672,0,0
2689897,6.290,7.037,2.399,-0.080,0.031,0.027,1673,0,0
2689918,6.263,6.946,2.418,-0.095,0.020,0.018,1675,0,0
2689938,6.249,6.831,2.377,-0.087,0.018,0.007,1673,0,0
2689957,6.230,6.756,2.382,-0.067,0.023,-0.015,1673,0,0
2689977,6.244,6.792,2.354,-0.066,0.021,-0.043,1671,0,0
2689997,6.273,6.883,2.294,-0.076,0.021,-0.059,1673,0,0
2690017,6.311,6.984,2.313,-0.069,0.027,-0.069,1672,0,0
2690037,6.294,7.163,2.370,-0.059,0.025,-0.067,1673,0,0
2690057,6.237,7.343,2.325,-0.044,0.016,-0.056,1673,0,0
2690077,6.153,7.453,2.310,-0.057,0.013,-0.034,1673,0,0
2690098,6.065,7.453,2.363,-0.067,0.011,-0.013,1673,0,0
2690117,6.012,7.420,2.277,-0.047,0.008,-0.001,1673,0,0
2690138,6.069,7.350,2.172,-0.070,0.008,0.016,1672,0,0
2690157,6.148,7.199,2.174,-0.094,0.025,0.021,1673,0,0
2690177,6.230,7.113,2.229,-0.072,0.046,0.023,1673,0,0
2690198,6.261,7.077,2.344,-0.072,0.050,0.023,1673,0,0
2690217,6.294,7.022,2.418,-0.078,0.034,0.018,1673,0,0
2690238,6.302,6.979,2.449,-0.067,0.020,0.008,1672,0,0
2690257,6.254,7.020,2.447,-0.051,0.015,0.001,1673,0,0
2690277,6.194,7.044,2.454,-0.054,0.007,-0.001,1674,0,0
2690297,6.148,6.993,2.456,-0.056,-0.003,-0.006,1673,0,0
2690317,6.187,6.977,2.385,-0.074,-0.003,-0.017,1674,0,0
2690338,6.227,6.943,2.342,-0.077,0.006,-0.025,1674,0,0
2690357,6.249,6.943,2.358,-0.054,0.010,-0.040,1673,0,0
2690377,6.278,7.034,2.320,-0.044,0.010,-0.051,1673,0,0
2690398,6.232,7.168,2.318,-0.048,0.007,-0.051,1673,0,0
2690417,6.208,7.290,2.332,-0.037,0.002,-0.042,1673,0,0
2690438,6.155,7.393,2.325,-0.045,0.005,-0.026,1672,0,0
2690457,6.081,7.422,2.284,-0.052,0.008,-0.006,1673,0,0
2690478,6.060,7.410,2.265,-0.047,0.008,0.011,1671,0,0
2690497,6.091,7.309,2.255,-0.061,0.007,0.024,1673,0,0
2690517,6.155,7.183,2.274,-0.067,0.008,0.027,1672,0,0
2690538,6.220,7.106,2.286,-0.061,0.009,0.025,1673,0,0
2690557,6.275,7.058,2.289,-0.056,0.011,0.028,1673,0,0
2690577,6.266,7.013,2.339,-0.063,0.016,0.025,1674,0,0
2690597,6.290,6.989,2.389,-0.063,0.007,0.014,1673,0,0
2690617,6.258,6.929,2.406,-0.064,-0.006,0.002,1674,0,0
2690637,6.189,6.891,2.339,-0.065,-0.014,-0.012,1673,0,0
2690657,6.203,6.905,2.274,-0.061,-0.009,-0.025,1673,0,0
2690677,6.268,6.912,2.260,-0.065,0.003,-0.039,1673,0,0
2690697,6.244,6.974,2.253,-0.063,0.006,-0.049,1674,0,0
2690717,6.263,7.049,2.243,-0.068,0.006,-0.056,1673,0,0
2690738,6.258,7.144,2.241,-0.063,0.010,-0.057,1671,0,0
2690758,6.218,7.276,2.260,-0.050,0.015,-0.055,1674,0,0
2690777,6.117,7.393,2.246,-0.047,0.013,-0.041,1675,0,0
2690797,6.088,7.441,2.227,-0.060,0.008,-0.020,1674,0,0
2690818,6.079,7.391,2.169,-0.079,0.015,-0.001,1674,0,0
2690837,6.076,7.317,2.219,-0.083,0.031,0.007,1674,0,0
2690858,6.100,7.242,2.205,-0.070,0.040,0.013,1675,0,0
2690877,6.148,7.221,2.229,-0.073,0.045,0.019,1674,0,0
2690898,6.203,7.147,2.330,-0.094,0.044,0.022,1673,0,0
2690917,6.227,7.106,2.401,-0.083,0.045,0.019,1673,0,0
2690938,6.227,7.120,2.444,-0.059,0.031,0.019,1673,0,0
2690957,6.211,7.137,2.421,-0.056,0.019,0.022,1673,0,0
2690978,6.213,7.068,2.411,-0.076,0.017,0.025,1673,0,0
2690997,6.175,6.953,2.476,-0.084,0.011,0.019,1673,0,0
2691018,6.211,6.862,2.459,-0.071,0.005,0.001,1673,0,0
2691038,6.251,6.840,2.373,-0.067,0.005,-0.021,1674,0,0
2691057,6.311,6.843,2.339,-0.064,0.013,-0.039,1673,0,0
2691078,6.311,6.950,2.375,-0.048,0.021,-0.049,1673,0,0
2691098,6.278,7.087,2.370,-0.045,0.016,-0.050,1673,0,0
2691118,6.211,7.235,2.404,-0.058,0.007,-0.046,1673,0,0
2691138,6.160,7.290,2.406,-0.059,-0.003,-0.039,1673,0,0
2691158,6.103,7.403,2.377,-0.040,-0.004,-0.029,1673,0,0
2691178,6.031,7.472,2.363,-0.035,-0.005,-0.011,1672,0,0
2691197,6.057,7.429,2.337,-0.054,-0.009,0.007,1673,0,0
2691217,6.081,7.295,2.289,-0.085,-0.013,0.022,1674,0,0
2691237,6.182,7.123,2.222,-0.069,-0.003,0.025,1673,0,0
2691258,6.220,7.087,2.236,-0.054,0.013,0.018,1672,0,0
2691277,6.256,7.068,2.296,-0.063,0.012,0.015,1673,0,0
2691298,6.263,7.077,2.370,-0.057,0.002,0.011,1673,0,0
2691317,6.273,7.070,2.404,-0.065,-0.005,0.012,1673,0,0
2691338,6.227,7.022,2.411,-0.055,-0.007,0.007,1671,0,0
2691357,6.167,6.989,2.370,-0.050,-0.016,-0.003,1673,0,0
2691378,6.182,6.938,2.255,-0.047,-0.019,-0.016,1673,0,0
2691398,6.203,6.965,2.239,-0.056,-0.006,-0.027,1674,0,0
2691417,6.237,7.010,2.263,-0.064,0.004,-0.033,1672,0,0
2691438,6.263,7.032,2.231,-0.056,0.009,-0.037,1672,0,0
2691457,6.235,7.128,2.255,-0.051,0.010,-0.042,1673,0,0
2691477,6.182,7.240,2.265,-0.042,0.005,-0.042,1673,0,0
2691497,6.112,7.365,2.246,-0.034,0.001,-0.032,1674,0,0
2691517,6.088,7.403,2.236,-0.046,0.005,-0.016,1674,0,0
2691537,6.088,7.374,2.191,-0.057,0.011,0.000,1674,0,0
2691558,6.132,7.326,2.169,-0.058,0.024,0.015,1674,0,0
2691577,6.160,7.254,2.260,-0.068,0.032,0.023,1674,0,0
2691598,6.201,7.183,2.339,-0.058,0.023,0.027,1675,0,0
2691617,6.218,7.159,2.346,-0.054,0.014,0.029,1675,0,0
2691638,6.239,7.106,2.325,-0.067,0.010,0.029,1674,0,0
2691657,6.211,7.046,2.406,-0.058,0.008,0.027,1675,0,0
2691678,6.206,7.005,2.368,-0.055,0.002,0.019,1673,0,0
2691698,6.230,6.948,2.361,-0.072,-0.000,0.009,1675,0,0
2691717,6.235,6.869,2.358,-0.074,-0.002,-0.003,1673,0,0
2691737,6.294,6.855,2.320,-0.055,-0.001,-0.021,1673,0,0
2691757,6.258,6.922,2.306,-0.049,0.001,-0.038,1673,0,0
2691777,6.302,7.017,2.270,-0.065,-0.002,-0.047,1674,0,0
2691798,6.275,7.087,2.231,-0.058,-0.006,-0.052,1675,0,0
2691818,6.266,7.214,2.207,-0.040,-0.004,-0.048,1675,0,0
2691837,6.199,7.350,2.176,-0.042,0.001,-0.035,1674,0,0
2691858,6.127,7.348,2.160,-0.060,0.000,-0.017,1674,0,0
2691878,6.103,7.355,2.174,-0.054,0.003,-0.005,1674,0,0
2691898,6.091,7.338,2.160,-0.060,0.013,0.005,1674,0,0
2691917,6.093,7.283,2.131,-0.060,0.025,0.014,1674,0,0
2691938,6.124,7.247,2.195,-0.065,0.030,0.020,1674,0,0
2691957,6.211,7.178,2.246,-0.077,0.034,0.022,1675,0,0
2691977,6.223,7.144,2.349,-0.071,0.033,0.021,1674,0,0
2691998,6.256,7.125,2.385,-0.070,0.023,0.023,1674,0,0
2692017,6.280,7.077,2.356,-0.072,0.010,0.027,1674,0,0
2692037,6.266,6.946,2.346,-0.079,0.002,0.020,1675,0,0
2692057,6.225,6.864,2.349,-0.064,0.001,0.003,1675,0,0
2692077,6.211,6.859,2.303,-0.056,0.000,-0.017,1674,0,0
2692097,6.227,6.910,2.243,-0.072,0.003,-0.031,1673,0,0
2692117,6.249,6.926,2.239,-0.079,0.017,-0.047,1674,0,0
2692137,6.285,7.003,2.227,-0.071,0.024,-0.058,1673,0,0
2692158,6.299,7.128,2.212,-0.057,0.023,-0.062,1673,0,0
2692178,6.215,7.259,2.260,-0.068,0.017,-0.055,1673,0,0
2692197,6.165,7.391,2.203,-0.063,0.018,-0.043,1674,0,0
2692217,6.105,7.470,2.234,-0.055,0.025,-0.024,1674,0,0
2692237,6.074,7.527,2.205,-0.060,0.029,-0.003,1674,0,0
2692257,6.045,7.491,2.184,-0.077,0.032,0.023,1674,0,0
2692277,6.079,7.326,2.222,-0.094,0.041,0.039,1674,0,0
2692297,6.148,7.168,2.282,-0.085,0.045,0.043,1674,0,0
2692317,6.208,7.099,2.330,-0.083,0.044,0.042,1673,0,0
2692338,6.268,6.991,2.363,-0.095,0.043,0.037,1673,0,0
2692358,6.297,6.919,2.464,-0.086,0.037,0.027,1675,0,0
2692377,6.273,6.895,2.495,-0.070,0.027,0.010,1676,0,0
2692398,6.266,6.883,2.449,-0.072,0.010,-0.002,1676,0,0
2692417,6.263,6.869,2.413,-0.074,0.010,-0.011,1674,0,0
2692438,6.215,6.823,2.428,-0.090,0.020,-0.030,1675,0,0
2692458,6.203,6.902,2.423,-0.059,0.017,-0.052,1674,0,0
2692478,6.237,7.049,2.356,-0.067,0.008,-0.058,1674,0,0
2692497,6.256,7.120,2.339,-0.079,0.010,-0.059,1674,0,0
2692517,6.208,7.214,2.365,-0.048,0.014,-0.059,1675,0,0
2692537,6.151,7.377,2.356,-0.031,0.010,-0.047,1675,0,0
2692558,6.115,7.441,2.334,-0.068,0.007,-0.022,1675,0,0
2692577,6.091,7.417,2.298,-0.083,0.009,-0.003,1675,0,0
2692598,6.072,7.348,2.310,-0.057,0.017,0.011,1675,0,0
2692617,6.088,7.331,2.277,-0.055,0.018,0.021,1674,0,0
2692638,6.139,7.233,2.267,-0.075,0.024,0.028,1675,0,0
2692657,6.191,7.118,2.380,-0.075,0.024,0.029,1675,0,0
2692677,6.237,7.096,2.421,-0.058,0.022,0.023,1674,0,0
2692698,6.242,7.094,2.478,-0.064,0.014,0.026,1674,0,0
2692717,6.249,6.989,2.483,-0.068,0.003,0.025,1674,0,0
2692737,6.239,6.941,2.488,-0.053,-0.008,0.012,1674,0,0
2692757,6.191,6.938,2.459,-0.050,-0.014,0.001,1674,0,0
2692777,6.184,6.929,2.397,-0.060,-0.018,-0.009,1673,0,0
2692798,6.201,6.852,2.334,-0.066,-0.014,-0.024,1673,0,0
2692818,6.215,6.879,2.251,-0.051,-0.004,-0.046,1674,0,0
2692837,6.249,6.993,2.246,-0.040,0.006,-0.056,1674,0,0
2692857,6.275,7.118,2.243,-0.048,0.005,-0.058,1674,0,0
2692877,6.251,7.221,2.243,-0.050,0.009,-0.056,1675,0,0
2692898,6.201,7.348,2.282,-0.036,0.013,-0.041,1674,0,0
2692917,6.112,7.441,2.277,-0.032,0.015,-0.027,1674,0,0
2692937,6.045,7.468,2.289,-0.038,0.013,-0.007,1674,0,0
2692957,6.072,7.475,2.274,-0.046,0.012,0.010,1674,0,0
2692977,6.081,7.408,2.294,-0.050,0.018,0.030,1674,0,0
2692998,6.146,7.264,2.315,-0.061,0.021,0.045,1674,0,0
2693017,6.191,7.125,2.315,-0.062,0.019,0.045,1674,0,0
2693037,6.273,7.025,2.330,-0.063,0.015,0.039,1673,0,0
2693057,6.316,6.962,2.354,-0.064,0.018,0.035,1674,0,0
2693077,6.302,6.867,2.478,-0.059,0.012,0.025,1675,0,0
2693097,6.287,6.888,2.497,-0.043,-0.008,0.007,1675,0,0
2693117,6.254,6.886,2.459,-0.060,-0.022,-0.008,1674,0,0
2693137,6.251,6.845,2.416,-0.060,-0.023,-0.022,1675,0,0
2693158,6.220,6.883,2.325,-0.049,-0.022,-0.040,1674,0,0
2693178,6.251,6.970,2.258,-0.047,-0.019,-0.054,1675,0,0
2693197,6.246,7.034,2.203,-0.060,-0.016,-0.057,1674,0,0
2693217,6.256,7.099,2.195,-0.058,-0.011,-0.061,1674,0,0
2693237,6.203,7.187,2.198,-0.050,-0.006,-0.063,1673,0,0
2693258,6.155,7.343,2.138,-0.037,-0.008,-0.056,1673,0,0
2693277,6.105,7.468,2.088,-0.050,0.005,-0.035,1672,0,0
2693297,6.053,7.501,2.121,-0.060,0.021,-0.015,1673,0,0
2693318,6.053,7.465,2.172,-0.055,0.023,0.007,1675,0,0
2693337,6.098,7.389,2.157,-0.077,0.023,0.023,1672,0,0
2693357,6.132,7.233,2.128,-0.094,0.029,0.032,1672,0,0
2693377,6.196,7.135,2.198,-0.066,0.039,0.030,1673,0,0
2693398,6.230,7.128,2.282,-0.058,0.044,0.030,1673,0,0
2693417,6.218,7.089,2.365,-0.080,0.039,0.032,1673,0,0
2693438,6.237,7.017,2.497,-0.084,0.027,0.028,1672,0,0
2693457,6.227,6.912,2.521,-0.079,0.018,0.015,1673,0,0
2693477,6.232,6.843,2.500,-0.081,0.004,-0.003,1674,0,0
2693497,6.263,6.850,2.416,-0.065,-0.009,-0.025,1674,0,0
2693517,6.306,6.917,2.435,-0.060,-0.005,-0.039,1674,0,0
2693537,6.278,6.958,2.399,-0.060,-0.001,-0.051,1673,0,0
2693557,6.254,7.108,2.377,-0.043,-0.012,-0.056,1673,0,0
2693577,6.225,7.250,2.399,-0.052,-0.021,-0.055,1673,0,0
2693597,6.187,7.357,2.363,-0.042,-0.023,-0.045,1674,0,0
2693617,6.096,7.422,2.416,-0.028,-0.027,-0.028,1673,0,0
2693637,6.074,7.446,2.334,-0.036,-0.038,-0.010,1674,0,0
2693657,6.091,7.422,2.229,-0.044,-0.039,0.007,1671,0,0
2693678,6.139,7.300,2.210,-0.053,-0.031,0.017,1672,0,0
2693697,6.163,7.223,2.169,-0.041,-0.018,0.025,1673,0,0
2693718,6.208,7.070,2.150,-0.048,-0.013,0.026,1673,0,0
2693737,6.275,6.981,2.073,-0.054,-0.014,0.012,1673,0,0
2693757,6.309,6.974,2.073,-0.059,0.003,0.009,1673,0,0
2693777,6.297,6.914,2.157,-0.048,0.008,-0.003,1672,0,0
2693798,6.366,6.958,2.195,-0.005,0.004,-0.022,1670,0,0
2693818,6.337,7.084,2.186,-0.027,0.000,-0.026,1673,0,0
2693838,6.239,7.053,2.193,-0.055,-0.001,-0.018,1673,0,0
2693857,6.134,6.946,2.205,-0.054,-0.004,-0.033,1672,0,0
2693878,6.093,6.993,2.157,-0.039,0.000,-0.056,1672,0,0
2693897,6.093,7.156,2.239,-0.033,0.012,-0.071,1675,0,0
2693918,6.127,7.317,2.365,-0.038,0.011,-0.073,1674,0,0
2693937,6.160,7.393,2.428,-0.043,-0.005,-0.057,1674,0,0
2693957,6.172,7.398,2.387,-0.058,-0.026,-0.037,1674,0,0
2693977,6.155,7.281,2.310,-0.076,-0.038,-0.029,1674,0,0
2693997,6.175,7.171,2.344,-0.046,-0.037,-0.031,1674,0,0
2694017,6.213,7.250,2.234,-0.007,-0.051,-0.041,1674,0,0
2694037,6.290,7.372,2.054,-0.019,-0.054,-0.028,1674,0,0
2694057,6.237,7.307,1.901,-0.062,-0.043,-0.003,1674,0,0
2694077,6.189,7.180,1.810,-0.049,-0.037,0.003,1674,0,0
2694097,6.172,7.147,1.707,-0.039,-0.018,-0.007,1673,0,0
2694117,6.120,7.211,1.595,-0.060,0.004,-0.017,1673,0,0
2694137,6.105,7.302,1.590,-0.029,0.031,-0.013,1674,0,0
2694158,6.100,7.369,1.748,-0.004,0.065,-0.007,1673,0,0
2694177,6.050,7.415,1.889,-0.033,0.087,0.003,1674,0,0
2694197,6.031,7.355,2.057,-0.073,0.088,0.014,1674,0,0
2694218,6.103,7.247,2.160,-0.082,0.092,0.021,1674,0,0
2694237,6.184,7.159,2.284,-0.062,0.104,0.017,1673,0,0
2694257,6.189,7.101,2.526,-0.051,0.096,0.010,1674,0,0
2694277,6.230,7.094,2.622,-0.075,0.053,0.001,1674,0,0
2694297,6.290,7.061,2.555,-0.071,0.016,-0.009,1672,0,0
2694317,6.280,7.130,2.452,-0.046,0.004,-0.021,1672,0,0
2694338,6.225,7.192,2.413,-0.024,0.002,-0.018,1673,0,0
2694357,6.141,7.274,2.351,-0.026,-0.026,-0.014,1673,0,0
2694377,6.146,7.264,2.210,-0.054,-0.043,-0.010,1671,0,0
2694397,6.158,7.235,2.069,-0.067,-0.030,-0.010,1674,0,0
2694418,6.160,7.242,2.052,-0.033,-0.013,-0.007,1672,0,0
2694437,6.146,7.223,2.040,-0.033,-0.015,-0.003,1673,0,0
2694457,6.196,7.173,1.932,-0.053,-0.020,-0.004,1672,0,0
2694477,6.237,7.154,1.887,-0.057,-0.009,-0.012,1673,0,0
2694497,6.213,7.168,1.901,-0.052,0.009,-0.012,1672,0,0
2694517,6.189,7.197,1.870,-0.052,0.011,-0.011,1672,0,0
2694537,6.172,7.233,1.810,-0.065,0.015,-0.013,1672,0,0
2694557,6.148,7.250,1.822,-0.066,0.033,-0.011,1672,0,0
2694577,6.139,7.348,1.944,-0.043,0.051,-0.005,1673,0,0
2694597,6.096,7.384,2.078,-0.070,0.060,0.002,1671,0,0
2694617,6.060,7.345,2.167,-0.088,0.054,0.010,1674,0,0
2694638,6.029,7.338,2.296,-0.068,0.047,0.010,1672,0,0
2694658,6.033,7.357,2.334,-0.073,0.047,0.016,1673,0,0
2694677,6.084,7.331,2.387,-0.078,0.036,0.022,1673,0,0
2694698,6.144,7.223,2.361,-0.084,0.019,0.027,1673,0,0
2694718,6.242,7.077,2.365,-0.101,0.013,0.026,1673,0,0
2694738,6.316,6.946,2.365,-0.092,0.009,0.012,1673,0,0
2694757,6.318,6.929,2.344,-0.059,-0.004,-0.006,1674,0,0
2694777,6.275,6.981,2.253,-0.039,-0.019,-0.021,1673,0,0
2694797,6.246,7.068,2.167,-0.036,-0.020,-0.030,1672,0,0
2694817,6.184,7.147,2.109,-0.038,-0.015,-0.034,1672,0,0
2694838,6.172,7.221,2.049,-0.044,-0.009,-0.030,1672,0,0
2694858,6.189,7.247,1.999,-0.052,-0.003,-0.024,1671,0,0
2694877,6.208,7.290,2.004,-0.053,0.005,-0.019,1671,0,0
2694897,6.170,7.300,2.033,-0.051,0.009,-0.017,1672,0,0
2694917,6.179,7.309,2.028,-0.046,-0.001,-0.014,1674,0,0
2694938,6.158,7.317,1.927,-0.052,0.003,-0.010,1673,0,0
2694957,6.177,7.295,1.906,-0.059,0.020,-0.004,1674,0,0
2694977,6.091,7.269,2.018,-0.050,0.035,0.002,1674,0,0
2694997,6.110,7.257,2.131,-0.048,0.031,0.004,1673,0,0
2695017,6.115,7.223,2.126,-0.073,0.030,0.005,1673,0,0
2695038,6.184,7.161,2.181,-0.075,0.034,0.000,1673,0,0
2695057,6.187,7.161,2.270,-0.052,0.038,-0.002,1673,0,0
2695077,6.191,7.171,2.346,-0.062,0.025,-0.005,1672,0,0
2695097,6.177,7.140,2.337,-0.080,-0.001,-0.009,1672,0,0
2695118,6.203,7.137,2.193,-0.067,-0.015,-0.018,1673,0,0
2695138,6.213,7.190,2.152,-0.052,-0.008,-0.020,1673,0,0
2695157,6.182,7.204,2.145,-0.054,0.002,-0.019,1674,0,0
2695178,6.182,7.242,2.083,-0.062,0.001,-0.018,1676,0,0
2695197,6.163,7.250,2.073,-0.069,-0.000,-0.017,1672,0,0
2695217,6.124,7.242,2.085,-0.052,-0.007,-0.018,1673,0,0
2695238,6.120,7.321,2.040,-0.050,-0.011,-0.018,1673,0,0
2695257,6.127,7.365,1.973,-0.067,0.002,-0.010,1673,0,0
2695277,6.139,7.348,1.961,-0.070,0.018,0.002,1674,0,0
2695298,6.167,7.305,2.014,-0.060,0.029,0.011,1673,0,0
2695317,6.153,7.240,2.093,-0.066,0.029,0.014,1674,0,0
2695338,6.139,7.178,2.116,-0.071,0.022,0.007,1673,0,0
2695358,6.153,7.161,2.090,-0.069,0.020,0.003,1674,0,0
2695378,6.194,7.187,2.057,-0.061,0.034,0.002,1674,0,0
2695397,6.189,7.159,2.148,-0.070,0.047,0.003,1673,0,0
2695417,6.199,7.168,2.191,-0.064,0.043,0.001,1674,0,0
2695437,6.201,7.130,2.210,-0.068,0.029,-0.005,1673,0,0
2695457,6.208,7.144,2.140,-0.057,0.019,-0.013,1674,0,0
2695478,6.196,7.221,2.167,-0.044,0.025,-0.014,1673,0,0
2695497,6.139,7.281,2.184,-0.044,0.023,-0.012,1674,0,0
2695517,6.136,7.317,2.210,-0.047,0.014,-0.008,1674,0,0
2695538,6.175,7.300,2.172,-0.061,0.011,0.000,1674,0,0
2695557,6.167,7.233,2.227,-0.081,0.018,0.006,1674,0,0
2695577,6.148,7.180,2.212,-0.052,0.010,0.001,1672,0,0
2695598,6.158,7.221,2.102,-0.029,-0.002,-0.004,1674,0,0
2695617,6.208,7.259,2.021,-0.067,0.003,-0.000,1673,0,0
2695637,6.175,7.185,2.076,-0.075,0.018,0.006,1672,0,0
2695657,6.155,7.192,2.100,-0.039,0.023,0.002,1672,0,0
2695677,6.134,7.219,2.164,-0.047,0.021,0.002,1673,0,0
2695697,6.122,7.195,2.258,-0.077,0.023,0.005,1673,0,0
2695717,6.144,7.154,2.282,-0.052,0.015,-0.002,1672,0,0
2695737,6.165,7.197,2.229,-0.043,0.007,-0.011,1673,0,0
2695758,6.196,7.230,2.234,-0.063,0.006,-0.007,1672,0,0
2695777,6.213,7.204,2.263,-0.063,0.006,-0.003,1673,0,0
2695798,6.211,7.099,2.251,-0.060,-0.009,-0.005,1672,0,0
2695817,6.235,7.077,2.109,-0.059,-0.013,-0.010,1672,0,0
2695837,6.249,7.063,2.090,-0.054,-0.005,-0.020,1672,0,0
2695858,6.230,7.125,2.148,-0.031,0.001,-0.031,1671,0,0
2695877,6.175,7.238,2.176,-0.006,-0.014,-0.036,1672,0,0
2695897,6.170,7.355,2.097,-0.010,-0.029,-0.032,1672,0,0
2695917,6.184,7.410,2.061,-0.027,-0.013,-0.014,1672,0,0
2695937,6.148,7.317,2.042,-0.011,0.004,-0.003,1673,0,0
2695957,6.163,7.317,1.973,-0.007,-0.005,0.002,1673,0,0
2695977,6.227,7.329,1.803,-0.044,-0.009,0.007,1673,0,0
2695998,6.287,7.290,1.872,-0.050,0.009,0.021,1671,0,0
2696017,6.218,7.195,1.939,-0.022,0.017,0.026,1672,0,0
2696037,6.134,7.163,1.918,0.008,0.003,0.017,1672,0,0
2696057,6.091,7.166,1.815,-0.024,0.002,0.008,1672,0,0
2696077,6.182,7.159,1.810,-0.035,0.027,0.003,1673,0,0
2696097,6.163,7.185,1.985,-0.023,0.067,0.006,1672,0,0
2696118,6.069,7.214,2.172,-0.015,0.064,0.000,1673,0,0
2696137,6.110,7.264,2.217,-0.032,0.042,-0.006,1672,0,0
2696157,6.148,7.298,2.270,-0.059,0.034,-0.009,1672,0,0
2696178,6.196,7.317,2.339,-0.026,0.025,-0.009,1673,0,0
2696198,6.225,7.355,2.270,-0.018,-0.002,0.000,1672,0,0
2696217,6.266,7.290,2.212,-0.045,-0.022,0.010,1672,0,0
2696237,6.333,7.154,2.184,-0.051,-0.031,0.014,1673,0,0
2696257,6.309,7.056,2.112,-0.029,-0.033,0.007,1672,0,0
2696278,6.273,7.003,2.006,-0.013,-0.048,-0.006,1672,0,0
2696297,6.254,7.025,1.906,-0.007,-0.052,-0.019,1672,0,0
2696317,6.285,7.118,1.824,-0.018,-0.039,-0.028,1672,0,0
2696337,6.278,7.221,1.767,-0.024,-0.022,-0.030,1673,0,0
2696357,6.220,7.314,1.776,-0.043,-0.020,-0.022,1672,0,0
2696378,6.177,7.288,1.733,-0.047,-0.019,-0.016,1673,0,0
2696397,6.191,7.326,1.705,-0.036,-0.015,-0.020,1671,0,0
2696418,6.158,7.386,1.638,-0.038,-0.006,-0.018,1672,0,0
2696438,6.134,7.434,1.628,-0.038,0.012,-0.006,1672,0,0
2696457,6.108,7.424,1.815,-0.032,0.030,0.009,1672,0,0
2696477,6.086,7.386,1.765,-0.064,0.055,0.016,1672,0,0
2696498,6.112,7.276,1.872,-0.083,0.051,0.020,1672,0,0
2696517,6.155,7.221,1.906,-0.085,0.059,0.015,1671,0,0
2696537,6.213,7.149,1.975,-0.085,0.067,0.003,1672,0,0
2696557,6.266,7.183,2.023,-0.054,0.061,-0.001,1671,0,0
2696577,6.275,7.209,2.042,-0.087,0.052,0.002,1672,0,0
2696597,6.290,7.161,2.061,-0.107,0.039,-0.001,1671,0,0
2696617,6.306,7.140,2.069,-0.083,0.032,-0.004,1672,0,0
2696637,6.287,7.149,2.059,-0.090,0.028,-0.009,1672,0,0
2696658,6.256,7.118,2.064,-0.093,0.018,-0.012,1670,0,0
2696677,6.244,7.130,2.057,-0.087,0.011,-0.019,1672,0,0
2696697,6.196,7.147,2.037,-0.079,0.007,-0.027,1672,0,0
2696717,6.112,7.211,1.911,-0.069,0.005,-0.034,1673,0,0
2696737,6.098,7.264,1.920,-0.081,0.018,-0.033,1672,0,0
2696757,6.124,7.274,2.059,-0.077,0.040,-0.032,1672,0,0
2696778,6.132,7.319,2.227,-0.054,0.043,-0.033,1673,0,0
2696797,6.115,7.410,2.358,-0.043,0.022,-0.031,1674,0,0
2696817,6.187,7.451,2.325,-0.035,-0.010,-0.025,1672,0,0
2696838,6.251,7.429,2.298,-0.030,-0.023,-0.011,1673,0,0
2696858,6.246,7.386,2.236,-0.030,-0.039,0.003,1673,0,0
2696877,6.237,7.300,2.081,-0.018,-0.062,0.016,1672,0,0
2696897,6.246,7.216,1.879,-0.035,-0.072,0.017,1672,0,0
2696917,6.246,7.163,1.750,-0.038,-0.062,0.013,1672,0,0
2696937,6.211,7.178,1.664,-0.021,-0.050,0.005,1671,0,0
2696957,6.165,7.257,1.623,-0.012,-0.042,-0.002,1671,0,0
2696977,6.136,7.345,1.578,-0.026,-0.032,-0.002,1673,0,0
2696998,6.179,7.400,1.559,-0.042,-0.010,0.013,1672,0,0
2697017,6.148,7.389,1.607,-0.059,0.015,0.026,1671,0,0
2697037,6.153,7.353,1.688,-0.075,0.028,0.038,1671,0,0
2697057,6.187,7.230,1.820,-0.099,0.041,0.044,1672,0,0
2697077,6.175,7.140,1.877,-0.088,0.042,0.036,1671,0,0
2697098,6.194,7.106,1.925,-0.083,0.042,0.023,1671,0,0
2697117,6.187,7.065,1.992,-0.102,0.047,0.014,1672,0,0
2697137,6.206,7.020,2.030,-0.106,0.041,-0.002,1674,0,0
2697158,6.237,7.084,2.052,-0.110,0.037,-0.016,1671,0,0
2697177,6.266,7.087,2.047,-0.113,0.035,-0.023,1672,0,0
2697198,6.316,7.151,2.083,-0.102,0.035,-0.025,1673,0,0
2697217,6.287,7.137,2.069,-0.116,0.030,-0.027,1672,0,0
2697237,6.266,7.077,2.028,-0.123,0.015,-0.033,1672,0,0
2697257,6.275,7.082,1.992,-0.102,0.015,-0.047,1671,0,0
2697278,6.242,7.199,1.973,-0.069,0.025,-0.057,1670,0,0
2697298,6.206,7.274,1.975,-0.059,0.027,-0.055,1671,0,0
2697317,6.196,7.300,1.980,-0.075,0.023,-0.045,1672,0,0
2697337,6.215,7.221,1.973,-0.092,0.030,-0.042,1672,0,0
2697357,6.239,7.207,1.968,-0.079,0.041,-0.045,1671,0,0
2697377,6.235,7.211,1.937,-0.069,0.043,-0.044,1672,0,0
2697398,6.223,7.128,1.920,-0.077,0.040,-0.041,1672,0,0
2697417,6.213,7.075,1.973,-0.063,0.039,-0.061,1672,0,0
2697437,6.227,7.245,1.992,-0.045,0.034,-0.073,1671,0,0
2697458,6.194,7.424,1.935,-0.058,0.034,-0.054,1672,0,0
2697477,6.120,7.424,1.939,-0.080,0.044,-0.037,1672,0,0
2697497,6.105,7.386,1.920,-0.093,0.036,-0.030,1673,0,0
2697518,6.084,7.482,1.887,-0.075,0.041,-0.032,1673,0,0
2697537,6.033,7.561,1.846,-0.096,0.048,-0.011,1672,0,0
2697557,6.014,7.496,1.863,-0.112,0.061,0.009,1673,0,0
2697577,6.014,7.391,1.918,-0.115,0.069,0.014,1673,0,0
2697598,5.988,7.374,1.906,-0.117,0.081,0.018,1672,0,0
2697617,6.036,7.353,1.987,-0.135,0.097,0.026,1671,0,0
2697637,6.017,7.250,2.109,-0.140,0.110,0.027,1672,0,0
2697657,6.033,7.202,2.205,-0.140,0.105,0.021,1672,0,0
2697678,6.074,7.192,2.267,-0.145,0.101,0.014,1673,0,0
2697697,6.110,7.132,2.318,-0.156,0.099,0.009,1674,0,0
2697717,6.110,7.096,2.361,-0.136,0.094,-0.002,1674,0,0
2697737,6.151,7.130,2.389,-0.125,0.090,-0.008,1674,0,0
2697758,6.153,7.147,2.483,-0.128,0.090,-0.012,1674,0,0
2697777,6.124,7.175,2.512,-0.124,0.070,-0.016,1674,0,0
2697797,6.177,7.156,2.449,-0.125,0.054,-0.012,1673,0,0
2697818,6.155,7.118,2.483,-0.125,0.054,-0.016,1674,0,0
2697837,6.136,7.142,2.485,-0.094,0.045,-0.023,1673,0,0
2697857,6.148,7.211,2.473,-0.086,0.038,-0.022,1675,0,0
2697878,6.153,7.219,2.442,-0.110,0.032,-0.015,1674,0,0
2697897,6.167,7.144,2.409,-0.105,0.028,-0.013,1675,0,0
2697917,6.124,7.120,2.411,-0.073,0.026,-0.020,1675,0,0
2697964,6.124,7.190,2.437,-0.082,0.014,-0.023,1672,0,0
2697975,6.112,7.209,2.425,-0.070,0.013,-0.022,1674,0,0
2697987,6.112,7.202,2.413,-0.065,0.015,-0.021,1674,0,0
2697998,6.112,7.187,2.409,-0.068,0.017,-0.020,1673,0,0
2698018,6.091,7.147,2.423,-0.074,0.013,-0.022,1677,0,0
2698038,6.067,7.132,2.473,-0.064,0.010,-0.029,1673,0,0
2698058,6.031,7.175,2.473,-0.050,0.001,-0.036,1673,0,0
2698077,6.048,7.271,2.418,-0.046,-0.006,-0.037,1675,0,0
2698097,6.062,7.338,2.406,-0.050,-0.005,-0.032,1674,0,0
2698118,6.021,7.391,2.406,-0.039,-0.001,-0.021,1675,0,0
2698138,6.033,7.444,2.377,-0.039,-0.003,-0.007,1675,0,0
2698157,6.014,7.400,2.320,-0.066,-0.015,0.009,1674,0,0
2698177,6.033,7.341,2.210,-0.067,-0.018,0.016,1674,0,0
2698197,6.038,7.278,2.179,-0.044,-0.006,0.019,1673,0,0
2698218,5.983,7.269,2.152,-0.036,0.006,0.017,1674,0,0
2698237,5.969,7.259,2.097,-0.048,0.017,0.016,1675,0,0
2698257,6.000,7.259,2.133,-0.067,0.033,0.017,1674,0,0
2698277,5.993,7.240,2.279,-0.060,0.047,0.019,1675,0,0
2698297,6.036,7.250,2.397,-0.051,0.049,0.021,1676,0,0
2698317,6.045,7.211,2.485,-0.068,0.043,0.022,1675,0,0
2698337,6.096,7.161,2.559,-0.073,0.034,0.020,1674,0,0
2698357,6.141,7.156,2.602,-0.062,0.019,0.019,1675,0,0
2698377,6.182,7.116,2.552,-0.073,-0.000,0.019,1675,0,0
2698398,6.220,7.022,2.476,-0.077,-0.009,0.016,1674,0,0
2698417,6.206,6.972,2.464,-0.063,-0.016,0.005,1675,0,0
2698437,6.223,7.039,2.363,-0.047,-0.028,-0.011,1675,0,0
2698457,6.215,7.092,2.236,-0.057,-0.025,-0.008,1675,0,0
2698477,6.153,7.061,2.253,-0.069,-0.012,-0.011,1675,0,0
2698497,6.079,7.063,2.241,-0.046,-0.004,-0.022,1674,0,0
2698517,6.055,7.166,2.210,-0.047,-0.008,-0.037,1675,0,0
2698537,6.069,7.324,2.181,-0.060,0.005,-0.030,1675,0,0
2698557,6.062,7.338,2.239,-0.057,0.026,-0.016,1674,0,0
2698577,6.017,7.309,2.308,-0.048,0.029,-0.010,1675,0,0
2698597,6.024,7.345,2.301,-0.057,0.021,-0.006,1675,0,0
2698617,6.060,7.345,2.306,-0.084,0.021,0.003,1675,0,0
2698637,6.098,7.264,2.373,-0.074,0.027,0.014,1675,0,0
2698657,6.103,7.163,2.330,-0.055,0.029,0.015,1674,0,0
2698677,6.151,7.099,2.401,-0.069,0.021,0.006,1674,0,0
2698697,6.172,7.044,2.334,-0.078,0.018,0.002,1674,0,0
2698717,6.165,7.034,2.370,-0.064,0.023,-0.007,1676,0,0
2698737,6.167,7.080,2.368,-0.052,0.022,-0.013,1674,0,0
2698757,6.105,7.140,2.339,-0.058,0.018,-0.021,1676,0,0
2698777,6.086,7.192,2.387,-0.069,0.018,-0.024,1675,0,0
2698798,6.050,7.278,2.382,-0.048,0.019,-0.025,1675,0,0
2698817,6.055,7.357,2.394,-0.042,0.012,-0.015,1675,0,0
2698837,6.065,7.345,2.377,-0.069,0.013,-0.003,1675,0,0
2698857,6.079,7.269,2.356,-0.065,0.013,0.002,1674,0,0
2698877,6.105,7.245,2.337,-0.045,0.015,0.005,1676,0,0
2698897,6.100,7.192,2.337,-0.057,0.013,0.008,1674,0,0
2698917,6.124,7.108,2.306,-0.059,0.011,0.005,1675,0,0
2698937,6.122,7.084,2.263,-0.052,0.018,0.002,1675,0,0
2698957,6.148,7.087,2.354,-0.051,0.029,-0.005,1675,0,0
2698977,6.100,7.092,2.406,-0.060,0.019,-0.012,1676,0,0
2698997,6.115,7.118,2.413,-0.059,0.008,-0.019,1674,0,0
2699018,6.117,7.199,2.377,-0.047,0.007,-0.020,1675,0,0
2699038,6.100,7.247,2.397,-0.052,0.011,-0.018,1675,0,0
2699057,6.079,7.250,2.342,-0.051,0.005,-0.013,1675,0,0
2699077,6.088,7.252,2.272,-0.067,0.005,-0.008,1674,0,0
2699097,6.100,7.254,2.251,-0.076,0.009,-0.005,1674,0,0
2699117,6.088,7.233,2.255,-0.066,0.015,-0.003,1674,0,0
2699137,6.081,7.187,2.241,-0.060,0.013,-0.005,1675,0,0
2699157,6.091,7.230,2.198,-0.071,0.019,-0.006,1677,0,0
2699177,6.100,7.207,2.160,-0.076,0.039,-0.004,1673,0,0
2699197,6.076,7.154,2.272,-0.077,0.050,0.001,1674,0,0
2699217,6.105,7.166,2.306,-0.077,0.043,-0.007,1675,0,0
2699238,6.105,7.202,2.303,-0.083,0.044,-0.011,1674,0,0
2699257,6.100,7.245,2.389,-0.069,0.050,-0.007,1674,0,0
2699277,6.098,7.230,2.480,-0.069,0.056,0.002,1674,0,0
2699297,6.093,7.149,2.490,-0.085,0.051,0.001,1673,0,0
2699317,6.136,7.077,2.488,-0.085,0.032,-0.007,1674,0,0
2699338,6.158,7.072,2.485,-0.078,0.031,-0.014,1674,0,0
2699357,6.120,7.106,2.500,-0.059,0.028,-0.019,1674,0,0
2699377,6.108,7.190,2.507,-0.054,0.026,-0.019,1674,0,0
2699397,6.067,7.228,2.488,-0.082,0.021,-0.019,1675,0,0
2699418,6.050,7.235,2.495,-0.075,0.014,-0.016,1674,0,0
2699437,6.057,7.259,2.428,-0.058,0.012,-0.010,1675,0,0
2699457,6.026,7.274,2.399,-0.070,0.010,-0.010,1674,0,0
2699477,6.029,7.262,2.361,-0.071,0.013,-0.008,1674,0,0
2699497,6.045,7.228,2.325,-0.072,0.020,-0.003,1674,0,0
2699518,6.072,7.240,2.363,-0.060,0.022,-0.003,1674,0,0
2699537,6.088,7.247,2.447,-0.056,0.023,-0.002,1675,0,0
2699557,6.079,7.264,2.480,-0.066,0.013,0.003,1675,0,0
2699578,6.136,7.221,2.411,-0.064,0.008,0.010,1676,0,0
2699597,6.144,7.171,2.399,-0.071,0.014,0.010,1675,0,0
2699617,6.088,7.128,2.471,-0.067,0.018,0.005,1673,0,0
2699637,6.074,7.108,2.488,-0.052,0.006,-0.000,1675,0,0
2699658,6.096,7.154,2.399,-0.059,-0.002,-0.005,1674,0,0
2699677,6.072,7.154,2.342,-0.065,0.005,-0.007,1674,0,0
2699697,6.076,7.190,2.373,-0.060,0.020,-0.004,1674,0,0
2699717,6.057,7.192,2.377,-0.075,0.022,-0.002,1675,0,0
2699738,6.081,7.175,2.423,-0.078,0.013,-0.004,1675,0,0
2699758,6.084,7.185,2.370,-0.074,0.013,-0.006,1673,0,0
2699777,6.100,7.214,2.428,-0.056,0.022,-0.004,1674,0,0
2699797,6.098,7.221,2.423,-0.062,0.019,0.001,1675,0,0
2699817,6.096,7.144,2.406,-0.080,0.011,0.002,1675,0,0
2699837,6.112,7.159,2.375,-0.074,0.011,-0.001,1675,0,0
2699858,6.086,7.178,2.425,-0.069,0.018,0.001,1676,0,0
2699877,6.060,7.151,2.418,-0.070,0.018,0.002,1674,0,0
2699897,6.057,7.125,2.392,-0.068,0.017,0.000,1674,0,0
2699917,6.086,7.108,2.356,-0.080,0.018,-0.005,1674,0,0
2699937,6.115,7.128,2.351,-0.076,0.024,-0.009,1674,0,0
2699957,6.108,7.137,2.437,-0.077,0.029,-0.010,1674,0,0
2699977,6.088,7.132,2.418,-0.074,0.027,-0.016,1675,0,0
2699997,6.076,7.216,2.413,-0.060,0.028,-0.015,1674,0,0
2700017,6.048,7.274,2.423,-0.073,0.035,-0.007,1675,0,0
2700050,6.033,7.254,2.454,-0.077,0.029,0.004,1673,0,0
2700062,6.062,7.216,2.454,-0.086,0.030,0.007,1675,0,0
2700078,6.076,7.178,2.476,-0.086,0.026,0.008,1674,0,0
2700097,6.065,7.154,2.531,-0.066,0.022,0.005,1674,0,0
2700117,6.112,7.163,2.523,-0.071,0.019,0.005,1675,0,0
2700138,6.110,7.099,2.526,-0.076,0.015,0.004,1673,0,0
2700157,6.132,7.041,2.509,-0.075,0.012,-0.000,1674,0,0
2700177,6.134,7.041,2.512,-0.071,0.014,-0.006,1674,0,0
2700197,6.122,7.063,2.564,-0.063,0.009,-0.011,1675,0,0
2700217,6.108,7.087,2.535,-0.068,0.001,-0.016,1674,0,0
2700237,6.112,7.130,2.516,-0.066,0.001,-0.022,1674,0,0
2700257,6.103,7.154,2.480,-0.069,0.003,-0.022,1673,0,0
2700277,6.086,7.187,2.430,-0.062,0.004,-0.023,1673,0,0
2700297,6.072,7.230,2.440,-0.067,0.002,-0.017,1674,0,0
2700317,6.067,7.209,2.435,-0.071,0.001,-0.013,1673,0,0
2700337,6.096,7.175,2.418,-0.067,0.000,-0.007,1673,0,0
2700357,6.093,7.171,2.373,-0.062,0.009,-0.008,1674,0,0
2700377,6.072,7.163,2.433,-0.069,0.019,-0.006,1674,0,0
2700397,6.067,7.175,2.428,-0.068,0.023,-0.007,1673,0,0
2700417,6.079,7.166,2.480,-0.073,0.020,-0.007,1673,0,0
2700437,6.081,7.195,2.500,-0.071,0.020,-0.004,1673,0,0
2700457,6.079,7.168,2.514,-0.067,0.022,-0.004,1672,0,0
2700477,6.072,7.187,2.488,-0.048,0.019,-0.003,1673,0,0
2700497,6.067,7.223,2.459,-0.063,0.016,0.004,1672,0,0
2700517,6.084,7.149,2.488,-0.094,0.024,0.011,1674,0,0
2700537,6.091,7.049,2.504,-0.077,0.026,0.005,1673,0,0
2700557,6.088,7.061,2.540,-0.058,0.022,-0.008,1673,0,0
2700577,6.105,7.094,2.526,-0.065,0.017,-0.014,1673,0,0
2700597,6.122,7.111,2.488,-0.072,0.015,-0.013,1674,0,0
2700617,6.079,7.132,2.456,-0.055,0.019,-0.014,1673,0,0
2700637,6.086,7.163,2.435,-0.063,0.021,-0.011,1674,0,0
2700657,6.079,7.195,2.466,-0.079,0.028,-0.009,1674,0,0
2700677,6.065,7.195,2.483,-0.074,0.030,-0.008,1674,0,0
2700697,6.045,7.195,2.468,-0.050,0.022,-0.009,1673,0,0
2700717,6.072,7.233,2.495,-0.055,0.022,-0.003,1674,0,0
2700738,6.065,7.228,2.528,-0.073,0.025,-0.000,1674,0,0
2700757,6.074,7.187,2.533,-0.066,0.017,0.008,1674,0,0
2700804,6.098,7.072,2.485,-0.075,0.024,0.008,1674,0,0
2700816,6.079,7.051,2.502,-0.063,0.027,0.002,1674,0,0
2700827,6.081,7.061,2.509,-0.054,0.026,-0.001,1674,0,0
2700839,6.060,7.099,2.485,-0.056,0.025,-0.004,1674,0,0
2700857,6.100,7.108,2.533,-0.073,0.024,-0.005,1673,0,0
2700878,6.110,7.140,2.552,-0.071,0.023,-0.005,1674,0,0
2700897,6.108,7.140,2.579,-0.055,0.018,-0.002,1673,0,0
2700917,6.081,7.159,2.562,-0.072,0.012,-0.002,1673,0,0
2700937,6.065,7.132,2.492,-0.078,0.010,-0.003,1673,0,0
2700957,6.086,7.116,2.526,-0.064,0.017,-0.002,1673,0,0
2700977,6.053,7.130,2.555,-0.066,0.021,-0.003,1672,0,0
2700997,6.057,7.113,2.519,-0.062,0.011,-0.007,1673,0,0
2701017,6.091,7.111,2.452,-0.067,0.013,-0.008,1674,0,0
2701037,6.088,7.123,2.483,-0.070,0.025,-0.015,1674,0,0
2701057,6.067,7.173,2.547,-0.062,0.031,-0.009,1673,0,0
2701077,6.081,7.180,2.555,-0.068,0.029,-0.004,1674,0,0
2701097,6.086,7.137,2.504,-0.073,0.018,-0.002,1673,0,0
2701117,6.096,7.070,2.473,-0.073,0.017,-0.004,1673,0,0
2701137,6.093,7.061,2.459,-0.064,0.029,-0.013,1673,0,0
2701157,6.072,7.137,2.480,-0.064,0.038,-0.015,1673,0,0
2701177,6.076,7.187,2.545,-0.077,0.042,-0.009,1673,0,0
2701197,6.079,7.128,2.614,-0.079,0.039,-0.006,1674,0,0
2701217,6.048,7.144,2.593,-0.078,0.029,-0.006,1674,0,0
2701237,6.079,7.065,2.588,-0.108,0.020,-0.011,1673,0,0
2701257,6.122,6.967,2.595,-0.097,0.024,-0.020,1673,0,0
2701278,6.108,7.065,2.545,-0.038,0.031,-0.030,1669,0,0
2701298,6.065,7.154,2.583,-0.042,0.039,-0.030,1673,0,0
2701317,5.995,7.187,2.622,-0.068,0.033,-0.025,1673,0,0
2701337,6.045,7.247,2.598,-0.084,0.029,-0.018,1673,0,0
2701357,6.048,7.211,2.643,-0.084,0.034,-0.011,1673,0,0
2701377,6.012,7.204,2.646,-0.063,0.029,-0.010,1673,0,0
2701398,6.017,7.221,2.619,-0.061,0.014,-0.008,1675,0,0
2701417,6.055,7.175,2.557,-0.079,0.019,-0.002,1674,0,0
2701438,6.067,7.140,2.586,-0.068,0.033,0.001,1671,0,0
2701457,6.076,7.087,2.610,-0.071,0.029,0.000,1674,0,0
2701478,6.088,7.063,2.593,-0.076,0.020,-0.003,1674,0,0
2701497,6.112,7.010,2.581,-0.073,0.023,-0.008,1674,0,0
2701517,6.084,7.008,2.636,-0.063,0.031,-0.016,1674,0,0
2701537,6.041,7.063,2.626,-0.062,0.026,-0.023,1673,0,0
2701557,6.048,7.113,2.617,-0.074,0.019,-0.026,1674,0,0
2701577,6.043,7.161,2.631,-0.078,0.022,-0.025,1675,0,0
2701597,6.024,7.202,2.650,-0.059,0.024,-0.022,1675,0,0
2701617,6.014,7.219,2.622,-0.075,0.023,-0.014,1673,0,0
2701637,6.007,7.183,2.593,-0.084,0.018,-0.012,1674,0,0
2701657,6.000,7.180,2.607,-0.070,0.023,-0.013,1674,0,0
2701677,6.009,7.195,2.624,-0.062,0.025,-0.012,1673,0,0
2701697,6.009,7.187,2.595,-0.068,0.020,-0.006,1675,0,0
2701717,6.050,7.125,2.583,-0.089,0.022,-0.002,1675,0,0
2701738,6.062,7.049,2.574,-0.082,0.032,-0.004,1674,0,0
2701757,6.062,7.051,2.641,-0.062,0.037,-0.013,1674,0,0
2701778,6.031,7.089,2.662,-0.069,0.028,-0.018,1674,0,0
2701798,6.067,7.118,2.600,-0.081,0.025,-0.015,1677,0,0
2701817,6.050,7.094,2.658,-0.071,0.031,-0.013,1674,0,0
2701837,6.021,7.089,2.665,-0.063,0.037,-0.020,1674,0,0
2701857,5.969,7.161,2.689,-0.067,0.031,-0.022,1673,0,0
2701877,5.986,7.178,2.691,-0.086,0.027,-0.015,1674,0,0
2701897,5.990,7.092,2.705,-0.089,0.034,-0.012,1674,0,0
2701917,6.012,7.003,2.693,-0.072,0.034,-0.021,1676,0,0
2701937,6.017,6.996,2.682,-0.072,0.031,-0.034,1674,0,0
2701957,6.060,6.958,2.682,-0.092,0.029,-0.043,1676,0,0
2701977,6.033,7.003,2.677,-0.086,0.034,-0.050,1675,0,0
2701997,6.026,7.132,2.734,-0.064,0.038,-0.057,1675,0,0
2702018,5.947,7.300,2.713,-0.064,0.038,-0.052,1676,0,0
2702037,5.897,7.372,2.777,-0.076,0.035,-0.035,1674,0,0
2702057,5.878,7.386,2.842,-0.082,0.023,-0.027,1674,0,0
2702077,5.895,7.367,2.825,-0.075,0.010,-0.023,1673,0,0
2702097,5.911,7.374,2.753,-0.087,0.007,-0.005,1674,0,0
2702118,5.918,7.274,2.696,-0.082,0.015,0.005,1674,0,0
2702137,5.935,7.219,2.710,-0.078,0.011,0.011,1672,0,0
2702157,5.971,7.125,2.715,-0.093,0.011,0.019,1672,0,0
2702177,6.021,7.049,2.708,-0.082,0.014,0.014,1673,0,0
2702197,5.997,6.991,2.729,-0.078,0.017,0.004,1673,0,0
2702218,6.002,7.022,2.749,-0.085,0.017,-0.003,1673,0,0
2702238,5.976,7.039,2.772,-0.074,0.015,-0.011,1673,0,0
2702257,5.966,7.041,2.775,-0.081,0.012,-0.022,1674,0,0
2702277,5.974,7.116,2.746,-0.071,0.016,-0.021,1674,0,0
2702297,5.983,7.168,2.761,-0.063,0.020,-0.023,1675,0,0
2702318,5.935,7.211,2.840,-0.086,0.018,-0.022,1673,0,0
2702337,5.938,7.211,2.808,-0.078,0.008,-0.019,1672,0,0
2702357,5.945,7.238,2.744,-0.066,0.002,-0.014,1673,0,0
2702377,5.921,7.211,2.715,-0.075,0.006,-0.008,1673,0,0
2702398,5.928,7.166,2.715,-0.068,0.008,-0.004,1674,0,0
2702417,5.935,7.144,2.749,-0.079,0.009,-0.004,1674,0,0
2702437,5.966,7.159,2.722,-0.088,0.011,-0.005,1673,0,0
2702457,5.981,7.118,2.751,-0.077,0.018,-0.004,1673,0,0
2702477,5.981,7.106,2.784,-0.075,0.023,-0.003,1674,0,0
2702498,5.966,7.113,2.806,-0.055,0.024,-0.008,1674,0,0
2702517,5.952,7.142,2.825,-0.055,0.019,-0.007,1674,0,0
2702537,5.938,7.175,2.832,-0.065,0.016,-0.003,1673,0,0
2702558,5.962,7.151,2.830,-0.076,0.017,-0.000,1673,0,0
2702577,5.964,7.096,2.830,-0.057,0.016,-0.005,1673,0,0
2702597,5.974,7.099,2.832,-0.049,0.004,-0.008,1673,0,0
2702617,6.009,7.111,2.756,-0.062,0.002,-0.007,1672,0,0
2702637,5.993,7.101,2.775,-0.055,0.006,-0.008,1673,0,0
2702657,5.945,7.163,2.792,-0.047,0.005,-0.010,1674,0,0
2702677,5.947,7.185,2.806,-0.058,0.005,-0.008,1674,0,0
2702697,5.923,7.185,2.789,-0.052,0.000,-0.004,1673,0,0
2702717,5.945,7.233,2.796,-0.037,-0.002,-0.005,1674,0,0
2702737,5.923,7.240,2.794,-0.044,-0.004,0.002,1675,0,0
2702757,5.938,7.207,2.784,-0.066,-0.014,0.010,1675,0,0
2702777,5.971,7.104,2.741,-0.074,-0.013,0.013,1675,0,0
2702797,6.014,7.039,2.710,-0.058,-0.003,0.006,1674,0,0
2702817,6.007,7.044,2.772,-0.041,-0.001,-0.002,1675,0,0
2702838,5.997,7.094,2.756,-0.036,-0.007,-0.001,1673,0,0
2702858,5.988,7.108,2.741,-0.054,-0.012,-0.001,1675,0,0
2702877,6.021,7.113,2.744,-0.057,-0.012,-0.003,1675,0,0
2702897,5.974,7.113,2.725,-0.051,-0.006,-0.005,1675,0,0
2702917,5.966,7.140,2.705,-0.044,-0.008,-0.006,1675,0,0
2702937,5.952,7.178,2.696,-0.041,-0.009,-0.006,1675,0,0
2702957,5.966,7.192,2.717,-0.062,-0.008,-0.002,1675,0,0
2702977,5.997,7.154,2.672,-0.059,-0.005,0.001,1677,0,0
2702997,5.983,7.140,2.689,-0.049,0.001,0.003,1676,0,0
2703017,5.966,7.135,2.684,-0.049,-0.003,0.001,1675,0,0
2703038,6.000,7.144,2.655,-0.059,-0.009,0.001,1675,0,0
2703057,6.014,7.096,2.636,-0.076,-0.005,0.001,1676,0,0
2703078,6.021,7.087,2.605,-0.058,0.007,-0.000,1675,0,0
2703097,5.993,7.118,2.643,-0.055,0.014,-0.004,1676,0,0
2703117,5.983,7.147,2.682,-0.061,0.012,-0.002,1676,0,0
2703138,5.981,7.132,2.689,-0.070,0.007,-0.000,1676,0,0
2703157,6.000,7.135,2.703,-0.059,0.008,-0.004,1676,0,0
2703177,6.009,7.183,2.708,-0.053,0.009,-0.004,1676,0,0
2703198,5.990,7.175,2.727,-0.066,0.011,0.003,1675,0,0
2703217,5.997,7.087,2.684,-0.075,0.005,0.006,1674,0,0
2703237,6.021,7.068,2.665,-0.063,0.012,0.002,1675,0,0
2703257,6.005,7.089,2.686,-0.068,0.015,-0.009,1675,0,0
2703278,6.026,7.108,2.660,-0.064,0.009,-0.007,1675,0,0
2703297,6.033,7.111,2.622,-0.070,0.009,-0.006,1675,0,0
2703317,6.024,7.092,2.665,-0.071,0.017,-0.008,1675,0,0
2703337,5.990,7.123,2.667,-0.055,0.016,-0.010,1676,0,0
2703357,6.007,7.161,2.670,-0.062,0.021,-0.009,1677,0,0
2703377,6.000,7.156,2.722,-0.072,0.021,-0.009,1676,0,0
2703397,5.983,7.180,2.751,-0.056,0.018,-0.007,1675,0,0
2703417,5.997,7.219,2.732,-0.061,0.010,-0.001,1676,0,0
2703437,5.986,7.190,2.737,-0.071,0.013,0.007,1675,0,0
2703458,6.029,7.092,2.732,-0.066,0.014,0.008,1675,0,0
2703478,6.041,7.034,2.720,-0.060,0.012,0.003,1675,0,0
2703497,6.033,7.037,2.710,-0.060,0.007,-0.005,1675,0,0
2703518,6.041,7.061,2.660,-0.060,0.013,-0.006,1675,0,0
2703537,6.012,7.075,2.725,-0.059,0.015,-0.007,1675,0,0
2703557,6.012,7.096,2.763,-0.065,0.014,-0.009,1675,0,0
2703577,6.000,7.104,2.732,-0.070,0.007,-0.011,1675,0,0
2703597,6.007,7.118,2.749,-0.060,0.003,-0.015,1675,0,0
2703617,6.002,7.151,2.734,-0.053,0.003,-0.013,1676,0,0
2703637,6.002,7.168,2.693,-0.057,0.002,-0.011,1676,0,0
2703657,6.012,7.171,2.667,-0.070,0.002,-0.004,1675,0,0
2703677,6.031,7.147,2.631,-0.071,0.007,0.001,1677,0,0
2703697,6.024,7.111,2.636,-0.063,0.016,-0.004,1676,0,0
2703718,5.974,7.147,2.679,-0.054,0.018,-0.004,1675,0,0
2703737,5.971,7.163,2.679,-0.057,0.018,0.001,1676,0,0
2703757,5.978,7.116,2.703,-0.069,0.019,0.001,1675,0,0
2703777,6.038,7.125,2.703,-0.067,0.019,-0.002,1676,0,0
2703797,6.045,7.082,2.756,-0.073,0.022,0.002,1677,0,0
2703817,6.043,7.034,2.796,-0.071,0.017,-0.006,1676,0,0
2703837,6.050,7.099,2.813,-0.046,0.013,-0.010,1676,0,0
2703858,6.024,7.144,2.775,-0.057,0.009,-0.007,1675,0,0
2703877,5.990,7.120,2.765,-0.068,-0.000,-0.004,1676,0,0
2703897,6.021,7.084,2.715,-0.059,-0.003,-0.008,1676,0,0
2703918,6.014,7.068,2.648,-0.068,0.001,-0.011,1675,0,0
2703938,6.043,7.075,2.626,-0.064,0.005,-0.014,1676,0,0
2703957,6.033,7.094,2.667,-0.055,0.013,-0.013,1676,0,0
2703978,6.029,7.116,2.653,-0.062,0.013,-0.015,1676,0,0
2703997,6.031,7.128,2.672,-0.072,0.011,-0.015,1676,0,0
2704017,6.009,7.171,2.679,-0.056,0.020,-0.012,1676,0,0
2704037,6.000,7.233,2.729,-0.044,0.020,-0.007,1676,0,0
2704057,6.002,7.247,2.741,-0.068,0.017,0.002,1676,0,0
2704078,5.997,7.166,2.705,-0.076,0.014,0.009,1675,0,0
2704097,6.021,7.108,2.744,-0.070,0.016,0.011,1676,0,0
2704118,6.007,7.025,2.761,-0.092,0.011,0.009,1676,0,0
2704137,6.021,6.984,2.708,-0.071,0.009,0.001,1674,0,0
2704158,6.062,7.020,2.686,-0.062,0.016,-0.007,1676,0,0
2704177,6.072,7.044,2.739,-0.061,0.025,-0.007,1676,0,0
2704198,6.038,7.147,2.794,-0.047,0.019,-0.002,1676,0,0
2704218,6.026,7.173,2.794,-0.086,-0.004,-0.002,1676,0,0
2704237,6.033,7.089,2.717,-0.110,-0.016,-0.001,1676,0,0
2704257,5.981,7.180,2.650,-0.082,-0.014,0.009,1676,0,0
2704278,5.964,7.159,2.722,-0.131,-0.013,0.011,1675,0,0
2704298,6.041,7.096,2.629,-0.165,0.001,0.008,1675,0,0
2704317,6.019,7.163,2.729,-0.152,0.017,0.017,1673,0,0
2704337,6.021,6.998,2.878,-0.233,0.002,0.002,1670,0,0
2704357,6.060,6.965,2.854,-0.268,0.004,-0.036,1665,0,0
2704377,6.041,6.891,2.816,-0.225,0.002,-0.050,1663,0,0
2704397,6.177,7.144,3.342,-0.109,-0.141,0.001,1656,0,0
2704417,6.062,7.226,2.832,-0.261,-0.158,0.021,1647,0,0
2704437,6.045,7.008,3.012,-0.276,-0.171,0.025,1595,0,0
2704457,6.151,7.034,2.952,-0.211,-0.199,0.046,1532,0,0
2704477,6.203,7.123,3.244,-0.207,-0.257,0.103,1474,0,0
2704497,6.302,6.859,3.050,-0.338,-0.392,0.207,1414,0,0
2704517,6.297,7.058,2.895,-0.099,-0.462,0.286,1361,0,0
2704537,6.529,7.463,2.629,-0.065,-0.452,0.363,1313,0,0
2704557,6.541,7.216,2.490,-0.426,-0.445,0.412,1249,0,0
2704577,6.316,7.233,2.792,-0.531,-0.489,0.505,1191,0,0
2704597,5.940,7.408,2.682,-0.394,-0.608,0.570,1135,0,0
2704617,6.065,7.439,3.551,-0.274,-0.853,0.717,1065,0,0
2704638,6.606,7.209,3.587,-0.023,-1.119,1.033,996,0,0
2704657,6.515,7.051,1.446,0.366,-0.954,1.163,965,0,0
2704677,7.604,6.311,0.692,0.302,-0.595,0.950,937,0,0
2704698,7.518,5.270,1.738,0.311,-0.229,0.787,915,1630,200
2704718,7.242,5.557,1.939,0.554,-0.198,0.698,898,2784,200
2704737,7.918,5.538,1.664,0.279,-0.097,0.541,894,3718,200
2704757,8.212,5.128,1.477,0.203,0.041,0.416,895,3944,200
2704778,7.752,5.128,1.626,0.376,0.195,0.384,902,4095,200
2704798,6.946,5.392,2.112,0.424,-0.065,0.389,910,4095,200
2704817,7.827,5.610,1.963,0.296,-0.169,0.411,916,4095,200
2704837,8.109,5.246,1.539,0.293,-0.149,0.316,927,4095,200
2704857,7.980,5.231,1.410,0.159,-0.125,0.285,938,4095,200
2704878,8.138,5.492,1.518,0.189,0.016,0.233,944,4095,200
2704897,7.465,5.406,1.729,0.141,-0.074,0.271,952,4095,200
2704917,8.574,5.717,1.559,0.059,-0.070,0.176,959,4095,200
2704937,7.779,5.078,1.374,0.031,-0.026,0.103,963,4095,200
2704958,8.550,5.511,1.255,-0.024,0.051,0.025,969,4095,200
2704978,7.752,5.102,1.192,-0.046,0.096,-0.013,974,4095,200
2704997,8.279,5.737,1.492,-0.086,0.137,-0.041,976,4095,200
2705018,7.633,5.088,1.508,-0.043,0.051,0.001,979,4095,200
2705038,8.511,5.842,1.437,-0.015,0.080,-0.008,983,4095,200
2705057,7.819,5.334,1.195,-0.008,0.112,0.013,983,4095,200
2705077,8.238,5.883,1.506,-0.023,0.159,-0.007,985,4095,200
2705097,7.532,5.516,1.575,-0.028,0.057,0.054,988,4095,200
2705117,8.238,5.583,1.583,-0.040,0.050,0.036,990,4095,200
2705138,8.325,5.827,1.635,-0.055,0.021,0.053,992,4095,200
2705157,8.162,5.346,1.465,-0.050,0.064,0.004,995,4095,200
2705177,8.174,5.796,1.573,-0.075,0.091,0.025,998,4095,200
2705198,7.683,5.253,1.750,-0.074,0.066,0.014,1002,4095,200
2705217,8.322,5.825,1.851,-0.061,0.002,0.035,1004,4095,200
2705237,7.764,5.116,1.580,-0.060,-0.017,0.015,1005,4095,200
2705257,8.509,5.703,1.654,-0.076,0.013,0.007,1007,4095,200
2705277,7.745,5.121,1.520,-0.049,-0.005,0.019,1007,4095,200
2705298,8.162,5.382,1.537,-0.050,0.015,-0.019,1005,4095,200
2705317,7.817,5.320,1.446,-0.067,-0.012,0.002,1008,4095,200
2705337,8.298,5.547,1.518,-0.100,0.013,-0.035,1008,4095,200
2705358,7.930,5.476,1.458,-0.071,0.032,-0.001,1009,4095,200
2705377,8.059,5.466,1.468,-0.060,0.055,-0.023,1010,4095,200
2705397,7.973,5.808,1.595,-0.074,0.035,0.028,1011,4095,200
2705418,7.973,5.397,1.506,-0.074,0.024,-0.006,1013,4095,200
2705438,8.222,5.808,1.640,-0.058,0.030,0.023,1012,4095,200
2705457,7.889,5.294,1.516,-0.046,0.045,-0.006,1013,4095,200
2705477,8.217,5.780,1.707,-0.068,0.020,0.029,1015,4095,200
2705497,7.906,5.183,1.537,-0.045,0.019,0.008,1017,4095,200
2705518,8.265,5.787,1.729,-0.060,0.002,0.031,1018,4095,200
2705538,7.908,5.155,1.575,-0.082,-0.022,-0.013,1020,4095,200
2705557,8.358,5.689,1.556,-0.139,0.000,-0.031,1020,4095,200
2705577,7.879,5.119,1.525,-0.124,0.037,-0.074,1021,4095,200
2705598,8.135,5.696,1.666,-0.093,-0.001,-0.017,1021,4095,200
2705618,7.958,5.344,1.460,-0.065,0.006,-0.034,1022,4095,200
2705637,8.104,5.818,1.528,-0.058,0.038,0.013,1023,4095,200
2705657,8.042,5.447,1.537,-0.079,0.050,-0.027,1024,4095,200
2705678,7.932,5.595,1.690,-0.132,0.007,-0.007,1030,4095,200
2705698,8.078,5.370,1.633,-0.112,0.006,-0.054,1033,4095,200
2705717,7.954,5.535,1.463,-0.036,0.008,0.023,1033,4095,200
2705737,8.104,5.775,1.707,-0.071,0.014,0.024,1035,4095,200
2705758,7.906,5.274,1.458,-0.096,-0.017,0.054,1034,4095,200
2705777,8.327,5.617,1.623,-0.119,0.029,0.012,1036,4095,200
2705797,7.803,4.891,1.551,-0.099,0.021,0.011,1037,4095,200
2705817,8.327,5.612,1.848,-0.066,0.020,-0.032,1038,4095,200
2705838,7.717,5.025,1.628,-0.084,-0.032,-0.022,1039,4095,200
2705857,8.444,5.789,1.872,-0.089,-0.050,-0.010,1039,4095,200
2705877,7.798,5.016,1.597,-0.059,-0.033,-0.006,1039,4095,200
2705897,8.487,5.806,1.784,-0.056,-0.018,-0.024,1038,4095,200
2705918,7.695,5.057,1.614,-0.062,-0.040,-0.065,1039,4095,200
2705938,8.073,5.789,1.836,-0.087,-0.114,-0.071,1039,4095,200
2705957,7.400,5.483,2.119,-0.128,-0.305,-0.104,1040,4095,200
2705977,7.532,5.353,2.157,-0.227,-0.578,-0.026,1039,4093,200
2705997,8.485,5.861,1.671,-0.189,-0.568,-0.054,1036,3765,200
2706018,8.440,5.602,0.991,-0.102,-0.438,-0.037,1032,3067,200
2706037,7.879,5.126,0.804,-0.108,-0.254,-0.039,1038,2605,200
2706057,7.970,4.793,0.606,-0.147,-0.093,-0.130,1041,721,200
2706077,8.171,4.863,0.888,-0.202,0.113,-0.373,1058,0,0
2706097,8.162,4.762,0.285,-0.363,0.393,-0.554,1090,0,0
2706118,8.128,5.665,0.180,-0.535,0.856,-0.723,1151,0,0
2706137,7.937,5.930,0.505,-0.615,1.147,-0.749,1237,0,0
2706157,7.535,6.076,0.725,-0.783,1.241,-0.784,1334,0,0
2706177,7.712,5.535,0.486,-0.924,1.449,-0.781,1444,0,0
2706197,7.453,5.497,1.556,-0.814,1.773,-0.716,1534,0,0
2706217,7.300,6.215,1.264,-0.317,2.167,-0.554,1631,0,0
2706237,6.328,5.004,0.742,-0.189,2.382,-0.109,1703,0,0
2706257,6.069,6.151,6.620,-0.110,1.756,-0.438,1772,0,0
2706277,5.978,5.466,4.633,-1.274,1.414,-0.590,1821,0,0
2706297,6.076,6.254,6.148,-1.087,0.825,-0.539,1847,0,0
2706318,5.997,6.493,4.949,-0.466,0.508,-0.378,1863,0,0
2706337,6.055,6.907,5.641,0.014,0.359,-0.218,1873,0,0
2706357,5.983,7.190,5.605,-0.167,0.248,-0.132,1881,0,0
2706377,5.950,6.914,5.483,-0.167,0.180,-0.057,1882,0,0
2706397,5.744,6.608,5.318,-0.107,0.122,0.023,1881,0,0
2706418,5.780,6.134,5.239,-0.224,-0.023,0.072,1882,0,0
2706437,6.100,5.856,5.234,-0.072,-0.141,0.058,1881,0,0
2706458,6.282,5.737,4.779,-0.132,-0.153,0.023,1877,0,0
2706478,6.201,5.588,4.501,-0.120,-0.079,-0.010,1872,0,0
2706497,6.000,5.650,4.286,-0.042,-0.041,-0.041,1870,0,0
2706517,6.019,5.839,4.492,-0.023,-0.110,-0.030,1870,0,0
2706537,6.211,5.906,4.530,-0.136,-0.179,-0.033,1869,0,0
2706557,6.318,5.887,4.338,-0.130,-0.155,-0.043,1868,0,0
2706578,6.244,5.950,4.159,-0.047,-0.056,-0.052,1867,0,0
2706597,6.062,6.141,4.096,-0.025,0.019,-0.055,1863,0,0
2706618,5.974,6.263,4.219,-0.036,-0.046,-0.048,1862,0,0
2706638,6.093,6.199,4.446,-0.115,-0.136,-0.028,1858,0,0
2706657,6.155,6.187,4.341,-0.094,-0.172,-0.025,1855,0,0
2706677,6.246,6.223,4.178,-0.011,-0.120,-0.023,1851,0,0
2706697,6.182,6.359,4.092,-0.017,-0.018,0.006,1848,0,0
2706717,6.055,6.273,4.221,-0.096,0.012,0.021,1847,0,0
2706737,6.072,6.105,4.307,-0.112,-0.015,0.028,1843,0,0
2706758,6.100,6.038,4.465,-0.125,-0.041,0.017,1839,0,0
2706777,6.244,5.892,4.561,-0.114,-0.071,0.007,1832,0,0
2706797,6.278,5.883,4.384,-0.072,-0.063,-0.012,1825,0,0
2706818,6.268,5.959,4.329,-0.045,-0.050,-0.031,1822,0,0
2706837,6.275,5.971,4.338,-0.078,-0.030,-0.035,1822,0,0
2706857,6.237,5.930,4.355,-0.101,0.002,-0.027,1822,0,0
2706877,6.194,5.983,4.377,-0.046,0.006,-0.020,1822,0,0
2706897,6.175,6.105,4.405,-0.035,-0.021,-0.021,1821,0,0
2706917,6.203,6.110,4.353,-0.071,-0.047,-0.029,1820,0,0
2706937,6.223,6.074,4.266,-0.077,-0.051,-0.030,1819,0,0
2706957,6.227,6.103,4.187,-0.036,-0.025,-0.026,1816,0,0
2706977,6.172,6.146,4.168,-0.043,-0.004,-0.012,1814,0,0
2706998,6.213,6.096,4.180,-0.072,0.005,-0.010,1811,0,0
2707017,6.172,6.096,4.211,-0.080,0.015,-0.020,1811,0,0
2707037,6.141,6.139,4.190,-0.054,0.020,-0.013,1809,0,0
2707058,6.213,6.163,4.250,-0.035,0.025,0.003,1808,0,0
2707077,6.211,6.132,4.235,-0.049,0.055,0.013,1807,0,0
2707097,6.172,6.141,4.286,-0.031,0.051,0.016,1805,0,0
2707117,6.191,6.194,4.310,-0.040,0.006,0.016,1804,0,0
2707138,6.268,6.086,4.300,-0.093,-0.013,0.020,1803,0,0
2707158,6.263,5.952,4.274,-0.097,0.005,0.013,1799,0,0
2707178,6.213,5.966,4.281,-0.037,0.029,0.005,1797,0,0
2707197,6.194,6.038,4.302,-0.026,0.031,0.008,1795,0,0
2707217,6.239,6.000,4.290,-0.059,0.050,0.012,1794,0,0
2707237,6.189,5.935,4.379,-0.072,0.054,0.001,1794,0,0
2707257,6.170,5.950,4.444,-0.047,0.002,-0.016,1796,0,0
2707277,6.294,5.986,4.271,-0.050,-0.029,-0.016,1795,0,0
2707297,6.304,6.009,4.240,-0.063,0.006,-0.020,1794,0,0
2707317,6.196,6.057,4.314,-0.038,0.023,-0.027,1792,0,0
2707338,6.179,6.170,4.343,-0.026,0.006,-0.025,1789,0,0
2707357,6.191,6.191,4.312,-0.079,0.003,-0.015,1790,0,0
2707377,6.175,6.139,4.367,-0.085,0.001,-0.013,1789,0,0
2707398,6.201,6.170,4.300,-0.033,-0.001,-0.009,1787,0,0
2707418,6.215,6.211,4.259,-0.043,0.007,-0.003,1784,0,0
2707437,6.230,6.112,4.254,-0.074,0.012,0.002,1781,0,0
2707458,6.215,6.036,4.214,-0.071,0.009,0.008,1779,0,0
2707478,6.263,6.000,4.262,-0.041,-0.006,0.009,1776,0,0
2707497,6.280,6.026,4.290,-0.069,-0.011,0.002,1775,0,0
2707517,6.211,6.007,4.348,-0.074,-0.009,-0.010,1775,0,0
2707538,6.246,5.997,4.312,-0.041,-0.026,-0.010,1773,0,0
2707557,6.273,6.017,4.293,-0.056,-0.007,-0.011,1772,0,0
2707577,6.203,6.005,4.254,-0.048,0.023,-0.012,1772,0,0
2707597,6.213,6.117,4.312,-0.029,-0.001,-0.016,1771,0,0
2707617,6.203,6.127,4.283,-0.077,-0.010,-0.010,1771,0,0
2707638,6.220,6.041,4.307,-0.072,-0.021,-0.014,1767,0,0
2707657,6.237,6.122,4.214,-0.029,-0.025,-0.015,1767,0,0
2707677,6.266,6.160,4.190,-0.039,-0.006,-0.008,1766,0,0
2707698,6.215,6.060,4.209,-0.074,0.001,-0.009,1764,0,0
2707717,6.232,6.043,4.156,-0.048,-0.005,-0.011,1762,0,0
2707737,6.251,6.122,4.168,-0.035,0.002,-0.007,1762,0,0
2707758,6.242,6.096,4.197,-0.070,0.007,-0.005,1760,0,0
2707777,6.225,6.041,4.219,-0.080,0.002,-0.005,1759,0,0
2707797,6.230,6.041,4.168,-0.048,-0.010,-0.012,1759,0,0
2707818,6.273,6.112,4.171,-0.041,0.002,-0.011,1758,0,0
2707837,6.239,6.163,4.185,-0.044,0.032,-0.009,1758,0,0
2707857,6.141,6.141,4.254,-0.051,0.031,-0.006,1758,0,0
2707878,6.199,6.112,4.307,-0.067,-0.006,-0.005,1757,0,0
2707897,6.285,6.055,4.235,-0.084,-0.009,-0.003,1756,0,0
2707918,6.285,5.990,4.202,-0.077,0.005,-0.012,1755,0,0
2707937,6.275,6.024,4.142,-0.033,0.009,-0.014,1754,0,0
