2874712,4.978,4.721,6.754,-0.042,0.032,0.006,1849,0,0
2874732,4.980,4.748,6.721,-0.057,0.023,0.014,1849,0,0
2874752,5.018,4.633,6.680,-0.091,0.018,0.009,1849,0,0
2874772,5.042,4.568,6.761,-0.081,0.022,-0.001,1851,0,0
2874792,5.057,4.647,6.804,-0.048,0.033,0.000,1850,0,0
2874812,5.001,4.695,6.790,-0.054,0.026,0.011,1849,0,0
2874832,4.997,4.681,6.790,-0.057,0.011,0.006,1850,0,0
2874852,5.011,4.666,6.749,-0.077,-0.001,-0.004,1850,0,0
2874872,5.004,4.654,6.756,-0.074,0.006,-0.008,1850,0,0
2874892,4.992,4.630,6.735,-0.064,0.018,-0.000,1848,0,0
2874912,5.009,4.630,6.709,-0.042,0.022,-0.001,1850,0,0
2874932,5.037,4.623,6.687,-0.064,0.017,-0.008,1849,0,0
2874952,5.073,4.606,6.675,-0.076,0.018,-0.012,1850,0,0
2874972,5.073,4.575,6.711,-0.062,0.024,-0.013,1849,0,0
2874992,5.059,4.628,6.735,-0.046,0.026,-0.015,1849,0,0
2875012,5.023,4.702,6.740,-0.063,0.020,-0.019,1850,0,0
2875032,4.978,4.743,6.768,-0.066,0.010,-0.018,1850,0,0
2875052,4.949,4.815,6.747,-0.053,-0.002,-0.012,1849,0,0
2875072,4.963,4.779,6.749,-0.069,0.013,-0.002,1850,0,0
2875092,4.958,4.729,6.752,-0.055,0.022,0.007,1848,0,0
2875112,4.951,4.707,6.701,-0.044,0.020,0.008,1848,0,0
2875132,4.999,4.640,6.658,-0.072,0.016,0.006,1848,0,0
2875152,5.033,4.590,6.756,-0.074,0.018,0.002,1847,0,0
2875172,5.045,4.551,6.840,-0.048,0.025,0.000,1848,0,0
2875192,5.042,4.568,6.835,-0.037,0.017,-0.009,1847,0,0
2875212,5.028,4.618,6.812,-0.061,0.005,-0.015,1847,0,0
2875232,5.016,4.652,6.761,-0.070,0.002,-0.018,1848,0,0
2875252,4.990,4.647,6.759,-0.054,0.005,-0.011,1847,0,0
2875272,4.992,4.702,6.768,-0.029,-0.005,-0.011,1847,0,0
2875292,4.994,4.757,6.685,-0.054,-0.014,-0.016,1848,0,0
2875312,5.011,4.731,6.618,-0.075,-0.011,-0.016,1847,0,0
2875332,5.033,4.743,6.586,-0.059,0.009,-0.011,1847,0,0
2875352,5.004,4.760,6.646,-0.050,0.022,-0.006,1846,0,0
2875372,5.006,4.733,6.709,-0.056,0.032,0.001,1847,0,0
2875392,4.990,4.762,6.718,-0.058,0.025,-0.005,1845,0,0
2875412,4.985,4.736,6.744,-0.079,0.010,0.001,1847,0,0
2875432,5.049,4.676,6.768,-0.072,0.015,0.005,1848,0,0
2875452,5.013,4.654,6.783,-0.058,0.023,0.007,1847,0,0
2875472,4.997,4.654,6.699,-0.045,0.019,0.007,1846,0,0
2875492,5.001,4.650,6.677,-0.066,0.016,-0.001,1846,0,0
2875512,4.980,4.633,6.759,-0.086,0.015,-0.003,1847,0,0
2875532,4.985,4.597,6.826,-0.069,0.018,-0.010,1846,0,0
2875552,5.009,4.642,6.802,-0.038,0.019,-0.012,1847,0,0
2875572,4.992,4.669,6.776,-0.052,0.017,-0.009,1847,0,0
2875592,5.033,4.621,6.756,-0.062,0.011,-0.008,1847,0,0
2875612,5.030,4.628,6.711,-0.064,0.009,-0.018,1848,0,0
2875632,5.006,4.707,6.673,-0.063,0.018,-0.022,1849,0,0
2875652,4.951,4.786,6.766,-0.061,0.024,-0.017,1848,0,0
2875672,4.939,4.822,6.809,-0.056,0.017,-0.007,1850,0,0
2875692,4.934,4.851,6.802,-0.059,0.009,-0.004,1850,0,0
2875712,4.963,4.781,6.790,-0.071,-0.002,0.004,1848,0,0
2875732,4.978,4.697,6.749,-0.082,-0.006,0.013,1849,0,0
2875752,5.033,4.592,6.716,-0.051,-0.006,0.009,1846,0,0
2875772,5.040,4.599,6.668,-0.043,0.012,0.007,1849,0,0
2875792,5.054,4.575,6.665,-0.069,0.018,-0.003,1848,0,0
2875812,5.040,4.590,6.716,-0.072,0.016,-0.011,1848,0,0
2875832,5.009,4.602,6.788,-0.061,0.006,-0.011,1846,0,0
2875852,5.013,4.645,6.740,-0.058,0.009,-0.013,1847,0,0
2875872,5.016,4.693,6.759,-0.052,0.013,-0.014,1847,0,0
2875892,4.987,4.755,6.759,-0.054,0.007,-0.013,1846,0,0
2875912,4.999,4.731,6.766,-0.073,-0.008,-0.009,1846,0,0
2875932,5.009,4.681,6.704,-0.062,-0.001,-0.006,1848,0,0
2875952,4.990,4.717,6.620,-0.053,0.013,-0.002,1846,0,0
2875972,5.001,4.717,6.651,-0.059,0.014,0.000,1847,0,0
2875992,5.035,4.650,6.680,-0.084,0.021,-0.005,1849,0,0
2876012,5.047,4.638,6.730,-0.066,0.023,-0.011,1847,0,0
2876032,5.033,4.697,6.725,-0.064,0.025,-0.005,1846,0,0
2876052,5.011,4.685,6.732,-0.074,0.027,0.003,1846,0,0
2876072,4.990,4.630,6.771,-0.068,0.017,-0.000,1847,0,0
2876092,4.990,4.681,6.752,-0.050,0.010,-0.009,1846,0,0
2876112,4.966,4.729,6.718,-0.068,0.014,-0.010,1846,0,0
2876132,4.978,4.719,6.740,-0.071,0.019,-0.001,1848,0,0
2876152,4.992,4.650,6.689,-0.058,0.023,0.008,1846,0,0
2876172,5.033,4.573,6.771,-0.066,0.025,0.001,1845,0,0
2876192,5.011,4.554,6.773,-0.066,0.007,-0.014,1846,0,0
2876212,5.013,4.568,6.752,-0.061,-0.001,-0.024,1846,0,0
2876232,5.018,4.664,6.704,-0.059,0.020,-0.019,1847,0,0
2876252,4.980,4.705,6.780,-0.048,0.037,-0.013,1846,0,0
2876272,4.951,4.784,6.828,-0.058,0.017,-0.012,1846,0,0
2876292,4.975,4.764,6.821,-0.070,-0.008,-0.011,1846,0,0
2876312,4.978,4.767,6.785,-0.061,-0.003,-0.003,1846,0,0
2876332,4.978,4.755,6.754,-0.050,0.009,0.003,1846,0,0
2876352,4.985,4.676,6.728,-0.065,0.009,0.005,1845,0,0
2876372,4.980,4.597,6.699,-0.065,-0.005,-0.002,1846,0,0
2876392,5.057,4.594,6.658,-0.066,-0.012,-0.003,1846,0,0
2876412,5.078,4.611,6.663,-0.059,0.014,-0.004,1846,0,0
2876432,5.040,4.623,6.711,-0.059,0.031,-0.005,1845,0,0
2876452,5.021,4.638,6.778,-0.051,0.024,-0.007,1846,0,0
2876472,5.004,4.709,6.809,-0.058,0.005,-0.011,1846,0,0
2876492,4.990,4.726,6.797,-0.074,-0.005,-0.012,1845,0,0
2876512,4.961,4.724,6.773,-0.052,0.001,-0.005,1846,0,0
2876532,4.973,4.755,6.754,-0.042,0.001,0.000,1847,0,0
2876552,4.975,4.719,6.670,-0.069,0.007,0.004,1846,0,0
2876572,5.013,4.657,6.670,-0.078,0.011,0.001,1845,0,0
2876592,5.016,4.633,6.711,-0.064,0.019,-0.004,1846,0,0
2876612,5.025,4.623,6.771,-0.058,0.016,-0.004,1847,0,0
2876632,5.049,4.642,6.797,-0.060,0.022,-0.003,1846,0,0
2876652,5.011,4.614,6.802,-0.063,0.009,-0.006,1846,0,0
2876672,5.042,4.614,6.809,-0.049,-0.007,-0.013,1846,0,0
2876692,5.037,4.592,6.776,-0.062,-0.010,-0.017,1846,0,0
2876712,5.021,4.666,6.728,-0.051,-0.006,-0.017,1848,0,0
2876732,5.009,4.673,6.689,-0.051,-0.000,-0.011,1847,0,0
2876752,5.011,4.676,6.677,-0.043,0.001,-0.007,1846,0,0
2876772,5.021,4.681,6.608,-0.052,-0.000,-0.014,1847,0,0
2876792,5.028,4.681,6.644,-0.067,0.006,-0.019,1846,0,0
2876812,5.001,4.712,6.651,-0.058,0.012,-0.018,1845,0,0
2876832,5.021,4.788,6.661,-0.044,0.022,-0.013,1846,0,0
2876852,4.985,4.805,6.764,-0.062,0.030,-0.000,1847,0,0
2876872,4.963,4.762,6.821,-0.059,0.024,0.005,1846,0,0
2876892,4.985,4.764,6.840,-0.057,-0.000,-0.003,1845,0,0
2876912,5.016,4.695,6.790,-0.078,-0.014,-0.002,1846,0,0
2876932,5.021,4.645,6.744,-0.058,-0.011,0.000,1846,0,0
2876952,5.033,4.633,6.646,-0.046,0.006,0.009,1846,0,0
2876972,5.047,4.583,6.646,-0.054,0.011,0.003,1845,0,0
2876992,5.035,4.561,6.677,-0.073,0.006,-0.015,1846,0,0
2877012,5.076,4.547,6.675,-0.083,-0.001,-0.027,1847,0,0
2877032,5.080,4.614,6.680,-0.053,0.016,-0.025,1846,0,0
2877052,5.052,4.707,6.740,-0.044,0.033,-0.018,1846,0,0
2877072,5.013,4.729,6.749,-0.069,0.014,-0.021,1844,0,0
2877092,5.025,4.767,6.723,-0.074,-0.010,-0.023,1845,0,0
2877112,5.035,4.815,6.651,-0.065,-0.006,-0.018,1845,0,0
2877132,4.999,4.822,6.618,-0.063,0.013,-0.006,1846,0,0
2877152,5.011,4.750,6.627,-0.070,0.018,0.005,1846,0,0
2877172,5.035,4.702,6.625,-0.071,0.026,0.006,1844,0,0
2877192,5.021,4.681,6.625,-0.065,0.032,-0.002,1846,0,0
2877212,4.990,4.705,6.721,-0.077,0.026,-0.005,1846,0,0
2877232,5.025,4.650,6.768,-0.087,0.019,-0.001,1846,0,0
2877252,5.023,4.614,6.749,-0.056,0.033,0.001,1845,0,0
2877272,5.042,4.697,6.766,-0.048,0.035,0.001,1845,0,0
2877292,5.013,4.683,6.780,-0.084,0.024,-0.003,1844,0,0
2877312,5.042,4.571,6.783,-0.080,-0.000,-0.008,1845,0,0
2877332,5.023,4.671,6.747,-0.040,0.006,-0.012,1845,0,0
2877352,4.994,4.741,6.716,-0.059,0.018,-0.003,1845,0,0
2877372,4.997,4.705,6.740,-0.068,0.021,0.001,1844,0,0
2877392,5.006,4.666,6.675,-0.068,0.009,-0.002,1845,0,0
2877412,5.064,4.633,6.658,-0.068,0.004,-0.007,1845,0,0
2877432,5.078,4.628,6.586,-0.077,0.020,-0.008,1845,0,0
2877452,5.054,4.664,6.610,-0.054,0.047,0.001,1844,0,0
2877472,5.006,4.724,6.632,-0.058,0.061,-0.000,1844,0,0
2877492,4.963,4.788,6.723,-0.087,0.060,-0.005,1844,0,0
2877512,4.927,4.755,6.881,-0.104,0.033,-0.006,1843,0,0
2877532,4.966,4.707,6.953,-0.089,0.013,-0.001,1844,0,0
2877552,4.975,4.642,6.929,-0.066,0.027,0.005,1845,0,0
2877572,4.951,4.652,6.883,-0.056,0.020,0.008,1845,0,0
2877592,4.999,4.544,6.823,-0.087,-0.004,0.006,1845,0,0
2877612,5.042,4.475,6.701,-0.083,-0.002,-0.004,1846,0,0
2877632,5.047,4.513,6.692,-0.064,0.019,-0.015,1843,0,0
2877652,5.001,4.604,6.704,-0.064,0.033,-0.013,1845,0,0
2877672,4.990,4.652,6.780,-0.050,0.034,-0.012,1846,0,0
2877692,4.968,4.681,6.857,-0.061,0.022,-0.014,1846,0,0
2877712,4.990,4.630,6.888,-0.076,0.002,-0.017,1845,0,0
2877732,5.013,4.650,6.876,-0.064,-0.004,-0.015,1845,0,0
2877752,5.030,4.659,6.826,-0.037,-0.003,-0.008,1846,0,0
2877772,5.025,4.662,6.768,-0.052,-0.001,-0.001,1846,0,0
2877792,5.004,4.626,6.768,-0.050,-0.001,-0.008,1846,0,0
2877812,4.978,4.678,6.711,-0.047,-0.014,-0.018,1846,0,0
2877832,4.980,4.733,6.620,-0.053,-0.007,-0.012,1843,0,0
2877852,4.927,4.741,6.689,-0.044,0.016,-0.002,1846,0,0
2877872,4.930,4.743,6.792,-0.033,0.030,0.002,1846,0,0
2877892,4.942,4.731,6.857,-0.054,0.027,0.001,1845,0,0
2877912,4.946,4.654,6.869,-0.062,0.004,0.002,1847,0,0
2877932,5.021,4.606,6.845,-0.034,-0.014,-0.000,1844,0,0
2877952,5.061,4.551,6.835,-0.045,-0.014,-0.001,1845,0,0
2877972,5.066,4.561,6.807,-0.038,-0.015,-0.009,1845,0,0
2877992,5.052,4.573,6.661,-0.041,-0.025,-0.016,1845,0,0
2878012,5.064,4.573,6.594,-0.050,-0.021,-0.024,1845,0,0
2878032,5.052,4.633,6.601,-0.041,-0.003,-0.028,1845,0,0
2878052,5.028,4.741,6.596,-0.029,0.009,-0.029,1847,0,0
2878072,5.016,4.860,6.615,-0.050,0.013,-0.026,1846,0,0
2878092,4.954,4.922,6.689,-0.057,0.021,-0.014,1845,0,0
2878112,4.937,4.875,6.752,-0.058,0.010,-0.001,1845,0,0
2878132,4.946,4.834,6.761,-0.057,0.003,0.006,1846,0,0
2878152,4.994,4.774,6.749,-0.062,0.001,0.009,1846,0,0
2878172,5.018,4.702,6.706,-0.064,0.009,0.015,1846,0,0
2878192,5.100,4.566,6.716,-0.068,0.014,0.015,1845,0,0
2878212,5.104,4.477,6.713,-0.059,0.007,0.000,1845,0,0
2878232,5.092,4.503,6.685,-0.055,0.001,-0.018,1846,0,0
2878252,5.066,4.592,6.754,-0.053,0.006,-0.023,1846,0,0
2878272,5.030,4.673,6.785,-0.057,0.002,-0.018,1844,0,0
2878292,5.025,4.693,6.747,-0.059,-0.004,-0.017,1845,0,0
2878312,5.013,4.690,6.728,-0.057,-0.003,-0.019,1845,0,0
2878332,5.021,4.731,6.651,-0.048,-0.009,-0.023,1845,0,0
2878352,5.018,4.820,6.606,-0.050,-0.001,-0.016,1845,0,0
2878372,4.987,4.820,6.577,-0.067,0.012,-0.011,1844,0,0
2878392,5.023,4.779,6.627,-0.072,0.009,-0.007,1844,0,0
2878412,5.040,4.762,6.618,-0.073,0.012,-0.006,1845,0,0
2878432,5.023,4.772,6.656,-0.070,0.018,-0.006,1845,0,0
2878452,5.013,4.805,6.697,-0.065,0.023,0.002,1845,0,0
2878472,5.049,4.714,6.785,-0.073,0.021,0.010,1846,0,0
2878492,5.059,4.662,6.785,-0.063,0.015,0.007,1845,0,0
2878512,5.035,4.638,6.689,-0.054,0.010,0.007,1844,0,0
2878532,5.054,4.654,6.730,-0.058,0.007,-0.002,1843,0,0
2878552,5.035,4.597,6.766,-0.088,0.002,-0.007,1845,0,0
2878572,5.011,4.587,6.740,-0.055,0.003,-0.010,1844,0,0
2878592,5.047,4.645,6.685,-0.039,0.010,-0.013,1844,0,0
2878612,5.042,4.671,6.658,-0.054,0.020,-0.013,1844,0,0
2878632,5.059,4.638,6.723,-0.071,0.006,-0.019,1845,0,0
2878652,5.066,4.669,6.709,-0.061,-0.001,-0.022,1845,0,0
2878672,5.006,4.769,6.673,-0.047,0.002,-0.020,1845,0,0
2878692,5.006,4.875,6.689,-0.050,0.010,-0.012,1845,0,0
2878712,4.997,4.836,6.730,-0.071,0.005,-0.001,1845,0,0
2878732,5.009,4.752,6.704,-0.060,-0.004,0.002,1845,0,0
2878752,5.013,4.741,6.665,-0.052,0.001,0.003,1844,0,0
2878772,5.009,4.736,6.692,-0.068,0.003,0.007,1844,0,0
2878792,5.040,4.690,6.656,-0.064,-0.002,0.012,1845,0,0
2878812,5.076,4.599,6.642,-0.054,0.009,0.006,1845,0,0
2878832,5.083,4.583,6.620,-0.056,0.008,-0.009,1844,0,0
2878852,5.073,4.594,6.668,-0.071,0.008,-0.013,1846,0,0
2878872,5.090,4.626,6.723,-0.064,0.011,-0.010,1845,0,0
2878892,5.076,4.681,6.780,-0.046,0.023,-0.007,1845,0,0
2878912,5.028,4.702,6.780,-0.044,0.015,-0.014,1846,0,0
2878932,5.037,4.705,6.749,-0.066,-0.018,-0.022,1845,0,0
2878952,5.061,4.731,6.706,-0.068,-0.024,-0.017,1844,0,0
2878972,5.042,4.757,6.661,-0.046,-0.002,-0.012,1844,0,0
2878992,5.030,4.791,6.577,-0.045,0.007,-0.003,1846,0,0
2879012,5.045,4.784,6.577,-0.071,0.011,-0.003,1844,0,0
2879032,5.037,4.693,6.603,-0.085,0.014,-0.007,1844,0,0
2879052,5.030,4.717,6.649,-0.046,0.017,-0.007,1845,0,0
2879072,5.037,4.793,6.673,-0.057,0.017,-0.003,1845,0,0
2879092,5.042,4.779,6.694,-0.073,0.014,0.002,1844,0,0
2879112,5.104,4.702,6.721,-0.072,0.018,0.003,1845,0,0
2879132,5.069,4.673,6.699,-0.063,0.019,0.001,1844,0,0
2879152,5.052,4.650,6.663,-0.050,0.001,-0.005,1845,0,0
2879172,5.076,4.683,6.677,-0.072,0.001,-0.007,1845,0,0
2879192,5.073,4.671,6.646,-0.063,0.018,-0.007,1845,0,0
2879212,5.054,4.652,6.651,-0.049,0.035,-0.010,1844,0,0
2879232,5.035,4.671,6.694,-0.058,0.022,-0.013,1844,0,0
2879252,5.078,4.678,6.697,-0.075,0.000,-0.015,1844,0,0
2879272,5.095,4.676,6.701,-0.071,0.013,-0.012,1844,0,0
2879292,5.071,4.709,6.718,-0.037,0.023,-0.010,1842,0,0
2879312,5.042,4.774,6.749,-0.054,0.005,-0.009,1843,0,0
2879332,5.037,4.743,6.716,-0.085,-0.009,-0.008,1847,0,0
2879352,5.035,4.741,6.646,-0.055,0.003,-0.007,1844,0,0
2879372,5.035,4.810,6.627,-0.038,0.017,0.003,1845,0,0
2879392,5.025,4.736,6.716,-0.075,0.024,0.006,1845,0,0
2879412,5.049,4.669,6.800,-0.076,-0.003,0.001,1844,0,0
2879432,5.090,4.654,6.682,-0.063,-0.004,0.001,1844,0,0
2879452,5.085,4.640,6.601,-0.043,0.010,-0.002,1844,0,0
2879472,5.097,4.664,6.668,-0.057,0.013,-0.008,1844,0,0
2879492,5.102,4.606,6.744,-0.087,0.010,-0.010,1844,0,0
2879512,5.080,4.621,6.773,-0.056,0.009,-0.013,1844,0,0
2879532,5.045,4.738,6.687,-0.029,0.004,-0.014,1845,0,0
2879552,5.037,4.767,6.656,-0.061,-0.009,-0.014,1844,0,0
2879572,5.059,4.736,6.675,-0.072,-0.010,-0.015,1844,0,0
2879592,5.054,4.741,6.618,-0.061,-0.000,-0.008,1844,0,0
2879612,5.049,4.772,6.570,-0.038,0.012,-0.004,1844,0,0
2879632,5.054,4.779,6.551,-0.054,0.014,0.002,1843,0,0
2879652,5.059,4.752,6.630,-0.069,0.023,-0.005,1845,0,0
2879672,5.071,4.695,6.699,-0.085,0.012,-0.010,1843,0,0
2879692,5.076,4.705,6.716,-0.063,0.010,-0.009,1845,0,0
2879712,5.061,4.702,6.723,-0.046,0.019,-0.001,1844,0,0
2879732,5.059,4.666,6.737,-0.046,0.019,0.003,1844,0,0
2879752,5.080,4.657,6.694,-0.069,0.004,-0.008,1845,0,0
2879772,5.109,4.635,6.680,-0.077,-0.019,-0.016,1844,0,0
2879792,5.114,4.638,6.618,-0.059,-0.010,-0.018,1844,0,0
2879812,5.057,4.731,6.606,-0.030,0.019,-0.013,1844,0,0
2879832,5.011,4.822,6.653,-0.045,0.026,-0.005,1843,0,0
2879852,5.009,4.781,6.689,-0.074,0.007,-0.010,1844,0,0
2879872,5.071,4.729,6.680,-0.074,-0.012,-0.014,1843,0,0
2879892,5.083,4.697,6.685,-0.057,0.003,-0.010,1843,0,0
2879912,5.085,4.719,6.634,-0.037,0.016,-0.005,1843,0,0
2879932,5.071,4.717,6.601,-0.048,0.019,-0.005,1843,0,0
2879952,5.083,4.702,6.613,-0.077,0.009,-0.011,1843,0,0
2879972,5.069,4.697,6.680,-0.074,0.011,-0.013,1843,0,0
2879992,5.061,4.750,6.709,-0.053,0.016,-0.007,1843,0,0
2880012,5.021,4.824,6.783,-0.039,0.017,0.002,1842,0,0
2880032,5.037,4.805,6.761,-0.058,0.002,0.002,1843,0,0
2880052,5.054,4.748,6.701,-0.072,-0.008,0.000,1843,0,0
2880072,5.102,4.657,6.637,-0.070,-0.011,0.002,1842,0,0
2880092,5.104,4.616,6.572,-0.042,-0.000,-0.002,1843,0,0
2880112,5.119,4.650,6.570,-0.054,0.008,-0.002,1843,0,0
2880132,5.114,4.633,6.613,-0.063,0.009,-0.010,1843,0,0
2880152,5.104,4.669,6.706,-0.072,0.013,-0.014,1842,0,0
2880172,5.080,4.736,6.697,-0.035,0.011,-0.018,1843,0,0
2880192,5.085,4.776,6.656,-0.065,-0.002,-0.014,1842,0,0
2880212,5.080,4.762,6.673,-0.068,-0.003,-0.013,1845,0,0
2880232,5.088,4.755,6.658,-0.055,-0.004,-0.008,1843,0,0
2880252,5.071,4.798,6.558,-0.040,0.007,0.000,1843,0,0
2880272,5.090,4.793,6.539,-0.075,0.011,-0.002,1843,0,0
2880292,5.104,4.719,6.558,-0.085,0.015,-0.003,1845,0,0
2880312,5.090,4.690,6.625,-0.060,0.021,-0.006,1843,0,0
2880332,5.088,4.736,6.649,-0.048,0.023,-0.002,1843,0,0
2880352,5.076,4.760,6.634,-0.057,0.026,0.002,1842,0,0
2880372,5.069,4.717,6.697,-0.071,0.025,-0.001,1843,0,0
2880392,5.095,4.652,6.713,-0.080,0.013,-0.004,1841,0,0
2880412,5.100,4.606,6.711,-0.068,0.009,-0.011,1842,0,0
2880432,5.097,4.681,6.661,-0.047,0.016,-0.011,1843,0,0
2880452,5.080,4.726,6.670,-0.059,0.013,-0.007,1843,0,0
2880472,5.085,4.681,6.665,-0.067,0.005,-0.010,1843,0,0
2880492,5.085,4.700,6.673,-0.064,0.009,-0.017,1843,0,0
2880512,5.025,4.793,6.663,-0.051,0.010,-0.015,1844,0,0
2880532,5.033,4.810,6.685,-0.061,0.009,-0.003,1843,0,0
2880552,5.059,4.769,6.630,-0.053,0.004,-0.001,1843,0,0
2880572,5.114,4.690,6.613,-0.070,0.001,-0.006,1844,0,0
2880592,5.138,4.626,6.572,-0.071,0.007,-0.013,1844,0,0
2880612,5.121,4.693,6.567,-0.052,0.021,-0.015,1843,0,0
2880632,5.095,4.738,6.618,-0.057,0.033,-0.010,1843,0,0
2880652,5.047,4.772,6.697,-0.059,0.033,-0.005,1843,0,0
2880672,5.037,4.808,6.740,-0.057,0.022,-0.006,1843,0,0
2880692,5.033,4.808,6.754,-0.074,0.010,-0.004,1843,0,0
2880712,5.052,4.774,6.754,-0.060,0.006,0.001,1844,0,0
2880732,5.090,4.764,6.677,-0.055,0.007,0.010,1843,0,0
2880752,5.092,4.702,6.622,-0.058,0.009,0.010,1844,0,0
2880772,5.076,4.647,6.601,-0.061,0.006,0.000,1843,0,0
2880792,5.109,4.606,6.606,-0.080,0.003,-0.006,1843,0,0
2880812,5.121,4.592,6.630,-0.068,0.017,-0.006,1843,0,0
2880832,5.092,4.678,6.601,-0.031,0.027,-0.009,1843,0,0
2880852,5.090,4.781,6.639,-0.063,0.025,-0.014,1842,0,0
2880872,5.073,4.724,6.706,-0.103,0.014,-0.015,1842,0,0
2880892,5.069,4.709,6.756,-0.057,0.010,-0.013,1843,0,0
2880912,5.057,4.798,6.682,-0.030,0.008,-0.010,1843,0,0
2880932,5.042,4.791,6.668,-0.065,0.006,-0.006,1843,0,0
2880952,5.054,4.628,6.744,-0.086,0.003,-0.011,1843,0,0
2880972,5.076,4.563,6.783,-0.062,0.000,-0.017,1842,0,0
2880992,5.107,4.645,6.778,-0.027,-0.000,-0.026,1842,0,0
2881012,5.054,4.671,6.823,-0.046,-0.009,-0.023,1843,0,0
2881032,5.061,4.614,6.876,-0.051,-0.027,-0.028,1843,0,0
2881052,5.071,4.578,6.871,-0.060,-0.044,-0.039,1842,0,0
2881072,5.112,4.594,6.764,-0.044,-0.053,-0.043,1843,0,0
2881092,5.116,4.647,6.711,-0.030,-0.058,-0.047,1842,0,0
2881112,5.143,4.702,6.584,-0.039,-0.057,-0.052,1843,0,0
2881132,5.112,4.752,6.421,-0.045,-0.052,-0.058,1843,0,0
2881152,5.061,4.815,6.390,-0.042,-0.042,-0.063,1842,0,0
2881172,5.071,4.985,6.366,-0.047,-0.038,-0.050,1842,0,0
2881192,5.088,5.004,6.404,-0.062,-0.019,-0.045,1842,0,0
2881212,5.102,4.954,6.431,-0.055,-0.001,-0.032,1841,0,0
2881232,5.095,4.937,6.426,-0.042,-0.001,-0.018,1842,0,0
2881252,5.131,4.858,6.364,-0.085,0.005,-0.015,1843,0,0
2881272,5.136,4.762,6.349,-0.096,0.020,-0.013,1842,0,0
2881292,5.148,4.767,6.397,-0.056,0.042,-0.017,1844,0,0
2881312,5.114,4.774,6.546,-0.070,0.064,-0.021,1842,0,0
2881332,5.066,4.736,6.709,-0.064,0.055,-0.019,1842,0,0
2881352,5.049,4.769,6.730,-0.042,0.039,-0.021,1843,0,0
2881372,5.023,4.760,6.732,-0.062,0.029,-0.018,1842,0,0
2881392,5.040,4.673,6.764,-0.047,0.035,-0.018,1841,0,0
2881412,5.030,4.587,6.747,-0.053,0.020,-0.027,1843,0,0
2881432,5.080,4.650,6.598,-0.036,0.012,-0.046,1841,0,0
2881452,5.083,4.690,6.582,-0.041,0.034,-0.052,1842,0,0
2881472,5.090,4.769,6.718,-0.026,0.038,-0.055,1842,0,0
2881492,5.100,4.798,6.792,-0.027,0.022,-0.052,1842,0,0
2881512,5.116,4.846,6.752,-0.017,-0.003,-0.052,1842,0,0
2881532,5.112,4.911,6.653,-0.027,-0.013,-0.050,1842,0,0
2881552,5.119,4.999,6.634,-0.015,-0.022,-0.045,1842,0,0
2881572,5.078,5.006,6.565,-0.018,-0.035,-0.035,1843,0,0
2881592,5.061,5.030,6.500,-0.003,-0.046,-0.027,1843,0,0
2881612,5.001,5.061,6.302,-0.014,-0.034,-0.018,1842,0,0
2881632,4.987,5.095,6.285,-0.027,-0.005,-0.010,1843,0,0
2881652,4.985,5.080,6.349,-0.039,0.012,-0.003,1842,0,0
2881672,5.023,5.013,6.481,-0.037,0.021,0.002,1843,0,0
2881692,5.035,4.975,6.500,-0.039,0.018,0.002,1843,0,0
2881712,5.076,5.004,6.531,-0.034,0.020,0.004,1842,0,0
2881732,5.059,5.030,6.567,-0.040,0.021,0.014,1845,0,0
2881752,5.085,5.025,6.642,-0.049,0.009,0.020,1842,0,0
2881772,5.114,4.997,6.694,-0.062,-0.002,0.028,1843,0,0
2881792,5.073,4.949,6.689,-0.044,-0.022,0.028,1843,0,0
2881812,5.047,4.980,6.622,-0.033,-0.039,0.026,1842,0,0
2881832,5.057,4.990,6.572,-0.050,-0.052,0.030,1842,0,0
2881852,5.085,4.963,6.472,-0.069,-0.047,0.040,1842,0,0
2881872,5.100,4.872,6.337,-0.058,-0.039,0.041,1843,0,0
2881892,5.136,4.858,6.249,-0.074,-0.027,0.038,1842,0,0
2881912,5.167,4.724,6.256,-0.099,-0.007,0.030,1841,0,0
2881932,5.171,4.693,6.323,-0.077,0.007,0.016,1840,0,0
2881952,5.157,4.784,6.323,-0.071,0.017,0.006,1841,0,0
2881972,5.145,4.834,6.357,-0.096,0.033,0.009,1841,0,0
2881992,5.138,4.800,6.455,-0.101,0.052,0.007,1841,0,0
2882012,5.104,4.831,6.481,-0.088,0.053,0.005,1842,0,0
2882032,5.069,4.887,6.510,-0.101,0.045,0.005,1841,0,0
2882052,5.104,4.853,6.531,-0.108,0.052,0.003,1841,0,0
2882072,5.136,4.829,6.529,-0.096,0.050,0.002,1841,0,0
2882092,5.186,4.793,6.457,-0.102,0.042,0.002,1841,0,0
2882112,5.195,4.757,6.452,-0.106,0.047,-0.002,1842,0,0
2882132,5.157,4.712,6.460,-0.105,0.062,-0.003,1842,0,0
2882152,5.116,4.666,6.512,-0.095,0.062,-0.016,1842,0,0
2882172,5.090,4.697,6.555,-0.107,0.064,-0.022,1841,0,0
2882192,5.047,4.786,6.649,-0.087,0.080,-0.024,1842,0,0
2882212,5.009,4.817,6.728,-0.091,0.071,-0.018,1841,0,0
2882232,5.033,4.776,6.840,-0.093,0.050,-0.019,1843,0,0
2882252,5.047,4.762,6.780,-0.099,0.024,-0.021,1841,0,0
2882272,5.083,4.659,6.737,-0.078,0.024,-0.025,1842,0,0
2882292,5.059,4.690,6.721,-0.064,0.022,-0.028,1841,0,0
2882312,5.064,4.724,6.749,-0.058,0.023,-0.027,1841,0,0
2882332,5.080,4.748,6.744,-0.064,0.015,-0.030,1841,0,0
2882352,5.100,4.772,6.742,-0.059,-0.010,-0.034,1842,0,0
2882372,5.107,4.812,6.668,-0.046,-0.020,-0.034,1842,0,0
2882392,5.076,4.925,6.565,-0.036,-0.032,-0.034,1841,0,0
2882412,5.092,5.040,6.455,-0.042,-0.028,-0.024,1841,0,0
2882432,5.054,5.092,6.426,-0.060,-0.017,-0.010,1842,0,0
2882452,5.011,5.069,6.448,-0.065,0.006,0.010,1841,0,0
2882472,4.949,5.061,6.491,-0.043,0.020,0.022,1842,0,0
2882492,4.925,5.107,6.488,-0.054,0.011,0.031,1842,0,0
2882512,4.978,5.030,6.517,-0.091,0.007,0.038,1841,0,0
2882532,5.042,4.853,6.577,-0.109,0.018,0.041,1842,0,0
2882552,5.088,4.721,6.618,-0.089,0.027,0.051,1841,0,0
2882572,5.092,4.614,6.570,-0.077,0.031,0.045,1841,0,0
2882592,5.136,4.535,6.531,-0.087,0.025,0.030,1840,0,0
2882612,5.133,4.508,6.565,-0.082,0.024,0.007,1841,0,0
2882632,5.112,4.520,6.541,-0.108,0.037,-0.009,1842,0,0
2882652,5.090,4.583,6.625,-0.082,0.038,-0.015,1842,0,0
2882672,5.040,4.690,6.658,-0.079,0.048,-0.011,1843,0,0
2882692,5.035,4.774,6.706,-0.085,0.045,-0.010,1842,0,0
2882712,5.059,4.808,6.744,-0.100,0.037,-0.017,1841,0,0
2882732,5.064,4.803,6.728,-0.097,0.027,-0.019,1841,0,0
2882752,5.064,4.805,6.713,-0.080,0.024,-0.010,1842,0,0
2882772,5.069,4.772,6.706,-0.052,0.023,0.000,1842,0,0
2882792,5.085,4.779,6.685,-0.042,0.014,0.009,1842,0,0
2882812,5.121,4.745,6.687,-0.058,0.014,0.006,1844,0,0
2882832,5.109,4.714,6.632,-0.069,0.014,0.002,1841,0,0
2882852,5.090,4.731,6.613,-0.062,0.006,0.003,1842,0,0
2882872,5.095,4.752,6.656,-0.073,0.014,0.008,1841,0,0
2882892,5.069,4.767,6.680,-0.043,0.014,0.011,1841,0,0
2882912,5.064,4.872,6.610,-0.034,0.013,0.017,1840,0,0
2882932,5.057,4.841,6.574,-0.071,0.013,0.017,1841,0,0
2882952,5.030,4.796,6.591,-0.064,0.026,0.022,1841,0,0
2882972,4.999,4.760,6.689,-0.056,0.038,0.025,1842,0,0
2882992,4.992,4.705,6.778,-0.062,0.016,0.023,1842,0,0
2883012,5.033,4.693,6.730,-0.071,0.008,0.022,1842,0,0
2883032,5.045,4.647,6.675,-0.064,0.018,0.024,1841,0,0
2883052,5.080,4.559,6.732,-0.060,0.019,0.013,1842,0,0
2883072,5.059,4.535,6.744,-0.060,-0.003,-0.003,1843,0,0
2883092,5.095,4.561,6.680,-0.070,-0.012,-0.015,1842,0,0
2883112,5.073,4.652,6.661,-0.044,0.005,-0.015,1841,0,0
2883132,5.076,4.717,6.656,-0.056,0.014,-0.007,1841,0,0
2883152,5.064,4.669,6.692,-0.062,0.004,-0.011,1842,0,0
2883172,5.066,4.719,6.661,-0.040,-0.010,-0.022,1842,0,0
2883192,5.069,4.834,6.658,-0.056,-0.012,-0.021,1842,0,0
2883212,5.090,4.810,6.646,-0.055,-0.001,-0.010,1842,0,0
2883232,5.102,4.764,6.601,-0.040,0.001,0.004,1841,0,0
2883252,5.133,4.719,6.524,-0.047,-0.000,0.003,1841,0,0
2883272,5.138,4.690,6.479,-0.056,0.005,-0.004,1842,0,0
2883292,5.119,4.676,6.519,-0.056,0.019,-0.007,1842,0,0
2883312,5.116,4.712,6.601,-0.048,0.032,-0.008,1842,0,0
2883332,5.083,4.762,6.706,-0.047,0.034,-0.008,1842,0,0
2883352,5.023,4.834,6.790,-0.051,0.018,-0.003,1841,0,0
2883372,5.037,4.848,6.823,-0.057,0.004,0.001,1842,0,0
2883392,5.059,4.738,6.814,-0.054,-0.001,0.006,1843,0,0
2883412,5.088,4.666,6.721,-0.043,-0.016,-0.003,1842,0,0
2883432,5.133,4.683,6.625,-0.054,-0.023,-0.013,1842,0,0
2883452,5.143,4.709,6.481,-0.052,-0.014,-0.010,1841,0,0
2883472,5.119,4.745,6.498,-0.039,0.002,-0.003,1841,0,0
2883492,5.078,4.779,6.522,-0.043,0.016,-0.005,1841,0,0
2883512,5.049,4.769,6.601,-0.067,0.006,-0.008,1841,0,0
2883532,5.102,4.772,6.586,-0.070,0.007,-0.009,1841,0,0
2883552,5.104,4.817,6.577,-0.052,0.021,-0.000,1840,0,0
2883572,5.083,4.810,6.536,-0.052,0.021,0.004,1840,0,0
2883592,5.095,4.748,6.610,-0.079,0.014,-0.001,1841,0,0
2883612,5.145,4.669,6.634,-0.085,0.013,-0.005,1841,0,0
2883632,5.143,4.650,6.682,-0.055,0.020,-0.008,1841,0,0
2883652,5.155,4.697,6.610,-0.056,0.017,-0.006,1841,0,0
2883672,5.131,4.717,6.589,-0.062,0.021,-0.009,1841,0,0
2883692,5.128,4.690,6.613,-0.072,0.017,-0.018,1841,0,0
2883712,5.112,4.690,6.603,-0.067,0.008,-0.023,1841,0,0
2883732,5.140,4.791,6.615,-0.063,0.015,-0.018,1841,0,0
2883752,5.121,4.841,6.570,-0.068,0.016,-0.012,1842,0,0
2883772,5.102,4.834,6.524,-0.078,0.014,-0.007,1841,0,0
2883792,5.090,4.812,6.543,-0.073,0.021,-0.009,1841,0,0
2883812,5.033,4.827,6.579,-0.080,0.026,-0.011,1841,0,0
2883832,5.033,4.822,6.615,-0.080,0.029,-0.003,1840,0,0
2883852,5.040,4.748,6.622,-0.072,0.040,0.007,1842,0,0
2883872,5.045,4.721,6.692,-0.072,0.045,0.008,1841,0,0
2883892,5.092,4.659,6.728,-0.091,0.034,0.003,1842,0,0
2883912,5.119,4.559,6.802,-0.087,0.023,-0.008,1841,0,0
2883932,5.109,4.599,6.737,-0.071,0.015,-0.014,1841,0,0
2883952,5.080,4.719,6.668,-0.057,0.017,-0.017,1841,0,0
2883972,5.033,4.772,6.716,-0.076,0.026,-0.015,1842,0,0
2883992,4.990,4.772,6.785,-0.072,0.017,-0.016,1842,0,0
2884012,5.001,4.824,6.764,-0.069,0.007,-0.015,1842,0,0
2884032,5.037,4.836,6.749,-0.067,0.002,-0.003,1841,0,0
2884052,5.033,4.803,6.653,-0.066,0.006,0.005,1841,0,0
2884072,5.071,4.733,6.618,-0.069,-0.001,0.006,1840,0,0
2884092,5.114,4.638,6.541,-0.072,-0.002,0.002,1842,0,0
2884112,5.150,4.597,6.579,-0.064,0.007,-0.006,1842,0,0
2884132,5.124,4.654,6.651,-0.056,0.031,-0.007,1841,0,0
2884152,5.076,4.683,6.721,-0.057,0.035,-0.007,1841,0,0
2884172,5.054,4.743,6.737,-0.063,0.012,-0.011,1841,0,0
2884192,5.085,4.743,6.704,-0.074,-0.008,-0.013,1841,0,0
2884212,5.090,4.750,6.689,-0.067,-0.003,-0.012,1841,0,0
2884232,5.061,4.769,6.637,-0.054,0.006,-0.003,1843,0,0
2884252,5.069,4.748,6.610,-0.056,0.013,-0.001,1842,0,0
2884272,5.057,4.714,6.613,-0.069,0.010,-0.003,1841,0,0
2884292,5.076,4.755,6.644,-0.061,0.006,-0.007,1843,0,0
2884312,5.100,4.712,6.646,-0.077,0.022,-0.003,1842,0,0
2884332,5.085,4.685,6.728,-0.050,0.031,0.004,1841,0,0
2884352,5.100,4.736,6.756,-0.042,0.012,0.003,1841,0,0
2884372,5.085,4.700,6.740,-0.082,-0.013,-0.001,1841,0,0
2884392,5.080,4.609,6.692,-0.063,-0.021,-0.006,1841,0,0
2884412,5.092,4.685,6.642,-0.023,-0.005,-0.008,1842,0,0
2884432,5.076,4.743,6.682,-0.060,0.002,-0.006,1842,0,0
2884452,5.080,4.669,6.701,-0.080,-0.002,-0.006,1842,0,0
2884472,5.090,4.635,6.651,-0.040,-0.007,-0.011,1840,0,0
2884492,5.138,4.678,6.543,-0.037,-0.006,-0.014,1841,0,0
2884512,5.133,4.685,6.510,-0.067,0.003,-0.019,1841,0,0
2884532,5.140,4.717,6.517,-0.070,0.022,-0.018,1841,0,0
2884552,5.102,4.834,6.586,-0.045,0.027,-0.013,1841,0,0
2884572,5.071,4.882,6.673,-0.054,0.017,-0.006,1841,0,0
2884592,5.040,4.875,6.730,-0.070,0.009,-0.001,1841,0,0
2884612,5.049,4.831,6.689,-0.059,0.006,0.004,1843,0,0
2884632,5.073,4.776,6.701,-0.061,0.009,0.017,1844,0,0
2884652,5.095,4.709,6.646,-0.060,0.006,0.019,1845,0,0
2884672,5.128,4.647,6.639,-0.071,0.002,0.012,1842,0,0
2884692,5.104,4.590,6.608,-0.072,0.003,0.002,1842,0,0
2884712,5.136,4.614,6.574,-0.060,0.006,-0.001,1841,0,0
2884732,5.131,4.606,6.639,-0.060,0.021,-0.004,1842,0,0
2884752,5.119,4.635,6.689,-0.062,0.022,-0.012,1842,0,0
2884772,5.095,4.712,6.709,-0.057,0.006,-0.016,1842,0,0
2884792,5.112,4.717,6.685,-0.071,-0.006,-0.015,1842,0,0
2884812,5.107,4.726,6.627,-0.062,-0.002,-0.015,1841,0,0
2884832,5.116,4.784,6.586,-0.052,0.004,-0.010,1842,0,0
2884852,5.126,4.786,6.553,-0.068,0.005,-0.009,1841,0,0
2884872,5.131,4.731,6.531,-0.077,0.013,-0.006,1841,0,0
2884892,5.097,4.733,6.596,-0.048,0.020,-0.005,1841,0,0
2884912,5.097,4.741,6.668,-0.064,0.016,-0.005,1842,0,0
2884932,5.112,4.697,6.661,-0.079,0.013,-0.000,1842,0,0
2884952,5.090,4.695,6.644,-0.063,0.015,-0.003,1841,0,0
2884972,5.112,4.678,6.639,-0.056,0.014,-0.006,1841,0,0
2884992,5.107,4.640,6.653,-0.075,0.012,-0.007,1842,0,0
2885012,5.143,4.640,6.721,-0.070,0.013,-0.006,1840,0,0
2885032,5.138,4.697,6.685,-0.056,0.014,-0.008,1841,0,0
2885052,5.102,4.700,6.627,-0.069,0.003,-0.009,1841,0,0
2885072,5.116,4.683,6.634,-0.074,0.001,-0.014,1842,0,0
2885092,5.107,4.709,6.677,-0.066,0.009,-0.017,1841,0,0
2885112,5.071,4.714,6.701,-0.060,0.011,-0.011,1841,0,0
2885132,5.092,4.709,6.637,-0.055,0.005,-0.011,1842,0,0
2885152,5.102,4.702,6.577,-0.071,-0.001,-0.008,1841,0,0
2885172,5.138,4.645,6.563,-0.072,0.005,-0.005,1842,0,0
2885192,5.162,4.630,6.548,-0.062,0.013,-0.012,1841,0,0
2885212,5.145,4.676,6.625,-0.050,0.021,-0.017,1842,0,0
2885232,5.104,4.784,6.685,-0.060,0.016,-0.020,1841,0,0
2885252,5.066,4.788,6.792,-0.043,-0.017,-0.016,1841,0,0
2885272,5.109,4.757,6.852,-0.048,-0.033,-0.006,1840,0,0
2885292,5.054,4.741,6.828,-0.013,-0.063,-0.003,1839,0,0
2885312,5.100,4.705,6.766,-0.018,-0.133,0.010,1823,0,0
2885332,5.076,4.882,7.144,0.040,-0.203,0.031,1787,0,0
2885352,5.169,4.657,7.257,0.079,-0.428,0.066,1711,0,0
2885372,5.250,4.779,7.044,0.236,-0.586,0.085,1630,0,0
2885392,5.531,4.752,7.154,0.244,-0.687,0.069,1535,0,0
2885412,5.638,4.719,7.104,0.234,-0.738,0.067,1468,0,0
2885432,5.701,4.537,6.598,0.376,-0.776,0.148,1406,0,0
2885452,5.794,4.834,6.069,0.540,-0.791,0.253,1356,0,0
2885472,5.808,5.205,5.614,0.470,-0.788,0.300,1315,0,0
2885492,5.933,5.533,5.447,0.394,-0.865,0.342,1272,0,0
2885512,5.729,5.059,5.112,0.205,-0.905,0.364,1235,0,0
2885532,6.038,5.222,5.332,0.251,-0.991,0.364,1197,0,0
2885552,6.158,5.277,5.454,0.267,-1.095,0.382,1154,0,0
2885572,6.630,5.399,5.432,0.183,-1.128,0.440,1116,0,0
2885592,6.778,5.157,5.454,0.045,-1.151,0.506,1076,0,0
2885612,6.862,4.781,5.655,0.144,-1.366,0.633,1040,0,0
2885632,6.950,4.772,4.776,0.247,-1.470,0.661,1005,0,0
2885652,7.520,4.999,4.250,0.439,-1.399,0.683,973,0,0
2885672,7.527,4.930,4.154,0.523,-1.294,0.839,945,0,0
2885692,6.960,4.994,2.643,0.366,-1.010,0.938,926,0,0
2885712,7.944,4.034,1.458,-0.026,-0.644,0.635,896,711,200
2885732,8.253,2.983,2.878,0.139,-0.385,0.544,881,2953,200
2885752,8.368,3.428,2.253,0.340,-0.203,0.395,868,3728,200
2885772,8.447,4.063,2.500,0.604,0.064,0.232,861,3988,200
2885792,7.894,4.288,2.868,0.496,0.107,0.177,856,4095,200
2885812,7.851,4.025,3.010,0.324,0.051,0.152,853,4095,200
2885832,8.241,4.343,3.213,0.209,0.024,0.171,854,4095,200
2885852,8.322,4.594,3.424,0.217,0.000,0.187,861,4095,200
2885872,8.669,4.942,3.397,0.203,0.034,0.130,864,4095,200
2885892,8.088,4.697,3.512,0.132,0.009,0.112,871,4095,200
2885912,7.999,3.912,3.292,0.023,-0.077,0.128,878,4095,200
2885932,8.294,4.049,3.151,0.025,-0.048,0.119,881,4095,200
2885952,8.588,4.434,3.311,-0.028,-0.007,0.082,884,4095,200
2885972,8.430,4.310,3.247,0.045,0.050,0.025,888,4095,200
2885992,7.800,4.025,3.388,0.018,-0.042,0.060,893,4095,200
2886012,8.339,3.900,3.050,0.012,-0.080,0.095,894,4095,200
2886032,8.586,4.693,3.259,0.002,-0.015,0.058,897,4095,200
2886052,8.514,4.350,3.184,-0.023,-0.010,0.011,899,4095,200
2886072,8.013,3.982,2.969,-0.008,-0.051,0.027,901,4095,200
2886092,8.428,4.001,2.682,-0.033,-0.040,0.066,905,4095,200
2886112,8.667,4.640,2.945,-0.004,0.049,0.037,908,4095,200
2886132,8.341,4.408,3.014,-0.030,0.068,-0.007,941,4095,200
2886152,8.004,3.912,2.849,-0.045,0.021,0.033,911,4095,200
2886172,8.428,4.336,2.861,-0.044,0.022,0.055,912,4095,200
2886192,8.772,4.673,3.036,-0.037,0.099,0.007,913,4095,200
2886212,8.023,4.278,3.153,-0.019,0.088,-0.014,915,4095,200
2886232,8.088,3.888,3.002,-0.053,0.008,0.035,916,4095,200
2886252,8.768,4.492,3.036,-0.043,0.064,0.030,918,4095,200
2886272,8.423,4.616,3.206,-0.035,0.124,-0.004,921,4095,200
2886292,7.982,3.876,3.127,-0.097,0.048,0.011,922,4095,200
2886312,8.344,4.082,3.213,-0.074,0.036,0.041,923,4095,200
2886332,8.696,4.602,3.213,-0.043,0.070,0.020,924,4095,200
2886352,8.171,4.001,3.084,-0.048,0.066,0.012,926,4095,200
2886372,8.171,3.797,3.055,-0.105,0.033,0.029,928,4095,200
2886392,8.562,4.585,3.290,-0.063,0.050,0.021,927,4095,200
2886412,8.351,4.149,3.184,-0.080,0.054,-0.016,929,4095,200
2886432,8.119,3.745,3.010,-0.071,0.038,0.011,929,4095,200
2886452,8.456,4.628,3.340,-0.055,0.056,0.049,930,4095,200
2886472,8.509,4.436,3.285,-0.055,0.077,0.000,932,4095,200
2886492,7.997,3.704,3.091,-0.095,0.009,0.002,933,4095,200
2886512,8.382,4.185,3.201,-0.079,0.010,0.007,934,4095,200
2886532,8.727,4.561,3.215,-0.074,0.024,-0.021,935,4095,200
2886552,8.021,3.965,3.081,-0.055,0.030,-0.021,936,4095,200
2886572,8.114,4.156,3.275,-0.093,-0.001,0.039,939,4095,200
2886592,8.382,4.812,3.833,-0.101,-0.094,0.031,940,4095,200
2886612,8.169,4.583,4.041,-0.212,-0.323,0.037,942,4095,200
2886632,7.985,3.445,3.474,-0.252,-0.494,-0.001,943,4095,200
2886652,8.145,3.697,3.424,-0.240,-0.563,0.018,945,4095,200
2886672,8.408,3.862,3.060,-0.377,-0.559,-0.023,946,4075,200
2886692,8.906,3.242,2.614,-0.524,-0.500,-0.242,947,3636,200
2886712,9.388,2.801,2.009,-0.367,-0.216,-0.596,946,2227,200
2886732,9.038,3.579,1.113,-0.080,0.338,-0.842,959,0,0
2886752,7.879,4.025,1.101,-0.369,0.942,-1.046,1005,0,0
2886772,7.219,3.800,1.717,-1.212,1.215,-1.286,1069,0,0
2886792,7.633,3.910,1.614,-1.490,1.473,-1.475,1136,0,0
2886812,8.049,4.638,1.528,-1.400,2.028,-1.480,1219,0,0
2886832,7.740,4.712,2.057,-1.043,2.901,-1.333,1326,0,0
2886852,5.301,4.247,2.629,-1.155,3.029,-0.565,1442,0,0
2886872,5.911,3.943,9.649,-1.129,1.915,-1.000,1603,0,0
2886892,6.246,3.393,5.847,-1.810,1.751,-0.977,1737,0,0
2886912,5.590,4.594,7.831,-1.771,1.393,-0.989,1819,0,0
2886932,5.413,4.417,7.226,-0.730,1.388,-0.844,1857,0,0
2886952,4.827,5.286,8.124,0.239,1.330,-0.682,1883,0,0
2886972,4.417,6.263,8.298,-0.125,1.000,-0.486,1897,0,0
2886992,4.226,6.225,8.416,-0.120,0.705,-0.320,1904,0,0
2887012,4.130,6.189,8.399,-0.003,0.366,-0.233,1908,0,0
2887032,4.231,6.065,8.430,-0.220,0.027,-0.161,1913,0,0
2887052,4.410,5.717,8.135,-0.173,-0.155,-0.045,1916,0,0
2887072,4.492,5.404,7.281,-0.006,-0.221,0.057,1915,0,0
2887092,4.551,5.236,6.965,0.044,-0.265,0.094,1916,0,0
2887112,4.700,4.958,6.788,-0.056,-0.361,0.096,1916,0,0
2887132,4.966,4.549,6.615,-0.101,-0.418,0.073,1914,0,0
2887152,5.215,4.408,6.323,-0.079,-0.291,0.067,1913,0,0
2887172,5.203,4.439,6.055,-0.009,-0.087,0.075,1913,0,0
2887192,5.040,4.503,6.218,0.010,-0.013,0.071,1908,0,0
2887212,5.064,4.489,6.404,-0.010,-0.058,0.070,1905,0,0
2887232,5.162,4.496,6.381,-0.015,-0.080,0.045,1904,0,0
2887252,5.195,4.539,6.448,-0.039,-0.051,0.025,1904,0,0
2887272,5.169,4.573,6.448,-0.070,0.035,0.016,1903,0,0
2887292,5.078,4.659,6.515,-0.025,0.102,0.011,1902,0,0
2887312,4.980,4.824,6.620,0.013,0.071,-0.004,1901,0,0
2887332,5.059,4.817,6.749,-0.053,0.011,-0.006,1900,0,0
2887352,5.080,4.774,6.768,-0.087,0.012,0.003,1898,0,0
2887372,5.057,4.858,6.759,-0.041,0.026,0.018,1896,0,0
2887392,5.042,4.848,6.658,-0.045,0.049,0.038,1894,0,0
2887412,5.006,4.805,6.646,-0.039,0.057,0.036,1893,0,0
2887432,5.030,4.731,6.634,-0.064,0.039,0.020,1892,0,0
2887452,5.054,4.733,6.665,-0.075,0.010,0.024,1889,0,0
2887472,5.049,4.815,6.606,-0.029,0.007,0.034,1889,0,0
2887492,5.071,4.863,6.661,-0.021,0.015,0.041,1886,0,0
2887512,5.064,4.889,6.718,-0.054,0.007,0.047,1883,0,0
2887532,5.049,4.776,6.680,-0.053,-0.001,0.054,1879,0,0
2887552,5.138,4.666,6.642,-0.053,0.012,0.058,1877,0,0
2887572,5.131,4.673,6.689,0.002,0.036,0.047,1876,0,0
2887592,5.126,4.506,6.785,-0.011,0.032,0.050,1874,0,0
2887612,5.078,4.719,6.670,0.122,0.020,0.044,1874,0,0
2887632,5.095,4.793,6.737,0.032,-0.029,0.048,1873,0,0
2887652,5.112,4.709,6.622,-0.076,-0.067,0.050,1872,0,0
2887672,5.164,4.580,6.608,-0.067,-0.065,0.029,1872,0,0
2887692,5.200,4.573,6.515,-0.017,-0.029,0.012,1868,0,0
2887712,5.188,4.669,6.515,-0.026,-0.015,0.018,1865,0,0
2887732,5.164,4.707,6.551,-0.014,-0.010,0.021,1864,0,0
2887752,5.150,4.757,6.649,-0.022,-0.016,0.006,1863,0,0
2887772,5.128,4.812,6.601,0.004,-0.027,0.002,1863,0,0
2887792,5.121,4.858,6.548,-0.004,-0.045,0.010,1860,0,0
2887812,5.186,4.796,6.519,-0.010,-0.051,0.023,1857,0,0
2887832,5.229,4.865,6.440,0.021,-0.029,0.022,1857,0,0
2887852,5.217,4.772,6.457,0.010,-0.003,0.007,1856,0,0
2887872,5.162,4.848,6.421,0.024,-0.011,0.003,1855,0,0
2887892,5.205,4.863,6.416,0.013,-0.037,0.003,1854,0,0
2887912,5.253,4.920,6.378,-0.006,-0.039,0.015,1853,0,0
2887932,5.224,4.887,6.373,-0.059,-0.014,0.018,1852,0,0
2887952,5.205,4.839,6.421,-0.048,-0.005,0.010,1851,0,0
2887972,5.219,4.915,6.426,-0.039,0.009,0.009,1851,0,0
2887992,5.195,4.901,6.452,-0.050,0.018,0.020,1851,0,0
2888012,5.195,4.877,6.543,-0.042,-0.011,0.022,1850,0,0
2888032,5.246,4.863,6.519,-0.045,-0.039,0.020,1850,0,0
2888052,5.296,4.863,6.469,-0.052,-0.039,0.021,1847,0,0
2888072,5.315,4.827,6.433,-0.041,-0.006,0.026,1846,0,0
2888092,5.282,4.798,6.479,-0.032,0.010,0.024,1845,0,0
2888112,5.277,4.810,6.491,-0.033,-0.011,0.017,1844,0,0
2888132,5.308,4.784,6.436,-0.071,-0.047,0.016,1845,0,0
2888152,5.339,4.738,6.419,-0.071,-0.045,0.019,1843,0,0
