2762474,6.285,5.739,4.563,-0.102,0.069,0.005,1744,0,0
2762494,6.290,5.744,4.642,-0.071,0.054,0.006,1744,0,0
2762514,6.273,5.741,4.609,-0.063,0.041,0.006,1745,0,0
2762534,6.268,5.727,4.515,-0.077,0.037,0.004,1745,0,0
2762554,6.239,5.758,4.640,-0.087,0.045,0.008,1744,0,0
2762574,6.268,5.753,4.666,-0.097,0.042,0.004,1745,0,0
2762594,6.254,5.878,4.693,-0.091,0.039,0.008,1746,0,0
2762614,6.285,5.844,4.618,-0.124,0.038,0.016,1746,0,0
2762634,6.285,5.787,4.614,-0.135,0.043,0.025,1746,0,0
2762654,6.299,5.744,4.578,-0.094,0.060,0.025,1746,0,0
2762674,6.311,5.837,4.573,-0.082,0.080,0.021,1748,0,0
2762694,6.225,5.729,4.489,-0.116,0.087,0.023,1748,0,0
2762714,6.273,5.653,4.683,-0.128,0.073,0.017,1748,0,0
2762734,6.268,5.638,4.688,-0.076,0.080,0.011,1750,0,0
2762754,6.254,5.653,4.721,-0.074,0.074,0.010,1748,0,0
2762774,6.275,5.660,4.705,-0.083,0.062,0.008,1749,0,0
2762794,6.275,5.619,4.697,-0.086,0.062,0.002,1749,0,0
2762814,6.287,5.612,4.757,-0.092,0.055,-0.010,1749,0,0
2762834,6.249,5.617,4.779,-0.094,0.048,-0.017,1749,0,0
2762854,6.201,5.701,4.776,-0.072,0.053,-0.013,1750,0,0
2762874,6.199,5.787,4.875,-0.052,0.064,-0.007,1751,0,0
2762894,6.167,5.823,4.903,-0.069,0.055,-0.004,1749,0,0
2762914,6.182,5.799,4.930,-0.080,0.030,0.000,1750,0,0
2762934,6.206,5.727,4.827,-0.079,0.013,0.009,1750,0,0
2762954,6.237,5.717,4.781,-0.055,0.019,0.010,1749,0,0
2762974,6.242,5.669,4.745,-0.071,0.022,0.007,1749,0,0
2762994,6.246,5.588,4.757,-0.069,0.019,0.005,1749,0,0
2763014,6.230,5.526,4.767,-0.055,0.013,0.000,1749,0,0
2763034,6.270,5.578,4.800,-0.048,0.006,-0.006,1750,0,0
2763054,6.273,5.624,4.767,-0.060,0.017,-0.008,1750,0,0
2763074,6.237,5.648,4.762,-0.067,0.029,-0.013,1750,0,0
2763094,6.237,5.677,4.810,-0.049,0.023,-0.014,1750,0,0
2763114,6.220,5.729,4.820,-0.041,0.011,-0.007,1750,0,0
2763134,6.235,5.770,4.786,-0.056,0.002,-0.005,1750,0,0
2763154,6.223,5.701,4.731,-0.068,0.004,-0.003,1749,0,0
2763174,6.239,5.679,4.736,-0.048,0.021,0.000,1749,0,0
2763194,6.199,5.636,4.772,-0.042,0.029,-0.005,1749,0,0
2763214,6.223,5.672,4.810,-0.049,0.002,-0.002,1750,0,0
2763234,6.244,5.677,4.738,-0.068,0.007,-0.005,1750,0,0
2763254,6.230,5.646,4.803,-0.062,0.019,-0.010,1750,0,0
2763274,6.237,5.648,4.788,-0.052,0.019,-0.006,1749,0,0
2763294,6.230,5.643,4.796,-0.063,0.017,-0.008,1749,0,0
2763314,6.213,5.612,4.772,-0.080,0.004,-0.020,1749,0,0
2763334,6.246,5.705,4.757,-0.056,-0.001,-0.019,1748,0,0
2763354,6.199,5.701,4.729,-0.055,0.020,-0.009,1749,0,0
2763374,6.215,5.725,4.774,-0.049,0.014,-0.005,1749,0,0
2763394,6.242,5.708,4.793,-0.068,0.002,-0.003,1749,0,0
2763414,6.256,5.638,4.757,-0.067,0.002,-0.007,1749,0,0
2763434,6.242,5.734,4.738,-0.054,0.001,0.004,1750,0,0
2763454,6.225,5.725,4.743,-0.042,0.031,-0.001,1749,0,0
2763474,6.170,5.705,4.827,-0.051,0.023,0.006,1750,0,0
2763494,6.155,5.739,4.738,-0.033,0.011,0.012,1751,0,0
2763514,6.268,5.643,4.750,-0.032,0.021,-0.000,1751,0,0
2763534,6.266,5.571,4.714,-0.076,0.015,-0.003,1751,0,0
2763554,6.266,5.612,4.741,-0.055,0.010,-0.013,1750,0,0
2763574,6.266,5.648,4.736,-0.059,0.016,-0.021,1751,0,0
2763594,6.201,5.698,4.748,-0.038,0.038,-0.025,1751,0,0
2763614,6.182,5.782,4.817,-0.040,0.041,-0.027,1751,0,0
2763634,6.163,5.808,4.786,-0.046,0.037,-0.025,1750,0,0
2763654,6.189,5.801,4.822,-0.047,0.042,-0.025,1750,0,0
2763674,6.191,5.763,4.798,-0.066,0.025,-0.011,1751,0,0
2763694,6.203,5.713,4.851,-0.080,0.023,-0.008,1749,0,0
2763714,6.211,5.650,4.798,-0.044,0.018,-0.011,1749,0,0
2763734,6.223,5.681,4.781,-0.035,0.009,-0.017,1750,0,0
2763754,6.218,5.677,4.784,-0.064,0.009,-0.013,1749,0,0
2763774,6.203,5.677,4.774,-0.055,0.001,-0.011,1749,0,0
2763794,6.223,5.696,4.776,-0.052,-0.002,-0.010,1750,0,0
2763814,6.223,5.705,4.755,-0.067,0.009,-0.009,1747,0,0
2763834,6.179,5.674,4.800,-0.063,0.005,-0.014,1748,0,0
2763854,6.170,5.715,4.779,-0.048,-0.014,-0.013,1749,0,0
2763874,6.201,5.756,4.776,-0.055,-0.021,-0.008,1748,0,0
2763894,6.206,5.765,4.750,-0.062,-0.011,-0.005,1748,0,0
2763914,6.215,5.722,4.700,-0.062,-0.005,-0.002,1748,0,0
2763934,6.201,5.710,4.659,-0.050,0.003,-0.002,1748,0,0
2763954,6.194,5.708,4.688,-0.057,0.002,-0.006,1748,0,0
2763974,6.227,5.662,4.714,-0.068,0.002,-0.008,1748,0,0
2763994,6.244,5.696,4.707,-0.060,0.013,-0.008,1749,0,0
2764014,6.232,5.720,4.724,-0.049,0.015,-0.008,1748,0,0
2764034,6.208,5.717,4.752,-0.054,0.013,-0.004,1749,0,0
2764054,6.206,5.717,4.736,-0.059,0.012,-0.006,1747,0,0
2764074,6.199,5.715,4.793,-0.059,0.011,-0.003,1748,0,0
2764094,6.230,5.710,4.781,-0.060,0.008,-0.006,1747,0,0
2764114,6.235,5.713,4.774,-0.065,0.003,-0.006,1749,0,0
2764134,6.215,5.720,4.760,-0.052,-0.003,-0.005,1747,0,0
2764206,6.211,5.734,4.745,-0.054,0.010,-0.003,1749,0,0
2764218,6.203,5.729,4.745,-0.049,0.003,-0.004,1747,0,0
2764231,6.235,5.734,4.712,-0.048,0.001,-0.003,1747,0,0
2764242,6.244,5.715,4.697,-0.058,0.002,-0.003,1747,0,0
2764253,6.251,5.667,4.731,-0.073,0.001,-0.005,1748,0,0
2764264,6.254,5.624,4.709,-0.076,-0.001,-0.008,1748,0,0
2764277,6.268,5.612,4.726,-0.066,-0.004,-0.012,1747,0,0
2764294,6.254,5.655,4.685,-0.044,0.003,-0.015,1746,0,0
2764314,6.239,5.729,4.652,-0.049,0.010,-0.012,1748,0,0
2764334,6.199,5.763,4.683,-0.060,0.009,-0.012,1748,0,0
2764354,6.213,5.772,4.700,-0.055,0.014,-0.011,1749,0,0
2764374,6.208,5.801,4.762,-0.067,0.014,-0.009,1747,0,0
2764394,6.203,5.782,4.757,-0.060,0.013,-0.006,1747,0,0
2764414,6.201,5.804,4.769,-0.059,0.013,0.002,1748,0,0
2764434,6.199,5.751,4.760,-0.055,-0.005,0.005,1747,0,0
2764454,6.256,5.672,4.721,-0.077,-0.013,0.007,1747,0,0
2764474,6.261,5.612,4.683,-0.063,0.001,0.001,1747,0,0
2764494,6.242,5.650,4.642,-0.047,0.006,-0.011,1747,0,0
2764514,6.258,5.679,4.659,-0.060,0.014,-0.009,1747,0,0
2764534,6.242,5.674,4.709,-0.070,0.017,-0.013,1746,0,0
2764554,6.244,5.693,4.750,-0.064,0.009,-0.013,1747,0,0
2764574,6.227,5.758,4.700,-0.050,0.001,-0.014,1747,0,0
2764594,6.220,5.813,4.654,-0.062,0.003,-0.012,1747,0,0
2764614,6.225,5.801,4.647,-0.073,0.009,-0.005,1746,0,0
2764634,6.223,5.756,4.690,-0.070,0.012,-0.002,1746,0,0
2764654,6.258,5.725,4.676,-0.068,0.011,-0.001,1746,0,0
2764674,6.235,5.705,4.618,-0.068,0.015,-0.003,1747,0,0
2764694,6.261,5.722,4.671,-0.063,0.022,-0.005,1747,0,0
2764714,6.237,5.713,4.738,-0.075,0.027,0.002,1746,0,0
2764734,6.251,5.681,4.757,-0.062,0.020,0.000,1747,0,0
2764754,6.239,5.703,4.748,-0.065,0.015,-0.003,1747,0,0
2764774,6.246,5.701,4.762,-0.060,0.014,-0.008,1747,0,0
2764794,6.223,5.684,4.707,-0.067,0.015,-0.009,1748,0,0
2764814,6.211,5.662,4.717,-0.064,0.011,-0.010,1747,0,0
2764834,6.235,5.717,4.695,-0.059,0.009,-0.012,1747,0,0
2764854,6.218,5.765,4.659,-0.070,0.012,-0.007,1747,0,0
2764874,6.235,5.756,4.743,-0.061,0.025,-0.003,1747,0,0
2764894,6.230,5.739,4.764,-0.067,0.015,-0.005,1746,0,0
2764914,6.232,5.729,4.726,-0.056,0.006,-0.003,1746,0,0
2764934,6.237,5.741,4.717,-0.057,0.018,0.001,1748,0,0
2764954,6.191,5.739,4.721,-0.062,0.026,0.004,1746,0,0
2764974,6.211,5.691,4.779,-0.066,0.006,-0.000,1746,0,0
2764994,6.246,5.641,4.733,-0.074,-0.007,-0.005,1746,0,0
2765014,6.268,5.617,4.662,-0.072,-0.002,-0.011,1747,0,0
2765034,6.258,5.669,4.669,-0.051,0.021,-0.009,1746,0,0
2765054,6.230,5.667,4.729,-0.056,0.027,-0.007,1747,0,0
2765074,6.223,5.715,4.726,-0.064,0.007,-0.013,1746,0,0
2765094,6.237,5.741,4.705,-0.077,0.002,-0.014,1746,0,0
2765114,6.235,5.753,4.676,-0.062,0.024,-0.011,1746,0,0
2765134,6.187,5.784,4.738,-0.044,0.027,-0.006,1747,0,0
2765154,6.223,5.806,4.772,-0.054,0.016,0.001,1746,0,0
2765174,6.227,5.732,4.743,-0.080,0.006,0.002,1746,0,0
2765194,6.239,5.698,4.724,-0.061,0.009,-0.001,1747,0,0
2765214,6.251,5.684,4.738,-0.051,0.009,-0.001,1745,0,0
2765234,6.244,5.657,4.707,-0.067,0.002,-0.001,1747,0,0
2765254,6.246,5.624,4.666,-0.074,0.004,-0.003,1746,0,0
2765274,6.249,5.631,4.697,-0.058,0.011,-0.010,1747,0,0
2765294,6.251,5.705,4.731,-0.055,0.019,-0.014,1747,0,0
2765314,6.227,5.717,4.741,-0.074,0.015,-0.016,1747,0,0
2765334,6.230,5.703,4.748,-0.071,0.001,-0.015,1746,0,0
2765354,6.249,5.756,4.738,-0.055,0.002,-0.017,1746,0,0
2765374,6.227,5.765,4.748,-0.062,0.007,-0.012,1746,0,0
2765394,6.223,5.748,4.709,-0.071,0.007,-0.005,1746,0,0
2765414,6.237,5.713,4.683,-0.072,0.003,-0.010,1746,0,0
2765434,6.268,5.715,4.666,-0.075,0.002,-0.011,1746,0,0
2765454,6.254,5.703,4.635,-0.072,0.013,-0.011,1746,0,0
2765474,6.230,5.741,4.693,-0.068,0.021,-0.009,1746,0,0
2765494,6.220,5.760,4.697,-0.066,0.021,-0.002,1746,0,0
2765514,6.220,5.744,4.678,-0.066,0.014,0.000,1746,0,0
2765534,6.227,5.715,4.645,-0.083,0.019,-0.001,1746,0,0
2765554,6.254,5.686,4.697,-0.073,0.028,0.001,1745,0,0
2765574,6.235,5.715,4.755,-0.076,0.031,0.002,1746,0,0
2765594,6.227,5.681,4.757,-0.071,0.026,-0.006,1746,0,0
2765614,6.258,5.674,4.769,-0.071,0.025,-0.002,1746,0,0
2765634,6.268,5.672,4.745,-0.067,0.034,0.000,1745,0,0
2765654,6.254,5.622,4.860,-0.078,0.033,-0.003,1746,0,0
2765674,6.256,5.600,4.918,-0.068,0.012,-0.012,1746,0,0
2765694,6.237,5.641,4.820,-0.060,-0.003,-0.018,1745,0,0
2765714,6.206,5.708,4.788,-0.065,0.007,-0.012,1745,0,0
2765734,6.163,5.720,4.786,-0.058,0.009,-0.013,1747,0,0
2765754,6.213,5.739,4.736,-0.059,0.001,-0.010,1747,0,0
2765774,6.232,5.691,4.700,-0.070,0.002,-0.011,1746,0,0
2765794,6.246,5.669,4.707,-0.071,0.003,-0.014,1746,0,0
2765814,6.254,5.701,4.678,-0.049,0.009,-0.013,1746,0,0
2765834,6.242,5.753,4.616,-0.060,0.016,-0.008,1745,0,0
2765854,6.227,5.768,4.695,-0.062,0.022,-0.004,1745,0,0
2765874,6.213,5.825,4.714,-0.073,0.017,-0.001,1745,0,0
2765894,6.223,5.832,4.652,-0.075,0.017,0.003,1746,0,0
2765914,6.242,5.827,4.683,-0.078,0.017,0.013,1745,0,0
2765934,6.235,5.792,4.633,-0.065,0.028,0.023,1745,0,0
2765954,6.177,5.741,4.657,-0.076,0.042,0.027,1746,0,0
2765974,6.184,5.626,4.741,-0.081,0.048,0.027,1745,0,0
2765994,6.211,5.581,4.858,-0.060,0.044,0.019,1746,0,0
2766014,6.220,5.598,4.870,-0.067,0.048,0.017,1746,0,0
2766034,6.239,5.523,5.001,-0.075,0.044,0.011,1745,0,0
2766054,6.232,5.488,5.045,-0.066,0.018,0.002,1746,0,0
2766074,6.275,5.488,4.978,-0.060,0.002,-0.007,1746,0,0
2766094,6.280,5.483,4.949,-0.065,0.002,-0.020,1747,0,0
2766114,6.290,5.521,4.911,-0.049,-0.004,-0.030,1746,0,0
2766134,6.268,5.617,4.829,-0.039,-0.019,-0.032,1746,0,0
2766154,6.273,5.696,4.721,-0.049,-0.026,-0.029,1746,0,0
2766174,6.258,5.710,4.623,-0.062,-0.019,-0.026,1744,0,0
2766194,6.232,5.777,4.628,-0.041,-0.010,-0.026,1745,0,0
2766214,6.196,5.854,4.597,-0.045,0.006,-0.017,1746,0,0
2766234,6.211,5.820,4.599,-0.063,0.012,-0.006,1747,0,0
2766254,6.225,5.796,4.666,-0.066,0.022,0.001,1745,0,0
2766274,6.225,5.753,4.707,-0.056,0.029,0.003,1745,0,0
2766294,6.223,5.715,4.757,-0.064,0.023,0.008,1746,0,0
2766314,6.211,5.660,4.760,-0.074,0.022,0.009,1746,0,0
2766334,6.249,5.590,4.817,-0.073,0.026,0.006,1746,0,0
2766354,6.218,5.600,4.851,-0.051,0.024,-0.003,1746,0,0
2766374,6.213,5.638,4.836,-0.068,0.009,-0.006,1745,0,0
2766394,6.268,5.629,4.798,-0.072,0.016,-0.009,1748,0,0
2766414,6.237,5.612,4.863,-0.061,0.023,-0.013,1746,0,0
2766434,6.196,5.674,4.817,-0.048,0.008,-0.015,1746,0,0
2766454,6.225,5.720,4.748,-0.059,-0.006,-0.018,1745,0,0
2766474,6.223,5.753,4.717,-0.070,0.005,-0.010,1746,0,0
2766494,6.201,5.705,4.767,-0.063,0.023,-0.005,1745,0,0
2766514,6.230,5.662,4.748,-0.063,0.013,-0.007,1745,0,0
2766534,6.256,5.626,4.688,-0.069,0.009,-0.011,1746,0,0
2766554,6.287,5.588,4.666,-0.069,0.018,-0.011,1745,0,0
2766574,6.287,5.576,4.681,-0.057,0.025,-0.014,1745,0,0
2766594,6.254,5.602,4.688,-0.056,0.026,-0.020,1745,0,0
2766614,6.230,5.686,4.724,-0.070,0.034,-0.026,1746,0,0
2766634,6.182,5.746,4.752,-0.063,0.046,-0.023,1745,0,0
2766654,6.170,5.813,4.889,-0.055,0.048,-0.013,1746,0,0
2766674,6.148,5.794,4.913,-0.064,0.030,-0.006,1745,0,0
2766694,6.175,5.746,4.865,-0.065,0.013,-0.002,1745,0,0
2766714,6.194,5.679,4.803,-0.067,0.003,-0.002,1745,0,0
2766734,6.213,5.624,4.803,-0.068,0.014,-0.004,1745,0,0
2766754,6.211,5.602,4.822,-0.060,0.011,-0.012,1745,0,0
2766774,6.237,5.653,4.793,-0.057,0.010,-0.010,1745,0,0
2766794,6.242,5.617,4.786,-0.069,0.009,-0.013,1745,0,0
2766814,6.215,5.641,4.750,-0.064,0.010,-0.017,1745,0,0
2766834,6.213,5.689,4.793,-0.058,0.012,-0.015,1745,0,0
2766854,6.189,5.715,4.762,-0.059,0.006,-0.012,1745,0,0
2766874,6.201,5.748,4.709,-0.053,0.001,-0.012,1746,0,0
2766894,6.196,5.744,4.700,-0.067,0.010,-0.011,1746,0,0
2766914,6.172,5.748,4.731,-0.064,0.015,-0.007,1746,0,0
2766934,6.177,5.729,4.772,-0.059,0.016,-0.002,1744,0,0
2766954,6.187,5.701,4.779,-0.067,0.025,0.001,1746,0,0
2766974,6.187,5.662,4.829,-0.065,0.021,-0.005,1745,0,0
2766994,6.208,5.701,4.820,-0.060,0.013,-0.005,1745,0,0
2767014,6.206,5.684,4.839,-0.063,0.015,-0.003,1746,0,0
2767034,6.232,5.665,4.829,-0.059,0.019,0.000,1745,0,0
2767054,6.201,5.667,4.812,-0.055,0.013,-0.006,1745,0,0
2767074,6.201,5.672,4.793,-0.062,-0.002,-0.007,1745,0,0
2767094,6.211,5.665,4.757,-0.063,0.001,-0.010,1745,0,0
2767114,6.206,5.691,4.748,-0.059,0.008,-0.006,1746,0,0
2767134,6.206,5.698,4.736,-0.053,0.015,-0.005,1746,0,0
2767154,6.239,5.665,4.808,-0.075,0.017,-0.006,1745,0,0
2767174,6.199,5.653,4.817,-0.064,0.008,-0.011,1745,0,0
2767194,6.213,5.725,4.788,-0.047,0.005,-0.008,1745,0,0
2767214,6.196,5.737,4.788,-0.052,0.016,-0.006,1746,0,0
2767234,6.172,5.732,4.815,-0.079,0.011,-0.002,1746,0,0
2767254,6.203,5.657,4.841,-0.064,-0.003,-0.003,1746,0,0
2767274,6.218,5.598,4.798,-0.059,-0.005,-0.010,1745,0,0
2767294,6.235,5.607,4.729,-0.057,-0.004,-0.013,1745,0,0
2767314,6.244,5.624,4.733,-0.052,0.003,-0.017,1746,0,0
2767334,6.218,5.674,4.729,-0.060,0.007,-0.019,1745,0,0
2767354,6.189,5.720,4.695,-0.063,0.011,-0.016,1745,0,0
2767374,6.189,5.751,4.707,-0.064,0.012,-0.014,1745,0,0
2767394,6.179,5.794,4.721,-0.063,0.013,-0.009,1745,0,0
2767414,6.175,5.818,4.774,-0.056,0.022,0.002,1746,0,0
2767434,6.163,5.806,4.817,-0.054,0.022,0.007,1745,0,0
2767454,6.201,5.705,4.836,-0.074,0.012,0.011,1746,0,0
2767474,6.227,5.622,4.831,-0.072,0.011,0.007,1747,0,0
2767494,6.235,5.571,4.851,-0.053,0.012,0.003,1746,0,0
2767514,6.246,5.586,4.779,-0.050,0.006,-0.002,1746,0,0
2767534,6.282,5.564,4.827,-0.070,0.003,-0.005,1745,0,0
2767554,6.256,5.622,4.853,-0.060,0.006,-0.018,1746,0,0
2767574,6.235,5.646,4.922,-0.052,-0.000,-0.016,1746,0,0
2767594,6.199,5.677,4.846,-0.041,-0.012,-0.014,1746,0,0
2767614,6.206,5.674,4.796,-0.059,-0.026,-0.016,1746,0,0
2767634,6.227,5.672,4.702,-0.055,-0.024,-0.020,1746,0,0
2767654,6.232,5.722,4.676,-0.051,-0.014,-0.021,1746,0,0
2767674,6.175,5.760,4.647,-0.052,-0.000,-0.012,1745,0,0
2767694,6.203,5.756,4.630,-0.053,0.008,-0.011,1745,0,0
2767714,6.165,5.758,4.652,-0.055,0.009,-0.011,1746,0,0
2767734,6.201,5.801,4.671,-0.059,0.008,-0.008,1745,0,0
2767754,6.199,5.772,4.697,-0.059,0.013,-0.003,1744,0,0
2767774,6.213,5.782,4.717,-0.049,0.020,0.003,1745,0,0
2767794,6.239,5.758,4.774,-0.056,0.024,0.009,1745,0,0
2767814,6.239,5.686,4.824,-0.064,0.012,0.013,1745,0,0
2767834,6.251,5.590,4.788,-0.062,0.001,0.008,1745,0,0
2767854,6.261,5.540,4.738,-0.059,-0.001,-0.001,1744,0,0
2767874,6.251,5.600,4.733,-0.049,0.006,-0.011,1745,0,0
2767894,6.208,5.624,4.767,-0.052,0.012,-0.012,1745,0,0
2767914,6.244,5.643,4.769,-0.061,0.005,-0.015,1744,0,0
2767934,6.230,5.686,4.755,-0.062,-0.002,-0.020,1745,0,0
2767954,6.218,5.748,4.721,-0.050,-0.004,-0.022,1745,0,0
2767974,6.215,5.813,4.772,-0.054,0.000,-0.013,1745,0,0
2767994,6.218,5.811,4.817,-0.058,0.002,-0.005,1745,0,0
2768014,6.203,5.751,4.748,-0.064,-0.008,0.000,1745,0,0
2768034,6.244,5.684,4.673,-0.056,-0.013,-0.003,1745,0,0
2768055,6.251,5.634,4.597,-0.068,-0.002,-0.005,1744,0,0
2768074,6.278,5.636,4.635,-0.060,0.010,-0.007,1745,0,0
2768094,6.282,5.629,4.654,-0.058,0.006,-0.011,1745,0,0
2768114,6.263,5.657,4.626,-0.061,0.006,-0.013,1744,0,0
2768134,6.251,5.722,4.640,-0.062,0.017,-0.018,1745,0,0
2768154,6.201,5.796,4.693,-0.061,0.025,-0.012,1745,0,0
2768174,6.175,5.792,4.757,-0.063,0.026,-0.003,1745,0,0
2768194,6.220,5.784,4.786,-0.059,0.024,-0.001,1744,0,0
2768214,6.208,5.775,4.822,-0.056,0.018,-0.002,1745,0,0
2768234,6.237,5.744,4.860,-0.062,0.004,0.005,1744,0,0
2768254,6.266,5.619,4.882,-0.073,-0.001,0.010,1744,0,0
2768274,6.282,5.523,4.906,-0.062,-0.000,0.003,1744,0,0
2768294,6.297,5.495,4.968,-0.055,-0.011,-0.006,1745,0,0
2768314,6.246,5.437,4.978,-0.052,-0.037,-0.025,1745,0,0
2768334,6.230,5.497,4.946,-0.010,-0.055,-0.045,1744,0,0
2768354,6.187,5.691,4.855,0.009,-0.054,-0.053,1743,0,0
2768374,6.179,5.806,4.908,-0.020,-0.064,-0.051,1745,0,0
2768394,6.246,5.784,4.896,-0.042,-0.074,-0.035,1745,0,0
2768414,6.299,5.669,4.757,-0.039,-0.089,-0.027,1745,0,0
2768434,6.397,5.523,4.575,-0.035,-0.093,-0.028,1744,0,0
2768454,6.402,5.478,4.448,-0.037,-0.078,-0.052,1745,0,0
2768474,6.314,5.602,4.379,-0.009,-0.087,-0.080,1745,0,0
2768494,6.263,5.854,4.235,0.018,-0.081,-0.088,1744,0,0
2768514,6.230,6.127,4.142,0.001,-0.043,-0.081,1744,0,0
2768534,6.206,6.263,4.187,-0.022,-0.010,-0.048,1745,0,0
2768554,6.189,6.263,4.173,-0.046,0.014,-0.006,1745,0,0
2768575,6.220,6.086,4.254,-0.097,0.032,0.019,1745,0,0
2768594,6.263,5.902,4.350,-0.080,0.043,0.018,1745,0,0
2768614,6.235,5.825,4.424,-0.033,0.053,0.014,1744,0,0
2768634,6.208,5.818,4.544,-0.023,0.060,0.010,1744,0,0
2768654,6.170,5.827,4.662,-0.042,0.066,0.010,1745,0,0
2768674,6.129,5.782,4.779,-0.055,0.062,0.010,1745,0,0
2768694,6.170,5.634,4.839,-0.078,0.052,0.012,1744,0,0
2768714,6.235,5.519,4.920,-0.081,0.040,-0.009,1746,0,0
2768734,6.251,5.533,4.956,-0.061,0.031,-0.033,1745,0,0
2768754,6.278,5.662,5.040,-0.032,0.014,-0.046,1744,0,0
2768774,6.270,5.777,5.107,-0.034,-0.021,-0.043,1744,0,0
2768794,6.280,5.751,4.987,-0.033,-0.071,-0.045,1745,0,0
2768814,6.316,5.722,4.791,-0.026,-0.107,-0.050,1744,0,0
2768834,6.378,5.751,4.532,-0.007,-0.104,-0.049,1745,0,0
2768854,6.390,5.729,4.444,-0.017,-0.076,-0.043,1745,0,0
2768874,6.316,5.746,4.391,-0.005,-0.082,-0.051,1744,0,0
2768894,6.318,5.866,4.209,0.009,-0.097,-0.063,1744,0,0
2768914,6.330,6.041,4.089,0.000,-0.079,-0.062,1744,0,0
2768934,6.268,6.167,4.046,0.003,-0.053,-0.043,1745,0,0
2768954,6.268,6.223,4.001,0.008,-0.026,-0.012,1744,0,0
2768974,6.227,6.129,4.001,-0.038,-0.004,0.007,1744,0,0
2768994,6.232,5.997,4.082,-0.057,0.013,0.004,1744,0,0
2769014,6.273,5.947,4.175,-0.043,0.031,0.000,1744,0,0
2769034,6.282,5.995,4.310,-0.026,0.045,0.004,1744,0,0
2769054,6.261,6.021,4.374,-0.024,0.047,0.010,1744,0,0
2769074,6.235,6.000,4.451,-0.038,0.051,0.015,1744,0,0
2769094,6.206,5.916,4.606,-0.051,0.046,0.015,1745,0,0
2769114,6.249,5.818,4.697,-0.056,0.038,0.010,1745,0,0
2769134,6.242,5.808,4.774,-0.040,0.015,-0.001,1744,0,0
2769154,6.278,5.878,4.776,-0.028,-0.010,-0.005,1745,0,0
2769174,6.316,5.947,4.697,-0.030,-0.040,-0.004,1744,0,0
2769194,6.347,5.940,4.583,-0.039,-0.066,0.002,1745,0,0
2769214,6.381,5.914,4.439,-0.037,-0.081,0.006,1745,0,0
2769234,6.409,5.883,4.286,-0.026,-0.078,0.007,1745,0,0
2769259,6.388,5.930,4.216,-0.029,-0.064,0.012,1745,0,0
2769274,6.337,5.938,4.175,-0.043,-0.058,0.008,1744,0,0
2769294,6.314,5.983,4.168,-0.030,-0.066,0.002,1745,0,0
2769314,6.304,6.091,4.039,-0.033,-0.061,0.005,1744,0,0
2769334,6.309,6.084,3.950,-0.052,-0.033,0.021,1744,0,0
2769354,6.309,6.021,3.910,-0.063,0.006,0.037,1744,0,0
2769374,6.316,5.859,3.917,-0.093,0.036,0.040,1744,0,0
2769394,6.335,5.727,3.979,-0.107,0.043,0.019,1744,0,0
2769414,6.376,5.756,4.005,-0.106,0.052,-0.001,1744,0,0
2769434,6.393,5.806,4.087,-0.108,0.090,-0.005,1745,0,0
2769454,6.354,5.837,4.264,-0.118,0.101,-0.003,1744,0,0
2769474,6.323,5.902,4.307,-0.107,0.088,-0.008,1744,0,0
2769494,6.316,5.966,4.307,-0.122,0.089,-0.008,1744,0,0
2769514,6.302,5.938,4.417,-0.148,0.108,0.001,1745,0,0
2769534,6.323,5.811,4.551,-0.133,0.115,0.009,1745,0,0
2769554,6.311,5.710,4.551,-0.097,0.103,0.002,1744,0,0
2769574,6.325,5.672,4.549,-0.114,0.086,-0.017,1745,0,0
2769594,6.311,5.669,4.585,-0.120,0.073,-0.031,1744,0,0
2769614,6.299,5.710,4.578,-0.115,0.078,-0.036,1745,0,0
2769634,6.285,5.777,4.623,-0.093,0.080,-0.041,1744,0,0
2769654,6.316,5.847,4.609,-0.107,0.086,-0.038,1744,0,0
2769674,6.278,5.823,4.678,-0.101,0.076,-0.037,1746,0,0
2769694,6.297,5.849,4.693,-0.066,0.061,-0.039,1744,0,0
2769714,6.278,5.926,4.673,-0.048,0.041,-0.034,1744,0,0
2769734,6.256,5.997,4.635,-0.049,0.033,-0.024,1745,0,0
2769754,6.263,5.954,4.645,-0.055,0.037,-0.013,1745,0,0
2769774,6.239,5.885,4.724,-0.046,0.033,-0.008,1745,0,0
2769794,6.227,5.890,4.769,-0.027,0.015,-0.004,1745,0,0
2769814,6.208,5.899,4.709,-0.034,-0.009,-0.006,1745,0,0
2769834,6.225,5.952,4.638,-0.039,-0.024,-0.005,1745,0,0
2769854,6.206,6.038,4.544,-0.046,-0.037,0.003,1745,0,0
2769874,6.225,6.021,4.458,-0.071,-0.027,0.019,1744,0,0
2769894,6.227,5.940,4.448,-0.049,-0.011,0.026,1744,0,0
2769914,6.237,5.959,4.353,-0.033,-0.010,0.027,1745,0,0
2769934,6.211,5.986,4.254,-0.052,-0.003,0.033,1745,0,0
2769954,6.218,5.952,4.240,-0.084,0.001,0.037,1744,0,0
2769974,6.225,5.918,4.221,-0.088,0.019,0.042,1745,0,0
2769994,6.244,5.847,4.262,-0.097,0.042,0.043,1745,0,0
2770014,6.251,5.782,4.269,-0.095,0.069,0.041,1745,0,0
2770034,6.270,5.710,4.379,-0.104,0.091,0.036,1745,0,0
2770054,6.261,5.655,4.527,-0.100,0.095,0.022,1745,0,0
2770074,6.273,5.634,4.594,-0.111,0.079,0.012,1745,0,0
2770094,6.285,5.660,4.585,-0.111,0.080,0.003,1745,0,0
2770114,6.299,5.629,4.659,-0.130,0.088,-0.007,1745,0,0
2770134,6.311,5.732,4.750,-0.114,0.074,-0.016,1744,0,0
2770154,6.290,5.871,4.695,-0.098,0.051,-0.016,1745,0,0
2770174,6.268,5.918,4.714,-0.109,0.057,-0.004,1745,0,0
2770194,6.246,5.899,4.781,-0.114,0.062,0.013,1746,0,0
2770214,6.213,5.842,4.887,-0.084,0.038,0.022,1745,0,0
2770234,6.237,5.799,4.824,-0.086,0.007,0.023,1745,0,0
2770254,6.254,5.705,4.695,-0.094,0.006,0.022,1746,0,0
2770274,6.242,5.669,4.630,-0.080,0.013,0.021,1745,0,0
2770294,6.261,5.696,4.568,-0.082,0.027,0.019,1745,0,0
2770314,6.261,5.729,4.539,-0.097,0.039,0.025,1745,0,0
2770334,6.239,5.729,4.520,-0.085,0.055,0.019,1745,0,0
2770355,6.191,5.784,4.597,-0.093,0.060,0.017,1745,0,0
2770374,6.223,5.804,4.640,-0.084,0.064,0.021,1745,0,0
2770394,6.213,5.832,4.757,-0.074,0.064,0.025,1745,0,0
2770414,6.223,5.830,4.834,-0.081,0.057,0.034,1745,0,0
2770434,6.230,5.722,4.827,-0.077,0.051,0.045,1745,0,0
2770454,6.278,5.622,4.839,-0.068,0.048,0.044,1745,0,0
2770474,6.299,5.488,4.875,-0.080,0.043,0.032,1745,0,0
2770494,6.287,5.401,4.860,-0.071,0.030,0.018,1745,0,0
2770514,6.304,5.456,4.781,-0.053,0.020,0.001,1745,0,0
2770534,6.297,5.531,4.808,-0.064,0.027,-0.009,1745,0,0
2770554,6.261,5.569,4.896,-0.064,0.035,-0.014,1745,0,0
2770574,6.213,5.626,4.966,-0.059,0.019,-0.019,1746,0,0
2770594,6.232,5.672,4.934,-0.049,-0.013,-0.026,1746,0,0
2770614,6.242,5.751,4.788,-0.053,-0.020,-0.021,1746,0,0
2770634,6.201,5.777,4.738,-0.046,-0.014,-0.017,1746,0,0
2770654,6.227,5.729,4.784,-0.070,-0.001,-0.007,1745,0,0
2770674,6.213,5.641,4.779,-0.069,-0.011,-0.012,1745,0,0
2770694,6.237,5.657,4.729,-0.047,-0.022,-0.017,1747,0,0
2770714,6.266,5.696,4.662,-0.044,-0.020,-0.017,1746,0,0
2770735,6.287,5.729,4.690,-0.055,-0.004,-0.014,1748,0,0
2770754,6.273,5.722,4.688,-0.059,-0.005,-0.011,1745,0,0
2770774,6.246,5.717,4.645,-0.056,-0.018,-0.010,1745,0,0
2770794,6.287,5.737,4.580,-0.054,-0.009,-0.009,1745,0,0
2770814,6.242,5.768,4.606,-0.064,0.010,-0.007,1746,0,0
2770834,6.223,5.756,4.623,-0.055,0.017,-0.001,1744,0,0
2770854,6.227,5.751,4.638,-0.049,0.017,0.001,1745,0,0
2770874,6.256,5.748,4.645,-0.065,0.019,0.002,1746,0,0
2770894,6.249,5.715,4.738,-0.066,0.032,0.001,1746,0,0
2770914,6.239,5.679,4.793,-0.063,0.032,0.002,1746,0,0
2770934,6.287,5.610,4.803,-0.060,0.012,0.003,1745,0,0
2770954,6.299,5.624,4.760,-0.052,0.007,-0.003,1746,0,0
2770974,6.292,5.617,4.717,-0.048,0.000,-0.010,1745,0,0
2770994,6.273,5.648,4.659,-0.062,0.003,-0.012,1746,0,0
2771014,6.266,5.641,4.695,-0.076,0.013,-0.015,1746,0,0
2771034,6.256,5.677,4.685,-0.045,0.014,-0.018,1745,0,0
2771054,6.258,5.782,4.712,-0.042,0.019,-0.017,1745,0,0
2771074,6.230,5.818,4.752,-0.062,0.018,-0.007,1745,0,0
2771094,6.235,5.806,4.745,-0.055,0.001,-0.001,1745,0,0
2771114,6.268,5.787,4.611,-0.063,-0.001,0.005,1745,0,0
2771135,6.287,5.725,4.583,-0.070,0.012,0.009,1746,0,0
2771154,6.292,5.672,4.606,-0.064,0.027,0.005,1745,0,0
2771174,6.273,5.605,4.626,-0.056,0.036,0.005,1745,0,0
2771194,6.275,5.605,4.662,-0.054,0.028,-0.004,1745,0,0
2771214,6.282,5.617,4.611,-0.066,0.022,-0.011,1744,0,0
2771234,6.280,5.667,4.664,-0.071,0.038,-0.013,1746,0,0
2771254,6.268,5.701,4.736,-0.065,0.048,-0.012,1745,0,0
2771274,6.244,5.748,4.700,-0.068,0.043,-0.009,1745,0,0
2771294,6.246,5.777,4.688,-0.071,0.036,-0.006,1744,0,0
2771314,6.215,5.780,4.697,-0.079,0.030,-0.004,1744,0,0
2771334,6.225,5.770,4.659,-0.070,0.033,0.001,1744,0,0
2771354,6.227,5.753,4.681,-0.074,0.048,0.006,1744,0,0
2771374,6.208,5.681,4.757,-0.088,0.064,0.009,1745,0,0
2771394,6.232,5.626,4.831,-0.076,0.060,0.003,1745,0,0
2771414,6.237,5.583,4.808,-0.085,0.042,-0.004,1745,0,0
2771434,6.263,5.612,4.843,-0.086,0.030,-0.007,1745,0,0
2771454,6.270,5.612,4.829,-0.077,0.039,-0.009,1744,0,0
2771474,6.220,5.667,4.798,-0.061,0.044,-0.011,1744,0,0
2771494,6.199,5.737,4.848,-0.071,0.040,-0.007,1744,0,0
2771514,6.218,5.686,4.865,-0.092,0.026,-0.004,1745,0,0
2771534,6.213,5.629,4.834,-0.076,0.021,-0.007,1745,0,0
2771554,6.199,5.669,4.774,-0.057,0.024,-0.010,1745,0,0
2771574,6.194,5.710,4.745,-0.067,0.032,-0.010,1744,0,0
2771594,6.194,5.732,4.776,-0.084,0.039,-0.008,1745,0,0
2771614,6.189,5.667,4.841,-0.070,0.039,-0.007,1745,0,0
2771634,6.201,5.629,4.865,-0.062,0.026,-0.009,1745,0,0
2771654,6.235,5.622,4.757,-0.073,0.024,-0.007,1745,0,0
2771674,6.239,5.622,4.681,-0.071,0.040,-0.008,1745,0,0
2771694,6.215,5.641,4.762,-0.063,0.051,-0.010,1745,0,0
2771714,6.211,5.660,4.884,-0.059,0.052,-0.009,1745,0,0
2771734,6.187,5.746,4.918,-0.066,0.043,-0.011,1745,0,0
2771754,6.160,5.758,4.911,-0.073,0.043,-0.006,1745,0,0
2771774,6.112,5.765,4.942,-0.066,0.033,-0.003,1745,0,0
2771794,6.175,5.727,4.937,-0.070,0.022,0.003,1746,0,0
2771814,6.139,5.674,4.937,-0.072,0.027,0.005,1745,0,0
2771834,6.136,5.626,4.939,-0.059,0.015,0.004,1745,0,0
2771854,6.194,5.626,4.870,-0.062,0.004,0.004,1745,0,0
2771874,6.203,5.564,4.827,-0.082,0.015,0.002,1745,0,0
2771894,6.223,5.528,4.870,-0.061,0.022,-0.009,1745,0,0
2771914,6.235,5.581,4.903,-0.052,0.020,-0.018,1745,0,0
2771934,6.179,5.612,4.836,-0.057,0.006,-0.019,1744,0,0
2771954,6.179,5.653,4.839,-0.061,0.001,-0.018,1747,0,0
2771974,6.158,5.703,4.846,-0.067,0.006,-0.018,1745,0,0
2771994,6.141,5.705,4.848,-0.062,0.012,-0.015,1745,0,0
2772014,6.153,5.727,4.877,-0.059,0.004,-0.011,1745,0,0
2772034,6.172,5.701,4.848,-0.069,-0.004,-0.007,1746,0,0
2772054,6.196,5.705,4.772,-0.057,0.004,-0.007,1745,0,0
2772074,6.153,5.701,4.786,-0.064,0.017,-0.003,1745,0,0
2772094,6.208,5.646,4.824,-0.065,0.015,-0.002,1745,0,0
2772114,6.194,5.624,4.812,-0.063,0.015,-0.005,1745,0,0
2772134,6.182,5.643,4.822,-0.065,0.020,-0.011,1745,0,0
2772154,6.211,5.703,4.829,-0.065,0.022,-0.010,1745,0,0
2772174,6.158,5.662,4.865,-0.079,0.015,-0.006,1745,0,0
2772194,6.165,5.674,4.860,-0.063,0.007,-0.004,1745,0,0
2772214,6.170,5.751,4.803,-0.062,0.019,0.002,1745,0,0
2772234,6.139,5.686,4.867,-0.083,0.029,0.004,1746,0,0
2772254,6.160,5.626,4.927,-0.068,0.017,0.003,1745,0,0
2772274,6.196,5.540,4.865,-0.068,0.006,-0.001,1745,0,0
2772294,6.227,5.550,4.839,-0.066,0.012,-0.004,1745,0,0
2772314,6.218,5.578,4.829,-0.050,0.022,-0.009,1744,0,0
2772334,6.179,5.593,4.800,-0.067,0.028,-0.013,1744,0,0
2772354,6.136,5.614,4.875,-0.077,0.017,-0.021,1745,0,0
2772374,6.139,5.686,4.927,-0.064,0.003,-0.021,1746,0,0
2772394,6.146,5.746,4.915,-0.070,0.005,-0.013,1745,0,0
2772414,6.112,5.806,4.879,-0.048,0.018,-0.007,1745,0,0
2772434,6.127,5.823,4.891,-0.062,0.015,0.009,1745,0,0
2772454,6.163,5.693,4.913,-0.077,0.001,0.010,1745,0,0
2772474,6.182,5.588,4.894,-0.083,-0.013,0.005,1745,0,0
2772494,6.206,5.610,4.841,-0.066,-0.014,0.001,1745,0,0
2772514,6.237,5.545,4.764,-0.086,0.002,0.003,1744,0,0
2772534,6.225,5.483,4.762,-0.053,0.020,-0.004,1744,0,0
2772554,6.235,5.545,4.834,-0.055,0.027,-0.011,1745,0,0
2772574,6.211,5.600,4.882,-0.048,0.018,-0.019,1745,0,0
2772594,6.179,5.679,4.843,-0.063,0.009,-0.018,1745,0,0
2772614,6.158,5.734,4.827,-0.059,0.018,-0.013,1745,0,0
2772634,6.144,5.758,4.865,-0.072,0.018,-0.006,1744,0,0
2772654,6.163,5.710,4.899,-0.066,0.018,-0.001,1745,0,0
2772674,6.172,5.653,4.913,-0.071,0.009,0.001,1744,0,0
2772694,6.187,5.622,4.851,-0.061,0.005,-0.003,1744,0,0
2772714,6.179,5.636,4.762,-0.074,0.017,-0.001,1745,0,0
2772734,6.172,5.600,4.791,-0.069,0.030,-0.002,1745,0,0
2772754,6.184,5.569,4.853,-0.070,0.038,-0.004,1745,0,0
2772774,6.191,5.619,4.918,-0.067,0.025,-0.008,1745,0,0
2772794,6.201,5.631,4.920,-0.080,0.014,-0.005,1748,0,0
2772814,6.172,5.622,4.911,-0.063,0.017,-0.008,1744,0,0
2772834,6.163,5.674,4.915,-0.051,0.017,-0.005,1745,0,0
2772854,6.160,5.643,4.894,-0.076,0.023,-0.000,1745,0,0
2772874,6.163,5.593,4.877,-0.080,0.019,-0.003,1745,0,0
2772894,6.175,5.588,4.877,-0.058,0.014,-0.006,1745,0,0
2772914,6.167,5.578,4.877,-0.065,0.020,-0.014,1746,0,0
2772934,6.184,5.605,4.875,-0.078,0.019,-0.016,1745,0,0
2772954,6.160,5.624,4.851,-0.060,0.025,-0.011,1745,0,0
2772974,6.165,5.662,4.829,-0.054,0.035,-0.011,1745,0,0
2772994,6.141,5.691,4.870,-0.068,0.030,-0.012,1745,0,0
2773014,6.124,5.701,4.915,-0.069,0.019,-0.002,1745,0,0
2773034,6.117,5.725,5.270,-0.013,-0.023,0.016,1744,0,0
2773054,6.163,5.617,4.831,0.017,-0.021,0.012,1744,0,0
2773074,6.167,5.727,5.006,0.024,-0.017,0.021,1740,0,0
2773095,6.189,5.535,5.052,-0.058,-0.103,0.048,1727,0,0
2773114,6.225,5.552,5.097,0.062,-0.160,0.059,1687,0,0
2773134,6.294,5.588,5.150,0.204,-0.241,0.066,1625,0,0
2773154,6.357,5.708,5.155,0.244,-0.343,0.108,1545,0,0
2773174,6.598,5.600,5.104,0.252,-0.376,0.125,1472,0,0
2773194,6.685,5.334,4.824,0.265,-0.307,0.112,1409,0,0
2773214,6.606,5.514,4.513,0.424,-0.345,0.132,1350,0,0
2773234,6.677,5.938,4.147,0.622,-0.370,0.166,1292,0,0
2773254,6.483,6.488,3.816,0.403,-0.381,0.227,1230,0,0
2773274,6.256,6.505,3.646,0.176,-0.428,0.305,1174,0,0
2773294,6.620,6.261,4.029,0.125,-0.553,0.359,1130,0,0
2773314,7.075,5.533,4.049,-0.054,-0.607,0.410,1078,0,0
2773334,7.041,5.444,4.317,0.161,-0.698,0.485,1020,0,0
2773354,6.704,6.651,4.671,0.301,-0.948,0.646,977,0,0
2773374,6.886,6.867,3.915,0.145,-1.045,0.815,959,0,0
2773394,6.668,5.827,2.399,0.203,-0.870,0.855,940,0,0
2773414,7.384,6.122,1.999,0.058,-0.715,0.660,910,0,0
2773434,8.078,4.432,2.037,-0.282,-0.241,0.526,889,2268,200
2773454,7.740,4.235,2.370,0.226,0.065,0.426,881,3270,200
2773474,7.602,5.380,2.866,0.226,0.203,0.426,879,4044,200
2773494,8.030,5.066,2.830,0.111,0.206,0.455,879,4095,200
2773514,7.755,4.812,3.110,0.133,0.151,0.405,882,4095,200
2773534,7.547,4.463,3.124,0.030,0.063,0.399,890,4095,200
2773554,8.243,4.369,2.849,0.038,0.093,0.342,896,4095,200
2773574,7.980,5.569,3.405,0.281,0.171,0.318,907,4095,200
2773594,7.894,5.418,3.505,0.215,0.043,0.361,913,4095,200
2773614,7.772,4.525,3.385,0.098,-0.107,0.315,922,4095,200
2773634,8.282,4.767,3.091,0.031,-0.095,0.228,927,4095,200
2773654,8.284,5.191,3.163,0.047,-0.041,0.124,933,4095,200
2773674,7.963,4.221,2.813,0.010,-0.036,0.116,939,4095,200
2773694,8.112,4.800,2.990,-0.060,0.007,0.086,943,4095,200
2773714,8.382,4.635,3.050,-0.122,0.038,0.049,944,4095,200
2773734,7.977,4.041,2.923,-0.107,0.081,-0.014,946,4095,200
2773754,7.973,4.575,3.079,-0.104,0.023,0.016,948,4095,200
2773774,8.387,5.042,3.175,-0.064,0.034,0.013,951,4095,200
2773794,8.143,4.726,3.127,-0.047,0.034,-0.003,952,4095,200
2773814,7.882,4.480,2.914,-0.070,0.005,0.008,955,4095,200
2773834,8.243,5.136,3.215,-0.074,-0.012,0.015,958,4095,200
2773854,8.188,4.889,3.074,-0.031,0.002,-0.007,960,4095,200
2773874,7.860,4.405,2.789,-0.056,-0.021,0.021,961,4095,200
2773894,8.298,4.884,2.947,-0.044,0.014,0.019,963,4095,200
2773914,8.262,5.054,3.050,-0.045,0.036,-0.000,964,4095,200
2773934,7.949,4.195,2.634,-0.075,0.042,0.000,966,4095,200
2773954,8.100,4.822,2.926,-0.072,0.076,0.003,967,4095,200
2773974,8.083,4.731,3.100,-0.072,0.060,-0.014,968,4095,200
2773994,7.839,4.381,2.954,-0.055,0.010,-0.006,970,4095,200
2774014,8.083,4.642,2.986,-0.070,0.004,0.021,972,4095,200
2774034,8.425,5.143,3.172,-0.052,0.055,0.000,972,4095,200
2774054,7.834,4.587,3.017,-0.055,0.026,-0.007,975,4095,200
2774074,8.047,4.511,2.969,-0.075,-0.006,0.022,975,4095,200
2774094,8.375,5.183,3.191,-0.086,0.015,0.012,975,4095,200
2774114,7.942,4.475,2.990,-0.052,-0.013,-0.001,976,4095,200
2774134,7.937,4.515,2.880,-0.052,-0.021,0.035,976,4095,200
2774154,8.452,5.109,3.086,-0.064,0.028,0.015,977,4095,200
2774174,7.944,4.508,3.060,-0.069,-0.002,-0.011,977,4095,200
2774194,7.980,4.223,2.849,-0.063,-0.031,0.016,977,4095,200
2774214,8.428,5.183,3.100,-0.051,-0.005,0.010,978,4095,200
2774234,8.171,4.657,2.990,-0.064,0.025,-0.015,980,4095,200
2774254,7.800,4.475,2.957,-0.075,0.011,0.012,981,4095,200
2774274,8.241,5.037,3.244,-0.100,-0.018,0.031,981,4095,200
2774294,8.210,4.774,3.012,-0.067,-0.025,-0.002,982,4095,200
2774314,7.848,4.231,2.818,-0.074,-0.034,0.013,984,4095,200
2774334,8.334,4.800,3.069,-0.077,-0.034,0.015,983,4095,200
2774354,8.329,4.702,2.859,-0.061,0.014,-0.028,986,4095,200
2774374,7.755,4.262,2.823,-0.095,-0.004,-0.005,986,4095,200
2774394,8.389,4.729,3.031,-0.081,-0.006,0.004,987,4095,200
2774414,8.272,5.006,3.053,-0.045,0.038,-0.028,984,4095,200
2774434,7.834,4.367,2.899,-0.090,-0.003,-0.020,989,4095,200
2774454,8.155,5.059,3.249,-0.086,-0.038,0.015,989,4095,200
2774474,8.423,4.987,3.100,-0.093,-0.059,-0.013,989,4095,200
2774494,7.980,4.319,2.691,-0.050,-0.002,-0.002,990,4095,200
2774514,8.255,4.712,2.883,-0.068,0.040,0.026,989,4095,200
2774534,8.193,4.944,3.079,-0.054,0.042,-0.006,992,4095,200
2774554,7.877,4.094,2.890,-0.090,-0.049,-0.012,991,4095,200
2774574,8.219,4.721,3.156,-0.086,-0.048,-0.001,991,4095,200
2774594,8.454,4.848,3.084,-0.116,-0.048,-0.041,991,4095,200
2774614,7.961,4.207,2.705,-0.073,-0.033,-0.045,992,4095,200
2774634,8.090,4.575,3.043,-0.110,-0.027,-0.018,993,4095,200
2774654,8.236,4.992,3.371,-0.085,-0.078,-0.049,993,4095,200
2774674,7.523,4.678,3.529,-0.114,-0.282,-0.059,993,4095,200
2774694,7.240,4.429,3.752,-0.226,-0.626,0.032,994,4095,200
2774714,7.872,4.336,3.405,-0.286,-0.882,0.081,994,4087,200
2774734,8.882,3.950,2.342,-0.283,-0.772,-0.034,996,3770,200
2774754,8.677,4.290,1.724,-0.073,-0.399,-0.288,1004,3270,200
2774774,8.425,4.774,1.470,-0.110,-0.183,-0.610,1009,1909,200
2774794,8.485,4.142,0.587,-0.816,0.334,-0.992,1052,0,0
2774814,8.545,3.898,1.046,-1.378,0.810,-1.294,1116,0,0
2774834,8.045,4.647,1.173,-1.186,1.357,-1.237,1199,0,0
2774854,7.951,4.815,1.525,-0.887,1.726,-1.130,1296,0,0
2774874,7.321,5.466,1.958,-0.729,2.289,-1.070,1420,0,0
2774894,6.416,2.727,0.919,-0.857,2.690,-0.308,1535,0,0
2774914,6.416,5.883,8.969,-0.833,2.395,-0.874,1675,0,0
2774934,6.268,4.058,4.281,-1.659,1.686,-0.863,1759,0,0
2774954,5.725,4.489,6.613,-1.876,1.271,-0.876,1812,0,0
2774974,5.646,5.119,5.851,-1.153,0.943,-0.729,1848,0,0
2774994,5.677,5.703,6.675,-0.652,0.795,-0.604,1869,0,0
2775014,5.447,6.127,6.563,-1.214,0.590,-0.525,1877,0,0
2775034,5.102,5.851,7.025,-1.220,0.521,-0.413,1884,0,0
2775054,4.851,5.612,7.477,-0.791,0.378,-0.273,1886,0,0
2775074,4.939,5.459,7.738,-0.505,0.144,-0.184,1887,0,0
2775094,4.997,5.593,7.633,-0.228,-0.018,-0.137,1887,0,0
2775114,5.018,5.784,7.705,-0.308,-0.136,-0.093,1885,0,0
2775134,5.119,5.492,7.460,-0.484,-0.158,0.002,1880,0,0
2775154,5.107,5.018,7.104,-0.374,-0.170,0.069,1873,0,0
2775174,5.162,4.616,6.845,-0.130,-0.234,0.085,1871,0,0
2775194,5.318,4.477,6.752,-0.007,-0.267,0.075,1869,0,0
2775214,5.581,4.420,6.522,-0.061,-0.216,0.079,1864,0,0
2775234,5.657,4.314,6.273,-0.148,-0.094,0.075,1860,0,0
2775254,5.583,4.274,6.242,-0.075,0.020,0.055,1857,0,0
2775274,5.440,4.228,6.258,-0.026,0.003,0.043,1856,0,0
2775294,5.557,4.250,6.364,-0.011,-0.076,0.051,1854,0,0
2775314,5.622,4.252,6.342,-0.064,-0.134,0.043,1848,0,0
2775334,5.729,4.343,6.314,-0.083,-0.115,0.004,1843,0,0
2775354,5.717,4.391,6.251,-0.086,-0.024,-0.018,1840,0,0
2775374,5.535,4.456,6.268,-0.057,0.030,-0.016,1838,0,0
2775394,5.545,4.551,6.395,-0.021,0.030,0.003,1836,0,0
2775414,5.547,4.645,6.469,-0.060,0.037,0.007,1830,0,0
2775434,5.562,4.556,6.522,-0.115,0.030,-0.009,1823,0,0
2775454,5.528,4.556,6.567,-0.082,0.022,-0.010,1821,0,0
2775474,5.533,4.585,6.529,-0.059,0.003,0.003,1821,0,0
2775494,5.531,4.544,6.476,-0.064,0.001,0.018,1818,0,0
2775514,5.569,4.451,6.551,-0.058,-0.004,0.012,1819,0,0
2775534,5.578,4.463,6.507,-0.059,-0.000,0.008,1816,0,0
2775554,5.562,4.525,6.495,-0.034,0.003,0.005,1816,0,0
2775574,5.576,4.527,6.455,-0.060,0.003,0.014,1814,0,0
2775594,5.612,4.439,6.438,-0.057,0.017,0.020,1812,0,0
2775614,5.586,4.503,6.440,-0.034,0.022,0.018,1811,0,0
2775634,5.547,4.568,6.438,-0.022,0.008,0.018,1808,0,0
2775654,5.571,4.583,6.424,-0.028,-0.007,0.023,1807,0,0
2775674,5.588,4.573,6.481,-0.007,0.000,0.028,1807,0,0
2775694,5.533,4.561,6.481,-0.022,0.009,0.034,1805,0,0
2775714,5.538,4.554,6.527,-0.006,-0.010,0.048,1803,0,0
2775734,5.574,4.551,6.452,0.022,-0.032,0.052,1800,0,0
2775754,5.598,4.494,6.431,-0.018,-0.048,0.041,1798,0,0
2775774,5.660,4.405,6.493,-0.052,-0.054,0.032,1795,0,0
2775794,5.696,4.365,6.448,-0.017,-0.052,0.029,1792,0,0
2775814,5.715,4.345,6.349,0.032,-0.028,0.024,1791,0,0
2775834,5.662,4.369,6.345,0.083,-0.002,0.005,1790,0,0
2775854,5.677,4.439,6.364,0.108,0.002,-0.006,1790,0,0
2775874,5.667,4.532,6.330,0.058,0.008,-0.007,1788,0,0
2775894,5.638,4.611,6.345,0.003,0.009,-0.005,1788,0,0
2775914,5.662,4.578,6.282,-0.007,0.002,-0.005,1786,0,0
2775934,5.696,4.566,6.294,0.009,0.002,-0.005,1788,0,0
2775954,5.696,4.623,6.318,0.022,0.016,-0.010,1787,0,0
2775974,5.684,4.695,6.227,0.034,0.016,-0.011,1787,0,0
2775994,5.662,4.729,6.220,0.030,0.007,-0.004,1784,0,0
2776014,5.674,4.738,6.239,-0.021,-0.005,0.006,1785,0,0
2776034,5.684,4.666,6.273,-0.049,-0.002,0.007,1784,0,0
2776054,5.696,4.575,6.270,-0.059,-0.003,-0.001,1783,0,0
2776074,5.653,4.614,6.218,-0.026,-0.002,-0.007,1783,0,0
2776094,5.677,4.707,6.153,-0.023,0.001,-0.001,1781,0,0
2776114,5.705,4.702,6.153,-0.053,0.013,0.013,1780,0,0
2776134,5.681,4.606,6.246,-0.047,0.030,0.010,1779,0,0
2776154,5.703,4.630,6.266,-0.029,0.021,0.001,1779,0,0
2776174,5.684,4.697,6.208,-0.048,0.003,-0.005,1777,0,0
2776194,5.698,4.690,6.242,-0.061,0.002,0.001,1776,0,0
2776214,5.705,4.666,6.258,-0.057,0.021,0.006,1776,0,0
2776234,5.674,4.669,6.285,-0.033,0.032,0.006,1776,0,0
2776254,5.665,4.695,6.251,-0.040,0.011,0.004,1776,0,0
2776274,5.681,4.666,6.258,-0.053,-0.013,0.002,1776,0,0
2776294,5.696,4.652,6.184,-0.048,-0.005,0.003,1775,0,0
2776314,5.717,4.666,6.196,-0.047,0.016,0.004,1775,0,0
2776334,5.698,4.635,6.215,-0.041,0.029,0.000,1775,0,0
2776354,5.660,4.678,6.199,-0.031,0.018,-0.003,1774,0,0
2776374,5.715,4.702,6.187,-0.020,0.017,-0.008,1774,0,0
2776394,5.653,4.700,6.227,-0.052,0.033,0.001,1774,0,0
2776414,5.693,4.673,6.340,-0.059,0.021,0.005,1773,0,0
2776434,5.710,4.657,6.273,-0.049,0.015,0.006,1773,0,0
2776454,5.720,4.623,6.249,-0.045,0.005,0.000,1772,0,0
2776474,5.737,4.606,6.220,-0.043,0.005,-0.009,1773,0,0
2776494,5.710,4.640,6.225,-0.037,0.006,-0.020,1772,0,0
2776514,5.696,4.688,6.242,-0.060,0.013,-0.011,1772,0,0
2776534,5.662,4.690,6.206,-0.048,0.021,-0.006,1770,0,0
2776554,5.681,4.707,6.203,-0.037,0.017,-0.007,1769,0,0
2776574,5.672,4.707,6.215,-0.045,0.008,-0.010,1769,0,0
2776594,5.698,4.705,6.232,-0.056,0.008,-0.013,1771,0,0
2776614,5.684,4.743,6.211,-0.048,0.014,-0.010,1770,0,0
2776634,5.684,4.793,6.251,-0.044,0.015,-0.005,1770,0,0
2776654,5.679,4.752,6.237,-0.062,0.008,-0.002,1771,0,0
2776674,5.674,4.678,6.232,-0.067,-0.002,-0.004,1769,0,0
2776694,5.701,4.640,6.189,-0.044,-0.007,-0.002,1769,0,0
2776714,5.713,4.685,6.139,-0.036,-0.002,-0.006,1768,0,0
2776734,5.708,4.673,6.100,-0.062,0.008,-0.010,1769,0,0
2776754,5.727,4.683,6.165,-0.080,0.016,-0.015,1768,0,0
