2830214,4.824,4.508,6.948,-0.060,0.011,0.004,1782,0,0
2830234,4.870,4.499,6.931,-0.066,0.002,-0.003,1782,0,0
2830254,4.894,4.458,6.922,-0.084,0.005,-0.008,1782,0,0
2830274,4.911,4.453,6.922,-0.050,0.014,-0.013,1781,0,0
2830294,4.875,4.554,6.900,-0.042,0.021,-0.014,1782,0,0
2830314,4.863,4.547,6.929,-0.080,0.014,-0.011,1782,0,0
2830334,4.851,4.530,6.974,-0.064,0.008,-0.015,1782,0,0
2830354,4.848,4.587,6.948,-0.056,-0.001,-0.019,1782,0,0
2830374,4.843,4.630,6.907,-0.068,0.001,-0.013,1782,0,0
2830394,4.846,4.597,6.879,-0.069,0.005,-0.005,1782,0,0
2830414,4.860,4.590,6.831,-0.057,0.011,-0.000,1782,0,0
2830434,4.899,4.563,6.814,-0.058,0.019,-0.003,1783,0,0
2830454,4.887,4.542,6.780,-0.079,0.021,-0.006,1782,0,0
2830474,4.875,4.542,6.871,-0.077,0.034,-0.006,1783,0,0
2830494,4.867,4.559,6.962,-0.063,0.043,-0.001,1783,0,0
2830514,4.865,4.580,6.993,-0.061,0.032,-0.002,1783,0,0
2830534,4.879,4.525,6.958,-0.086,0.009,-0.004,1783,0,0
2830554,4.877,4.484,6.910,-0.084,0.006,-0.006,1782,0,0
2830574,4.858,4.535,6.917,-0.046,0.023,-0.011,1782,0,0
2830594,4.800,4.626,6.943,-0.069,0.032,0.000,1783,0,0
2830614,4.827,4.532,6.950,-0.075,0.029,0.006,1783,0,0
2830634,4.848,4.499,6.946,-0.059,0.014,-0.002,1783,0,0
2830654,4.872,4.527,6.926,-0.062,0.014,-0.004,1782,0,0
2830674,4.865,4.465,6.950,-0.078,0.015,-0.008,1783,0,0
2830694,4.860,4.503,6.926,-0.055,0.023,-0.005,1784,0,0
2830714,4.800,4.542,6.948,-0.052,0.025,-0.007,1782,0,0
2830734,4.817,4.568,6.984,-0.066,0.006,-0.010,1782,0,0
2830754,4.812,4.599,7.027,-0.071,0.008,-0.008,1783,0,0
2830774,4.820,4.585,7.077,-0.061,0.014,-0.001,1784,0,0
2830794,4.820,4.583,7.046,-0.042,0.003,0.005,1783,0,0
2830814,4.831,4.535,6.989,-0.058,-0.020,0.004,1782,0,0
2830834,4.875,4.494,6.888,-0.067,-0.016,-0.005,1781,0,0
2830854,4.901,4.444,6.900,-0.060,-0.003,-0.004,1782,0,0
2830874,4.891,4.489,6.919,-0.034,0.003,-0.004,1782,0,0
2830894,4.884,4.494,6.902,-0.050,-0.001,-0.008,1781,0,0
2830914,4.872,4.513,6.895,-0.055,0.001,-0.013,1781,0,0
2830934,4.863,4.544,6.941,-0.058,0.000,-0.018,1782,0,0
2830954,4.863,4.544,6.965,-0.061,0.001,-0.014,1780,0,0
2830974,4.865,4.566,6.970,-0.048,0.001,-0.010,1781,0,0
2830994,4.867,4.585,6.924,-0.040,-0.007,-0.010,1778,0,0
2831014,4.855,4.580,6.917,-0.048,-0.013,-0.010,1779,0,0
2831034,4.865,4.527,6.879,-0.062,-0.014,-0.009,1780,0,0
2831054,4.894,4.515,6.845,-0.059,-0.002,-0.011,1779,0,0
2831074,4.875,4.609,6.840,-0.046,0.000,-0.008,1780,0,0
2831094,4.891,4.580,6.852,-0.049,0.002,-0.003,1780,0,0
2831114,4.913,4.594,6.867,-0.054,0.006,-0.004,1780,0,0
2831134,4.889,4.578,6.862,-0.066,-0.003,-0.004,1780,0,0
2831154,4.901,4.551,6.862,-0.064,-0.006,-0.008,1781,0,0
2831174,4.894,4.563,6.821,-0.044,0.004,-0.011,1780,0,0
2831194,4.894,4.621,6.886,-0.052,0.014,-0.001,1781,0,0
2831214,4.848,4.571,6.914,-0.059,0.014,0.001,1780,0,0
2831234,4.875,4.551,6.898,-0.059,-0.006,-0.005,1780,0,0
2831254,4.908,4.530,6.845,-0.068,-0.010,-0.007,1781,0,0
2831274,4.911,4.544,6.807,-0.066,0.001,-0.009,1779,0,0
2831294,4.906,4.508,6.845,-0.050,0.016,-0.005,1781,0,0
2831314,4.908,4.587,6.869,-0.040,0.016,-0.009,1780,0,0
2831334,4.915,4.633,6.898,-0.073,0.014,-0.005,1781,0,0
2831354,4.896,4.571,6.931,-0.074,0.018,-0.003,1779,0,0
2831374,4.863,4.616,6.943,-0.035,0.007,0.000,1779,0,0
2831394,4.894,4.659,6.881,-0.043,0.000,0.002,1780,0,0
2831414,4.911,4.578,6.879,-0.087,-0.003,0.005,1782,0,0
2831526,4.925,4.539,6.843,-0.058,0.016,-0.003,1780,0,0
2831537,4.911,4.518,6.902,-0.065,0.013,-0.005,1779,0,0
2831549,4.930,4.480,6.934,-0.056,0.007,-0.010,1778,0,0
2831560,4.946,4.487,6.917,-0.047,0.005,-0.012,1780,0,0
2831572,4.954,4.515,6.900,-0.052,0.009,-0.013,1780,0,0
2831584,4.922,4.554,6.847,-0.058,0.010,-0.015,1779,0,0
2831594,4.906,4.575,6.859,-0.056,0.007,-0.016,1779,0,0
2831605,4.899,4.611,6.840,-0.056,0.004,-0.017,1779,0,0
2831677,4.918,4.640,6.780,-0.068,0.003,-0.011,1779,0,0
2831828,4.896,4.489,6.962,-0.085,0.009,-0.009,1780,0,0
2831847,4.908,4.453,6.883,-0.079,0.004,-0.012,1779,0,0
2831867,4.934,4.434,6.900,-0.063,0.019,-0.017,1780,0,0
2831888,4.896,4.453,6.857,-0.061,0.026,-0.026,1780,0,0
2831907,4.896,4.530,6.881,-0.074,0.009,-0.032,1779,0,0
2831927,4.906,4.590,6.828,-0.080,0.009,-0.030,1780,0,0
2831947,4.884,4.676,6.845,-0.067,0.031,-0.024,1780,0,0
2831967,4.834,4.709,6.938,-0.058,0.038,-0.011,1781,0,0
2831987,4.820,4.712,6.958,-0.058,0.021,-0.003,1780,0,0
2832007,4.853,4.681,6.977,-0.084,0.009,0.004,1779,0,0
2832027,4.855,4.626,6.934,-0.073,0.003,0.007,1779,0,0
2832047,4.915,4.554,6.900,-0.060,0.006,0.013,1779,0,0
2832067,4.922,4.463,6.883,-0.069,0.015,0.011,1780,0,0
2832088,4.911,4.401,6.910,-0.066,0.012,0.004,1782,0,0
2832107,4.915,4.432,6.891,-0.050,0.010,-0.005,1779,0,0
2832127,4.920,4.468,6.914,-0.062,0.007,-0.010,1779,0,0
2832147,4.908,4.487,6.926,-0.064,0.014,-0.018,1779,0,0
2832273,4.889,4.606,6.790,-0.057,0.000,0.001,1779,0,0
2832292,4.872,4.611,6.780,-0.049,0.006,0.005,1778,0,0
2832312,4.908,4.568,6.816,-0.060,0.014,0.004,1779,0,0
2832332,4.930,4.484,6.864,-0.070,0.020,-0.004,1778,0,0
2832352,4.913,4.539,6.850,-0.063,0.020,-0.007,1780,0,0
2832372,4.908,4.556,6.936,-0.059,0.019,-0.005,1779,0,0
2832392,4.922,4.568,6.936,-0.065,0.013,-0.003,1780,0,0
2832412,4.903,4.566,6.881,-0.062,0.003,-0.001,1778,0,0
2832432,4.899,4.594,6.855,-0.056,0.009,-0.006,1779,0,0
2832452,4.863,4.602,6.857,-0.068,0.009,-0.001,1780,0,0
2832472,4.896,4.556,6.871,-0.061,0.011,0.005,1779,0,0
2832492,4.918,4.503,6.845,-0.063,0.015,0.000,1779,0,0
2832512,4.934,4.511,6.797,-0.066,0.011,-0.009,1779,0,0
2832532,4.968,4.484,6.833,-0.077,0.014,-0.011,1779,0,0
2832552,4.951,4.499,6.845,-0.062,0.031,-0.010,1779,0,0
2832572,4.913,4.571,6.914,-0.046,0.037,-0.007,1780,0,0
2832592,4.865,4.599,6.953,-0.059,0.025,-0.006,1778,0,0
2832723,4.922,4.518,6.804,-0.054,0.005,-0.006,1778,0,0
2832742,4.920,4.544,6.831,-0.062,0.014,-0.008,1779,0,0
2832762,4.887,4.539,6.905,-0.057,0.020,-0.004,1779,0,0
2832782,4.896,4.549,6.929,-0.048,0.018,-0.002,1779,0,0
2832802,4.913,4.525,6.929,-0.060,0.011,-0.006,1779,0,0
2832822,4.901,4.544,6.902,-0.068,0.007,-0.012,1778,0,0
2832842,4.899,4.563,6.907,-0.065,0.009,-0.012,1779,0,0
2832873,4.891,4.568,6.893,-0.050,0.012,-0.004,1779,0,0
2832887,4.894,4.575,6.895,-0.060,0.007,-0.007,1778,0,0
2832902,4.899,4.547,6.876,-0.073,0.003,-0.011,1779,0,0
2832922,4.918,4.506,6.857,-0.075,0.006,-0.014,1779,0,0
2832942,4.891,4.537,6.840,-0.049,0.019,-0.010,1779,0,0
2832962,4.908,4.583,6.876,-0.057,0.015,-0.010,1781,0,0
2832982,4.908,4.597,6.852,-0.077,0.009,-0.009,1780,0,0
2833002,4.889,4.585,6.833,-0.065,0.016,-0.008,1779,0,0
2833026,4.915,4.599,6.814,-0.059,0.024,-0.002,1779,0,0
2833042,4.891,4.583,6.826,-0.072,0.022,-0.000,1779,0,0
2833062,4.911,4.563,6.814,-0.076,0.017,-0.003,1778,0,0
2833082,4.920,4.597,6.823,-0.063,0.026,-0.004,1779,0,0
2833102,4.858,4.594,6.893,-0.072,0.037,0.002,1779,0,0
2833122,4.860,4.549,6.953,-0.067,0.034,0.005,1779,0,0
2833142,4.884,4.496,6.981,-0.066,0.020,-0.005,1779,0,0
2833162,4.939,4.460,6.922,-0.080,0.015,-0.010,1779,0,0
2833182,4.963,4.386,6.912,-0.067,0.025,-0.013,1779,0,0
2833202,4.920,4.439,6.893,-0.043,0.031,-0.014,1779,0,0
2833222,4.894,4.544,6.934,-0.061,0.023,-0.017,1779,0,0
2833242,4.846,4.594,6.991,-0.078,0.019,-0.020,1779,0,0
2833262,4.810,4.623,7.003,-0.065,0.012,-0.020,1779,0,0
2833282,4.808,4.650,6.991,-0.059,0.003,-0.012,1781,0,0
2833302,4.824,4.650,6.924,-0.059,0.005,-0.001,1779,0,0
2833322,4.834,4.618,6.924,-0.059,0.003,0.005,1778,0,0
2833342,4.870,4.542,6.891,-0.066,0.000,0.005,1778,0,0
2833362,4.927,4.501,6.912,-0.072,0.002,-0.003,1780,0,0
2833382,4.899,4.458,6.929,-0.049,0.009,-0.003,1779,0,0
2833402,4.925,4.503,6.912,-0.053,0.004,-0.003,1778,0,0
2833475,4.920,4.544,6.874,-0.051,-0.009,-0.018,1779,0,0
2833487,4.896,4.592,6.845,-0.044,-0.009,-0.015,1780,0,0
2833498,4.889,4.630,6.862,-0.045,-0.006,-0.011,1778,0,0
2833512,4.867,4.635,6.838,-0.052,0.001,-0.009,1780,0,0
2833616,4.939,4.520,6.835,-0.053,0.003,0.003,1777,0,0
2833636,4.922,4.492,6.823,-0.051,0.017,-0.001,1778,0,0
2833656,4.903,4.518,6.891,-0.061,0.013,-0.006,1780,0,0
2833676,4.922,4.520,6.936,-0.071,0.002,-0.008,1778,0,0
2833696,4.906,4.523,6.917,-0.055,0.001,-0.009,1778,0,0
2833716,4.894,4.604,6.914,-0.040,0.008,-0.009,1778,0,0
2833736,4.863,4.580,6.962,-0.063,0.007,-0.005,1779,0,0
2833756,4.863,4.523,7.001,-0.055,-0.003,-0.007,1780,0,0
2833776,4.896,4.494,6.931,-0.042,-0.018,-0.010,1779,0,0
2833796,4.956,4.427,6.950,-0.053,-0.015,-0.018,1778,0,0
2833816,4.946,4.322,6.958,-0.052,-0.015,-0.026,1778,0,0
2833836,4.958,4.357,6.919,-0.020,-0.024,-0.039,1779,0,0
2833856,4.990,4.472,6.883,-0.032,-0.030,-0.044,1779,0,0
2833876,4.966,4.568,6.888,-0.049,-0.022,-0.043,1778,0,0
2833896,4.913,4.559,6.970,-0.040,-0.017,-0.045,1778,0,0
2833916,4.901,4.645,6.965,-0.008,-0.030,-0.047,1778,0,0
2833936,4.913,4.757,6.891,-0.025,-0.055,-0.045,1778,0,0
2834103,4.860,4.767,6.852,-0.079,0.042,0.007,1779,0,0
2834123,4.899,4.647,6.931,-0.068,0.042,0.011,1778,0,0
2834143,4.896,4.592,6.938,-0.062,0.032,0.007,1778,0,0
2834163,4.872,4.489,6.996,-0.080,0.031,0.005,1779,0,0
2834183,4.901,4.415,7.063,-0.054,0.023,-0.005,1779,0,0
2834203,4.932,4.374,7.080,-0.049,0.006,-0.016,1779,0,0
2834223,4.949,4.276,7.099,-0.070,-0.017,-0.033,1778,0,0
2834243,4.963,4.312,6.970,-0.031,-0.024,-0.049,1779,0,0
2834397,4.942,4.946,6.610,-0.021,-0.038,-0.016,1778,0,0
2834417,4.944,4.922,6.596,-0.028,-0.026,-0.008,1778,0,0
2834436,4.906,4.896,6.606,-0.025,-0.008,0.002,1778,0,0
2834456,4.939,4.851,6.634,-0.026,0.000,0.018,1778,0,0
2834476,4.951,4.712,6.553,-0.048,0.002,0.019,1778,0,0
2834496,4.901,4.609,6.584,-0.052,0.008,0.005,1778,0,0
2834732,5.042,4.894,6.273,-0.073,-0.038,0.022,1777,0,0
2834751,5.004,4.903,6.287,-0.034,0.011,0.028,1776,0,0
2834771,4.961,4.985,6.318,-0.068,0.034,0.046,1776,0,0
2834791,4.982,4.827,6.472,-0.114,0.039,0.054,1776,0,0
2834811,5.009,4.616,6.618,-0.106,0.055,0.050,1776,0,0
2834831,4.968,4.482,6.713,-0.079,0.071,0.037,1776,0,0
2834851,4.951,4.499,6.788,-0.078,0.065,0.023,1777,0,0
2834871,5.028,4.556,6.859,-0.102,0.045,0.011,1778,0,0
2835042,5.009,4.791,6.771,-0.072,0.028,-0.028,1777,0,0
2835062,4.994,4.776,6.826,-0.059,0.035,-0.022,1777,0,0
2835082,4.970,4.750,6.862,-0.066,0.014,-0.022,1776,0,0
2835102,4.997,4.719,6.776,-0.060,-0.003,-0.021,1776,0,0
2835122,5.028,4.736,6.689,-0.051,-0.000,-0.015,1776,0,0
2835142,5.033,4.733,6.670,-0.043,0.009,-0.010,1776,0,0
2835162,5.023,4.724,6.692,-0.045,0.003,-0.013,1776,0,0
2835330,4.961,4.539,6.924,-0.022,-0.008,-0.006,1777,0,0
2835350,4.999,4.527,6.919,-0.026,-0.014,-0.014,1777,0,0
2835370,5.069,4.614,6.823,-0.015,-0.031,-0.023,1777,0,0
2835390,5.059,4.642,6.800,-0.038,-0.043,-0.031,1777,0,0
2835410,5.045,4.690,6.744,-0.015,-0.042,-0.035,1777,0,0
2835430,5.021,4.958,6.618,0.020,-0.045,-0.030,1777,0,0
2835450,4.997,5.126,6.479,-0.025,-0.050,-0.018,1777,0,0
2835470,4.970,5.114,6.369,-0.060,-0.043,-0.009,1776,0,0
2835490,5.001,5.069,6.369,-0.039,-0.027,0.006,1777,0,0
2835510,5.045,5.085,6.323,-0.037,-0.016,0.021,1776,0,0
2835530,5.064,5.004,6.318,-0.071,0.003,0.036,1777,0,0
2835550,5.090,4.877,6.364,-0.083,0.021,0.047,1777,0,0
2835570,5.090,4.762,6.421,-0.072,0.031,0.045,1777,0,0
2835590,5.088,4.681,6.481,-0.093,0.043,0.040,1776,0,0
2835610,5.085,4.652,6.505,-0.101,0.053,0.033,1776,0,0
2835630,5.064,4.669,6.522,-0.113,0.050,0.031,1777,0,0
2835650,5.030,4.611,6.505,-0.119,0.062,0.030,1779,0,0
2835670,5.011,4.604,6.527,-0.110,0.082,0.014,1777,0,0
2835690,4.954,4.568,6.625,-0.136,0.090,-0.004,1777,0,0
2835710,4.894,4.561,6.797,-0.126,0.096,-0.012,1777,0,0
2835730,4.901,4.635,6.867,-0.097,0.098,-0.015,1777,0,0
2835750,4.927,4.628,6.926,-0.113,0.096,-0.011,1778,0,0
2835770,4.978,4.575,7.010,-0.114,0.080,-0.010,1777,0,0
2835928,4.896,4.949,6.680,-0.073,0.025,0.010,1778,0,0
2835947,4.858,4.925,6.716,-0.063,0.039,0.029,1777,0,0
2835967,4.841,4.848,6.778,-0.079,0.046,0.038,1777,0,0
2835987,4.851,4.707,6.891,-0.092,0.046,0.043,1777,0,0
2836007,4.870,4.597,6.972,-0.090,0.032,0.037,1778,0,0
2836027,4.922,4.492,6.953,-0.088,0.024,0.034,1777,0,0
2836047,4.961,4.415,6.960,-0.076,0.023,0.029,1776,0,0
2836067,4.992,4.415,6.883,-0.071,0.020,0.020,1776,0,0
2836087,4.963,4.451,6.871,-0.075,0.013,0.007,1777,0,0
2836237,4.927,4.664,6.780,-0.065,0.029,0.013,1778,0,0
2836257,4.944,4.640,6.802,-0.060,0.025,0.014,1778,0,0
2836276,4.934,4.638,6.867,-0.051,0.025,0.013,1776,0,0
2836296,4.925,4.671,6.931,-0.072,0.016,0.014,1776,0,0
2836316,4.932,4.573,6.960,-0.070,0.004,0.017,1776,0,0
2836336,4.939,4.537,6.888,-0.044,0.002,0.020,1776,0,0
2836356,4.958,4.520,6.802,-0.040,-0.003,0.011,1776,0,0
2836376,5.006,4.501,6.740,-0.065,-0.004,0.003,1777,0,0
2836462,4.934,4.712,6.790,-0.054,0.014,-0.006,1776,0,0
2836474,4.925,4.729,6.812,-0.052,0.009,-0.005,1776,0,0
2836486,4.934,4.762,6.812,-0.063,0.007,-0.003,1776,0,0
2836497,4.939,4.752,6.835,-0.073,0.011,0.002,1774,0,0
2836509,4.956,4.690,6.812,-0.073,0.010,0.007,1775,0,0
2836520,4.978,4.671,6.804,-0.062,0.008,0.013,1776,0,0
2836531,4.987,4.657,6.785,-0.046,0.010,0.018,1776,0,0
2836543,4.980,4.618,6.776,-0.044,0.012,0.017,1776,0,0
2836692,4.975,4.547,6.950,-0.053,-0.008,-0.006,1776,0,0
2836712,4.992,4.583,6.802,-0.066,-0.012,-0.004,1776,0,0
2836732,4.961,4.549,6.742,-0.057,-0.002,-0.005,1776,0,0
2836752,4.992,4.578,6.699,-0.048,0.006,-0.007,1776,0,0
2836772,5.006,4.561,6.709,-0.067,0.008,-0.010,1776,0,0
2836792,4.994,4.575,6.725,-0.077,0.003,-0.021,1776,0,0
2836812,4.966,4.618,6.730,-0.069,0.015,-0.023,1776,0,0
2836832,4.994,4.673,6.833,-0.062,0.032,-0.013,1776,0,0
2836852,4.970,4.676,6.876,-0.060,0.025,-0.006,1776,0,0
2836872,4.973,4.623,6.886,-0.066,0.005,-0.002,1776,0,0
2836892,4.973,4.657,6.764,-0.056,0.002,-0.003,1776,0,0
2836912,4.956,4.647,6.728,-0.069,0.001,-0.002,1776,0,0
2836932,5.004,4.563,6.756,-0.086,0.010,-0.001,1776,0,0
2836952,4.997,4.523,6.761,-0.065,0.016,-0.001,1776,0,0
2836972,5.018,4.535,6.730,-0.058,0.012,-0.005,1776,0,0
2836992,5.021,4.561,6.694,-0.065,0.022,-0.011,1776,0,0
2837012,4.990,4.575,6.773,-0.066,0.023,-0.017,1776,0,0
2837032,4.985,4.611,6.840,-0.074,0.027,-0.017,1776,0,0
2837052,4.946,4.664,6.847,-0.063,0.030,-0.012,1776,0,0
2837072,4.951,4.717,6.847,-0.070,0.031,-0.004,1776,0,0
2837092,4.927,4.705,6.859,-0.072,0.026,0.003,1776,0,0
2837112,4.908,4.621,6.929,-0.068,0.014,0.003,1776,0,0
2837132,4.954,4.580,6.910,-0.069,0.000,0.006,1776,0,0
2837152,4.999,4.530,6.855,-0.066,-0.006,0.004,1776,0,0
2837172,5.021,4.513,6.730,-0.061,0.002,0.000,1776,0,0
2837192,5.004,4.523,6.718,-0.062,0.019,-0.002,1776,0,0
2837212,4.992,4.503,6.843,-0.070,0.018,-0.008,1776,0,0
2837232,5.018,4.499,6.864,-0.071,0.011,-0.014,1776,0,0
2837252,4.980,4.551,6.816,-0.052,0.007,-0.025,1776,0,0
2837272,4.956,4.678,6.900,-0.069,-0.004,-0.022,1776,0,0
2837292,4.968,4.654,6.843,-0.082,0.007,-0.013,1776,0,0
2837312,4.985,4.611,6.804,-0.056,0.016,-0.001,1776,0,0
2837332,4.985,4.628,6.790,-0.057,0.020,-0.003,1777,0,0
2837352,4.975,4.611,6.711,-0.074,0.014,-0.001,1776,0,0
2837372,5.009,4.590,6.752,-0.064,0.025,-0.001,1776,0,0
2837392,4.968,4.554,6.788,-0.071,0.029,-0.005,1776,0,0
2837412,4.985,4.556,6.792,-0.066,0.023,-0.011,1776,0,0
2837432,4.978,4.614,6.833,-0.063,0.023,-0.011,1776,0,0
2837452,4.970,4.654,6.893,-0.073,0.026,-0.004,1776,0,0
2837472,4.954,4.594,6.912,-0.070,0.018,-0.001,1776,0,0
2837492,4.975,4.549,6.898,-0.062,0.012,-0.004,1776,0,0
2837512,4.951,4.599,6.862,-0.060,0.012,-0.007,1776,0,0
2837532,4.932,4.580,6.871,-0.070,0.004,-0.006,1776,0,0
2837552,4.982,4.535,6.840,-0.060,-0.001,-0.001,1776,0,0
2837572,4.990,4.494,6.802,-0.052,0.004,-0.008,1776,0,0
2837592,5.011,4.499,6.771,-0.064,0.002,-0.017,1776,0,0
2837612,5.013,4.520,6.740,-0.068,0.012,-0.022,1776,0,0
2837632,5.001,4.575,6.756,-0.060,0.026,-0.020,1776,0,0
2837652,4.958,4.657,6.855,-0.056,0.031,-0.018,1776,0,0
2837672,4.939,4.678,6.905,-0.063,0.013,-0.012,1776,0,0
2837692,4.918,4.731,6.891,-0.053,0.001,-0.009,1776,0,0
2837712,4.932,4.731,6.814,-0.066,0.001,-0.004,1776,0,0
2837732,4.954,4.673,6.778,-0.077,0.009,0.007,1776,0,0
2837752,4.956,4.585,6.807,-0.063,0.017,0.015,1776,0,0
2837772,4.990,4.518,6.833,-0.061,0.018,0.010,1776,0,0
2837792,5.006,4.487,6.809,-0.071,0.011,0.001,1776,0,0
2837812,4.997,4.453,6.800,-0.070,0.016,-0.006,1777,0,0
2837832,5.001,4.494,6.833,-0.052,0.026,-0.006,1777,0,0
2837852,4.978,4.549,6.855,-0.061,0.029,-0.009,1777,0,0
2837872,4.985,4.532,6.905,-0.081,0.018,-0.011,1776,0,0
2837892,4.939,4.518,6.902,-0.056,0.010,-0.013,1777,0,0
2837912,4.968,4.616,6.852,-0.041,-0.000,-0.017,1777,0,0
2837932,4.944,4.645,6.778,-0.076,0.006,-0.015,1777,0,0
2837952,4.954,4.597,6.823,-0.083,0.013,-0.010,1777,0,0
2837972,4.966,4.594,6.838,-0.062,0.014,-0.004,1776,0,0
2837992,4.966,4.609,6.756,-0.054,0.015,-0.006,1778,0,0
2838012,4.978,4.623,6.716,-0.076,0.016,-0.008,1777,0,0
2838032,4.978,4.549,6.742,-0.089,0.025,-0.010,1776,0,0
2838052,4.963,4.566,6.859,-0.071,0.034,-0.007,1777,0,0
2838072,4.934,4.592,6.893,-0.058,0.031,-0.005,1777,0,0
2838092,4.934,4.640,6.845,-0.067,0.023,-0.003,1777,0,0
2838112,4.934,4.559,6.857,-0.088,0.021,0.000,1777,0,0
2838132,4.956,4.465,6.867,-0.062,0.011,-0.008,1777,0,0
2838152,4.966,4.532,6.864,-0.056,0.005,-0.013,1777,0,0
2838172,4.925,4.566,6.821,-0.075,0.019,-0.006,1777,0,0
2838192,4.942,4.568,6.917,-0.072,0.025,-0.004,1777,0,0
2838212,4.927,4.525,6.902,-0.054,0.017,-0.010,1775,0,0
2838232,4.966,4.477,6.845,-0.075,0.007,-0.017,1776,0,0
2838252,4.978,4.492,6.823,-0.064,0.010,-0.022,1776,0,0
2838272,4.973,4.559,6.785,-0.060,0.018,-0.021,1776,0,0
2838292,4.956,4.623,6.802,-0.060,0.029,-0.017,1777,0,0
2838312,4.915,4.623,6.788,-0.069,0.029,-0.017,1777,0,0
2838332,4.901,4.647,6.886,-0.086,0.028,-0.015,1779,0,0
2838352,4.887,4.654,6.936,-0.058,0.019,-0.011,1778,0,0
2838372,4.906,4.717,6.938,-0.058,0.016,-0.001,1777,0,0
2838392,4.908,4.678,6.907,-0.084,0.016,0.006,1777,0,0
2838412,4.925,4.542,6.891,-0.066,0.005,0.012,1778,0,0
2838432,4.975,4.468,6.859,-0.060,0.007,0.006,1777,0,0
2838452,4.958,4.403,6.845,-0.078,0.017,-0.002,1778,0,0
2838472,4.961,4.434,6.864,-0.058,0.019,-0.008,1778,0,0
2838492,4.954,4.542,6.871,-0.058,0.023,-0.008,1777,0,0
2838512,4.920,4.547,6.926,-0.066,0.019,-0.010,1777,0,0
2838532,4.934,4.532,6.993,-0.068,0.003,-0.016,1777,0,0
2838552,4.906,4.563,6.929,-0.056,-0.022,-0.018,1777,0,0
2838572,4.920,4.635,6.857,-0.030,-0.021,-0.005,1777,0,0
2838592,4.942,4.688,6.816,-0.039,-0.000,0.001,1777,0,0
2838612,4.963,4.592,6.819,-0.074,-0.003,-0.000,1777,0,0
2838632,4.975,4.508,6.804,-0.056,-0.017,-0.004,1776,0,0
2838652,4.939,4.616,6.821,-0.018,-0.046,0.005,1776,0,0
2838672,4.899,4.638,7.029,-0.012,-0.101,0.033,1774,0,0
2838692,4.997,4.662,7.104,0.049,-0.177,0.050,1763,0,0
2838712,4.951,4.712,7.223,0.092,-0.258,0.082,1731,0,0
2838732,5.203,4.681,7.563,0.109,-0.405,0.107,1645,0,0
2838752,5.428,4.484,7.532,0.231,-0.549,0.137,1528,0,0
2838772,5.478,4.477,7.345,0.436,-0.686,0.179,1440,0,0
2838792,5.569,4.549,6.637,0.643,-0.673,0.248,1380,0,0
2838812,5.595,5.143,6.529,0.601,-0.637,0.295,1331,0,0
2838832,5.796,5.375,6.495,0.510,-0.872,0.419,1282,0,0
2838852,5.863,5.435,5.827,0.257,-0.990,0.627,1227,0,0
2838872,5.401,5.267,5.425,0.332,-1.042,0.751,1167,0,0
2838892,5.377,5.449,6.306,0.497,-1.296,0.853,1096,0,0
2838912,5.698,6.282,6.938,0.524,-1.710,1.003,1020,0,0
2838932,6.323,6.206,6.278,0.232,-1.856,1.190,968,0,0
2838952,7.044,4.499,4.341,0.222,-1.654,1.175,934,0,0
2838972,7.626,3.268,3.108,-0.126,-1.098,0.734,904,3199,200
2838992,7.697,2.399,3.057,0.339,-0.532,0.454,884,3890,200
2839012,7.389,3.242,3.419,0.599,-0.328,0.352,869,4064,200
2839032,7.683,3.632,3.239,0.516,-0.138,0.322,864,4095,200
2839052,7.568,3.249,3.309,0.377,-0.007,0.270,863,4095,200
2839072,7.465,3.457,3.570,0.244,0.030,0.219,866,4095,200
2839092,7.834,4.087,3.970,0.195,0.040,0.162,870,4095,200
2839112,8.229,4.535,4.101,0.252,0.055,0.072,876,4095,200
2839132,7.379,4.568,4.300,0.250,0.061,0.082,880,4095,200
2839152,7.511,4.511,4.379,0.058,-0.069,0.104,885,4095,200
2839172,8.018,4.865,4.317,-0.060,-0.075,0.048,891,4095,200
2839192,8.133,4.939,4.238,-0.040,-0.017,0.013,897,4095,200
2839212,7.453,4.082,4.029,0.018,-0.000,0.044,901,4095,200
2839232,7.695,4.283,3.900,0.030,-0.006,0.125,905,4095,200
2839252,7.851,4.707,4.202,0.013,-0.016,0.122,907,4095,200
2839272,7.796,3.891,4.108,-0.029,-0.044,0.050,911,4095,200
2839292,7.609,3.778,4.013,-0.034,-0.027,0.019,912,4095,200
2839312,7.951,4.149,3.936,-0.049,0.013,0.040,913,4095,200
2839332,8.023,4.829,4.281,0.003,0.039,0.034,916,4095,200
2839352,7.681,4.063,4.118,-0.022,-0.024,0.029,922,4095,200
2839372,7.709,3.972,3.831,-0.046,-0.052,0.031,924,4095,200
2839392,8.179,4.662,4.013,-0.079,0.011,0.006,926,4095,200
2839412,7.839,4.594,4.104,-0.028,0.064,0.001,928,4095,200
2839432,7.645,3.955,3.737,-0.054,-0.011,0.052,930,4095,200
2839452,7.906,4.312,3.838,-0.051,0.011,0.042,930,4095,200
2839472,8.145,4.664,4.085,-0.048,0.063,-0.001,933,4095,200
2839492,7.626,4.123,3.962,-0.050,0.027,0.010,934,4095,200
2839512,7.760,4.037,3.754,-0.053,0.031,0.054,936,4095,200
2839532,8.059,4.872,4.216,-0.027,0.062,0.060,937,4095,200
2839552,7.812,4.307,4.175,-0.042,0.034,0.038,939,4095,200
2839572,7.671,3.761,3.857,-0.088,0.008,0.033,940,4095,200
2839592,8.059,4.515,4.013,-0.049,0.065,0.030,943,4095,200
2839612,8.023,4.525,4.164,-0.035,0.092,0.022,943,4095,200
2839632,7.556,3.812,3.958,-0.077,0.054,0.033,943,4095,200
2839652,8.013,4.537,4.293,-0.084,0.046,0.020,945,4095,200
2839672,8.114,4.515,4.254,-0.092,0.026,-0.008,944,4095,200
2839692,7.628,3.809,3.950,-0.080,-0.010,-0.008,945,4095,200
2839712,7.925,4.147,3.931,-0.072,0.010,0.021,946,4095,200
2839732,8.140,4.803,4.262,-0.035,0.082,0.003,947,4095,200
2839752,7.479,4.077,4.266,-0.112,-0.022,-0.003,948,4095,200
2839772,7.867,4.049,4.029,-0.123,-0.052,0.005,949,4095,200
2839792,8.250,4.767,4.274,-0.096,-0.030,0.005,949,4095,200
2839812,7.616,4.202,4.087,-0.054,-0.021,-0.005,951,4095,200
2839832,7.640,4.123,3.977,-0.081,-0.030,0.039,951,4095,200
2839852,8.045,4.942,4.489,-0.112,-0.101,0.045,954,4095,200
2839872,7.575,4.147,4.465,-0.192,-0.241,0.019,954,4095,200
2839892,6.950,3.926,4.774,-0.334,-0.572,0.062,956,4095,200
2839912,7.628,4.334,4.896,-0.439,-0.939,0.145,957,4095,200
2839932,8.624,4.492,4.185,-0.537,-0.974,0.152,960,4019,200
2839952,8.401,3.895,3.716,-0.466,-0.817,0.109,963,3542,200
2839972,7.922,3.323,2.787,-0.461,-0.617,-0.008,971,2254,200
2839992,7.829,2.753,2.581,-0.331,-0.494,-0.194,988,0,0
2840012,8.552,2.782,1.413,-0.613,-0.046,-0.495,1045,0,0
2840032,8.440,2.799,2.172,-0.737,0.540,-0.779,1107,0,0
2840052,8.164,2.921,1.958,-0.830,0.771,-1.055,1175,0,0
2840072,8.114,3.357,1.228,-0.948,1.165,-1.282,1265,0,0
2840092,7.908,3.938,0.366,-0.995,1.957,-1.326,1391,0,0
2840112,7.676,3.826,-0.163,-0.890,3.002,-1.241,1525,0,0
2840132,5.954,3.857,6.476,-0.918,3.330,-1.296,1643,0,0
2840152,6.428,1.650,5.825,-1.896,2.442,-1.361,1742,0,0
2840172,5.353,2.140,5.902,-2.583,2.611,-1.415,1814,0,0
2840192,4.776,3.883,7.724,-1.015,2.270,-1.297,1857,0,0
2840212,4.374,5.253,8.928,0.431,1.944,-1.034,1884,0,0
2840232,3.759,6.134,10.372,-0.083,1.378,-0.744,1902,0,0
2840252,3.531,6.735,10.314,-0.182,0.828,-0.565,1905,0,0
2840272,3.218,7.288,10.120,0.204,0.486,-0.436,1908,0,0
2840292,3.191,7.204,10.094,-0.204,0.027,-0.274,1909,0,0
2840312,3.555,6.534,9.491,-0.164,-0.318,-0.084,1912,0,0
2840332,3.838,5.954,8.243,-0.064,-0.516,0.083,1909,0,0
2840352,4.164,5.456,7.575,-0.020,-0.561,0.163,1907,0,0
2840372,4.444,4.877,6.886,-0.039,-0.525,0.222,1906,0,0
2840392,4.757,4.422,6.407,-0.038,-0.449,0.254,1905,0,0
2840412,4.966,4.096,6.213,0.009,-0.337,0.235,1904,0,0
2840432,5.071,3.953,6.067,0.063,-0.234,0.158,1902,0,0
2840452,5.104,3.972,6.175,-0.016,-0.148,0.109,1901,0,0
2840472,5.078,3.941,6.340,-0.045,-0.138,0.097,1898,0,0
2840492,5.179,3.974,6.359,-0.024,-0.141,0.091,1892,0,0
2840512,5.248,3.972,6.297,-0.010,-0.052,0.066,1889,0,0
2840532,5.171,4.113,6.383,0.012,0.081,0.012,1888,0,0
2840552,5.001,4.355,6.615,-0.050,0.117,-0.037,1888,0,0
2840572,4.946,4.513,6.862,-0.096,0.082,-0.047,1886,0,0
2840592,4.932,4.590,7.049,-0.078,0.065,-0.031,1886,0,0
2840612,4.865,4.760,7.092,-0.022,0.065,-0.018,1882,0,0
2840632,4.843,4.741,7.099,-0.017,0.047,-0.001,1879,0,0
2840652,4.867,4.815,7.058,-0.017,0.019,0.016,1878,0,0
2840672,4.853,4.779,7.029,-0.067,0.010,0.028,1877,0,0
2840692,4.824,4.654,6.986,-0.054,0.018,0.038,1876,0,0
2840712,4.841,4.542,6.984,0.033,0.006,0.041,1874,0,0
2840732,4.877,4.642,6.881,0.069,-0.021,0.048,1874,0,0
2840752,4.946,4.611,6.802,-0.037,-0.019,0.065,1872,0,0
2840772,4.999,4.566,6.867,-0.054,0.009,0.060,1871,0,0
2840792,5.011,4.506,6.912,-0.056,0.011,0.058,1871,0,0
2840812,4.990,4.511,6.814,-0.029,0.012,0.059,1870,0,0
2840832,4.973,4.503,6.800,-0.007,0.003,0.070,1865,0,0
2840852,4.966,4.513,6.780,-0.005,-0.007,0.072,1863,0,0
2840872,5.004,4.439,6.816,-0.039,-0.029,0.059,1863,0,0
2840892,5.004,4.499,6.771,0.003,-0.029,0.038,1861,0,0
2840912,5.021,4.501,6.740,-0.029,-0.019,0.027,1859,0,0
2840932,5.018,4.475,6.823,-0.024,-0.012,0.025,1858,0,0
2840952,5.021,4.523,6.888,0.020,-0.038,0.022,1856,0,0
2840972,5.040,4.587,6.778,0.004,-0.064,0.028,1855,0,0
2840992,5.119,4.520,6.694,-0.050,-0.066,0.022,1853,0,0
2841012,5.143,4.432,6.730,-0.025,-0.022,0.013,1850,0,0
2841032,5.102,4.489,6.728,-0.004,0.008,0.010,1848,0,0
2841052,5.092,4.571,6.716,0.038,0.011,0.012,1846,0,0
2841072,5.059,4.673,6.670,0.057,0.001,0.021,1844,0,0
2841092,5.059,4.760,6.658,-0.002,-0.008,0.020,1842,0,0
2841112,5.059,4.628,6.675,-0.099,-0.016,0.009,1840,0,0
2841132,5.095,4.530,6.730,-0.077,-0.016,-0.001,1840,0,0
2841152,5.107,4.633,6.699,-0.023,0.003,0.004,1839,0,0
2841172,5.071,4.705,6.646,-0.023,0.027,0.017,1838,0,0
2841192,5.073,4.707,6.709,-0.047,0.027,0.027,1838,0,0
2841212,5.083,4.611,6.742,-0.058,0.006,0.020,1835,0,0
2841232,5.119,4.568,6.740,-0.060,-0.009,0.011,1834,0,0
2841252,5.107,4.597,6.680,-0.053,-0.015,0.004,1832,0,0
2841272,5.133,4.606,6.637,-0.041,-0.004,0.009,1831,0,0
2841292,5.119,4.638,6.653,-0.039,0.014,0.013,1830,0,0
2841312,5.095,4.587,6.692,-0.043,0.022,0.015,1829,0,0
2841332,5.092,4.609,6.689,-0.030,0.004,0.017,1828,0,0
2841352,5.150,4.628,6.701,-0.052,-0.021,0.010,1828,0,0
2841372,5.188,4.556,6.680,-0.055,-0.011,0.009,1827,0,0
2841392,5.155,4.597,6.586,-0.019,0.013,0.006,1825,0,0
2841412,5.121,4.626,6.675,-0.023,0.023,0.002,1824,0,0
2841432,5.083,4.702,6.668,-0.047,0.018,0.002,1823,0,0
2841452,5.104,4.652,6.656,-0.066,0.017,0.009,1823,0,0
2841472,5.088,4.654,6.656,-0.052,0.025,0.010,1822,0,0
2841492,5.109,4.678,6.737,-0.047,0.030,0.000,1823,0,0
2841512,5.119,4.633,6.704,-0.083,0.019,0.006,1822,0,0
2841532,5.121,4.599,6.735,-0.059,0.009,0.011,1821,0,0
2841552,5.150,4.621,6.634,-0.044,-0.012,0.008,1819,0,0
2841572,5.207,4.609,6.584,-0.058,0.001,0.005,1819,0,0
