
2076207,5.265,4.089,6.986,-0.065,0.020,0.001,1821,0,0

2076227,5.320,4.164,6.948,-0.068,0.011,0.003,1822,0,0

2076247,5.320,4.142,6.998,-0.070,0.020,-0.001,1821,0,0

2076267,5.222,4.085,7.072,-0.075,0.012,-0.009,1821,0,0

2076287,5.241,4.061,7.034,-0.062,-0.001,-0.015,1821,0,0

2076307,5.250,4.096,6.972,-0.063,0.001,-0.019,1821,0,0

2076327,5.265,4.123,6.905,-0.067,-0.002,-0.005,1820,0,0

2076347,5.382,4.075,6.898,-0.072,0.009,-0.007,1821,0,0

2076367,5.329,4.159,6.998,-0.072,0.019,-0.012,1821,0,0

2076387,5.301,4.149,6.993,-0.072,0.020,-0.010,1820,0,0

2076407,5.274,4.061,6.967,-0.072,0.030,-0.005,1822,0,0

2076427,5.250,4.096,6.934,-0.075,0.039,-0.001,1823,0,0

2076447,5.248,4.116,6.974,-0.075,0.046,0.012,1822,0,0

2076467,5.272,4.094,7.046,-0.066,0.041,0.019,1820,0,0

2076487,5.241,4.056,7.051,-0.062,0.032,0.015,1821,0,0

2076507,5.222,4.020,7.063,-0.058,0.024,0.006,1822,0,0

2076527,5.234,4.061,7.072,-0.058,0.013,-0.001,1821,0,0

2076547,5.241,4.070,7.039,-0.055,0.006,-0.003,1821,0,0

2076567,5.289,4.101,7.063,-0.058,-0.003,-0.013,1821,0,0

2076587,5.282,4.092,6.974,-0.052,-0.012,-0.015,1822,0,0

2076607,5.136,4.063,7.017,-0.047,-0.010,-0.014,1821,0,0

2076627,5.320,4.116,6.955,-0.056,-0.013,-0.004,1821,0,0

2076647,5.217,4.025,6.989,-0.044,-0.016,0.001,1822,0,0

2076667,5.440,4.044,6.936,-0.053,-0.011,-0.009,1821,0,0

2076687,5.315,4.135,6.998,-0.040,0.001,-0.021,1820,0,0

2076707,5.277,4.128,6.929,-0.060,0.011,-0.016,1821,0,0

2076727,5.231,4.156,6.984,-0.054,0.021,-0.006,1821,0,0

2076747,5.241,4.077,7.022,-0.060,0.013,0.002,1821,0,0

2076767,5.315,4.027,7.025,-0.052,0.014,-0.009,1821,0,0

2076787,5.322,4.108,6.946,-0.051,0.011,-0.013,1819,0,0

2076807,5.325,4.154,6.900,-0.052,0.017,-0.015,1820,0,0

2076827,5.272,4.156,6.993,-0.062,0.018,-0.009,1822,0,0

2076847,5.231,4.116,7.022,-0.063,0.003,-0.002,1821,0,0

2076867,5.301,4.049,6.986,-0.055,-0.008,-0.002,1820,0,0

2076887,5.327,4.065,6.955,-0.059,-0.006,-0.012,1821,0,0

2076907,5.306,4.164,6.996,-0.054,0.005,-0.019,1822,0,0

2076927,5.239,4.216,7.015,-0.060,-0.004,-0.010,1822,0,0

2076947,5.260,4.053,6.989,-0.052,-0.005,-0.005,1821,0,0

2076967,5.310,4.108,6.981,-0.058,0.006,-0.008,1822,0,0

2076987,5.289,4.108,6.981,-0.057,0.003,-0.005,1821,0,0

2077007,5.365,4.104,6.914,-0.061,0.009,-0.009,1821,0,0

2077027,5.346,4.161,6.943,-0.059,0.020,-0.015,1822,0,0

2077047,5.258,4.140,6.989,-0.062,0.021,-0.013,1821,0,0

2077067,5.219,4.116,7.020,-0.063,0.018,-0.009,1821,0,0

2077087,5.255,4.075,6.974,-0.063,0.008,-0.004,1821,0,0

2077107,5.318,4.082,6.919,-0.059,0.009,-0.010,1822,0,0

2077127,5.351,4.149,6.934,-0.056,0.010,-0.011,1821,0,0

2077147,5.282,4.156,6.986,-0.053,0.010,-0.007,1820,0,0

2077167,5.248,4.128,6.965,-0.057,0.005,-0.005,1822,0,0

2077187,5.315,4.096,6.984,-0.063,-0.000,-0.005,1820,0,0

2077207,5.308,4.123,6.993,-0.059,0.009,-0.011,1820,0,0

2077227,5.303,4.094,6.977,-0.054,0.001,-0.011,1819,0,0

2077247,5.318,4.154,6.965,-0.049,-0.004,-0.015,1821,0,0

2077267,5.298,4.137,6.893,-0.058,-0.003,-0.015,1821,0,0

2077287,5.332,4.140,6.907,-0.064,0.005,-0.015,1820,0,0

2077307,5.286,4.154,6.931,-0.069,0.006,-0.008,1820,0,0

2077327,5.349,4.116,6.965,-0.064,0.006,-0.009,1820,0,0

2077347,5.337,4.113,6.948,-0.064,0.010,-0.013,1820,0,0

2077367,5.306,4.140,6.965,-0.064,0.012,-0.017,1821,0,0

2077387,5.274,4.175,6.972,-0.064,0.008,-0.007,1820,0,0

2077407,5.282,4.096,6.905,-0.068,0.004,0.001,1820,0,0

2077427,5.346,4.161,6.967,-0.073,0.017,0.001,1820,0,0

2077447,5.315,4.085,7.041,-0.070,0.010,-0.004,1820,0,0

2077467,5.301,4.051,6.953,-0.058,0.000,-0.009,1820,0,0

2077487,5.296,4.128,6.874,-0.062,0.017,-0.016,1821,0,0

2077507,5.322,4.209,6.955,-0.077,0.017,-0.006,1821,0,0

2077527,5.358,4.137,6.979,-0.080,0.016,-0.009,1821,0,0

2077547,5.279,4.092,6.953,-0.078,0.017,-0.011,1820,0,0

2077567,5.332,4.089,6.907,-0.081,0.015,-0.010,1821,0,0

2077587,5.337,4.190,6.981,-0.077,0.025,-0.015,1821,0,0

2077607,5.253,4.183,7.015,-0.085,0.019,-0.003,1821,0,0

2077627,5.262,4.106,6.919,-0.082,0.016,0.007,1821,0,0

2077647,5.332,4.099,6.900,-0.088,0.032,0.014,1822,0,0

2077667,5.389,4.149,6.938,-0.096,0.040,0.016,1821,0,0

2077687,5.361,4.087,7.001,-0.091,0.042,0.013,1821,0,0

2077707,5.289,4.080,7.046,-0.086,0.044,0.002,1821,0,0

2077727,5.253,4.087,7.005,-0.084,0.035,0.003,1821,0,0

2077747,5.234,4.051,6.912,-0.078,0.030,0.009,1821,0,0

2077767,5.358,4.101,6.943,-0.087,0.042,0.011,1821,0,0

2077787,5.279,4.108,7.049,-0.082,0.037,0.022,1821,0,0

2077807,5.344,4.015,7.017,-0.071,0.025,0.025,1821,0,0

2077827,5.325,4.008,6.998,-0.061,0.033,0.018,1820,0,0

2077847,5.255,4.073,7.065,-0.059,0.034,0.016,1819,0,0

2077867,5.169,4.070,7.087,-0.049,0.025,0.017,1819,0,0

2077887,5.162,4.039,7.063,-0.041,0.014,0.029,1820,0,0

2077907,5.298,3.941,6.898,-0.052,0.005,0.026,1820,0,0

2077927,5.406,4.056,7.017,-0.046,0.020,-0.001,1820,0,0

2077947,5.286,4.128,7.130,-0.047,0.018,-0.011,1819,0,0

2077967,5.243,4.041,7.101,-0.048,0.007,-0.007,1820,0,0

2077987,5.215,4.020,7.005,-0.037,0.003,-0.018,1820,0,0

2078007,5.255,4.082,6.998,-0.048,0.003,-0.016,1820,0,0

2078027,5.267,4.080,6.998,-0.047,0.001,-0.016,1819,0,0

2078047,5.303,4.104,6.986,-0.053,-0.005,-0.014,1820,0,0

2078067,5.277,4.099,7.051,-0.043,-0.014,-0.018,1821,0,0

2078087,5.243,4.070,7.046,-0.052,-0.026,-0.019,1821,0,0

2078107,5.296,4.068,6.958,-0.057,-0.041,-0.018,1822,0,0

2078127,5.346,4.075,6.962,-0.053,-0.035,-0.029,1821,0,0

2078147,5.361,4.123,6.929,-0.060,-0.030,-0.029,1821,0,0

2078167,5.377,4.104,6.958,-0.062,-0.026,-0.033,1822,0,0

2078187,5.344,4.125,6.970,-0.065,-0.025,-0.031,1822,0,0

2078207,5.346,4.116,6.864,-0.065,-0.021,-0.028,1823,0,0

2078227,5.406,4.125,6.756,-0.078,0.004,-0.016,1822,0,0

2078247,5.361,4.168,6.891,-0.081,0.035,-0.003,1821,0,0

2078267,5.358,4.135,6.948,-0.084,0.033,0.016,1822,0,0

2078287,5.306,3.996,6.929,-0.080,0.039,0.021,1822,0,0

2078307,5.370,4.051,6.898,-0.085,0.054,0.016,1821,0,0

2078327,5.351,4.149,7.005,-0.091,0.064,0.016,1822,0,0

2078347,5.296,4.113,7.013,-0.085,0.057,0.023,1823,0,0

2078367,5.253,4.025,7.044,-0.079,0.055,0.024,1822,0,0

2078387,5.217,3.984,7.084,-0.071,0.042,0.015,1822,0,0

2078407,5.270,3.998,7.005,-0.069,0.022,0.012,1822,0,0

2078427,5.344,4.046,6.946,-0.072,0.014,0.008,1821,0,0

2078447,5.337,4.056,7.027,-0.072,0.018,-0.001,1822,0,0

2078467,5.279,4.039,7.053,-0.072,0.011,-0.003,1821,0,0

2078487,5.274,4.015,7.015,-0.071,0.002,-0.011,1821,0,0

2078507,5.253,4.065,7.005,-0.066,-0.003,-0.010,1821,0,0

2078527,5.337,4.001,6.926,-0.076,-0.008,-0.001,1821,0,0

2078547,5.430,4.032,6.965,-0.078,0.008,-0.011,1821,0,0

2078567,5.315,4.075,7.113,-0.071,0.006,-0.017,1820,0,0

2078587,5.282,4.010,7.058,-0.066,-0.003,-0.021,1820,0,0

2078607,5.255,4.039,6.986,-0.067,0.009,-0.023,1821,0,0

2078627,5.250,4.039,7.032,-0.065,0.010,-0.019,1821,0,0

2078647,5.344,3.979,7.010,-0.064,-0.004,-0.019,1821,0,0

2078667,5.368,3.989,7.008,-0.046,-0.000,-0.025,1821,0,0

2078687,5.356,4.068,6.924,-0.047,0.002,-0.027,1821,0,0

2078707,5.344,4.094,6.914,-0.050,0.007,-0.022,1821,0,0

2078727,5.344,4.118,6.946,-0.055,0.011,-0.013,1821,0,0

2078747,5.313,4.061,6.970,-0.056,0.018,-0.006,1821,0,0

2078767,5.306,4.013,6.943,-0.049,0.021,-0.001,1822,0,0

2078787,5.339,4.039,6.965,-0.054,0.027,0.000,1821,0,0

2078807,5.353,4.085,6.996,-0.051,0.028,0.003,1821,0,0

2078827,5.289,4.075,7.010,-0.055,0.031,0.002,1822,0,0

2078847,5.277,4.061,7.005,-0.055,0.029,0.003,1820,0,0

2078867,5.272,4.051,7.041,-0.049,0.022,-0.001,1821,0,0

2078887,5.298,4.056,6.998,-0.045,0.012,-0.005,1821,0,0

2078907,5.337,4.017,6.989,-0.050,0.004,-0.005,1821,0,0

2078927,5.363,4.061,6.996,-0.043,0.013,-0.015,1820,0,0

2078947,5.270,4.099,7.049,-0.045,0.009,-0.013,1821,0,0

2078967,5.277,4.104,7.001,-0.044,0.004,-0.008,1821,0,0

2078987,5.262,4.049,7.010,-0.043,0.001,-0.004,1821,0,0

2079007,5.315,4.032,7.008,-0.042,-0.003,-0.005,1822,0,0

2079027,5.365,4.051,6.938,-0.052,0.001,-0.011,1822,0,0

2079047,5.358,4.116,6.970,-0.053,0.005,-0.016,1821,0,0

2079067,5.318,4.087,6.991,-0.055,-0.001,-0.015,1821,0,0

2079087,5.294,4.065,6.989,-0.051,-0.004,-0.018,1821,0,0

2079107,5.310,4.073,7.005,-0.055,-0.001,-0.020,1821,0,0

2079127,5.306,4.113,6.989,-0.051,0.003,-0.018,1820,0,0

2079147,5.289,4.130,6.972,-0.055,-0.002,-0.010,1821,0,0

2079167,5.346,4.116,6.943,-0.051,0.004,-0.009,1821,0,0

2079187,5.351,4.080,6.929,-0.048,0.006,-0.002,1820,0,0

2079207,5.334,4.034,6.958,-0.051,0.007,-0.009,1820,0,0

2079227,5.377,4.101,6.917,-0.054,0.007,-0.015,1820,0,0

2079247,5.351,4.168,6.924,-0.057,0.014,-0.016,1821,0,0

2079267,5.329,4.149,6.960,-0.064,0.017,-0.007,1822,0,0

2079287,5.313,4.116,6.953,-0.069,0.020,0.003,1819,0,0

2079307,5.284,4.053,7.017,-0.064,0.020,0.002,1821,0,0

2079327,5.272,4.044,7.022,-0.056,0.008,-0.004,1822,0,0

2079347,5.346,4.099,6.948,-0.055,0.007,-0.014,1820,0,0

2079367,5.365,4.164,6.869,-0.063,0.019,-0.013,1821,0,0

2079387,5.329,4.161,6.974,-0.068,0.022,-0.010,1822,0,0

2079407,5.320,4.106,6.950,-0.075,0.015,-0.009,1821,0,0

2079427,5.349,4.051,6.886,-0.073,0.021,-0.012,1821,0,0

2079447,5.341,4.082,6.931,-0.077,0.028,-0.012,1822,0,0

2079467,5.320,4.111,7.001,-0.076,0.026,-0.008,1821,0,0

2079487,5.241,4.106,6.989,-0.071,0.016,-0.02079627,5.339,4.080,7.022,-0.074,0.030,0.001,1820,0,0

2079647,5.306,4.075,7.032,-0.066,0.023,-0.005,1821,0,0

2079667,5.255,4.061,6.953,-0.068,0.018,-0.004,1821,0,0

2079687,5.339,4.049,6.905,-0.071,0.026,-0.000,1821,0,0

2079707,5.344,4.116,6.993,-0.075,0.034,-0.001,1821,0,0

2080383,5.195,3.891,7.195,-0.086,0.033,-0.007,1822,0,0

2080391,5.131,3.855,7.185,-0.080,0.026,-0.007,1822,0,0

2080399,5.152,3.840,7.159,-0.067,0.018,-0.008,1822,0,0

2080407,5.179,3.883,7.135,-0.061,0.017,-0.008,1822,0,0

2080415,5.205,3.907,7.140,-0.061,0.016,-0.004,1822,0,0

2081390,5.327,4.015,7.075,-0.114,-0.001,-0.018,1822,0,0
2083411,5.315,4.005,7.049,-0.046,0.020,0.010,1822,0,0

2084418,5.303,3.977,7.183,-0.055,0.007,-0.031,1821,0,0
2086439,5.313,4.037,6.977,-0.062,0.007,-0.007,1822,0,0

2087446,5.325,4.142,6.922,-0.052,0.004,-0.008,1825,0,0
2089467,5.346,4.108,7.005,-0.070,0.018,-0.011,1823,0,0

2090474,5.267,3.953,6.996,-0.074,0.037,0.032,1827,0,0
2092495,5.246,3.986,7.041,-0.087,0.030,0.003,1827,0,0

2093502,5.282,3.929,7.056,-0.043,-0.006,-0.007,1828,0,0

2095454,5.337,4.025,7.013,-0.050,-0.015,-0.008,1825,0,0

2095463,5.380,4.020,7.034,-0.043,-0.015,-0.011,1824,0,0

2095471,5.380,3.998,7.037,-0.035,-0.013,-0.017,1824,0,0

2095479,5.389,3.998,6.986,-0.039,-0.009,-0.018,1826,0,0

2095487,5.385,3.984,6.946,-0.045,-0.015,-0.023,1822,0,0

2095495,5.406,4.003,6.869,-0.046,-0.012,-0.029,1826,0,0

2095503,5.411,3.994,6.814,-0.051,-0.005,-0.030,1824,0,0

2095511,5.437,4.044,6.831,-0.049,0.003,-0.028,1823,0,0

2095519,5.401,4.094,6.828,-0.044,0.008,-0.024,1825,0,0

2095527,5.358,4.144,6.881,-0.043,0.013,-0.016,1823,0,0

2095535,5.327,4.168,6.840,-0.041,0.018,-0.005,1824,0,0

2095544,5.291,4.111,6.826,-0.027,0.022,0.004,1822,0,0

2095552,5.365,4.065,7.022,-0.038,0.011,0.009,1823,0,0

2095560,5.423,4.013,7.037,-0.047,0.010,0.007,1824,0,0

2095568,5.389,3.965,6.936,-0.053,0.014,0.003,1823,0,0

2095576,5.351,3.982,6.912,-0.046,0.015,-0.002,1824,0,0

2095585,5.365,4.022,6.950,-0.047,0.015,-0.006,1824,0,0

2095593,5.351,4.034,6.979,-0.057,0.016,-0.010,1825,0,0

2095601,5.332,4.029,6.991,-0.058,0.016,-0.012,1824,0,0

2095609,5.332,4.077,6.977,-0.047,0.012,-0.014,1824,0,0

2095617,5.337,4.092,6.958,-0.048,0.010,-0.013,1824,0,0

2095625,5.332,4.120,6.943,-0.057,0.008,-0.013,1824,0,0

2095633,5.361,4.082,6.931,-0.063,0.009,-0.010,1826,0,0

2095641,5.370,4.061,6.926,-0.061,0.009,-0.010,1826,0,0

2095650,5.365,4.058,6.938,-0.058,0.010,-0.009,1825,0,0

2095658,5.361,4.058,6.972,-0.057,0.011,-0.008,1824,0,0

2095666,5.339,4.053,6.943,-0.058,0.010,-0.007,1825,0,0

2095674,5.368,4.032,6.948,-0.058,0.006,-0.006,1825,0,0

2095682,5.375,4.017,6.934,-0.055,0.005,-0.007,1827,0,0

2095690,5.387,4.034,6.931,-0.053,0.006,-0.009,1827,0,0

2095698,5.409,4.058,6.962,-0.053,0.009,-0.011,1825,0,0

2095707,5.392,4.070,6.967,-0.052,0.010,-0.014,1824,0,0

2095715,5.375,4.077,6.953,-0.052,0.011,-0.014,1825,0,0

2095723,5.344,4.094,6.948,-0.051,0.009,-0.013,1824,0,0

2095731,5.339,4.116,6.953,-0.050,0.009,-0.011,1824,0,0

2095739,5.332,4.094,6.938,-0.054,0.006,-0.010,1826,0,0

2095747,5.356,4.070,6.922,-0.058,0.007,-0.009,1826,0,0

2095756,5.382,4.065,6.929,-0.056,0.011,-0.010,1824,0,0

2095764,5.373,4.063,6.941,-0.055,0.013,-0.010,1826,0,0

2095772,5.377,4.063,6.917,-0.058,0.015,-0.008,1824,0,0

2095780,5.358,4.085,6.912,-0.061,0.018,-0.006,1825,0,0

2095788,5.353,4.068,6.929,-0.062,0.018,-0.006,1828,0,0

2095796,5.349,4.073,6.974,-0.059,0.016,-0.005,1824,0,0

2095804,5.363,4.058,7.003,-0.056,0.014,-0.006,1824,0,0

2095812,5.363,4.053,6.950,-0.057,0.013,-0.006,1825,0,0

2095820,5.363,4.061,6.924,-0.058,0.012,-0.009,1825,0,0

2095828,5.358,4.073,6.917,-0.059,0.012,-0.011,1824,0,0

2095837,5.375,4.085,6.946,-0.062,0.011,-0.011,1826,0,0

2095845,5.375,4.058,7.001,-0.061,0.012,-0.012,1825,0,0

2095853,5.361,4.073,7.013,-0.056,0.011,-0.013,1825,0,0

2095861,5.344,4.099,7.013,-0.055,0.010,-0.014,1824,0,0

2095869,5.332,4.087,6.950,-0.056,0.009,-0.013,1825,0,0

2095877,5.344,4.104,6.943,-0.057,0.008,-0.010,1825,0,0

2095885,5.363,4.104,6.936,-0.057,0.010,-0.009,1825,0,0

2095893,5.365,4.106,6.912,-0.060,0.011,-0.008,1826,0,0

2095901,5.351,4.101,6.917,-0.064,0.013,-0.005,1823,0,0

2095909,5.353,4.087,6.950,-0.063,0.012,-0.000,1826,0,0

2095917,5.365,4.085,6.970,-0.061,0.011,0.002,1825,0,0

2095925,5.344,4.056,6.946,-0.060,0.009,0.003,1825,0,0

2095933,5.325,4.037,6.989,-0.058,0.004,0.004,1826,0,0

2095941,5.329,4.039,7.001,-0.052,-0.002,0.003,1825,0,0

2095950,5.349,4.075,6.979,-0.047,-0.010,0.002,1824,0,0

2095958,5.341,4.104,6.955,-0.045,-0.021,0.003,1824,0,0

2095967,5.315,4.092,6.931,-0.048,-0.023,0.005,1825,0,0

2095975,5.370,4.017,6.965,-0.036,-0.031,-0.002,1825,0,0

2095983,5.361,4.187,6.852,-0.043,-0.027,0.005,1824,0,0

2095991,5.416,4.125,6.972,-0.048,-0.027,0.008,1826,0,0

2095999,5.409,4.077,7.077,-0.038,-0.037,0.008,1824,0,0

2096007,5.401,4.087,7.111,-0.009,-0.061,0.009,1825,0,0

2096015,5.394,4.178,6.993,-0.012,-0.068,0.019,1825,0,0

2096024,5.409,4.104,7.027,-0.030,-0.083,0.017,1826,0,0

2096032,5.411,4.037,7.037,-0.029,-0.091,0.012,1825,0,0

2096040,5.373,4.005,6.986,-0.003,-0.100,0.010,1824,0,0

2096048,5.346,4.106,6.984,0.024,-0.107,0.013,1824,0,0

2096056,5.279,4.156,6.974,0.033,-0.120,0.020,1825,0,0

2096064,5.258,4.125,7.140,0.040,-0.149,0.034,1825,0,0

2096072,5.313,4.085,7.216,0.067,-0.179,0.045,1826,0,0

2096080,5.344,4.051,7.142,0.096,-0.196,0.067,1823,0,0

2096088,5.416,4.128,7.104,0.122,-0.217,0.081,1823,0,0

2096097,5.519,4.216,7.163,0.143,-0.253,0.084,1823,0,0

2096105,5.622,4.216,7.094,0.118,-0.273,0.088,1820,0,0

2096113,5.602,4.130,7.044,0.060,-0.281,0.098,1820,0,0

2096121,5.646,4.202,6.366,-0.005,-0.247,0.115,1822,0,0

2096129,5.653,4.233,6.127,-0.036,-0.215,0.109,1819,0,0

2096137,5.600,4.238,5.945,-0.045,-0.145,0.101,1816,0,0

2096145,5.533,4.207,6.325,-0.048,-0.129,0.106,1815,0,0

2096153,5.725,4.286,6.608,-0.030,-0.111,0.108,1817,0,0

2096162,5.751,4.204,6.802,-0.055,-0.115,0.107,1814,0,0

2096170,5.715,4.082,6.792,-0.087,-0.113,0.107,1816,0,0

2096178,5.643,4.010,6.871,-0.106,-0.133,0.103,1815,0,0

2096186,5.610,3.962,6.761,-0.102,-0.143,0.092,1816,0,0

2096194,5.598,3.886,6.718,-0.130,-0.145,0.086,1814,0,0

2096203,5.701,3.869,6.835,-0.111,-0.159,0.066,1815,0,0

2096211,5.713,3.934,6.857,-0.059,-0.168,0.044,1818,0,0

2096219,5.684,3.936,6.603,-0.035,-0.156,0.037,1813,0,0

2096227,5.751,4.010,6.460,-0.033,-0.139,0.026,1814,0,0

2096235,5.780,4.080,6.414,-0.037,-0.116,0.009,1813,0,0

2096243,5.768,4.094,6.400,-0.049,-0.092,0.007,1815,0,0

2096251,5.758,4.125,6.371,-0.065,-0.068,0.013,1816,0,0

2096260,5.784,4.147,6.467,-0.078,-0.051,0.017,1816,0,0

2096268,5.792,4.262,6.613,-0.069,-0.048,0.017,1818,0,0

2096276,5.748,4.207,6.630,-0.075,-0.044,0.023,1816,0,0

2096284,5.748,4.142,6.634,-0.091,-0.043,0.033,1817,0,0

2096292,5.816,4.094,6.732,-0.094,-0.047,0.027,1820,0,0

2096300,5.784,3.984,6.689,-0.084,-0.038,0.018,1816,0,0

2096308,5.737,3.876,6.618,-0.072,-0.026,0.014,1817,0,0

2096317,5.820,3.874,6.622,-0.043,-0.023,0.001,1816,0,0

2096325,5.839,3.941,6.579,-0.024,-0.008,-0.012,1817,0,0

2096333,5.816,3.953,6.510,-0.033,0.007,-0.022,1816,0,0

2096341,5.789,4.001,6.486,-0.047,0.020,-0.027,1820,0,0

2096349,5.729,4.209,6.649,-0.038,0.015,-0.023,1819,0,0

2096357,5.710,4.396,6.749,-0.052,-0.012,-0.006,1817,0,0

2096365,5.703,4.365,6.574,-0.121,-0.021,0.032,1817,0,0

2096374,5.811,4.140,6.658,-0.168,-0.032,0.044,1816,0,0

2096382,5.875,4.027,6.828,-0.135,-0.039,0.031,1820,0,0

2096390,5.792,3.934,6.828,-0.081,-0.043,0.034,1818,0,0

2096398,5.770,4.010,6.790,-0.056,-0.050,0.035,1817,0,0

2096406,5.825,4.142,6.840,-0.044,-0.064,0.027,1818,0,0

2096414,5.770,4.085,6.730,-0.053,-0.072,0.023,1816,0,0

2096422,5.794,3.970,6.574,-0.078,-0.070,0.030,1815,0,0

2096431,5.916,3.970,6.548,-0.085,-0.064,0.017,1814,0,0

2096439,5.906,3.946,6.486,-0.097,-0.050,0.007,1814,0,0

2096447,5.830,3.946,6.460,-0.131,-0.029,0.014,1814,0,0

2096455,5.839,4.046,6.395,-0.157,-0.013,0.026,1818,0,0

2096463,5.880,4.096,6.402,-0.153,0.005,0.021,1816,0,0

2096471,5.902,4.140,6.474,-0.136,0.022,0.017,1815,704,200

2096479,5.856,4.111,6.577,-0.122,0.031,0.016,1817,65,0

2096488,5.825,4.130,6.730,-0.104,0.019,0.020,1816,0,0

2096496,5.772,4.135,6.862,-0.106,-0.004,0.025,1816,1477,200

2096504,5.701,4.075,6.783,-0.129,-0.012,0.027,1813,2456,200

2096512,5.732,4.049,6.699,-0.136,-0.018,0.034,1818,2769,200

2096520,5.753,3.886,6.644,-0.145,-0.008,0.020,1816,3000,200

2096528,5.883,3.642,6.493,-0.168,-0.005,0.013,1813,3250,200

2096537,6.218,4.073,6.642,-0.150,0.033,0.009,1817,3515,200

2096545,6.237,3.912,6.622,-0.184,0.052,0.001,1815,3629,200

2096553,5.756,3.716,6.488,-0.222,0.074,-0.024,1813,3734,200

2096561,5.480,3.759,6.452,-0.206,0.077,-0.036,1816,3823,200

2096569,5.296,3.833,6.495,-0.164,0.078,-0.035,1812,3887,200

2096577,5.272,3.840,6.577,-0.122,0.071,-0.028,1813,3922,200

2096585,5.193,3.797,6.644,-0.121,0.071,-0.030,1813,3951,200

2096593,5.222,3.716,6.656,-0.100,0.056,-0.031,1812,3985,200

2096602,5.227,3.699,6.697,-0.077,0.044,-0.030,1813,3997,200

2096610,5.241,3.699,6.673,-0.063,0.034,-0.027,1811,4027,200

2096618,5.313,3.692,6.642,-0.067,0.028,-0.022,1812,4079,200

2096626,5.397,3.694,6.620,-0.083,0.021,-0.017,1810,4095,200

2096634,5.485,3.668,6.572,-0.086,0.019,-0.014,1811,4095,200

2096642,5.576,3.699,6.531,-0.075,0.022,-0.013,1811,4095,200

2096650,5.318,3.677,6.452,-0.078,0.035,-0.037,1811,4095,200

2096658,5.329,3.730,6.443,-0.071,0.042,-0.034,1810,4095,200

2096667,5.351,3.754,6.522,-0.059,0.046,-0.037,1811,4095,200

2096675,5.373,3.864,6.577,-0.050,0.042,-0.030,1807,4095,200

2096683,5.416,3.883,6.615,-0.058,0.035,-0.018,1810,4095,200

2096691,5.511,3.903,6.622,-0.066,0.026,-0.006,1809,4095,200

2096699,5.600,3.900,6.651,-0.071,0.021,0.001,1809,4095,200

2096707,5.612,3.864,6.632,-0.070,0.022,0.009,1810,4095,200

2096715,5.657,3.840,6.574,-0.073,0.027,0.018,1810,4095,200

2096723,5.289,3.819,6.522,-0.082,0.040,-0.003,1811,4095,200

2096732,5.310,3.759,6.553,-0.101,0.046,0.003,1811,4095,200

2096740,5.411,3.704,6.663,-0.107,0.041,0.004,1808,4095,200

2096748,5.507,3.694,6.735,-0.104,0.036,-0.001,1809,4095,200

2096756,5.540,3.697,6.728,-0.094,0.033,-0.003,1810,4095,200

2096764,5.212,3.680,6.670,-0.089,0.037,-0.026,1809,4095,200

2096773,5.248,3.718,6.632,-0.075,0.033,-0.023,1809,4095,200

2096781,5.272,3.733,6.677,-0.065,0.031,-0.022,1812,4095,200

2096789,5.329,3.733,6.661,-0.053,0.025,-0.021,1809,4095,200

2096797,5.377,3.711,6.675,-0.039,0.020,-0.018,1810,4095,200

2096805,5.430,3.749,6.651,-0.037,0.016,-0.012,1812,4095,200

2096814,5.162,3.725,6.527,-0.056,0.025,-0.027,1811,4095,200

2096822,5.183,3.716,6.519,-0.068,0.029,-0.021,1812,4095,200

2096830,5.227,3.721,6.543,-0.070,0.030,-0.020,1811,4095,200

2096838,5.241,3.730,6.536,-0.071,0.037,-0.022,1810,4095,200

2096846,5.253,3.721,6.570,-0.075,0.040,-0.018,1811,4095,200

2096854,5.255,3.733,6.603,-0.074,0.046,-0.013,1810,4095,200

2096862,5.282,3.692,6.646,-0.073,0.048,-0.013,1810,4095,200

2096870,5.301,3.699,6.685,-0.067,0.047,-0.011,1809,4095,200

2096878,5.301,3.685,6.725,-0.062,0.043,-0.009,1814,4095,200

2096887,5.059,3.670,6.685,-0.077,0.048,-0.028,1811,4095,200

2096895,5.071,3.639,6.668,-0.081,0.041,-0.027,1812,4095,200

2096903,5.078,3.603,6.668,-0.078,0.036,-0.027,1811,4095,200

2096911,5.109,3.632,6.687,-0.067,0.031,-0.029,1811,4095,200

2096919,5.092,3.680,6.663,-0.062,0.029,-0.030,1811,4095,200

2096927,5.114,3.713,6.675,-0.061,0.023,-0.028,1813,4095,200

2096935,5.160,3.742,6.675,-0.069,0.021,-0.026,1811,4095,200

2096943,5.169,3.668,6.639,-0.080,0.021,-0.024,1810,4095,200

2096951,5.246,3.642,6.618,-0.082,0.020,-0.022,1811,4095,200

2096959,5.270,3.639,6.586,-0.079,0.026,-0.023,1810,4095,200

2096967,5.234,3.637,6.601,-0.075,0.034,-0.019,1812,4095,200

2096975,5.210,3.644,6.649,-0.073,0.037,-0.015,1812,4095,200

2096983,5.193,3.682,6.728,-0.066,0.031,-0.012,1810,4095,200

2096992,5.205,3.685,6.747,-0.064,0.022,-0.012,1812,4095,200

2097000,5.066,3.658,6.723,-0.069,0.031,-0.032,1812,4095,200

2097008,5.119,3.625,6.680,-0.061,0.025,-0.035,1810,4095,200

2097016,5.148,3.630,6.634,-0.060,0.026,-0.037,1812,4095,200

2097024,5.143,3.634,6.601,-0.063,0.033,-0.038,1813,4095,200

2097032,5.150,3.646,6.642,-0.061,0.036,-0.039,1812,4095,200

2097040,5.140,3.644,6.644,-0.065,0.041,-0.038,1811,4095,200

2097048,5.109,3.668,6.644,-0.069,0.047,-0.036,1811,4095,200

2097057,5.210,3.768,6.704,-0.083,0.066,-0.042,1813,4095,200

2097065,5.186,3.759,6.718,-0.079,0.064,-0.039,1810,4095,200

2097073,5.169,3.788,6.730,-0.074,0.059,-0.033,1809,4095,200

2097082,5.162,3.733,6.730,-0.074,0.054,-0.031,1810,4095,200

2097090,5.590,3.895,6.823,-0.088,0.055,-0.024,1808,4095,200

2097098,5.581,3.881,6.816,-0.087,0.056,-0.026,1811,4095,200

2097106,5.555,3.850,6.833,-0.087,0.055,-0.026,1810,4095,200

2097114,5.559,3.843,6.835,-0.080,0.049,-0.029,1809,4095,200

2097122,5.552,3.883,6.879,-0.078,0.042,-0.029,1810,4095,200

2097131,5.557,3.821,6.843,-0.083,0.038,-0.032,1811,4095,200

2097139,6.050,4.001,6.869,-0.085,0.032,-0.012,1811,4095,200

2097147,6.053,3.998,6.845,-0.084,0.033,-0.014,1810,4095,200

2097155,6.009,4.025,6.833,-0.086,0.036,-0.017,1814,4095,200

2097163,5.983,4.044,6.845,-0.091,0.041,-0.021,1814,4095,200

2097171,5.952,4.032,6.835,-0.099,0.042,-0.019,1811,4095,200

2097179,5.981,4.044,6.831,-0.098,0.044,-0.017,1811,4095,200

2097187,5.976,4.032,6.876,-0.091,0.047,-0.017,1812,4095,200

2097195,5.964,4.020,6.893,-0.087,0.048,-0.020,1809,4095,200

2097203,5.945,4.029,6.900,-0.088,0.047,-0.023,1810,4095,200

2097212,5.928,4.015,6.931,-0.090,0.047,-0.023,1811,4095,200

2097220,6.275,4.089,6.938,-0.084,0.033,0.003,1811,4095,200

2097228,6.232,4.075,6.922,-0.085,0.031,0.004,1810,4095,200

2097236,6.237,4.068,6.907,-0.078,0.025,0.005,1812,4095,200

2097244,6.251,4.118,6.924,-0.072,0.020,0.007,1811,4095,200

2097252,6.282,4.125,6.943,-0.077,0.017,0.009,1809,4095,200

2097260,6.254,4.080,6.948,-0.080,0.016,0.009,1810,4095,200

2097269,6.270,4.082,6.934,-0.080,0.017,0.008,1810,4095,200

2097277,6.285,4.044,6.907,-0.082,0.021,0.006,1811,4095,200

2097285,6.292,4.041,6.914,-0.081,0.024,0.000,1811,4095,200

2097293,6.402,4.058,6.871,-0.071,0.013,0.016,1811,4095,200

2097301,6.395,4.058,6.876,-0.075,0.019,0.013,1811,4095,200

2097309,6.359,4.132,6.876,-0.071,0.022,0.017,1810,4095,200

2097317,6.352,4.195,6.879,-0.067,0.019,0.023,1811,4095,200

2097325,6.342,4.187,6.919,-0.066,0.018,0.028,1811,4095,200

2097333,6.347,4.125,6.948,-0.065,0.014,0.032,1809,4095,200

2097341,6.373,4.073,6.943,-0.064,0.009,0.031,1813,4095,200

2097349,6.383,4.037,6.955,-0.064,0.005,0.031,1809,4095,200

2097358,6.381,4.013,6.931,-0.066,0.003,0.026,1810,4095,200

2097366,6.361,4.013,6.972,-0.065,0.002,0.022,1810,4095,200

2097374,6.385,4.044,6.938,-0.066,0.000,0.018,1812,4095,200

2097382,6.390,4.051,6.934,-0.067,0.001,0.013,1811,4095,200

2097390,6.165,3.967,6.883,-0.048,-0.015,0.016,1810,4095,200

2097399,6.203,3.998,6.852,-0.044,-0.013,0.015,1811,4095,200

2097407,5.727,3.833,6.694,-0.047,-0.007,0.002,1812,4095,200

2097415,5.679,3.785,6.637,-0.057,0.003,0.004,1812,4095,200

2097423,5.701,3.704,6.560,-0.054,0.018,0.005,1811,4095,200

2097431,5.784,3.689,6.529,-0.031,0.038,0.001,1811,4095,200

2097439,5.868,3.737,6.572,-0.010,0.054,-0.004,1808,4095,200

2097447,5.918,3.857,6.594,-0.018,0.063,-0.010,1809,4095,200

2097455,5.861,3.814,6.637,-0.045,0.071,-0.016,1811,4095,200

2097463,5.705,3.673,6.725,-0.037,0.074,-0.017,1809,4095,200

2097472,5.629,3.654,6.574,0.025,0.090,-0.022,1808,4087,200

2097480,5.669,3.654,6.732,0.067,0.098,-0.029,1808,4023,200

2097488,5.705,3.644,6.859,0.100,0.093,-0.041,1807,3782,200

2097496,5.296,3.622,6.752,0.105,0.099,-0.081,1809,3109,200

2097504,5.167,3.598,6.653,0.077,0.108,-0.087,1809,118,0

2097512,5.148,3.488,6.572,0.047,0.121,-0.096,1809,0,0

2097521,5.567,3.864,6.297,-0.001,0.183,-0.102,1809,0,0

2097529,5.727,4.161,6.721,-0.040,0.253,-0.100,1810,0,0

2097537,5.511,3.675,6.936,-0.043,0.238,-0.119,1812,0,0

2097545,5.239,4.262,6.586,-0.087,0.229,-0.122,1812,0,0

2097553,5.507,4.101,6.701,-0.125,0.209,-0.115,1811,0,0

2097561,5.622,3.905,7.070,-0.136,0.186,-0.124,1813,0,0

2097569,5.698,3.840,7.230,-0.124,0.161,-0.126,1814,0,0

2097577,5.657,3.843,7.223,-0.121,0.129,-0.129,1815,0,0

2097586,5.559,3.802,7.161,-0.120,0.108,-0.127,1818,0,0

2097594,5.514,3.828,7.204,-0.112,0.080,-0.128,1817,0,0

2097602,5.526,3.831,7.168,-0.099,0.056,-0.126,1819,0,0

2097610,5.555,3.917,7.101,-0.077,0.046,-0.120,1818,0,0

2097618,5.538,4.085,6.977,-0.063,0.041,-0.112,1816,0,0

2097627,5.502,4.195,6.931,-0.065,0.040,-0.099,1816,0,0

2097635,5.423,4.233,6.898,-0.071,0.040,-0.084,1818,0,0

2097643,5.387,4.190,6.919,-0.070,0.038,-0.066,1820,0,0

2097651,5.404,4.164,7.010,-0.062,0.030,-0.048,1818,0,0

2097659,5.447,4.111,7.027,-0.060,0.021,-0.033,1819,0,0

2097667,5.437,4.075,6.991,-0.064,0.019,-0.020,1818,0,0

2097675,5.423,4.003,6.941,-0.074,0.021,-0.013,1821,0,0

2097683,5.416,3.950,6.855,-0.083,0.028,-0.013,1820,0,0

2097692,5.454,4.013,6.883,-0.086,0.036,-0.013,1819,0,0

2097700,5.488,3.991,6.912,-0.083,0.039,-0.017,1822,0,0

2097708,5.464,3.955,6.914,-0.079,0.040,-0.017,1823,0,0

2097716,5.499,3.977,6.931,-0.072,0.035,-0.020,1823,0,0

2097724,5.480,3.907,6.934,-0.070,0.030,-0.022,1821,0,0

2097732,5.502,3.936,6.960,-0.046,0.023,-0.021,1822,0,0

2097741,5.473,4.029,6.948,-0.029,0.018,-0.017,1821,0,0

2097749,5.454,4.085,6.914,-0.037,0.017,-0.009,1823,0,0

2097757,5.461,4.096,6.881,-0.060,0.016,-0.006,1821,0,0

2097765,5.454,4.034,6.926,-0.066,0.011,-0.005,1823,0,0

2097773,5.432,3.979,6.960,-0.056,0.004,-0.002,1821,0,0

2097781,5.466,3.977,6.955,-0.042,-0.001,0.001,1823,0,0

2097789,5.499,3.984,6.965,-0.035,-0.004,-0.001,1820,0,0

2097797,5.480,3.974,6.941,-0.032,-0.003,-0.004,1822,0,0

2097805,5.397,3.967,6.938,-0.030,-0.006,-0.003,1821,0,0

2097813,5.420,4.005,6.979,-0.026,-0.010,-0.002,1822,0,0

2097822,5.483,4.025,6.977,-0.037,-0.011,-0.001,1823,0,0

2097830,5.521,3.977,6.938,-0.048,-0.013,-0.003,1822,0,0

2097838,5.478,3.938,6.936,-0.046,-0.014,-0.007,1822,0,0

2097846,5.511,3.979,6.929,-0.034,-0.014,-0.007,1822,0,0

2097854,5.540,4.051,6.888,-0.033,-0.008,-0.005,1823,0,0

2097862,5.488,4.022,6.869,-0.044,-0.003,-0.006,1822,0,0

2097870,5.447,4.029,6.891,-0.043,0.002,-0.006,1823,0,0

2097879,5.432,4.025,6.850,-0.037,0.007,-0.004,1822,0,0

2097887,5.420,4.068,6.869,-0.038,0.010,0.000,1823,0,0

2097895,5.471,4.061,6.900,-0.044,0.012,0.001,1823,0,0

2097903,5.504,4.034,6.869,-0.047,0.013,0.001,1824,0,0

2097911,5.471,3.974,6.900,-0.047,0.016,0.001,1822,0,0

2097920,5.480,4.001,6.912,-0.041,0.015,0.004,1824,0,0

2097928,5.499,4.025,6.924,-0.041,0.010,0.003,1822,0,0

2097936,5.495,4.015,6.953,-0.046,0.003,-0.000,1824,0,0

2097944,5.504,3.982,6.895,-0.049,0.001,-0.003,1823,0,0

2097952,5.490,3.958,6.893,-0.048,0.001,-0.009,1823,0,0

2097961,5.502,3.962,6.862,-0.050,0.003,-0.011,1823,0,0

2097969,5.523,3.989,6.871,-0.045,0.004,-0.013,1822,0,0

2097977,5.507,4.027,6.905,-0.040,0.005,-0.015,1823,0,0

2097985,5.468,4.051,6.859,-0.042,0.007,-0.014,1822,0,0

2097993,5.471,4.061,6.826,-0.050,0.007,-0.012,1822,0,0

2098001,5.490,4.087,6.838,-0.053,0.008,-0.007,1822,0,0

2098009,5.511,4.077,6.852,-0.056,0.010,-0.003,1824,0,0

2098017,5.497,4.053,6.847,-0.060,0.012,-0.002,1823,0,0

2098026,5.456,4.017,6.907,-0.062,0.012,-0.001,1823,0,0

2098034,5.454,4.020,6.924,-0.062,0.008,0.003,1822,0,0

2098042,5.473,3.998,6.917,-0.063,0.006,0.003,1823,0,0

2098050,5.516,3.970,6.924,-0.063,0.005,-0.001,1822,0,0

2098058,5.502,3.946,6.895,-0.060,0.008,-0.006,1825,0,0

2098066,5.492,3.974,6.883,-0.057,0.010,-0.010,1822,0,0

2098074,5.480,4.020,6.910,-0.056,0.012,-0.011,1822,0,0

2098082,5.488,4.041,6.926,-0.054,0.012,-0.013,1821,0,0

2098091,5.476,4.080,6.924,-0.048,0.010,-0.011,1825,0,0

2098099,5.442,4.065,6.922,-0.044,0.007,-0.008,1824,0,0

2098107,5.430,4.058,6.936,-0.050,0.003,-0.005,1822,0,0

2098115,5.444,4.029,6.924,-0.052,-0.002,-0.003,1822,0,0

2098123,5.478,3.994,6.914,-0.049,-0.006,-0.001,1822,0,0

2098131,5.514,3.979,6.886,-0.047,-0.006,0.000,1824,0,0

2098139,5.526,4.001,6.855,-0.049,-0.003,-0.003,1825,0,0

2098147,5.526,3.996,6.845,-0.053,0.001,-0.009,1822,0,0

2098155,5.514,3.986,6.843,-0.055,0.006,-0.011,1825,0,0

2098164,5.504,4.032,6.874,-0.051,0.009,-0.011,1825,0,0

2098172,5.466,4.068,6.833,-0.049,0.011,-0.010,1824,0,0

2098180,5.464,4.106,6.862,-0.051,0.009,-0.004,1825,0,0

2098188,5.461,4.092,6.879,-0.054,0.006,0.001,1822,0,0

2098196,5.459,4.075,6.905,-0.053,0.000,0.006,1824,0,0

2098204,5.509,4.049,6.871,-0.049,-0.004,0.007,1824,0,0

2098213,5.559,4.008,6.852,-0.052,-0.003,0.004,1823,0,0

2098221,5.574,3.984,6.845,-0.057,0.004,-0.001,1823,0,0

2098229,5.550,3.974,6.840,-0.056,0.009,-0.006,1824,0,0

2098237,5.531,4.001,6.855,-0.058,0.013,-0.009,1822,0,0

2098245,5.504,4.020,6.864,-0.063,0.015,-0.011,1822,0,0

2098253,5.459,4.051,6.879,-0.060,0.016,-0.013,1822,0,0

2098262,5.468,4.068,6.917,-0.051,0.010,-0.010,1824,0,0

2098270,5.464,4.120,6.900,-0.053,0.009,-0.006,1825,0,0

2098278,5.449,4.094,6.891,-0.061,0.008,-0.002,1823,0,0

2098286,5.466,4.039,6.888,-0.066,0.007,-0.001,1825,0,0

2098294,5.483,4.022,6.852,-0.067,0.008,-0.001,1824,0,0

2098302,5.516,4.013,6.850,-0.066,0.009,-0.002,1823,0,0

2098310,5.526,3.994,6.850,-0.064,0.011,-0.005,1822,0,0

2098318,5.521,3.986,6.838,-0.060,0.011,-0.007,1823,0,0

2098326,5.535,3.994,6.886,-0.057,0.010,-0.008,1823,0,0

2098334,5.523,3.989,6.871,-0.054,0.009,-0.012,1822,0,0

2098342,5.519,4.034,6.879,-0.051,0.005,-0.015,1822,0,0

2098350,5.502,4.051,6.879,-0.050,0.004,-0.014,1824,0,0

2098358,5.504,4.085,6.855,-0.053,0.005,-0.013,1823,0,0

2098367,5.495,4.087,6.804,-0.059,0.009,-0.010,1824,0,0

2098375,5.466,4.087,6.812,-0.062,0.012,-0.007,1824,0,0

2098383,5.504,4.101,6.843,-0.060,0.012,-0.001,1821,0,0

2098392,5.533,4.089,6.833,-0.065,0.014,0.002,1827,0,0

2098400,5.533,4.020,6.843,-0.071,0.018,0.003,1823,0,0

2098408,5.519,3.972,6.867,-0.070,0.019,0.001,1823,0,0

2098416,5.478,3.982,6.893,-0.062,0.018,-0.003,1820,0,0

2098424,5.483,3.986,6.934,-0.059,0.017,-0.007,1824,0,0

2098432,5.473,4.010,6.888,-0.062,0.015,-0.009,1825,0,0

2098440,5.502,4.005,6.864,-0.061,0.014,-0.010,1823,0,0

2098449,5.499,4.032,6.900,-0.053,0.013,-0.010,1825,0,0

2098457,5.502,4.063,6.867,-0.049,0.010,-0.009,1822,0,0

2098465,5.502,4.080,6.862,-0.053,0.007,-0.006,1824,0,0

2098473,5.521,4.082,6.879,-0.060,0.005,-0.004,1825,0,0

2098481,5.535,4.039,6.845,-0.066,0.005,-0.003,1823,0,0

2098489,5.531,4.022,6.812,-0.069,0.006,-0.003,1823,0,0

2098497,5.531,3.996,6.840,-0.066,0.010,-0.007,1824,0,0

2098506,5.504,3.970,6.833,-0.062,0.014,-0.008,1824,0,0

2098514,5.499,4.013,6.907,-0.053,0.013,-0.007,1825,0,0

2098522,5.473,4.070,6.914,-0.049,0.010,-0.008,1824,0,0

2098530,5.452,4.092,6.895,-0.056,0.003,-0.007,1824,0,0

2098538,5.476,4.063,6.864,-0.058,-0.003,-0.007,1822,0,0

2098546,5.511,4.032,6.879,-0.057,-0.005,-0.007,1823,0,0

2098554,5.540,4.034,6.847,-0.057,-0.002,-0.006,1825,0,0

2098562,5.540,4.034,6.828,-0.058,0.004,-0.007,1826,0,0

2098570,5.511,4.058,6.828,-0.057,0.009,-0.008,1823,0,0

2098578,5.497,4.051,6.819,-0.059,0.011,-0.009,1824,0,0

2098587,5.504,4.020,6.828,-0.062,0.013,-0.009,1824,0,0

2098595,5.521,4.025,6.821,-0.062,0.017,-0.007,1825,0,0

2098603,5.516,4.044,6.852,-0.059,0.017,-0.005,1825,0,0

2098611,5.514,4.049,6.869,-0.058,0.015,-0.002,1824,0,0

2098619,5.526,4.063,6.855,-0.058,0.013,-0.001,1825,0,0

2098627,5.535,4.068,6.857,-0.060,0.014,-0.002,1822,0,0

2098636,5.540,4.046,6.862,-0.064,0.014,-0.004,1825,0,0

2098644,5.533,4.029,6.845,-0.064,0.012,-0.006,1824,0,0

2098652,5.540,4.041,6.852,-0.065,0.012,-0.009,1823,0,0

2098660,5.490,4.020,6.843,-0.068,0.013,-0.010,1824,0,0

2098668,5.488,4.025,6.862,-0.064,0.015,-0.010,1822,0,0

2098676,5.480,4.065,6.859,-0.060,0.019,-0.010,1823,0,0

2098685,5.476,4.077,6.912,-0.058,0.017,-0.009,1827,0,0

2098693,5.507,4.053,6.929,-0.060,0.013,-0.009,1823,0,0

2098701,5.502,4.053,6.931,-0.062,0.008,-0.008,1824,0,0

2098709,5.497,4.037,6.910,-0.068,0.006,-0.009,1826,0,0

2098717,5.497,4.022,6.855,-0.070,0.006,-0.007,1823,0,0

2098726,5.495,4.025,6.850,-0.066,0.006,-0.007,1825,0,0

2098734,5.526,4.025,6.862,-0.060,0.008,-0.007,1825,0,0

2098742,5.540,4.015,6.843,-0.055,0.011,-0.010,1825,0,0

2098750,5.540,4.044,6.833,-0.053,0.014,-0.011,1827,0,0

2098758,5.538,4.037,6.833,-0.058,0.015,-0.011,1824,0,0

2098766,5.521,4.049,6.840,-0.060,0.017,-0.011,1825,0,0

2098774,5.490,4.065,6.814,-0.064,0.019,-0.009,1822,0,0

2098782,5.490,4.051,6.826,-0.066,0.016,-0.006,1825,0,0

2098790,5.502,4.053,6.847,-0.063,0.014,-0.003,1825,0,0

2098798,5.545,4.061,6.847,-0.056,0.014,-0.003,1827,0,0

2098806,5.533,4.065,6.867,-0.058,0.016,-0.003,1824,0,0

2098815,5.476,4.037,6.888,-0.062,0.015,-0.002,1826,0,0

2098823,5.507,4.010,6.888,-0.067,0.012,-0.003,1824,0,0

2098831,5.504,3.994,6.876,-0.068,0.010,-0.005,1826,0,0

2098839,5.497,3.982,6.859,-0.063,0.010,-0.008,1826,0,0

2098847,5.543,3.996,6.838,-0.059,0.011,-0.010,1823,0,0

2098855,5.519,4.034,6.855,-0.059,0.014,-0.013,1825,0,0

2098864,5.483,4.065,6.843,-0.057,0.013,-0.013,1825,0,0

2098872,5.452,4.075,6.864,-0.054,0.013,-0.010,1826,0,0

2098880,5.480,4.116,6.883,-0.052,0.008,-0.007,1826,0,0

2098888,5.504,4.075,6.919,-0.055,0.003,-0.004,1826,0,0

2098896,5.523,4.037,6.847,-0.063,0.005,-0.003,1826,0,0

2098904,5.533,4.008,6.816,-0.064,0.006,-0.003,1823,0,0

2098912,5.516,3.982,6.783,-0.059,0.009,-0.006,1825,0,0

2098921,5.564,4.015,6.785,-0.055,0.014,-0.007,1825,0,0

2098929,5.547,4.056,6.809,-0.054,0.020,-0.009,1823,0,0

2098937,5.497,4.015,6.821,-0.056,0.020,-0.006,1822,0,0

2098945,5.533,4.034,6.821,-0.057,0.017,-0.003,1822,0,0

2098953,5.552,4.061,6.819,-0.059,0.016,-0.002,1824,0,0

2098961,5.552,4.046,6.788,-0.063,0.021,-0.003,1823,0,0

2098969,5.538,4.051,6.833,-0.062,0.024,-0.006,1823,0,0

2098977,5.495,4.044,6.876,-0.061,0.025,-0.007,1824,0,0

2098985,5.471,4.061,6.893,-0.065,0.023,-0.008,1823,0,0

2098993,5.452,4.077,6.914,-0.063,0.020,-0.009,1825,0,0

2099001,5.416,4.089,6.934,-0.060,0.014,-0.009,1824,0,0

2099010,5.449,4.070,6.955,-0.060,0.005,-0.007,1824,0,0

2099018,5.473,4.041,6.981,-0.063,-0.004,-0.006,1825,0,0

2099026,5.492,3.989,6.910,-0.062,-0.008,-0.007,1824,0,0

2099034,5.521,3.989,6.850,-0.058,-0.004,-0.008,1825,0,0

2099042,5.535,4.003,6.771,-0.057,0.003,-0.010,1825,0,0

2099050,5.545,4.013,6.740,-0.059,0.009,-0.014,1823,0,0

2099058,5.540,4.046,6.773,-0.059,0.016,-0.014,1824,0,0

2099067,5.545,4.101,6.797,-0.058,0.019,-0.013,1825,0,0

2099075,5.555,4.113,6.809,-0.060,0.019,-0.010,1825,0,0

2099083,5.516,4.111,6.840,-0.063,0.019,-0.009,1827,0,0

2099091,5.490,4.092,6.867,-0.067,0.017,-0.006,1823,0,0

2099099,5.492,4.034,6.895,-0.070,0.014,-0.005,1822,0,0

2099107,5.497,4.013,6.879,-0.065,0.013,-0.006,1823,0,0

2099115,5.488,3.989,6.871,-0.059,0.015,-0.007,1824,0,0

2099124,5.497,3.994,6.859,-0.055,0.016,-0.006,1823,0,0

2099132,5.485,4.034,6.867,-0.056,0.018,-0.008,1824,0,0

2099140,5.483,4.061,6.867,-0.057,0.018,-0.009,1823,0,0

2099148,5.456,4.087,6.869,-0.057,0.015,-0.005,1823,0,0

2099156,5.476,4.106,6.910,-0.057,0.011,-0.002,1824,0,0

2099164,5.485,4.073,6.912,-0.060,0.006,-0.001,1824,0,0

2099172,5.516,4.049,6.847,-0.063,0.005,-0.001,1823,0,0

2099181,5.535,4.020,6.831,-0.061,0.007,-0.003,1824,0,0

2099189,5.564,4.008,6.831,-0.059,0.011,-0.007,1823,0,0

2099197,5.559,4.027,6.843,-0.059,0.014,-0.011,1824,0,0

2099205,5.519,4.053,6.847,-0.059,0.015,-0.013,1825,0,0

2099213,5.492,4.068,6.871,-0.062,0.014,-0.014,1824,0,0

2099221,5.488,4.053,6.867,-0.060,0.010,-0.013,1825,0,0

2099229,5.497,4.051,6.874,-0.056,0.006,-0.010,1825,0,0

2099238,5.492,4.068,6.843,-0.056,0.004,-0.007,1825,0,0

2099246,5.507,4.046,6.843,-0.059,0.004,-0.005,1824,0,0

2099254,5.543,4.051,6.828,-0.056,0.009,-0.007,1824,0,0

2099262,5.504,4.037,6.835,-0.052,0.013,-0.007,1824,0,0

2099270,5.492,4.039,6.862,-0.052,0.014,-0.009,1825,0,0

2099279,5.514,4.065,6.891,-0.055,0.012,-0.010,1824,0,0

2099287,5.528,4.063,6.891,-0.056,0.009,-0.009,1825,0,0

2099295,5.547,4.058,6.859,-0.056,0.007,-0.008,1824,0,0

2099303,5.507,4.041,6.831,-0.059,0.010,-0.006,1824,0,0

2099311,5.523,4.022,6.778,-0.063,0.012,-0.006,1826,0,0

2099319,5.538,4.044,6.812,-0.064,0.018,-0.007,1826,0,0

2099327,5.523,4.056,6.831,-0.060,0.022,-0.009,1824,0,0

2099335,5.528,4.058,6.855,-0.055,0.023,-0.010,1824,0,0

2099343,5.514,4.106,6.876,-0.053,0.020,-0.008,1825,0,0

2099351,5.502,4.120,6.881,-0.056,0.015,-0.003,1824,0,0

2099360,5.504,4.099,6.871,-0.060,0.013,-0.001,1824,0,0

2099368,5.507,4.077,6.864,-0.059,0.011,-0.002,1827,0,0

2099376,5.502,4.049,6.857,-0.056,0.009,-0.000,1825,0,0

2099385,5.519,4.061,6.835,-0.059,0.010,0.001,1823,0,0

2099393,5.514,4.039,6.845,-0.062,0.012,-0.002,1824,0,0

2099401,5.478,4.020,6.850,-0.062,0.012,-0.004,1825,0,0

2099409,5.497,4.037,6.850,-0.059,0.011,-0.006,1825,0,0

2099417,5.531,4.068,6.855,-0.058,0.008,-0.008,1826,0,0

2099425,5.519,4.058,6.867,-0.060,0.007,-0.010,1822,0,0

2099434,5.538,4.051,6.831,-0.061,0.007,-0.011,1824,0,0

2099442,5.521,4.073,6.809,-0.059,0.010,-0.011,1824,0,0

2099450,5.519,4.099,6.802,-0.059,0.015,-0.010,1823,0,0

2099458,5.507,4.108,6.807,-0.061,0.018,-0.008,1824,0,0

2099466,5.526,4.118,6.826,-0.062,0.020,-0.006,1823,0,0

2099474,5.497,4.087,6.826,-0.067,0.022,-0.004,1823,0,0

2099482,5.514,4.077,6.919,-0.065,0.017,-0.002,1824,0,0

2099491,5.480,4.046,6.910,-0.063,0.014,-0.001,1823,0,0

2099499,5.499,4.015,6.847,-0.067,0.012,0.002,1824,0,0

2099507,5.528,3.991,6.809,-0.070,0.013,-0.001,1823,0,0

2099515,5.526,4.008,6.826,-0.066,0.017,-0.003,1825,0,0

2099523,5.521,4.039,6.826,-0.059,0.019,-0.004,1823,0,0

2099531,5.504,4.080,6.814,-0.056,0.023,-0.004,1823,0,0

2099539,5.516,4.116,6.843,-0.059,0.026,-0.003,1823,0,0

2099547,5.492,4.116,6.883,-0.063,0.026,-0.003,1822,0,0

2099555,5.478,4.096,6.902,-0.065,0.025,-0.001,1823,0,0

2099564,5.492,4.073,6.931,-0.067,0.020,-0.002,1822,0,0

2099572,5.444,4.051,6.922,-0.068,0.013,-0.001,1823,0,0

2099580,5.480,4.029,6.893,-0.071,0.007,0.000,1824,0,0

2099588,5.523,4.001,6.855,-0.070,0.005,-0.002,1823,0,0

2099596,5.543,3.984,6.831,-0.067,0.007,-0.007,1823,0,0

2099604,5.533,3.996,6.835,-0.063,0.010,-0.011,1824,0,0

2099612,5.514,4.039,6.812,-0.062,0.014,-0.011,1823,0,0

2099621,5.528,4.094,6.855,-0.062,0.015,-0.011,1824,0,0

2099629,5.528,4.118,6.857,-0.058,0.014,-0.009,1824,0,0

2099637,5.490,4.123,6.893,-0.054,0.012,-0.006,1825,0,0

2099645,5.499,4.116,6.874,-0.060,0.009,-0.003,1824,0,0

2099653,5.516,4.065,6.869,-0.071,0.008,-0.001,1825,0,0

2099661,5.526,4.013,6.864,-0.075,0.009,-0.004,1823,0,0

2099669,5.523,3.998,6.876,-0.067,0.012,-0.006,1826,0,0

2099677,5.499,3.994,6.852,-0.062,0.013,-0.009,1823,0,0

2099686,5.471,4.027,6.869,-0.061,0.013,-0.009,1824,0,0

2099694,5.466,4.063,6.895,-0.062,0.012,-0.009,1823,0,0

2099702,5.461,4.032,6.900,-0.061,0.010,-0.008,1823,0,0

2099710,5.499,4.061,6.876,-0.058,0.006,-0.009,1823,0,0

2099718,5.523,4.073,6.862,-0.060,0.007,-0.009,1827,0,0

2099726,5.564,4.065,6.819,-0.064,0.009,-0.008,1823,0,0

2099734,5.557,4.063,6.802,-0.066,0.013,-0.006,1822,0,0

2099742,5.559,4.046,6.809,-0.063,0.018,-0.006,1824,0,0

2099751,5.559,4.068,6.831,-0.063,0.021,-0.007,1825,0,0

2099759,5.547,4.068,6.859,-0.063,0.020,-0.006,1824,0,0

2099767,5.526,4.073,6.881,-0.064,0.017,-0.006,1825,0,0

2099775,5.492,4.049,6.883,-0.066,0.013,-0.006,1823,0,0

2099783,5.492,4.037,6.867,-0.066,0.009,-0.007,1823,0,0

2099791,5.490,4.034,6.838,-0.067,0.008,-0.008,1823,0,0

2099799,5.476,4.027,6.835,-0.066,0.009,-0.009,1825,0,0

2099808,5.495,4.051,6.831,-0.064,0.010,-0.011,1825,0,0

2099816,5.507,4.070,6.869,-0.061,0.011,-0.009,1826,0,0

2099824,5.514,4.061,6.879,-0.060,0.012,-0.007,1823,0,0

2099832,5.480,4.077,6.864,-0.062,0.012,-0.005,1824,0,0

2099840,5.452,4.065,6.883,-0.061,0.009,-0.002,1824,0,0

2099848,5.497,4.037,6.876,-0.060,0.006,-0.001,1823,0,0

2099856,5.528,4.032,6.831,-0.059,0.005,-0.003,1823,0,0

2099864,5.533,4.022,6.838,-0.060,0.009,-0.006,1826,0,0

2099872,5.521,4.010,6.840,-0.060,0.013,-0.011,1822,0,0

2099881,5.507,4.044,6.883,-0.058,0.013,-0.014,1821,0,0

2099889,5.488,4.065,6.883,-0.060,0.012,-0.014,1823,0,0

2099897,5.492,4.068,6.879,-0.061,0.009,-0.012,1825,0,0

2099905,5.492,4.065,6.883,-0.055,0.005,-0.011,1826,0,0

2099913,5.523,4.068,6.859,-0.053,0.000,-0.010,1823,0,0

2099921,5.535,4.049,6.823,-0.055,0.000,-0.010,1824,0,0

2099929,5.528,4.029,6.800,-0.058,0.003,-0.013,1824,0,0

2099938,5.514,4.032,6.792,-0.059,0.006,-0.015,1825,0,0

2099946,5.507,4.041,6.819,-0.061,0.009,-0.017,1823,0,0

2099954,5.504,4.070,6.821,-0.059,0.009,-0.016,1824,0,0

2099962,5.511,4.096,6.833,-0.055,0.009,-0.015,1825,0,0

2099970,5.511,4.094,6.845,-0.056,0.010,-0.012,1825,0,0

2099978,5.511,4.068,6.843,-0.057,0.011,-0.010,1824,0,0

2099986,5.523,4.044,6.845,-0.054,0.010,-0.008,1824,0,0

2099995,5.550,4.056,6.826,-0.055,0.012,-0.007,1826,0,0

2100003,5.562,4.044,6.814,-0.054,0.014,-0.010,1824,0,0

2100011,5.550,4.044,6.828,-0.051,0.014,-0.013,1822,0,0

2100019,5.516,4.073,6.874,-0.051,0.013,-0.014,1824,0,0

2100027,5.507,4.082,6.845,-0.053,0.013,-0.013,1823,0,0

2100036,5.483,4.092,6.845,-0.055,0.013,-0.012,1823,0,0

2100044,5.497,4.077,6.843,-0.055,0.011,-0.009,1825,0,0

2100052,5.519,4.113,6.826,-0.053,0.012,-0.006,1823,0,0

2100060,5.514,4.089,6.795,-0.055,0.015,-0.003,1826,0,0

2100068,5.533,4.092,6.814,-0.058,0.018,-0.001,1826,0,0

2100076,5.531,4.073,6.845,-0.059,0.021,-0.001,1824,0,0

2100085,5.523,4.044,6.888,-0.059,0.020,-0.001,1825,0,0

2100093,5.516,4.025,6.893,-0.058,0.019,-0.003,1825,0,0

2100101,5.492,4.025,6.917,-0.058,0.017,-0.007,1825,0,0

2100109,5.495,4.037,6.881,-0.058,0.012,-0.010,1826,0,0

2100117,5.504,4.039,6.881,-0.057,0.007,-0.013,1825,0,0

2100126,5.509,4.053,6.893,-0.055,0.001,-0.015,1824,0,0

2100134,5.499,4.065,6.869,-0.053,-0.002,-0.016,1826,0,0

2100142,5.499,4.075,6.835,-0.052,-0.002,-0.016,1824,0,0

2100150,5.526,4.087,6.807,-0.058,0.001,-0.014,1823,0,0

2100158,5.516,4.058,6.812,-0.063,0.005,-0.015,1827,0,0

2100166,5.502,4.061,6.831,-0.059,0.010,-0.013,1823,0,0

2100174,5.502,4.101,6.821,-0.054,0.011,-0.011,1823,0,0

2100183,5.499,4.108,6.821,-0.057,0.015,-0.009,1825,0,0

2100191,5.492,4.087,6.847,-0.064,0.014,-0.006,1823,0,0

2100199,5.511,4.075,6.850,-0.063,0.013,-0.004,1825,0,0

2100207,5.519,4.063,6.840,-0.057,0.013,-0.004,1825,0,0

2100215,5.531,4.082,6.816,-0.055,0.014,-0.004,1823,0,0

2100223,5.550,4.077,6.812,-0.058,0.014,-0.006,1824,0,0

2100231,5.538,4.063,6.816,-0.061,0.015,-0.008,1823,0,0

2100239,5.492,4.056,6.871,-0.060,0.014,-0.010,1825,0,0

2100247,5.488,4.051,6.871,-0.057,0.010,-0.011,1828,0,0

2100255,5.485,4.065,6.888,-0.053,0.004,-0.014,1826,0,0

2100264,5.516,4.085,6.864,-0.054,-0.001,-0.012,1827,0,0

2100272,5.509,4.077,6.826,-0.058,0.001,-0.013,1826,0,0

2100280,5.509,4.089,6.809,-0.062,0.003,-0.014,1824,0,0

2100288,5.519,4.068,6.795,-0.062,0.006,-0.013,1826,0,0

2100296,5.509,4.111,6.797,-0.058,0.009,-0.013,1823,0,0

2100304,5.507,4.096,6.785,-0.060,0.013,-0.009,1825,0,0

2100312,5.519,4.104,6.828,-0.062,0.013,-0.005,1824,0,0

2100320,5.526,4.116,6.871,-0.061,0.009,-0.002,1825,0,0

2100328,5.531,4.104,6.857,-0.060,0.008,-0.001,1826,0,0

2100336,5.528,4.063,6.857,-0.065,0.005,-0.005,1825,0,0

2100344,5.555,4.020,6.857,-0.069,0.002,-0.008,1825,0,0

2100353,5.569,3.998,6.823,-0.064,0.003,-0.011,1823,0,0

2100361,5.583,4.005,6.797,-0.056,0.005,-0.015,1827,0,0

2100369,5.535,4.075,6.788,-0.049,0.009,-0.019,1825,0,0

2100377,5.504,4.113,6.788,-0.052,0.014,-0.019,1824,0,0

2100385,5.485,4.125,6.823,-0.060,0.015,-0.017,1823,0,0

2100393,5.461,4.120,6.855,-0.064,0.011,-0.014,1821,0,0

2100401,5.480,4.120,6.855,-0.063,0.007,-0.009,1826,0,0

2100409,5.538,4.137,6.859,-0.063,0.006,-0.005,1825,0,0

2100418,5.550,4.132,6.845,-0.064,0.008,-0.003,1825,0,0

2100426,5.545,4.087,6.843,-0.065,0.009,-0.003,1826,0,0

2100434,5.521,4.061,6.838,-0.066,0.012,-0.003,1825,0,0

2100443,5.540,3.998,6.797,-0.067,0.014,-0.006,1825,0,0

2100451,5.543,4.010,6.812,-0.064,0.013,-0.009,1824,0,0

2100459,5.562,4.032,6.790,-0.059,0.015,-0.013,1825,0,0

2100467,5.581,4.063,6.771,-0.057,0.019,-0.016,1825,0,0

2100475,5.555,4.075,6.809,-0.059,0.022,-0.017,1823,0,0

2100484,5.504,4.125,6.871,-0.057,0.022,-0.015,1824,0,0

2100492,5.499,4.147,6.879,-0.057,0.017,-0.009,1824,0,0

2100500,5.495,4.142,6.852,-0.059,0.013,-0.004,1826,0,0

2100508,5.490,4.104,6.802,-0.063,0.010,-0.001,1827,0,0

2100516,5.509,4.070,6.790,-0.065,0.011,0.001,1825,0,0

2100524,5.514,4.044,6.828,-0.065,0.014,-0.001,1825,0,0

2100532,5.523,4.049,6.833,-0.064,0.016,-0.003,1825,0,0

2100540,5.495,4.058,6.812,-0.063,0.018,-0.004,1824,0,0

2100548,5.483,4.075,6.826,-0.065,0.019,-0.005,1824,0,0

2100557,5.495,4.092,6.859,-0.066,0.018,-0.006,1824,0,0

2100565,5.507,4.068,6.876,-0.065,0.016,-0.008,1824,0,0

2100573,5.514,4.082,6.838,-0.062,0.015,-0.008,1823,0,0

2100581,5.507,4.113,6.838,-0.059,0.012,-0.007,1825,0,0

2100589,5.516,4.075,6.852,-0.057,0.009,-0.006,1825,0,0

2100598,5.526,4.053,6.864,-0.058,0.007,-0.005,1825,0,0

2100606,5.519,4.056,6.828,-0.055,0.006,-0.007,1824,0,0

2100614,5.483,4.046,6.828,-0.054,0.006,-0.009,1824,0,0

2100622,5.473,4.063,6.814,-0.056,0.006,-0.009,1826,0,0

2100630,5.497,4.080,6.814,-0.058,0.007,-0.010,1827,0,0

2100638,5.507,4.094,6.821,-0.058,0.009,-0.010,1825,0,0

2100646,5.507,4.108,6.809,-0.059,0.013,-0.010,1826,0,0

2100654,5.519,4.135,6.812,-0.062,0.016,-0.005,1827,0,0

2100663,5.519,4.123,6.812,-0.066,0.017,-0.004,1825,0,0

2100671,5.521,4.094,6.859,-0.065,0.015,-0.002,1823,0,0

2100679,5.526,4.082,6.891,-0.060,0.011,-0.001,1824,0,0

2100687,5.528,4.082,6.871,-0.056,0.006,-0.001,1824,0,0

2100695,5.535,4.053,6.852,-0.055,0.005,-0.006,1825,0,0

2100704,5.545,4.049,6.852,-0.058,0.006,-0.009,1826,0,0

2100712,5.538,4.027,6.855,-0.058,0.007,-0.012,1823,0,0

2100720,5.523,4.041,6.814,-0.055,0.007,-0.013,1824,0,0

2100728,5.538,4.058,6.776,-0.055,0.010,-0.012,1822,0,0

2100736,5.545,4.118,6.768,-0.057,0.016,-0.010,1826,0,0

2100744,5.543,4.137,6.802,-0.054,0.020,-0.009,1824,0,0

2100752,5.502,4.130,6.819,-0.056,0.019,-0.005,1823,0,0

2100761,5.509,4.142,6.857,-0.061,0.017,-0.002,1825,0,0

2100769,5.483,4.123,6.876,-0.067,0.011,0.002,1825,0,0

2100777,5.490,4.080,6.867,-0.066,0.005,0.002,1824,0,0

2100785,5.514,4.025,6.845,-0.064,0.002,-0.001,1825,0,0

2100793,5.528,3.986,6.862,-0.062,0.001,-0.007,1826,0,0

2100801,5.547,3.986,6.835,-0.057,0.003,-0.013,1825,0,0

2100809,5.507,4.029,6.816,-0.053,0.004,-0.017,1825,0,0

2100817,5.516,4.092,6.814,-0.053,0.006,-0.019,1824,0,0

2100826,5.502,4.137,6.847,-0.056,0.004,-0.017,1823,0,0

2100834,5.478,4.130,6.802,-0.058,0.001,-0.013,1827,0,0

2100842,5.519,4.144,6.747,-0.060,0.001,-0.007,1825,0,0

2100850,5.540,4.142,6.764,-0.063,0.005,-0.006,1825,0,0

