
1609776,5.756,1.894,7.657,-0.066,0.010,-0.011,1791,0,0

1609784,5.792,1.875,7.654,-0.066,0.004,-0.012,1789,0,0

1609792,5.806,1.882,7.640,-0.065,0.001,-0.013,1791,0,0

1609800,5.777,1.884,7.642,-0.061,-0.002,-0.012,1791,0,0

1609808,5.758,1.932,7.616,-0.061,-0.004,-0.012,1791,0,0

1609816,5.763,1.935,7.582,-0.065,-0.003,-0.013,1790,0,0

1609824,5.748,1.939,7.578,-0.068,0.000,-0.013,1789,0,0

1609832,5.737,1.903,7.606,-0.067,0.002,-0.013,1789,0,0

1609840,5.760,1.889,7.599,-0.064,0.002,-0.013,1790,0,0

1609848,5.768,1.882,7.623,-0.061,0.002,-0.011,1789,0,0

1609857,5.789,1.841,7.638,-0.056,0.003,-0.009,1792,0,0

1609865,5.746,1.872,7.638,-0.054,0.002,-0.009,1790,0,0

1609873,5.768,1.870,7.635,-0.053,-0.001,-0.009,1791,0,0

1609881,5.768,1.872,7.649,-0.054,-0.004,-0.011,1792,0,0

1609889,5.782,1.903,7.609,-0.054,-0.009,-0.010,1790,0,0

1609897,5.799,1.937,7.549,-0.056,-0.012,-0.009,1794,0,0

1609905,5.818,1.949,7.527,-0.059,-0.010,-0.009,1791,0,0

1609913,5.839,1.961,7.542,-0.063,-0.004,-0.010,1792,0,0

1609921,5.830,1.942,7.575,-0.067,0.001,-0.008,1789,0,0

1609929,5.820,1.932,7.556,-0.071,0.004,-0.005,1791,0,0

1609937,5.813,1.918,7.582,-0.072,0.009,-0.005,1791,0,0

1609945,5.780,1.865,7.604,-0.069,0.010,-0.006,1790,0,0

1609953,5.753,1.851,7.594,-0.064,0.010,-0.005,1790,0,0

1609961,5.763,1.853,7.609,-0.062,0.009,-0.007,1791,0,0

1609969,5.780,1.853,7.628,-0.061,0.007,-0.010,1791,0,0

1609977,5.770,1.844,7.638,-0.060,0.006,-0.013,1791,0,0

1609986,5.777,1.839,7.609,-0.058,0.004,-0.016,1791,0,0

1609994,5.782,1.841,7.604,-0.057,0.004,-0.019,1791,0,0

1610002,5.796,1.867,7.649,-0.054,0.003,-0.018,1791,0,0

1610010,5.787,1.884,7.592,-0.052,-0.004,-0.017,1791,0,0

1610018,5.839,1.935,7.575,-0.054,-0.008,-0.014,1791,0,0

1610026,5.875,1.927,7.542,-0.055,-0.003,-0.010,1791,0,0

1610034,5.842,1.913,7.511,-0.056,0.006,-0.009,1792,0,0

1610042,5.825,1.939,7.496,-0.055,0.016,-0.008,1791,0,0

1610050,5.837,1.961,7.499,-0.059,0.025,-0.006,1792,0,0

1610058,5.830,1.968,7.547,-0.063,0.034,-0.004,1792,0,0

1610066,5.782,1.949,7.623,-0.063,0.037,-0.002,1792,0,0

1610074,5.739,1.935,7.697,-0.064,0.029,0.001,1793,0,0

1610082,5.751,1.939,7.733,-0.065,0.016,0.004,1789,0,0

1610090,5.763,1.889,7.736,-0.064,0.006,0.003,1792,0,0

1610098,5.739,1.863,7.705,-0.062,-0.003,0.001,1792,0,0

1610107,5.763,1.832,7.681,-0.061,-0.008,-0.003,1789,0,0

1610115,5.792,1.827,7.616,-0.057,-0.007,-0.007,1791,0,0

1610123,5.765,1.820,7.573,-0.055,-0.005,-0.013,1792,0,0

1610131,5.772,1.817,7.558,-0.052,-0.004,-0.016,1789,0,0

1610139,5.854,1.882,7.532,-0.050,-0.002,-0.017,1791,0,0

1610147,5.902,1.908,7.547,-0.049,0.004,-0.019,1791,0,0

1610155,5.866,1.930,7.558,-0.048,0.010,-0.017,1792,0,0

1610163,5.820,1.968,7.568,-0.050,0.012,-0.012,1790,0,0

1610172,5.811,1.994,7.592,-0.055,0.011,-0.009,1790,0,0

1610180,5.806,1.963,7.604,-0.058,0.010,-0.007,1788,0,0

1610188,5.794,1.899,7.597,-0.058,0.012,-0.007,1791,0,0

1610196,5.782,1.872,7.578,-0.056,0.014,-0.008,1790,0,0

1610204,5.782,1.863,7.549,-0.055,0.014,-0.011,1790,0,0

1610212,5.794,1.858,7.566,-0.059,0.013,-0.014,1790,0,0

1610220,5.796,1.856,7.582,-0.060,0.009,-0.016,1791,0,0

1610228,5.827,1.851,7.566,-0.058,0.007,-0.018,1791,0,0

1610236,5.837,1.879,7.587,-0.055,0.009,-0.019,1791,0,0

1610244,5.827,1.901,7.602,-0.054,0.011,-0.018,1790,0,0

1610252,5.804,1.932,7.604,-0.050,0.014,-0.016,1792,0,0

1610260,5.780,1.954,7.623,-0.048,0.013,-0.011,1792,0,0

1610268,5.760,1.978,7.606,-0.050,0.013,-0.006,1792,0,0

1610277,5.746,1.975,7.602,-0.052,0.010,-0.004,1789,0,0

1610285,5.713,1.925,7.602,-0.051,0.006,-0.002,1791,0,0

1610293,5.756,1.899,7.573,-0.051,0.002,-0.001,1788,0,0

1610301,5.825,1.915,7.554,-0.054,0.002,0.000,1790,0,0

1610309,5.863,1.889,7.558,-0.057,0.005,-0.004,1790,0,0

1610317,5.875,1.875,7.599,-0.056,0.008,-0.007,1791,0,0

1610325,5.856,1.899,7.590,-0.055,0.007,-0.008,1790,0,0

1610333,5.837,1.913,7.606,-0.055,0.008,-0.010,1791,0,0

1610341,5.823,1.942,7.585,-0.056,0.010,-0.009,1790,0,0

1610349,5.806,1.949,7.594,-0.059,0.012,-0.010,1789,0,0

1610357,5.794,1.903,7.585,-0.058,0.013,-0.011,1790,0,0

1610365,5.787,1.901,7.580,-0.053,0.012,-0.012,1791,0,0

1610373,5.768,1.930,7.618,-0.051,0.010,-0.013,1791,0,0

1610382,5.780,1.961,7.633,-0.052,0.008,-0.012,1790,0,0

1610390,5.775,1.978,7.630,-0.055,0.003,-0.010,1791,0,0

1610398,5.760,1.968,7.626,-0.056,-0.002,-0.007,1790,0,0

1610406,5.818,1.968,7.575,-0.058,-0.005,-0.003,1789,0,0

1610414,5.856,1.927,7.566,-0.060,0.000,-0.002,1791,0,0

1610422,5.835,1.882,7.549,-0.062,0.006,-0.003,1789,0,0

1610430,5.835,1.853,7.537,-0.059,0.012,-0.005,1791,0,0

1610438,5.847,1.877,7.578,-0.056,0.016,-0.008,1789,0,0

1610446,5.813,1.872,7.611,-0.056,0.014,-0.010,1792,0,0

1610454,5.804,1.875,7.611,-0.054,0.010,-0.014,1791,0,0

1610462,5.789,1.884,7.609,-0.047,0.002,-0.015,1791,0,0

1610470,5.765,1.935,7.573,-0.045,-0.004,-0.014,1790,0,0

1610478,5.799,1.970,7.539,-0.048,-0.004,-0.012,1792,0,0

1610486,5.816,2.004,7.551,-0.054,0.001,-0.009,1790,0,0

1610495,5.804,1.968,7.530,-0.057,0.008,-0.007,1791,0,0

1610503,5.787,1.949,7.527,-0.057,0.013,-0.002,1790,0,0

1610511,5.820,1.951,7.547,-0.059,0.015,0.001,1791,0,0

1610519,5.827,1.944,7.551,-0.062,0.016,-0.001,1790,0,0

1610527,5.820,1.915,7.580,-0.063,0.016,-0.003,1790,0,0

1610535,5.811,1.889,7.657,-0.063,0.009,-0.005,1789,0,0

1610543,5.825,1.896,7.695,-0.062,0.000,-0.007,1792,0,0

1610551,5.825,1.887,7.657,-0.059,-0.007,-0.010,1789,0,0

1610559,5.816,1.937,7.594,-0.055,-0.008,-0.012,1790,0,0

1610567,5.804,1.944,7.527,-0.055,-0.004,-0.010,1789,0,0

1610575,5.804,1.944,7.465,-0.055,0.001,-0.006,1790,0,0

1610583,5.830,1.944,7.420,-0.055,0.011,-0.003,1789,0,0

1610592,5.849,1.923,7.472,-0.058,0.019,-0.003,1788,0,0

1610600,5.859,1.927,7.525,-0.058,0.025,-0.003,1791,0,0

1610608,5.859,1.939,7.587,-0.060,0.029,-0.005,1790,0,0

1610616,5.861,1.937,7.633,-0.062,0.026,-0.007,1790,0,0

1610624,5.813,1.918,7.659,-0.061,0.020,-0.009,1790,0,0

1610632,5.806,1.915,7.645,-0.059,0.011,-0.009,1791,0,0

1610640,5.804,1.920,7.597,-0.059,0.007,-0.009,1789,0,0

1610648,5.806,1.923,7.597,-0.059,0.005,-0.013,1791,0,0

1610656,5.789,1.913,7.580,-0.057,0.002,-0.012,1791,0,0

1610664,5.787,1.958,7.535,-0.056,0.002,-0.010,1790,0,0

1610673,5.784,1.978,7.511,-0.058,0.005,-0.007,1791,0,0

1610681,5.816,2.018,7.525,-0.061,0.007,-0.002,1789,0,0

1610689,5.849,1.990,7.525,-0.066,0.011,-0.001,1790,0,0

1610697,5.851,1.939,7.520,-0.068,0.017,-0.003,1791,0,0

1610705,5.835,1.906,7.518,-0.068,0.020,-0.004,1792,0,0

1610713,5.842,1.860,7.539,-0.067,0.025,-0.008,1787,0,0

1610721,5.849,1.844,7.563,-0.064,0.026,-0.013,1791,0,0

1610729,5.806,1.858,7.621,-0.059,0.023,-0.018,1790,0,0

1610737,5.799,1.903,7.645,-0.056,0.015,-0.022,1792,0,0

1610745,5.772,1.946,7.669,-0.057,0.006,-0.021,1790,0,0

1610753,5.784,1.963,7.640,-0.057,-0.003,-0.018,1793,0,0

1610761,5.806,1.987,7.587,-0.056,-0.006,-0.015,1791,0,0

1610769,5.825,2.025,7.544,-0.058,-0.002,-0.013,1791,0,0

1610777,5.820,2.023,7.520,-0.064,0.003,-0.010,1791,0,0

1610785,5.818,1.987,7.479,-0.070,0.010,-0.006,1792,0,0

1610793,5.820,1.970,7.499,-0.075,0.014,-0.003,1791,0,0

1610802,5.868,1.932,7.535,-0.076,0.019,-0.002,1794,0,0

1610810,5.873,1.875,7.556,-0.074,0.023,-0.001,1789,0,0

1610818,5.868,1.858,7.578,-0.069,0.028,-0.004,1791,0,0

1610826,5.863,1.841,7.614,-0.063,0.027,-0.010,1790,0,0

1610834,5.832,1.858,7.661,-0.056,0.022,-0.015,1790,0,0

1610842,5.804,1.877,7.705,-0.052,0.015,-0.021,1791,0,0

1610850,5.772,1.939,7.673,-0.049,0.008,-0.022,1790,0,0

1610858,5.727,2.014,7.640,-0.049,0.001,-0.019,1791,0,0

1610866,5.720,2.059,7.614,-0.055,-0.005,-0.014,1791,0,0

1610874,5.756,2.057,7.556,-0.063,-0.005,-0.007,1791,0,0

1610882,5.760,2.006,7.513,-0.066,-0.003,-0.002,1791,0,0

1610890,5.811,1.987,7.503,-0.068,0.002,0.003,1791,0,0

1610898,5.844,1.961,7.499,-0.072,0.010,0.002,1790,0,0

1610907,5.873,1.882,7.570,-0.073,0.015,0.000,1791,0,0

1610915,5.868,1.834,7.630,-0.069,0.016,-0.004,1791,0,0

1610923,5.866,1.836,7.669,-0.062,0.011,-0.010,1790,0,0

1610931,5.837,1.867,7.645,-0.059,0.008,-0.014,1789,0,0

1610939,5.811,1.894,7.611,-0.058,0.005,-0.015,1790,0,0

1610947,5.808,1.915,7.568,-0.059,0.000,-0.016,1791,0,0

1610955,5.827,1.949,7.549,-0.059,0.001,-0.016,1791,0,0

1610963,5.837,1.982,7.503,-0.059,0.007,-0.014,1791,0,0

1610971,5.816,2.011,7.494,-0.060,0.013,-0.011,1791,0,0

1610979,5.768,1.994,7.491,-0.065,0.017,-0.006,1791,0,0

1610987,5.789,1.997,7.537,-0.069,0.016,-0.002,1789,0,0

1610995,5.842,1.956,7.604,-0.070,0.016,0.000,1792,0,0

1611003,5.871,1.903,7.630,-0.068,0.016,-0.001,1790,0,0

1611011,5.844,1.858,7.614,-0.062,0.015,-0.004,1791,0,0

1611019,5.811,1.832,7.606,-0.056,0.012,-0.007,1790,0,0

1611027,5.820,1.839,7.566,-0.055,0.013,-0.013,1791,0,0

1611035,5.830,1.877,7.561,-0.053,0.013,-0.019,1789,0,0

1611043,5.816,1.906,7.556,-0.048,0.016,-0.022,1791,0,0

1611052,5.789,1.990,7.554,-0.046,0.018,-0.018,1790,0,0

1611060,5.777,2.088,7.551,-0.049,0.019,-0.011,1791,0,0

1611068,5.760,2.119,7.558,-0.057,0.017,-0.003,1790,0,0

1611076,5.748,2.085,7.606,-0.064,0.009,0.009,1791,0,0

1611084,5.782,2.009,7.604,-0.067,0.003,0.017,1791,0,0

1611092,5.839,1.942,7.602,-0.071,0.000,0.019,1791,0,0

1611100,5.890,1.867,7.556,-0.072,0.000,0.015,1789,0,0

1611108,5.868,1.798,7.542,-0.069,0.003,0.010,1790,0,0

1611116,5.871,1.781,7.525,-0.063,0.006,0.003,1791,0,0

1611124,5.844,1.815,7.506,-0.059,0.009,-0.005,1791,0,0

1611132,5.856,1.867,7.537,-0.057,0.012,-0.014,1791,0,0

1611140,5.844,1.923,7.570,-0.056,0.014,-0.019,1791,0,0

1611148,5.825,1.973,7.592,-0.055,0.012,-0.021,1791,0,0

1611156,5.787,2.030,7.568,-0.055,0.009,-0.018,1791,0,0

1611164,5.780,2.057,7.561,-0.060,0.008,-0.013,1791,0,0

1611171,5.792,2.028,7.539,-0.065,0.010,-0.01611218,5.832,1.906,7.563,-0.058,0.007,-0.006,1791,0,0

1611226,5.827,1.935,7.530,-0.057,0.007,-0.006,1792,0,0

1611234,5.856,1.970,7.511,-0.058,0.011,-0.004,1791,0,0

1611242,5.854,1.997,7.496,-0.058,0.014,-0.001,1790,0,0

1611250,5.832,2.014,7.482,-0.062,0.017,0.002,1792,0,0

1611258,5.832,1.994,7.508,-0.066,0.020,0.004,1791,0,0

1612141,5.847,1.812,7.585,-0.065,0.014,-0.012,1791,0,0

1612149,5.808,1.870,7.580,-0.060,0.015,-0.015,1792,0,0

1612157,5.789,1.949,7.566,-0.060,0.016,-0.015,1791,0,0

1612165,5.787,1.978,7.578,-0.062,0.015,-0.015,1791,0,0

1612173,5.796,2.025,7.578,-0.066,0.011,-0.013,1791,0,0

1613148,5.868,1.966,7.487,-0.050,0.006,-0.009,1791,0,0
1615169,5.844,2.006,7.556,-0.053,0.009,-0.006,1790,0,0

1616176,5.816,2.033,7.451,-0.052,0.016,-0.015,1791,0,0
1618197,5.820,2.181,7.487,-0.047,0.023,-0.009,1788,0,0

1619204,5.823,2.251,7.446,-0.055,0.013,-0.018,1788,0,0
1621225,5.988,2.298,7.508,-0.070,0.010,0.004,1786,0,0

1622232,5.842,2.231,7.367,-0.066,-0.008,0.033,1789,0,0
1624253,5.940,2.248,7.396,-0.060,0.001,-0.010,1791,0,0

1624373,5.966,2.217,7.408,-0.015,-0.046,0.031,1789,0,0

1624381,5.902,2.116,7.501,-0.005,-0.062,0.034,1788,0,0

1624389,5.990,2.248,7.628,0.026,-0.094,0.042,1788,0,0

1624397,5.945,2.339,7.360,0.042,-0.104,0.052,1788,0,0

1624406,5.935,2.385,7.453,0.047,-0.102,0.058,1789,0,0

1624414,6.041,2.399,7.396,0.036,-0.112,0.064,1788,0,0

1624422,6.067,2.363,7.254,0.025,-0.111,0.072,1789,0,0

1624430,6.112,2.236,7.128,0.009,-0.099,0.076,1787,0,0

1624438,6.110,2.212,7.072,-0.004,-0.072,0.082,1784,0,0

1624446,6.124,2.224,7.065,-0.007,-0.054,0.080,1784,0,0

1624454,6.117,2.270,7.132,-0.009,-0.038,0.076,1785,0,0

1624462,6.074,2.296,7.207,-0.013,-0.025,0.080,1785,0,0

1624470,5.964,2.363,7.307,-0.024,-0.014,0.091,1784,0,0

1624478,5.825,2.600,7.666,-0.040,-0.033,0.104,1782,0,0

1624486,5.873,2.488,7.719,-0.030,-0.069,0.109,1783,0,0

1624494,5.918,2.416,7.676,-0.026,-0.105,0.115,1784,0,0

1624503,6.053,2.255,7.633,-0.027,-0.138,0.116,1783,0,0

1624511,6.103,2.155,7.389,-0.031,-0.151,0.104,1782,0,0

1624519,6.105,2.131,7.029,-0.039,-0.136,0.096,1783,0,0

1624527,6.182,2.073,6.864,-0.060,-0.115,0.075,1784,0,0

1624535,6.155,1.913,6.835,-0.071,-0.076,0.049,1785,0,0

1624543,6.141,1.906,6.831,-0.063,-0.032,0.040,1784,0,0

1624551,6.263,2.114,6.929,-0.064,0.004,0.028,1785,0,0

1624559,6.263,2.155,7.099,-0.079,0.042,0.011,1782,0,0

1624567,6.184,2.251,7.216,-0.077,0.055,0.002,1783,0,0

1624575,6.124,2.389,7.429,-0.074,0.040,0.003,1783,896,200

1624583,6.057,2.413,7.412,-0.088,0.024,0.005,1783,0,0

1624591,5.950,2.296,7.412,-0.110,0.009,0.017,1785,0,0

1624599,6.012,2.286,7.343,-0.107,0.001,0.028,1784,2548,200

1624608,6.165,2.780,7.293,-0.169,0.007,0.035,1781,2718,200

1624616,6.132,2.181,7.223,-0.228,0.032,0.035,1781,3129,200

1624624,6.148,2.059,7.228,-0.183,0.022,0.034,1782,3266,200

1624633,6.282,1.999,7.163,-0.182,0.030,0.030,1781,3457,200

1624641,6.369,2.167,7.343,-0.161,0.041,0.022,1783,3600,200

1624649,6.055,1.970,7.173,-0.172,0.064,0.005,1780,3662,200

1624657,5.789,1.721,7.015,-0.164,0.075,-0.003,1781,3774,200

1624665,5.813,1.820,7.089,-0.146,0.065,-0.001,1779,3882,200

1624673,5.832,1.891,7.125,-0.119,0.065,0.008,1783,3915,200

1624681,5.904,2.033,7.329,-0.106,0.054,0.021,1782,3950,200

1624689,6.007,2.140,7.434,-0.091,0.037,0.028,1780,3981,200

1624697,6.158,2.303,7.558,-0.087,0.015,0.037,1777,4002,200

1624705,6.325,2.373,7.561,-0.088,-0.009,0.043,1780,4020,200

1624713,6.460,2.389,7.491,-0.086,-0.022,0.044,1778,4045,200

1624721,6.548,2.377,7.412,-0.086,-0.022,0.038,1779,4053,200

1624729,6.622,2.368,7.331,-0.077,-0.013,0.033,1779,4067,200

1624738,6.488,2.207,7.209,-0.075,-0.003,0.024,1779,4094,200

1624746,6.553,2.277,7.230,-0.071,0.020,0.019,1781,4095,200

1624754,6.615,2.320,7.326,-0.059,0.037,0.018,1779,4095,200

1624762,6.646,2.392,7.369,-0.048,0.051,0.020,1779,4095,200

1624770,6.630,2.523,7.439,-0.040,0.052,0.023,1780,4095,200

1624778,6.622,2.619,7.499,-0.044,0.051,0.023,1778,4095,200

1624786,6.577,2.602,7.523,-0.056,0.044,0.025,1778,4095,200

1624794,6.546,2.583,7.535,-0.063,0.036,0.025,1777,4095,200

1624802,6.558,2.526,7.482,-0.067,0.026,0.023,1779,4095,200

1624810,6.565,2.421,7.400,-0.074,0.024,0.015,1779,4095,200

1624818,6.553,2.392,7.355,-0.072,0.029,0.007,1781,4095,200

1624826,6.524,2.337,7.374,-0.073,0.039,-0.003,1780,4095,200

1624834,6.438,2.318,7.391,-0.072,0.048,-0.013,1779,4095,200

1624842,6.349,2.291,7.417,-0.070,0.050,-0.020,1778,4095,200

1624850,6.290,2.286,7.446,-0.067,0.051,-0.022,1778,4095,200

1624858,6.182,2.263,7.458,-0.064,0.045,-0.025,1779,4095,200

1624867,6.048,2.260,7.441,-0.060,0.036,-0.026,1782,4095,200

1624875,6.397,2.476,7.487,-0.050,0.018,-0.003,1780,4095,200

1624883,6.428,2.435,7.417,-0.054,0.013,-0.005,1778,4095,200

1624891,6.400,2.382,7.341,-0.057,0.021,-0.006,1779,4095,200

1624899,6.302,2.301,7.278,-0.055,0.031,-0.007,1780,4095,200

1624907,6.230,2.296,7.290,-0.056,0.040,-0.007,1780,4095,200

1624915,6.194,2.265,7.326,-0.064,0.044,-0.009,1780,4095,200

1624923,6.132,2.253,7.386,-0.068,0.047,-0.010,1779,4095,200

1624931,6.072,2.174,7.420,-0.070,0.044,-0.012,1779,4095,200

1624939,6.017,2.105,7.408,-0.070,0.040,-0.016,1778,4095,200

1624947,5.952,2.037,7.345,-0.068,0.037,-0.019,1777,4095,200

1624955,5.904,1.982,7.305,-0.068,0.037,-0.024,1778,4095,200

1624963,5.861,1.937,7.223,-0.069,0.040,-0.032,1778,4095,200

1624972,5.763,1.918,7.187,-0.073,0.046,-0.036,1778,4095,200

1624980,6.160,2.251,7.309,-0.070,0.050,-0.021,1779,4095,200

1624988,6.146,2.205,7.350,-0.074,0.053,-0.018,1780,4095,200

1624996,6.093,2.138,7.343,-0.072,0.056,-0.019,1781,4095,200

1625004,6.024,2.107,7.333,-0.069,0.057,-0.023,1777,4095,200

1625012,5.921,2.090,7.307,-0.067,0.056,-0.023,1780,4095,200

1625020,5.856,2.059,7.300,-0.068,0.056,-0.022,1778,4095,200

1625028,5.813,2.037,7.235,-0.075,0.056,-0.024,1779,4095,200

1625036,5.770,1.946,7.245,-0.082,0.056,-0.025,1781,4095,200

1625044,5.739,1.872,7.276,-0.080,0.053,-0.027,1779,4095,200

1625052,5.672,1.815,7.324,-0.078,0.051,-0.029,1778,4095,200

1625060,5.619,1.808,7.369,-0.076,0.040,-0.032,1781,4095,200

1625069,5.590,1.812,7.321,-0.075,0.029,-0.037,1780,4095,200

1625077,5.545,1.793,7.264,-0.079,0.024,-0.037,1780,4095,200

1625085,5.535,1.808,7.214,-0.082,0.024,-0.037,1781,4095,200

1625093,5.878,2.071,7.247,-0.078,0.037,-0.035,1780,4095,200

1625101,5.808,2.004,7.168,-0.084,0.045,-0.033,1780,4095,200

1625109,5.753,1.975,7.235,-0.086,0.050,-0.030,1780,4095,200

1625117,5.715,1.920,7.271,-0.083,0.048,-0.026,1780,4095,200

1625125,5.715,1.860,7.281,-0.080,0.046,-0.025,1781,4095,200

1625133,5.691,1.803,7.262,-0.079,0.045,-0.028,1779,4095,200

1625141,5.634,1.784,7.262,-0.075,0.044,-0.031,1780,4095,200

1625149,5.590,1.796,7.259,-0.078,0.043,-0.034,1779,4095,200

1625157,5.552,1.772,7.240,-0.083,0.042,-0.037,1779,4095,200

1625165,5.478,1.762,7.288,-0.083,0.039,-0.039,1780,4095,200

1625173,5.454,1.772,7.274,-0.083,0.030,-0.038,1779,4095,200

1625181,5.471,1.796,7.307,-0.086,0.019,-0.035,1781,4095,200

1625189,5.511,1.796,7.281,-0.090,0.016,-0.032,1778,4095,200

1625197,5.492,1.726,7.178,-0.088,0.016,-0.029,1781,4095,200

1625205,5.464,1.705,7.137,-0.091,0.021,-0.026,1779,4095,200

1625213,5.425,1.700,7.087,-0.099,0.026,-0.024,1779,4095,200

1625222,5.449,1.669,7.113,-0.110,0.031,-0.024,1779,4095,200

1625229,5.483,1.621,7.187,-0.110,0.035,-0.028,1779,4095,200

1625238,5.509,1.640,7.221,-0.108,0.035,-0.031,1778,4095,200

1625246,5.471,1.652,7.230,-0.110,0.039,-0.031,1782,4095,200

1625254,5.461,1.633,7.257,-0.107,0.037,-0.031,1780,4095,200

1625262,5.483,1.630,7.250,-0.097,0.032,-0.033,1783,4095,200

1625270,5.456,1.659,7.221,-0.085,0.042,-0.046,1780,4095,200

1625278,5.423,1.638,7.195,-0.076,0.041,-0.047,1782,4095,200

1625286,5.442,1.633,7.175,-0.062,0.040,-0.045,1782,4095,200

1625294,5.435,1.642,7.185,-0.055,0.039,-0.042,1780,4095,200

1625302,5.368,1.575,7.192,-0.053,0.037,-0.040,1784,4095,200

1625310,5.423,1.489,7.226,-0.048,0.030,-0.042,1781,4095,200

1625318,5.454,1.422,7.204,-0.040,0.022,-0.048,1780,4095,200

1625326,5.466,1.410,7.211,-0.041,0.024,-0.060,1781,4094,200

1625334,5.574,1.635,7.195,-0.018,0.017,-0.063,1783,4037,200

1625342,5.571,1.839,7.132,-0.021,0.017,-0.059,1779,3869,200

1625350,5.519,1.700,7.221,-0.047,0.016,-0.046,1780,3702,200

1625358,5.547,1.618,7.228,-0.034,0.009,-0.030,1779,3117,200

1625366,5.636,1.702,7.276,-0.016,-0.002,-0.024,1777,1463,200

1625375,5.636,1.750,7.135,-0.037,0.012,-0.026,1777,0,0

1625383,5.698,1.669,6.986,-0.080,0.044,-0.040,1778,0,0

1625391,5.966,1.966,7.072,-0.123,0.113,-0.055,1778,0,0

1625399,6.342,2.009,7.077,-0.135,0.162,-0.086,1782,0,0

1625407,5.983,1.858,7.056,-0.155,0.175,-0.106,1780,0,0

1625415,5.947,2.028,7.008,-0.192,0.213,-0.128,1782,0,0

1625423,5.954,2.138,7.154,-0.196,0.224,-0.125,1780,0,0

1625431,5.933,2.037,7.566,-0.195,0.213,-0.128,1784,0,0

1625439,5.926,2.021,7.997,-0.169,0.172,-0.124,1782,0,0

1625447,5.883,2.107,8.138,-0.142,0.108,-0.121,1787,0,0

1625455,5.847,2.179,7.985,-0.126,0.059,-0.109,1785,0,0

1625463,5.861,2.191,7.760,-0.114,0.017,-0.100,1786,0,0

1625471,5.914,2.126,7.530,-0.093,-0.001,-0.095,1786,0,0

1625479,5.923,2.198,7.365,-0.076,0.005,-0.088,1788,0,0

1625487,5.902,2.236,7.333,-0.077,0.015,-0.079,1788,0,0

1625495,5.906,2.246,7.286,-0.078,0.030,-0.067,1788,0,0

1625504,5.933,2.258,7.290,-0.073,0.049,-0.053,1787,0,0

1625512,5.930,2.279,7.314,-0.072,0.063,-0.042,1788,0,0

1625520,5.904,2.301,7.412,-0.069,0.071,-0.030,1788,0,0

1625528,5.851,2.296,7.513,-0.060,0.062,-0.014,1788,0,0

1625536,5.804,2.121,7.465,0.028,0.042,0.001,1787,0,0

1625544,5.859,2.310,7.635,-0.021,0.037,0.014,1786,0,0

1625552,5.875,2.205,7.635,-0.064,0.017,0.016,1790,0,0

1625560,5.942,2.131,7.592,-0.078,0.009,0.014,1788,0,0

1625568,5.942,2.064,7.539,-0.070,0.007,0.006,1789,0,0

1625576,5.926,1.980,7.523,-0.068,0.005,-0.006,1788,0,0

1625584,5.928,1.978,7.456,-0.064,0.005,-0.019,1788,0,0

1625592,5.892,2.037,7.453,-0.059,0.008,-0.026,1788,0,0

1625600,5.878,2.066,7.432,-0.054,0.008,-0.028,1790,0,0

1625608,5.861,2.155,7.427,-0.055,0.012,-0.026,1790,0,0

1625616,5.926,2.195,7.436,-0.061,0.014,-0.024,1790,0,0

1625625,5.983,2.193,7.489,-0.060,0.017,-0.021,1790,0,0

1625633,5.892,2.148,7.508,-0.057,0.018,-0.017,1790,0,0

1625641,5.825,2.212,7.506,-0.059,0.010,-0.010,1790,0,0

1625649,5.859,2.219,7.515,-0.068,0.003,-0.005,1788,0,0

1625657,5.859,2.155,7.487,-0.074,-0.001,-0.004,1790,0,0

1625665,5.863,2.054,7.482,-0.068,-0.004,-0.006,1790,0,0

1625673,5.890,2.059,7.427,-0.060,-0.005,-0.005,1789,0,0

1625681,5.926,2.081,7.403,-0.062,0.001,-0.006,1789,0,0

1625689,5.983,2.066,7.379,-0.063,0.010,-0.009,1789,0,0

1625698,5.983,2.054,7.427,-0.057,0.021,-0.017,1789,0,0

1625706,5.928,2.076,7.439,-0.052,0.025,-0.021,1789,0,0

1625714,5.890,2.140,7.439,-0.052,0.027,-0.023,1789,0,0

1625722,5.871,2.193,7.475,-0.059,0.027,-0.022,1788,0,0

1625730,5.839,2.191,7.537,-0.067,0.021,-0.019,1790,0,0

1625738,5.823,2.181,7.544,-0.064,0.011,-0.014,1789,0,0

1625746,5.849,2.205,7.518,-0.056,0.002,-0.009,1790,0,0

1625754,5.854,2.212,7.448,-0.054,-0.004,-0.005,1790,0,0

1625762,5.887,2.210,7.451,-0.061,-0.007,-0.001,1791,0,0

1625770,5.897,2.164,7.427,-0.068,-0.003,0.000,1789,0,0

1625778,5.885,2.081,7.429,-0.072,-0.003,-0.003,1790,0,0

1625786,5.911,2.045,7.422,-0.073,-0.002,-0.007,1790,0,0

1625794,5.964,2.028,7.410,-0.069,0.003,-0.012,1788,0,0

1625802,5.993,2.035,7.396,-0.060,0.011,-0.017,1789,0,0

1625810,5.969,2.076,7.393,-0.051,0.019,-0.019,1791,0,0

1625818,5.909,2.114,7.415,-0.050,0.024,-0.019,1790,0,0

1625826,5.911,2.152,7.494,-0.051,0.021,-0.019,1789,0,0

1625834,5.887,2.186,7.515,-0.052,0.014,-0.018,1791,0,0

1625843,5.847,2.181,7.523,-0.056,0.004,-0.013,1790,0,0

1625851,5.868,2.188,7.501,-0.060,-0.002,-0.007,1790,0,0

1625859,5.880,2.162,7.448,-0.062,-0.006,-0.003,1791,0,0

1625867,5.890,2.119,7.379,-0.060,-0.005,-0.002,1791,0,0

1625875,5.892,2.126,7.326,-0.058,0.005,-0.004,1789,0,0

1625883,5.868,2.140,7.379,-0.060,0.013,-0.005,1789,0,0

1625891,5.878,2.169,7.460,-0.064,0.013,-0.005,1792,0,0

1625899,5.918,2.140,7.520,-0.068,0.012,-0.005,1790,0,0

1625907,5.928,2.138,7.515,-0.066,0.010,-0.007,1790,0,0

1625915,5.887,2.112,7.494,-0.063,0.007,-0.010,1789,0,0

1625923,5.861,2.138,7.460,-0.062,0.003,-0.010,1789,0,0

1625931,5.916,2.105,7.479,-0.067,0.001,-0.011,1789,0,0

1625939,5.954,2.064,7.434,-0.066,0.005,-0.014,1790,0,0

1625947,5.947,2.064,7.412,-0.057,0.010,-0.019,1793,0,0

1625955,5.878,2.081,7.405,-0.049,0.015,-0.019,1790,0,0

1625963,5.823,2.167,7.400,-0.048,0.014,-0.014,1791,0,0

1625972,5.863,2.246,7.441,-0.055,0.010,-0.009,1792,0,0

1625980,5.923,2.234,7.494,-0.059,0.005,-0.004,1789,0,0

1625988,5.911,2.176,7.468,-0.056,0.001,-0.001,1790,0,0

1625996,5.906,2.176,7.482,-0.051,-0.003,0.005,1791,0,0

1626004,5.933,2.148,7.458,-0.054,-0.004,0.006,1790,0,0

1626012,5.947,2.085,7.420,-0.060,-0.001,0.003,1790,0,0

1626020,5.947,2.045,7.369,-0.060,0.007,-0.004,1789,0,0

1626028,5.950,2.023,7.389,-0.056,0.014,-0.012,1789,0,0

1626037,5.878,2.035,7.420,-0.051,0.018,-0.018,1789,0,0

1626045,5.851,2.119,7.479,-0.047,0.017,-0.020,1790,0,0

1626053,5.825,2.174,7.537,-0.046,0.011,-0.019,1790,0,0

1626061,5.801,2.217,7.561,-0.048,-0.002,-0.015,1792,0,0

1626069,5.818,2.231,7.547,-0.052,-0.016,-0.008,1790,0,0

1626077,5.897,2.263,7.484,-0.056,-0.025,0.000,1791,0,0

1626085,5.964,2.241,7.386,-0.059,-0.025,0.004,1791,0,0

1626093,6.000,2.157,7.326,-0.062,-0.015,0.005,1790,0,0

1626101,6.007,2.112,7.300,-0.060,-0.002,0.003,1790,0,0

1626109,5.997,2.109,7.309,-0.061,0.013,-0.000,1791,0,0

1626117,5.947,2.090,7.345,-0.065,0.023,-0.006,1790,0,0

1626125,5.926,2.081,7.432,-0.064,0.027,-0.011,1791,0,0

1626133,5.923,2.081,7.508,-0.059,0.025,-0.017,1791,0,0

1626141,5.887,2.107,7.556,-0.050,0.017,-0.020,1789,0,0

1626150,5.844,2.162,7.537,-0.046,0.004,-0.019,1789,0,0

1626158,5.863,2.195,7.537,-0.047,-0.008,-0.017,1789,0,0

1626166,5.904,2.207,7.487,-0.050,-0.014,-0.013,1791,0,0

1626174,5.911,2.205,7.420,-0.051,-0.017,-0.007,1789,0,0

1626182,5.921,2.236,7.400,-0.052,-0.013,-0.003,1792,0,0

1626190,5.933,2.251,7.326,-0.057,-0.006,0.002,1790,0,0

1626198,5.938,2.210,7.312,-0.063,0.003,0.004,1789,0,0

1626206,5.947,2.148,7.326,-0.068,0.013,0.005,1790,0,0

1626214,5.954,2.112,7.372,-0.066,0.018,0.005,1789,0,0

1626222,5.964,2.097,7.427,-0.062,0.021,0.004,1790,0,0

1626230,5.957,2.093,7.458,-0.058,0.021,0.002,1791,0,0

1626238,5.930,2.114,7.453,-0.058,0.015,-0.004,1791,0,0

1626246,5.950,2.119,7.491,-0.059,0.009,-0.009,1790,0,0

1626254,5.940,2.119,7.537,-0.058,0.003,-0.013,1790,0,0

1626262,5.911,2.114,7.525,-0.053,-0.002,-0.016,1789,0,0

1626270,5.892,2.150,7.477,-0.051,-0.006,-0.017,1791,0,0

1626278,5.914,2.186,7.427,-0.053,-0.006,-0.017,1790,0,0

1626286,5.904,2.181,7.420,-0.053,-0.003,-0.017,1790,0,0

1626294,5.899,2.155,7.396,-0.053,0.003,-0.017,1790,0,0

1626302,5.918,2.157,7.389,-0.053,0.009,-0.017,1794,0,0

1626310,5.921,2.164,7.386,-0.054,0.013,-0.016,1790,0,0

1626319,5.911,2.200,7.365,-0.059,0.017,-0.014,1791,0,0

1626327,5.918,2.234,7.403,-0.066,0.022,-0.009,1792,0,0

1626335,5.897,2.227,7.446,-0.071,0.017,-0.001,1791,0,0

1626343,5.928,2.239,7.494,-0.071,0.009,0.005,1789,0,0

1626351,5.954,2.229,7.523,-0.068,-0.001,0.007,1791,0,0

1626359,5.954,2.176,7.482,-0.068,-0.007,0.007,1790,0,0

1626367,5.966,2.116,7.456,-0.064,-0.009,0.006,1790,0,0

1626375,5.959,2.081,7.417,-0.060,-0.006,0.002,1791,0,0

1626383,5.940,2.071,7.374,-0.059,0.003,-0.005,1790,0,0

1626391,5.933,2.081,7.343,-0.058,0.011,-0.009,1790,0,0

1626399,5.928,2.078,7.369,-0.060,0.020,-0.015,1791,0,0

1626407,5.921,2.090,7.429,-0.056,0.026,-0.019,1788,0,0

1626415,5.918,2.121,7.491,-0.051,0.024,-0.023,1788,0,0

1626423,5.926,2.186,7.491,-0.050,0.018,-0.026,1792,0,0

1626431,5.895,2.217,7.530,-0.051,0.008,-0.025,1791,0,0

1626440,5.880,2.255,7.554,-0.051,-0.003,-0.018,1792,0,0

1626448,5.895,2.241,7.520,-0.051,-0.014,-0.011,1792,0,0

1626456,5.928,2.231,7.429,-0.054,-0.016,-0.005,1791,0,0

1626464,5.950,2.212,7.333,-0.056,-0.011,0.000,1791,0,0

1626472,5.940,2.162,7.250,-0.060,-0.003,0.003,1791,0,0

1626480,5.988,2.133,7.199,-0.064,0.011,0.005,1790,0,0

1626488,6.019,2.136,7.257,-0.064,0.029,0.003,1791,0,0

1626496,5.969,2.133,7.355,-0.063,0.041,-0.001,1790,0,0

1626504,5.911,2.164,7.463,-0.061,0.039,-0.002,1791,0,0

1626512,5.890,2.212,7.578,-0.062,0.024,-0.002,1791,0,0

1626520,5.895,2.241,7.597,-0.065,0.005,-0.001,1788,0,0

1626528,5.914,2.205,7.542,-0.067,-0.011,-0.001,1792,0,0

1626536,5.933,2.157,7.460,-0.065,-0.017,-0.003,1790,0,0

1626544,5.954,2.128,7.350,-0.064,-0.013,-0.004,1791,0,0

1626553,5.964,2.131,7.247,-0.062,0.000,-0.008,1791,0,0

1626561,5.964,2.102,7.238,-0.063,0.018,-0.010,1790,0,0

1626569,5.962,2.126,7.298,-0.063,0.032,-0.010,1795,0,0

1626577,5.935,2.160,7.362,-0.061,0.039,-0.008,1789,0,0

1626585,5.899,2.188,7.424,-0.064,0.037,-0.003,1789,0,0

1626593,5.921,2.203,7.458,-0.068,0.030,0.001,1791,0,0

1626601,5.952,2.184,7.537,-0.068,0.017,0.003,1790,0,0

1626609,5.942,2.179,7.563,-0.064,0.005,0.004,1791,0,0

1626617,5.959,2.169,7.501,-0.063,-0.003,0.004,1791,0,0

1626625,5.945,2.145,7.436,-0.064,-0.005,0.002,1790,0,0

1626633,5.938,2.107,7.386,-0.066,-0.003,-0.002,1791,0,0

1626642,5.942,2.071,7.362,-0.063,0.004,-0.009,1790,0,0

1626650,5.959,2.066,7.298,-0.058,0.013,-0.014,1790,0,0

1626658,5.957,2.105,7.314,-0.055,0.023,-0.020,1790,0,0

1626666,5.935,2.167,7.374,-0.056,0.031,-0.020,1788,0,0

1626674,5.916,2.203,7.434,-0.060,0.034,-0.017,1792,0,0

1626682,5.892,2.239,7.463,-0.062,0.029,-0.012,1790,0,0

1626690,5.878,2.248,7.503,-0.065,0.018,-0.003,1788,0,0

1626698,5.906,2.267,7.496,-0.069,0.009,0.003,1791,0,0

1626706,5.952,2.234,7.422,-0.072,0.004,0.008,1791,0,0

1626714,5.966,2.145,7.441,-0.071,0.003,0.009,1789,0,0

1626722,5.964,2.107,7.403,-0.068,0.005,0.007,1791,0,0

1626730,5.954,2.047,7.379,-0.067,0.007,0.001,1790,0,0

1626738,5.981,2.047,7.379,-0.065,0.013,-0.007,1791,0,0

1626746,5.990,2.033,7.374,-0.059,0.019,-0.015,1791,0,0

1626754,5.990,2.064,7.365,-0.056,0.025,-0.020,1789,0,0

1626763,5.942,2.155,7.393,-0.055,0.029,-0.022,1791,0,0

1626770,5.914,2.198,7.453,-0.058,0.029,-0.020,1789,0,0

1626779,5.887,2.222,7.460,-0.058,0.024,-0.015,1791,0,0

1626787,5.859,2.236,7.501,-0.058,0.015,-0.008,1791,0,0

1626795,5.887,2.241,7.470,-0.061,0.006,-0.002,1791,0,0

1626803,5.911,2.241,7.429,-0.065,0.002,0.003,1791,0,0

1626811,5.923,2.191,7.444,-0.068,0.002,0.003,1791,0,0

1626819,5.942,2.133,7.439,-0.068,0.005,0.002,1791,0,0

1626827,5.966,2.102,7.403,-0.066,0.010,-0.002,1791,0,0

1626835,5.983,2.085,7.381,-0.062,0.016,-0.005,1791,0,0

1626843,5.962,2.116,7.362,-0.059,0.023,-0.007,1789,0,0

1626851,5.909,2.143,7.393,-0.059,0.024,-0.008,1789,0,0

1626859,5.902,2.169,7.451,-0.060,0.022,-0.005,1790,0,0

1626867,5.918,2.184,7.520,-0.060,0.013,-0.003,1790,0,0

1626876,5.909,2.174,7.465,-0.059,0.008,-0.001,1789,0,0

1626884,5.923,2.193,7.432,-0.061,0.006,0.001,1790,0,0

1626892,5.940,2.174,7.396,-0.067,0.006,0.000,1790,0,0

1626900,5.962,2.133,7.367,-0.070,0.009,-0.002,1789,0,0

1626908,5.988,2.112,7.338,-0.069,0.015,-0.004,1791,0,0

1626916,5.974,2.105,7.333,-0.066,0.021,-0.008,1791,0,0

1626924,5.947,2.109,7.398,-0.063,0.025,-0.013,1792,0,0

1626932,5.909,2.121,7.436,-0.061,0.027,-0.014,1791,0,0

1626940,5.921,2.164,7.472,-0.059,0.021,-0.014,1789,0,0

1626948,5.918,2.186,7.506,-0.059,0.014,-0.013,1790,0,0

1626956,5.916,2.207,7.506,-0.060,0.007,-0.011,1789,0,0

1626964,5.902,2.222,7.465,-0.059,0.003,-0.004,1791,0,0

1626972,5.902,2.255,7.405,-0.062,0.001,0.001,1791,0,0

1626980,5.909,2.227,7.369,-0.068,0.003,0.006,1791,0,0

1626988,5.921,2.148,7.345,-0.067,0.009,0.008,1791,0,0

1626997,5.914,2.112,7.357,-0.063,0.016,0.007,1790,0,0

1627005,5.923,2.093,7.405,-0.061,0.018,0.006,1791,0,0

1627013,5.940,2.059,7.429,-0.061,0.018,0.000,1790,0,0

1627021,5.971,2.054,7.451,-0.060,0.017,-0.008,1792,0,0

1627029,5.997,2.076,7.472,-0.056,0.015,-0.016,1791,0,0

1627037,5.974,2.112,7.468,-0.052,0.014,-0.022,1789,0,0

1627045,5.959,2.172,7.415,-0.051,0.013,-0.025,1790,0,0

1627053,5.918,2.222,7.398,-0.054,0.013,-0.026,1791,0,0

1627061,5.918,2.243,7.393,-0.057,0.012,-0.022,1791,0,0

1627069,5.911,2.246,7.422,-0.057,0.012,-0.014,1792,0,0

1627077,5.875,2.270,7.389,-0.059,0.012,-0.006,1790,0,0

1627085,5.859,2.286,7.405,-0.065,0.012,0.002,1790,0,0

1627093,5.892,2.255,7.422,-0.078,0.010,0.007,1792,0,0

1627101,5.914,2.181,7.446,-0.084,0.009,0.010,1791,0,0

1627109,5.902,2.097,7.446,-0.083,0.006,0.010,1791,0,0

