
2006425,5.231,3.936,7.094,-0.070,0.005,-0.005,1847,0,0

2006433,5.227,3.943,7.068,-0.067,0.005,-0.004,1846,0,0

2006441,5.246,3.943,7.049,-0.067,0.008,-0.005,1845,0,0

2006450,5.250,3.941,7.065,-0.071,0.011,-0.005,1847,0,0

2006458,5.272,3.931,7.099,-0.072,0.012,-0.006,1847,0,0

2006466,5.274,3.900,7.135,-0.069,0.010,-0.007,1849,0,0

2006474,5.250,3.910,7.171,-0.065,0.007,-0.007,1845,0,0

2006482,5.239,3.893,7.125,-0.062,0.005,-0.009,1847,0,0

2006490,5.246,3.905,7.120,-0.060,0.003,-0.011,1847,0,0

2006499,5.219,3.910,7.080,-0.054,0.004,-0.014,1846,0,0

2006507,5.224,3.926,7.058,-0.049,0.003,-0.015,1851,0,0

2006515,5.231,3.955,7.056,-0.048,0.005,-0.015,1846,0,0

2006523,5.246,3.979,7.113,-0.052,0.006,-0.013,1847,0,0

2006531,5.255,3.977,7.092,-0.057,0.005,-0.011,1848,0,0

2006539,5.270,3.965,7.101,-0.060,0.002,-0.010,1846,0,0

2006547,5.250,3.924,7.070,-0.063,0.000,-0.007,1848,0,0

2006555,5.274,3.919,7.051,-0.066,0.003,-0.008,1848,0,0

2006563,5.306,3.926,7.022,-0.063,0.008,-0.011,1847,0,0

2006571,5.318,3.919,7.027,-0.058,0.013,-0.014,1847,0,0

2006580,5.303,3.941,7.072,-0.055,0.013,-0.014,1850,0,0

2006588,5.279,3.974,7.087,-0.058,0.012,-0.013,1848,0,0

2006596,5.267,3.986,7.063,-0.062,0.010,-0.015,1848,0,0

2006604,5.260,3.989,7.065,-0.063,0.008,-0.015,1846,0,0

2006612,5.262,3.970,7.087,-0.062,0.007,-0.015,1847,0,0

2006620,5.250,3.938,7.082,-0.064,0.009,-0.016,1849,0,0

2006629,5.258,3.941,7.063,-0.066,0.008,-0.014,1849,0,0

2006637,5.243,3.924,7.049,-0.064,0.008,-0.013,1848,0,0

2006645,5.267,3.934,7.061,-0.064,0.008,-0.011,1849,0,0

2006653,5.277,3.931,7.044,-0.068,0.010,-0.011,1848,0,0

2006661,5.291,3.938,7.082,-0.067,0.013,-0.012,1848,0,0

2006669,5.310,3.967,7.096,-0.063,0.017,-0.013,1849,0,0

2006677,5.277,3.996,7.077,-0.062,0.021,-0.010,1848,0,0

2006685,5.250,4.003,7.084,-0.064,0.023,-0.005,1850,0,0

2006694,5.270,3.996,7.094,-0.063,0.023,-0.002,1847,0,0

2006702,5.265,3.991,7.089,-0.061,0.024,0.003,1848,0,0

2006710,5.239,3.948,7.075,-0.061,0.024,0.005,1850,0,0

2006718,5.239,3.936,7.108,-0.064,0.024,0.007,1851,0,0

2006727,5.234,3.895,7.108,-0.068,0.023,0.006,1848,0,0

2006747,5.274,3.905,7.132,-0.058,0.018,0.001,1848,0,0

2006767,5.282,3.919,7.106,-0.067,0.017,-0.005,1849,0,0

2006787,5.274,3.965,7.111,-0.059,0.013,-0.005,1847,0,0

2006807,5.229,3.965,7.099,-0.056,0.012,-0.004,1848,0,0

2006827,5.239,3.926,7.104,-0.067,0.012,-0.005,1848,0,0

2006847,5.255,3.960,7.130,-0.062,0.005,-0.008,1849,0,0

2006867,5.284,3.915,7.089,-0.064,0.002,-0.013,1849,0,0

2006887,5.282,3.984,7.068,-0.054,0.012,-0.010,1847,0,0

2006907,5.255,3.970,7.113,-0.058,0.016,-0.004,1848,0,0

2006927,5.246,3.917,7.039,-0.065,0.019,-0.003,1848,0,0

2006947,5.265,3.919,7.072,-0.066,0.018,-0.008,1849,0,0

2006967,5.272,3.929,7.147,-0.068,0.012,-0.011,1848,0,0

2006987,5.282,3.953,7.094,-0.054,-0.000,-0.008,1848,0,0

2007007,5.243,3.886,7.017,-0.057,0.005,-0.008,1848,0,0

2007027,5.267,3.965,7.025,-0.062,0.019,-0.007,1849,0,0

2007047,5.229,3.979,7.187,-0.067,0.012,-0.002,1849,0,0

2007067,5.315,3.907,7.132,-0.068,-0.002,-0.005,1848,0,0

2007087,5.310,3.888,7.053,-0.057,0.007,-0.014,1849,0,0

2007107,5.243,3.984,7.051,-0.054,0.015,-0.014,1850,0,0

2007127,5.234,4.029,7.130,-0.065,0.010,-0.003,1850,0,0

2007147,5.289,3.936,7.092,-0.070,0.004,0.002,1848,0,0

2007167,5.284,3.864,7.082,-0.066,0.011,-0.003,1848,0,0

2007187,5.320,3.905,7.072,-0.056,0.013,-0.013,1849,0,0

2007207,5.277,3.962,7.075,-0.058,0.008,-0.011,1848,0,0

2007227,5.250,3.972,7.061,-0.061,0.015,-0.007,1848,0,0

2007247,5.224,3.965,7.106,-0.067,0.017,-0.002,1848,0,0

2007267,5.262,3.895,7.087,-0.070,0.014,0.000,1848,0,0

2007287,5.279,3.900,7.137,-0.061,0.009,-0.009,1848,0,0

2007307,5.291,3.955,7.106,-0.059,0.004,-0.014,1849,0,0

2007327,5.274,3.960,7.041,-0.064,0.009,-0.015,1849,0,0

2007347,5.277,3.958,7.065,-0.073,0.017,-0.012,1849,0,0

2007367,5.265,3.941,7.096,-0.070,0.013,-0.007,1848,0,0

2007387,5.272,3.905,7.130,-0.062,0.009,-0.006,1849,0,0

2007407,5.265,3.929,7.046,-0.060,0.012,-0.010,1849,0,0

2007427,5.253,3.991,7.087,-0.055,0.013,-0.012,1848,0,0

2007447,5.255,3.967,7.099,-0.061,0.008,-0.007,1849,0,0

2007467,5.241,3.924,7.061,-0.058,0.007,-0.006,1850,0,0

2007487,5.301,3.926,7.051,-0.064,0.011,-0.007,1850,0,0

2007507,5.286,3.948,7.065,-0.054,0.013,-0.010,1851,0,0

2007527,5.255,3.955,7.082,-0.064,0.013,-0.011,1850,0,0

2007547,5.286,3.972,7.089,-0.058,0.016,-0.010,1849,0,0

2007567,5.243,3.970,7.111,-0.065,0.014,-0.007,1850,0,0

2007587,5.236,3.900,7.159,-0.062,0.003,-0.001,1852,0,0

2007607,5.322,3.900,7.005,-0.059,0.009,-0.007,1851,0,0

2007627,5.279,3.996,7.077,-0.055,0.022,-0.014,1851,0,0

2007647,5.234,4.005,7.137,-0.066,0.011,-0.004,1850,0,0

2007667,5.325,3.900,7.049,-0.071,0.006,-0.003,1850,0,0

2007687,5.310,3.910,7.075,-0.066,0.020,-0.014,1849,0,0

2007707,5.253,3.972,7.123,-0.068,0.019,-0.015,1850,0,0

2007727,5.260,3.974,7.068,-0.066,0.014,-0.007,1851,0,0

2007747,5.265,3.929,7.084,-0.069,0.021,-0.005,1850,0,0

2007767,5.222,3.910,7.159,-0.061,0.011,-0.004,1851,0,0

2007787,5.284,3.924,7.096,-0.060,0.006,-0.009,1851,0,0

2007807,5.313,3.958,7.072,-0.055,0.010,-0.013,1850,0,0

2007827,5.296,3.989,7.092,-0.056,0.012,-0.011,1849,0,0

2007847,5.255,3.965,7.005,-0.062,0.015,-0.006,1850,0,0

2007867,5.318,3.936,7.065,-0.076,0.020,-0.003,1849,0,0

2007887,5.284,3.955,7.116,-0.063,0.019,-0.005,1849,0,0

2007907,5.267,3.910,7.108,-0.066,0.010,-0.008,1848,0,0

2007927,5.258,3.936,7.094,-0.053,0.014,-0.010,1849,0,0

2007947,5.236,3.946,7.075,-0.063,0.018,-0.005,1850,0,0

2007967,5.270,3.965,7.080,-0.063,0.018,0.002,1850,0,0

2007987,5.286,3.929,7.130,-0.058,0.017,0.002,1850,0,0

2008007,5.279,3.938,7.063,-0.065,0.017,-0.001,1851,0,0

2008027,5.262,3.931,7.053,-0.058,0.027,-0.006,1849,0,0

2008047,5.253,3.974,7.056,-0.063,0.025,-0.002,1849,0,0

2008067,5.274,3.936,7.101,-0.067,0.032,0.000,1850,0,0

2008087,5.227,3.943,7.154,-0.069,0.016,0.000,1849,0,0

2008107,5.248,3.857,7.070,-0.062,0.011,-0.006,1849,0,0

2008127,5.272,3.967,7.032,-0.065,0.023,-0.012,1849,0,0

2008147,5.291,3.998,7.108,-0.061,0.026,-0.002,1849,0,0

2008167,5.279,3.948,7.046,-0.070,0.028,0.005,1849,0,0

2008187,5.222,3.915,7.168,-0.072,0.031,0.000,1849,0,0

2008207,5.236,3.893,7.185,-0.064,0.009,-0.005,1848,0,0

2008227,5.272,3.903,7.075,-0.065,0.005,-0.010,1849,0,0

2008247,5.255,3.938,7.049,-0.065,0.021,-0.012,1849,0,0

2008267,5.239,4.025,7.111,-0.059,0.021,-0.005,1847,0,0

2008287,5.265,3.965,7.082,-0.071,0.022,0.001,1847,0,0

2008307,5.282,3.898,7.080,-0.086,0.025,-0.002,1848,0,0

2008327,5.284,3.883,7.187,-0.060,0.019,-0.007,1848,0,0

2008347,5.210,3.934,7.099,-0.069,0.017,-0.007,1847,0,0

2008367,5.243,3.967,7.087,-0.056,0.018,-0.004,1849,0,0

2008387,5.258,3.929,7.118,-0.062,0.019,-0.004,1849,0,0

2008407,5.294,3.898,7.084,-0.070,0.018,-0.005,1850,0,0

2008427,5.286,3.876,7.094,-0.066,0.023,-0.011,1849,0,0

2008447,5.239,3.972,7.116,-0.053,0.025,-0.011,1850,0,0

2008467,5.248,3.924,7.046,-0.063,0.024,-0.003,1848,0,0

2008487,5.231,3.938,7.080,-0.061,0.032,-0.005,1850,0,0

2008507,5.210,3.938,7.183,-0.073,0.029,-0.003,1849,0,0

2008527,5.215,3.903,7.247,-0.056,0.009,-0.002,1848,0,0

2008547,5.212,3.900,7.142,-0.053,0.001,-0.007,1849,0,0

2008567,5.248,3.900,7.070,-0.053,0.002,-0.010,1848,0,0

2008587,5.224,3.979,7.068,-0.051,0.009,-0.006,1849,0,0

2008607,5.272,3.938,7.044,-0.072,0.007,0.003,1848,0,0

2008627,5.320,3.912,7.111,-0.060,0.021,-0.003,1848,0,0

2008647,5.243,3.915,7.147,-0.062,0.020,-0.010,1848,0,0

2008667,5.210,3.926,7.154,-0.054,0.004,-0.009,1848,0,0

2008687,5.248,3.915,7.101,-0.055,0.008,-0.009,1848,0,0

2008707,5.222,3.941,7.068,-0.066,0.014,-0.005,1847,0,0

2008727,5.274,3.946,7.096,-0.059,0.018,0.001,1847,0,0

2008747,5.262,3.917,7.106,-0.068,0.019,-0.001,1847,0,0

2008767,5.258,3.874,7.149,-0.061,0.010,-0.010,1847,0,0

2008787,5.248,3.924,7.147,-0.057,0.002,-0.013,1848,0,0

2008807,5.234,3.965,7.132,-0.054,0.002,-0.014,1848,0,0

2008827,5.243,3.938,7.099,-0.065,0.006,-0.007,1847,0,0

2008847,5.227,3.922,7.077,-0.064,0.010,-0.007,1848,0,0

2008867,5.267,3.950,7.120,-0.067,0.015,-0.005,1847,0,0

2008887,5.274,3.934,7.130,-0.059,0.014,-0.005,1848,0,0

2008907,5.239,3.900,7.149,-0.060,0.013,-0.009,1849,0,0

2008927,5.241,3.931,7.104,-0.050,0.011,-0.009,1846,0,0

2008947,5.231,3.972,7.053,-0.058,0.014,-0.008,1848,0,0

2008967,5.248,3.991,7.089,-0.068,0.018,-0.002,1847,0,0

2008987,5.250,3.907,7.142,-0.073,0.010,0.002,1846,0,0

2009007,5.308,3.862,7.099,-0.063,0.010,-0.004,1846,0,0

2009027,5.255,3.926,7.142,-0.054,0.016,-0.016,1845,0,0

2009047,5.171,3.984,7.183,-0.052,0.010,-0.012,1846,0,0

2009067,5.243,3.953,7.108,-0.065,0.003,-0.003,1847,0,0

2009087,5.277,3.874,7.072,-0.068,0.009,-0.002,1847,0,0

2009107,5.286,3.891,7.053,-0.060,0.019,-0.009,1847,0,0

2009127,5.289,3.972,7.147,-0.061,0.012,-0.010,1846,0,0

2009147,5.207,3.948,7.108,-0.058,0.010,-0.006,1847,0,0

2009167,5.222,3.934,7.077,-0.063,0.015,-0.003,1846,0,0

2009187,5.212,3.926,7.125,-0.062,0.017,-0.001,1847,0,0

2009207,5.270,3.931,7.173,-0.068,0.005,-0.003,1846,0,0

2009227,5.308,3.912,7.080,-0.067,0.002,-0.013,1846,0,0

2009247,5.260,3.941,7.063,-0.062,0.008,-0.014
2009447,5.277,3.919,7.094,-0.069,0.014,-0.007,1847,0,0

2009467,5.296,3.895,7.108,-0.070,0.016,-0.010,1846,0,0

2010161,5.289,3.948,7.070,-0.058,0.009,-0.012,1848,0,0

2010169,5.265,3.941,7.068,-0.062,0.011,-0.011,1848,0,0

2010177,5.246,3.917,7.049,-0.063,0.013,-0.009,1848,0,0

2010185,5.231,3.905,7.032,-0.065,0.014,-0.008,1847,0,0

2010192,5.243,3.903,7.075,-0.068,0.014,-0.007,1848,0,0

2011168,5.234,3.912,7.132,-0.061,0.019,-0.000,1849,0,0
2013189,5.296,4.046,7.034,-0.058,0.005,-0.014,1851,0,0

2014196,5.248,3.953,7.082,-0.054,0.022,-0.017,1848,0,0
2016217,5.243,3.919,7.087,-0.066,0.017,-0.009,1848,0,0

2017224,5.277,3.950,7.058,-0.057,0.014,-0.012,1852,0,0
2019245,5.241,3.967,7.077,-0.064,0.013,-0.005,1853,0,0

2020252,5.253,4.025,7.063,-0.067,0.017,-0.006,1854,0,0
2022273,5.334,3.994,6.874,-0.113,0.050,-0.030,1844,0,0

2023280,5.116,3.723,7.080,-0.083,0.003,-0.008,1847,0,0
2025301,5.181,3.994,7.125,-0.040,0.023,0.015,1847,0,0

2026308,5.205,3.924,7.144,-0.055,0.001,-0.009,1851,0,0
2028329,5.203,3.955,7.185,-0.067,0.022,0.001,1853,0,0

2029336,5.270,4.003,7.092,-0.034,-0.035,0.033,1847,0,0

2029455,5.322,3.948,7.087,-0.055,-0.026,0.013,1841,0,0

2029463,5.327,3.938,7.096,-0.047,-0.026,0.005,1839,0,0

2029471,5.318,3.924,7.106,-0.039,-0.028,0.003,1839,0,0

2029479,5.308,3.826,7.046,-0.051,-0.024,-0.003,1837,0,0

2029487,5.346,3.809,6.989,-0.059,-0.022,-0.008,1838,0,0

2029495,5.401,3.833,6.972,-0.060,-0.015,-0.012,1838,0,0

2029503,5.361,3.893,7.020,-0.047,-0.007,-0.016,1839,0,0

2029511,5.284,3.970,6.972,-0.047,-0.001,-0.014,1838,0,0

2029519,5.301,4.063,6.981,-0.060,0.006,-0.009,1835,0,0

2029528,5.310,4.056,6.991,-0.072,0.013,-0.007,1837,0,0

2029536,5.332,4.005,7.075,-0.072,0.013,-0.003,1838,0,0

2029544,5.358,3.958,7.096,-0.066,0.009,-0.003,1836,0,0

2029552,5.377,3.946,7.077,-0.069,0.008,-0.002,1836,0,0

2029561,5.389,3.907,6.984,-0.078,0.013,-0.005,1834,0,0

2029569,5.387,3.903,6.972,-0.081,0.021,-0.011,1835,0,0

2029577,5.356,3.886,7.001,-0.079,0.024,-0.017,1837,0,0

2029585,5.358,3.883,7.013,-0.078,0.026,-0.019,1837,0,0

2029593,5.375,3.871,7.046,-0.078,0.027,-0.021,1837,0,0

2029601,5.346,3.900,7.049,-0.074,0.031,-0.021,1837,0,0

2029610,5.346,3.972,7.077,-0.062,0.030,-0.019,1836,0,0

2029618,5.332,4.022,7.075,-0.056,0.026,-0.020,1836,0,0

2029626,5.301,4.022,7.082,-0.071,0.025,-0.015,1837,0,0

2029634,5.301,3.962,7.049,-0.090,0.023,-0.010,1836,0,0

2029642,5.296,3.931,7.025,-0.094,0.025,-0.011,1837,0,0

2029650,5.296,3.898,7.013,-0.087,0.025,-0.012,1836,0,0

2029658,5.322,3.898,7.034,-0.079,0.026,-0.011,1838,0,0

2029666,5.332,3.922,7.058,-0.078,0.026,-0.010,1837,0,0

2029675,5.322,3.929,7.037,-0.080,0.028,-0.009,1838,0,0

2029683,5.320,3.912,7.070,-0.080,0.026,-0.010,1837,0,0

2029691,5.315,3.891,7.092,-0.071,0.023,-0.012,1838,0,0

2029699,5.313,3.893,7.089,-0.062,0.015,-0.014,1837,0,0

2029707,5.310,3.893,7.075,-0.059,0.010,-0.015,1838,0,0

2029715,5.329,3.903,7.056,-0.059,0.009,-0.014,1837,0,0

2029723,5.303,3.919,7.063,-0.055,0.008,-0.015,1837,0,0

2029731,5.294,3.979,7.116,-0.045,0.000,-0.015,1838,0,0

2029740,5.265,4.003,7.137,-0.043,-0.011,-0.013,1837,0,0

2029748,5.255,3.989,7.101,-0.056,-0.019,-0.009,1836,0,0

2029756,5.306,3.934,7.063,-0.067,-0.025,-0.007,1839,0,0

2029764,5.337,3.891,7.063,-0.066,-0.025,-0.012,1836,0,0

2029772,5.373,3.867,7.044,-0.063,-0.022,-0.017,1837,0,0

2029780,5.358,3.840,7.061,-0.059,-0.021,-0.022,1838,0,0

2029788,5.327,3.912,7.041,-0.054,-0.018,-0.023,1837,0,0

2029796,5.368,3.946,7.049,-0.050,-0.019,-0.022,1838,0,0

2029804,5.349,3.979,7.032,-0.045,-0.019,-0.019,1838,0,0

2029812,5.327,4.008,6.977,-0.048,-0.021,-0.015,1839,0,0

2029820,5.332,4.013,6.955,-0.057,-0.017,-0.009,1837,0,0

2029828,5.358,3.994,6.962,-0.068,-0.014,-0.004,1838,0,0

2029837,5.382,3.950,6.974,-0.071,-0.009,-0.002,1838,0,0

2029845,5.370,3.922,7.015,-0.069,-0.006,-0.001,1838,0,0

2029853,5.358,3.936,7.037,-0.066,-0.003,-0.001,1838,0,0

2029861,5.310,3.936,7.039,-0.063,-0.004,-0.002,1838,0,0

2029869,5.322,3.924,7.084,-0.060,-0.008,-0.003,1839,0,0

2029877,5.358,3.929,7.082,-0.052,-0.017,-0.005,1839,0,0

2029885,5.375,3.915,7.101,-0.049,-0.021,-0.006,1840,0,0

2029894,5.392,3.960,7.022,-0.053,-0.019,-0.005,1838,0,0

2029902,5.392,3.965,6.974,-0.056,-0.014,-0.006,1839,0,0

2029910,5.356,3.962,6.955,-0.057,-0.008,-0.002,1838,0,0

2029918,5.346,3.979,6.888,-0.071,0.002,0.001,1839,0,0

2029926,5.392,3.977,6.979,-0.073,0.005,-0.004,1838,0,0

2029934,5.363,3.946,7.034,-0.075,0.005,-0.006,1839,0,0

2029943,5.306,3.912,7.080,-0.068,0.001,-0.003,1839,0,0

2029951,5.339,3.934,7.113,-0.058,-0.009,-0.003,1838,0,0

2029959,5.322,3.934,7.154,-0.057,-0.019,-0.006,1839,0,0

2029967,5.339,3.862,7.111,-0.060,-0.031,-0.009,1838,0,0

2029975,5.353,3.828,7.044,-0.053,-0.035,-0.012,1838,0,0

2029983,5.394,3.881,7.027,-0.043,-0.038,-0.017,1839,0,0

2029991,5.404,3.955,6.984,-0.042,-0.036,-0.019,1839,0,0

2030000,5.365,3.958,6.934,-0.044,-0.032,-0.017,1838,0,0

2030008,5.368,3.974,6.981,-0.044,-0.031,-0.011,1838,0,0

2030016,5.397,4.025,7.008,-0.042,-0.032,-0.010,1840,0,0

2030024,5.413,4.010,6.991,-0.043,-0.030,-0.008,1840,0,0

2030032,5.377,3.960,6.981,-0.055,-0.027,-0.002,1838,0,0

2030040,5.418,3.991,7.032,-0.052,-0.031,-0.001,1837,0,0

2030048,5.404,3.984,6.981,-0.052,-0.030,0.000,1838,0,0

2030056,5.397,3.929,6.972,-0.056,-0.030,0.001,1839,0,0

2030065,5.406,3.907,7.027,-0.052,-0.033,0.001,1838,0,0

2030073,5.423,3.869,6.979,-0.042,-0.034,-0.000,1840,0,0

2030081,5.449,3.912,6.979,-0.035,-0.031,-0.002,1837,0,0

2030089,5.437,3.934,7.003,-0.027,-0.030,-0.005,1839,0,0

2030097,5.411,3.936,6.998,-0.029,-0.029,-0.006,1838,0,0

2030105,5.404,3.953,6.984,-0.035,-0.030,-0.002,1837,0,0

2030113,5.413,3.977,7.034,-0.037,-0.037,0.001,1839,0,0

2030121,5.411,3.991,6.946,-0.033,-0.038,0.000,1838,0,0

2030130,5.377,4.032,6.984,-0.029,-0.041,0.000,1837,0,0

2030138,5.392,4.034,7.063,-0.026,-0.050,0.002,1838,0,0

2030146,5.387,4.005,7.159,-0.018,-0.066,0.005,1837,0,0

2030154,5.397,4.001,7.149,-0.012,-0.082,0.015,1837,0,0

2030162,5.358,3.895,7.025,-0.018,-0.091,0.022,1838,0,0

2030170,5.440,3.950,6.989,-0.010,-0.102,0.020,1836,0,0

2030178,5.461,3.953,7.032,-0.006,-0.104,0.012,1836,0,0

2030187,5.509,3.929,7.080,-0.003,-0.125,0.013,1837,0,0

2030195,5.447,3.915,6.876,-0.031,-0.118,0.018,1838,0,0

2030203,5.454,4.008,7.001,-0.006,-0.127,0.020,1837,0,0

2030211,5.361,4.161,7.130,0.029,-0.150,0.032,1836,0,0

2030219,5.361,4.104,7.072,0.018,-0.170,0.050,1838,0,0

2030227,5.447,4.065,7.061,-0.019,-0.187,0.059,1837,0,0

2030235,5.516,3.950,6.970,-0.023,-0.196,0.053,1836,0,0

2030243,5.523,3.926,6.823,-0.026,-0.191,0.043,1835,0,0

2030251,5.511,3.946,6.800,-0.034,-0.188,0.036,1838,0,0

2030260,5.535,3.946,6.941,-0.041,-0.196,0.029,1838,0,0

2030268,5.547,3.905,6.960,-0.044,-0.211,0.025,1835,0,0

2030276,5.562,3.850,6.886,-0.057,-0.213,0.029,1834,0,0

2030284,5.689,3.991,6.960,-0.034,-0.226,0.028,1834,0,0

2030292,5.710,4.070,6.965,-0.001,-0.236,0.016,1837,0,0

2030300,5.708,4.020,6.871,-0.002,-0.230,0.023,1835,0,0

2030308,5.768,4.061,6.800,-0.031,-0.227,0.031,1834,0,0

2030316,5.830,4.101,6.804,-0.055,-0.227,0.027,1837,0,0

2030325,5.823,4.123,6.732,-0.082,-0.226,0.026,1836,0,0

2030333,5.804,4.116,6.601,-0.133,-0.209,0.039,1833,0,0

2030341,5.806,4.106,6.416,-0.193,-0.179,0.057,1835,0,0

2030349,5.720,4.152,6.048,-0.215,-0.135,0.067,1834,0,0

2030357,5.789,4.362,5.895,-0.282,-0.084,0.053,1837,0,0

2030365,6.134,3.874,6.445,-0.268,-0.058,0.015,1836,0,0

2030374,5.883,3.836,6.383,-0.276,0.017,0.002,1835,0,0

2030382,5.832,3.941,6.483,-0.303,0.041,-0.006,1837,0,0

2030390,5.851,3.733,6.639,-0.328,0.059,-0.024,1837,0,0

2030398,5.837,3.673,6.699,-0.339,0.070,-0.046,1837,1835,200

2030406,5.729,3.637,6.776,-0.320,0.074,-0.053,1837,2507,200

2030414,5.677,3.663,6.907,-0.275,0.069,-0.058,1836,2670,200

2030422,5.533,3.632,7.096,-0.211,0.061,-0.054,1836,2666,200

2030430,5.657,3.742,7.123,-0.176,0.036,-0.057,1836,2842,200

2030439,5.835,3.926,7.175,-0.188,0.038,-0.076,1834,3047,200

2030447,5.485,3.541,6.737,-0.284,0.035,-0.081,1833,3275,200

2030455,5.464,3.472,6.517,-0.307,0.067,-0.092,1834,3528,200

2030463,5.787,3.493,6.565,-0.279,0.082,-0.097,1833,3643,200

2030471,6.072,3.685,6.756,-0.207,0.099,-0.087,1832,3751,200

2030479,6.175,3.948,6.888,-0.152,0.104,-0.081,1832,3815,200

2030488,5.983,4.099,7.046,-0.105,0.075,-0.077,1831,3853,200

2030496,6.079,4.424,7.084,-0.094,0.051,-0.048,1829,3893,200

2030504,6.074,4.413,6.938,-0.140,0.034,-0.022,1826,3945,200

2030512,5.952,4.192,7.286,-0.161,0.000,0.007,1826,3966,200

2030520,6.124,4.061,7.290,-0.129,-0.031,-0.004,1821,4006,200

2030528,5.911,4.106,6.886,-0.164,-0.018,-0.002,1817,4045,200

2030536,5.897,3.929,6.852,-0.204,-0.006,-0.004,1818,4066,200

2030544,5.849,3.740,6.900,-0.218,0.005,-0.019,1814,4088,200

2030552,5.741,3.642,6.914,-0.196,0.016,-0.042,1815,4095,200

2030560,5.626,3.764,6.888,-0.165,0.022,-0.053,1813,4095,200

2030569,5.897,3.843,6.893,-0.138,0.033,-0.045,1816,4095,200

2030577,5.739,3.888,6.840,-0.124,0.046,-0.054,1817,4095,200

2030585,5.607,3.881,6.831,-0.126,0.055,-0.059,1815,4095,200

2030593,5.444,3.819,6.852,-0.131,0.062,-0.057,1815,4095,200

2030601,5.277,3.857,6.917,-0.132,0.056,-0.050,1816,4095,200

2030609,5.116,3.754,6.972,-0.137,0.039,-0.041,1815,4095,200

2030617,5.066,3.673,6.986,-0.137,0.017,-0.032,1816,4095,200

2030625,5.042,3.563,6.934,-0.131,0.001,-0.026,1815,4095,200

2030634,5.337,3.649,6.912,-0.121,0.003,-0.021,1815,4095,200

2030642,5.179,3.575,6.838,-0.115,0.008,-0.024,1812,4095,200

2030650,5.092,3.503,6.809,-0.112,0.010,-0.027,1816,4095,200

2030658,5.045,3.450,6.783,-0.114,0.010,-0.033,1814,4095,200

2030666,4.997,3.436,6.792,-0.106,0.010,-0.034,1814,4095,200

2030675,5.188,3.603,6.934,-0.100,0.009,-0.034,1814,4095,200

2030683,5.131,3.589,6.900,-0.090,0.003,-0.036,1817,4095,200

2030691,5.088,3.615,6.826,-0.090,0.001,-0.034,1816,4095,200

2030699,5.061,3.541,6.704,-0.098,0.004,-0.032,1812,4095,200

2030707,5.057,3.469,6.658,-0.091,0.009,-0.033,1814,4095,200

2030715,5.052,3.464,6.630,-0.082,0.017,-0.033,1816,4095,200

2030723,5.057,3.448,6.634,-0.079,0.026,-0.030,1815,4095,200

2030731,5.064,3.488,6.732,-0.074,0.029,-0.021,1814,4095,200

2030739,5.107,3.548,6.826,-0.060,0.025,-0.015,1811,4095,200

2030748,4.968,3.548,6.821,-0.075,0.025,-0.027,1811,4095,200

2030756,5.001,3.512,6.780,-0.078,0.018,-0.023,1815,4095,200

2030764,5.047,3.455,6.790,-0.078,0.011,-0.021,1813,4095,200

2030772,5.071,3.388,6.732,-0.070,0.011,-0.020,1814,4095,200

2030780,5.145,3.419,6.728,-0.064,0.011,-0.017,1814,4095,200

2030788,5.219,3.424,6.749,-0.067,0.012,-0.015,1815,4095,200

2030797,5.274,3.445,6.778,-0.065,0.011,-0.013,1811,4095,200

2030805,5.025,3.409,6.754,-0.062,0.020,-0.034,1812,4095,200

2030813,5.076,3.493,6.747,-0.043,0.015,-0.034,1813,4095,200

2030821,5.136,3.546,6.728,-0.051,0.016,-0.028,1813,4095,200

2030829,5.183,3.548,6.790,-0.063,0.015,-0.022,1813,4095,200

2030837,5.239,3.539,6.804,-0.064,0.011,-0.015,1811,4095,200

2030845,5.303,3.555,6.828,-0.059,0.009,-0.009,1814,4095,200

2030853,5.370,3.531,6.835,-0.055,0.008,-0.002,1813,4095,200

2030862,5.478,3.539,6.864,-0.051,0.007,0.006,1811,4095,200

2030870,5.116,3.491,6.783,-0.058,0.012,-0.011,1812,4095,200

2030878,5.171,3.440,6.835,-0.061,0.008,-0.009,1814,4095,200

2030886,5.262,3.393,6.840,-0.056,0.003,-0.009,1813,4095,200

2030894,5.392,3.417,6.850,-0.048,0.001,-0.009,1813,4095,200

2030903,5.476,3.452,6.859,-0.039,0.002,-0.009,1812,4095,200

2030911,5.078,3.498,6.792,-0.048,0.011,-0.029,1828,4095,200

2030919,5.092,3.517,6.807,-0.052,0.006,-0.023,1815,4095,200

2030927,5.157,3.524,6.809,-0.054,0.001,-0.015,1815,4095,200

2030935,5.279,3.522,6.759,-0.059,-0.001,-0.006,1814,4095,200

2030943,5.380,3.515,6.766,-0.056,0.005,0.001,1815,4095,200

2030951,5.447,3.512,6.761,-0.053,0.010,0.006,1814,4095,200

2030960,5.543,3.553,6.776,-0.050,0.016,0.011,1813,4095,200

2030968,5.174,3.479,6.809,-0.059,0.023,-0.011,1813,4095,200

2030976,5.222,3.474,6.900,-0.056,0.014,-0.009,1815,4095,200

2030984,5.303,3.491,6.936,-0.047,0.006,-0.006,1813,4095,200

2030992,5.387,3.476,6.871,-0.049,0.003,-0.002,1813,4095,200

2031000,5.418,3.450,6.845,-0.054,0.003,-0.001,1811,4095,200

2031008,5.459,3.455,6.867,-0.050,0.007,-0.002,1812,4095,200

2031016,5.545,3.488,6.864,-0.045,0.011,-0.001,1815,4095,200

2031025,5.133,3.476,6.759,-0.050,0.023,-0.025,1813,4095,200

2031033,5.203,3.508,6.800,-0.051,0.023,-0.020,1812,4095,200

2031041,5.282,3.565,6.910,-0.047,0.019,-0.015,1811,4095,200

2031049,5.332,3.565,6.955,-0.048,0.011,-0.007,1813,4095,200

2031057,5.423,3.534,6.946,-0.052,0.003,-0.002,1813,4095,200

2031065,5.523,3.527,6.931,-0.056,-0.004,0.001,1814,4095,200

2031074,5.629,3.496,6.914,-0.057,-0.003,0.003,1811,4095,200

2031082,5.705,3.476,6.905,-0.048,-0.001,0.003,1812,4095,200

2031090,5.770,3.548,6.929,-0.041,-0.001,0.003,1811,4095,200

2031098,5.851,3.618,6.938,-0.042,0.000,0.003,1816,4095,200

2031106,5.394,3.512,6.852,-0.047,0.008,-0.014,1814,4095,200

2031114,5.471,3.508,6.874,-0.049,0.009,-0.009,1812,4095,200

2031122,5.574,3.543,6.891,-0.046,0.009,-0.006,1814,4095,200

2031130,5.631,3.594,6.914,-0.046,0.011,-0.002,1816,4095,200

2031139,5.669,3.622,6.926,-0.044,0.012,0.005,1814,4095,200

2031147,5.772,3.699,6.977,-0.048,0.008,0.011,1813,4095,200

2031155,5.871,3.735,6.974,-0.058,0.005,0.018,1814,4095,200

2031163,5.935,3.666,6.989,-0.061,0.002,0.021,1814,4095,200

2031171,5.490,3.472,6.931,-0.048,0.004,0.004,1815,4095,200

2031179,5.562,3.524,6.950,-0.041,-0.001,0.007,1812,4095,200

2031187,5.614,3.553,6.977,-0.042,-0.002,0.007,1811,4095,200

2031195,5.686,3.618,6.977,-0.043,-0.008,0.009,1813,4095,200

2031203,5.780,3.608,7.020,-0.046,-0.017,0.011,1813,4095,200

2031212,5.883,3.606,7.001,-0.051,-0.021,0.011,1814,4095,200

2031220,5.993,3.646,6.962,-0.050,-0.022,0.013,1813,4095,200

2031228,5.574,3.515,6.776,-0.047,-0.007,-0.006,1813,4095,200

2031236,5.624,3.555,6.780,-0.048,0.002,-0.004,1812,4095,200

2031245,5.631,3.589,6.838,-0.049,0.009,0.002,1811,4095,200

2031253,5.665,3.644,6.931,-0.047,0.006,0.009,1814,4095,200

2031261,5.746,3.673,7.003,-0.047,-0.000,0.014,1812,4095,200

2031269,5.883,3.742,7.029,-0.050,-0.009,0.022,1812,4095,200

2031277,5.454,3.467,6.891,-0.062,-0.003,0.002,1811,4095,200

2031285,5.497,3.393,6.871,-0.057,0.001,0.001,1812,4095,200

2031293,5.538,3.388,6.912,-0.046,0.004,0.000,1812,4095,200

2031302,5.605,3.479,6.943,-0.038,0.002,-0.002,1812,4095,200

2031310,5.667,3.519,6.974,-0.032,-0.003,-0.004,1811,4095,200

2031318,5.768,3.534,6.996,-0.024,-0.007,-0.006,1810,4095,200

2031326,5.847,3.531,6.934,-0.017,-0.006,-0.009,1811,4095,200

2031334,5.897,3.548,6.914,-0.005,0.000,-0.010,1809,4095,200

2031342,5.981,3.594,6.816,0.023,0.014,-0.010,1809,4095,200

2031350,6.088,3.625,6.895,0.047,0.020,-0.009,1807,4095,200

2031358,5.794,3.481,6.962,0.074,0.012,-0.034,1805,4095,200

2031366,5.997,4.085,6.790,0.093,0.021,-0.029,1807,4092,200

2031374,5.780,3.704,6.450,-0.014,0.064,-0.031,1805,4087,200

2031382,5.737,3.462,6.567,-0.070,0.121,-0.016,1805,4051,200

2031391,5.952,3.519,6.771,-0.029,0.142,-0.019,1806,3992,200

2031399,5.902,3.634,6.924,0.016,0.168,-0.024,1805,3900,200

2031407,5.217,3.481,7.051,0.013,0.160,-0.029,1805,3714,200

2031415,5.128,3.381,7.262,0.059,0.150,-0.010,1806,3033,200

2031423,5.124,3.373,7.309,0.144,0.116,0.014,1806,2038,200

2031432,5.258,3.598,7.266,0.225,0.072,0.034,1806,0,0

2031440,5.737,3.673,7.082,0.286,0.030,0.034,1807,0,0

2031448,6.002,3.795,6.639,0.249,0.080,-0.047,1808,0,0

2031456,5.741,4.065,6.455,0.125,0.124,-0.107,1809,0,0

2031464,5.349,3.661,5.653,-0.072,0.173,-0.115,1809,0,0

2031472,5.674,4.017,5.679,-0.161,0.227,-0.126,1808,0,0

2031480,5.993,4.037,6.481,-0.092,0.292,-0.107,1809,0,0

2031489,5.787,4.034,7.065,-0.090,0.305,-0.103,1809,0,0

2031497,5.420,4.044,7.487,-0.145,0.299,-0.068,1812,0,0

2031505,5.329,3.795,7.731,-0.148,0.214,-0.047,1811,0,0

2031513,5.337,3.812,7.946,-0.085,0.148,-0.030,1812,0,0

2031521,5.179,3.941,7.793,-0.065,0.088,-0.021,1812,0,0

2031529,5.176,3.852,7.580,-0.082,0.033,-0.018,1813,0,0

2031537,5.270,3.620,7.204,-0.072,0.004,-0.024,1813,0,0

2031545,5.387,3.445,6.972,-0.033,0.012,-0.047,1810,0,0

2031553,5.504,3.395,6.876,0.006,0.036,-0.081,1812,0,0

2031561,5.550,3.529,6.895,0.037,0.070,-0.118,1813,0,0

2031570,5.511,3.713,6.953,0.045,0.089,-0.141,1813,0,0

2031578,5.418,3.955,7.017,0.035,0.105,-0.140,1813,0,0

2031586,5.368,4.104,7.063,0.011,0.099,-0.120,1811,0,0

2031594,5.380,4.195,7.084,-0.040,0.093,-0.095,1813,0,0

2031602,5.382,4.262,7.051,-0.099,0.086,-0.070,1811,0,0

2031610,5.404,4.187,7.013,-0.127,0.075,-0.053,1811,0,0

2031618,5.428,4.128,6.943,-0.120,0.071,-0.041,1811,0,0

2031627,5.440,4.029,6.876,-0.120,0.074,-0.030,1812,0,0

2031635,5.456,3.938,6.883,-0.130,0.084,-0.019,1809,0,0

2031643,5.456,3.931,6.864,-0.135,0.097,-0.011,1810,0,0

2031651,5.440,3.962,6.876,-0.125,0.107,-0.004,1811,0,0

2031659,5.397,3.907,6.893,-0.130,0.119,-0.002,1812,0,0

2031667,5.435,3.910,7.056,-0.129,0.123,-0.006,1811,0,0

2031675,5.399,3.797,7.094,-0.138,0.123,-0.012,1811,0,0

2031684,5.368,3.828,7.250,-0.126,0.115,-0.013,1811,0,0

2031692,5.255,3.852,7.329,-0.109,0.096,-0.009,1811,0,0

2031700,5.138,3.874,7.348,-0.093,0.074,0.010,1810,0,0

2031708,5.191,3.804,7.389,-0.087,0.037,0.015,1809,0,0

2031716,5.250,3.766,7.362,-0.068,0.007,0.010,1811,0,0

2031725,5.298,3.661,7.228,-0.049,-0.009,0.003,1809,0,0

2031733,5.368,3.670,7.147,-0.033,-0.010,-0.005,1812,0,0

2031741,5.411,3.673,7.084,-0.031,-0.004,-0.015,1810,0,0

2031749,5.382,3.709,6.974,-0.042,0.013,-0.021,1809,0,0

2031757,5.385,3.757,6.948,-0.045,0.032,-0.025,1812,0,0

2031765,5.375,3.871,6.993,-0.029,0.044,-0.032,1811,0,0

2031773,5.346,3.977,7.003,-0.026,0.054,-0.030,1811,0,0

2031781,5.332,4.022,7.025,-0.039,0.056,-0.025,1810,0,0

2031790,5.332,4.051,7.001,-0.067,0.066,-0.016,1808,0,0

2031798,5.339,4.005,6.970,-0.098,0.080,-0.009,1810,0,0

2031806,5.320,3.986,7.017,-0.110,0.090,-0.004,1810,0,0

2031814,5.267,3.960,7.104,-0.112,0.092,0.000,1810,0,0

2031822,5.229,3.898,7.192,-0.114,0.087,0.005,1811,0,0

2031831,5.229,3.824,7.305,-0.108,0.073,0.010,1811,0,0

2031839,5.241,3.800,7.348,-0.088,0.054,0.012,1810,0,0

2031847,5.265,3.749,7.298,-0.072,0.038,0.009,1810,0,0

2031855,5.294,3.737,7.252,-0.070,0.027,0.006,1812,0,0

2031863,5.313,3.721,7.178,-0.072,0.024,-0.001,1809,0,0

2031871,5.329,3.706,7.123,-0.067,0.025,-0.009,1810,0,0

2031879,5.308,3.706,7.077,-0.058,0.029,-0.012,1812,0,0

2031887,5.296,3.773,7.072,-0.052,0.034,-0.012,1810,0,0

2031895,5.306,3.871,7.065,-0.049,0.036,-0.012,1813,0,0

2031903,5.346,3.936,7.116,-0.047,0.035,-0.010,1811,0,0

2031911,5.320,3.924,7.135,-0.041,0.035,-0.006,1810,0,0

2031920,5.255,3.907,7.142,-0.037,0.032,0.002,1809,0,0

2031928,5.195,3.938,7.185,-0.046,0.026,0.009,1811,0,0

2031936,5.224,3.919,7.185,-0.064,0.018,0.015,1812,0,0

2031944,5.253,3.812,7.209,-0.075,0.010,0.015,1812,0,0

2031952,5.306,3.725,7.233,-0.065,0.004,0.010,1812,0,0

2031960,5.318,3.706,7.199,-0.047,0.002,0.006,1811,0,0

2031968,5.301,3.761,7.171,-0.037,-0.002,0.002,1811,0,0

2031976,5.296,3.824,7.140,-0.043,-0.002,-0.002,1811,0,0

2031985,5.310,3.807,7.130,-0.052,0.000,-0.007,1811,0,0

2031993,5.279,3.821,7.116,-0.048,0.007,-0.010,1811,0,0

2032001,5.267,3.871,7.147,-0.039,0.007,-0.011,1812,0,0

2032009,5.277,3.926,7.111,-0.040,0.008,-0.010,1811,0,0

2032017,5.286,3.931,7.108,-0.053,0.006,-0.006,1813,0,0

2032026,5.325,3.900,7.101,-0.063,0.006,-0.003,1810,0,0

2032034,5.334,3.838,7.056,-0.066,0.008,-0.005,1812,0,0

2032042,5.344,3.824,7.022,-0.068,0.015,-0.004,1810,0,0

2032050,5.339,3.831,7.044,-0.070,0.023,-0.006,1812,0,0

2032058,5.296,3.819,7.106,-0.070,0.026,-0.008,1810,0,0

2032066,5.284,3.800,7.159,-0.067,0.024,-0.007,1811,0,0

2032074,5.284,3.819,7.238,-0.056,0.019,-0.004,1813,0,0

2032083,5.303,3.876,7.247,-0.038,0.008,-0.002,1812,0,0

2032091,5.308,3.874,7.183,-0.033,0.003,-0.002,1810,0,0

2032099,5.318,3.859,7.111,-0.043,0.007,-0.002,1810,0,0

2032107,5.296,3.843,7.084,-0.059,0.018,-0.006,1814,0,0

2032115,5.253,3.843,7.094,-0.067,0.026,-0.009,1812,0,0

2032124,5.255,3.855,7.137,-0.063,0.025,-0.010,1813,0,0

2032132,5.253,3.879,7.156,-0.059,0.019,-0.007,1811,0,0

2032140,5.298,3.879,7.113,-0.065,0.016,-0.001,1811,0,0

2032148,5.337,3.843,7.125,-0.069,0.018,-0.001,1810,0,0

2032156,5.332,3.816,7.120,-0.066,0.022,-0.003,1810,0,0

2032164,5.279,3.824,7.137,-0.060,0.023,-0.005,1812,0,0

2032172,5.265,3.857,7.108,-0.060,0.021,-0.006,1812,0,0

2032180,5.267,3.855,7.077,-0.067,0.021,-0.005,1813,0,0

2032189,5.270,3.828,7.108,-0.067,0.022,-0.006,1810,0,0

2032197,5.258,3.855,7.147,-0.058,0.019,-0.004,1814,0,0

2032205,5.255,3.881,7.168,-0.051,0.013,-0.005,1813,0,0

2032213,5.270,3.867,7.159,-0.055,0.011,-0.006,1812,0,0

2032221,5.270,3.831,7.168,-0.059,0.009,-0.007,1812,0,0

2032229,5.267,3.838,7.132,-0.061,0.006,-0.007,1811,0,0

2032237,5.272,3.833,7.111,-0.065,0.004,-0.006,1811,0,0

2032245,5.296,3.862,7.135,-0.069,0.005,-0.006,1813,0,0

2032253,5.325,3.879,7.096,-0.072,0.009,-0.008,1812,0,0

2032262,5.339,3.852,7.080,-0.071,0.015,-0.010,1812,0,0

2032270,5.325,3.819,7.092,-0.070,0.021,-0.010,1812,0,0

2032278,5.341,3.876,7.089,-0.068,0.024,-0.008,1810,0,0

2032286,5.310,3.893,7.104,-0.072,0.032,-0.007,1813,0,0

2032294,5.308,3.864,7.096,-0.076,0.033,-0.006,1811,0,0

2032302,5.298,3.843,7.154,-0.073,0.035,-0.004,1812,0,0

2032310,5.253,3.874,7.159,-0.067,0.034,-0.002,1813,0,0

2032318,5.239,3.900,7.168,-0.069,0.029,0.001,1812,0,0

2032326,5.229,3.874,7.173,-0.074,0.024,0.002,1812,0,0

2032334,5.260,3.828,7.166,-0.070,0.018,0.002,1813,0,0

2032343,5.282,3.785,7.144,-0.062,0.014,0.000,1814,0,0

2032351,5.291,3.778,7.137,-0.057,0.015,-0.002,1814,0,0

2032359,5.310,3.785,7.123,-0.060,0.019,-0.006,1812,0,0

2032367,5.286,3.797,7.137,-0.062,0.024,-0.011,1811,0,0

2032375,5.279,3.828,7.154,-0.058,0.024,-0.012,1815,0,0

2032383,5.282,3.859,7.161,-0.054,0.022,-0.012,1812,0,0

2032392,5.289,3.903,7.137,-0.056,0.022,-0.007,1811,0,0

2032400,5.301,3.895,7.163,-0.058,0.021,-0.005,1813,0,0

2032408,5.258,3.891,7.135,-0.059,0.021,-0.001,1813,0,0

2032416,5.246,3.876,7.154,-0.062,0.021,0.004,1810,0,0

2032424,5.258,3.864,7.171,-0.064,0.017,0.005,1811,0,0

2032432,5.243,3.826,7.190,-0.066,0.014,0.006,1814,0,0

2032440,5.262,3.776,7.175,-0.062,0.013,0.004,1811,0,0

2032448,5.279,3.797,7.190,-0.054,0.013,0.000,1811,0,0

2032456,5.270,3.812,7.151,-0.049,0.013,-0.003,1812,0,0

2032464,5.262,3.821,7.147,-0.055,0.014,-0.004,1811,0,0

2032473,5.241,3.845,7.135,-0.061,0.014,-0.006,1810,0,0

2032481,5.270,3.852,7.144,-0.060,0.014,-0.008,1811,0,0

2032489,5.277,3.859,7.149,-0.055,0.015,-0.009,1812,0,0

2032497,5.262,3.847,7.132,-0.054,0.014,-0.007,1811,0,0

2032505,5.272,3.915,7.077,-0.057,0.016,-0.003,1812,0,0

2032513,5.279,3.905,7.065,-0.065,0.019,0.001,1813,0,0

2032521,5.291,3.847,7.082,-0.070,0.024,0.003,1812,0,0

2032529,5.301,3.836,7.156,-0.068,0.027,0.002,1811,0,0

2032537,5.267,3.840,7.197,-0.061,0.025,0.001,1812,0,0

2032545,5.229,3.859,7.254,-0.061,0.019,0.003,1812,0,0

2032554,5.250,3.836,7.242,-0.064,0.014,0.005,1811,0,0

2032562,5.241,3.795,7.233,-0.064,0.009,0.003,1813,0,0

2032570,5.270,3.759,7.185,-0.062,0.005,0.001,1811,0,0

2032578,5.277,3.768,7.132,-0.057,0.009,-0.005,1814,0,0

2032586,5.282,3.819,7.125,-0.055,0.017,-0.010,1812,0,0

2032595,5.250,3.843,7.104,-0.060,0.023,-0.015,1813,0,0

2032603,5.219,3.881,7.101,-0.067,0.025,-0.014,1812,0,0

2032611,5.234,3.891,7.147,-0.073,0.023,-0.010,1815,0,0

2032619,5.289,3.891,7.161,-0.067,0.021,-0.004,1813,0,0

2032627,5.303,3.910,7.166,-0.058,0.020,-0.001,1811,0,0

2032635,5.310,3.881,7.151,-0.057,0.020,0.004,1812,0,0

2032643,5.284,3.871,7.147,-0.066,0.020,0.005,1812,0,0

2032651,5.274,3.819,7.140,-0.073,0.017,0.002,1814,0,0

2032660,5.279,3.766,7.120,-0.075,0.015,-0.001,1813,0,0

2032668,5.274,3.749,7.096,-0.071,0.015,-0.005,1813,0,0

2032676,5.284,3.764,7.089,-0.064,0.016,-0.009,1813,0,0

2032684,5.303,3.809,7.080,-0.060,0.019,-0.009,1814,0,0

2032692,5.306,3.864,7.087,-0.057,0.025,-0.010,1813,0,0

2032700,5.303,3.891,7.101,-0.056,0.029,-0.009,1813,0,0

2032709,5.274,3.903,7.128,-0.058,0.029,-0.006,1813,0,0

2032717,5.272,3.910,7.147,-0.064,0.026,-0.002,1815,0,0

2032725,5.255,3.888,7.180,-0.069,0.024,0.001,1814,0,0

2032733,5.274,3.864,7.161,-0.072,0.025,0.003,1812,0,0

2032741,5.262,3.788,7.135,-0.068,0.026,0.002,1814,0,0

2032749,5.227,3.790,7.151,-0.058,0.026,0.001,1814,0,0

2032758,5.215,3.816,7.187,-0.056,0.026,0.001,1812,0,0

2032766,5.215,3.826,7.180,-0.057,0.024,0.002,1813,0,0

2032774,5.239,3.831,7.185,-0.056,0.023,0.002,1815,0,0

2032782,5.272,3.814,7.175,-0.057,0.021,0.001,1813,0,0

2032790,5.296,3.809,7.180,-0.056,0.019,-0.002,1813,0,0

2032798,5.298,3.797,7.147,-0.054,0.022,-0.002,1813,0,0

2032806,5.284,3.807,7.159,-0.054,0.022,-0.004,1815,0,0

2032815,5.258,3.838,7.125,-0.059,0.023,-0.005,1814,0,0

2032823,5.231,3.831,7.159,-0.058,0.021,-0.004,1813,0,0

2032831,5.217,3.859,7.195,-0.048,0.017,-0.004,1812,0,0

2032839,5.217,3.847,7.216,-0.041,0.012,-0.003,1813,0,0

2032847,5.217,3.850,7.187,-0.045,0.003,-0.003,1812,0,0

2032855,5.219,3.816,7.219,-0.049,-0.002,-0.005,1813,0,0

2032864,5.258,3.800,7.147,-0.045,-0.004,-0.005,1813,0,0

2032872,5.286,3.812,7.089,-0.045,-0.001,-0.006,1815,0,0

2032880,5.301,3.814,7.053,-0.049,0.002,-0.007,1815,0,0

2032888,5.294,3.826,7.039,-0.055,0.009,-0.007,1815,0,0

2032896,5.332,3.864,7.070,-0.059,0.016,-0.008,1813,0,0

2032904,5.349,3.859,7.116,-0.059,0.019,-0.008,1816,0,0

2032912,5.339,3.859,7.147,-0.056,0.021,-0.007,1813,0,0

2032920,5.313,3.876,7.151,-0.055,0.023,-0.004,1814,0,0

2032928,5.262,3.895,7.161,-0.053,0.025,-0.003,1813,0,0

2032937,5.234,3.862,7.151,-0.055,0.023,-0.002,1814,0,0

2032945,5.243,3.857,7.166,-0.056,0.019,0.000,1812,0,0

2032953,5.258,3.836,7.173,-0.058,0.018,-0.001,1813,0,0

2032961,5.224,3.816,7.159,-0.058,0.017,-0.002,1813,0,0

2032969,5.227,3.788,7.130,-0.055,0.014,-0.002,1814,0,0

2032977,5.229,3.821,7.108,-0.053,0.015,-0.007,1815,0,0

2032985,5.234,3.828,7.125,-0.054,0.016,-0.010,1814,0,0

2032993,5.227,3.812,7.128,-0.059,0.015,-0.011,1813,0,0

2033001,5.274,3.828,7.137,-0.061,0.012,-0.010,1814,0,0

2033009,5.313,3.852,7.144,-0.057,0.014,-0.009,1812,0,0

2033017,5.284,3.857,7.163,-0.054,0.015,-0.011,1812,0,0

2033026,5.267,3.867,7.183,-0.051,0.014,-0.011,1814,0,0

2033034,5.258,3.881,7.161,-0.052,0.010,-0.012,1814,0,0

2033042,5.265,3.869,7.166,-0.057,0.007,-0.013,1814,0,0

2033050,5.246,3.826,7.149,-0.061,0.006,-0.015,1812,0,0

2033058,5.234,3.816,7.156,-0.060,0.005,-0.016,1813,0,0

2033066,5.255,3.812,7.132,-0.055,0.005,-0.017,1815,0,0

2033074,5.258,3.840,7.108,-0.052,0.007,-0.018,1814,0,0

2033082,5.265,3.867,7.116,-0.054,0.011,-0.017,1816,0,0

2033091,5.272,3.876,7.106,-0.056,0.014,-0.017,1813,0,0

2033099,5.267,3.855,7.132,-0.057,0.015,-0.016,1816,0,0

2033107,5.272,3.845,7.140,-0.056,0.017,-0.013,1813,0,0

2033115,5.270,3.879,7.185,-0.048,0.017,-0.010,1814,0,0

2033123,5.246,3.883,7.163,-0.043,0.014,-0.008,1812,0,0

2033131,5.219,3.883,7.168,-0.045,0.008,-0.007,1817,0,0

2033140,5.239,3.867,7.180,-0.051,0.002,-0.006,1814,0,0

2033148,5.260,3.831,7.171,-0.051,-0.005,-0.006,1817,0,0

2033156,5.272,3.831,7.096,-0.048,-0.005,-0.004,1816,0,0

2033164,5.291,3.850,7.037,-0.046,0.000,-0.005,1815,0,0

2033172,5.315,3.886,7.037,-0.049,0.009,-0.007,1815,0,0

2033180,5.284,3.915,7.022,-0.054,0.016,-0.007,1813,0,0

2033188,5.267,3.926,7.053,-0.059,0.022,-0.007,1819,0,0

2033196,5.248,3.907,7.096,-0.064,0.021,-0.004,1813,0,0

2033205,5.265,3.917,7.106,-0.066,0.020,-0.001,1813,0,0

2033213,5.286,3.898,7.128,-0.062,0.018,0.001,1814,0,0

2033221,5.296,3.876,7.140,-0.062,0.019,0.001,1813,0,0

2033229,5.255,3.852,7.159,-0.064,0.018,-0.002,1814,0,0

2033237,5.255,3.821,7.190,-0.066,0.014,-0.003,1815,0,0

2033245,5.248,3.824,7.187,-0.064,0.011,-0.006,1815,0,0

2033253,5.272,3.814,7.185,-0.059,0.010,-0.008,1813,0,0

2033262,5.246,3.826,7.163,-0.052,0.009,-0.010,1814,0,0

2033270,5.253,3.867,7.175,-0.051,0.010,-0.011,1816,0,0

2033278,5.274,3.876,7.118,-0.052,0.012,-0.010,1813,0,0

2033286,5.284,3.874,7.092,-0.052,0.017,-0.009,1814,0,0

2033294,5.284,3.903,7.082,-0.054,0.023,-0.009,1815,0,0

2033302,5.267,3.910,7.108,-0.059,0.027,-0.006,1815,0,0

2033310,5.246,3.915,7.108,-0.065,0.028,0.000,1813,0,0

2033318,5.246,3.912,7.125,-0.068,0.027,0.003,1814,0,0

2033326,5.250,3.857,7.166,-0.070,0.022,0.003,1814,0,0

2033334,5.248,3.831,7.214,-0.066,0.018,0.002,1816,0,0

2033343,5.253,3.826,7.226,-0.059,0.013,-0.002,1816,0,0

2033351,5.253,3.821,7.163,-0.060,0.010,-0.005,1814,0,0

2033359,5.248,3.814,7.156,-0.062,0.009,-0.007,1814,0,0

2033367,5.253,3.814,7.142,-0.057,0.006,-0.011,1815,0,0

2033375,5.255,3.821,7.135,-0.047,0.004,-0.013,1815,0,0

2033383,5.250,3.845,7.130,-0.042,0.003,-0.012,1815,0,0

2033392,5.282,3.900,7.094,-0.045,0.001,-0.012,1817,0,0

2033400,5.313,3.922,7.058,-0.053,0.004,-0.012,1815,0,0

2033408,5.318,3.912,7.051,-0.064,0.009,-0.012,1817,0,0

2033416,5.329,3.895,7.039,-0.068,0.013,-0.012,1814,0,0

2033424,5.318,3.924,7.061,-0.070,0.019,-0.009,1815,0,0

2033432,5.282,3.924,7.092,-0.075,0.025,-0.007,1815,0,0

2033441,5.250,3.874,7.123,-0.078,0.024,-0.005,1815,0,0

2033449,5.241,3.852,7.142,-0.072,0.022,-0.002,1813,0,0

2033457,5.243,3.859,7.185,-0.061,0.020,-0.001,1815,0,0

2033465,5.234,3.845,7.219,-0.057,0.016,-0.003,1815,0,0

2033473,5.246,3.845,7.204,-0.056,0.009,-0.005,1817,0,0

2033481,5.248,3.821,7.195,-0.057,0.004,-0.007,1814,0,0

2033489,5.241,3.831,7.149,-0.057,0.001,-0.008,1816,0,0

2033497,5.243,3.840,7.092,-0.056,0.005,-0.011,1816,0,0

2033505,5.241,3.855,7.082,-0.056,0.010,-0.012,1815,0,0

2033513,5.234,3.881,7.101,-0.055,0.014,-0.012,1817,0,0

2033522,5.224,3.903,7.120,-0.053,0.016,-0.008,1814,0,0

2033530,5.227,3.915,7.156,-0.053,0.014,-0.004,1817,0,0

2033538,5.270,3.910,7.175,-0.053,0.010,-0.001,1814,0,0

2033546,5.301,3.886,7.149,-0.055,0.011,0.002,1814,0,0

2033554,5.260,3.836,7.118,-0.060,0.010,0.002,1818,0,0

2033562,5.279,3.807,7.099,-0.064,0.007,0.002,1815,0,0

2033571,5.294,3.797,7.046,-0.067,0.007,-0.002,1815,0,0

2033579,5.313,3.826,7.061,-0.062,0.013,-0.009,1814,0,0

2033587,5.315,3.855,7.084,-0.052,0.017,-0.014,1814,0,0

2033595,5.289,3.912,7.161,-0.048,0.020,-0.015,1816,0,0

2033604,5.265,3.926,7.195,-0.055,0.018,-0.013,1815,0,0

2033612,5.246,3.941,7.171,-0.064,0.012,-0.010,1818,0,0

2033620,5.267,3.919,7.123,-0.062,0.011,-0.006,1817,0,0

2033628,5.250,3.881,7.116,-0.060,0.011,-0.004,1815,0,0

2033636,5.277,3.891,7.075,-0.063,0.014,-0.003,1817,0,0

2033644,5.303,3.876,7.094,-0.064,0.020,-0.000,1814,0,0

2033653,5.267,3.895,7.113,-0.066,0.022,0.000,1816,0,0

2033661,5.224,3.867,7.144,-0.070,0.021,0.003,1815,0,0

2033669,5.246,3.857,7.149,-0.072,0.018,0.005,1815,0,0

