458387,4.348,6.033,6.050,-0.065,0.014,-0.006,1821,0,0

458407,4.341,6.036,6.038,-0.064,0.012,-0.010,1821,0,0

458427,4.341,6.069,6.002,-0.060,0.009,-0.008,1821,0,0

458447,4.367,6.038,6.019,-0.068,0.012,-0.007,1821,0,0

458467,4.345,6.026,6.069,-0.066,0.013,-0.007,1822,0,0

458487,4.350,6.005,6.060,-0.068,0.010,-0.010,1821,0,0

458507,4.362,6.045,6.050,-0.060,0.008,-0.012,1821,0,0

458527,4.341,6.062,6.041,-0.061,0.010,-0.010,1822,0,0

458547,4.336,6.014,6.050,-0.060,0.011,-0.010,1822,0,0

458567,4.326,6.060,6.045,-0.052,0.009,-0.008,1822,0,0

458587,4.362,6.045,6.033,-0.052,0.006,-0.007,1822,0,0

458607,4.350,6.029,6.012,-0.050,0.006,-0.009,1820,0,0

458627,4.369,6.038,6.021,-0.046,0.008,-0.010,1821,0,0

458647,4.374,6.084,6.005,-0.047,0.011,-0.007,1821,0,0

458667,4.372,6.065,6.012,-0.053,0.011,-0.005,1821,0,0

458687,4.353,6.053,6.017,-0.054,0.013,-0.007,1821,0,0

458707,4.348,6.055,6.050,-0.056,0.013,-0.008,1821,0,0

458727,4.353,6.057,6.062,-0.052,0.010,-0.007,1821,0,0

458747,4.357,6.053,6.014,-0.053,0.011,-0.005,1820,0,0

458767,4.374,6.065,6.038,-0.055,0.013,-0.005,1821,0,0

458787,4.348,6.067,6.038,-0.056,0.013,-0.005,1820,0,0

458807,4.350,6.067,6.012,-0.059,0.013,-0.007,1821,0,0

458827,4.360,6.069,6.017,-0.056,0.010,-0.005,1822,0,0

458847,4.353,6.074,6.005,-0.061,0.014,-0.004,1821,0,0

458867,4.350,6.074,6.005,-0.062,0.014,-0.006,1821,0,0

458887,4.353,6.086,6.000,-0.066,0.016,-0.006,1821,0,0

458907,4.367,6.086,6.062,-0.064,0.012,-0.002,1821,0,0

458927,4.360,6.041,6.043,-0.065,0.011,-0.004,1820,0,0

458947,4.348,6.026,6.005,-0.065,0.014,-0.007,1822,0,0

458967,4.326,6.079,6.026,-0.067,0.014,-0.005,1820,0,0

458987,4.348,6.086,6.021,-0.070,0.010,-0.002,1821,0,0

459007,4.386,6.036,5.969,-0.076,0.014,-0.002,1821,0,0

459027,4.355,6.036,6.009,-0.076,0.017,-0.004,1821,0,0

459047,4.362,6.021,6.072,-0.072,0.014,-0.006,1821,0,0

459067,4.341,6.041,6.050,-0.073,0.014,-0.007,1821,0,0

459087,4.360,6.086,6.007,-0.074,0.013,-0.006,1821,0,0

459107,4.369,6.076,6.002,-0.076,0.013,-0.003,1821,0,0

459127,4.372,6.038,6.009,-0.076,0.016,-0.003,1821,0,0

459147,4.374,6.021,6.017,-0.081,0.021,-0.009,1822,0,0

459167,4.336,6.069,6.055,-0.077,0.017,-0.010,1821,0,0

459187,4.365,6.043,6.033,-0.082,0.011,-0.008,1821,0,0

459207,4.348,6.038,6.062,-0.075,0.012,-0.008,1820,0,0

459227,4.345,6.033,6.081,-0.070,0.011,-0.007,1820,0,0

459247,4.357,6.053,6.074,-0.070,0.012,-0.007,1821,0,0

459267,4.348,6.019,6.036,-0.064,0.010,-0.006,1822,0,0

459287,4.353,6.033,6.036,-0.060,0.009,-0.004,1821,0,0

459307,4.379,6.050,6.050,-0.057,0.012,-0.003,1822,0,0

459327,4.372,6.031,6.043,-0.062,0.014,-0.005,1821,0,0

459347,4.365,6.041,6.076,-0.061,0.015,-0.006,1821,0,0

459367,4.348,6.017,6.065,-0.061,0.011,-0.007,1822,0,0

459387,4.372,6.024,6.074,-0.058,0.009,-0.010,1821,0,0

459407,4.353,6.060,6.091,-0.059,0.009,-0.011,1822,0,0

459427,4.334,6.057,6.062,-0.056,0.011,-0.008,1822,0,0

459447,4.360,6.038,6.029,-0.059,0.010,-0.006,1823,0,0

459467,4.360,6.026,6.045,-0.057,0.013,-0.008,1822,0,0

459487,4.345,6.041,6.045,-0.057,0.011,-0.009,1822,0,0

459507,4.384,6.038,6.029,-0.055,0.009,-0.009,1821,0,0

459527,4.345,6.038,6.000,-0.059,0.012,-0.009,1821,0,0

459547,4.348,6.057,6.048,-0.059,0.012,-0.008,1821,0,0

459567,4.348,6.053,6.084,-0.059,0.013,-0.006,1821,0,0

459587,4.345,6.033,6.081,-0.055,0.010,-0.006,1822,0,0

459607,4.367,6.029,6.048,-0.055,0.007,-0.009,1821,0,0

459627,4.374,6.038,6.017,-0.052,0.010,-0.011,1822,0,0

459647,4.350,6.060,6.019,-0.056,0.010,-0.008,1822,0,0

459667,4.343,6.041,6.026,-0.060,0.011,-0.007,1821,0,0

459687,4.367,6.048,6.029,-0.059,0.013,-0.006,1821,0,0

459707,4.357,6.033,6.045,-0.062,0.011,-0.006,1821,0,0

459727,4.357,6.043,6.024,-0.061,0.011,-0.007,1822,0,0

459747,4.362,6.076,6.050,-0.066,0.008,-0.007,1822,0,0

459767,4.391,6.043,5.993,-0.075,0.011,-0.010,1822,0,0

459787,4.338,6.062,6.045,-0.074,0.013,-0.013,1821,0,0

459807,4.336,6.019,6.065,-0.076,0.007,-0.014,1822,0,0

459827,4.345,6.021,6.031,-0.068,0.005,-0.016,1822,0,0

459847,4.350,6.031,6.043,-0.065,0.005,-0.016,1821,0,0

459867,4.343,6.019,6.007,-0.067,0.006,-0.013,1821,0,0

459887,4.338,6.048,5.997,-0.062,0.010,-0.009,1820,0,0

459907,4.357,6.067,6.019,-0.069,0.012,-0.002,1821,0,0

459927,4.379,6.055,6.043,-0.074,0.015,-0.003,1821,0,0

459947,4.343,6.072,6.041,-0.074,0.016,-0.003,1821,0,0

459967,4.341,6.045,6.081,-0.075,0.015,-0.003,1821,0,0

459987,4.348,6.002,6.076,-0.074,0.013,-0.005,1822,0,0

460007,4.367,6.045,6.043,-0.076,0.013,-0.007,1821,0,0

460027,4.360,6.041,6.048,-0.072,0.014,-0.008,1821,0,0

460047,4.343,6.045,6.026,-0.078,0.013,-0.008,1821,0,0

460067,4.353,6.021,6.050,-0.076,0.014,-0.006,1822,0,0

460087,4.377,6.012,6.067,-0.076,0.017,-0.006,1821,0,0

460107,4.374,6.031,6.019,-0.079,0.020,-0.005,1822,0,0

460127,4.353,6.038,6.062,-0.079,0.019,-0.005,1821,0,0

460147,4.343,6.002,6.098,-0.078,0.015,-0.005,1821,0,0

460167,4.369,5.978,6.069,-0.077,0.012,-0.008,1821,0,0

460187,4.365,6.024,6.067,-0.071,0.010,-0.010,1822,0,0

460207,4.372,5.993,6.029,-0.071,0.010,-0.011,1821,0,0

460227,4.360,6.026,6.057,-0.074,0.012,-0.008,1822,0,0

460247,4.357,6.033,6.067,-0.078,0.015,-0.007,1822,0,0

460267,4.360,6.033,6.103,-0.078,0.015,-0.005,1822,0,0

460287,4.343,6.012,6.060,-0.074,0.015,-0.006,1822,0,0

460307,4.353,5.990,6.108,-0.072,0.014,-0.008,1821,0,0

460327,4.348,5.997,6.081,-0.071,0.012,-0.008,1822,0,0

460347,4.350,5.983,6.079,-0.068,0.011,-0.007,1822,0,0

460367,4.365,6.012,6.036,-0.068,0.015,-0.005,1821,0,0

460387,4.369,6.000,6.053,-0.064,0.015,-0.005,1821,0,0

460407,4.348,5.993,6.069,-0.069,0.015,-0.004,1820,0,0

460427,4.362,5.983,6.067,-0.066,0.015,-0.007,1821,0,0

460447,4.338,6.005,6.065,-0.067,0.018,-0.008,1821,0,0

460467,4.357,6.019,6.072,-0.068,0.015,-0.005,1821,0,0

460487,4.353,5.990,6.057,-0.071,0.019,-0.004,1821,0,0

460507,4.369,6.009,6.081,-0.070,0.020,-0.005,1820,0,0

460527,4.341,5.986,6.103,-0.071,0.016,-0.006,1821,0,0

460547,4.348,5.974,6.088,-0.068,0.014,-0.008,1821,0,0

460567,4.353,5.997,6.096,-0.066,0.013,-0.010,1821,0,0

460587,4.345,6.021,6.065,-0.069,0.015,-0.008,1821,0,0

460607,4.345,6.007,6.081,-0.069,0.019,-0.005,1821,0,0

460627,4.341,5.986,6.108,-0.073,0.017,-0.003,1822,0,0

460647,4.341,5.988,6.122,-0.068,0.013,-0.001,1821,0,0

460667,4.343,5.964,6.105,-0.067,0.013,-0.005,1822,0,0

460687,4.341,6.007,6.074,-0.068,0.014,-0.006,1822,0,0

460707,4.357,6.005,6.060,-0.069,0.014,-0.004,1822,0,0

460727,4.362,6.002,6.065,-0.075,0.015,-0.005,1822,0,0

460747,4.331,5.990,6.110,-0.076,0.016,-0.007,1821,0,0

460767,4.362,5.981,6.105,-0.082,0.013,-0.009,1821,0,0

460787,4.365,6.002,6.088,-0.074,0.011,-0.011,1819,0,0

460807,4.353,5.962,6.103,-0.076,0.012,-0.014,1821,0,0

460827,4.343,5.997,6.108,-0.072,0.011,-0.014,1820,0,0

460847,4.314,5.976,6.100,-0.075,0.006,-0.013,1820,0,0

460867,4.365,5.969,6.117,-0.072,0.004,-0.013,1820,0,0

460887,4.341,5.981,6.079,-0.069,0.010,-0.017,1820,0,0

460907,4.350,5.988,6.110,-0.072,0.011,-0.014,1820,0,0

460927,4.353,5.983,6.096,-0.073,0.013,-0.010,1820,0,0

460947,4.345,5.995,6.100,-0.072,0.015,-0.007,1820,0,0

460967,4.338,5.950,6.129,-0.074,0.015,-0.007,1821,0,0

460987,4.343,5.945,6.103,-0.072,0.013,-0.009,1820,0,0

461007,4.338,5.957,6.129,-0.065,0.014,-0.009,1821,0,0

461027,4.329,5.971,6.132,-0.060,0.010,-0.007,1821,0,0

461047,4.341,5.957,6.105,-0.057,0.010,-0.008,1820,0,0

461067,4.365,5.974,6.091,-0.058,0.015,-0.008,1820,0,0

461087,4.355,6.007,6.136,-0.054,0.017,-0.003,1821,0,0

461107,4.353,5.954,6.158,-0.055,0.012,-0.003,1821,0,0

461127,4.348,5.945,6.136,-0.050,0.010,-0.008,1821,0,0

461147,4.331,5.986,6.122,-0.046,0.010,-0.010,1821,0,0

461167,4.348,6.012,6.093,-0.052,0.015,-0.009,1821,0,0

461187,4.341,5.969,6.098,-0.055,0.017,-0.006,1821,0,0

461207,4.326,5.969,6.124,-0.048,0.014,-0.003,1821,0,0

461227,4.350,5.976,6.115,-0.053,0.010,-0.006,1820,0,0

461247,4.350,5.990,6.100,-0.047,0.011,-0.005,1822,0,0

461267,4.312,5.952,6.091,-0.051,0.011,-0.004,1821,0,0

461287,4.319,6.000,6.091,-0.043,0.011,-0.006,1822,0,0

461307,4.348,5.993,6.108,-0.045,0.011,-0.004,1822,0,0

461327,4.336,5.990,6.110,-0.045,0.011,-0.003,1821,0,0

461347,4.341,5.995,6.084,-0.045,0.014,-0.005,1821,0,0

461367,4.348,6.024,6.088,-0.046,0.012,-0.005,1820,0,0

461387,4.343,5.990,6.081,-0.052,0.011,-0.006,1821,0,0

461407,4.355,5.988,6.096,-0.048,0.012,-0.006,1821,0,0

461427,4.348,6.000,6.108,-0.047,0.010,-0.009,1820,0,0

461447,4.360,6.029,6.060,-0.048,0.010,-0.010,1820,0,0

461467,4.362,6.009,6.072,-0.057,0.008,-0.009,1821,0,0

461487,4.350,5.993,6.086,-0.059,0.010,-0.009,1820,0,0

461507,4.331,6.012,6.122,-0.063,0.010,-0.011,1821,0,0

461527,4.343,6.014,6.100,-0.057,0.008,-0.012,1821,0,0

461547,4.341,5.986,6.086,-0.056,0.004,-0.013,1820,0,0

461567,4.345,6.002,6.091,-0.050,0.005,-0.013,1821,0,0

461587,4.338,6.041,6.067,-0.055,0.009,-0.009,1820,0,0

461607,4.348,6.045,6.079,-0.057,0.010,-0.004,1821,0,0

461627,4.357,6.005,6.050,-0.059,0.013,-0.002,1820,0,0

461647,4.365,6.000,6.048,-0.061,0.014,-0.004,1821,0,0

461667,4.355,6.002,6.110,-0.060,0.013,-0.006,1821,0,0

461687,4.334,6.021,6.062,-0.064,0.011,-0.005,1820,461887,4.334,5.986,6.096,-0.065,0.010,-0.010,1820,0,0

461907,4.338,6.009,6.060,-0.063,0.011,-0.011,1821,0,0

462601,4.357,6.048,6.069,-0.058,0.019,-0.009,1821,0,0

462609,4.353,6.065,6.076,-0.056,0.016,-0.008,1821,0,0

462617,4.357,6.053,6.069,-0.059,0.014,-0.008,1820,0,0

462625,4.365,6.033,6.086,-0.064,0.012,-0.008,1821,0,0

462633,4.367,6.009,6.033,-0.066,0.011,-0.010,1820,0,0

463608,4.360,6.014,6.076,-0.066,0.010,-0.009,1820,0,0
465628,4.350,6.105,5.971,-0.084,0.015,-0.004,1821,0,0

466635,4.338,6.043,6.012,-0.070,0.017,-0.006,1820,0,0
468655,4.341,6.033,6.009,-0.001,0.003,-0.009,1815,0,0

469662,4.317,5.787,6.306,-0.065,-0.004,-0.003,1818,0,0
471683,4.357,5.942,6.108,-0.049,0.005,-0.010,1817,0,0

472690,4.336,5.892,6.153,-0.062,0.027,-0.005,1815,0,0
474711,4.384,6.091,5.923,-0.035,0.010,-0.010,1813,0,0

475718,4.377,6.124,5.983,-0.030,0.003,-0.018,1814,0,0
477739,4.288,5.772,6.314,-0.047,-0.005,-0.012,1813,0,0

478746,4.326,5.966,6.098,-0.081,0.004,-0.013,1813,0,0
480767,4.281,6.067,6.081,-0.082,0.006,0.027,1814,0,0

481774,4.365,5.923,6.151,-0.039,0.019,0.000,1820,0,0

482987,4.377,5.969,6.110,-0.067,0.012,-0.004,1815,0,0

482995,4.372,5.976,6.105,-0.068,0.011,-0.003,1815,0,0

483003,4.372,5.964,6.127,-0.068,0.011,-0.004,1815,0,0

483011,4.391,5.959,6.115,-0.069,0.011,-0.005,1815,0,0

483019,4.372,5.942,6.122,-0.070,0.012,-0.005,1815,0,0

483027,4.398,5.928,6.117,-0.069,0.013,-0.005,1814,0,0

483036,4.372,5.926,6.074,-0.067,0.015,-0.005,1814,0,0

483044,4.367,5.947,6.084,-0.066,0.017,-0.005,1817,0,0

483052,4.360,5.974,6.096,-0.066,0.017,-0.005,1817,0,0

483060,4.353,5.969,6.122,-0.063,0.016,-0.003,1814,0,0

483068,4.357,5.978,6.132,-0.062,0.016,-0.003,1816,0,0

483076,4.357,5.957,6.132,-0.064,0.015,-0.003,1815,0,0

483084,4.348,5.962,6.136,-0.066,0.013,-0.004,1816,0,0

483092,4.357,5.971,6.127,-0.066,0.010,-0.005,1815,0,0

483100,4.369,5.969,6.120,-0.065,0.011,-0.006,1815,0,0

483108,4.362,5.966,6.120,-0.065,0.011,-0.006,1817,0,0

483117,4.379,5.957,6.108,-0.064,0.013,-0.006,1817,0,0

483125,4.384,5.957,6.110,-0.064,0.014,-0.006,1816,0,0

483133,4.391,5.971,6.076,-0.064,0.015,-0.006,1816,0,0

483142,4.379,5.974,6.069,-0.065,0.015,-0.004,1815,0,0

483150,4.374,5.964,6.110,-0.067,0.016,-0.004,1812,0,0

483158,4.381,5.962,6.134,-0.070,0.017,-0.003,1817,0,0

483166,4.393,5.940,6.122,-0.074,0.017,-0.006,1818,0,0

483174,4.398,5.933,6.108,-0.072,0.016,-0.010,1813,0,0

483182,4.384,5.964,6.112,-0.071,0.016,-0.011,1814,0,0

483190,4.377,5.954,6.132,-0.072,0.015,-0.011,1815,0,0

483198,4.377,5.950,6.144,-0.072,0.013,-0.008,1812,0,0

483206,4.372,5.959,6.144,-0.069,0.014,-0.009,1814,0,0

483214,4.357,5.938,6.134,-0.065,0.014,-0.008,1814,0,0

483222,4.365,5.947,6.136,-0.063,0.014,-0.006,1814,0,0

483231,4.350,5.950,6.151,-0.066,0.013,-0.006,1814,0,0

483239,4.343,5.945,6.167,-0.066,0.013,-0.007,1813,0,0

483247,4.334,5.938,6.163,-0.063,0.013,-0.008,1814,0,0

483255,4.350,5.952,6.170,-0.060,0.011,-0.007,1816,0,0

483263,4.369,5.964,6.165,-0.058,0.009,-0.007,1815,0,0

483271,4.381,5.962,6.155,-0.055,0.009,-0.006,1813,0,0

483279,4.362,5.942,6.136,-0.053,0.009,-0.005,1813,0,0

483287,4.353,5.952,6.103,-0.052,0.008,-0.005,1814,0,0

483295,4.362,5.947,6.146,-0.052,0.007,-0.006,1815,0,0

483303,4.389,5.930,6.124,-0.054,0.008,-0.005,1811,0,0

483311,4.379,5.947,6.098,-0.055,0.009,-0.006,1816,0,0

483320,4.357,5.962,6.084,-0.054,0.012,-0.007,1814,0,0

483328,4.360,5.976,6.103,-0.055,0.012,-0.007,1813,0,0

483336,4.360,5.976,6.115,-0.055,0.011,-0.006,1816,0,0

483344,4.362,5.990,6.117,-0.055,0.010,-0.005,1815,0,0

483352,4.372,5.974,6.139,-0.056,0.010,-0.006,1814,0,0

483361,4.386,5.957,6.117,-0.056,0.009,-0.005,1814,0,0

483369,4.403,5.959,6.103,-0.056,0.010,-0.006,1812,0,0

483377,4.372,5.947,6.120,-0.055,0.011,-0.007,1815,0,0

483385,4.398,5.928,6.120,-0.055,0.012,-0.009,1813,0,0

483393,4.372,5.940,6.120,-0.055,0.011,-0.012,1815,0,0

483401,4.372,5.959,6.122,-0.052,0.011,-0.012,1812,0,0

483409,4.355,5.969,6.115,-0.054,0.010,-0.012,1816,0,0

483417,4.343,5.986,6.122,-0.055,0.009,-0.011,1816,0,0

483426,4.357,5.983,6.129,-0.055,0.009,-0.009,1814,0,0

483434,4.372,5.966,6.108,-0.053,0.009,-0.009,1813,0,0

483442,4.362,5.950,6.076,-0.054,0.010,-0.009,1814,0,0

483450,4.362,5.966,6.074,-0.056,0.010,-0.009,1814,0,0

483458,4.377,5.964,6.074,-0.054,0.011,-0.008,1814,0,0

483466,4.367,5.974,6.072,-0.055,0.012,-0.007,1816,0,0

483474,4.367,5.971,6.086,-0.056,0.014,-0.007,1818,0,0

483483,4.384,5.974,6.091,-0.058,0.015,-0.007,1814,0,0

483491,4.377,5.962,6.103,-0.058,0.014,-0.007,1815,0,0

483499,4.362,5.966,6.117,-0.059,0.012,-0.007,1815,0,0

483507,4.381,5.969,6.122,-0.058,0.010,-0.005,1815,0,0

483515,4.384,5.966,6.127,-0.057,0.010,-0.005,1814,0,0

483523,4.372,5.942,6.115,-0.057,0.010,-0.006,1813,0,0

483531,4.391,5.942,6.103,-0.054,0.010,-0.007,1814,0,0

483540,4.374,5.942,6.105,-0.052,0.010,-0.010,1814,0,0

483548,4.350,5.945,6.088,-0.054,0.010,-0.011,1816,0,0

483556,4.360,5.966,6.081,-0.053,0.010,-0.011,1814,0,0

483564,4.372,5.997,6.105,-0.052,0.010,-0.010,1814,0,0

483572,4.377,6.000,6.096,-0.056,0.012,-0.009,1816,0,0

483580,4.372,6.007,6.072,-0.058,0.013,-0.007,1812,0,0

483589,4.381,5.995,6.096,-0.060,0.012,-0.007,1816,0,0

483597,4.377,5.986,6.110,-0.060,0.012,-0.005,1814,0,0

483605,4.381,5.983,6.122,-0.061,0.012,-0.003,1814,0,0

483613,4.372,5.981,6.115,-0.061,0.012,-0.002,1814,0,0

483621,4.365,5.974,6.117,-0.060,0.011,-0.003,1816,0,0

483629,4.372,5.942,6.110,-0.059,0.012,-0.004,1814,0,0

483637,4.391,5.938,6.110,-0.060,0.013,-0.005,1814,0,0

483645,4.398,5.959,6.084,-0.062,0.014,-0.007,1815,0,0

483653,4.365,5.974,6.120,-0.060,0.016,-0.008,1814,0,0

483662,4.369,5.990,6.148,-0.062,0.016,-0.008,1815,0,0

483670,4.353,5.990,6.136,-0.062,0.014,-0.007,1813,0,0

483678,4.357,5.990,6.115,-0.061,0.012,-0.005,1816,0,0

483686,4.345,5.964,6.124,-0.060,0.009,-0.003,1815,0,0

483694,4.374,5.959,6.127,-0.058,0.009,-0.002,1816,0,0

483702,4.369,5.947,6.110,-0.056,0.010,-0.004,1815,0,0

483710,4.396,5.950,6.091,-0.056,0.010,-0.005,1814,0,0

483719,4.389,5.974,6.098,-0.056,0.012,-0.005,1814,0,0

483727,4.377,5.978,6.081,-0.058,0.014,-0.006,1813,0,0

483735,4.379,5.990,6.088,-0.060,0.015,-0.005,1815,0,0

483743,4.367,5.993,6.084,-0.063,0.014,-0.003,1815,0,0

483751,4.389,6.002,6.065,-0.066,0.016,-0.002,1814,0,0

483759,4.389,6.005,6.098,-0.067,0.019,-0.001,1814,0,0

483768,4.369,6.021,6.084,-0.066,0.020,-0.000,1814,0,0

483776,4.360,6.029,6.105,-0.066,0.019,0.001,1813,0,0

483784,4.350,6.000,6.088,-0.070,0.017,0.002,1815,0,0

483792,4.377,5.969,6.076,-0.074,0.015,0.001,1812,0,0

483800,4.384,5.945,6.086,-0.077,0.014,-0.002,1817,0,0

483808,4.369,5.940,6.079,-0.076,0.017,-0.005,1814,0,0

483816,4.365,5.959,6.105,-0.075,0.019,-0.007,1814,0,0

483825,4.362,5.983,6.105,-0.074,0.019,-0.008,1814,0,0

483833,4.367,5.993,6.136,-0.075,0.018,-0.007,1813,0,0

483841,4.372,5.978,6.144,-0.075,0.015,-0.006,1814,0,0

483849,4.355,5.962,6.153,-0.072,0.013,-0.005,1813,0,0

483857,4.386,5.945,6.120,-0.070,0.013,-0.006,1814,0,0

483865,4.374,5.935,6.091,-0.071,0.012,-0.009,1816,0,0

483873,4.362,5.950,6.076,-0.072,0.013,-0.010,1814,0,0

483881,4.362,5.945,6.098,-0.070,0.013,-0.011,1816,0,0

483889,4.357,5.966,6.110,-0.070,0.014,-0.012,1818,0,0

483898,4.348,5.964,6.098,-0.071,0.014,-0.011,1817,0,0

483906,4.377,5.990,6.100,-0.072,0.016,-0.010,1815,0,0

483914,4.362,5.978,6.122,-0.074,0.016,-0.009,1817,0,0

483922,4.350,5.966,6.117,-0.076,0.017,-0.006,1814,0,0

483930,4.360,5.983,6.127,-0.077,0.018,-0.004,1815,0,0

483938,4.374,5.974,6.110,-0.078,0.018,-0.003,1816,0,0

483947,4.374,5.952,6.100,-0.076,0.021,-0.003,1815,0,0

483955,4.365,5.971,6.134,-0.072,0.020,-0.003,1816,0,0

483963,4.369,5.966,6.158,-0.072,0.020,-0.004,1815,0,0

483971,4.357,5.966,6.139,-0.073,0.018,-0.005,1815,0,0

483979,4.367,5.942,6.139,-0.072,0.015,-0.006,1816,0,0

483987,4.367,5.918,6.148,-0.072,0.013,-0.006,1817,0,0

483995,4.374,5.923,6.129,-0.071,0.013,-0.007,1815,0,0

484003,4.381,5.935,6.136,-0.068,0.013,-0.008,1814,0,0

484012,4.362,5.957,6.124,-0.066,0.015,-0.007,1815,0,0

484020,4.353,5.964,6.115,-0.066,0.015,-0.006,1817,0,0

484028,4.365,5.962,6.084,-0.067,0.014,-0.007,1817,0,0

484036,4.369,5.974,6.065,-0.068,0.014,-0.006,1816,0,0

484044,4.379,5.959,6.088,-0.070,0.015,-0.003,1814,0,0

484052,4.379,5.950,6.093,-0.072,0.015,-0.005,1816,0,0

484060,4.374,5.914,6.081,-0.074,0.016,-0.005,1815,0,0

484068,4.386,5.933,6.081,-0.072,0.017,-0.006,1815,0,0

484076,4.379,5.947,6.124,-0.070,0.015,-0.007,1816,0,0

484085,4.393,5.940,6.155,-0.069,0.015,-0.009,1816,0,0

484093,4.372,5.966,6.158,-0.070,0.015,-0.010,1817,0,0

484101,4.350,5.954,6.167,-0.070,0.012,-0.009,1815,0,0

484109,4.379,5.954,6.155,-0.070,0.011,-0.007,1817,0,0

484117,4.391,5.947,6.124,-0.068,0.012,-0.007,1815,0,0

484125,4.374,5.942,6.124,-0.068,0.014,-0.008,1813,0,0

484133,4.357,5.923,6.129,-0.070,0.015,-0.009,1815,0,0

484141,4.348,5.942,6.115,-0.068,0.015,-0.009,1817,0,0

484149,4.350,5.971,6.139,-0.066,0.015,-0.008,1816,0,0

484157,4.365,5.986,6.134,-0.068,0.014,-0.006,1815,0,0

484166,4.355,5.950,6.144,-0.069,0.011,-0.005,1815,0,0

484174,4.367,5.942,6.144,-0.067,0.010,-0.005,1815,0,0

484182,4.367,5.942,6.112,-0.064,0.009,-0.005,1816,0,0

484190,4.379,5.952,6.103,-0.064,0.010,-0.007,1818,0,0

484198,4.374,5.952,6.096,-0.070,0.010,-0.009,1812,0,0

484207,4.393,5.940,6.120,-0.067,0.011,-0.009,1814,0,0

484215,4.384,5.947,6.108,-0.062,0.013,-0.009,1814,0,0

484223,4.372,5.969,6.139,-0.061,0.014,-0.008,1816,0,0

484231,4.367,5.964,6.110,-0.064,0.014,-0.007,1817,0,0

484239,4.353,5.959,6.112,-0.067,0.015,-0.007,1817,0,0

484247,4.350,5.950,6.105,-0.066,0.014,-0.008,1815,0,0

484255,4.374,5.928,6.120,-0.068,0.015,-0.008,1815,0,0

484263,4.372,5.938,6.117,-0.071,0.014,-0.007,1814,0,0

484271,4.353,5.933,6.129,-0.071,0.017,-0.008,1816,0,0

484279,4.348,5.935,6.103,-0.068,0.017,-0.008,1817,0,0

484288,4.345,5.938,6.096,-0.066,0.017,-0.008,1816,0,0

484296,4.336,5.926,6.139,-0.067,0.014,-0.006,1816,0,0

484304,4.374,5.938,6.146,-0.067,0.011,-0.004,1817,0,0

484312,4.389,5.947,6.151,-0.066,0.010,-0.004,1813,0,0

484320,4.391,5.921,6.117,-0.067,0.012,-0.005,1816,0,0

484328,4.381,5.921,6.134,-0.066,0.013,-0.006,1815,0,0

484336,4.365,5.935,6.120,-0.065,0.014,-0.008,1816,0,0

484344,4.386,5.938,6.120,-0.068,0.015,-0.009,1816,0,0

484352,4.379,5.966,6.112,-0.071,0.015,-0.009,1815,0,0

484361,4.372,5.974,6.120,-0.070,0.015,-0.009,1813,0,0

484369,4.350,5.969,6.134,-0.071,0.016,-0.008,1816,0,0

484377,4.345,5.923,6.110,-0.072,0.014,-0.006,1818,0,0

484385,4.355,5.926,6.120,-0.072,0.015,-0.004,1815,0,0
485564,4.362,6.009,6.088,-0.048,0.017,-0.008,1818,0,0

485572,4.381,6.002,6.057,-0.050,0.015,-0.007,1816,0,0

485580,4.396,5.995,6.069,-0.049,0.013,-0.006,1816,0,0

485588,4.389,5.971,6.036,-0.048,0.014,-0.006,1816,0,0

485596,4.374,5.966,6.072,-0.046,0.014,-0.006,1816,0,0

485604,4.379,5.974,6.084,-0.046,0.012,-0.006,1815,0,0

485612,4.369,5.971,6.081,-0.046,0.010,-0.008,1817,0,0

485621,4.377,5.981,6.079,-0.046,0.009,-0.009,1817,0,0

485629,4.379,5.981,6.067,-0.046,0.008,-0.010,1814,0,0

485637,4.367,5.986,6.084,-0.047,0.007,-0.010,1815,0,0

485645,4.374,5.993,6.076,-0.048,0.007,-0.011,1816,0,0

485653,4.374,5.988,6.079,-0.047,0.009,-0.012,1815,0,0

485661,4.369,6.005,6.041,-0.048,0.011,-0.013,1817,0,0

485669,4.341,6.014,6.069,-0.049,0.011,-0.013,1814,0,0

485677,4.345,6.014,6.091,-0.047,0.010,-0.012,1816,0,0

485685,4.336,6.009,6.110,-0.046,0.010,-0.009,1815,0,0

485693,4.362,6.014,6.108,-0.044,0.008,-0.006,1817,0,0

485701,4.372,6.021,6.076,-0.041,0.007,-0.005,1816,0,0

485709,4.384,6.002,6.060,-0.042,0.007,-0.006,1816,0,0

485717,4.384,5.993,6.048,-0.046,0.006,-0.006,1816,0,0

485725,4.374,5.983,6.048,-0.049,0.008,-0.008,1816,0,0

485733,4.379,5.995,6.043,-0.049,0.011,-0.010,1817,0,0

485740,4.384,6.002,6.062,-0.048,0.012,-0.010,181
485788,4.353,6.014,6.038,-0.053,0.010,-0.006,1815,0,0

485795,4.369,5.990,6.026,-0.053,0.009,-0.006,1816,0,0

485803,4.384,5.995,6.065,-0.052,0.011,-0.007,1817,0,0

485811,4.398,5.997,6.057,-0.053,0.011,-0.008,1816,0,0

485819,4.386,5.983,6.057,-0.054,0.012,-0.010,1816,0,0

485827,4.367,6.002,6.057,-0.053,0.012,-0.009,1815,0,0

486710,4.398,6.019,6.060,-0.054,0.013,-0.008,1815,0,0

486718,4.398,6.014,6.060,-0.053,0.015,-0.007,1814,0,0

486726,4.381,6.026,6.033,-0.055,0.015,-0.007,1815,0,0

486734,4.386,6.026,6.017,-0.057,0.015,-0.007,1814,0,0

486742,4.396,6.002,6.043,-0.057,0.015,-0.007,1814,0,0

487717,4.367,5.976,6.091,-0.055,0.010,-0.008,1816,0,0
489736,4.372,5.978,6.117,-0.052,0.010,-0.012,1814,0,0

490743,4.381,5.974,6.098,-0.062,0.013,-0.005,1816,0,0
492762,4.384,5.997,6.074,-0.064,0.013,-0.005,1816,0,0

493769,4.367,5.997,6.088,-0.055,0.009,-0.006,1821,0,0
495790,4.396,6.009,6.007,-0.063,0.014,-0.005,1821,0,0

496797,4.365,6.014,6.084,-0.063,0.012,-0.011,1820,0,0

497955,4.384,6.031,6.055,-0.063,0.011,-0.009,1814,0,0

497964,4.389,6.014,6.062,-0.064,0.010,-0.010,1813,0,0

497972,4.398,6.007,6.050,-0.061,0.010,-0.012,1814,0,0

497980,4.372,6.017,6.031,-0.059,0.010,-0.013,1813,0,0

497988,4.360,6.033,6.048,-0.060,0.009,-0.012,1815,0,0

497996,4.379,6.045,6.045,-0.061,0.011,-0.011,1813,0,0

498004,4.381,6.029,6.041,-0.061,0.013,-0.011,1813,0,0

498012,4.367,6.019,6.069,-0.062,0.013,-0.010,1815,0,0

498020,4.355,6.024,6.069,-0.063,0.013,-0.010,1814,0,0

498028,4.357,6.024,6.074,-0.063,0.011,-0.009,1816,0,0

498036,4.369,6.014,6.065,-0.061,0.010,-0.009,1815,0,0

498044,4.374,6.000,6.067,-0.058,0.010,-0.009,1815,0,0

498053,4.379,6.019,6.041,-0.058,0.010,-0.009,1814,0,0

498061,4.377,6.017,6.043,-0.057,0.009,-0.011,1815,0,0

498069,4.377,6.026,6.048,-0.057,0.008,-0.012,1816,0,0

498077,4.384,6.055,6.026,-0.056,0.009,-0.012,1816,0,0

498085,4.369,6.043,6.026,-0.058,0.008,-0.012,1812,0,0

498093,4.353,6.033,6.014,-0.060,0.009,-0.013,1816,0,0

498101,4.357,6.033,6.026,-0.061,0.011,-0.014,1815,0,0

498109,4.362,6.055,6.043,-0.062,0.013,-0.013,1815,0,0

498118,4.343,6.060,6.031,-0.066,0.013,-0.010,1812,0,0

498126,4.357,6.055,6.048,-0.068,0.013,-0.008,1815,0,0

498134,4.355,6.050,6.036,-0.066,0.012,-0.006,1816,0,0

498142,4.345,6.026,6.062,-0.066,0.012,-0.005,1813,0,0

498150,4.350,6.031,6.053,-0.066,0.010,-0.004,1816,0,0

498158,4.357,6.024,6.067,-0.064,0.011,-0.005,1813,0,0

498167,4.360,6.024,6.088,-0.065,0.011,-0.006,1815,0,0

498175,4.360,6.031,6.076,-0.068,0.008,-0.008,1817,0,0

498183,4.372,6.050,6.084,-0.070,0.007,-0.008,1813,0,0

498191,4.367,6.041,6.069,-0.071,0.005,-0.008,1815,0,0

498199,4.372,6.065,6.072,-0.074,0.002,-0.006,1817,0,0

498207,4.372,6.065,6.062,-0.078,-0.000,-0.005,1816,0,0

498215,4.381,6.053,6.048,-0.081,-0.003,-0.004,1814,0,0

498224,4.374,6.019,6.036,-0.081,-0.004,-0.005,1814,0,0

498232,4.381,6.024,6.038,-0.078,-0.004,-0.004,1817,0,0

498240,4.410,6.021,6.076,-0.075,-0.005,-0.002,1816,0,0

498248,4.408,6.043,6.033,-0.073,-0.006,0.001,1814,0,0

498256,4.379,6.045,5.971,-0.078,-0.001,0.002,1817,0,0

498264,4.398,6.024,5.990,-0.078,-0.003,0.001,1814,0,0

498273,4.398,6.029,6.007,-0.076,-0.001,0.001,1815,0,0

498281,4.401,5.974,6.038,-0.075,-0.000,-0.003,1815,0,0

498289,4.396,5.942,6.110,-0.068,-0.001,-0.007,1813,0,0

498297,4.424,6.076,6.055,-0.061,0.005,-0.004,1815,0,0

498306,4.436,5.957,6.129,-0.065,0.004,-0.001,1815,0,0

498314,4.422,6.005,6.124,-0.055,0.003,-0.005,1814,0,0

498322,4.369,6.021,5.986,-0.062,-0.001,-0.006,1815,0,0

498330,4.343,6.029,5.974,-0.064,0.002,-0.007,1817,0,0

498338,4.377,6.069,6.055,-0.063,-0.001,-0.006,1817,0,0

498346,4.389,6.076,6.069,-0.060,-0.002,-0.002,1816,0,0

498354,4.379,6.081,6.065,-0.061,-0.003,-0.004,1816,0,0

498362,4.379,6.062,6.060,-0.062,-0.006,-0.006,1814,0,0

498371,4.377,6.055,6.031,-0.066,-0.007,-0.005,1818,0,0

498379,4.372,5.978,6.009,-0.078,-0.009,-0.006,1818,0,0

498387,4.405,5.962,6.014,-0.083,-0.005,-0.008,1816,0,0

498395,4.401,5.988,6.012,-0.081,0.001,-0.008,1817,0,0

498403,4.403,5.995,6.053,-0.070,-0.001,-0.007,1819,0,0

498411,4.401,6.021,6.165,-0.053,-0.015,-0.008,1817,0,0

498419,4.417,6.050,6.057,-0.060,-0.015,-0.008,1818,0,0

498427,4.374,6.021,5.935,-0.078,-0.008,-0.005,1817,0,0

498435,4.369,5.966,6.141,-0.081,-0.019,-0.007,1815,0,0

498444,4.410,6.055,6.009,-0.070,-0.007,-0.005,1818,0,0

498452,4.417,6.029,6.060,-0.053,-0.021,-0.005,1818,0,0

498460,4.415,6.000,5.990,-0.063,-0.009,-0.002,1815,0,0

498468,4.408,6.021,6.033,-0.060,-0.018,-0.002,1814,0,0

498476,4.408,6.031,6.074,-0.065,-0.018,0.000,1816,0,0

498485,4.386,6.007,6.084,-0.069,-0.020,0.001,1817,0,0

498493,4.365,5.986,6.002,-0.071,-0.013,0.000,1813,0,0

498501,4.372,6.000,6.014,-0.064,-0.011,0.002,1816,0,0

498509,4.384,6.012,6.072,-0.058,-0.013,0.003,1819,0,0

498517,4.396,6.024,6.079,-0.054,-0.013,0.006,1819,0,0

498525,4.408,5.986,6.019,-0.060,-0.011,0.011,1818,0,0

498534,4.456,5.974,6.067,-0.059,-0.014,0.008,1815,0,0

498542,4.460,5.966,6.072,-0.051,-0.015,0.005,1818,0,0

498550,4.408,5.983,5.978,-0.064,-0.002,0.005,1817,0,0

498558,4.408,6.005,5.974,-0.074,0.001,0.003,1818,0,0

498566,4.439,6.041,6.026,-0.079,-0.001,0.002,1817,0,0

498574,4.446,6.029,5.993,-0.081,0.000,0.001,1817,0,0

498582,4.427,6.012,6.012,-0.081,0.004,0.001,1817,0,0

498591,4.448,6.009,6.019,-0.073,0.003,0.001,1817,0,0

498599,4.439,6.026,6.000,-0.071,-0.001,0.000,1817,0,0

498607,4.439,6.043,6.014,-0.081,0.001,0.003,1818,0,0

498615,4.439,5.981,5.976,-0.096,0.003,0.005,1818,0,0

498623,4.444,5.959,6.012,-0.095,0.003,0.002,1818,0,0

498631,4.429,5.959,6.019,-0.088,0.005,-0.001,1817,0,0

498639,4.413,5.981,6.033,-0.085,0.010,0.001,1820,0,0

498648,4.408,5.995,6.033,-0.087,0.011,0.002,1819,0,0

498656,4.439,5.997,6.038,-0.084,0.009,0.003,1816,0,0

498664,4.448,5.976,6.019,-0.084,0.010,0.002,1818,0,0

498672,4.424,5.933,6.019,-0.082,0.012,-0.001,1818,0,0

498680,4.453,5.954,6.045,-0.076,0.013,-0.003,1816,0,0

498688,4.453,5.974,6.050,-0.068,0.011,-0.004,1819,0,0

498696,4.453,5.976,6.062,-0.064,0.007,-0.003,1817,0,0

498704,4.441,5.988,6.038,-0.062,0.004,-0.003,1819,0,0

498712,4.415,6.012,6.050,-0.064,0.002,-0.004,1816,0,0

498720,4.398,6.038,6.029,-0.072,0.006,-0.002,1818,0,0

498728,4.413,6.031,6.043,-0.079,0.005,-0.001,1819,0,0

498737,4.408,6.017,6.057,-0.082,0.003,0.001,1820,0,0

498745,4.420,6.000,6.000,-0.085,0.005,0.002,1820,0,0

498753,4.448,5.969,6.012,-0.083,0.010,0.001,1818,0,0

498761,4.451,5.952,6.031,-0.078,0.013,-0.001,1818,0,0

498769,4.420,5.942,6.009,-0.077,0.016,-0.002,1819,0,0

498778,4.434,5.959,6.026,-0.078,0.017,-0.001,1818,0,0

498786,4.444,5.964,6.053,-0.079,0.017,-0.001,1819,0,0

498794,4.458,5.942,6.043,-0.080,0.022,-0.002,1818,0,0

498802,4.444,5.969,6.065,-0.074,0.017,-0.002,1820,0,0

498810,4.436,6.000,6.072,-0.072,0.015,-0.001,1819,0,0

498818,4.444,5.990,6.067,-0.071,0.010,-0.002,1819,0,0

498826,4.451,5.990,6.050,-0.074,0.005,-0.002,1819,0,0

498834,4.465,5.986,6.019,-0.076,0.003,-0.004,1821,0,0

498843,4.456,5.995,6.012,-0.085,0.005,-0.004,1819,0,0

498851,4.427,5.990,6.036,-0.091,0.005,-0.003,1819,0,0

498859,4.424,6.007,6.048,-0.095,0.004,0.001,1817,0,0

498867,4.468,6.021,6.076,-0.093,0.003,0.003,1817,0,0

498875,4.456,6.000,6.086,-0.092,0.003,0.004,1821,0,0

498883,4.472,5.959,6.074,-0.091,0.004,0.005,1819,0,0

498891,4.458,5.950,6.065,-0.087,0.005,0.003,1819,0,0

498899,4.475,5.945,6.072,-0.083,0.005,0.001,1821,0,0

498908,4.446,5.957,6.045,-0.080,0.003,0.002,1817,0,0

498916,4.417,5.947,6.005,-0.088,0.008,0.005,1820,0,0

498924,4.475,5.926,6.045,-0.084,0.007,0.002,1819,0,0

498932,4.472,5.945,6.093,-0.074,0.008,0.001,1819,0,0

498940,4.482,5.952,6.084,-0.065,0.007,0.001,1818,0,0

498949,4.484,5.976,6.076,-0.065,0.002,0.001,1820,0,0

498957,4.439,5.978,6.029,-0.077,0.001,0.001,1819,0,0

498965,4.453,5.952,6.026,-0.092,-0.005,0.002,1819,0,0

498973,4.463,5.957,6.041,-0.094,-0.007,0.001,1819,0,0

498981,4.456,5.938,6.029,-0.092,-0.005,0.004,1817,0,0

498989,4.468,5.950,6.021,-0.086,-0.001,0.007,1818,0,0

498998,4.489,5.974,6.019,-0.079,0.005,0.007,1818,0,0

499006,4.477,5.959,6.041,-0.076,0.011,0.007,1820,0,0

499014,4.475,5.918,6.072,-0.080,0.013,0.006,1822,0,0

499022,4.484,5.906,6.041,-0.084,0.016,0.005,1819,0,0

499031,4.482,5.897,6.081,-0.084,0.017,0.001,1819,0,0

499039,4.475,5.904,6.043,-0.089,0.022,0.000,1820,0,0

499047,4.465,5.923,6.074,-0.091,0.023,-0.001,1819,0,0

499055,4.451,5.940,6.108,-0.087,0.020,-0.002,1818,0,0

499063,4.451,5.942,6.081,-0.084,0.018,-0.002,1818,0,0

499071,4.448,5.950,6.098,-0.080,0.018,-0.002,1818,0,0

499079,4.446,5.945,6.132,-0.078,0.014,-0.001,1818,0,0

499088,4.463,5.942,6.117,-0.076,0.012,0.000,1819,0,0

499096,4.468,5.921,6.088,-0.077,0.010,-0.001,1819,0,0

499104,4.477,5.911,6.072,-0.079,0.009,-0.002,1820,0,0

499112,4.487,5.871,6.067,-0.078,0.011,-0.004,1819,0,0

499120,4.480,5.914,6.033,-0.077,0.017,-0.005,1820,0,0

499128,4.453,5.895,6.050,-0.080,0.019,-0.005,1819,0,0

499136,4.470,5.918,6.031,-0.081,0.021,-0.003,1818,0,0

499145,4.480,5.940,6.060,-0.079,0.023,-0.003,1820,0,0

499153,4.492,5.933,6.091,-0.077,0.025,-0.003,1819,0,0

499161,4.475,5.930,6.103,-0.073,0.024,-0.004,1821,0,0

499169,4.458,5.914,6.074,-0.074,0.020,-0.003,1820,0,0

499177,4.463,5.923,6.091,-0.078,0.018,-0.002,1820,0,0

499185,4.463,5.952,6.103,-0.080,0.013,-0.003,1821,0,0

499193,4.468,5.923,6.117,-0.079,0.012,-0.001,1820,0,0

499201,4.468,5.904,6.098,-0.074,0.011,0.002,1821,0,0

499210,4.458,5.911,6.074,-0.070,0.014,0.005,1820,0,0

499218,4.458,5.897,6.091,-0.069,0.017,0.005,1820,0,0

499226,4.453,5.873,6.088,-0.070,0.019,0.003,1820,0,0

499234,4.460,5.873,6.081,-0.070,0.022,0.000,1820,0,0

499243,4.499,5.902,6.153,-0.068,0.024,-0.003,1820,0,0

499251,4.515,5.957,6.122,-0.071,0.023,-0.004,1819,0,0

499259,4.465,5.950,6.079,-0.084,0.024,-0.002,1822,0,0

499267,4.460,5.959,6.057,-0.095,0.025,-0.001,1820,0,0

499275,4.456,5.947,6.086,-0.096,0.026,0.001,1818,0,0

499283,4.446,5.918,6.112,-0.087,0.026,0.005,1820,0,0

499291,4.432,5.940,6.153,-0.081,0.027,0.010,1821,0,0

499299,4.444,5.950,6.155,-0.080,0.024,0.013,1820,0,0

499307,4.451,5.918,6.172,-0.083,0.020,0.013,1820,0,0

499316,4.460,5.856,6.158,-0.084,0.018,0.011,1821,0,0

499324,4.470,5.847,6.100,-0.080,0.018,0.006,1821,0,0

499332,4.470,5.808,6.108,-0.073,0.022,0.002,1821,0,0

499340,4.484,5.825,6.134,-0.065,0.024,-0.002,1820,0,0

499348,4.494,5.851,6.132,-0.057,0.027,-0.006,1818,0,0

499356,4.477,5.873,6.136,-0.055,0.026,-0.010,1819,0,0

499365,4.482,5.916,6.141,-0.058,0.022,-0.011,1821,0,0

499373,4.477,5.947,6.155,-0.061,0.014,-0.011,1820,0,0

499381,4.456,5.947,6.098,-0.066,0.008,-0.009,1821,0,0

499389,4.441,5.938,6.098,-0.069,0.002,-0.006,1820,0,0

499397,4.475,5.952,6.096,-0.068,0.002,-0.002,1821,0,0

499405,4.470,5.974,6.100,-0.072,0.005,-0.001,1821,0,0

499414,4.448,5.933,6.067,-0.082,0.006,0.001,1820,0,0

499422,4.456,5.880,6.055,-0.093,0.009,0.004,1818,0,0

499430,4.468,5.863,6.079,-0.095,0.012,0.002,1820,0,0

499438,4.451,5.863,6.081,-0.091,0.016,0.000,1820,0,0

499446,4.468,5.873,6.148,-0.082,0.016,0.001,1821,0,0

499454,4.458,5.892,6.153,-0.080,0.014,0.002,1819,0,0

499462,4.482,5.878,6.206,-0.077,0.010,0.001,1822,0,0

499471,4.460,5.871,6.167,-0.073,0.009,0.000,1821,0,0

499479,4.468,5.854,6.179,-0.067,0.003,0.000,1820,0,0

499487,4.506,5.930,6.258,-0.054,-0.013,-0.003,1820,0,0

499495,4.475,5.962,6.184,-0.054,-0.025,-0.002,1820,0,0

499503,4.468,5.871,6.084,-0.071,-0.027,0.002,1820,0,0

499511,4.525,5.863,6.038,-0.076,-0.022,-0.002,1821,0,0

499519,4.508,5.868,6.069,-0.069,-0.014,-0.005,1821,0,0

499527,4.472,5.899,6.079,-0.069,-0.007,-0.005,1821,0,0

499536,4.453,5.871,6.096,-0.070,-0.003,-0.001,1820,0,0

499544,4.499,5.880,6.127,-0.067,-0.007,0.001,1819,0,0

499552,4.508,5.875,6.098,-0.069,-0.005,0.002,1819,0,0

499560,4.475,5.863,6.158,-0.074,-0.002,0.001,1820,0,0

499568,4.475,5.880,6.225,-0.068,-0.007,0.003,1818,0,0

499576,4.446,5.916,6.232,-0.056,-0.016,0.008,1819,0,0

499585,4.424,5.897,6.220,-0.048,-0.030,0.018,1820,0,0

499593,4.444,5.880,6.306,-0.037,-0.049,0.023,1819,0,0

499601,4.530,5.916,6.244,-0.030,-0.057,0.017,1819,0,0

499609,4.513,5.866,6.151,-0.028,-0.063,0.014,1817,0,0

499617,4.523,5.818,6.041,-0.042,-0.063,0.014,1819,0,0

499626,4.573,5.911,6.144,-0.041,-0.065,0.008,1817,0,0

499634,4.547,5.966,6.165,-0.044,-0.076,0.005,1819,0,0

499642,4.494,5.921,6.115,-0.065,-0.088,0.016,1815,0,0

499650,4.535,5.899,6.155,-0.068,-0.099,0.026,1816,0,0

499658,4.551,5.890,6.132,-0.050,-0.105,0.025,1818,0,0

499666,4.549,5.847,6.175,-0.029,-0.102,0.033,1815,0,0

499674,4.638,5.916,6.246,-0.002,-0.102,0.035,1819,0,0

499683,4.626,5.942,6.321,0.023,-0.113,0.031,1816,0,0

499691,4.547,5.933,6.273,0.027,-0.131,0.034,1815,0,0

499699,4.470,5.866,6.218,0.022,-0.155,0.043,1813,0,0

499707,4.408,5.842,6.261,0.027,-0.177,0.059,1814,0,0

499715,4.523,5.827,6.522,0.006,-0.240,0.072,1814,0,0

499723,4.559,5.799,6.201,-0.001,-0.274,0.072,1814,0,0

499731,4.635,5.978,5.820,-0.010,-0.269,0.049,1816,0,0

499740,4.774,5.976,5.684,-0.041,-0.238,0.015,1816,0,0

499748,4.800,5.751,5.471,-0.121,-0.179,-0.026,1814,2858,200

499756,4.978,5.485,5.677,-0.180,-0.128,-0.067,1816,3377,200

499764,4.946,5.509,5.648,-0.177,-0.073,-0.084,1815,3560,200

499772,4.839,5.473,5.878,-0.165,-0.042,-0.090,1814,3660,200

499780,4.738,5.904,6.091,-0.079,-0.032,-0.082,1816,3758,200

499788,4.535,5.746,6.081,0.021,-0.026,-0.065,1813,3877,200

499796,4.381,6.081,6.067,0.054,-0.070,-0.054,1817,3957,200

499804,4.796,6.572,6.361,0.091,-0.034,-0.022,1814,4006,200

499813,4.999,6.407,6.268,0.029,-0.079,-0.008,1814,4092,200

499821,4.980,6.105,6.170,-0.025,-0.075,-0.015,1815,4095,200

499829,4.970,5.835,5.930,-0.033,-0.068,-0.036,1815,4095,200

499837,4.848,5.588,5.930,0.004,-0.064,-0.061,1814,4095,200

499845,4.736,5.507,5.945,0.050,-0.063,-0.078,1814,4095,200

499853,4.580,5.514,5.847,0.076,-0.059,-0.087,1814,4095,200

499861,4.396,5.538,5.816,0.085,-0.058,-0.094,1814,4095,200

499869,4.269,5.562,5.748,0.080,-0.062,-0.104,1812,4095,200

499877,4.233,5.598,5.648,0.080,-0.056,-0.110,1812,4095,200

499886,4.243,5.725,5.535,0.083,-0.044,-0.111,1813,4095,200

499894,4.147,5.849,5.593,0.083,-0.048,-0.108,1811,4095,200

499902,4.120,5.952,5.638,0.062,-0.063,-0.093,1811,4095,200

499910,4.168,6.158,5.686,0.040,-0.079,-0.070,1810,4095,200

499918,4.310,6.266,5.619,0.019,-0.095,-0.043,1810,4095,200

499926,4.515,6.369,5.504,-0.014,-0.093,-0.017,1811,4095,200

499935,4.712,6.342,5.456,-0.070,-0.074,0.005,1808,4095,200

499943,4.535,6.057,5.358,-0.128,-0.038,0.002,1810,4095,200

499950,5.045,6.311,5.624,-0.136,-0.007,0.031,1809,4095,200

499959,5.195,6.400,5.732,-0.135,0.018,0.042,1809,4095,200

499967,4.975,6.297,5.689,-0.141,0.048,0.038,1809,4095,200

499975,5.083,6.287,5.820,-0.144,0.070,0.044,1808,4095,200

499983,5.121,6.263,6.009,-0.133,0.080,0.051,1807,4095,200

499991,5.121,6.278,6.117,-0.123,0.075,0.054,1816,4095,200

499999,5.133,6.246,6.218,-0.116,0.059,0.051,1808,4095,200

500007,5.155,6.215,6.270,-0.098,0.037,0.047,1808,4095,200

500015,5.097,6.081,6.290,-0.091,0.011,0.039,1808,4095,200

500023,5.049,6.009,6.191,-0.093,-0.006,0.034,1807,4095,200

500031,4.973,5.933,6.151,-0.099,-0.018,0.024,1807,4095,200

500040,4.908,5.816,6.009,-0.099,-0.030,0.005,1807,4095,200

500048,5.169,5.978,5.997,-0.080,-0.034,0.004,1807,4095,200

500056,5.140,5.902,5.957,-0.066,-0.031,-0.013,1807,4095,200

500064,5.069,5.863,5.887,-0.062,-0.023,-0.025,1807,4095,200

500072,4.908,5.873,5.835,-0.069,-0.011,-0.032,1807,4095,200

500080,4.752,5.887,5.729,-0.076,-0.008,-0.035,1808,4095,200

500089,4.618,5.878,5.638,-0.084,-0.002,-0.038,1806,4095,200

500097,4.492,5.854,5.567,-0.085,0.010,-0.038,1806,4095,200

500105,4.705,5.942,5.646,-0.100,0.025,-0.029,1806,4095,200

500113,4.537,5.866,5.653,-0.123,0.034,-0.026,1807,4095,200

500121,4.408,5.820,5.727,-0.131,0.032,-0.019,1807,4095,200

500129,4.317,5.794,5.794,-0.126,0.028,-0.012,1807,4095,200

500137,4.259,5.765,5.796,-0.116,0.023,-0.008,1808,4095,200

500146,4.207,5.713,5.780,-0.118,0.015,-0.008,1808,4095,200

500154,4.185,5.562,5.732,-0.125,0.013,-0.010,1807,4095,200

500162,4.365,5.526,5.713,-0.118,0.017,-0.013,1807,4095,200

500170,4.278,5.519,5.691,-0.106,0.025,-0.023,1808,4095,200

500178,4.254,5.559,5.691,-0.097,0.033,-0.031,1807,4095,200

500186,4.254,5.607,5.641,-0.100,0.044,-0.034,1808,4095,200

500194,4.254,5.681,5.653,-0.095,0.057,-0.034,1808,4095,200

500203,4.199,5.816,5.689,-0.091,0.065,-0.028,1807,4095,200

500211,4.152,5.861,5.715,-0.084,0.066,-0.021,1807,4095,200

500219,4.247,5.933,5.739,-0.102,0.056,-0.009,1809,4095,200

500227,4.118,5.813,5.701,-0.128,0.054,-0.016,1807,4095,200

500235,4.152,5.849,5.765,-0.130,0.051,-0.009,1806,4095,200

500243,4.154,5.902,5.861,-0.119,0.043,0.004,1807,4095,200

500251,4.231,5.906,5.911,-0.120,0.027,0.009,1808,4095,200

500259,4.350,5.926,5.964,-0.121,0.017,0.010,1808,4095,200

500268,4.465,5.847,5.952,-0.119,0.009,0.010,1807,4095,200

500276,4.590,5.751,6.017,-0.114,0.005,0.005,1809,4095,200

500284,4.702,5.748,6.050,-0.099,0.006,0.002,1808,4095,200

500292,4.424,5.624,5.945,-0.084,0.009,-0.019,1808,4095,200

500300,4.508,5.677,6.014,-0.062,0.007,-0.022,1809,4095,200

500308,4.662,5.804,6.060,-0.032,0.006,-0.022,1808,4095,200

500316,4.788,5.866,6.005,-0.016,0.009,-0.027,1809,4095,200

500324,4.839,5.971,5.962,-0.018,0.022,-0.023,1808,4095,200

500333,4.908,6.215,6.026,-0.023,0.025,-0.013,1809,4095,200

500341,4.918,6.357,5.971,-0.059,0.017,-0.002,1809,4095,200

500349,4.980,6.359,5.947,-0.102,0.018,0.014,1808,4095,200

500357,4.693,6.136,5.945,-0.119,0.021,0.014,1809,4095,200

500365,4.858,6.110,6.050,-0.107,0.021,0.022,1809,4095,200

500373,4.987,6.129,6.055,-0.101,0.026,0.029,1810,4095,200

500381,5.073,6.146,6.124,-0.100,0.031,0.034,1809,4095,200

500389,5.186,6.160,6.170,-0.098,0.033,0.034,1808,4095,200

500397,5.219,6.115,6.177,-0.100,0.041,0.028,1811,4095,200

500406,5.219,6.053,6.227,-0.098,0.041,0.025,1811,4095,200

500414,5.255,6.048,6.297,-0.081,0.035,0.022,1810,4095,200

500422,5.102,6.031,6.254,-0.056,0.030,0.019,1809,4095,200

500430,5.162,6.076,6.232,-0.049,0.024,0.016,1810,4095,200

500438,5.198,6.158,6.251,-0.037,0.014,0.018,1808,4095,200

500446,5.181,6.208,6.215,-0.033,0.006,0.021,1812,4095,200

500454,5.203,6.230,6.172,-0.039,-0.004,0.023,1810,4095,200

500463,5.253,6.196,6.151,-0.051,-0.007,0.022,1810,4095,200

500471,5.267,6.122,6.103,-0.060,-0.006,0.018,1808,4095,200

500479,5.270,6.103,6.057,-0.065,-0.003,0.015,1810,4095,200

500487,5.310,6.203,6.096,-0.059,0.002,0.026,1808,4095,200

500495,5.318,6.220,6.103,-0.065,0.004,0.027,1809,4095,200

500503,5.318,6.158,6.084,-0.076,0.008,0.025,1808,4095,200

500511,5.310,6.117,6.098,-0.074,0.010,0.024,1809,4095,200

500519,5.262,6.053,6.105,-0.078,0.011,0.021,1813,4095,200

500528,5.183,5.954,6.117,-0.083,0.013,0.019,1810,4095,200

500536,5.174,5.942,6.189,-0.075,0.005,0.015,1810,4095,200

500544,5.136,5.930,6.103,-0.076,0.003,0.005,1811,4095,200

500552,5.339,6.079,6.122,-0.078,0.006,0.016,1810,4095,200

500560,5.277,5.950,6.065,-0.078,0.016,0.007,1809,4095,200

500568,5.195,5.933,6.012,-0.064,0.023,0.000,1808,4095,200

500576,5.124,5.971,6.014,-0.058,0.029,-0.003,1808,4095,200

500585,5.059,5.971,6.014,-0.064,0.029,-0.008,1810,4095,200

500593,5.270,6.139,6.148,-0.058,0.022,0.008,1809,4095,200

500601,5.246,6.100,6.141,-0.062,0.020,0.005,1810,4095,200

500609,5.155,6.060,6.124,-0.078,0.019,0.003,1808,4095,200

500618,5.047,5.978,6.105,-0.095,0.014,0.003,1810,4095,200

500626,4.973,5.875,6.086,-0.099,0.004,0.000,1810,4095,200

500634,4.927,5.816,6.041,-0.095,0.001,-0.005,1809,4095,200

500642,4.872,5.703,5.993,-0.085,0.002,-0.008,1811,4095,200

500650,5.167,5.849,6.163,-0.060,0.000,0.005,1808,4095,200

500658,5.145,5.911,6.112,-0.043,0.000,0.002,1810,4095,200

500666,5.069,5.895,6.029,-0.037,0.002,-0.004,1811,4095,200

500675,4.949,5.847,5.942,-0.038,0.005,-0.007,1809,4095,200

500683,4.865,5.794,5.892,-0.035,0.007,-0.011,1808,4095,200

500691,4.791,5.794,5.854,-0.034,0.011,-0.012,1809,4095,200

500699,4.726,5.804,5.787,-0.038,0.017,-0.017,1809,4095,200

500707,4.606,5.775,5.737,-0.038,0.027,-0.021,1810,4095,200

500715,4.475,5.720,5.636,-0.037,0.037,-0.026,1808,4095,200

500723,4.764,5.957,5.751,-0.040,0.046,-0.010,1807,4095,200

500732,4.590,5.832,5.593,-0.071,0.058,-0.008,1809,4095,200

500740,4.379,5.696,5.715,-0.075,0.063,-0.004,1809,4095,200

500748,4.226,5.657,5.823,-0.041,0.062,0.003,1808,4095,200

500756,4.137,5.583,5.861,0.003,0.058,0.018,1801,4021,200

500764,4.393,5.830,6.048,0.059,0.067,0.034,1808,3799,200

500772,4.324,5.756,6.060,0.095,0.046,0.025,1809,3231,200

500781,4.377,5.871,5.986,0.128,0.022,0.023,1809,1568,200

500789,4.508,5.698,5.071,0.075,0.062,-0.017,1807,0,0

500797,4.556,5.729,5.040,-0.021,0.140,-0.028,1807,0,0

500805,5.016,5.581,4.513,-0.189,0.236,-0.079,1806,0,0

500813,5.365,5.744,4.460,-0.371,0.394,-0.138,1808,0,0

500821,5.191,5.619,4.738,-0.448,0.602,-0.175,1807,0,0

500829,4.831,5.808,4.994,-0.459,0.636,-0.183,1807,0,0

500838,4.616,6.342,5.571,-0.401,0.721,-0.151,1810,0,0

500846,4.345,6.634,5.957,-0.456,0.697,-0.093,1810,0,0

500854,4.140,6.689,6.294,-0.523,0.680,-0.038,1811,0,0

500862,4.089,6.524,6.551,-0.586,0.612,0.004,1811,0,0

500870,4.041,6.177,6.704,-0.616,0.563,0.030,1812,0,0

500878,4.001,5.777,6.764,-0.628,0.508,0.046,1813,0,0

500886,4.063,5.595,6.812,-0.609,0.460,0.057,1812,0,0

500895,4.137,5.478,6.740,-0.589,0.424,0.055,1814,0,0

500903,4.185,5.394,6.809,-0.560,0.391,0.042,1815,0,0

500911,4.319,5.277,6.874,-0.523,0.361,0.035,1814,0,0

500919,4.401,5.227,6.977,-0.481,0.331,0.030,1814,0,0

500927,4.381,5.210,6.986,-0.460,0.309,0.021,1814,0,0

500936,4.369,5.262,6.986,-0.436,0.285,0.014,1814,0,0

500944,4.391,5.277,6.998,-0.399,0.252,-0.005,1813,0,0

500952,4.338,5.231,7.025,-0.346,0.222,-0.033,1814,0,0

500960,4.274,5.155,6.900,-0.294,0.204,-0.051,1814,0,0

500968,4.288,5.203,6.886,-0.257,0.192,-0.065,1813,0,0

500976,4.245,5.265,6.926,-0.222,0.180,-0.079,1811,0,0

500984,4.197,5.265,6.912,-0.202,0.168,-0.092,1812,0,0

500992,4.125,5.322,6.800,-0.178,0.156,-0.093,1813,0,0

501001,4.135,5.440,6.740,-0.150,0.146,-0.089,1812,0,0

501009,4.128,5.576,6.756,-0.121,0.135,-0.088,1813,0,0

501017,4.073,5.631,6.742,-0.118,0.126,-0.078,1813,0,0

501025,4.049,5.626,6.692,-0.127,0.115,-0.058,1813,0,0

501033,4.065,5.660,6.723,-0.126,0.110,-0.033,1813,0,0

501041,4.001,5.669,6.709,-0.126,0.111,-0.008,1815,0,0

501050,3.948,5.622,6.732,-0.124,0.104,0.013,1810,0,0

501058,3.972,5.557,6.831,-0.114,0.087,0.027,1814,0,0

501066,4.008,5.461,6.874,-0.108,0.074,0.035,1813,0,0

501074,4.046,5.325,6.900,-0.106,0.064,0.036,1811,0,0

501082,4.085,5.250,6.869,-0.100,0.061,0.035,1814,0,0

501090,4.113,5.243,6.816,-0.090,0.059,0.026,1814,0,0

501098,4.082,5.298,6.790,-0.079,0.057,0.019,1814,0,0

501106,4.092,5.344,6.823,-0.065,0.048,0.012,1812,0,0

501114,4.080,5.368,6.847,-0.048,0.037,0.007,1812,0,0

501123,4.056,5.353,6.874,-0.043,0.029,0.007,1812,0,0

501131,4.092,5.423,6.902,-0.038,0.017,0.011,1813,0,0

501139,4.077,5.432,6.914,-0.031,0.006,0.012,1813,0,0

501147,4.039,5.380,6.900,-0.022,-0.002,0.011,1814,0,0

501155,4.010,5.353,6.850,-0.016,-0.009,0.010,1810,0,0

501163,4.001,5.394,6.869,-0.010,-0.018,0.012,1811,0,0

501172,4.034,5.418,6.864,-0.010,-0.027,0.012,1810,0,0

501180,4.073,5.373,6.852,-0.007,-0.033,0.012,1811,0,0

501188,4.113,5.327,6.831,0.004,-0.036,0.010,1811,0,0

501196,4.147,5.353,6.759,0.012,-0.041,0.002,1812,0,0

501204,4.166,5.394,6.701,0.010,-0.040,-0.009,1811,0,0

501212,4.180,5.404,6.637,0.004,-0.033,-0.016,1811,0,0

501221,4.185,5.416,6.620,0.009,-0.023,-0.019,1811,0,0

501229,4.156,5.488,6.668,0.009,-0.018,-0.017,1810,0,0

501237,4.168,5.521,6.718,0.003,-0.015,-0.008,1810,0,0

501245,4.156,5.533,6.737,0.008,-0.014,-0.002,1812,0,0

501253,4.149,5.490,6.716,0.014,-0.015,0.001,1811,0,0

501261,4.108,5.497,6.630,0.010,-0.013,0.003,1810,0,0

501270,4.089,5.531,6.603,-0.003,-0.013,-0.002,1812,0,0

501278,4.080,5.550,6.598,-0.014,-0.011,-0.002,1811,0,0

501286,4.101,5.567,6.608,-0.023,-0.009,-0.004,1811,0,0

501294,4.111,5.540,6.692,-0.030,-0.011,-0.006,1811,0,0

501302,4.142,5.523,6.735,-0.038,-0.017,-0.006,1812,0,0

501310,4.173,5.476,6.730,-0.042,-0.020,-0.008,1811,0,0

501318,4.187,5.437,6.694,-0.037,-0.018,-0.009,1812,0,0

501326,4.173,5.442,6.637,-0.025,-0.012,-0.011,1812,0,0

501334,4.128,5.425,6.656,-0.014,-0.006,-0.013,1811,0,0

501342,4.111,5.483,6.668,-0.007,-0.003,-0.013,1812,0,0

501350,4.120,5.521,6.663,-0.009,-0.002,-0.010,1810,0,0

501359,4.106,5.528,6.694,-0.017,-0.002,-0.009,1813,0,0

501367,4.108,5.519,6.644,-0.022,-0.005,-0.010,1811,0,0

501375,4.101,5.535,6.677,-0.021,-0.007,-0.012,1810,0,0

501384,4.113,5.535,6.646,-0.017,-0.008,-0.009,1812,0,0

501392,4.128,5.528,6.692,-0.013,-0.006,-0.001,1811,0,0

501400,4.154,5.528,6.663,-0.002,-0.009,0.005,1812,0,0

501408,4.118,5.499,6.687,-0.001,-0.009,0.008,1813,0,0

501416,4.132,5.499,6.644,0.005,-0.011,0.009,1812,0,0

501424,4.135,5.471,6.622,0.011,-0.010,0.007,1810,0,0

501432,4.152,5.495,6.620,0.019,-0.009,0.005,1813,0,0

501440,4.144,5.521,6.606,0.014,-0.007,0.001,1811,0,0

501449,4.132,5.559,6.603,0.002,-0.005,-0.002,1810,0,0

501457,4.171,5.557,6.603,-0.007,-0.005,-0.002,1813,0,0

501465,4.183,5.552,6.620,-0.007,-0.005,-0.003,1811,0,0

501473,4.185,5.552,6.598,-0.013,-0.005,-0.006,1813,0,0

501481,4.187,5.559,6.572,-0.022,-0.004,-0.009,1812,0,0

501489,4.192,5.571,6.567,-0.026,-0.003,-0.013,1811,0,0

501498,4.168,5.600,6.553,-0.029,-0.002,-0.016,1812,0,0

501506,4.173,5.607,6.546,-0.034,0.000,-0.017,1813,0,0

501514,4.166,5.595,6.567,-0.040,0.000,-0.018,1811,0,0

501522,4.164,5.576,6.577,-0.045,-0.001,-0.016,1811,0,0

501530,4.166,5.562,6.589,-0.044,0.000,-0.010,1812,0,0

501538,4.164,5.574,6.608,-0.038,0.002,-0.007,1813,0,0

501547,4.152,5.555,6.565,-0.034,0.004,-0.006,1812,0,0

501555,4.147,5.562,6.565,-0.033,0.006,-0.004,1810,0,0

501563,4.147,5.552,6.586,-0.032,0.008,-0.005,1813,0,0

501571,4.147,5.564,6.584,-0.036,0.008,-0.005,1811,0,0

501580,4.180,5.581,6.551,-0.042,0.008,-0.003,1813,0,0

501588,4.185,5.588,6.555,-0.044,0.007,-0.001,1811,0,0

501596,4.199,5.583,6.551,-0.050,0.009,-0.003,1809,0,0

501604,4.192,5.555,6.539,-0.056,0.010,-0.006,1811,0,0

501612,4.214,5.564,6.534,-0.056,0.014,-0.009,1812,0,0

501621,4.216,5.600,6.563,-0.052,0.018,-0.012,1812,0,0

501629,4.164,5.574,6.572,-0.052,0.022,-0.011,1814,0,0

501637,4.149,5.612,6.642,-0.049,0.022,-0.003,1811,0,0

501645,4.135,5.614,6.634,-0.039,0.019,-0.001,1814,0,0

501653,4.120,5.581,6.644,-0.036,0.015,-0.001,1810,0,0

501662,4.118,5.540,6.642,-0.037,0.011,-0.002,1814,0,0

501670,4.166,5.540,6.598,-0.030,0.007,-0.001,1812,0,0

501678,4.171,5.533,6.594,-0.023,0.007,-0.003,1811,0,0

501686,4.173,5.516,6.584,-0.023,0.009,-0.003,1812,0,0

501694,4.195,5.545,6.601,-0.018,0.009,-0.004,1810,0,0

501702,4.199,5.595,6.594,-0.010,0.012,-0.004,1810,0,0

501711,4.161,5.593,6.551,-0.012,0.013,-0.005,1809,0,0

501719,4.166,5.610,6.567,-0.017,0.013,-0.007,1811,0,0

501727,4.180,5.643,6.543,-0.022,0.007,-0.009,1810,0,0

501735,4.161,5.660,6.546,-0.027,0.006,-0.007,1811,0,0

501743,4.147,5.653,6.536,-0.039,0.006,-0.005,1811,0,0

501751,4.156,5.643,6.536,-0.044,0.004,0.000,1812,0,0

501759,4.199,5.624,6.539,-0.044,0.007,0.001,1811,0,0

501767,4.187,5.605,6.534,-0.041,0.009,-0.002,1813,0,0

501775,4.178,5.590,6.524,-0.039,0.013,-0.003,1812,0,0

501784,4.142,5.593,6.534,-0.043,0.016,-0.005,1811,0,0

501792,4.135,5.617,6.582,-0.048,0.017,-0.002,1811,0,0

501800,4.156,5.614,6.594,-0.045,0.017,0.003,1813,0,0

501808,4.173,5.612,6.610,-0.034,0.014,0.005,1811,0,0

501816,4.171,5.576,6.603,-0.023,0.011,0.003,1811,0,0

501824,4.178,5.588,6.551,-0.015,0.010,0.003,1810,0,0

501832,4.178,5.586,6.536,-0.016,0.009,-0.001,1812,0,0

501841,4.183,5.593,6.512,-0.025,0.011,-0.006,1811,0,0

501849,4.199,5.578,6.467,-0.033,0.014,-0.010,1813,0,0

501857,4.173,5.624,6.476,-0.031,0.018,-0.013,1811,0,0

501865,4.195,5.631,6.515,-0.026,0.018,-0.012,1811,0,0

501874,4.183,5.662,6.510,-0.026,0.019,-0.008,1812,0,0

501882,4.180,5.660,6.507,-0.036,0.020,-0.005,1812,0,0

501890,4.168,5.648,6.522,-0.045,0.021,-0.006,1812,0,0

501898,4.175,5.653,6.488,-0.046,0.025,-0.005,1813,0,0

501906,4.166,5.622,6.510,-0.043,0.027,-0.005,1813,0,0

501915,4.144,5.631,6.515,-0.042,0.030,-0.003,1812,0,0

501923,4.164,5.648,6.507,-0.046,0.032,0.001,1811,0,0

501931,4.166,5.655,6.524,-0.048,0.035,0.000,1810,0,0

501939,4.180,5.643,6.519,-0.046,0.033,-0.000,1813,0,0

501947,4.183,5.634,6.527,-0.042,0.031,0.002,1812,0,0

501955,4.195,5.648,6.553,-0.042,0.032,0.002,1813,0,0

501963,4.171,5.634,6.543,-0.046,0.035,0.001,1811,0,0

501972,4.171,5.631,6.529,-0.050,0.034,-0.002,1812,0,0

501980,4.168,5.600,6.510,-0.050,0.032,-0.005,1812,0,0

501988,4.187,5.578,6.551,-0.045,0.032,-0.008,1812,0,0

501996,4.216,5.614,6.555,-0.041,0.031,-0.010,1810,0,0

502004,4.187,5.631,6.551,-0.041,0.031,-0.013,1811,0,0

502012,4.161,5.626,6.553,-0.043,0.033,-0.017,1811,0,0

502020,4.159,5.600,6.565,-0.041,0.029,-0.017,1812,0,0

502029,4.128,5.622,6.572,-0.036,0.025,-0.013,1811,0,0

502037,4.142,5.684,6.541,-0.034,0.026,-0.009,1812,0,0

502045,4.132,5.693,6.543,-0.040,0.025,-0.007,1812,0,0

502053,4.120,5.677,6.539,-0.040,0.025,-0.004,1813,0,0

502061,4.116,5.672,6.543,-0.036,0.025,-0.004,1813,0,0

502069,4.116,5.681,6.553,-0.036,0.022,-0.003,1814,0,0

502077,4.123,5.679,6.541,-0.041,0.022,-0.003,1814,0,0

502085,4.116,5.674,6.524,-0.050,0.022,-0.001,1812,0,0

502094,4.118,5.667,6.534,-0.060,0.020,0.000,1811,0,0

502102,4.132,5.653,6.503,-0.067,0.020,0.001,1814,0,0

502110,4.164,5.634,6.522,-0.066,0.020,0.000,1813,0,0

502118,4.173,5.602,6.551,-0.060,0.020,-0.001,1815,0,0

502126,4.178,5.598,6.548,-0.053,0.020,0.002,1811,0,0

502134,4.180,5.643,6.558,-0.044,0.024,0.003,1812,0,0

502142,4.149,5.653,6.531,-0.036,0.024,0.003,1813,0,0

502151,4.137,5.655,6.524,-0.032,0.023,0.003,1813,0,0

502159,4.140,5.655,6.541,-0.034,0.019,0.001,1813,0,0

502167,4.152,5.684,6.519,-0.034,0.017,0.001,1812,0,0

502175,4.166,5.689,6.546,-0.038,0.015,-0.002,1816,0,0

502183,4.142,5.686,6.510,-0.046,0.016,-0.004,1811,0,0

502191,4.159,5.674,6.515,-0.049,0.014,-0.005,1812,0,0

502199,4.171,5.689,6.488,-0.052,0.016,-0.007,1812,0,0

502208,4.161,5.665,6.469,-0.058,0.018,-0.009,1814,0,0

502216,4.147,5.691,6.491,-0.062,0.019,-0.009,1813,0,0

502224,4.161,5.693,6.493,-0.064,0.018,-0.008,1814,0,0

502232,4.171,5.696,6.522,-0.067,0.019,-0.004,1812,0,0

502240,4.204,5.708,6.531,-0.066,0.021,-0.002,1813,0,0

502248,4.173,5.686,6.515,-0.069,0.022,-0.001,1813,0,0

502256,4.116,5.650,6.498,-0.072,0.022,0.001,1813,0,0

502265,4.118,5.655,6.543,-0.067,0.018,0.001,1813,0,0

502273,4.104,5.657,6.546,-0.063,0.013,0.001,1814,0,0

502281,4.132,5.624,6.551,-0.065,0.010,0.001,1816,0,0

502289,4.159,5.631,6.584,-0.063,0.009,0.000,1813,0,0

502297,4.144,5.619,6.570,-0.061,0.012,-0.002,1813,0,0

502305,4.144,5.626,6.534,-0.060,0.012,-0.006,1812,0,0

502314,4.140,5.650,6.512,-0.059,0.013,-0.010,1813,0,0

502322,4.125,5.667,6.512,-0.058,0.013,-0.013,1813,0,0

502330,4.108,5.698,6.512,-0.062,0.013,-0.011,1812,0,0

502338,4.123,5.698,6.529,-0.070,0.011,-0.010,1812,0,0

502346,4.149,5.679,6.486,-0.074,0.011,-0.011,1813,0,0

502354,4.142,5.667,6.500,-0.071,0.011,-0.013,1815,0,0

502362,4.116,5.648,6.476,-0.064,0.013,-0.010,1811,0,0

502370,4.128,5.693,6.495,-0.063,0.015,-0.003,1811,0,0

502379,4.152,5.691,6.539,-0.066,0.017,0.001,1813,0,0

502387,4.149,5.674,6.524,-0.068,0.018,0.003,1813,0,0

502395,4.159,5.629,6.531,-0.063,0.019,0.003,1813,0,0

502403,4.156,5.617,6.555,-0.055,0.018,0.001,1815,0,0

502411,4.137,5.667,6.546,-0.060,0.017,-0.000,1813,0,0

502419,4.137,5.681,6.541,-0.078,0.015,-0.002,1813,0,0

502428,4.175,5.634,6.541,-0.084,0.012,-0.005,1812,0,0

502436,4.192,5.631,6.546,-0.076,0.014,-0.010,1813,0,0

502444,4.178,5.624,6.527,-0.068,0.017,-0.013,1813,0,0

502452,4.149,5.634,6.519,-0.066,0.020,-0.013,1812,0,0

502460,4.149,5.672,6.529,-0.064,0.021,-0.008,1812,0,0

502468,4.128,5.720,6.546,-0.062,0.021,-0.005,1810,0,0

502476,4.108,5.703,6.567,-0.063,0.014,-0.002,1814,0,0

502485,4.120,5.674,6.572,-0.063,0.007,-0.001,1814,0,0

502493,4.142,5.636,6.560,-0.061,0.005,-0.000,1814,0,0

502501,4.159,5.617,6.541,-0.061,0.005,-0.002,1813,0,0

502509,4.175,5.602,6.507,-0.063,0.009,-0.003,1813,0,0

502517,4.166,5.619,6.491,-0.058,0.015,-0.004,1812,0,0

502526,4.166,5.634,6.498,-0.053,0.020,-0.004,1811,0,0

502534,4.128,5.698,6.512,-0.051,0.021,-0.003,1812,0,0

502542,4.111,5.710,6.546,-0.055,0.019,0.001,1814,0,0

502550,4.123,5.679,6.582,-0.059,0.014,0.002,1813,0,0

502558,4.144,5.643,6.572,-0.059,0.010,-0.000,1812,0,0

502566,4.161,5.602,6.560,-0.056,0.008,-0.003,1815,0,0

502574,4.144,5.602,6.536,-0.055,0.009,-0.009,1814,0,0

502583,4.156,5.624,6.507,-0.056,0.013,-0.010,1813,0,0

502591,4.149,5.638,6.512,-0.058,0.017,-0.012,1814,0,0

502599,4.144,5.669,6.517,-0.059,0.020,-0.013,1811,0,0

502607,4.147,5.689,6.503,-0.062,0.020,-0.013,1813,0,0

502615,4.147,5.693,6.522,-0.063,0.021,-0.010,1814,0,0

502623,4.142,5.698,6.524,-0.062,0.020,-0.008,1812,0,0

502631,4.135,5.653,6.546,-0.064,0.019,-0.005,1814,0,0

502639,4.118,5.631,6.519,-0.064,0.016,-0.002,1814,0,0

502648,4.135,5.638,6.555,-0.057,0.014,-0.001,1813,0,0

502656,4.152,5.622,6.541,-0.052,0.015,-0.001,1814,0,0

502664,4.132,5.619,6.548,-0.049,0.016,-0.005,1812,0,0

502672,4.144,5.612,6.548,-0.047,0.014,-0.007,1814,0,0

502680,4.149,5.646,6.570,-0.044,0.010,-0.008,1813,0,0

502688,4.140,5.657,6.529,-0.046,0.007,-0.009,1812,0,0

502696,4.142,5.638,6.529,-0.052,0.003,-0.010,1814,0,0

502704,4.156,5.655,6.536,-0.054,0.002,-0.010,1813,0,0

502712,4.147,5.634,6.491,-0.049,0.003,-0.013,1813,0,0

502721,4.135,5.641,6.488,-0.047,0.007,-0.015,1814,0,0

502729,4.142,5.662,6.500,-0.049,0.012,-0.014,1814,0,0

502737,4.144,5.689,6.503,-0.053,0.014,-0.012,1811,0,0

502745,4.132,5.705,6.507,-0.055,0.016,-0.009,1814,0,0

502753,4.123,5.696,6.517,-0.053,0.018,-0.006,1813,0,0

502761,4.128,5.696,6.517,-0.052,0.017,-0.002,1811,0,0

502769,4.137,5.669,6.541,-0.055,0.018,0.000,1813,0,0

502777,4.142,5.653,6.539,-0.055,0.015,0.000,1813,0,0

502786,4.140,5.650,6.546,-0.051,0.012,-0.001,1815,0,0

502794,4.156,5.653,6.536,-0.047,0.010,-0.002,1811,0,0

502802,4.147,5.643,6.548,-0.048,0.010,-0.003,1813,0,0

502810,4.164,5.636,6.524,-0.048,0.009,-0.004,1813,0,0

502818,4.171,5.650,6.551,-0.044,0.010,-0.006,1814,0,0

502826,4.132,5.650,6.531,-0.040,0.009,-0.009,1815,0,0

502834,4.159,5.669,6.510,-0.042,0.007,-0.009,1814,0,0

502842,4.183,5.674,6.534,-0.041,0.009,-0.008,1814,0,0

502851,4.166,5.677,6.517,-0.039,0.012,-0.006,1815,0,0

502859,4.142,5.705,6.486,-0.043,0.014,-0.004,1814,0,0

502867,4.152,5.715,6.481,-0.045,0.015,-0.003,1815,0,0

502875,4.154,5.705,6.472,-0.046,0.015,-0.003,1815,0,0

502883,4.156,5.681,6.515,-0.050,0.016,-0.002,1813,0,0

