
1554447,5.329,1.338,8.030,-0.062,0.015,-0.002,1797,0,0

1554467,5.253,1.377,8.157,-0.057,0.004,0.004,1797,0,0

1554487,5.227,1.300,8.205,-0.054,-0.025,-0.001,1798,0,0

1554507,5.260,1.293,8.097,-0.035,-0.041,-0.014,1797,0,0

1554527,5.289,1.343,8.040,-0.032,-0.034,-0.018,1797,0,0

1554547,5.327,1.314,7.980,-0.041,-0.019,-0.023,1798,0,0

1554567,5.289,1.355,8.061,-0.042,-0.016,-0.027,1798,0,0

1554587,5.339,1.410,8.052,-0.044,-0.022,-0.022,1797,0,0

1554607,5.363,1.398,7.968,-0.053,-0.016,-0.017,1798,0,0

1554627,5.341,1.403,7.913,-0.059,0.006,-0.016,1798,0,0

1554647,5.356,1.381,8.009,-0.067,0.017,-0.014,1797,0,0

1554667,5.325,1.396,8.095,-0.063,0.005,-0.005,1798,0,0

1554687,5.301,1.377,8.083,-0.060,-0.003,0.001,1798,0,0

1554707,5.344,1.422,7.975,-0.055,0.001,0.010,1797,0,0

1554727,5.368,1.346,7.968,-0.063,0.021,0.008,1797,0,0

1554747,5.325,1.298,8.004,-0.060,0.035,-0.001,1798,0,0

1554767,5.308,1.348,8.162,-0.052,0.021,-0.009,1798,0,0

1554787,5.270,1.427,8.042,-0.048,0.003,-0.009,1797,0,0

1554807,5.308,1.441,7.944,-0.066,0.006,-0.004,1798,0,0

1554827,5.344,1.369,7.963,-0.067,0.026,-0.001,1797,0,0

1554847,5.351,1.310,8.021,-0.067,0.036,-0.005,1798,0,0

1554867,5.239,1.322,8.138,-0.064,0.031,-0.018,1798,0,0

1554887,5.265,1.429,8.143,-0.071,0.001,-0.021,1797,0,0

1554907,5.318,1.422,8.059,-0.063,-0.014,-0.013,1798,0,0

1554927,5.356,1.413,7.908,-0.075,0.001,-0.005,1798,0,0

1554947,5.349,1.283,7.966,-0.070,0.027,-0.012,1797,0,0

1554967,5.310,1.290,8.088,-0.066,0.031,-0.023,1798,0,0

1554987,5.286,1.403,8.162,-0.057,0.005,-0.027,1797,0,0

1555007,5.289,1.453,8.006,-0.059,-0.007,-0.021,1798,0,0

1555027,5.322,1.451,7.903,-0.067,0.008,-0.006,1798,0,0

1555047,5.310,1.393,7.975,-0.071,0.030,0.000,1799,0,0

1555067,5.260,1.377,8.102,-0.067,0.021,-0.002,1798,0,0

1555087,5.279,1.312,8.133,-0.066,-0.007,-0.009,1798,0,0

1555107,5.318,1.358,7.985,-0.059,-0.010,-0.012,1798,0,0

1555127,5.358,1.374,7.901,-0.066,0.013,-0.018,1799,0,0

1555147,5.332,1.425,8.021,-0.067,0.029,-0.012,1799,0,0

1555167,5.291,1.393,8.100,-0.070,0.018,-0.009,1798,0,0

1555187,5.332,1.302,8.076,-0.070,0.002,-0.012,1799,0,0

1555207,5.329,1.331,7.982,-0.056,0.006,-0.018,1797,0,0

1555227,5.286,1.420,7.985,-0.062,0.020,-0.013,1799,0,0

1555247,5.279,1.468,8.059,-0.061,0.018,-0.001,1798,0,0

1555267,5.298,1.408,8.090,-0.075,0.002,0.006,1798,0,0

1555287,5.361,1.262,8.011,-0.068,-0.001,-0.004,1799,0,0

1555307,5.329,1.336,7.939,-0.070,0.017,-0.010,1799,0,0

1555327,5.296,1.393,8.100,-0.063,0.018,-0.013,1799,0,0

1555347,5.282,1.439,8.131,-0.062,-0.005,-0.005,1798,0,0

1555367,5.320,1.362,8.004,-0.071,-0.010,-0.004,1798,0,0

1555387,5.346,1.310,7.954,-0.067,0.007,-0.011,1797,0,0

1555407,5.296,1.377,8.061,-0.055,0.004,-0.011,1798,0,0

1555427,5.296,1.365,8.097,-0.056,-0.018,-0.009,1798,0,0

1555447,5.296,1.396,7.956,-0.062,-0.013,-0.011,1799,0,0

1555467,5.339,1.408,7.997,-0.061,-0.008,-0.013,1798,0,0

1555487,5.392,1.362,7.992,-0.063,-0.005,-0.013,1798,0,0

1555507,5.370,1.274,8.009,-0.056,0.002,-0.022,1798,0,0

1555527,5.332,1.381,8.016,-0.050,-0.004,-0.026,1800,0,0

1555547,5.346,1.427,7.989,-0.057,-0.007,-0.020,1797,0,0

1555567,5.356,1.444,7.918,-0.063,0.007,-0.011,1799,0,0

1555587,5.373,1.379,7.961,-0.070,0.021,-0.008,1799,0,0

1555607,5.373,1.360,7.987,-0.063,0.024,-0.008,1799,0,0

1555627,5.318,1.384,8.030,-0.064,0.018,-0.007,1799,0,0

1555647,5.361,1.410,8.021,-0.073,0.005,-0.007,1800,0,0

1555667,5.399,1.451,7.865,-0.076,0.016,-0.003,1799,0,0

1555687,5.382,1.434,7.908,-0.083,0.046,0.018,1799,0,0

1555707,5.332,1.365,8.068,-0.070,0.056,0.030,1799,0,0

1555727,5.265,1.279,8.193,-0.061,0.037,0.027,1800,0,0

1555747,5.296,1.255,8.138,-0.046,0.014,0.009,1799,0,0

1555767,5.301,1.343,7.994,-0.046,0.014,-0.003,1799,0,0

1555787,5.327,1.360,8.006,-0.042,0.028,-0.006,1800,0,0

1555807,5.313,1.391,8.073,-0.039,0.026,-0.005,1799,0,0

1555827,5.274,1.448,8.097,-0.044,0.001,0.001,1799,0,0

1555847,5.325,1.420,8.021,-0.055,-0.018,0.009,1800,0,0

1555867,5.380,1.295,7.925,-0.052,-0.010,-0.000,1799,0,0

1555887,5.394,1.326,7.915,-0.056,0.011,-0.014,1799,0,0

1555907,5.361,1.377,8.013,-0.049,0.029,-0.014,1799,0,0

1555927,5.243,1.460,8.073,-0.051,0.013,-0.002,1799,0,0

1555947,5.301,1.489,8.071,-0.060,-0.016,0.014,1799,0,0

1555967,5.397,1.429,7.906,-0.068,-0.011,0.024,1799,0,0

1555987,5.356,1.331,7.891,-0.063,0.026,0.023,1799,0,0

1556007,5.329,1.305,8.064,-0.058,0.031,0.016,1798,0,0

1556027,5.320,1.386,8.059,-0.045,0.018,0.012,1798,0,0

1556047,5.301,1.408,7.997,-0.049,0.014,0.014,1799,0,0

1556067,5.341,1.381,7.949,-0.060,0.021,0.014,1800,0,0

1556087,5.365,1.279,7.939,-0.056,0.034,-0.002,1801,0,0

1556107,5.361,1.381,8.033,-0.049,0.042,-0.009,1800,0,0

1556127,5.303,1.465,8.071,-0.051,0.041,0.003,1800,0,0

1556147,5.260,1.437,8.107,-0.052,0.027,0.015,1800,0,0

1556167,5.301,1.362,8.021,-0.056,0.017,0.017,1800,0,0

1556187,5.294,1.367,8.078,-0.051,0.011,0.015,1800,0,0

1556207,5.346,1.288,8.088,-0.048,0.006,0.003,1800,0,0

1556227,5.344,1.255,7.992,-0.029,0.016,-0.014,1800,0,0

1556247,5.310,1.269,8.001,-0.023,0.029,-0.042,1800,0,0

1556267,5.217,1.508,8.116,-0.028,0.023,-0.050,1800,0,0

1556287,5.260,1.571,8.181,-0.051,-0.018,-0.035,1801,0,0

1556307,5.270,1.446,8.009,-0.054,-0.041,-0.020,1800,0,0

1556327,5.327,1.362,7.939,-0.050,-0.033,-0.017,1799,0,0

1556347,5.394,1.293,7.949,-0.036,-0.013,-0.029,1801,0,0

1556367,5.344,1.415,7.994,-0.028,-0.003,-0.035,1801,0,0

1556387,5.351,1.499,8.004,-0.034,-0.018,-0.035,1801,0,0

1556407,5.337,1.537,7.939,-0.044,-0.027,-0.020,1800,0,0

1556427,5.397,1.480,7.949,-0.043,-0.021,-0.006,1801,0,0

1556447,5.377,1.422,7.973,-0.035,-0.005,-0.000,1799,0,0

1556467,5.341,1.391,8.011,-0.027,-0.001,-0.000,1799,0,0

1556487,5.341,1.468,8.028,-0.025,-0.006,0.004,1801,0,0

1556507,5.399,1.484,7.956,-0.032,-0.010,0.005,1800,0,0

1556527,5.389,1.439,7.910,-0.035,0.005,-0.002,1800,0,0

1556547,5.394,1.427,7.922,-0.025,0.022,-0.011,1801,0,0

1556567,5.387,1.496,7.968,-0.023,0.019,-0.010,1800,0,0

1556587,5.327,1.580,7.930,-0.033,0.004,-0.006,1801,0,0

1556607,5.447,1.549,7.913,-0.049,0.007,0.005,1801,0,0

1556627,5.406,1.504,7.870,-0.046,0.026,0.010,1801,0,0

1556647,5.375,1.441,7.925,-0.042,0.044,0.013,1801,0,0

1556667,5.313,1.520,8.090,-0.037,0.030,0.014,1800,0,0

1556687,5.303,1.580,8.126,-0.045,-0.003,0.024,1800,0,0

1556707,5.373,1.496,7.939,-0.058,-0.015,0.028,1801,0,0

1556727,5.430,1.403,7.819,-0.052,0.011,0.021,1800,0,0

1556747,5.392,1.389,7.951,-0.048,0.031,0.003,1800,0,0

1556767,5.399,1.456,8.128,-0.045,0.018,-0.013,1802,0,0

1556787,5.310,1.528,8.076,-0.054,-0.010,-0.020,1800,0,0

1556807,5.380,1.516,7.882,-0.055,-0.011,-0.019,1800,0,0

1556827,5.401,1.504,7.867,-0.059,0.016,-0.013,1800,0,0

1556847,5.373,1.494,7.997,-0.065,0.025,-0.010,1799,0,0

1556867,5.341,1.499,8.085,-0.056,-0.001,-0.010,1800,0,0

1556887,5.401,1.489,7.934,-0.055,-0.010,-0.010,1800,0,0

1556907,5.397,1.549,7.824,-0.059,0.011,-0.005,1801,0,0

1556927,5.432,1.561,7.896,-0.065,0.035,0.008,1801,0,0

1556947,5.373,1.525,7.982,-0.062,0.042,0.018,1800,0,0

1556967,5.313,1.472,8.073,-0.072,0.023,0.017,1800,0,0

1556987,5.363,1.444,7.997,-0.063,0.002,0.013,1800,0,0

1557007,5.385,1.492,7.815,-0.062,0.013,0.002,1800,0,0

1557027,5.401,1.506,7.877,-0.062,0.043,0.002,1800,0,0

1557047,5.365,1.508,8.023,-0.064,0.050,0.001,1800,0,0

1557067,5.339,1.453,8.090,-0.066,0.029,-0.009,1801,0,0

1557087,5.351,1.489,7.961,-0.060,0.011,-0.013,1800,0,0

1557107,5.377,1.549,7.891,-0.064,0.022,-0.006,1800,0,0

1557127,5.373,1.561,7.889,-0.078,0.041,0.006,1800,0,0

1557147,5.375,1.441,7.999,-0.081,0.043,0.010,1801,0,0

1557167,5.294,1.448,8.054,-0.069,0.030,0.009,1801,0,0

1557187,5.344,1.456,8.049,-0.070,0.013,0.005,1799,0,0

1557207,5.353,1.463,7.915,-0.064,0.019,0.002,1800,0,0

1557227,5.365,1.492,7.927,-0.076,0.035,0.003,1800,0,0

1557247,5.310,1.499,8.068,-0.076,0.029,0.006,1800,0,0

1557267,5.377,1.446,8.071,-0.078,0.012,0.005,1800,0,0

1557287,5.365,1.405,7.951,-0.071,0.018,-0.006,1800,0,0

1557307,5.313,1.446,7.994,-0.076,0.024,-0.011,1799,0,0

1557327,5.332,1.496,8.088,-0.073,0.013,-0.006,1799,0,0

1557347,5.322,1.437,8.006,-0.071,0.004,-0.004,1799,0,0

1557367,5.341,1.372,7.927,-0.064,0.013,-0.013,1799,0,0

1557387,5.329,1.396,8.042,-0.055,0.014,-0.023,1800,0,0

1557407,5.339,1.480,8.085,-0.054,0.005,-0.023,1798,0,0

1557427,5.356,1.477,7.934,-0.056,0.003,-0.024,1800,0,0

1557447,5.368,1.525,7.896,-0.066,0.028,-0.016,1799,0,0

1557467,5.349,1.504,8.025,-0.063,0.036,-0.010,1799,0,0

1557487,5.282,1.475,8.090,-0.074,0.024,-0.012,1799,0,0

1557507,5.365,1.408,7.994,-0.069,0.017,-0.015,1799,0,0

1557527,5.351,1.437,7.908,-0.067,0.030,-0.017,1798,0,0

1557547,5.325,1.463,7.942,-0.065,0.046,-0.020,1800,0,0

1557567,5.306,1.530,8.037,-0.071,0.044,-0.015,1799,0,0

1557587,5.315,1.489,8.071,-0.073,0.032,-0.006,1799,0,0

1557607,5.303,1.398,7.982,-0.065,0.026,-0.006,1799,0,0

1557627,5.284,1.415,8.023,-0.060,0.041,-0.014,1799,0,0

1557647,5.301,1.453,8.040,-0.061,0.026,-0.016,1799,0,0

1557667,5.270,1.530,8.018,-0.061,0.027,-0.007,1798,0,0

1557687,5.289,1.504,8.064,-0.069,0.021,-0.001,1799,0,0

1557707,5.286,1.434,8.061,-0.065,0.014,-0.0031564677,5.310,1.942,7.906,0.000,-0.032,0.087,1790,0,0

1565684,5.291,1.767,7.999,-0.032,-0.002,-0.008,1794,0,0
1567705,5.222,1.834,8.016,-0.082,0.010,-0.013,1793,0,0

1568712,5.258,1.822,7.975,-0.039,0.031,-0.030,1795,0,0
1570733,5.236,1.946,8.016,-0.098,0.023,-0.046,1793,0,0

1571740,5.162,1.961,7.961,-0.058,0.008,-0.021,1794,0,0
1573761,4.877,1.369,8.188,-0.091,0.006,0.020,1790,0,0

1574768,4.645,1.590,8.133,-0.063,0.066,0.018,1800,0,0
1576789,4.906,1.894,8.068,-0.035,0.001,0.014,1800,0,0

1577796,4.934,2.258,8.016,-0.032,-0.007,-0.018,1798,0,0
1579817,5.076,2.308,7.882,-0.067,0.025,0.020,1798,0,0

1580824,4.626,1.829,8.238,-0.130,0.056,-0.043,1802,0,0
1582845,4.616,1.183,8.440,-0.030,-0.022,0.004,1797,0,0

1583852,4.882,1.867,8.040,0.007,-0.021,-0.044,1802,0,0
1585873,4.767,2.073,8.061,-0.087,0.017,-0.016,1803,0,0

1586880,4.906,2.284,8.023,-0.066,0.015,-0.009,1804,0,0
1588901,4.990,2.231,8.064,-0.065,0.021,-0.020,1803,0,0

1589908,4.939,2.322,8.004,-0.086,0.033,0.015,1803,0,0
1591929,5.272,2.696,7.659,-0.016,0.017,-0.068,1798,0,0

1592936,5.006,2.660,7.870,-0.062,0.020,-0.007,1804,0,0
1594957,5.176,2.595,7.827,-0.042,-0.006,0.000,1804,0,0

1595964,4.946,2.514,7.942,-0.052,-0.011,-0.012,1806,0,0

1597454,4.875,1.760,8.547,-0.211,-0.136,0.316,1806,0,0

1597462,4.793,1.686,8.602,-0.147,-0.192,0.325,1806,0,0

1597470,4.913,1.616,8.475,-0.147,-0.245,0.346,1806,0,0

1597478,4.939,1.420,8.485,-0.107,-0.265,0.295,1806,0,0

1597486,5.138,1.231,8.301,-0.074,-0.304,0.304,1807,0,0

1597494,5.236,1.125,8.056,-0.044,-0.303,0.293,1806,0,0

1597503,5.346,1.089,7.894,-0.074,-0.271,0.284,1806,0,0

1597511,5.397,1.006,7.793,-0.085,-0.237,0.260,1806,0,0

1597519,5.502,0.939,7.774,-0.100,-0.208,0.226,1807,0,0

1597527,5.459,1.010,7.721,-0.115,-0.168,0.192,1806,0,0

1597535,5.413,1.082,7.728,-0.139,-0.137,0.164,1807,0,0

1597543,5.425,1.228,7.841,-0.170,-0.114,0.144,1806,0,0

1597551,5.420,1.346,7.946,-0.193,-0.096,0.129,1807,0,0

1597559,5.437,1.403,8.009,-0.192,-0.091,0.121,1807,0,0

1597567,5.425,1.460,8.047,-0.172,-0.096,0.122,1807,0,0

1597575,5.418,1.460,8.023,-0.149,-0.105,0.130,1807,0,0

1597583,5.413,1.460,7.970,-0.140,-0.109,0.142,1808,0,0

1597591,5.449,1.396,8.021,-0.153,-0.119,0.154,1807,0,0

1597599,5.442,1.209,8.107,-0.129,-0.134,0.154,1808,0,0

1597607,5.490,1.116,8.004,-0.106,-0.142,0.152,1808,0,0

1597615,5.452,0.948,7.894,-0.102,-0.139,0.149,1808,0,0

1597623,5.507,0.915,7.884,-0.064,-0.135,0.129,1808,0,0

1597631,5.624,0.924,7.836,-0.066,-0.125,0.095,1808,0,0

1597639,5.610,0.898,7.764,-0.076,-0.093,0.062,1808,0,0

1597648,5.595,0.886,7.719,-0.081,-0.068,0.037,1807,0,0

1597656,5.622,0.953,7.738,-0.078,-0.036,0.011,1807,0,0

1597664,5.636,1.094,7.743,-0.076,-0.013,-0.004,1807,0,0

1597672,5.588,1.171,7.767,-0.070,0.013,-0.015,1807,0,0

1597681,5.528,1.223,7.810,-0.071,0.029,-0.022,1807,0,0

1597689,5.488,1.267,7.908,-0.078,0.035,-0.028,1807,0,0

1597697,5.490,1.250,7.910,-0.088,0.037,-0.033,1808,0,0

1597705,5.533,1.188,7.934,-0.094,0.040,-0.039,1808,0,0

1597713,5.540,1.209,7.898,-0.092,0.051,-0.043,1809,0,0

1597721,5.471,1.264,7.870,-0.091,0.063,-0.044,1806,0,0

1597730,5.423,1.286,7.925,-0.087,0.061,-0.042,1806,0,0

1597738,5.399,1.331,7.985,-0.084,0.056,-0.037,1808,0,0

1597746,5.389,1.379,8.030,-0.087,0.045,-0.029,1805,0,0

1597754,5.418,1.365,8.095,-0.085,0.025,-0.021,1807,0,0

1597762,5.452,1.317,8.068,-0.083,0.015,-0.017,1807,0,0

1597770,5.452,1.240,8.040,-0.080,0.008,-0.015,1806,0,0

1597779,5.449,1.125,8.011,-0.072,0.010,-0.021,1807,0,0

1597787,5.459,1.037,7.954,-0.062,0.014,-0.030,1807,0,0

1597795,5.461,0.989,7.961,-0.048,0.019,-0.045,1809,0,0

1597803,5.449,1.027,7.975,-0.027,0.020,-0.061,1806,0,0

1597811,5.449,1.104,7.944,-0.023,0.022,-0.068,1806,0,0

1597819,5.428,1.269,7.927,-0.033,0.031,-0.068,1806,0,0

1597827,5.466,1.396,7.975,-0.045,0.032,-0.066,1806,0,0

1597836,5.454,1.482,8.006,-0.054,0.032,-0.055,1807,0,0

1597844,5.428,1.583,7.961,-0.066,0.031,-0.037,1807,0,0

1597852,5.373,1.611,7.951,-0.080,0.029,-0.015,1806,0,0

1597860,5.373,1.585,7.994,-0.089,0.020,0.003,1808,0,0

1597868,5.401,1.489,7.992,-0.090,0.011,0.016,1808,0,0

1597876,5.430,1.362,7.958,-0.085,0.010,0.026,1806,0,0

1597884,5.464,1.238,7.989,-0.076,0.011,0.029,1807,0,0

1597892,5.485,1.089,7.987,-0.068,0.014,0.022,1807,0,0

1597900,5.452,1.022,7.985,-0.062,0.019,0.007,1808,0,0

1597908,5.420,0.970,7.987,-0.059,0.021,-0.010,1807,0,0

1597916,5.437,0.989,8.047,-0.055,0.019,-0.029,1807,0,0

1597925,5.456,1.037,8.078,-0.044,0.012,-0.046,1806,0,0

1597933,5.397,1.199,8.049,-0.033,0.005,-0.053,1806,0,0

1597941,5.320,1.377,8.016,-0.033,-0.004,-0.044,1808,0,0

1597949,5.339,1.544,8.025,-0.038,-0.015,-0.026,1808,0,0

1597957,5.392,1.638,8.021,-0.039,-0.023,-0.004,1808,0,0

1597965,5.425,1.628,7.966,-0.038,-0.028,0.015,1805,0,0

1597973,5.447,1.563,7.951,-0.034,-0.032,0.031,1807,0,0

1597981,5.432,1.444,7.949,-0.030,-0.035,0.045,1806,0,0

1597989,5.461,1.298,7.896,-0.034,-0.034,0.048,1808,0,0

1597998,5.480,1.144,7.913,-0.041,-0.032,0.039,1808,0,0

1598006,5.454,1.041,7.951,-0.040,-0.032,0.025,1805,0,0

1598014,5.440,0.962,8.025,-0.030,-0.038,0.010,1806,0,0

1598022,5.444,1.001,8.045,-0.015,-0.046,-0.003,1806,0,0

1598030,5.444,1.118,8.021,-0.008,-0.050,-0.012,1807,0,0

1598038,5.452,1.264,7.994,-0.010,-0.055,-0.014,1807,0,0

1598046,5.471,1.358,8.006,-0.016,-0.056,-0.014,1807,0,0

1598054,5.492,1.415,7.977,-0.014,-0.057,-0.014,1806,0,0

1598062,5.461,1.425,7.934,-0.014,-0.055,-0.007,1805,0,0

1598071,5.456,1.437,7.927,-0.013,-0.058,0.005,1808,0,0

1598079,5.471,1.441,7.942,-0.013,-0.061,0.017,1807,0,0

1598087,5.488,1.381,7.934,-0.013,-0.061,0.027,1805,0,0

1598095,5.495,1.334,7.920,-0.011,-0.062,0.031,1806,0,0

1598103,5.519,1.336,7.879,-0.014,-0.064,0.032,1805,0,0

1598111,5.557,1.317,7.894,-0.014,-0.061,0.029,1807,0,0

1598119,5.531,1.276,7.942,-0.012,-0.061,0.025,1805,0,0

1598127,5.514,1.262,7.994,-0.007,-0.070,0.024,1806,0,0

1598135,5.504,1.269,8.052,0.001,-0.081,0.026,1807,0,0

1598144,5.521,1.305,7.989,-0.000,-0.088,0.027,1806,0,0

1598152,5.528,1.377,7.882,-0.004,-0.091,0.025,1807,0,0

1598160,5.559,1.377,7.798,-0.010,-0.085,0.023,1806,0,0

1598168,5.581,1.343,7.733,-0.017,-0.074,0.023,1806,0,0

1598176,5.602,1.334,7.714,-0.019,-0.058,0.023,1803,0,0

1598184,5.622,1.326,7.774,-0.014,-0.046,0.024,1806,0,0

1598192,5.593,1.324,7.865,-0.006,-0.043,0.026,1805,0,0

1598201,5.559,1.305,7.961,-0.002,-0.051,0.031,1805,0,0

1598209,5.545,1.334,7.977,-0.000,-0.062,0.034,1805,0,0

1598217,5.574,1.377,7.999,-0.001,-0.076,0.034,1805,0,0

1598225,5.574,1.384,8.080,0.007,-0.098,0.032,1804,0,0

1598233,5.555,1.353,8.100,0.017,-0.116,0.036,1801,0,0

1598241,5.533,1.379,7.980,0.019,-0.126,0.048,1803,0,0

1598249,5.559,1.463,7.910,0.018,-0.129,0.057,1803,0,0

1598257,5.610,1.506,7.829,0.016,-0.131,0.060,1804,0,0

1598265,5.646,1.456,7.757,0.005,-0.123,0.057,1800,0,0

1598274,5.650,1.396,7.709,-0.002,-0.111,0.055,1802,0,0

1598282,5.653,1.381,7.843,0.015,-0.119,0.054,1802,0,0

1598290,5.646,1.367,8.073,0.039,-0.152,0.054,1798,0,0

1598298,5.626,1.398,8.222,0.064,-0.184,0.073,1797,0,0

1598306,5.619,1.508,8.234,0.080,-0.214,0.108,1798,0,0

1598314,5.689,1.635,8.205,0.110,-0.257,0.133,1794,0,0

1598322,5.729,1.635,7.925,0.087,-0.268,0.153,1795,0,0

1598331,5.746,1.587,7.489,0.041,-0.257,0.174,1793,0,0

1598339,5.746,1.456,7.403,0.008,-0.234,0.175,1795,0,0

1598347,5.880,1.331,7.298,0.020,-0.217,0.156,1792,0,0

1598355,5.909,1.281,7.719,0.014,-0.207,0.135,1793,0,0

1598363,5.997,1.228,8.028,0.029,-0.224,0.122,1790,0,0

1598371,5.904,1.384,7.812,0.004,-0.224,0.139,1790,0,0

1598379,5.823,1.492,7.903,0.009,-0.256,0.165,1789,0,0

1598387,5.717,1.652,7.305,-0.074,-0.233,0.168,1788,0,0

1598396,5.851,1.389,7.408,-0.141,-0.226,0.160,1787,0,0

1598404,6.017,0.994,7.781,-0.053,-0.226,0.124,1786,0,0

1598412,5.981,1.235,7.575,-0.005,-0.222,0.123,1784,0,0

1598420,6.067,1.408,7.479,-0.042,-0.209,0.116,1786,0,0

1598428,6.026,1.609,7.288,-0.178,-0.182,0.131,1784,0,0

1598436,5.885,1.190,7.163,-0.229,-0.147,0.135,1784,0,0

1598444,6.009,1.120,7.451,-0.159,-0.135,0.111,1784,38,0

1598452,6.098,1.290,7.482,-0.126,-0.103,0.098,1786,1825,200

1598461,6.213,1.104,7.506,-0.171,-0.080,0.077,1780,2423,200

1598469,6.201,1.161,7.518,-0.163,-0.064,0.059,1780,2732,200

1598477,6.203,1.180,7.434,-0.153,-0.046,0.042,1780,2963,200

1598485,5.990,1.166,7.398,-0.168,-0.021,0.025,1779,3057,200

1598493,6.134,1.087,7.412,-0.177,-0.026,0.022,1777,3147,200

1598501,6.340,1.453,7.681,-0.218,-0.017,0.012,1776,3296,200

1598510,6.136,1.362,7.666,-0.225,-0.017,0.004,1776,3472,200

1598518,5.830,1.003,7.628,-0.215,-0.024,-0.010,1774,3639,200

1598526,5.804,1.116,7.609,-0.201,-0.035,-0.018,1775,3804,200

1598534,5.708,0.905,7.513,-0.209,-0.040,-0.019,1774,3971,200

1598542,5.636,0.795,7.398,-0.200,-0.043,-0.017,1773,4051,200

1598550,5.631,0.745,7.355,-0.166,-0.041,-0.009,1771,4080,200

1598559,5.720,0.759,7.341,-0.131,-0.038,0.000,1772,4095,200

1598567,5.847,0.895,7.312,-0.103,-0.028,0.007,1770,4095,200

1598575,5.722,0.941,7.269,-0.097,-0.001,0.004,1771,4095,200

1598583,5.729,0.958,7.290,-0.106,0.012,0.014,1770,4095,200

1598591,5.753,0.915,7.391,-0.110,0.019,0.025,1769,4095,200

1598599,5.863,1.008,7.527,-0.092,0.010,0.035,1767,4095,200

1598607,6.009,1.123,7.640,-0.085,-0.005,0.040,1768,4095,200

1598615,6.136,1.154,7.654,-0.095,-0.021,0.045,1768,4095,200

1598623,6.249,1.120,7.645,-0.091,-0.029,0.042,1770,4095,200

1598631,6.316,1.226,7.647,-0.069,-0.033,0.035,1771,4095,200

1598639,6.385,1.331,7.585,-0.053,-0.033,0.031,1768,4095,200

1598648,6.165,1.197,7.501,-0.050,-0.033,0.029,1769,4095,200

1598656,6.297,1.255,7.580,-0.052,-0.032,0.033,1772,4095,200

1598664,6.364,1.312,7.537,-0.045,-0.029,0.038,1770,4095,200

1598673,6.563,1.295,7.961,-0.011,-0.062,0.039,1772,4095,200

1598681,6.512,1.650,7.424,-0.037,-0.041,0.043,1773,4095,200

1598689,6.436,1.286,7.307,-0.092,-0.021,0.046,1771,4095,200

1598697,6.510,1.288,7.475,-0.094,0.011,0.037,1773,4095,200

1598705,6.584,1.223,7.645,-0.087,0.025,0.020,1772,4095,200

1598713,6.582,1.310,7.661,-0.092,0.030,0.010,1771,4095,200

1598721,6.594,1.346,7.736,-0.098,0.025,0.003,1773,4095,200

1598729,6.594,1.353,7.740,-0.084,0.018,-0.001,1772,4095,200

1598737,6.630,1.393,7.717,-0.063,0.006,-0.004,1772,4095,200

1598746,6.618,1.444,7.709,-0.064,0.005,-0.008,1774,4095,200

1598754,6.586,1.580,7.654,-0.068,0.003,-0.005,1773,4095,200

1598762,6.656,1.542,7.573,-0.078,0.004,0.010,1772,4095,200

1598770,6.615,1.530,7.606,-0.089,0.024,0.014,1772,4095,200

1598778,6.584,1.417,7.678,-0.084,0.029,0.015,1776,4095,200

1598786,6.613,1.422,7.724,-0.070,0.033,0.011,1773,4095,200

1598794,6.610,1.487,7.743,-0.070,0.034,0.003,1773,4095,200

1598802,6.563,1.516,7.757,-0.076,0.035,-0.001,1773,4095,200

1598811,6.505,1.487,7.779,-0.076,0.034,-0.003,1773,4095,200

1598819,6.450,1.482,7.774,-0.073,0.027,-0.006,1770,4095,200

1598827,6.407,1.444,7.705,-0.071,0.022,-0.011,1774,4095,200

1598835,6.342,1.413,7.666,-0.069,0.019,-0.014,1774,4095,200

1598843,6.302,1.415,7.652,-0.068,0.015,-0.014,1772,4095,200

1598851,6.572,1.530,7.647,-0.074,0.010,0.001,1775,4095,200

1598859,6.519,1.425,7.681,-0.084,0.014,0.003,1772,4095,200

1598867,6.483,1.425,7.707,-0.077,0.015,0.003,1774,4095,200

1598875,6.445,1.446,7.640,-0.085,0.018,-0.002,1772,4095,200

1598883,6.419,1.377,7.575,-0.101,0.026,-0.010,1773,4095,200

1598892,6.282,1.307,7.618,-0.102,0.035,-0.018,1775,4095,200

1598900,6.203,1.240,7.673,-0.090,0.034,-0.025,1775,4095,200

1598908,6.155,1.257,7.666,-0.081,0.027,-0.030,1773,4095,200

1598916,6.108,1.221,7.621,-0.077,0.026,-0.035,1774,4095,200

1598924,6.045,1.185,7.561,-0.071,0.027,-0.040,1775,4095,200

1598932,5.954,1.156,7.520,-0.058,0.031,-0.044,1773,4095,200

1598940,6.285,1.396,7.592,-0.056,0.030,-0.035,1775,4095,200

1598948,6.189,1.353,7.599,-0.060,0.032,-0.040,1774,4095,200

1598956,6.081,1.336,7.587,-0.060,0.031,-0.044,1776,4095,200

1598964,5.962,1.243,7.628,-0.063,0.027,-0.056,1775,4095,200

1598973,5.938,1.128,7.618,-0.054,0.017,-0.076,1776,4046,200

1598981,5.964,0.996,7.573,-0.028,0.007,-0.099,1775,3974,200

1598989,5.918,0.888,7.496,0.004,0.006,-0.121,1775,3844,200

1598997,5.777,0.809,7.434,0.044,0.013,-0.141,1775,3653,200

1599005,6.105,1.231,7.345,0.081,0.038,-0.147,1775,2975,200

1599013,6.146,1.369,7.144,0.085,0.077,-0.169,1776,1720,200

1599021,6.223,1.317,7.034,0.046,0.144,-0.193,1778,26,0

1599030,6.206,1.233,7.001,-0.004,0.226,-0.218,1777,0,0

1599038,6.115,1.250,7.089,-0.042,0.292,-0.235,1777,0,0

1599046,6.029,0.974,7.140,-0.096,0.335,-0.245,1778,0,0

1599054,6.165,0.931,7.398,-0.239,0.357,-0.269,1776,0,0

1599062,5.938,0.960,7.997,-0.226,0.338,-0.267,1780,0,0

1599071,5.605,1.243,7.939,-0.202,0.304,-0.261,1778,0,0

1599079,5.650,1.525,7.719,-0.224,0.271,-0.244,1780,0,0

1599087,5.820,1.365,7.942,-0.218,0.247,-0.244,1779,0,0

1599095,5.945,1.279,8.116,-0.185,0.214,-0.258,1784,0,0

1599103,5.899,1.228,8.028,-0.173,0.195,-0.261,1780,0,0

1599111,5.849,1.171,7.812,-0.184,0.189,-0.260,1782,0,0

1599119,5.806,1.262,7.640,-0.197,0.191,-0.252,1785,0,0

1599127,5.813,1.415,7.575,-0.228,0.201,-0.231,1786,0,0

1599135,5.741,1.578,7.523,-0.221,0.213,-0.203,1786,0,0

1599143,5.739,1.599,7.642,-0.229,0.221,-0.174,1786,0,0

1599152,5.748,1.645,7.930,-0.237,0.207,-0.140,1787,0,0

1599160,5.715,1.640,8.083,-0.211,0.177,-0.115,1789,0,0

1599168,5.646,1.635,8.191,-0.181,0.143,-0.079,1788,0,0

1599176,5.602,1.635,8.176,-0.143,0.099,-0.048,1790,0,0

1599184,5.636,1.590,8.076,-0.123,0.064,-0.017,1790,0,0

1599192,5.665,1.489,7.927,-0.111,0.041,0.004,1790,0,0

1599200,5.684,1.358,7.817,-0.100,0.029,0.017,1791,0,0

1599209,5.729,1.209,7.745,-0.075,0.024,0.022,1790,0,0

1599217,5.806,1.152,7.743,-0.059,0.031,0.020,1791,0,0

1599225,5.794,1.132,7.736,-0.056,0.039,0.013,1790,0,0

1599233,5.732,1.094,7.738,-0.057,0.041,0.006,1791,0,0

1599241,5.748,1.094,7.779,-0.057,0.037,-0.001,1789,0,0

1599249,5.763,1.166,7.827,-0.059,0.029,-0.007,1792,0,0

1599257,5.792,1.188,7.867,-0.064,0.023,-0.012,1792,0,0

1599266,5.789,1.207,7.934,-0.062,0.018,-0.016,1789,0,0

1599274,5.698,1.183,7.927,-0.056,0.007,-0.020,1791,0,0

1599282,5.691,1.226,7.903,-0.047,-0.005,-0.020,1790,0,0

1599290,5.708,1.295,7.843,-0.043,-0.011,-0.016,1791,0,0

1599298,5.708,1.307,7.800,-0.043,-0.009,-0.013,1792,0,0

1599307,5.677,1.319,7.740,-0.045,-0.004,-0.010,1790,0,0

1599315,5.708,1.293,7.726,-0.052,0.002,-0.007,1790,0,0

1599323,5.763,1.264,7.745,-0.058,0.009,-0.005,1792,0,0

1599331,5.784,1.243,7.731,-0.057,0.019,-0.005,1791,0,0

1599339,5.794,1.214,7.786,-0.054,0.027,-0.008,1791,0,0

1599347,5.710,1.211,7.815,-0.055,0.026,-0.009,1792,0,0

1599355,5.689,1.211,7.858,-0.060,0.018,-0.011,1790,0,0

1599363,5.768,1.173,7.894,-0.064,0.011,-0.015,1791,0,0

1599372,5.806,1.130,7.865,-0.059,0.007,-0.026,1791,0,0

1599380,5.739,1.140,7.853,-0.046,0.004,-0.035,1792,0,0

1599388,5.669,1.192,7.817,-0.041,0.001,-0.040,1790,0,0

1599396,5.693,1.250,7.769,-0.046,-0.002,-0.040,1792,0,0

1599404,5.799,1.290,7.755,-0.048,0.004,-0.041,1792,0,0

1599412,5.770,1.298,7.673,-0.052,0.012,-0.043,1790,0,0

1599420,5.717,1.350,7.690,-0.054,0.023,-0.040,1792,0,0

1599428,5.710,1.401,7.774,-0.062,0.026,-0.033,1790,0,0

1599436,5.708,1.384,7.805,-0.070,0.028,-0.022,1791,0,0

1599445,5.672,1.358,7.815,-0.059,0.020,-0.011,1790,0,0

1599453,5.703,1.271,7.865,-0.066,0.015,-0.006,1791,0,0

1599461,5.691,1.252,7.846,-0.067,0.008,-0.004,1790,0,0

1599469,5.746,1.219,7.819,-0.066,0.004,-0.008,1792,0,0

1599478,5.804,1.156,7.800,-0.064,0.008,-0.015,1793,0,0

1599486,5.792,1.109,7.769,-0.063,0.017,-0.026,1792,0,0

1599494,5.780,1.106,7.748,-0.057,0.021,-0.036,1792,0,0

1599502,5.746,1.154,7.740,-0.053,0.025,-0.043,1791,0,0

1599510,5.753,1.178,7.738,-0.057,0.029,-0.051,1791,0,0

1599518,5.725,1.211,7.755,-0.062,0.037,-0.059,1792,0,0

1599526,5.674,1.240,7.812,-0.065,0.036,-0.061,1792,0,0

1599534,5.679,1.310,7.819,-0.070,0.029,-0.055,1791,0,0

1599542,5.729,1.360,7.853,-0.070,0.026,-0.047,1790,0,0

1599551,5.703,1.374,7.843,-0.062,0.026,-0.042,1791,0,0

1599559,5.660,1.393,7.798,-0.056,0.021,-0.031,1793,0,0

1599567,5.665,1.396,7.745,-0.055,0.014,-0.019,1792,0,0

1599575,5.737,1.413,7.714,-0.059,0.015,-0.008,1792,0,0

1599583,5.751,1.353,7.724,-0.062,0.022,-0.006,1792,0,0

1599591,5.720,1.279,7.752,-0.063,0.027,-0.008,1793,0,0

1599599,5.703,1.209,7.812,-0.065,0.025,-0.008,1791,0,0

1599607,5.765,1.166,7.848,-0.064,0.022,-0.009,1792,0,0

1599615,5.789,1.149,7.822,-0.060,0.024,-0.016,1791,0,0

1599624,5.753,1.185,7.788,-0.055,0.031,-0.026,1791,0,0

1599632,5.672,1.188,7.791,-0.052,0.031,-0.030,1792,0,0

1599640,5.698,1.247,7.831,-0.050,0.030,-0.028,1792,0,0

1599648,5.713,1.262,7.843,-0.044,0.026,-0.028,1793,0,0

1599656,5.679,1.274,7.865,-0.035,0.021,-0.030,1792,0,0

1599665,5.624,1.353,7.812,-0.029,0.013,-0.025,1792,0,0

1599673,5.648,1.427,7.863,-0.037,0.004,-0.014,1794,0,0

1599681,5.698,1.439,7.867,-0.050,-0.003,-0.005,1791,0,0

1599689,5.720,1.408,7.791,-0.053,-0.008,-0.003,1792,0,0

1599697,5.751,1.350,7.728,-0.054,-0.003,-0.003,1793,0,0

1599705,5.748,1.341,7.661,-0.058,0.010,-0.003,1792,0,0

1599713,5.756,1.310,7.649,-0.065,0.024,-0.006,1792,0,0

1599721,5.768,1.233,7.717,-0.066,0.036,-0.011,1792,0,0

1599729,5.765,1.173,7.738,-0.064,0.043,-0.021,1792,0,0

1599738,5.657,1.173,7.846,-0.055,0.043,-0.030,1794,0,0

1599746,5.636,1.243,7.913,-0.048,0.031,-0.029,1793,0,0

1599754,5.653,1.317,7.982,-0.048,0.012,-0.022,1791,0,0

1599762,5.684,1.379,7.946,-0.052,-0.005,-0.018,1793,0,0

1599770,5.722,1.396,7.855,-0.047,-0.015,-0.017,1794,0,0

1599778,5.701,1.401,7.784,-0.047,-0.017,-0.014,1792,0,0

1599786,5.715,1.379,7.695,-0.055,-0.011,-0.011,1792,0,0

1599795,5.756,1.307,7.630,-0.063,0.003,-0.009,1793,0,0

1599803,5.808,1.247,7.628,-0.065,0.022,-0.011,1792,0,0

1599811,5.801,1.221,7.666,-0.063,0.041,-0.021,1794,0,0

1599819,5.751,1.228,7.774,-0.064,0.051,-0.029,1791,0,0

1599827,5.686,1.209,7.901,-0.064,0.047,-0.034,1793,0,0

1599835,5.631,1.259,8.004,-0.062,0.031,-0.032,1792,0,0

1599844,5.612,1.336,8.073,-0.052,0.009,-0.029,1793,0,0

1599852,5.622,1.408,7.982,-0.042,-0.016,-0.024,1791,0,0

1599860,5.648,1.425,7.855,-0.041,-0.029,-0.019,1794,0,0

1599868,5.696,1.396,7.762,-0.046,-0.031,-0.016,1792,0,0

1599876,5.722,1.355,7.666,-0.053,-0.025,-0.015,1792,0,0

1599884,5.729,1.336,7.630,-0.059,-0.010,-0.015,1792,0,0

1599893,5.748,1.334,7.633,-0.060,0.006,-0.015,1794,0,0

1599901,5.737,1.348,7.721,-0.065,0.016,-0.013,1792,0,0

1599909,5.717,1.343,7.810,-0.067,0.017,-0.008,1792,0,0

1599917,5.734,1.300,7.860,-0.063,0.010,-0.007,1793,0,0

1599925,5.729,1.300,7.877,-0.056,0.002,-0.009,1793,0,0

1599933,5.729,1.262,7.817,-0.051,-0.005,-0.014,1791,0,0

1599941,5.737,1.262,7.769,-0.050,-0.003,-0.019,1792,0,0

1599949,5.713,1.238,7.762,-0.050,0.002,-0.024,1792,0,0

1599958,5.720,1.214,7.752,-0.056,0.007,-0.032,1794,0,0

1599966,5.744,1.209,7.767,-0.062,0.014,-0.041,1795,0,0

1599974,5.737,1.255,7.762,-0.059,0.016,-0.047,1792,0,0

1599982,5.698,1.358,7.776,-0.055,0.019,-0.043,1793,0,0

1599990,5.660,1.463,7.815,-0.058,0.018,-0.032,1792,0,0

1599998,5.653,1.518,7.889,-0.060,0.010,-0.020,1792,0,0

1600006,5.672,1.539,7.894,-0.058,0.002,-0.010,1792,0,0

1600015,5.665,1.518,7.855,-0.057,-0.004,-0.001,1793,0,0

1600023,5.677,1.456,7.836,-0.056,-0.007,0.009,1793,0,0

1600031,5.710,1.331,7.776,-0.056,-0.007,0.012,1792,0,0

1600039,5.720,1.255,7.733,-0.055,-0.002,0.011,1793,0,0

1600047,5.725,1.199,7.724,-0.054,0.005,0.004,1792,0,0

1600055,5.760,1.159,7.736,-0.056,0.011,-0.007,1792,0,0

1600064,5.768,1.156,7.791,-0.055,0.014,-0.018,1793,0,0

1600072,5.758,1.178,7.815,-0.051,0.015,-0.026,1791,0,0

1600080,5.713,1.269,7.803,-0.048,0.013,-0.031,1791,0,0

1600088,5.689,1.401,7.815,-0.050,0.008,-0.028,1792,0,0

1600096,5.681,1.453,7.800,-0.056,0.005,-0.024,1792,0,0

1600104,5.691,1.470,7.748,-0.054,0.004,-0.016,1793,0,0

1600112,5.722,1.451,7.736,-0.050,0.003,-0.008,1794,0,0

1600120,5.734,1.415,7.731,-0.050,0.006,-0.003,1792,0,0

1600129,5.739,1.369,7.743,-0.052,0.009,0.000,1794,0,0

1600137,5.725,1.341,7.786,-0.054,0.011,0.001,1792,0,0

1600145,5.696,1.319,7.788,-0.056,0.007,0.003,1792,0,0

1600153,5.717,1.310,7.781,-0.057,0.003,0.003,1791,0,0

1600161,5.756,1.288,7.788,-0.058,0.003,-0.001,1791,0,0

1600169,5.756,1.286,7.788,-0.057,0.005,-0.008,1792,0,0

1600177,5.737,1.293,7.762,-0.057,0.010,-0.013,1793,0,0

1600186,5.715,1.331,7.755,-0.058,0.014,-0.016,1791,0,0

1600194,5.703,1.350,7.805,-0.059,0.015,-0.017,1792,0,0

1600202,5.686,1.377,7.817,-0.058,0.011,-0.014,1791,0,0

1600210,5.708,1.384,7.827,-0.057,0.007,-0.011,1792,0,0

1600218,5.741,1.384,7.817,-0.055,0.005,-0.009,1791,0,0

1600226,5.734,1.372,7.752,-0.054,0.007,-0.010,1794,0,0

1600234,5.701,1.367,7.740,-0.054,0.012,-0.009,1790,0,0

1600242,5.701,1.369,7.743,-0.059,0.015,-0.007,1791,0,0

1600250,5.713,1.358,7.764,-0.064,0.015,-0.005,1791,0,0

1600259,5.727,1.331,7.815,-0.064,0.015,-0.006,1791,0,0

1600267,5.715,1.341,7.805,-0.057,0.013,-0.009,1791,0,0

1600275,5.710,1.346,7.798,-0.056,0.010,-0.011,1793,0,0

1600283,5.729,1.362,7.793,-0.059,0.007,-0.012,1791,0,0

1600291,5.710,1.372,7.796,-0.060,0.006,-0.015,1792,0,0

1600299,5.691,1.381,7.779,-0.059,0.003,-0.016,1793,0,0

1600307,5.681,1.398,7.786,-0.058,-0.001,-0.015,1792,0,0

1600315,5.717,1.393,7.791,-0.055,-0.004,-0.011,1793,0,0

1600324,5.727,1.384,7.774,-0.054,-0.005,-0.007,1792,0,0

1600332,5.703,1.353,7.772,-0.052,-0.005,-0.006,1792,0,0

1600340,5.722,1.326,7.724,-0.051,-0.005,-0.005,1792,0,0

1600348,5.744,1.341,7.760,-0.053,0.001,-0.005,1791,0,0

1600356,5.734,1.374,7.757,-0.056,0.003,-0.007,1793,0,0

1600364,5.729,1.358,7.803,-0.058,0.003,-0.005,1792,0,0

1600372,5.751,1.358,7.786,-0.055,0.002,-0.003,1794,0,0

1600380,5.727,1.379,7.772,-0.052,0.002,-0.002,1792,0,0

1600389,5.727,1.381,7.757,-0.052,0.001,-0.001,1793,0,0

1600397,5.775,1.365,7.769,-0.052,0.004,-0.001,1794,0,0

1600405,5.777,1.312,7.776,-0.053,0.008,-0.005,1793,0,0

1600413,5.748,1.295,7.752,-0.052,0.014,-0.009,1793,0,0

1600422,5.753,1.283,7.748,-0.052,0.017,-0.012,1794,0,0

1600430,5.734,1.324,7.781,-0.054,0.017,-0.017,1793,0,0

1600438,5.701,1.355,7.757,-0.053,0.016,-0.021,1792,0,0

1600446,5.696,1.384,7.788,-0.054,0.015,-0.018,1792,0,0

1600454,5.686,1.441,7.788,-0.055,0.013,-0.013,1793,0,0

1600462,5.689,1.468,7.764,-0.057,0.008,-0.007,1793,0,0

1600470,5.717,1.458,7.769,-0.058,0.004,-0.000,1792,0,0

1600479,5.753,1.427,7.772,-0.058,0.003,0.003,1795,0,0

1600487,5.780,1.350,7.733,-0.058,0.003,0.003,1794,0,0

1600495,5.782,1.329,7.702,-0.058,0.006,0.001,1792,0,0

1600503,5.784,1.293,7.702,-0.057,0.011,-0.002,1791,0,0

1600511,5.782,1.293,7.707,-0.057,0.018,-0.007,1793,0,0

1600519,5.770,1.290,7.740,-0.055,0.022,-0.012,1793,0,0

1600527,5.744,1.293,7.807,-0.053,0.022,-0.018,1792,0,0

1600535,5.737,1.302,7.831,-0.052,0.017,-0.020,1794,0,0

1600544,5.732,1.358,7.839,-0.052,0.011,-0.021,1792,0,0

1600552,5.701,1.410,7.812,-0.055,0.004,-0.019,1792,0,0

1600560,5.705,1.434,7.779,-0.058,0.000,-0.014,1792,0,0

1600568,5.729,1.456,7.772,-0.061,-0.001,-0.007,1791,0,0

1600576,5.763,1.463,7.733,-0.061,0.001,-0.003,1793,0,0

1600584,5.753,1.422,7.678,-0.060,0.007,0.001,1795,0,0

1600592,5.751,1.401,7.676,-0.059,0.015,0.007,1792,0,0

1600600,5.744,1.355,7.712,-0.058,0.021,0.009,1792,0,0

1600608,5.741,1.319,7.760,-0.057,0.024,0.009,1793,0,0

1600616,5.734,1.336,7.774,-0.056,0.025,0.009,1794,0,0

1600624,5.720,1.360,7.836,-0.057,0.023,0.007,1791,0,0

1600633,5.717,1.374,7.872,-0.059,0.013,0.004,1794,0,0

1600641,5.713,1.336,7.867,-0.059,0.002,0.003,1793,0,0

1600649,5.717,1.360,7.822,-0.058,-0.008,0.001,1793,0,0

1600657,5.725,1.360,7.748,-0.058,-0.009,-0.004,1792,0,0
