
1021787,5.435,2.351,7.731,-0.088,0.016,0.004,1816,0,0

1021795,5.447,2.315,7.748,-0.080,0.013,-0.001,1816,0,0

1021803,5.449,2.303,7.695,-0.072,0.011,-0.007,1816,0,0

1021811,5.432,2.310,7.695,-0.065,0.014,-0.011,1815,0,0

1021819,5.435,2.346,7.661,-0.059,0.021,-0.011,1814,0,0

1021827,5.409,2.409,7.652,-0.058,0.027,-0.012,1814,0,0

1021836,5.394,2.447,7.666,-0.059,0.033,-0.011,1814,0,0

1021844,5.382,2.464,7.671,-0.061,0.036,-0.009,1814,0,0

1021852,5.363,2.492,7.709,-0.066,0.035,-0.005,1814,0,0

1021860,5.346,2.492,7.776,-0.072,0.028,0.000,1813,0,0

1021868,5.332,2.471,7.807,-0.075,0.016,0.005,1813,0,0

1021876,5.349,2.430,7.822,-0.074,0.002,0.008,1812,0,0

1021885,5.385,2.397,7.805,-0.071,-0.007,0.010,1813,0,0

1021893,5.397,2.363,7.726,-0.067,-0.011,0.009,1816,0,0

1021901,5.406,2.332,7.695,-0.063,-0.009,0.007,1816,0,0

1021909,5.392,2.308,7.695,-0.056,-0.004,0.004,1814,0,0

1021917,5.380,2.339,7.700,-0.053,-0.001,-0.002,1815,0,0

1021925,5.363,2.342,7.717,-0.052,-0.001,-0.005,1815,0,0

1021933,5.329,2.354,7.798,-0.046,-0.006,-0.007,1816,0,0

1021941,5.332,2.365,7.858,-0.041,-0.018,-0.010,1815,0,0

1021950,5.353,2.394,7.865,-0.038,-0.030,-0.011,1814,0,0

1021958,5.349,2.406,7.781,-0.036,-0.041,-0.014,1814,0,0

1021966,5.356,2.406,7.769,-0.034,-0.049,-0.018,1813,0,0

1021974,5.389,2.411,7.750,-0.035,-0.056,-0.018,1817,0,0

1021982,5.392,2.406,7.724,-0.037,-0.058,-0.019,1813,0,0

1021990,5.430,2.423,7.654,-0.037,-0.054,-0.019,1815,0,0

1021998,5.444,2.430,7.630,-0.040,-0.049,-0.019,1816,0,0

1022007,5.466,2.437,7.647,-0.042,-0.046,-0.018,1812,0,0

1022015,5.490,2.447,7.647,-0.039,-0.043,-0.019,1814,0,0

1022023,5.476,2.452,7.638,-0.039,-0.042,-0.017,1815,0,0

1022031,5.502,2.466,7.647,-0.045,-0.041,-0.013,1812,0,0

1022039,5.480,2.433,7.582,-0.049,-0.038,-0.011,1814,0,0

1022047,5.464,2.389,7.580,-0.049,-0.036,-0.011,1814,0,0

1022055,5.478,2.377,7.582,-0.046,-0.033,-0.012,1816,0,0

1022064,5.490,2.394,7.609,-0.046,-0.023,-0.014,1815,0,0

1022072,5.497,2.401,7.592,-0.050,-0.016,-0.017,1814,0,0

1022080,5.526,2.411,7.626,-0.054,-0.011,-0.020,1813,0,0

1022088,5.526,2.425,7.640,-0.055,-0.009,-0.023,1815,0,0

1022096,5.526,2.425,7.647,-0.054,-0.009,-0.022,1813,0,0

1022104,5.507,2.456,7.587,-0.054,-0.007,-0.018,1815,0,0

1022113,5.531,2.485,7.549,-0.058,-0.002,-0.013,1812,0,0

1022121,5.492,2.471,7.515,-0.062,0.006,-0.008,1814,0,0

1022129,5.507,2.454,7.494,-0.062,0.015,-0.004,1816,0,0

1022137,5.509,2.466,7.525,-0.058,0.025,0.002,1813,0,0

1022145,5.497,2.476,7.523,-0.059,0.035,0.006,1811,0,0

1022153,5.495,2.497,7.537,-0.064,0.044,0.010,1814,0,0

1022161,5.483,2.497,7.578,-0.069,0.050,0.013,1813,0,0

1022169,5.488,2.488,7.623,-0.075,0.051,0.016,1814,0,0

1022177,5.483,2.461,7.695,-0.078,0.049,0.019,1816,0,0

1022186,5.483,2.437,7.721,-0.079,0.046,0.021,1813,0,0

1022194,5.471,2.409,7.707,-0.079,0.041,0.021,1812,0,0

1022202,5.461,2.413,7.705,-0.078,0.037,0.018,1814,0,0

1022210,5.432,2.370,7.728,-0.075,0.034,0.015,1815,0,0

1022218,5.406,2.358,7.731,-0.072,0.031,0.013,1815,0,0

1022226,5.399,2.342,7.700,-0.070,0.028,0.009,1813,0,0

1022234,5.377,2.354,7.688,-0.067,0.026,0.005,1813,0,0

1022243,5.361,2.368,7.673,-0.065,0.024,0.001,1814,0,0

1022251,5.459,2.404,7.702,-0.067,0.021,-0.003,1813,0,0

1022259,5.428,2.423,7.731,-0.069,0.022,-0.007,1816,0,0

1022267,5.416,2.421,7.748,-0.064,0.015,-0.009,1813,0,0

1022275,5.440,2.452,7.724,-0.064,0.007,-0.010,1816,0,0

1022283,5.440,2.449,7.731,-0.068,0.002,-0.010,1816,0,0

1022291,5.442,2.442,7.640,-0.070,-0.001,-0.010,1815,0,0

1022300,5.447,2.394,7.609,-0.068,0.001,-0.009,1812,0,0

1022308,5.406,2.411,7.594,-0.068,0.002,-0.006,1814,0,0

1022316,5.444,2.433,7.678,-0.070,0.001,-0.003,1814,0,0

1022324,5.476,2.430,7.740,-0.072,0.001,-0.002,1815,0,0

1022332,5.492,2.394,7.731,-0.069,-0.000,-0.004,1815,0,0

1022340,5.464,2.368,7.695,-0.064,-0.003,-0.008,1814,0,0

1022348,5.456,2.365,7.678,-0.065,-0.006,-0.012,1817,0,0

1022356,5.461,2.373,7.649,-0.068,-0.009,-0.017,1814,0,0

1022365,5.478,2.349,7.647,-0.069,-0.008,-0.023,1815,0,0

1022373,5.483,2.351,7.664,-0.065,-0.006,-0.025,1812,0,0

1022381,5.480,2.399,7.616,-0.061,0.001,-0.025,1815,0,0

1022389,5.456,2.440,7.635,-0.060,0.005,-0.023,1813,0,0

1022397,5.440,2.471,7.640,-0.061,0.007,-0.020,1813,0,0

1022405,5.447,2.471,7.638,-0.063,0.009,-0.017,1814,0,0

1022413,5.459,2.478,7.654,-0.064,0.008,-0.012,1814,0,0

1022421,5.447,2.456,7.690,-0.064,0.009,-0.009,1813,0,0

1022430,5.447,2.437,7.678,-0.062,0.007,-0.005,1813,0,0

1022438,5.432,2.444,7.709,-0.061,0.002,-0.001,1813,0,0

1022446,5.449,2.459,7.685,-0.062,-0.001,0.002,1813,0,0

1022454,5.461,2.447,7.666,-0.066,-0.002,0.002,1814,0,0

1022462,5.456,2.423,7.664,-0.067,-0.002,0.001,1813,0,0

1022470,5.459,2.404,7.669,-0.068,-0.001,0.001,1814,0,0

1022478,5.502,2.399,7.628,-0.070,0.003,0.001,1812,0,0

1022487,5.509,2.394,7.618,-0.069,0.007,-0.003,1813,0,0

1022495,5.502,2.375,7.642,-0.065,0.012,-0.007,1815,0,0

1022503,5.499,2.389,7.635,-0.061,0.017,-0.008,1812,0,0

1022511,5.507,2.399,7.638,-0.059,0.019,-0.009,1814,0,0

1022520,5.492,2.409,7.652,-0.056,0.024,-0.009,1812,0,0

1022528,5.471,2.433,7.657,-0.054,0.022,-0.009,1813,0,0

1022536,5.444,2.452,7.688,-0.053,0.017,-0.007,1815,0,0

1022544,5.442,2.468,7.688,-0.056,0.014,-0.006,1811,0,0

1022552,5.444,2.449,7.709,-0.064,0.011,-0.005,1813,0,0

1022560,5.452,2.440,7.733,-0.070,0.007,-0.005,1813,0,0

1022568,5.461,2.421,7.707,-0.073,0.002,-0.008,1811,0,0

1022576,5.483,2.394,7.666,-0.075,0.001,-0.011,1814,0,0

1022584,5.480,2.387,7.623,-0.075,0.005,-0.013,1814,0,0

1022593,5.492,2.389,7.609,-0.073,0.007,-0.012,1817,0,0

1022601,5.509,2.399,7.611,-0.070,0.012,-0.010,1815,0,0

1022609,5.499,2.409,7.626,-0.063,0.018,-0.006,1813,0,0

1022617,5.488,2.413,7.582,-0.060,0.026,-0.002,1812,0,0

1022625,5.444,2.404,7.618,-0.062,0.031,-0.001,1813,0,0

1022634,5.432,2.387,7.642,-0.064,0.031,-0.002,1813,0,0

1022642,5.428,2.377,7.678,-0.064,0.029,-0.004,1813,0,0

1022650,5.411,2.375,7.724,-0.064,0.025,-0.006,1811,0,0

1022658,5.437,2.394,7.738,-0.064,0.017,-0.008,1813,0,0

1022666,5.449,2.416,7.738,-0.064,0.013,-0.010,1814,0,0

1022674,5.473,2.421,7.712,-0.065,0.007,-0.011,1813,0,0

1022682,5.459,2.397,7.681,-0.063,0.005,-0.011,1811,0,0

1022691,5.468,2.373,7.647,-0.057,0.006,-0.010,1813,0,0

1022699,5.440,2.380,7.635,-0.052,0.007,-0.010,1814,0,0

1022707,5.447,2.411,7.623,-0.051,0.011,-0.007,1815,0,0

1022715,5.461,2.430,7.645,-0.053,0.014,-0.006,1815,0,0

1022723,5.456,2.423,7.640,-0.054,0.018,-0.006,1812,0,0

1022731,5.435,2.440,7.695,-0.054,0.017,-0.006,1814,0,0

1022739,5.416,2.468,7.705,-0.056,0.014,-0.004,1813,0,0

1022747,5.449,2.476,7.695,-0.061,0.011,-0.002,1812,0,0

1022755,5.449,2.468,7.688,-0.064,0.008,0.001,1812,0,0

1022764,5.442,2.433,7.707,-0.065,0.003,0.002,1815,0,0

1022772,5.471,2.392,7.669,-0.063,0.001,0.002,1813,0,0

1022780,5.480,2.377,7.633,-0.061,0.003,0.001,1813,0,0

1022788,5.492,2.370,7.587,-0.062,0.010,-0.002,1814,0,0

1022796,5.514,2.342,7.616,-0.061,0.018,-0.006,1813,0,0

1022805,5.497,2.339,7.626,-0.058,0.025,-0.008,1812,0,0

1022813,5.485,2.358,7.642,-0.054,0.028,-0.013,1812,0,0

1022821,5.459,2.399,7.709,-0.051,0.026,-0.014,1815,0,0

1022829,5.416,2.437,7.726,-0.053,0.018,-0.014,1813,0,0

1022837,5.425,2.473,7.726,-0.060,0.008,-0.011,1812,0,0

1022845,5.444,2.442,7.750,-0.061,0.001,-0.009,1813,0,0

1022853,5.466,2.454,7.712,-0.057,-0.004,-0.005,1814,0,0

1022861,5.456,2.476,7.640,-0.056,-0.003,-0.001,1812,0,0

1022869,5.442,2.464,7.592,-0.062,0.002,0.003,1812,0,0

1022878,5.468,2.433,7.594,-0.070,0.005,0.003,1812,0,0

1022886,5.483,2.399,7.592,-0.070,0.012,0.004,1812,0,0

1022894,5.509,2.365,7.630,-0.064,0.017,0.003,1813,0,0

1022902,5.507,2.365,7.623,-0.057,0.022,0.002,1812,0,0

1022911,5.476,2.373,7.645,-0.054,0.025,-0.000,1811,0,0

1022919,5.461,2.382,7.681,-0.052,0.024,-0.003,1813,0,0

1022927,5.437,2.382,7.688,-0.051,0.021,-0.006,1811,0,0

1022935,5.435,2.399,7.724,-0.049,0.015,-0.008,1813,0,0

1022943,5.420,2.423,7.721,-0.053,0.009,-0.011,1813,0,0

1022951,5.428,2.423,7.719,-0.058,0.002,-0.011,1814,0,0

1022959,5.442,2.416,7.728,-0.060,-0.005,-0.010,1812,0,0

1022967,5.461,2.433,7.681,-0.058,-0.012,-0.011,1812,0,0

1022975,5.466,2.440,7.640,-0.056,-0.012,-0.010,1812,0,0

1022984,5.480,2.428,7.599,-0.058,-0.007,-0.009,1811,0,0

1022992,5.485,2.433,7.549,-0.060,0.001,-0.009,1814,0,0

1023000,5.480,2.397,7.558,-0.060,0.009,-0.009,1815,0,0

1023008,5.447,2.406,7.597,-0.059,0.015,-0.008,1813,0,0

1023016,5.473,2.397,7.630,-0.058,0.019,-0.009,1811,0,0

1023024,5.440,2.425,7.666,-0.059,0.019,-0.010,1813,0,0

1023032,5.423,2.444,7.731,-0.062,0.011,-0.011,1812,0,0

1023040,5.423,2.454,7.767,-0.064,0.000,-0.011,1811,0,0

1023048,5.442,2.435,7.750,-0.066,-0.009,-0.011,1811,0,0

1023057,5.468,2.433,7.683,-0.064,-0.012,-0.011,1813,0,0

1023065,5.485,2.421,7.640,-0.063,-0.011,-0.009,1812,0,0

1023073,5.480,2.397,7.582,-0.062,-0.005,-0.009,1812,0,0

1023081,5.502,2.411,7.580,-0.063,0.004,-0.009,1811,0,0

1023089,5.497,2.401,7.554,-0.063,0.015,-0.010,1814,0,0

1023097,5.499,2.416,7.580,-0.064,0.025,-0.011,1814,0,0

1023105,5.488,2.435,7.618,-0.063,0.030,-0.010,1813,0,0

1023113,5.461,2.442,7.681,-0.062,0.031,-0.010,1813,0,0

1023121,5.447,2.456,7.736,-0.063,0.025,-0.011,1812,0,0

1023129,5.440,2.456,7.757,-0.065,0.015,-0.010,1813,0,0

1023147,5.440,2.418,7.726,-0.061,-0.004,-0.005,1813,0,0

1023167,5.473,2.385,7.594,-0.059,-0.002,-0.006,1813,0,0

1023187,5.490,2.389,7.590,-0.060,0.017,-0.010,1814,0,0

1023207,5.464,2.447,7.688,-0.067,0.019,-0.0
1031199,5.564,2.555,7.451,-0.062,-0.011,0.004,1813,0,0
1033220,5.521,2.634,7.530,-0.080,0.023,0.004,1810,0,0

1034227,5.413,2.308,7.743,-0.077,0.028,-0.020,1808,0,0
1036248,5.272,2.406,7.815,-0.103,0.048,-0.009,1812,0,0

1037255,5.320,2.456,7.690,-0.027,-0.015,0.009,1811,0,0
1039276,5.152,2.789,7.728,-0.036,0.013,0.030,1812,0,0

1040283,5.413,2.330,7.678,-0.062,0.002,0.004,1815,0,0
1042304,5.377,2.452,7.714,-0.059,0.013,-0.015,1815,0,0

1043311,5.277,2.720,7.685,-0.027,0.011,-0.027,1807,0,0
1045332,5.272,2.801,7.793,-0.036,0.013,-0.015,1810,0,0

1046339,5.313,2.749,7.717,-0.064,0.001,-0.001,1808,0,0
1048360,5.181,2.643,7.726,-0.051,0.001,-0.002,1812,0,0

1049367,5.107,2.662,7.736,-0.052,0.002,-0.019,1812,0,0
1051388,5.289,2.859,7.642,-0.019,0.005,-0.002,1810,0,0

1052395,5.246,2.547,7.839,-0.121,0.059,0.003,1813,0,0
1054416,4.039,1.128,8.751,-0.014,-0.000,-0.032,1807,0,0

1055423,4.010,1.362,8.490,0.013,0.132,0.025,1815,0,0
1057444,4.527,1.657,8.193,-0.035,-0.117,0.112,1820,0,0

1058451,4.413,1.702,8.475,-0.076,0.078,0.002,1814,0,0
1060472,4.408,1.851,8.447,-0.056,0.027,-0.007,1814,0,0

1061479,4.556,1.894,8.358,-0.011,-0.033,0.002,1814,0,0
1063500,5.241,2.492,7.767,-0.040,-0.059,0.017,1822,0,0

1063953,5.710,2.545,7.472,-0.010,-0.077,0.054,1814,0,0

1063962,5.693,2.732,7.592,-0.003,-0.097,0.056,1814,0,0

1063970,5.610,2.756,7.597,-0.022,-0.110,0.078,1813,0,0

1063978,5.643,2.725,7.384,-0.067,-0.103,0.106,1812,0,0

1063986,5.657,2.741,7.460,-0.107,-0.117,0.120,1815,0,0

1063994,5.648,2.648,7.614,-0.079,-0.138,0.120,1813,0,0

1064002,5.612,2.557,7.647,-0.052,-0.157,0.127,1814,0,0

1064010,5.602,2.552,7.592,-0.051,-0.174,0.141,1812,0,0

1064018,5.650,2.523,7.542,-0.056,-0.180,0.141,1813,0,0

1064026,5.744,2.476,7.719,-0.030,-0.223,0.126,1812,0,0

1064034,5.806,2.399,7.499,-0.041,-0.207,0.116,1813,0,0

1064042,5.782,2.430,7.345,-0.072,-0.203,0.110,1812,0,0

1064050,5.835,2.413,7.233,-0.098,-0.199,0.096,1813,0,0

1064059,5.878,2.294,7.209,-0.110,-0.169,0.088,1814,0,0

1064067,5.978,2.274,7.142,-0.123,-0.153,0.079,1814,0,0

1064075,6.024,2.313,7.046,-0.147,-0.114,0.066,1814,0,0

1064084,6.000,2.282,7.063,-0.157,-0.079,0.056,1814,0,0

1064092,5.950,2.308,7.149,-0.122,-0.050,0.046,1815,0,0

1064100,5.918,2.315,7.171,-0.091,-0.031,0.037,1815,0,0

1064108,5.880,2.375,7.209,-0.066,-0.013,0.030,1817,1581,200

1064117,5.854,2.488,7.271,-0.052,-0.001,0.027,1816,2128,200

1064125,5.899,2.550,7.360,-0.053,-0.005,0.023,1814,2234,200

1064133,5.906,2.564,7.381,-0.072,0.001,0.021,1817,2557,200

1064141,5.734,2.476,7.312,-0.106,-0.003,0.032,1818,2807,200

1064149,5.976,2.658,7.436,-0.117,-0.007,0.042,1818,3019,200

1064157,6.194,2.765,7.470,-0.152,0.003,0.050,1814,3130,200

1064165,5.916,2.567,7.343,-0.203,0.030,0.043,1816,3394,200

1064173,5.648,2.332,7.175,-0.216,0.065,0.033,1815,3551,200

1064181,5.452,2.093,7.113,-0.212,0.067,0.023,1817,3690,200

1064190,5.590,2.140,7.221,-0.184,0.087,0.019,1815,3773,200

1064198,5.499,2.105,7.209,-0.151,0.090,0.010,1816,3803,200

1064206,5.423,2.088,7.221,-0.121,0.087,0.004,1816,3820,200

1064214,5.329,2.054,7.314,-0.104,0.073,0.001,1815,3838,200

1064222,5.207,2.145,7.379,-0.092,0.051,0.003,1817,3858,200

1064230,5.200,2.021,7.487,-0.099,0.016,0.012,1817,3886,200

1064238,5.337,2.121,7.604,-0.087,-0.025,0.026,1819,3931,200

1064247,5.492,2.164,7.532,-0.108,-0.049,0.034,1819,3956,200

1064255,5.318,1.982,7.441,-0.147,-0.050,0.028,1819,3994,200

1064263,5.473,1.815,7.451,-0.149,-0.062,0.028,1819,4026,200

1064271,5.638,1.760,7.374,-0.126,-0.070,0.025,1820,4066,200

1064279,5.811,1.803,7.295,-0.118,-0.068,0.023,1820,4091,200

1064287,5.964,1.877,7.214,-0.103,-0.055,0.014,1816,4095,200

1064295,6.081,2.004,7.123,-0.080,-0.033,0.009,1817,4095,200

1064303,6.218,2.081,7.147,-0.064,-0.009,0.012,1817,4095,200

1064311,6.282,2.274,7.216,-0.054,0.013,0.014,1818,4095,200

1064319,6.323,2.397,7.362,-0.046,0.025,0.013,1817,4095,200

1064327,6.421,2.521,7.511,-0.038,0.023,0.017,1816,4095,200

1064336,6.457,2.677,7.669,-0.039,0.007,0.020,1817,4095,200

1064344,6.227,2.504,7.539,-0.054,-0.011,0.024,1816,4095,200

1064352,6.294,2.535,7.501,-0.084,-0.020,0.035,1816,4095,200

1064360,6.378,2.509,7.482,-0.098,-0.023,0.038,1816,4095,200

1064368,6.467,2.516,7.494,-0.093,-0.023,0.033,1816,4095,200

1064376,6.539,2.526,7.448,-0.094,-0.007,0.024,1816,4095,200

1064384,6.512,2.507,7.410,-0.104,0.021,0.017,1813,4095,200

1064393,6.495,2.444,7.439,-0.099,0.045,0.007,1814,4095,200

1064401,6.527,2.337,7.501,-0.070,0.051,0.004,1816,4095,200

1064409,6.539,2.490,7.568,-0.058,0.056,-0.002,1814,4095,200

1064417,6.510,2.591,7.633,-0.060,0.049,-0.006,1814,4095,200

1064425,6.450,2.670,7.678,-0.065,0.040,-0.007,1817,4095,200

1064433,6.330,2.734,7.657,-0.064,0.031,-0.005,1813,4095,200

1064441,6.218,2.746,7.681,-0.060,0.017,-0.006,1812,4095,200

1064449,6.110,2.691,7.669,-0.060,-0.002,-0.006,1816,4095,200

1064457,6.069,2.624,7.597,-0.061,-0.017,-0.006,1813,4095,200

1064466,6.033,2.552,7.468,-0.062,-0.021,-0.008,1814,4095,200

1064474,5.926,2.528,7.369,-0.062,-0.019,-0.011,1813,4095,200

1064482,6.314,2.717,7.355,-0.064,-0.012,0.008,1812,4095,200

1064490,6.227,2.595,7.281,-0.075,0.008,0.006,1815,4095,200

1064498,6.086,2.485,7.329,-0.078,0.025,0.000,1813,4095,200

1064506,5.966,2.389,7.343,-0.072,0.033,-0.003,1813,4095,200

1064515,5.825,2.334,7.362,-0.076,0.036,-0.011,1811,4095,200

1064523,5.696,2.325,7.355,-0.082,0.038,-0.013,1812,4095,200

1064531,6.062,2.533,7.511,-0.089,0.033,-0.010,1812,4095,200

1064539,5.916,2.488,7.580,-0.085,0.024,-0.019,1812,4095,200

1064547,5.780,2.485,7.525,-0.085,0.014,-0.023,1810,4095,200

1064555,5.701,2.440,7.420,-0.095,0.009,-0.025,1814,4095,200

1064564,5.641,2.339,7.333,-0.097,0.007,-0.032,1812,4095,200

1064572,5.559,2.205,7.240,-0.083,0.013,-0.036,1810,4095,200

1064580,5.495,2.148,7.178,-0.070,0.025,-0.037,1811,4095,200

1064588,5.404,2.121,7.183,-0.060,0.035,-0.039,1811,4095,200

1064596,5.602,2.344,7.348,-0.058,0.037,-0.032,1812,4095,200

1064604,5.502,2.272,7.369,-0.061,0.030,-0.032,1811,4095,200

1064612,5.456,2.227,7.422,-0.069,0.023,-0.031,1810,4095,200

1064620,5.351,2.133,7.400,-0.070,0.016,-0.033,1812,4095,200

1064628,5.279,2.081,7.350,-0.065,0.005,-0.036,1811,4095,200

1064636,5.260,2.045,7.276,-0.064,0.000,-0.035,1812,4095,200

1064645,5.248,2.037,7.202,-0.060,0.000,-0.030,1812,4095,200

1064653,5.265,2.016,7.135,-0.053,0.005,-0.027,1811,4095,200

1064661,5.370,2.152,7.178,-0.056,0.022,-0.027,1812,4095,200

1064669,5.344,2.133,7.159,-0.059,0.028,-0.029,1813,4095,200

1064677,5.301,2.073,7.140,-0.068,0.036,-0.031,1812,4095,200

1064685,5.306,1.990,7.111,-0.074,0.046,-0.031,1816,4095,200

1064693,5.248,1.939,7.180,-0.066,0.048,-0.030,1814,4095,200

1064701,5.205,1.894,7.274,-0.053,0.044,-0.028,1811,4095,200

1064709,5.246,1.882,7.357,-0.035,0.026,-0.027,1810,4095,200

1064718,5.380,2.188,7.417,-0.004,0.000,-0.016,1808,4095,200

1064726,5.464,2.155,7.314,-0.031,-0.009,-0.009,1809,4095,200

1064734,5.499,1.994,7.247,-0.078,-0.003,0.002,1809,4095,200

1064742,5.284,1.872,7.173,-0.095,0.004,-0.014,1811,4095,200

1064750,5.284,1.834,7.183,-0.081,0.006,-0.021,1807,4095,200

1064758,5.270,1.925,7.250,-0.072,0.008,-0.019,1810,4095,200

1064767,5.327,1.935,7.365,-0.072,0.008,-0.014,1811,4095,200

1064775,5.444,1.923,7.412,-0.065,-0.000,-0.010,1811,4095,200

1064783,5.535,1.935,7.391,-0.046,-0.012,-0.005,1811,4095,200

1064791,5.646,1.978,7.360,-0.033,-0.021,-0.002,1810,4095,200

1064799,5.811,2.049,7.398,-0.029,-0.030,-0.001,1810,4095,200

1064807,5.488,1.891,7.216,-0.038,-0.024,-0.018,1810,4095,200

1064815,5.543,1.875,7.235,-0.037,-0.023,-0.017,1810,4077,200

1064823,5.586,1.925,7.214,-0.030,-0.022,-0.012,1810,4058,200

1064831,5.686,1.968,7.223,-0.015,-0.023,-0.009,1813,4026,200

1064840,5.830,1.994,7.314,0.002,-0.026,-0.009,1810,3977,200

1064848,6.031,2.100,7.417,0.027,-0.032,-0.007,1812,3924,200

1064856,6.115,2.179,7.396,0.029,-0.031,-0.008,1810,3862,200

1064864,6.096,2.205,7.386,0.010,-0.031,-0.006,1809,3762,200

1064872,5.693,1.968,7.293,0.006,-0.037,-0.018,1811,3620,200

1064880,5.918,1.956,7.333,0.033,-0.046,-0.024,1811,3379,200

1064888,6.029,1.932,7.379,0.059,-0.045,-0.039,1810,3148,200

1064897,6.074,1.985,7.348,0.065,-0.034,-0.055,1810,2273,200

1064905,6.196,2.081,7.233,0.049,-0.014,-0.080,1808,0,0

1064913,6.414,2.169,7.190,0.035,0.013,-0.121,1809,0,0

1064921,6.495,2.131,6.874,-0.002,0.073,-0.199,1809,0,0

1064929,6.251,1.942,6.744,-0.096,0.192,-0.261,1808,0,0

1064937,6.055,1.788,6.709,-0.117,0.269,-0.317,1805,0,0

1064946,5.964,2.097,6.428,-0.150,0.361,-0.343,1807,0,0

1064954,5.952,2.399,6.385,-0.207,0.438,-0.354,1808,0,0

1064962,5.930,2.442,6.864,-0.222,0.519,-0.355,1807,0,0

1064970,5.808,2.579,7.554,-0.206,0.479,-0.367,1809,0,0

1064978,5.588,2.641,8.250,-0.134,0.416,-0.332,1807,0,0

1064986,5.420,2.863,8.442,-0.148,0.312,-0.282,1809,0,0

1064994,5.394,2.897,8.610,-0.194,0.233,-0.237,1808,0,0

1065002,5.368,2.808,8.473,-0.206,0.137,-0.200,1809,0,0

1065011,5.361,2.705,8.205,-0.169,0.064,-0.168,1808,0,0

1065019,5.401,2.691,7.879,-0.129,0.024,-0.139,1811,0,0

1065027,5.440,2.701,7.585,-0.114,0.021,-0.118,1808,0,0

1065035,5.497,2.686,7.345,-0.118,0.038,-0.098,1809,0,0

1065043,5.586,2.636,7.295,-0.125,0.066,-0.084,1808,0,0

1065051,5.638,2.583,7.269,-0.130,0.096,-0.071,1810,0,0

1065060,5.674,2.571,7.274,-0.139,0.128,-0.058,1809,0,0

1065068,5.696,2.576,7.341,-0.149,0.148,-0.039,1808,0,0

1065076,5.715,2.574,7.525,-0.153,0.155,-0.028,1810,0,0

1065084,5.624,2.600,7.652,-0.147,0.144,-0.017,1809,0,0

1065092,5.502,2.595,7.853,-0.133,0.111,-0.003,1810,0,0

1065100,5.444,2.586,7.910,-0.123,0.070,0.011,1811,0,0

1065108,5.499,2.512,7.896,-0.111,0.029,0.021,1809,0,0

1065116,5.574,2.464,7.851,-0.092,0.003,0.027,1810,0,0

1065125,5.569,2.394,7.726,-0.078,-0.009,0.025,1810,0,0

1065133,5.567,2.306,7.554,-0.072,-0.008,0.017,1811,0,0

1065141,5.571,2.253,7.456,-0.075,0.006,0.008,1808,0,0

1065149,5.578,2.251,7.396,-0.086,0.023,-0.004,1809,0,0

1065157,5.578,2.258,7.403,-0.097,0.042,-0.016,1811,0,0

1065165,5.598,2.313,7.508,-0.100,0.050,-0.023,1810,0,0

1065173,5.586,2.404,7.590,-0.100,0.053,-0.023,1810,0,0

1065181,5.555,2.471,7.685,-0.102,0.043,-0.021,1811,0,0

1065190,5.519,2.440,7.805,-0.092,0.022,-0.020,1811,0,0

1065198,5.483,2.421,7.827,-0.075,-0.003,-0.016,1812,0,0

1065206,5.516,2.466,7.740,-0.060,-0.023,-0.007,1810,0,0

1065214,5.547,2.461,7.673,-0.057,-0.031,-0.005,1810,0,0

1065223,5.559,2.409,7.604,-0.055,-0.030,-0.002,1810,0,0

1065231,5.559,2.368,7.527,-0.054,-0.019,-0.001,1811,0,0

1065239,5.571,2.375,7.530,-0.053,-0.008,-0.001,1811,0,0

1065247,5.590,2.373,7.554,-0.053,0.001,-0.004,1810,0,0

1065255,5.576,2.375,7.580,-0.047,0.005,-0.007,1810,0,0

1065263,5.559,2.404,7.606,-0.046,0.007,-0.008,1810,0,0

1065271,5.559,2.392,7.659,-0.045,0.005,-0.009,1813,0,0

1065280,5.545,2.354,7.693,-0.042,-0.002,-0.012,1809,0,0

1065288,5.571,2.337,7.669,-0.034,-0.009,-0.014,1810,0,0

1065296,5.559,2.351,7.628,-0.027,-0.008,-0.017,1809,0,0

1065304,5.535,2.404,7.578,-0.025,-0.010,-0.022,1810,0,0

1065312,5.602,2.437,7.592,-0.032,-0.011,-0.021,1812,0,0

1065320,5.590,2.473,7.602,-0.041,-0.012,-0.019,1810,0,0

1065328,5.569,2.507,7.566,-0.047,-0.013,-0.015,1812,0,0

1065337,5.559,2.509,7.542,-0.055,-0.015,-0.010,1812,0,0

1065345,5.605,2.516,7.494,-0.060,-0.009,-0.005,1812,0,0

1065353,5.581,2.507,7.453,-0.061,0.004,-0.000,1809,0,0

1065361,5.595,2.483,7.444,-0.064,0.015,0.004,1812,0,0

1065369,5.617,2.447,7.499,-0.064,0.026,0.006,1812,0,0

1065377,5.607,2.435,7.563,-0.062,0.032,0.006,1814,0,0

1065385,5.607,2.387,7.597,-0.062,0.034,0.005,1810,0,0

1065393,5.574,2.351,7.666,-0.058,0.030,0.001,1812,0,0

1065401,5.559,2.358,7.712,-0.052,0.020,-0.006,1811,0,0

1065410,5.545,2.363,7.726,-0.051,0.007,-0.013,1811,0,0

1065418,5.557,2.361,7.726,-0.049,-0.006,-0.017,1811,0,0

1065426,5.547,2.418,7.690,-0.047,-0.018,-0.021,1810,0,0

1065434,5.538,2.473,7.621,-0.048,-0.028,-0.021,1811,0,0

1065442,5.555,2.485,7.578,-0.058,-0.031,-0.016,1811,0,0

1065451,5.588,2.473,7.506,-0.064,-0.026,-0.013,1811,0,0

1065459,5.641,2.428,7.453,-0.060,-0.014,-0.014,1815,0,0

1065467,5.605,2.399,7.432,-0.053,0.004,-0.015,1812,0,0

1065475,5.593,2.421,7.432,-0.052,0.018,-0.015,1809,0,0

1065483,5.607,2.442,7.491,-0.060,0.026,-0.015,1811,0,0

1065491,5.624,2.406,7.570,-0.062,0.028,-0.015,1812,0,0

1065499,5.590,2.387,7.606,-0.055,0.028,-0.016,1810,0,0

1065507,5.581,2.406,7.628,-0.047,0.023,-0.014,1810,0,0

1065516,5.543,2.449,7.642,-0.043,0.014,-0.010,1811,0,0

1065524,5.538,2.454,7.626,-0.045,0.006,-0.010,1812,0,0

1065532,5.564,2.430,7.635,-0.044,-0.001,-0.011,1811,0,0

1065540,5.593,2.433,7.592,-0.039,-0.005,-0.013,1813,0,0

1065548,5.576,2.454,7.568,-0.037,-0.003,-0.012,1811,0,0

1065556,5.562,2.464,7.544,-0.039,-0.003,-0.012,1811,0,0

1065565,5.578,2.471,7.520,-0.043,-0.002,-0.009,1813,0,0

1065573,5.590,2.447,7.511,-0.047,0.002,-0.008,1813,0,0

1065581,5.595,2.442,7.535,-0.045,0.007,-0.009,1809,0,0

1065589,5.567,2.454,7.547,-0.042,0.009,-0.009,1813,0,0

1065597,5.562,2.509,7.580,-0.046,0.009,-0.006,1811,0,0

1065605,5.574,2.492,7.578,-0.055,0.011,-0.005,1812,0,0

1065613,5.593,2.461,7.585,-0.058,0.010,-0.007,1812,0,0

1065622,5.567,2.464,7.585,-0.055,0.008,-0.007,1812,0,0

1065630,5.564,2.459,7.578,-0.055,0.005,-0.006,1812,0,0

1065638,5.562,2.449,7.573,-0.054,0.001,-0.005,1810,0,0

1065646,5.588,2.433,7.587,-0.051,-0.003,-0.005,1812,0,0

1065654,5.612,2.404,7.626,-0.042,-0.007,-0.004,1812,0,0

1065662,5.600,2.401,7.602,-0.031,-0.008,-0.004,1811,0,0

1065670,5.593,2.442,7.561,-0.026,-0.006,-0.005,1811,0,0

1065679,5.547,2.442,7.558,-0.031,-0.007,-0.006,1811,0,0

1065687,5.540,2.449,7.590,-0.043,-0.011,-0.009,1812,0,0

1065695,5.559,2.423,7.609,-0.047,-0.018,-0.013,1812,0,0

1065703,5.614,2.440,7.535,-0.047,-0.019,-0.016,1814,0,0

1065711,5.622,2.425,7.494,-0.044,-0.016,-0.018,1811,0,0

1065719,5.588,2.440,7.515,-0.037,-0.013,-0.018,1812,0,0

1065727,5.564,2.490,7.561,-0.033,-0.015,-0.015,1811,0,0

1065735,5.567,2.543,7.573,-0.035,-0.020,-0.008,1812,0,0

1065743,5.622,2.533,7.568,-0.039,-0.023,-0.003,1811,0,0

1065751,5.648,2.502,7.520,-0.038,-0.022,0.001,1814,0,0

1065759,5.653,2.473,7.479,-0.033,-0.014,0.003,1812,0,0

1065768,5.650,2.456,7.482,-0.030,-0.009,0.002,1812,0,0

1065776,5.629,2.476,7.477,-0.032,-0.002,-0.003,1811,0,0

1065784,5.598,2.473,7.441,-0.044,0.006,-0.007,1811,0,0

1065792,5.612,2.425,7.482,-0.054,0.009,-0.013,1812,0,0

1065800,5.624,2.423,7.537,-0.055,0.009,-0.015,1812,0,0

1065808,5.602,2.449,7.537,-0.048,0.006,-0.015,1812,0,0

1065816,5.574,2.485,7.544,-0.047,0.000,-0.013,1813,0,0

1065824,5.643,2.535,7.554,-0.051,-0.008,-0.011,1815,0,0

1065833,5.677,2.519,7.554,-0.053,-0.010,-0.009,1812,0,0

1065841,5.638,2.488,7.535,-0.047,-0.011,-0.009,1812,0,0

1065849,5.617,2.531,7.494,-0.042,-0.007,-0.007,1815,0,0

1065857,5.610,2.559,7.448,-0.047,-0.005,-0.006,1813,0,0

1065865,5.626,2.528,7.465,-0.057,-0.001,-0.006,1811,0,0

1065873,5.643,2.452,7.508,-0.064,0.005,-0.007,1811,0,0

1065881,5.650,2.406,7.515,-0.062,0.007,-0.010,1815,0,0

1065889,5.660,2.406,7.503,-0.053,0.013,-0.014,1813,0,0

1065897,5.648,2.425,7.547,-0.047,0.013,-0.019,1812,0,0

1065906,5.600,2.456,7.580,-0.041,0.010,-0.020,1811,0,0

1065914,5.598,2.516,7.592,-0.041,0.003,-0.018,1814,0,0

1065922,5.607,2.540,7.539,-0.042,0.001,-0.015,1812,0,0

1065930,5.612,2.543,7.499,-0.044,0.001,-0.010,1810,0,0

1065938,5.593,2.562,7.496,-0.039,0.003,-0.004,1812,0,0

1065946,5.593,2.586,7.501,-0.037,0.005,0.003,1811,0,0

1065955,5.588,2.610,7.501,-0.048,0.005,0.007,1813,0,0

1065963,5.602,2.555,7.518,-0.056,0.004,0.008,1812,0,0

1065971,5.619,2.483,7.535,-0.056,0.005,0.007,1814,0,0

1065979,5.629,2.440,7.594,-0.049,0.001,0.002,1811,0,0

1065987,5.629,2.430,7.556,-0.047,-0.002,-0.003,1813,0,0

1065996,5.662,2.440,7.556,-0.050,-0.003,-0.009,1811,0,0

1066004,5.650,2.444,7.518,-0.050,-0.002,-0.014,1814,0,0

1066012,5.622,2.466,7.496,-0.048,0.002,-0.017,1811,0,0

1066020,5.629,2.502,7.494,-0.048,0.006,-0.018,1811,0,0

1066028,5.655,2.552,7.475,-0.051,0.008,-0.018,1812,0,0

1066036,5.660,2.569,7.482,-0.054,0.008,-0.016,1811,0,0

1066045,5.653,2.552,7.496,-0.055,0.008,-0.014,1816,0,0

1066053,5.626,2.540,7.499,-0.056,0.007,-0.011,1811,0,0

1066061,5.662,2.507,7.508,-0.059,0.007,-0.009,1812,0,0

1066069,5.653,2.502,7.542,-0.058,0.006,-0.008,1811,0,0

1066077,5.646,2.514,7.515,-0.052,0.005,-0.005,1812,0,0

1066085,5.605,2.555,7.494,-0.051,0.004,-0.002,1812,0,0

1066093,5.588,2.579,7.491,-0.054,-0.002,0.000,1812,0,0

1066101,5.610,2.581,7.547,-0.062,-0.009,0.004,1812,0,0

1066110,5.641,2.545,7.535,-0.065,-0.013,0.006,1813,0,0

1066118,5.684,2.504,7.496,-0.061,-0.010,0.007,1812,0,0

1066126,5.672,2.473,7.420,-0.057,-0.003,0.003,1813,0,0

1066134,5.679,2.471,7.393,-0.062,0.007,-0.003,1812,0,0

1066142,5.691,2.435,7.446,-0.070,0.019,-0.009,1814,0,0

1066150,5.665,2.380,7.475,-0.066,0.027,-0.015,1810,0,0

1066158,5.634,2.437,7.532,-0.055,0.024,-0.018,1813,0,0

1066166,5.595,2.512,7.606,-0.046,0.015,-0.015,1812,0,0

1066174,5.578,2.610,7.633,-0.044,-0.001,-0.011,1811,0,0

1066183,5.590,2.619,7.626,-0.048,-0.015,-0.006,1811,0,0

1066191,5.605,2.600,7.558,-0.052,-0.025,-0.003,1812,0,0

1066199,5.622,2.569,7.477,-0.057,-0.030,-0.001,1813,0,0

1066207,5.677,2.521,7.408,-0.060,-0.027,-0.001,1811,0,0

1066215,5.720,2.488,7.331,-0.059,-0.013,-0.001,1815,0,0

1066224,5.756,2.433,7.302,-0.057,0.004,-0.006,1814,0,0

1066232,5.732,2.447,7.333,-0.058,0.025,-0.011,1814,0,0

1066240,5.710,2.468,7.396,-0.061,0.038,-0.016,1812,0,0

1066248,5.677,2.502,7.496,-0.066,0.044,-0.020,1810,0,0

1066256,5.631,2.519,7.566,-0.065,0.038,-0.019,1815,0,0

1066264,5.593,2.588,7.649,-0.061,0.023,-0.016,1813,0,0

1066273,5.567,2.629,7.671,-0.062,0.005,-0.012,1814,0,0

1066281,5.610,2.595,7.640,-0.067,-0.011,-0.006,1813,0,0

1066289,5.619,2.521,7.580,-0.066,-0.019,-0.005,1812,0,0

1066297,5.653,2.466,7.465,-0.058,-0.020,-0.005,1813,0,0

1066305,5.691,2.430,7.389,-0.050,-0.009,-0.006,1811,0,0

1066313,5.677,2.437,7.336,-0.048,0.007,-0.011,1815,0,0

1066321,5.679,2.454,7.348,-0.051,0.021,-0.015,1811,0,0

1066330,5.698,2.485,7.379,-0.054,0.034,-0.018,1812,0,0

1066338,5.703,2.507,7.427,-0.055,0.042,-0.019,1812,0,0

1066346,5.641,2.576,7.503,-0.056,0.043,-0.019,1813,0,0

1066354,5.559,2.672,7.573,-0.062,0.031,-0.010,1812,0,0

1066362,5.540,2.701,7.623,-0.071,0.014,-0.001,1812,0,0

1066370,5.586,2.672,7.664,-0.073,-0.006,0.007,1814,0,0

1066379,5.643,2.586,7.635,-0.067,-0.020,0.013,1812,0,0

1066387,5.648,2.528,7.570,-0.062,-0.025,0.016,1812,0,0

1066395,5.653,2.464,7.463,-0.060,-0.022,0.014,1814,0,0

1066403,5.662,2.404,7.434,-0.061,-0.013,0.008,1813,0,0

1066411,5.693,2.380,7.410,-0.061,-0.002,-0.002,1811,0,0

1066419,5.720,2.375,7.439,-0.056,0.009,-0.013,1813,0,0

1066427,5.684,2.435,7.463,-0.050,0.015,-0.022,1815,0,0

1066435,5.672,2.495,7.494,-0.050,0.015,-0.025,1810,0,0

1066443,5.660,2.593,7.542,-0.052,0.010,-0.023,1813,0,0

1066452,5.634,2.662,7.544,-0.056,0.002,-0.018,1815,0,0

1066460,5.622,2.693,7.518,-0.066,-0.006,-0.012,1814,0,0

1066468,5.657,2.641,7.489,-0.073,-0.010,-0.004,1813,0,0

1066476,5.667,2.591,7.458,-0.072,-0.011,0.005,1813,0,0

1066484,5.693,2.523,7.436,-0.071,-0.005,0.009,1812,0,0

1066493,5.717,2.456,7.400,-0.069,0.003,0.007,1812,0,0

1066501,5.722,2.397,7.405,-0.063,0.015,0.002,1814,0,0

1066509,5.698,2.361,7.408,-0.055,0.027,-0.007,1815,0,0

