1981127,5.397,3.974,7.027,-0.074,0.003,-0.003,1814,0,0

1981147,5.406,3.931,7.003,-0.059,0.001,-0.007,1813,0,0

1981167,5.397,3.929,6.946,-0.062,0.005,-0.014,1814,0,0

1981187,5.351,4.034,6.974,-0.051,0.002,-0.011,1813,0,0

1981207,5.428,4.001,6.922,-0.060,-0.002,-0.006,1813,0,0

1981227,5.440,4.015,6.936,-0.064,0.011,-0.011,1814,0,0

1981247,5.375,4.037,6.998,-0.064,0.009,-0.009,1812,0,0

1981267,5.373,3.934,6.996,-0.060,0.004,-0.009,1814,0,0

1981287,5.368,3.936,6.946,-0.062,0.004,-0.014,1813,0,0

1981307,5.447,4.022,6.953,-0.059,0.011,-0.021,1814,0,0

1981327,5.432,4.068,7.025,-0.058,0.013,-0.015,1813,0,0

1981347,5.380,3.970,6.958,-0.059,0.008,-0.008,1813,0,0

1981367,5.399,3.943,6.941,-0.062,0.011,-0.013,1814,0,0

1981387,5.382,4.025,6.989,-0.058,0.013,-0.016,1814,0,0

1981407,5.370,4.034,7.015,-0.066,0.005,-0.010,1814,0,0

1981427,5.420,3.977,6.974,-0.054,-0.003,-0.006,1813,0,0

1981447,5.399,3.936,6.938,-0.051,-0.001,-0.012,1814,0,0

1981467,5.435,4.049,6.874,-0.055,0.008,-0.011,1814,0,0

1981487,5.358,4.077,6.970,-0.056,0.014,-0.003,1814,0,0

1981507,5.418,4.010,6.922,-0.068,0.010,0.003,1813,0,0

1981527,5.428,3.977,6.996,-0.060,0.016,-0.008,1814,0,0

1981547,5.385,3.984,6.996,-0.058,0.010,-0.011,1813,0,0

1981567,5.404,4.027,6.965,-0.052,0.009,-0.009,1813,0,0

1981587,5.377,4.034,6.974,-0.063,0.013,-0.005,1813,0,0

1981607,5.425,3.938,7.003,-0.057,0.005,-0.007,1813,0,0

1981627,5.409,3.938,6.867,-0.054,0.002,-0.012,1813,0,0

1981647,5.464,4.041,6.874,-0.052,0.007,-0.015,1814,0,0

1981667,5.416,4.089,6.931,-0.060,0.014,-0.011,1813,0,0

1981687,5.382,4.020,6.965,-0.069,0.015,-0.006,1814,0,0

1981707,5.397,3.960,6.981,-0.062,0.014,-0.010,1812,0,0

1981727,5.346,3.972,7.015,-0.047,0.007,-0.013,1814,0,0

1981747,5.404,4.013,6.924,-0.049,-0.002,-0.008,1814,0,0

1981767,5.435,4.013,6.867,-0.051,0.003,-0.011,1813,0,0

1981787,5.437,4.065,6.941,-0.066,0.009,-0.010,1813,0,0

1981807,5.432,4.044,6.984,-0.057,0.006,-0.006,1813,0,0

1981827,5.394,3.943,6.962,-0.065,0.001,-0.008,1815,0,0

1981847,5.430,3.967,6.924,-0.056,0.011,-0.015,1813,0,0

1981867,5.337,4.080,6.984,-0.056,0.010,-0.010,1814,0,0

1981887,5.447,4.017,6.977,-0.056,0.001,-0.005,1814,0,0

1981907,5.464,4.020,6.883,-0.061,0.006,-0.008,1815,0,0

1981927,5.437,4.032,6.888,-0.063,0.017,-0.014,1813,0,0

1981947,5.399,4.063,6.917,-0.069,0.021,-0.008,1814,0,0

1981967,5.404,4.020,7.003,-0.069,0.010,-0.005,1815,0,0

1981987,5.432,3.948,6.955,-0.065,-0.006,-0.010,1813,0,0

1982007,5.444,4.032,6.922,-0.057,0.004,-0.018,1813,0,0

1982027,5.423,4.096,6.943,-0.058,0.010,-0.012,1815,0,0

1982047,5.416,4.053,6.984,-0.068,0.007,-0.001,1815,0,0

1982067,5.437,3.929,6.934,-0.066,0.011,-0.002,1814,0,0

1982087,5.428,4.001,6.955,-0.062,0.011,-0.008,1814,0,0

1982107,5.435,4.037,6.965,-0.052,0.005,-0.006,1814,0,0

1982127,5.409,4.039,6.922,-0.061,0.011,-0.003,1814,0,0

1982147,5.397,4.017,6.905,-0.064,0.009,-0.004,1814,0,0

1982167,5.428,3.962,6.922,-0.072,0.008,-0.006,1814,0,0

1982187,5.492,3.998,6.905,-0.063,0.019,-0.015,1814,0,0

1982207,5.389,4.070,7.010,-0.063,0.009,-0.008,1814,0,0

1982227,5.440,3.972,6.910,-0.059,0.002,-0.007,1814,0,0

1982247,5.389,3.982,6.847,-0.061,0.020,-0.007,1814,0,0

1982267,5.406,4.029,6.958,-0.063,0.020,-0.005,1814,0,0

1982287,5.471,4.070,6.950,-0.062,0.012,-0.002,1813,0,0

1982307,5.418,3.991,6.977,-0.064,0.012,-0.008,1814,0,0

1982327,5.394,4.041,6.929,-0.063,0.014,-0.013,1814,0,0

1982347,5.397,4.017,6.955,-0.061,0.011,-0.005,1815,0,0

1982367,5.401,3.998,6.943,-0.063,0.009,-0.002,1814,0,0

1982387,5.411,3.991,6.907,-0.066,0.008,-0.009,1814,0,0

1982407,5.437,4.051,6.912,-0.064,0.010,-0.013,1814,0,0

1982427,5.435,4.056,6.938,-0.067,0.011,-0.009,1814,0,0

1982447,5.420,4.013,6.931,-0.068,0.009,-0.011,1815,0,0

1982467,5.392,3.994,6.948,-0.068,0.012,-0.012,1814,0,0

1982487,5.394,4.005,6.938,-0.060,0.008,-0.013,1814,0,0

1982507,5.394,4.010,6.926,-0.063,0.008,-0.008,1814,0,0

1982527,5.459,3.991,6.926,-0.062,0.006,-0.011,1814,0,0

1982547,5.420,4.068,6.936,-0.056,0.008,-0.011,1815,0,0

1982567,5.437,4.017,6.907,-0.067,0.007,-0.010,1814,0,0

1982587,5.435,4.044,6.934,-0.066,0.013,-0.009,1814,0,0

1982607,5.416,3.986,6.946,-0.063,0.007,-0.009,1814,0,0

1982627,5.432,3.994,6.902,-0.059,0.008,-0.009,1814,0,0

1982647,5.440,4.073,6.886,-0.056,0.018,-0.011,1814,0,0

1982667,5.377,4.053,6.936,-0.067,0.018,-0.002,1815,0,0

1982687,5.437,4.037,6.914,-0.066,0.021,0.000,1813,0,0

1982707,5.397,3.996,6.946,-0.068,0.010,0.002,1814,0,0

1982727,5.490,3.943,6.924,-0.057,0.005,-0.014,1814,0,0

1982747,5.418,4.041,6.936,-0.056,0.010,-0.018,1814,0,0

1982767,5.411,4.082,6.898,-0.056,0.010,-0.009,1813,0,0

1982787,5.377,4.041,6.948,-0.066,0.015,-0.001,1813,0,0

1982807,5.447,3.989,6.924,-0.075,0.015,0.000,1814,0,0

1982827,5.483,4.010,6.960,-0.070,0.019,-0.006,1815,0,0

1982847,5.411,3.994,6.962,-0.067,0.013,-0.011,1814,0,0

1982867,5.389,4.029,6.967,-0.052,0.010,-0.011,1814,0,0

1982887,5.385,4.053,6.989,-0.054,0.009,-0.008,1814,0,0

1982907,5.406,4.010,6.953,-0.058,0.002,-0.006,1814,0,0

1982927,5.440,4.022,6.902,-0.060,0.005,-0.007,1814,0,0

1982947,5.454,4.027,6.914,-0.060,0.010,-0.013,1814,0,0

1982967,5.392,4.061,6.948,-0.052,0.010,-0.010,1815,0,0

1982987,5.420,4.022,6.926,-0.059,0.000,-0.005,1814,0,0

1983007,5.435,3.994,6.879,-0.058,0.007,-0.007,1813,0,0

1983027,5.411,4.053,6.912,-0.063,0.013,-0.008,1815,0,0

1983047,5.461,4.037,6.883,-0.067,0.016,-0.008,1814,0,0

1983067,5.399,4.008,6.936,-0.067,0.016,-0.003,1814,0,0

1983087,5.461,4.010,6.965,-0.059,0.009,-0.004,1815,0,0

1983107,5.435,4.015,6.960,-0.062,0.009,-0.011,1815,0,0

1983127,5.420,4.046,6.941,-0.058,0.011,-0.012,1814,0,0

1983147,5.382,4.001,6.922,-0.056,0.009,-0.008,1815,0,0

1983167,5.466,4.017,6.914,-0.061,0.007,-0.010,1813,0,0

1983187,5.478,4.046,6.914,-0.062,0.008,-0.011,1815,0,0

1983207,5.461,4.056,6.924,-0.058,0.011,-0.012,1816,0,0

1983227,5.435,4.053,6.895,-0.068,0.014,-0.007,1816,0,0

1983247,5.375,4.003,6.938,-0.064,0.013,-0.005,1814,0,0

1983267,5.404,3.967,6.910,-0.064,0.010,-0.006,1817,0,0

1983287,5.454,4.046,6.936,-0.062,0.003,-0.008,1816,0,0

1983307,5.435,4.013,6.938,-0.053,-0.003,-0.011,1815,0,0

1983327,5.411,4.013,6.902,-0.059,-0.000,-0.011,1816,0,0

1983347,5.440,4.025,6.893,-0.056,-0.000,-0.011,1815,0,0

1983367,5.437,4.027,6.869,-0.063,0.006,-0.007,1816,0,0

1983387,5.447,4.056,6.922,-0.062,0.005,-0.003,1815,0,0

1983407,5.473,4.044,6.924,-0.064,0.003,-0.003,1815,0,0

1983427,5.437,4.025,6.914,-0.066,0.009,-0.008,1815,0,0

1983447,5.411,4.063,6.922,-0.055,0.005,-0.003,1816,0,0

1983467,5.418,3.972,6.955,-0.055,0.005,-0.002,1815,0,0

1983487,5.471,4.044,6.907,-0.067,0.011,-0.005,1815,0,0

1983507,5.404,4.020,6.960,-0.058,0.005,-0.005,1815,0,0

1983527,5.464,3.984,6.828,-0.063,-0.001,-0.008,1816,0,0

1983547,5.511,4.039,6.895,-0.056,0.011,-0.019,1814,0,0

1983567,5.442,4.075,6.965,-0.064,0.005,-0.014,1814,0,0

1983587,5.454,4.025,6.898,-0.060,0.002,-0.011,1816,0,0

1983607,5.432,4.008,6.883,-0.061,0.013,-0.006,1816,0,0

1983627,5.428,4.037,6.967,-0.062,0.012,-0.006,1816,0,0

1983647,5.428,4.017,6.941,-0.059,-0.003,-0.003,1816,0,0

1983667,5.509,3.996,6.883,-0.052,0.004,-0.009,1815,0,0

1983687,5.459,4.087,6.850,-0.053,0.015,-0.013,1816,0,0

1983707,5.452,4.077,6.917,-0.060,0.014,-0.007,1815,0,0

1983727,5.447,4.034,6.984,-0.057,0.009,-0.010,1815,0,0

1983747,5.452,3.996,6.936,-0.051,-0.001,-0.015,1814,0,0

1983767,5.425,4.003,6.850,-0.042,0.001,-0.018,1814,0,0

1983787,5.464,4.087,6.828,-0.050,0.008,-0.012,1815,0,0

1983807,5.526,4.085,6.879,-0.052,0.011,-0.013,1815,0,0

1983827,5.488,4.080,6.891,-0.055,0.009,-0.005,1815,0,0

1983847,5.447,4.022,6.876,-0.050,0.013,-0.007,1814,0,0

1983867,5.418,4.101,6.886,-0.045,0.021,-0.005,1813,0,0

1983887,5.351,4.099,6.895,-0.054,0.020,0.007,1816,0,0

1983907,5.636,4.104,6.926,-0.061,0.022,0.010,1815,0,0

1983927,5.428,4.010,6.852,-0.047,-0.006,0.013,1816,0,0

1983947,5.567,3.960,6.871,-0.037,0.019,-0.015,1815,0,0

1983967,5.432,4.219,6.926,-0.055,0.022,-0.010,1816,0,0

1983987,5.387,4.039,6.902,-0.045,0.007,0.001,1815,0,0

1984007,5.428,3.996,6.891,-0.053,0.014,-0.003,1815,0,0

1984027,5.471,4.051,6.979,-0.046,0.008,-0.011,1814,0,0

1984047,5.452,4.087,6.876,-0.040,-0.001,-0.006,1815,0,0

1984067,5.483,4.046,6.838,-0.046,0.001,-0.011,1814,0,0

1984087,5.531,4.094,6.862,-0.049,0.007,-0.011,1815,0,0

1984107,5.440,4.049,6.905,-0.047,0.001,-0.010,1815,0,0

1984127,5.461,4.020,6.898,-0.056,-0.001,-0.014,1814,0,0

1984147,5.442,4.061,6.869,-0.046,0.002,-0.016,1814,0,0

1984167,5.459,4.111,6.917,-0.046,-0.002,-0.013,1814,0,0

1984187,5.511,4.111,6.819,-0.050,0.001,-0.008,1815,0,0

1984207,5.488,4.089,6.852,-0.049,0.011,-0.008,1813,0,0

1984227,5.444,4.108,6.857,-0.051,0.009,-0.003,1814,0,0

1984247,5.456,4.068,6.855,-0.055,0.010,-0.007,1814,0,0

1984267,5.478,4.118,6.859,-0.054,0.011,-0.009,1815,0,0

1984287,5.497,4.106,6.871,-0.055,0.011,-0.008,1814,0,0

1984307,5.471,4.092,6.857,-0.059,0.017,-0.009,1814,0,0

1984327,5.444,4.106,6.862,-0.058,0.021,-0.007,1815,0,0

1984347,5.490,4.073,6.888,-0.057,0.018,-0.003,1813,0,0

1984367,5.492,4.075,6.828,-0.056,0.016,-0.004
1984487,5.468,4.053,6.864,-0.054,0.003,-0.011,1815,0,0

1984507,5.454,4.123,6.814,-0.053,0.010,-0.012,1815,0,0

1984527,5.516,4.161,6.838,-0.067,0.016,-0.008,1815,0,0

1984547,5.456,4.118,6.862,-0.069,0.018,-0.003,1814,0,0

1984567,5.480,4.039,6.852,-0.069,0.019,-0.005,1814,0,0

1984587,5.373,4.061,6.902,-0.061,0.020,-0.008,1816,0,0

1985281,5.423,4.056,6.874,-0.065,0.010,-0.012,1813,0,0

1985289,5.425,4.046,6.883,-0.065,0.012,-0.014,1815,0,0

1985297,5.423,4.039,6.905,-0.063,0.013,-0.014,1815,0,0

1985305,5.411,4.075,6.919,-0.062,0.016,-0.014,1814,0,0

1985313,5.411,4.099,6.883,-0.065,0.016,-0.014,1814,0,0

1986288,5.406,4.099,6.864,-0.063,0.009,-0.010,1813,0,0
1988309,5.456,4.041,6.871,-0.057,0.003,-0.004,1812,0,0

1989316,5.478,4.152,6.833,-0.057,0.006,-0.010,1814,0,0
1991337,5.557,4.322,6.649,-0.057,0.009,-0.020,1812,0,0

1992344,5.456,4.144,6.907,-0.059,0.013,-0.010,1819,0,0
1994365,5.459,4.286,6.689,-0.035,-0.029,-0.016,1815,0,0

1995372,5.389,4.032,6.926,-0.106,0.026,0.022,1817,0,0

1996955,5.574,4.159,6.756,-0.072,0.006,0.000,1809,0,0

1996963,5.590,4.108,6.768,-0.081,0.008,-0.000,1810,0,0

1996971,5.600,4.029,6.768,-0.080,0.012,-0.002,1810,0,0

1996979,5.605,3.991,6.771,-0.073,0.021,-0.007,1811,0,0

1996987,5.562,4.010,6.723,-0.075,0.026,-0.011,1810,0,0

1996995,5.581,4.037,6.732,-0.077,0.027,-0.015,1810,0,0

1997003,5.619,4.053,6.761,-0.076,0.027,-0.018,1809,0,0

1997012,5.595,4.073,6.797,-0.070,0.026,-0.018,1811,0,0

1997020,5.540,4.128,6.756,-0.069,0.025,-0.014,1809,0,0

1997028,5.547,4.104,6.747,-0.078,0.023,-0.011,1811,0,0

1997036,5.586,4.116,6.752,-0.083,0.025,-0.009,1812,0,0

1997044,5.617,4.120,6.780,-0.075,0.029,-0.010,1810,0,0

1997052,5.624,4.104,6.776,-0.067,0.030,-0.011,1809,0,0

1997060,5.598,4.106,6.768,-0.071,0.034,-0.011,1810,0,0

1997068,5.552,4.073,6.812,-0.081,0.036,-0.010,1810,0,0

1997076,5.528,4.044,6.826,-0.088,0.031,-0.008,1809,0,0

1997084,5.526,4.017,6.809,-0.087,0.026,-0.009,1809,0,0

1997093,5.581,4.034,6.764,-0.084,0.025,-0.011,1814,0,0

1997101,5.600,4.027,6.713,-0.092,0.033,-0.014,1810,0,0

1997109,5.607,4.029,6.768,-0.094,0.039,-0.021,1810,0,0

1997117,5.552,4.085,6.821,-0.086,0.040,-0.022,1809,0,0

1997125,5.516,4.116,6.910,-0.076,0.034,-0.018,1811,0,0

1997133,5.538,4.120,6.967,-0.068,0.021,-0.014,1811,0,0

1997142,5.545,4.089,6.931,-0.061,0.007,-0.010,1811,0,0

1997150,5.567,4.039,6.819,-0.052,0.001,-0.009,1809,0,0

1997158,5.564,4.056,6.802,-0.046,-0.003,-0.009,1811,0,0

1997166,5.588,4.061,6.807,-0.048,-0.005,-0.008,1809,0,0

1997174,5.571,4.044,6.795,-0.051,-0.004,-0.006,1811,0,0

1997182,5.578,4.053,6.802,-0.048,-0.003,-0.007,1811,0,0

1997190,5.540,4.077,6.792,-0.042,-0.006,-0.007,1809,0,0

1997198,5.519,4.101,6.778,-0.042,-0.007,-0.003,1810,0,0

1997206,5.543,4.104,6.761,-0.051,-0.010,0.002,1811,0,0

1997215,5.571,4.070,6.816,-0.049,-0.016,0.004,1810,0,0

1997223,5.583,4.058,6.838,-0.040,-0.023,0.003,1811,0,0

1997231,5.629,4.070,6.797,-0.039,-0.022,0.002,1810,0,0

1997239,5.629,4.049,6.797,-0.042,-0.023,-0.003,1809,0,0

1997247,5.610,4.056,6.807,-0.036,-0.027,-0.008,1810,0,0

1997255,5.600,4.051,6.790,-0.034,-0.029,-0.009,1810,0,0

1997263,5.602,4.082,6.756,-0.041,-0.028,-0.011,1812,0,0

1997271,5.612,4.106,6.759,-0.044,-0.023,-0.013,1811,0,0

1997280,5.588,4.080,6.732,-0.045,-0.019,-0.014,1811,0,0

1997288,5.600,4.113,6.685,-0.050,-0.012,-0.013,1810,0,0

1997296,5.617,4.140,6.656,-0.061,-0.001,-0.015,1811,0,0

1997304,5.634,4.137,6.677,-0.070,0.011,-0.016,1811,0,0

1997312,5.614,4.111,6.718,-0.072,0.022,-0.015,1810,0,0

1997320,5.583,4.087,6.759,-0.075,0.027,-0.012,1811,0,0

1997328,5.555,4.123,6.816,-0.079,0.027,-0.008,1809,0,0

1997336,5.538,4.113,6.859,-0.075,0.019,-0.005,1811,0,0

1997345,5.533,4.094,6.855,-0.070,0.006,-0.001,1811,0,0

1997353,5.571,4.063,6.862,-0.071,-0.002,0.001,1809,0,0

1997361,5.636,3.994,6.833,-0.069,-0.006,-0.003,1809,0,0

1997369,5.660,3.946,6.768,-0.059,-0.005,-0.008,1809,0,0

1997377,5.641,3.982,6.694,-0.054,0.002,-0.013,1810,0,0

1997385,5.617,4.041,6.718,-0.049,0.010,-0.018,1810,0,0

1997393,5.602,4.106,6.711,-0.048,0.013,-0.019,1812,0,0

1997401,5.595,4.164,6.754,-0.047,0.013,-0.015,1810,0,0

1997410,5.576,4.199,6.761,-0.051,0.007,-0.008,1810,0,0

1997418,5.557,4.223,6.771,-0.051,0.003,-0.001,1810,0,0

1997426,5.557,4.192,6.761,-0.058,-0.002,0.006,1811,0,0

1997434,5.574,4.113,6.759,-0.062,-0.005,0.011,1812,0,0

1997442,5.581,4.046,6.740,-0.063,-0.006,0.010,1811,0,0

1997450,5.602,3.996,6.744,-0.059,-0.003,0.008,1811,0,0

1997458,5.586,4.008,6.795,-0.055,-0.003,0.006,1808,0,0

1997467,5.607,4.010,6.778,-0.052,-0.008,-0.001,1811,0,0

1997475,5.595,4.008,6.855,-0.047,-0.013,-0.005,1811,0,0

1997483,5.583,4.051,6.833,-0.037,-0.022,-0.006,1810,0,0

1997491,5.595,4.099,6.814,-0.027,-0.034,-0.006,1812,0,0

1997499,5.610,4.118,6.809,-0.027,-0.044,-0.007,1810,0,0

1997507,5.634,4.228,6.732,-0.040,-0.046,-0.002,1811,0,0

1997515,5.650,4.219,6.917,-0.036,-0.060,0.002,1809,0,0

1997523,5.619,4.262,6.967,-0.025,-0.081,0.010,1809,0,0

1997531,5.617,4.281,7.108,-0.032,-0.121,0.029,1810,0,0

1997540,5.646,4.195,7.436,-0.077,-0.187,0.058,1810,0,0

1997548,5.677,4.204,6.883,-0.096,-0.208,0.095,1810,0,0

1997556,5.586,4.403,6.852,-0.092,-0.232,0.114,1812,0,0

1997564,5.583,4.377,6.670,-0.098,-0.216,0.133,1809,0,0

1997572,5.729,4.089,6.620,-0.166,-0.196,0.144,1808,0,0

1997580,5.851,4.022,6.742,-0.196,-0.201,0.145,1807,0,0

1997588,5.693,4.008,6.366,-0.184,-0.167,0.127,1806,0,0

1997596,5.569,4.223,5.878,-0.258,-0.102,0.113,1804,0,0

1997604,5.916,4.077,6.256,-0.302,-0.063,0.072,1806,2881,200

1997612,6.007,3.713,6.462,-0.332,-0.005,0.010,1806,3540,200

1997621,5.868,3.493,6.663,-0.357,0.028,0.007,1806,3826,200

1997629,5.904,3.402,6.740,-0.378,0.040,-0.030,1803,4006,200

1997637,5.705,3.555,6.984,-0.325,0.041,-0.051,1805,4083,200

1997645,5.665,3.412,6.661,-0.306,0.020,-0.082,1805,4095,200

1997653,6.038,3.766,6.797,-0.214,0.056,-0.088,1805,4095,200

1997662,6.124,3.922,6.905,-0.154,0.046,-0.116,1806,4095,200

1997670,5.974,3.996,6.986,-0.099,0.049,-0.113,1803,4095,200

1997678,5.732,3.948,6.888,-0.115,0.041,-0.130,1803,4095,200

1997686,5.526,4.085,6.776,-0.120,0.023,-0.133,1802,4095,200

1997694,5.253,4.128,6.579,-0.122,0.018,-0.113,1802,4095,200

1997702,5.047,4.152,6.505,-0.115,0.019,-0.092,1803,4095,200

1997711,4.992,4.068,6.495,-0.124,0.015,-0.069,1802,4095,200

1997719,5.179,4.027,6.543,-0.147,0.013,-0.057,1799,4095,200

1997727,5.224,3.761,6.371,-0.156,0.023,-0.050,1798,4095,200

1997735,5.346,3.598,6.354,-0.146,0.044,-0.039,1801,4095,200

1997743,5.397,3.493,6.388,-0.120,0.064,-0.036,1800,4095,200

1997751,5.399,3.639,6.539,-0.083,0.077,-0.031,1799,4095,200

1997760,5.382,3.778,6.668,-0.073,0.076,-0.026,1796,4095,200

1997768,5.423,3.814,6.814,-0.076,0.069,-0.015,1794,4095,200

1997776,5.610,3.828,6.938,-0.069,0.046,-0.008,1795,4095,200

1997784,5.392,3.689,6.850,-0.070,0.037,-0.023,1797,4095,200

1997792,5.550,3.663,6.797,-0.059,0.028,-0.017,1796,4095,200

1997800,5.693,3.718,6.780,-0.044,0.027,-0.013,1795,4095,200

1997808,5.818,3.852,6.819,-0.026,0.027,-0.004,1794,4095,200

1997817,5.950,3.984,6.797,-0.023,0.029,0.005,1796,4095,200

1997825,6.084,4.010,6.833,-0.029,0.029,0.013,1793,4095,200

1997833,5.880,3.917,6.835,-0.023,0.033,0.006,1793,4095,200

1997841,6.045,3.962,6.879,-0.024,0.029,0.010,1794,4095,200

1997849,6.144,4.104,6.895,-0.028,0.021,0.018,1792,4095,200

1997857,6.203,4.113,6.893,-0.049,0.014,0.024,1789,4095,200

1997865,6.273,4.156,6.891,-0.068,0.009,0.029,1792,4095,200

1997874,6.340,4.099,6.888,-0.082,0.009,0.026,1791,4095,200

1997882,6.345,4.051,6.876,-0.074,0.014,0.020,1792,4095,200

1997890,6.302,4.092,6.828,-0.068,0.021,0.015,1792,4095,200

1997898,6.345,4.106,6.814,-0.064,0.022,0.024,1792,4095,200

1997906,6.352,4.108,6.840,-0.075,0.031,0.023,1793,4095,200

1997914,6.340,4.108,6.871,-0.072,0.038,0.016,1793,4095,200

1997922,6.306,4.147,6.910,-0.067,0.048,0.011,1792,4095,200

1997931,6.208,4.113,6.879,-0.073,0.055,0.003,1793,4095,200

1997939,6.050,4.125,6.907,-0.080,0.056,0.000,1790,4095,200

1997947,5.916,4.123,6.960,-0.083,0.055,-0.001,1791,4095,200

1997955,6.117,4.137,6.996,-0.077,0.037,0.015,1790,4095,200

1997963,6.062,4.123,6.958,-0.083,0.031,0.011,1793,4095,200

1997971,6.007,4.020,6.924,-0.093,0.028,0.007,1791,4095,200

1997980,5.959,3.941,6.828,-0.092,0.029,-0.005,1791,4095,200

1997988,5.823,3.936,6.749,-0.088,0.039,-0.012,1789,4095,200

1997996,6.141,4.082,6.835,-0.070,0.037,0.003,1791,4095,200

1998004,6.067,4.108,6.797,-0.079,0.046,-0.003,1791,4095,200

1998012,5.966,4.104,6.778,-0.088,0.059,-0.007,1791,4095,200

1998020,5.849,4.027,6.768,-0.093,0.074,-0.013,1793,4095,200

1998028,5.653,4.049,6.816,-0.085,0.084,-0.018,1793,4095,200

1998036,5.385,4.073,6.948,-0.082,0.075,-0.018,1792,4095,200

1998045,5.248,4.010,7.020,-0.092,0.052,-0.016,1791,4095,200

1998053,5.188,3.879,7.010,-0.099,0.031,-0.014,1792,4095,200

1998061,5.669,3.836,6.989,-0.092,0.013,-0.006,1790,4095,200

1998069,5.576,3.752,6.864,-0.070,0.015,-0.020,1794,4095,200

1998077,5.454,3.795,6.833,-0.056,0.022,-0.030,1792,4095,200

1998085,5.303,3.819,6.742,-0.066,0.026,-0.035,1792,4095,200

1998093,5.200,3.838,6.711,-0.073,0.027,-0.040,1792,4095,200

1998102,5.116,3.828,6.687,-0.068,0.031,-0.044,1791,4095,200

1998110,5.090,3.850,6.716,-0.059,0.033,-0.044,1792,4095,200

1998118,5.033,3.847,6.716,-0.058,0.034,-0.041,1792,4095,200

1998126,5.009,3.819,6.694,-0.059,0.033,-0.035,1792,4095,200

1998134,5.013,3.780,6.644,-0.063,0.033,-0.030,1790,4095,200

1998142,5.112,3.742,6.639,-0.081,0.045,-0.030,1790,4095,200

1998150,5.049,3.685,6.658,-0.070,0.049,-0.030,1793,4095,200

1998158,4.987,3.718,6.689,-0.052,0.048,-0.031,1792,4095,200

1998166,4.951,3.701,6.768,-0.040,0.040,-0.032,1790,4095,200

1998175,4.942,3.706,6.838,-0.030,0.027,-0.031,1790,4095,200

1998183,5.018,3.773,6.862,-0.025,0.009,-0.031,1792,4095,200

1998191,5.100,3.735,6.790,-0.042,0.002,-0.033,1793,4095,200

1998199,5.124,3.651,6.711,-0.059,0.003,-0.029,1791,4095,200

1998207,5.167,3.646,6.740,-0.060,0.008,-0.026,1791,4095,200

1998215,4.978,3.692,6.699,-0.069,0.022,-0.041,1790,4095,200

1998223,4.968,3.711,6.718,-0.060,0.015,-0.041,1790,4095,200

1998231,5.006,3.761,6.773,-0.050,0.009,-0.036,1792,4095,200

1998240,5.126,3.735,6.735,-0.048,0.006,-0.031,1791,4095,200

1998248,5.210,3.709,6.675,-0.051,0.008,-0.024,1790,4095,200

1998256,5.255,3.692,6.586,-0.057,0.014,-0.018,1791,4095,200

1998264,5.313,3.723,6.658,-0.054,0.022,-0.010,1792,4095,200

1998272,5.363,3.776,6.713,-0.042,0.023,-0.003,1791,4095,200

1998280,5.064,3.797,6.771,-0.041,0.030,-0.018,1791,4095,200

1998288,5.155,3.740,6.819,-0.044,0.025,-0.013,1791,4095,200

1998296,5.234,3.699,6.826,-0.041,0.014,-0.008,1791,4095,200

1998305,5.308,3.685,6.795,-0.036,0.003,-0.006,1789,4095,200

1998313,5.377,3.709,6.752,-0.036,-0.002,-0.004,1792,4095,200

1998321,5.476,3.706,6.761,-0.041,0.000,-0.003,1793,4095,200

1998329,5.586,3.754,6.780,-0.037,0.001,-0.001,1791,4095,200

1998337,5.674,3.809,6.792,-0.033,0.003,0.003,1793,4095,200

1998345,5.255,3.780,6.804,-0.035,0.014,-0.017,1790,4095,200

1998353,5.334,3.795,6.852,-0.029,0.008,-0.012,1791,4095,200

1998362,5.449,3.847,6.826,-0.032,0.001,-0.003,1794,4095,200

1998370,5.538,3.828,6.785,-0.042,0.001,0.004,1794,4095,200

1998378,5.617,3.821,6.823,-0.046,0.001,0.010,1790,4095,200

1998386,5.705,3.850,6.871,-0.045,-0.003,0.014,1794,4095,200

1998394,5.813,3.876,6.898,-0.048,-0.010,0.015,1792,4095,200

1998402,5.923,3.905,6.898,-0.041,-0.017,0.018,1792,4095,200

1998410,5.492,3.721,6.771,-0.031,-0.014,0.001,1792,4095,200

1998418,5.598,3.764,6.752,-0.027,-0.015,0.005,1791,4095,200

1998427,5.720,3.812,6.792,-0.032,-0.014,0.008,1793,4095,200

1998435,5.806,3.898,6.838,-0.034,-0.015,0.010,1794,4095,200

1998443,5.926,3.974,6.821,-0.036,-0.011,0.013,1793,4095,200

1998451,6.002,3.979,6.800,-0.047,-0.004,0.018,1793,4095,200

1998459,6.060,3.994,6.823,-0.050,-0.002,0.023,1792,4095,200

1998467,6.122,4.049,6.843,-0.051,0.001,0.025,1793,4095,200

1998475,6.136,4.044,6.900,-0.057,0.001,0.028,1795,4095,200

1998483,5.789,3.864,6.857,-0.047,-0.001,0.019,1792,4095,200

1998492,5.878,3.871,6.881,-0.042,-0.006,0.019,1795,4095,200

1998500,5.971,3.905,6.905,-0.036,-0.013,0.018,1792,4095,200

1998508,6.041,3.934,6.905,-0.036,-0.016,0.020,1793,4095,200

1998516,6.141,4.015,6.895,-0.042,-0.018,0.021,1794,4095,200

1998524,6.203,4.044,6.886,-0.053,-0.017,0.022,1793,4095,200

1998532,6.237,4.065,6.900,-0.048,-0.014,0.023,1792,4095,200

1998540,6.285,4.123,6.871,-0.044,-0.011,0.026,1793,4095,200

1998548,5.974,4.017,6.800,-0.037,-0.009,0.025,1792,4095,200

1998557,6.062,4.025,6.816,-0.044,-0.007,0.030,1792,4095,200

1998565,6.134,4.051,6.879,-0.046,-0.009,0.033,1794,4095,200

1998573,6.179,4.108,6.881,-0.052,-0.009,0.038,1792,4095,200

1998581,6.235,4.053,6.898,-0.062,-0.007,0.038,1791,4095,200

1998589,6.249,4.008,6.972,-0.058,-0.009,0.034,1793,4095,200

1998597,6.292,4.044,7.003,-0.045,-0.015,0.032,1794,4095,200

1998605,6.366,4.094,6.962,-0.040,-0.018,0.030,1792,4095,200

1998613,6.371,4.140,6.895,-0.050,-0.012,0.025,1793,4095,200

1998622,6.230,4.037,6.812,-0.047,-0.015,0.021,1792,4095,200

1998630,6.261,4.106,6.785,-0.042,-0.012,0.021,1791,4095,200

1998638,6.261,4.147,6.802,-0.043,-0.009,0.023,1793,4095,200

1998646,6.278,4.147,6.869,-0.050,-0.006,0.023,1791,4095,200

1998654,6.278,4.142,6.946,-0.048,-0.006,0.021,1792,4095,200

1998662,6.302,4.204,6.979,-0.039,-0.008,0.022,1796,4095,200

1998670,6.309,4.195,6.931,-0.059,-0.007,0.023,1795,4095,200

1998678,6.263,4.089,6.948,-0.078,-0.003,0.021,1793,4095,200

1998686,6.261,4.077,7.008,-0.075,-0.004,0.013,1792,4095,200

1998695,6.223,4.065,6.922,-0.054,-0.014,0.029,1795,4095,200

1998703,6.230,4.120,6.914,-0.048,-0.017,0.037,1793,4095,200

1998711,6.287,4.128,6.931,-0.053,-0.020,0.035,1792,4095,200

1998719,6.304,4.144,6.895,-0.056,-0.021,0.030,1792,4095,200

1998727,6.345,4.159,6.843,-0.055,-0.018,0.025,1793,4095,200

1998735,6.325,4.137,6.819,-0.053,-0.010,0.019,1793,4095,200

1998744,6.349,3.998,6.778,-0.041,-0.010,0.024,1791,4095,200

1998752,6.318,3.919,6.819,-0.028,0.005,0.019,1792,4095,200

1998760,6.304,4.013,6.869,0.009,0.018,0.012,1792,4095,200

1998768,6.184,4.147,6.871,0.051,0.036,0.002,1791,4091,200

1998776,5.971,4.298,6.924,0.090,0.044,0.001,1791,4003,200

1998784,5.895,4.489,7.044,0.122,0.024,0.012,1785,3825,200

1998792,5.981,4.587,7.027,0.145,-0.002,0.018,1790,3470,200

1998801,5.832,4.377,6.867,0.090,-0.002,0.024,1791,2602,200

1998809,6.088,4.257,6.680,0.054,0.020,0.084,1792,0,0

1998817,6.227,4.343,6.584,0.018,0.032,0.058,1797,0,0

1998825,5.978,4.293,6.297,-0.055,0.055,0.022,1799,0,0

1998833,5.495,3.996,5.820,-0.210,0.105,-0.014,1801,0,0

1998841,5.763,4.226,5.990,-0.287,0.148,-0.043,1805,0,0

1998849,6.136,3.953,5.940,-0.331,0.219,-0.059,1808,0,0

1998857,6.100,3.900,6.148,-0.341,0.274,-0.084,1810,0,0

1998865,6.117,3.654,6.337,-0.339,0.349,-0.112,1817,0,0

1998873,5.885,3.737,6.527,-0.334,0.413,-0.122,1826,0,0

1998881,5.780,3.689,6.665,-0.339,0.454,-0.127,1838,0,0

1998890,5.559,3.802,6.917,-0.309,0.481,-0.135,1848,0,0

1998898,5.337,3.862,7.065,-0.257,0.448,-0.131,1857,0,0

1998906,5.219,3.915,7.374,-0.216,0.429,-0.149,1863,0,0

1998914,5.188,3.905,7.491,-0.234,0.391,-0.147,1871,0,0

1998922,5.258,3.955,7.570,-0.304,0.354,-0.137,1874,0,0

1998930,5.392,3.733,7.523,-0.347,0.312,-0.132,1881,0,0

1998939,5.531,3.515,7.506,-0.307,0.284,-0.141,1887,0,0

1998947,5.483,3.448,7.307,-0.250,0.277,-0.157,1888,0,0

1998955,5.306,3.529,7.128,-0.232,0.285,-0.168,1893,0,0

1998963,5.212,3.728,7.128,-0.240,0.293,-0.165,1897,0,0

1998971,5.205,3.864,7.156,-0.244,0.298,-0.157,1899,0,0

1998979,5.210,3.924,7.269,-0.233,0.294,-0.152,1901,0,0

1998987,5.248,3.941,7.405,-0.202,0.280,-0.139,1903,0,0

1998995,5.217,3.974,7.484,-0.164,0.256,-0.121,1904,0,0

1999003,5.107,4.159,7.326,-0.165,0.239,-0.086,1906,0,0

1999011,5.160,4.140,7.245,-0.210,0.232,-0.059,1906,0,0

1999020,5.236,4.077,7.242,-0.220,0.238,-0.036,1908,0,0

1999028,5.212,3.962,7.199,-0.189,0.238,-0.020,1911,0,0

1999036,5.176,3.871,7.159,-0.177,0.232,0.002,1910,0,0

1999044,5.286,3.800,7.266,-0.188,0.226,0.004,1911,0,0

1999052,5.272,3.692,7.254,-0.196,0.224,0.006,1911,0,0

1999061,5.239,3.591,7.286,-0.172,0.225,0.006,1912,0,0

1999069,5.176,3.687,7.288,-0.125,0.233,0.012,1915,0,0

1999077,5.092,3.898,7.350,-0.095,0.232,0.022,1912,0,0

1999085,4.899,3.982,7.400,-0.068,0.220,0.044,1913,0,0

1999093,4.887,4.034,7.549,-0.084,0.190,0.053,1913,0,0

1999102,4.867,3.924,7.616,-0.114,0.155,0.055,1914,0,0

1999110,4.908,3.689,7.664,-0.113,0.116,0.051,1914,0,0

1999118,4.958,3.673,7.570,-0.091,0.083,0.055,1914,0,0

1999126,5.037,3.548,7.489,-0.096,0.057,0.053,1913,0,0

1999134,5.100,3.488,7.427,-0.103,0.048,0.032,1914,0,0

1999142,5.100,3.316,7.391,-0.089,0.045,0.011,1913,0,0

1999150,5.095,3.405,7.386,-0.054,0.043,-0.007,1915,0,0

1999159,5.045,3.594,7.381,-0.040,0.048,-0.018,1915,0,0

1999167,4.973,3.759,7.400,-0.054,0.050,-0.017,1914,0,0

1999175,4.978,3.852,7.470,-0.074,0.039,-0.011,1913,0,0

1999183,4.963,3.840,7.570,-0.072,0.024,-0.010,1913,0,0

1999191,4.894,3.783,7.520,-0.059,0.008,-0.001,1916,0,0

1999199,4.927,3.828,7.506,-0.038,-0.012,0.008,1915,0,0

1999207,4.982,3.790,7.503,-0.031,-0.031,0.012,1915,0,0

1999215,5.021,3.680,7.448,-0.042,-0.043,0.013,1913,0,0

1999224,5.025,3.587,7.384,-0.050,-0.048,0.010,1912,0,0

1999232,5.097,3.560,7.336,-0.042,-0.054,0.004,1912,0,0

1999240,5.150,3.560,7.281,-0.035,-0.049,-0.004,1913,0,0

1999248,5.160,3.642,7.264,-0.031,-0.041,-0.011,1914,0,0

1999256,5.124,3.716,7.278,-0.029,-0.035,-0.017,1913,0,0

1999264,5.131,3.780,7.286,-0.026,-0.029,-0.017,1912,0,0

1999272,5.114,3.804,7.317,-0.025,-0.027,-0.014,1913,0,0

1999280,5.131,3.812,7.333,-0.029,-0.027,-0.012,1908,0,0

1999288,5.059,3.785,7.324,-0.030,-0.027,-0.009,1905,0,0

1999296,5.009,3.802,7.305,-0.027,-0.028,-0.002,1905,0,0

1999305,4.985,3.790,7.343,-0.024,-0.035,0.004,1902,0,0

1999313,4.954,3.812,7.362,-0.019,-0.040,0.003,1902,0,0

1999321,4.958,3.778,7.350,-0.034,-0.044,-0.000,1896,0,0

1999329,4.997,3.718,7.367,-0.049,-0.052,-0.002,1896,0,0

1999337,5.083,3.682,7.357,-0.049,-0.061,0.001,1898,0,0

1999345,5.148,3.709,7.420,-0.038,-0.062,0.002,1899,0,0

1999353,5.088,3.721,7.410,-0.031,-0.064,-0.002,1897,0,0

1999362,5.073,3.761,7.348,-0.033,-0.071,-0.003,1896,0,0

1999370,5.119,3.759,7.276,-0.038,-0.071,-0.005,1897,0,0

1999378,5.150,3.757,7.266,-0.035,-0.065,-0.006,1897,0,0

1999386,5.181,3.754,7.262,-0.028,-0.054,-0.009,1897,0,0

1999394,5.138,3.790,7.266,-0.024,-0.046,-0.008,1896,0,0

1999402,5.104,3.821,7.281,-0.028,-0.045,-0.006,1898,0,0

1999410,5.121,3.812,7.290,-0.029,-0.047,-0.004,1895,0,0

1999418,5.140,3.804,7.309,-0.029,-0.048,0.000,1898,0,0

1999426,5.109,3.730,7.283,-0.027,-0.046,0.002,1897,0,0

1999435,5.186,3.761,7.221,-0.033,-0.039,0.007,1894,0,0

1999443,5.181,3.836,7.223,-0.041,-0.026,0.007,1895,0,0

1999451,5.100,3.807,7.180,-0.050,-0.015,0.009,1898,0,0

1999459,5.114,3.814,7.185,-0.062,-0.011,0.015,1897,0,0

1999467,5.169,3.812,7.202,-0.071,-0.005,0.018,1896,0,0

1999475,5.167,3.812,7.223,-0.070,0.005,0.021,1897,0,0

1999483,5.152,3.757,7.276,-0.064,0.007,0.023,1895,0,0

1999492,5.138,3.745,7.293,-0.057,0.009,0.027,1897,0,0

1999500,5.169,3.768,7.298,-0.056,0.003,0.025,1899,0,0

1999508,5.205,3.773,7.333,-0.051,-0.001,0.023,1897,0,0

1999516,5.195,3.764,7.269,-0.039,-0.002,0.017,1898,0,0

1999524,5.179,3.742,7.235,-0.048,-0.001,0.012,1894,0,0

1999532,5.176,3.713,7.195,-0.055,-0.003,0.006,1895,0,0

1999540,5.162,3.675,7.197,-0.054,0.001,0.003,1899,0,0

1999548,5.169,3.713,7.192,-0.046,0.002,0.001,1895,0,0

1999557,5.241,3.749,7.214,-0.041,0.001,-0.001,1895,0,0

1999565,5.262,3.754,7.235,-0.040,0.001,-0.007,1894,0,0

1999573,5.260,3.764,7.211,-0.038,0.010,-0.011,1894,0,0

1999581,5.222,3.792,7.156,-0.042,0.017,-0.014,1893,0,0

1999589,5.152,3.840,7.175,-0.053,0.022,-0.016,1888,0,0

1999597,5.119,3.845,7.240,-0.065,0.022,-0.010,1888,0,0

1999605,5.119,3.855,7.293,-0.069,0.019,-0.004,1889,0,0

1999613,5.114,3.821,7.345,-0.061,0.013,0.001,1888,0,0

1999622,5.080,3.804,7.353,-0.054,0.003,0.004,1885,0,0

1999630,5.057,3.768,7.281,-0.060,-0.003,0.006,1886,0,0

1999638,5.095,3.706,7.274,-0.068,-0.011,0.007,1886,0,0

1999646,5.174,3.661,7.278,-0.071,-0.013,0.003,1885,0,0

1999654,5.236,3.666,7.240,-0.064,-0.009,-0.002,1886,0,0

1999662,5.231,3.711,7.228,-0.053,0.001,-0.011,1887,0,0

1999670,5.188,3.771,7.211,-0.046,0.006,-0.013,1885,0,0

1999678,5.167,3.814,7.221,-0.055,0.013,-0.012,1885,0,0

1999686,5.183,3.821,7.257,-0.058,0.014,-0.009,1885,0,0

1999695,5.169,3.826,7.269,-0.050,0.016,-0.005,1884,0,0

1999703,5.133,3.852,7.257,-0.038,0.019,0.002,1883,0,0

1999711,5.104,3.867,7.247,-0.037,0.016,0.007,1883,0,0

1999719,5.157,3.857,7.271,-0.048,0.012,0.008,1882,0,0

1999727,5.183,3.766,7.264,-0.056,0.009,0.007,1885,0,0

1999735,5.148,3.668,7.216,-0.052,0.006,0.007,1886,0,0

1999743,5.169,3.639,7.221,-0.041,0.001,0.003,1884,0,0

1999751,5.215,3.668,7.183,-0.037,-0.003,0.001,1883,0,0

1999760,5.294,3.701,7.199,-0.031,-0.003,-0.003,1884,0,0

1999768,5.303,3.745,7.190,-0.023,0.006,-0.009,1883,0,0

1999776,5.262,3.824,7.209,-0.027,0.010,-0.012,1883,0,0

1999784,5.236,3.874,7.199,-0.043,0.012,-0.013,1884,0,0

1999792,5.203,3.883,7.190,-0.060,0.020,-0.012,1879,0,0

1999800,5.140,3.869,7.245,-0.071,0.025,-0.009,1883,0,0

1999808,5.073,3.836,7.245,-0.067,0.027,-0.005,1878,0,0

1999817,5.054,3.795,7.283,-0.059,0.019,-0.001,1882,0,0

1999825,5.066,3.768,7.321,-0.054,0.010,0.002,1881,0,0

1999833,5.121,3.735,7.341,-0.051,0.001,0.000,1877,0,0

1999841,5.148,3.701,7.329,-0.047,-0.005,-0.003,1877,0,0

1999849,5.133,3.692,7.269,-0.048,-0.010,-0.007,1874,0,0

1999857,5.169,3.699,7.228,-0.054,-0.014,-0.010,1875,0,0

1999865,5.227,3.675,7.209,-0.052,-0.011,-0.015,1873,0,0

1999873,5.265,3.713,7.156,-0.041,-0.002,-0.019,1874,0,0

1999881,5.265,3.783,7.144,-0.028,0.009,-0.021,1874,0,0

1999889,5.210,3.845,7.144,-0.027,0.017,-0.018,1873,0,0

1999897,5.203,3.903,7.183,-0.035,0.019,-0.006,1873,0,0

1999906,5.217,3.905,7.223,-0.038,0.016,0.002,1873,0,0

1999914,5.227,3.876,7.230,-0.036,0.012,0.005,1872,0,0

1999922,5.203,3.828,7.219,-0.039,0.006,0.008,1874,0,0

1999930,5.227,3.845,7.187,-0.049,0.003,0.011,1873,0,0

1999938,5.241,3.809,7.123,-0.061,0.008,0.013,1873,0,0

1999946,5.207,3.768,7.161,-0.063,0.017,0.010,1874,0,0

1999954,5.157,3.749,7.168,-0.056,0.024,0.006,1873,0,0

1999962,5.131,3.742,7.199,-0.050,0.025,0.005,1868,0,0

1999971,5.138,3.780,7.242,-0.049,0.020,0.006,1869,0,0

1999979,5.203,3.780,7.283,-0.053,0.013,0.005,1868,0,0

1999987,5.210,3.761,7.312,-0.051,0.003,0.003,1865,0,0

1999995,5.191,3.682,7.286,-0.044,-0.003,0.001,1861,0,0

2000003,5.243,3.725,7.238,-0.032,-0.005,-0.006,1861,0,0

2000011,5.231,3.761,7.233,-0.021,-0.005,-0.010,1859,0,0

2000019,5.169,3.833,7.190,-0.019,-0.001,-0.011,1860,0,0

2000028,5.143,3.874,7.199,-0.023,0.001,-0.010,1859,0,0

2000036,5.148,3.869,7.197,-0.030,0.001,-0.007,1860,0,0

2000044,5.162,3.888,7.171,-0.037,0.005,-0.005,1861,0,0

2000052,5.162,3.898,7.202,-0.042,0.009,-0.003,1860,0,0

2000060,5.155,3.879,7.247,-0.053,0.010,0.000,1858,0,0

2000068,5.133,3.850,7.238,-0.066,0.010,0.003,1863,0,0

2000077,5.145,3.790,7.254,-0.070,0.008,0.007,1858,0,0

2000085,5.164,3.768,7.235,-0.061,0.005,0.008,1859,0,0

2000093,5.181,3.768,7.233,-0.048,0.001,0.007,1859,0,0

2000101,5.212,3.795,7.185,-0.040,-0.003,0.006,1859,0,0

2000109,5.236,3.821,7.163,-0.039,-0.001,0.002,1858,0,0

2000117,5.205,3.780,7.173,-0.041,-0.001,-0.003,1857,0,0

2000126,5.215,3.757,7.163,-0.038,-0.002,-0.009,1859,0,0

2000134,5.222,3.785,7.173,-0.033,-0.003,-0.012,1859,0,0

2000142,5.241,3.824,7.197,-0.028,-0.002,-0.014,1858,0,0

2000150,5.219,3.857,7.180,-0.029,-0.001,-0.015,1858,0,0

2000158,5.169,3.881,7.142,-0.036,-0.000,-0.015,1857,0,0

2000166,5.176,3.876,7.156,-0.043,-0.005,-0.011,1857,0,0

2000174,5.205,3.876,7.137,-0.047,-0.003,-0.008,1858,0,0

2000182,5.222,3.864,7.142,-0.050,-0.001,-0.006,1856,0,0

2000190,5.224,3.843,7.163,-0.051,0.000,-0.006,1858,0,0

2000198,5.188,3.838,7.223,-0.053,-0.002,-0.003,1858,0,0

2000207,5.188,3.833,7.230,-0.054,-0.008,0.001,1858,0,0

2000215,5.181,3.807,7.175,-0.054,-0.011,0.001,1858,0,0

2000223,5.210,3.797,7.178,-0.048,-0.013,0.000,1857,0,0

2000231,5.227,3.778,7.163,-0.043,-0.011,-0.004,1856,0,0

2000239,5.239,3.797,7.151,-0.039,-0.009,-0.007,1856,0,0

2000248,5.239,3.819,7.173,-0.042,-0.006,-0.008,1857,0,0

2000256,5.248,3.855,7.154,-0.049,-0.003,-0.009,1856,0,0

2000264,5.241,3.852,7.163,-0.057,-0.000,-0.011,1855,0,0

2000272,5.234,3.845,7.173,-0.060,0.003,-0.010,1856,0,0

2000280,5.227,3.857,7.147,-0.054,0.004,-0.010,1856,0,0

2000288,5.229,3.874,7.187,-0.047,0.003,-0.009,1856,0,0

2000296,5.229,3.895,7.171,-0.049,0.005,-0.008,1854,0,0

2000305,5.191,3.852,7.142,-0.055,0.007,-0.006,1856,0,0

2000313,5.205,3.828,7.108,-0.057,0.007,-0.005,1855,0,0

2000321,5.195,3.824,7.118,-0.059,0.008,-0.003,1856,0,0

2000329,5.224,3.816,7.104,-0.058,0.006,0.000,1855,0,0

2000337,5.270,3.833,7.101,-0.052,0.008,0.001,1856,0,0

2000345,5.277,3.847,7.149,-0.049,0.014,-0.002,1856,0,0

2000353,5.246,3.850,7.161,-0.051,0.014,-0.004,1855,0,0

2000361,5.239,3.857,7.226,-0.051,0.008,-0.005,1856,0,0

2000369,5.210,3.871,7.233,-0.054,0.001,-0.005,1856,0,0

2000378,5.210,3.864,7.180,-0.059,-0.003,-0.005,1857,0,0

2000386,5.241,3.828,7.135,-0.059,-0.005,-0.008,1857,0,0

2000394,5.267,3.804,7.132,-0.056,0.000,-0.012,1856,0,0

2000403,5.258,3.773,7.123,-0.053,0.007,-0.015,1857,0,0

2000411,5.234,3.840,7.106,-0.043,0.014,-0.015,1857,0,0

2000419,5.203,3.919,7.163,-0.041,0.014,-0.013,1856,0,0

2000427,5.191,3.967,7.178,-0.047,0.011,-0.008,1855,0,0

2000435,5.193,3.931,7.187,-0.057,0.002,-0.003,1858,0,0

2000443,5.258,3.874,7.199,-0.062,-0.005,-0.000,1856,0,0

2000452,5.277,3.836,7.161,-0.057,-0.004,-0.002,1856,0,0

2000460,5.258,3.812,7.092,-0.052,0.003,-0.005,1855,0,0

2000468,5.258,3.807,7.063,-0.056,0.008,-0.007,1854,0,0

2000476,5.274,3.809,7.106,-0.061,0.014,-0.010,1855,0,0

2000484,5.286,3.843,7.135,-0.058,0.023,-0.014,1853,0,0

2000492,5.248,3.857,7.168,-0.054,0.026,-0.017,1855,0,0

2000500,5.212,3.874,7.195,-0.057,0.023,-0.014,1852,0,0

2000509,5.229,3.879,7.221,-0.061,0.019,-0.011,1853,0,0

2000517,5.239,3.893,7.192,-0.066,0.015,-0.007,1853,0,0

2000525,5.243,3.876,7.171,-0.065,0.013,-0.007,1853,0,0

2000533,5.215,3.869,7.120,-0.065,0.013,-0.007,1856,0,0

2000541,5.219,3.852,7.092,-0.070,0.015,-0.005,1853,0,0

2000549,5.224,3.828,7.108,-0.074,0.018,-0.007,1853,0,0

2000557,5.227,3.797,7.128,-0.072,0.018,-0.007,1851,0,0

2000565,5.231,3.821,7.173,-0.061,0.017,-0.007,1853,0,0

2000573,5.207,3.879,7.221,-0.052,0.015,-0.006,1851,0,0

2000581,5.207,3.903,7.214,-0.059,0.010,-0.004,1851,0,0

2000589,5.215,3.905,7.214,-0.066,0.007,-0.004,1853,0,0

2000598,5.224,3.869,7.221,-0.068,0.002,-0.007,1853,0,0

2000606,5.222,3.807,7.219,-0.064,0.000,-0.010,1853,0,0

2000614,5.229,3.792,7.183,-0.058,0.001,-0.012,1853,0,0

2000622,5.241,3.821,7.130,-0.054,0.003,-0.014,1854,0,0

2000630,5.222,3.859,7.140,-0.052,0.007,-0.017,1851,0,0

2000638,5.193,3.881,7.132,-0.053,0.011,-0.018,1854,0,0

2000646,5.191,3.881,7.154,-0.057,0.010,-0.016,1851,0,0

2000655,5.203,3.886,7.175,-0.059,0.006,-0.012,1852,0,0

2000663,5.222,3.898,7.197,-0.055,0.001,-0.008,1850,0,0

2000671,5.231,3.893,7.183,-0.052,-0.001,-0.004,1852,0,0

2000679,5.222,3.874,7.154,-0.057,-0.003,-0.001,1853,0,0

2000687,5.243,3.859,7.120,-0.059,-0.003,-0.002,1851,0,0

2000695,5.294,3.828,7.065,-0.058,-0.001,-0.002,1853,0,0

2000704,5.298,3.819,7.041,-0.058,0.005,-0.004,1851,0,0

2000712,5.291,3.824,7.051,-0.055,0.012,-0.010,1852,0,0

2000720,5.294,3.840,7.089,-0.056,0.018,-0.015,1852,0,0

2000728,5.267,3.869,7.108,-0.055,0.022,-0.016,1851,0,0

2000736,5.198,3.895,7.171,-0.055,0.021,-0.016,1851,0,0

2000744,5.179,3.938,7.216,-0.058,0.015,-0.011,1851,0,0

2000752,5.186,3.934,7.266,-0.057,0.003,-0.007,1852,0,0

2000761,5.200,3.883,7.221,-0.053,-0.006,-0.005,1851,0,0

2000769,5.212,3.843,7.128,-0.054,-0.010,-0.002,1851,0,0

2000777,5.234,3.831,7.070,-0.055,-0.006,-0.002,1853,0,0

2000785,5.248,3.816,7.063,-0.055,0.006,-0.003,1854,0,0

2000793,5.255,3.828,7.070,-0.052,0.019,-0.005,1854,0,0

2000802,5.243,3.831,7.099,-0.049,0.026,-0.006,1852,0,0

2000810,5.227,3.891,7.159,-0.051,0.027,-0.003,1852,0,0

2000818,5.222,3.924,7.163,-0.055,0.023,-0.001,1853,0,0

2000826,5.229,3.929,7.183,-0.058,0.019,0.002,1850,0,0

2000834,5.265,3.905,7.183,-0.062,0.014,0.000,1852,0,0

2000842,5.284,3.840,7.192,-0.060,0.013,-0.005,1851,0,0

2000850,5.279,3.840,7.156,-0.059,0.014,-0.008,1851,0,0

2000859,5.239,3.838,7.108,-0.059,0.017,-0.010,1851,0,0

2000867,5.222,3.862,7.116,-0.058,0.022,-0.010,1852,0,0

2000875,5.188,3.864,7.142,-0.058,0.023,-0.010,1849,0,0

2000883,5.179,3.881,7.149,-0.058,0.023,-0.007,1851,0,0

2000891,5.193,3.900,7.161,-0.060,0.022,-0.006,1850,0,0

2000899,5.219,3.895,7.183,-0.061,0.022,-0.003,1849,0,0

2000907,5.203,3.907,7.180,-0.060,0.019,-0.001,1850,0,0

2000915,5.210,3.883,7.180,-0.061,0.015,0.001,1851,0,0

2000924,5.205,3.843,7.151,-0.065,0.011,0.001,1851,0,0

2000932,5.222,3.838,7.161,-0.066,0.009,0.001,1849,0,0

2000940,5.239,3.804,7.156,-0.061,0.006,0.000,1849,0,0

2000948,5.267,3.821,7.130,-0.055,0.009,-0.003,1848,0,0

2000956,5.272,3.831,7.125,-0.055,0.013,-0.006,1851,0,0

2000964,5.255,3.867,7.128,-0.057,0.015,-0.008,1850,0,0

2000972,5.258,3.864,7.144,-0.058,0.018,-0.012,1851,0,0

2000981,5.250,3.869,7.161,-0.060,0.021,-0.013,1851,0,0

2000989,5.248,3.893,7.183,-0.055,0.023,-0.012,1847,0,0

2000997,5.198,3.915,7.216,-0.050,0.022,-0.011,1849,0,0

2001005,5.169,3.931,7.180,-0.049,0.017,-0.006,1847,0,0

2001013,5.179,3.941,7.195,-0.051,0.013,-0.003,1850,0,0

2001021,5.207,3.888,7.190,-0.058,0.008,-0.003,1848,0,0

2001029,5.234,3.864,7.144,-0.063,0.004,-0.003,1850,0,0

2001037,5.239,3.816,7.120,-0.063,0.005,-0.005,1849,0,0

2001046,5.222,3.802,7.089,-0.061,0.007,-0.007,1849,0,0

2001054,5.217,3.828,7.106,-0.061,0.006,-0.009,1848,0,0

2001062,5.224,3.852,7.113,-0.061,0.004,-0.011,1850,0,0

2001070,5.320,3.895,7.144,-0.056,0.009,-0.011,1849,0,0

2001078,5.296,3.891,7.144,-0.053,0.013,-0.009,1849,0,0

2001086,5.267,3.917,7.185,-0.052,0.013,-0.008,1849,0,0

2001094,5.267,3.922,7.151,-0.059,0.012,-0.007,1847,0,0

2001102,5.248,3.900,7.092,-0.068,0.015,-0.006,1849,0,0

2001110,5.236,3.857,7.099,-0.067,0.018,-0.003,1847,0,0

2001119,5.207,3.855,7.132,-0.062,0.023,0.000,1847,0,0

2001127,5.188,3.855,7.156,-0.058,0.023,0.002,1848,0,0

2001135,5.167,3.867,7.216,-0.054,0.017,0.004,1848,0,0

2001143,5.195,3.847,7.257,-0.052,0.006,0.005,1851,0,0

2001151,5.191,3.819,7.230,-0.054,-0.004,0.004,1847,0,0

2001159,5.203,3.800,7.173,-0.059,-0.013,0.000,1849,0,0

2001167,5.258,3.778,7.082,-0.066,-0.013,-0.005,1849,0,0

2001175,5.325,3.816,7.051,-0.062,-0.003,-0.012,1851,0,0

2001183,5.334,3.883,7.029,-0.053,0.008,-0.016,1848,0,0

2001192,5.306,3.907,7.101,-0.047,0.018,-0.016,1849,0,0

2001200,5.272,3.953,7.135,-0.052,0.020,-0.013,1847,0,0

2001208,5.258,3.977,7.166,-0.056,0.018,-0.009,1848,0,0

2001216,5.217,3.931,7.190,-0.056,0.014,-0.007,1848,0,0

2001224,5.212,3.900,7.175,-0.056,0.009,-0.006,1847,0,0

2001232,5.234,3.859,7.180,-0.063,0.006,-0.006,1846,0,0

2001241,5.215,3.838,7.123,-0.066,0.007,-0.007,1849,0,0

2001249,5.227,3.821,7.137,-0.063,0.007,-0.008,1848,0,0

2001257,5.222,3.843,7.120,-0.057,0.008,-0.007,1849,0,0

2001265,5.231,3.862,7.135,-0.057,0.009,-0.007,1846,0,0

2001273,5.227,3.859,7.132,-0.061,0.007,-0.006,1851,0,0

2001281,5.255,3.859,7.092,-0.063,0.010,-0.005,1848,0,0

2001289,5.272,3.895,7.087,-0.064,0.016,-0.006,1848,0,0

2001298,5.282,3.888,7.123,-0.066,0.019,-0.009,1848,0,0

2001306,5.229,3.871,7.173,-0.065,0.021,-0.008,1846,0,0

2001314,5.207,3.900,7.233,-0.056,0.018,-0.007,1849,0,0

2001322,5.186,3.905,7.202,-0.054,0.011,-0.005,1845,0,0

2001330,5.186,3.876,7.183,-0.058,0.002,-0.004,1847,0,0

2001338,5.217,3.855,7.149,-0.061,-0.003,-0.003,1848,0,0

2001347,5.248,3.816,7.151,-0.059,-0.002,-0.006,1849,0,0

2001355,5.239,3.836,7.108,-0.056,0.004,-0.007,1847,0,0

2001363,5.207,3.843,7.116,-0.055,0.004,-0.009,1847,0,0

