1820647,5.334,3.436,7.324,-0.041,0.006,-0.005,1806,0,0

1820667,5.349,3.383,7.278,-0.039,-0.001,-0.004,1806,0,0

1820687,5.397,3.412,7.276,-0.043,-0.002,-0.006,1806,0,0

1820707,5.387,3.433,7.305,-0.046,-0.001,-0.009,1806,0,0

1820727,5.397,3.460,7.314,-0.046,-0.002,-0.009,1806,0,0

1820747,5.351,3.431,7.300,-0.043,0.000,-0.011,1805,0,0

1820767,5.337,3.426,7.345,-0.040,0.000,-0.013,1806,0,0

1820787,5.325,3.409,7.329,-0.041,-0.007,-0.012,1806,0,0

1820807,5.363,3.383,7.259,-0.038,-0.015,-0.012,1806,0,0

1820827,5.442,3.421,7.199,-0.041,-0.006,-0.015,1805,0,0

1820847,5.452,3.519,7.274,-0.047,0.005,-0.018,1805,0,0

1820867,5.375,3.491,7.281,-0.048,-0.004,-0.014,1806,0,0

1820887,5.351,3.395,7.216,-0.049,-0.003,-0.014,1806,0,0

1820907,5.389,3.448,7.245,-0.048,0.006,-0.011,1806,0,0

1820927,5.351,3.450,7.283,-0.052,0.003,-0.008,1806,0,0

1820947,5.425,3.443,7.259,-0.049,-0.003,-0.007,1806,0,0

1820967,5.435,3.481,7.209,-0.047,0.008,-0.013,1805,0,0

1820987,5.380,3.510,7.254,-0.048,0.015,-0.011,1805,0,0

1821007,5.428,3.510,7.226,-0.057,0.018,-0.001,1806,0,0

1821027,5.368,3.462,7.317,-0.049,0.014,0.002,1805,0,0

1821047,5.375,3.455,7.242,-0.049,0.010,0.005,1806,0,0

1821067,5.392,3.476,7.233,-0.043,0.017,0.006,1806,0,0

1821087,5.425,3.481,7.257,-0.055,0.013,0.006,1805,0,0

1821107,5.404,3.414,7.281,-0.054,0.014,-0.001,1806,0,0

1821127,5.373,3.476,7.257,-0.054,0.007,-0.001,1806,0,0

1821147,5.394,3.452,7.209,-0.054,0.008,-0.003,1806,0,0

1821167,5.401,3.527,7.283,-0.056,0.023,-0.009,1805,0,0

1821187,5.358,3.510,7.298,-0.059,0.015,-0.006,1807,0,0

1821207,5.380,3.457,7.240,-0.058,0.012,-0.003,1806,0,0

1821227,5.387,3.460,7.223,-0.055,0.016,-0.002,1805,0,0

1821247,5.430,3.493,7.252,-0.057,0.016,0.001,1804,0,0

1821267,5.375,3.491,7.252,-0.056,0.014,0.002,1805,0,0

1821287,5.382,3.479,7.252,-0.060,0.011,-0.001,1805,0,0

1821307,5.380,3.448,7.226,-0.059,0.007,0.001,1804,0,0

1821327,5.442,3.448,7.269,-0.056,0.008,-0.006,1805,0,0

1821347,5.394,3.519,7.278,-0.054,0.010,-0.011,1804,0,0

1821367,5.380,3.522,7.254,-0.054,0.008,-0.008,1804,0,0

1821387,5.380,3.503,7.262,-0.060,0.004,-0.002,1805,0,0

1821407,5.416,3.440,7.240,-0.058,0.006,-0.001,1804,0,0

1821427,5.468,3.452,7.190,-0.060,0.009,-0.005,1802,0,0

1821447,5.428,3.498,7.252,-0.055,0.016,-0.012,1803,0,0

1821467,5.365,3.563,7.271,-0.055,0.018,-0.007,1804,0,0

1821487,5.373,3.498,7.264,-0.059,0.008,0.002,1803,0,0

1821507,5.404,3.428,7.233,-0.058,0.006,0.000,1803,0,0

1821527,5.413,3.440,7.242,-0.058,0.004,-0.006,1804,0,0

1821547,5.428,3.474,7.235,-0.058,0.007,-0.012,1805,0,0

1821567,5.416,3.563,7.209,-0.058,0.010,-0.010,1803,0,0

1821587,5.411,3.484,7.254,-0.066,0.010,-0.005,1804,0,0

1821607,5.397,3.460,7.238,-0.058,0.007,-0.005,1804,0,0

1821627,5.425,3.426,7.211,-0.059,0.009,-0.011,1805,0,0

1821647,5.373,3.512,7.226,-0.054,0.017,-0.012,1801,0,0

1821667,5.411,3.543,7.298,-0.058,0.011,-0.007,1803,0,0

1821687,5.380,3.517,7.230,-0.057,0.005,0.001,1803,0,0

1821707,5.432,3.462,7.240,-0.067,0.006,-0.002,1804,0,0

1821727,5.423,3.467,7.257,-0.055,0.008,-0.006,1803,0,0

1821747,5.382,3.481,7.257,-0.057,0.006,-0.011,1804,0,0

1821767,5.358,3.529,7.290,-0.055,-0.001,-0.011,1803,0,0

1821787,5.380,3.496,7.233,-0.056,-0.009,-0.004,1804,0,0

1821807,5.461,3.455,7.156,-0.062,0.000,-0.011,1803,0,0

1821827,5.476,3.517,7.221,-0.059,0.011,-0.015,1803,0,0

1821847,5.397,3.524,7.252,-0.061,0.010,-0.016,1804,0,0

1821867,5.406,3.474,7.199,-0.062,0.006,-0.009,1804,0,0

1821887,5.370,3.474,7.216,-0.058,0.013,-0.002,1804,0,0

1821907,5.449,3.474,7.233,-0.060,0.013,-0.004,1804,0,0

1821927,5.392,3.503,7.271,-0.058,0.010,-0.006,1804,0,0

1821947,5.442,3.493,7.238,-0.058,0.002,-0.005,1805,0,0

1821967,5.435,3.486,7.211,-0.051,0.004,-0.009,1805,0,0

1821987,5.447,3.505,7.235,-0.062,0.010,-0.015,1803,0,0

1822007,5.428,3.555,7.230,-0.060,0.009,-0.012,1804,0,0

1822027,5.411,3.500,7.214,-0.064,0.008,-0.005,1804,0,0

1822047,5.447,3.488,7.242,-0.059,0.011,-0.008,1804,0,0

1822067,5.411,3.496,7.274,-0.057,0.005,-0.009,1805,0,0

1822087,5.418,3.462,7.185,-0.055,0.000,-0.010,1804,0,0

1822107,5.425,3.536,7.168,-0.057,0.013,-0.009,1803,0,0

1822127,5.449,3.539,7.238,-0.064,0.014,-0.003,1804,0,0

1822147,5.409,3.500,7.223,-0.063,0.012,-0.005,1805,0,0

1822167,5.428,3.486,7.219,-0.062,0.010,-0.011,1805,0,0

1822187,5.373,3.527,7.216,-0.057,0.007,-0.015,1805,0,0

1822207,5.411,3.524,7.226,-0.065,0.002,-0.011,1805,0,0

1822227,5.428,3.510,7.175,-0.063,0.004,-0.008,1804,0,0

1822247,5.452,3.496,7.230,-0.066,0.017,-0.013,1805,0,0

1822267,5.389,3.519,7.309,-0.065,0.013,-0.013,1805,0,0

1822287,5.368,3.484,7.259,-0.060,-0.003,-0.011,1804,0,0

1822307,5.454,3.481,7.166,-0.058,0.001,-0.010,1804,0,0

1822327,5.461,3.529,7.173,-0.058,0.013,-0.013,1805,0,0

1822347,5.461,3.551,7.240,-0.065,0.010,-0.012,1803,0,0

1822367,5.464,3.498,7.175,-0.066,0.006,-0.008,1804,0,0

1822387,5.399,3.512,7.204,-0.058,0.009,-0.014,1805,0,0

1822407,5.385,3.508,7.240,-0.060,0.006,-0.010,1804,0,0

1822427,5.411,3.524,7.250,-0.061,0.001,-0.006,1803,0,0

1822447,5.416,3.440,7.156,-0.066,-0.001,-0.005,1804,0,0

1822467,5.538,3.472,7.125,-0.061,0.012,-0.015,1804,0,0

1822487,5.442,3.572,7.271,-0.054,0.017,-0.016,1804,0,0

1822507,5.399,3.555,7.242,-0.064,0.013,-0.005,1804,0,0

1822527,5.401,3.474,7.159,-0.063,0.023,-0.002,1804,0,0

1822547,5.368,3.493,7.293,-0.063,0.018,0.000,1806,0,0

1822567,5.428,3.460,7.250,-0.056,-0.002,0.001,1805,0,0

1822587,5.499,3.467,7.144,-0.048,-0.003,-0.013,1806,0,0

1822607,5.444,3.570,7.166,-0.053,0.007,-0.018,1805,0,0

1822627,5.411,3.567,7.190,-0.056,0.008,-0.010,1805,0,0

1822647,5.416,3.512,7.247,-0.066,0.007,-0.008,1805,0,0

1822667,5.430,3.462,7.247,-0.059,0.002,-0.011,1805,0,0

1822687,5.449,3.491,7.211,-0.059,0.000,-0.015,1804,0,0

1822707,5.423,3.529,7.238,-0.050,0.002,-0.017,1804,0,0

1822727,5.428,3.555,7.168,-0.057,0.001,-0.013,1805,0,0

1822747,5.440,3.543,7.151,-0.061,0.005,-0.009,1805,0,0

1822767,5.449,3.522,7.230,-0.068,0.007,-0.008,1804,0,0

1822787,5.437,3.498,7.221,-0.055,-0.003,-0.010,1804,0,0

1822807,5.461,3.488,7.168,-0.055,-0.007,-0.017,1805,0,0

1822827,5.449,3.539,7.137,-0.052,0.006,-0.021,1804,0,0

1822847,5.413,3.596,7.192,-0.071,0.005,-0.016,1803,0,0

1822867,5.492,3.515,7.108,-0.064,-0.001,-0.007,1804,0,0

1822887,5.468,3.512,7.173,-0.064,0.013,-0.011,1805,0,0

1822907,5.432,3.522,7.202,-0.058,0.008,-0.010,1803,0,0

1822927,5.411,3.527,7.166,-0.064,0.006,-0.010,1805,0,0

1822947,5.476,3.565,7.137,-0.068,0.010,-0.009,1804,0,0

1822967,5.466,3.543,7.204,-0.065,0.011,-0.006,1804,0,0

1822987,5.432,3.493,7.240,-0.064,-0.001,-0.003,1805,0,0

1823007,5.480,3.481,7.142,-0.063,-0.002,-0.010,1804,0,0

1823027,5.468,3.589,7.142,-0.064,0.010,-0.013,1805,0,0

1823047,5.468,3.575,7.235,-0.073,0.010,-0.009,1805,0,0

1823067,5.456,3.551,7.240,-0.067,0.006,-0.005,1804,0,0

1823087,5.440,3.464,7.264,-0.066,-0.005,-0.007,1804,0,0

1823107,5.456,3.474,7.230,-0.057,-0.008,-0.015,1804,0,0

1823127,5.449,3.517,7.163,-0.054,-0.010,-0.014,1804,0,0

1823147,5.526,3.541,7.099,-0.059,-0.001,-0.014,1805,0,0

1823167,5.502,3.577,7.175,-0.056,0.010,-0.012,1805,0,0

1823187,5.418,3.529,7.204,-0.059,0.005,-0.012,1804,0,0

1823207,5.452,3.515,7.230,-0.054,0.001,-0.014,1804,0,0

1823227,5.440,3.493,7.226,-0.048,-0.011,-0.020,1805,0,0

1823247,5.452,3.488,7.132,-0.044,-0.017,-0.020,1804,0,0

1823267,5.523,3.565,7.106,-0.042,-0.007,-0.019,1805,0,0

1823287,5.492,3.584,7.168,-0.043,-0.005,-0.016,1805,0,0

1823307,5.478,3.553,7.199,-0.043,-0.010,-0.017,1805,0,0

1823327,5.507,3.560,7.135,-0.036,-0.014,-0.017,1805,0,0

1823347,5.485,3.596,7.168,-0.037,-0.011,-0.015,1805,0,0

1823367,5.387,3.567,7.159,-0.030,-0.009,-0.009,1805,0,0

1823387,5.483,3.577,7.120,-0.044,-0.007,-0.003,1805,0,0

1823407,5.507,3.551,7.144,-0.031,-0.010,0.001,1804,0,0

1823427,5.514,3.541,7.120,-0.035,-0.009,-0.003,1805,0,0

1823447,5.523,3.587,7.118,-0.037,-0.009,-0.007,1804,0,0

1823467,5.521,3.589,7.108,-0.031,-0.013,-0.005,1804,0,0

1823487,5.526,3.598,7.068,-0.039,-0.002,-0.013,1805,0,0

1823507,5.476,3.606,7.166,-0.049,-0.006,-0.013,1805,0,0

1823527,5.497,3.575,7.135,-0.041,-0.010,-0.016,1805,0,0

1823547,5.495,3.572,7.108,-0.043,-0.015,-0.016,1805,0,0

1823567,5.507,3.613,7.063,-0.043,-0.011,-0.018,1803,0,0

1823587,5.528,3.680,7.072,-0.051,-0.007,-0.012,1805,0,0

1823607,5.514,3.639,7.099,-0.051,-0.007,-0.010,1806,0,0

1823627,5.557,3.584,7.111,-0.054,-0.002,-0.009,1805,0,0

1823647,5.526,3.577,7.092,-0.051,0.002,-0.017,1804,0,0

1823667,5.531,3.618,7.125,-0.059,0.001,-0.017,1804,0,0

1823687,5.562,3.632,7.061,-0.047,-0.001,-0.017,1805,0,0

1823707,5.519,3.639,7.049,-0.047,0.006,-0.014,1804,0,0

1823727,5.504,3.649,7.022,-0.051,0.014,-0.008,1805,0,0

1823747,5.456,3.670,7.094,-0.063,0.009,0.002,1804,0,0

1823767,5.607,3.584,7.034,-0.061,0.005,0.007,1803,0,0

1823787,5.612,3.584,7.053,-0.062,0.019,-0.005,1805,0,0

1823807,5.533,3.644,7.113,-0.058,0.021,-0.014,1803,0,0

1823827,5.509,3.673,7.094,-0.061,0.016,-0.011,1806,0,0

1823847,5.480,3.644,7.084,-0.067,0.013,-0.006,1805,0,0

1823867,5.535,3.584,7.075,-0.068,0.017,-0.004,1804,0,0

1823887,5.521,3.598,7.111,-0.065,0.017,-0.008,1804,0,0

1823907,5.545,3.603,7.123,-0.055,0.008,-0.010,1804,0,0

1823927,5.511,3.618,7.056,-0.056,0.009,-0.011
1824849,5.523,3.639,7.063,-0.071,0.005,-0.003,1805,0,0

1824857,5.538,3.601,7.037,-0.068,0.010,-0.004,1805,0,0

1824865,5.550,3.622,7.070,-0.062,0.011,-0.004,1805,0,0

1824872,5.543,3.622,7.120,-0.065,0.014,-0.006,1806,0,0

1825848,5.480,3.575,7.140,-0.061,0.009,-0.005,1805,0,0
1827869,5.533,3.699,7.120,-0.060,0.014,0.002,1807,0,0

1828876,5.531,3.606,7.137,-0.071,0.022,-0.009,1806,0,0
1830897,5.502,3.666,7.077,-0.059,0.007,-0.010,1806,0,0

1831904,5.610,3.704,7.020,-0.059,0.009,-0.006,1808,0,0
1833925,5.301,3.697,7.293,-0.030,0.017,-0.047,1808,0,0

1834932,5.392,3.740,7.219,-0.070,0.018,-0.028,1803,0,0
1836954,5.406,3.654,7.199,-0.073,0.033,-0.005,1808,0,0

1837961,5.495,3.862,6.953,-0.062,0.024,-0.015,1808,0,0
1839982,5.394,3.843,6.970,-0.081,0.010,-0.001,1808,0,0

1840989,5.430,3.709,7.053,-0.059,0.005,-0.005,1809,0,0
1843010,5.468,3.879,7.025,-0.063,0.010,-0.005,1808,0,0

1844017,5.497,3.730,7.013,-0.075,0.019,-0.001,1808,0,0
1846038,5.449,3.749,7.108,-0.061,0.009,-0.006,1808,0,0

1847045,5.504,3.728,6.953,-0.063,0.022,-0.004,1809,0,0
1849066,5.519,3.790,7.092,-0.063,0.009,-0.007,1808,0,0

1850073,5.454,3.783,7.142,-0.071,0.010,-0.009,1809,0,0

1850453,5.502,3.709,7.072,-0.053,-0.010,0.016,1807,0,0

1850462,5.478,3.699,7.039,-0.045,-0.009,0.014,1806,0,0

1850470,5.480,3.716,7.046,-0.046,-0.012,0.015,1805,0,0

1850478,5.514,3.730,6.965,-0.060,-0.007,0.012,1807,0,0

1850486,5.528,3.685,6.979,-0.074,0.002,0.006,1807,0,0

1850494,5.543,3.673,7.061,-0.060,0.003,-0.002,1807,0,0

1850502,5.504,3.754,7.065,-0.038,0.005,-0.003,1806,0,0

1850510,5.464,3.838,7.101,-0.035,0.003,0.001,1806,0,0

1850518,5.418,3.826,7.159,-0.047,-0.005,0.004,1808,0,0

1850526,5.432,3.852,7.128,-0.048,-0.018,0.008,1806,0,0

1850534,5.447,3.824,7.075,-0.048,-0.023,0.017,1807,0,0

1850543,5.468,3.792,6.998,-0.056,-0.023,0.023,1806,0,0

1850551,5.495,3.742,6.960,-0.067,-0.016,0.024,1806,0,0

1850559,5.480,3.718,7.008,-0.062,-0.014,0.026,1808,0,0

1850567,5.437,3.692,6.962,-0.063,-0.007,0.029,1806,0,0

1850575,5.526,3.728,7.037,-0.062,-0.011,0.029,1806,0,0

1850583,5.571,3.656,7.010,-0.067,-0.002,0.022,1806,0,0

1850591,5.578,3.594,7.072,-0.062,0.003,0.013,1806,0,0

1850599,5.590,3.591,7.082,-0.048,0.009,0.005,1807,0,0

1850607,5.595,3.721,7.015,-0.038,0.016,0.001,1807,0,0

1850615,5.543,3.773,6.974,-0.048,0.023,-0.004,1806,0,0

1850624,5.466,3.783,6.996,-0.061,0.027,-0.006,1807,0,0

1850632,5.442,3.754,7.013,-0.068,0.027,-0.001,1806,0,0

1850640,5.464,3.776,7.037,-0.059,0.025,0.006,1805,0,0

1850648,5.468,3.814,7.025,-0.050,0.028,0.010,1806,0,0

1850656,5.454,3.819,7.039,-0.056,0.027,0.015,1806,0,0

1850664,5.459,3.747,7.056,-0.071,0.026,0.018,1807,0,0

1850672,5.495,3.675,7.039,-0.079,0.025,0.017,1807,0,0

1850680,5.555,3.646,7.022,-0.076,0.025,0.014,1806,0,0

1850688,5.562,3.656,7.034,-0.068,0.029,0.009,1806,0,0

1850696,5.507,3.694,7.068,-0.061,0.030,0.005,1806,0,0

1850705,5.478,3.682,7.061,-0.058,0.025,0.005,1806,0,0

1850713,5.485,3.713,7.029,-0.060,0.019,0.004,1807,0,0

1850721,5.511,3.737,7.005,-0.058,0.020,-0.000,1807,0,0

1850729,5.526,3.742,7.065,-0.057,0.021,-0.004,1807,0,0

1850737,5.511,3.752,7.082,-0.059,0.019,-0.005,1807,0,0

1850745,5.516,3.764,7.099,-0.063,0.017,-0.004,1806,0,0

1850753,5.490,3.771,7.101,-0.066,0.016,-0.005,1807,0,0

1850761,5.464,3.740,7.087,-0.068,0.015,-0.005,1807,0,0

1850769,5.464,3.706,7.063,-0.068,0.013,-0.003,1807,0,0

1850777,5.485,3.673,7.070,-0.065,0.012,-0.006,1806,0,0

1850785,5.509,3.658,7.029,-0.064,0.013,-0.007,1805,0,0

1850793,5.540,3.680,7.015,-0.060,0.017,-0.010,1805,0,0

1850802,5.550,3.699,7.029,-0.056,0.021,-0.015,1806,0,0

1850810,5.511,3.706,7.075,-0.053,0.021,-0.015,1804,0,0

1850818,5.478,3.754,7.113,-0.052,0.016,-0.012,1805,0,0

1850826,5.464,3.771,7.089,-0.048,0.009,-0.008,1807,0,0

1850834,5.464,3.783,7.087,-0.047,0.003,-0.003,1806,0,0

1850842,5.471,3.759,7.065,-0.040,-0.006,0.003,1806,0,0

1850850,5.466,3.735,7.075,-0.030,-0.013,0.004,1806,0,0

1850858,5.497,3.752,6.979,-0.030,-0.011,0.009,1807,0,0

1850866,5.511,3.742,6.981,-0.036,-0.009,0.010,1806,0,0

1850874,5.526,3.706,6.950,-0.049,0.000,0.007,1805,0,0

1850882,5.516,3.701,7.008,-0.047,0.005,0.004,1806,0,0

1850890,5.480,3.757,7.063,-0.039,0.006,0.005,1807,0,0

1850899,5.466,3.752,7.087,-0.044,0.001,0.009,1804,0,0

1850907,5.480,3.771,7.187,-0.038,-0.015,0.010,1805,0,0

1850915,5.497,3.759,7.123,-0.025,-0.029,0.013,1806,0,0

1850923,5.516,3.737,7.053,-0.030,-0.030,0.018,1804,0,0

1850932,5.528,3.737,7.070,-0.030,-0.037,0.013,1805,0,0

1850940,5.519,3.716,7.058,-0.022,-0.047,0.013,1805,0,0

1850948,5.485,3.709,7.044,-0.026,-0.043,0.018,1808,0,0

1850956,5.523,3.780,7.058,-0.013,-0.055,0.019,1806,0,0

1850964,5.492,3.785,7.144,0.001,-0.076,0.019,1806,0,0

1850972,5.485,3.802,7.025,-0.004,-0.080,0.033,1806,0,0

1850980,5.531,3.814,6.883,-0.037,-0.075,0.043,1805,0,0

1850988,5.648,3.812,6.907,-0.054,-0.073,0.036,1807,0,0

1850997,5.617,3.776,6.984,-0.049,-0.063,0.028,1807,0,0

1851005,5.595,3.783,6.943,-0.034,-0.056,0.029,1807,0,0

1851013,5.555,3.838,6.929,-0.049,-0.051,0.034,1808,0,0

1851021,5.564,3.869,7.029,-0.050,-0.055,0.041,1806,0,0

1851029,5.586,3.816,7.092,-0.039,-0.076,0.044,1806,0,0

1851038,5.605,3.757,7.049,-0.056,-0.079,0.055,1805,0,0

1851046,5.626,3.716,7.010,-0.075,-0.079,0.057,1804,0,0

1851054,5.648,3.718,7.254,-0.061,-0.115,0.052,1805,0,0

1851062,5.619,3.716,7.252,-0.019,-0.130,0.064,1805,0,0

1851070,5.538,3.737,7.163,-0.018,-0.156,0.086,1806,0,0

1851078,5.617,3.886,7.233,-0.024,-0.191,0.105,1805,0,0

1851086,5.660,3.965,7.094,-0.035,-0.214,0.117,1807,0,0

1851095,5.535,3.840,6.898,-0.111,-0.188,0.132,1804,0,0

1851103,5.684,3.728,6.910,-0.128,-0.202,0.144,1805,0,0

1851111,5.775,3.773,6.788,-0.120,-0.188,0.141,1803,0,0

1851119,5.777,3.735,6.670,-0.119,-0.166,0.129,1803,0,0

1851127,5.780,3.833,6.778,-0.127,-0.160,0.137,1802,0,0

1851135,5.705,3.907,6.802,-0.133,-0.157,0.146,1801,0,0

1851143,5.557,3.888,6.847,-0.184,-0.147,0.173,1802,0,0

1851151,5.495,3.974,6.639,-0.261,-0.128,0.189,1801,0,0

1851160,5.763,3.610,6.970,-0.276,-0.132,0.165,1803,0,0

1851168,5.866,3.357,6.881,-0.250,-0.106,0.130,1803,2237,200

1851176,6.033,3.306,6.814,-0.242,-0.079,0.085,1804,3000,200

1851184,6.024,3.156,6.589,-0.255,-0.035,0.044,1804,3586,200

1851192,5.952,2.998,6.546,-0.236,0.013,0.014,1805,3814,200

1851200,6.093,3.041,6.551,-0.191,0.067,-0.011,1804,3933,200

1851209,6.038,3.328,6.795,-0.155,0.114,-0.056,1804,4015,200

1851217,5.653,3.117,6.845,-0.135,0.127,-0.052,1806,4094,200

1851225,5.389,3.225,6.859,-0.149,0.088,-0.078,1803,4095,200

1851233,5.648,3.790,6.946,-0.135,0.062,-0.054,1803,4095,200

1851241,5.820,4.005,7.065,-0.124,0.060,-0.025,1805,4095,200

1851249,6.127,4.010,7.151,-0.116,0.047,-0.002,1802,4095,200

1851257,6.220,4.087,7.159,-0.129,0.046,0.009,1799,4095,200

1851265,6.211,3.989,7.056,-0.156,0.029,0.022,1800,4095,200

1851274,6.232,3.867,7.070,-0.194,0.036,0.029,1799,4095,200

1851282,6.299,3.632,7.061,-0.204,0.036,0.030,1799,4095,200

1851290,6.256,3.452,7.082,-0.181,0.047,0.018,1799,4095,200

1851298,6.096,3.328,6.998,-0.153,0.058,0.004,1798,4095,200

1851306,5.969,3.290,6.895,-0.130,0.068,-0.013,1800,4095,200

1851315,6.122,3.393,6.862,-0.130,0.090,-0.017,1795,4095,200

1851323,5.866,3.383,6.797,-0.147,0.104,-0.032,1794,4095,200

1851331,5.598,3.397,6.795,-0.141,0.114,-0.041,1793,4095,200

1851339,5.322,3.431,6.862,-0.127,0.117,-0.042,1794,4095,200

1851347,5.102,3.424,6.970,-0.128,0.097,-0.030,1794,4095,200

1851355,5.064,3.452,7.034,-0.135,0.068,-0.014,1795,4095,200

1851363,5.155,3.407,7.039,-0.163,0.048,-0.006,1794,4095,200

1851372,5.119,3.189,6.924,-0.164,0.030,0.002,1795,4095,200

1851380,5.150,3.098,6.881,-0.141,0.018,0.006,1793,4095,200

1851388,5.234,3.112,6.819,-0.124,0.019,0.009,1793,4095,200

1851396,5.325,3.187,6.804,-0.112,0.022,0.016,1794,4095,200

1851404,5.521,3.263,6.893,-0.090,0.025,0.022,1792,4095,200

1851412,5.751,3.402,6.993,-0.055,0.025,0.029,1792,4095,200

1851420,6.045,3.555,7.020,-0.038,0.027,0.032,1793,4095,200

1851428,6.256,3.663,7.056,-0.041,0.040,0.034,1795,4095,200

1851436,6.428,3.716,7.044,-0.054,0.057,0.030,1793,4095,200

1851445,6.206,3.654,7.029,-0.056,0.070,0.025,1793,4095,200

1851453,6.306,3.721,7.154,-0.064,0.075,0.026,1793,4095,200

1851461,6.359,3.704,7.264,-0.079,0.072,0.023,1793,4095,200

1851469,6.378,3.677,7.367,-0.084,0.065,0.019,1793,4095,200

1851477,6.390,3.608,7.324,-0.084,0.053,0.013,1795,4095,200

1851485,6.292,3.508,7.300,-0.077,0.048,0.002,1794,4095,200

1851494,6.421,3.606,7.274,-0.047,0.044,0.001,1793,4095,200

1851502,6.354,3.587,7.130,-0.063,0.054,-0.011,1794,4095,200

1851510,6.220,3.565,7.082,-0.086,0.067,-0.018,1794,4095,200

1851518,5.995,3.587,7.125,-0.100,0.070,-0.021,1792,4095,200

1851526,5.789,3.601,7.144,-0.101,0.064,-0.021,1794,4095,200

1851535,6.103,3.761,7.209,-0.102,0.045,0.000,1791,4095,200

1851543,5.981,3.685,7.168,-0.103,0.034,0.005,1795,4095,200

1851551,5.837,3.603,7.144,-0.095,0.028,0.010,1793,4095,200

1851559,5.662,3.438,7.044,-0.095,0.022,0.009,1793,4095,200

1851567,5.495,3.333,6.984,-0.100,0.021,0.006,1792,4095,200

1851575,5.351,3.206,6.912,-0.110,0.022,0.002,1793,4095,200

1851583,5.224,3.091,6.910,-0.104,0.026,-0.002,1792,4095,200

1851591,5.207,3.048,6.934,-0.086,0.025,-0.013,1792,4095,200

1851600,5.401,3.175,7.001,-0.093,0.030,-0.019,1791,4095,200

1851608,5.210,3.127,6.979,-0.094,0.029,-0.025,1791,4095,200

1851616,5.085,3.115,6.934,-0.088,0.025,-0.030,1793,4095,200

1851624,4.975,3.117,6.926,-0.083,0.023,-0.029,1791,4095,200

1851632,4.934,3.117,6.902,-0.077,0.015,-0.025,1791,4095,200

1851640,4.958,3.141,6.888,-0.076,0.010,-0.017,1795,4095,200

1851649,5.009,3.127,6.879,-0.100,0.013,-0.021,1792,4095,200

1851657,5.049,3.117,6.886,-0.098,0.012,-0.019,1792,4095,200

1851665,5.061,3.074,6.876,-0.088,0.023,-0.020,1792,4095,200

1851673,5.069,3.122,6.926,-0.078,0.022,-0.016,1791,4095,200

1851681,5.069,3.170,6.970,-0.071,0.019,-0.008,1793,4095,200

1851689,5.210,3.227,7.068,-0.063,0.009,-0.001,1792,4095,200

1851697,5.351,3.297,7.034,-0.062,0.000,0.003,1794,4095,200

1851706,5.543,3.357,7.010,-0.055,0.001,0.010,1793,4095,200

1851714,5.255,3.141,6.941,-0.065,-0.005,-0.005,1792,4095,200

1851722,5.397,3.208,6.922,-0.055,-0.001,0.002,1793,4095,200

1851730,5.528,3.261,6.965,-0.043,0.001,0.001,1792,4095,200

1851738,5.655,3.371,6.993,-0.034,-0.008,0.005,1790,4095,200

1851746,5.842,3.448,7.032,-0.028,-0.000,0.014,1793,4095,200

1851755,6.009,3.534,7.072,-0.035,0.001,0.016,1791,4095,200

1851763,5.614,3.373,6.986,-0.037,0.006,0.009,1791,4095,200

1851771,5.801,3.414,7.015,-0.038,0.019,0.009,1792,4095,200

1851779,5.916,3.522,7.104,-0.044,0.016,0.009,1791,4095,200

1851787,6.012,3.618,7.180,-0.044,0.019,0.019,1792,4095,200

1851795,6.187,3.656,7.235,-0.053,0.009,0.023,1792,4095,200

1851803,6.258,3.661,7.271,-0.064,-0.002,0.029,1791,4095,200

1851811,6.385,3.608,7.271,-0.061,0.001,0.032,1795,4095,200

1851820,6.460,3.567,7.281,-0.061,-0.009,0.025,1792,4095,200

1851828,6.457,3.572,7.262,-0.049,-0.004,0.022,1792,4095,200

1851836,6.390,3.598,7.178,-0.029,0.000,0.021,1791,4095,200

1851844,6.455,3.642,7.163,-0.046,-0.001,0.017,1791,4095,200

1851852,6.488,3.634,7.185,-0.048,0.018,0.016,1793,4095,200

1851860,6.515,3.646,7.178,-0.054,0.024,0.009,1791,4095,200

1851869,6.460,3.709,7.104,-0.059,0.036,0.009,1792,4095,200

1851877,6.373,3.680,7.068,-0.068,0.060,0.011,1790,4095,200

1851885,6.218,3.675,7.094,-0.084,0.061,0.009,1792,4095,200

1851893,6.373,3.766,7.190,-0.068,0.058,0.026,1793,4095,200

1851901,6.299,3.709,7.298,-0.074,0.063,0.029,1793,4095,200

1851909,6.215,3.642,7.321,-0.090,0.046,0.026,1792,4095,200

1851917,6.115,3.541,7.245,-0.098,0.042,0.022,1792,4095,200

1851925,6.017,3.364,7.242,-0.104,0.048,0.011,1793,4095,200

1851934,5.885,3.244,7.202,-0.103,0.044,-0.003,1790,4095,200

1851942,5.748,3.179,7.101,-0.089,0.048,-0.018,1791,4095,200

1851950,5.626,3.187,7.025,-0.082,0.055,-0.035,1793,4095,200

1851958,5.447,3.203,7.027,-0.075,0.060,-0.044,1792,4095,200

1851966,5.277,3.208,7.041,-0.067,0.056,-0.048,1793,4095,200

1851974,5.138,3.270,7.075,-0.062,0.041,-0.050,1794,4095,200

1851982,5.021,3.304,7.034,-0.065,0.030,-0.039,1793,4095,200

1851990,5.344,3.424,7.027,-0.100,0.024,-0.023,1793,4095,200

1851998,5.250,3.304,6.993,-0.114,0.018,-0.019,1792,4095,200

1852006,5.164,3.160,6.919,-0.114,0.022,-0.019,1793,4095,200

1852015,5.104,3.014,6.910,-0.113,0.027,-0.019,1793,4095,200

1852023,5.442,3.134,7.068,-0.111,0.033,-0.019,1792,4095,200

1852031,5.315,3.127,7.096,-0.095,0.030,-0.025,1795,4095,200

1852040,5.207,3.172,7.039,-0.089,0.026,-0.027,1793,4095,200

1852048,5.109,3.122,6.979,-0.100,0.019,-0.026,1792,4095,200

1852056,5.006,3.077,6.936,-0.104,0.016,-0.023,1794,4095,200

1852064,4.978,3.036,6.840,-0.095,0.017,-0.022,1793,4095,200

1852072,5.176,3.136,6.919,-0.089,0.030,-0.022,1796,4095,200

1852080,5.073,3.160,6.960,-0.070,0.028,-0.022,1792,4095,200

1852088,4.966,3.175,7.015,-0.068,0.020,-0.021,1792,4095,200

1852097,4.937,3.144,7.058,-0.075,0.007,-0.016,1792,4095,200

1852105,4.958,3.055,7.029,-0.082,-0.009,-0.015,1791,4095,200

1852113,5.001,3.005,6.960,-0.079,-0.018,-0.016,1792,4095,200

1852121,5.076,3.038,6.905,-0.090,-0.013,-0.027,1793,4095,200

1852129,5.037,3.012,6.859,-0.091,-0.008,-0.031,1793,4095,200

1852138,4.997,2.988,6.819,-0.096,-0.001,-0.033,1791,4095,200

1852146,5.001,3.033,6.833,-0.089,0.002,-0.035,1792,4095,200

1852154,5.064,3.086,6.828,-0.075,0.006,-0.037,1791,4095,200

1852162,5.085,3.112,6.881,-0.082,0.021,-0.045,1793,4095,200

1852170,5.001,3.089,6.910,-0.075,0.024,-0.045,1790,4095,200

1852178,4.946,3.031,6.970,-0.067,0.019,-0.043,1795,4095,200

1852186,4.966,3.026,6.989,-0.048,0.009,-0.037,1793,4095,200

1852194,5.069,3.057,6.986,-0.017,0.002,-0.029,1792,4095,200

1852202,5.164,3.105,6.958,0.007,-0.003,-0.028,1793,4095,200

1852210,5.239,3.144,6.934,0.018,-0.007,-0.024,1792,4095,200

1852218,5.332,3.251,6.926,0.028,-0.011,-0.010,1793,4095,200

1852227,5.478,3.395,6.833,0.030,-0.020,0.001,1794,4095,200

1852235,5.713,3.342,6.718,0.008,-0.021,-0.005,1792,4095,200

1852243,5.976,3.342,6.723,0.001,-0.010,-0.022,1792,4095,200

1852251,6.232,3.486,6.807,0.003,0.005,-0.037,1792,4033,200

1852259,6.057,3.290,6.826,-0.021,0.024,-0.068,1790,3865,200

1852267,6.086,3.211,7.044,-0.050,0.043,-0.101,1790,3506,200

1852275,6.048,3.381,7.262,-0.023,0.051,-0.100,1790,2669,200

1852283,6.098,3.677,7.116,0.008,0.062,-0.086,1790,0,0

1852292,6.146,4.092,6.924,-0.003,0.098,-0.072,1791,0,0

1852300,6.129,4.185,6.373,-0.083,0.171,-0.071,1790,0,0

1852308,5.552,3.735,6.931,-0.181,0.175,-0.075,1792,0,0

1852316,5.576,3.644,6.740,-0.224,0.152,-0.097,1792,0,0

1852324,5.583,3.795,6.773,-0.296,0.232,-0.068,1792,0,0

1852332,5.559,3.508,6.981,-0.367,0.207,-0.050,1791,0,0

1852340,5.507,3.268,7.271,-0.355,0.208,-0.051,1793,0,0

1852348,5.588,3.120,7.544,-0.329,0.187,-0.046,1794,0,0

1852357,5.578,2.962,7.654,-0.312,0.149,-0.063,1794,0,0

1852365,5.648,2.892,7.678,-0.277,0.130,-0.084,1795,0,0

1852373,5.629,2.909,7.685,-0.240,0.108,-0.111,1800,0,0

1852381,5.588,2.919,7.640,-0.200,0.082,-0.137,1799,0,0

1852389,5.555,3.069,7.628,-0.164,0.059,-0.149,1797,0,0

1852397,5.502,3.218,7.520,-0.145,0.041,-0.144,1798,0,0

1852405,5.466,3.259,7.403,-0.135,0.041,-0.127,1796,0,0

1852413,5.461,3.349,7.350,-0.107,0.035,-0.112,1797,0,0

1852422,5.483,3.457,7.278,-0.067,0.034,-0.094,1800,0,0

1852430,5.471,3.563,7.307,-0.022,0.035,-0.073,1802,0,0

1852438,5.423,3.642,7.276,0.010,0.034,-0.050,1798,0,0

1852446,5.404,3.639,7.262,0.011,0.026,-0.023,1798,0,0

1852454,5.423,3.603,7.254,-0.002,0.015,0.004,1799,0,0

1852462,5.468,3.519,7.216,-0.016,0.009,0.027,1801,0,0

1852470,5.533,3.426,7.168,-0.027,0.012,0.034,1802,0,0

1852478,5.535,3.369,7.149,-0.036,0.026,0.035,1798,0,0

1852487,5.543,3.328,7.204,-0.037,0.033,0.031,1800,0,0

1852495,5.531,3.309,7.281,-0.029,0.032,0.027,1801,0,0

1852503,5.557,3.263,7.345,-0.021,0.025,0.023,1803,0,0

1852511,5.559,3.247,7.410,-0.009,0.016,0.018,1803,0,0

1852519,5.533,3.278,7.381,0.000,0.004,0.010,1804,0,0

1852527,5.509,3.280,7.283,-0.009,-0.004,0.001,1800,0,0

1852535,5.490,3.268,7.211,-0.025,-0.009,-0.007,1804,0,0

1852543,5.562,3.326,7.233,-0.025,-0.006,-0.011,1803,0,0

1852551,5.507,3.393,7.219,-0.016,-0.003,-0.014,1803,0,0

1852560,5.456,3.424,7.211,-0.013,-0.005,-0.011,1802,0,0

1852568,5.466,3.488,7.207,-0.015,-0.010,-0.005,1803,0,0

1852576,5.492,3.436,7.207,-0.024,-0.012,0.002,1804,0,0

1852584,5.526,3.417,7.230,-0.023,-0.010,0.010,1805,0,0

1852592,5.583,3.407,7.211,-0.012,-0.005,0.013,1803,0,0

1852600,5.586,3.417,7.156,-0.006,0.003,0.012,1804,0,0

1852608,5.588,3.402,7.118,-0.011,0.014,0.007,1804,0,0

1852616,5.526,3.431,7.173,-0.018,0.022,0.002,1801,0,0

1852624,5.473,3.428,7.202,-0.034,0.018,0.000,1803,0,0

1852632,5.514,3.409,7.211,-0.058,0.008,0.002,1803,0,0

1852641,5.535,3.323,7.219,-0.074,0.006,-0.002,1802,0,0

1852649,5.569,3.314,7.209,-0.067,0.005,-0.004,1803,0,0

1852657,5.569,3.357,7.233,-0.049,0.002,-0.006,1801,0,0

1852665,5.567,3.428,7.192,-0.050,0.001,-0.005,1804,0,0

1852673,5.567,3.407,7.204,-0.065,-0.002,-0.005,1801,0,0

1852681,5.562,3.395,7.190,-0.066,-0.002,-0.005,1803,0,0

1852690,5.531,3.366,7.159,-0.059,-0.001,-0.003,1804,0,0

1852698,5.526,3.373,7.147,-0.060,0.002,-0.002,1803,0,0

1852706,5.543,3.361,7.161,-0.063,0.005,-0.003,1803,0,0

1852714,5.574,3.357,7.202,-0.055,0.007,-0.005,1804,0,0

1852722,5.567,3.388,7.235,-0.041,0.007,-0.007,1804,0,0

1852730,5.533,3.405,7.242,-0.038,0.007,-0.007,1802,0,0

1852738,5.511,3.390,7.226,-0.045,0.005,-0.009,1805,0,0

1852747,5.502,3.376,7.214,-0.050,-0.001,-0.006,1803,0,0

1852755,5.526,3.369,7.171,-0.050,-0.000,-0.003,1802,0,0

1852763,5.569,3.369,7.125,-0.046,0.005,-0.004,1803,0,0

1852771,5.543,3.376,7.140,-0.037,0.014,-0.006,1803,0,0

1852779,5.497,3.383,7.166,-0.034,0.017,-0.005,1804,0,0

1852787,5.519,3.417,7.211,-0.035,0.013,-0.003,1803,0,0

1852795,5.574,3.431,7.247,-0.038,0.009,-0.003,1805,0,0

1852804,5.583,3.400,7.264,-0.037,0.005,-0.006,1804,0,0

1852812,5.550,3.421,7.240,-0.034,0.003,-0.005,1803,0,0

1852820,5.526,3.428,7.252,-0.038,-0.000,-0.005,1801,0,0

1852828,5.528,3.395,7.214,-0.050,-0.003,-0.005,1804,0,0

1852836,5.526,3.352,7.211,-0.049,-0.003,-0.007,1802,0,0

1852844,5.507,3.376,7.197,-0.035,-0.001,-0.006,1805,0,0

1852853,5.540,3.414,7.163,-0.026,-0.002,-0.004,1803,0,0

1852861,5.555,3.426,7.156,-0.030,0.003,0.000,1804,0,0

1852869,5.533,3.443,7.120,-0.033,0.007,0.003,1804,0,0

1852877,5.531,3.462,7.130,-0.035,0.009,0.007,1806,0,0

1852885,5.538,3.462,7.144,-0.039,0.007,0.012,1804,0,0

1852893,5.555,3.440,7.192,-0.050,0.003,0.014,1804,0,0

1852902,5.571,3.414,7.202,-0.054,0.001,0.015,1802,0,0

1852910,5.588,3.388,7.190,-0.041,-0.001,0.015,1803,0,0

1852918,5.588,3.409,7.173,-0.028,-0.000,0.012,1804,0,0

1852926,5.600,3.417,7.149,-0.031,0.003,0.008,1803,0,0

1852934,5.576,3.402,7.140,-0.038,0.008,0.003,1807,0,0

1852942,5.559,3.376,7.106,-0.039,0.014,-0.003,1806,0,0

1852950,5.535,3.378,7.128,-0.034,0.017,-0.006,1804,0,0

1852958,5.555,3.393,7.161,-0.037,0.020,-0.009,1804,0,0

1852966,5.516,3.421,7.175,-0.040,0.022,-0.012,1804,0,0

1852975,5.521,3.431,7.223,-0.038,0.015,-0.013,1805,0,0

1852983,5.535,3.484,7.228,-0.037,0.005,-0.012,1804,0,0

1852991,5.569,3.464,7.233,-0.045,-0.003,-0.013,1807,0,0

1852999,5.583,3.421,7.211,-0.055,-0.009,-0.009,1806,0,0

1853007,5.583,3.402,7.178,-0.058,-0.011,-0.009,1805,0,0

1853015,5.598,3.419,7.125,-0.050,-0.008,-0.009,1804,0,0

1853023,5.593,3.472,7.113,-0.042,-0.003,-0.007,1805,0,0

1853031,5.555,3.469,7.101,-0.040,0.001,-0.007,1805,0,0

1853040,5.562,3.424,7.125,-0.045,0.001,-0.005,1805,0,0

1853048,5.590,3.407,7.151,-0.044,0.004,-0.007,1805,0,0

1853056,5.576,3.436,7.183,-0.040,0.004,-0.009,1804,0,0

1853064,5.550,3.460,7.149,-0.047,0.004,-0.010,1804,0,0

1853072,5.562,3.440,7.163,-0.058,0.004,-0.011,1805,0,0

1853080,5.550,3.397,7.187,-0.058,0.004,-0.008,1804,0,0

1853088,5.533,3.448,7.166,-0.047,0.003,-0.008,1805,0,0

1853096,5.552,3.488,7.161,-0.040,0.000,-0.008,1804,0,0

1853105,5.552,3.481,7.197,-0.041,-0.002,-0.005,1805,0,0

1853113,5.557,3.488,7.156,-0.040,-0.006,0.001,1805,0,0

1853121,5.590,3.472,7.101,-0.041,-0.005,0.003,1806,0,0

1853129,5.567,3.472,7.077,-0.047,-0.003,0.002,1805,0,0

1853137,5.562,3.440,7.089,-0.053,-0.004,0.002,1804,0,0

1853145,5.600,3.414,7.065,-0.061,-0.002,0.000,1805,0,0

1853154,5.679,3.405,7.058,-0.060,0.005,-0.003,1804,0,0

1853162,5.708,3.419,7.075,-0.056,0.014,-0.011,1806,0,0

1853170,5.646,3.440,7.135,-0.055,0.021,-0.017,1805,0,0

1853178,5.571,3.479,7.159,-0.061,0.021,-0.016,1806,0,0

1853186,5.526,3.484,7.190,-0.063,0.018,-0.014,1804,0,0

1853194,5.547,3.486,7.216,-0.057,0.011,-0.011,1805,0,0

1853202,5.528,3.467,7.202,-0.047,0.006,-0.009,1802,0,0

1853210,5.499,3.445,7.199,-0.045,0.002,-0.005,1804,0,0

1853219,5.509,3.450,7.178,-0.046,-0.003,-0.003,1804,0,0

1853227,5.514,3.433,7.168,-0.048,-0.005,-0.005,1805,0,0

1853235,5.562,3.414,7.123,-0.052,-0.005,-0.004,1805,0,0

1853243,5.586,3.409,7.116,-0.052,-0.001,-0.006,1804,0,0

1853251,5.598,3.421,7.089,-0.051,0.003,-0.007,1806,0,0

1853259,5.626,3.445,7.070,-0.047,0.008,-0.007,1805,0,0

1853268,5.612,3.481,7.128,-0.040,0.012,-0.006,1807,0,0

1853276,5.588,3.508,7.154,-0.037,0.011,-0.004,1805,0,0

1853284,5.564,3.531,7.183,-0.041,0.006,0.000,1806,0,0

1853292,5.564,3.505,7.154,-0.045,-0.002,0.003,1805,0,0

1853300,5.569,3.481,7.144,-0.048,-0.007,0.003,1804,0,0

1853308,5.593,3.464,7.101,-0.049,-0.009,0.001,1806,0,0

1853316,5.605,3.450,7.094,-0.047,-0.005,-0.002,1806,0,0

1853325,5.593,3.440,7.063,-0.047,0.001,-0.006,1808,0,0

1853333,5.590,3.436,7.089,-0.044,0.002,-0.008,1805,0,0

1853341,5.614,3.469,7.106,-0.044,0.003,-0.008,1806,0,0

1853349,5.590,3.491,7.123,-0.047,0.007,-0.005,1806,0,0

1853357,5.581,3.503,7.099,-0.047,0.007,-0.001,1806,0,0

1853365,5.588,3.493,7.092,-0.052,0.007,0.003,1806,0,0

1853373,5.569,3.486,7.087,-0.057,0.010,0.003,1806,0,0

1853381,5.557,3.460,7.101,-0.058,0.010,0.004,1805,0,0

1853389,5.583,3.462,7.116,-0.058,0.008,0.004,1806,0,0

1853398,5.581,3.436,7.130,-0.059,0.007,0.003,1804,0,0

1853406,5.602,3.433,7.140,-0.057,0.004,0.001,1807,0,0

1853414,5.622,3.467,7.111,-0.055,0.006,0.000,1805,0,0

1853422,5.631,3.462,7.101,-0.054,0.010,-0.002,1804,0,0

1853430,5.622,3.460,7.068,-0.056,0.013,-0.006,1806,0,0

1853438,5.605,3.469,7.072,-0.055,0.016,-0.007,1806,0,0

1853447,5.581,3.476,7.099,-0.056,0.018,-0.008,1806,0,0

1853455,5.590,3.457,7.156,-0.058,0.018,-0.008,1806,0,0

1853463,5.567,3.431,7.197,-0.056,0.014,-0.009,1804,0,0

1853471,5.578,3.443,7.202,-0.048,0.010,-0.009,1805,0,0

1853479,5.576,3.450,7.226,-0.046,0.005,-0.011,1806,0,0

1853488,5.595,3.472,7.202,-0.048,-0.000,-0.013,1804,0,0

1853496,5.586,3.474,7.113,-0.051,-0.001,-0.013,1806,0,0
