3798519,10.195,0.383,-0.036,-0.047,0.013,-0.002,1776,0,0
3798539,10.178,0.352,-0.050,-0.037,0.002,0.000,1776,0,0
3798559,10.154,0.342,-0.086,-0.047,-0.001,0.006,1776,0,0
3798579,10.101,0.309,-0.026,-0.048,0.001,0.010,1776,0,0
3798599,10.185,0.271,-0.031,-0.051,-0.006,-0.006,1776,0,0
3798619,10.211,0.251,-0.136,-0.036,-0.003,-0.022,1775,0,0
3798639,10.180,0.304,-0.160,-0.032,0.000,-0.022,1775,0,0
3798659,10.209,0.345,-0.110,-0.033,0.009,-0.026,1775,0,0
3798679,10.242,0.488,-0.029,-0.032,0.021,-0.019,1775,0,0
3798699,10.269,0.462,0.053,-0.049,0.018,-0.003,1775,0,0
3798719,10.281,0.441,-0.010,-0.056,0.016,0.015,1775,0,0
3798739,10.228,0.326,0.067,-0.086,0.010,0.014,1775,0,0
3798759,10.183,0.271,0.045,-0.073,-0.005,0.001,1775,0,0
3798779,10.178,0.378,-0.029,-0.023,-0.004,-0.002,1775,0,0
3798799,10.187,0.433,-0.036,-0.054,0.004,0.005,1775,0,0
3798819,10.163,0.345,-0.084,-0.091,0.011,0.010,1775,0,0
3798839,10.151,0.311,-0.108,-0.088,0.014,0.008,1775,0,0
3798859,10.156,0.230,-0.050,-0.089,0.010,0.000,1776,0,0
3798879,10.195,0.278,-0.101,-0.052,0.012,-0.006,1775,0,0
3798899,10.154,0.354,-0.084,-0.041,0.013,-0.010,1775,0,0
3798919,10.161,0.354,-0.077,-0.072,0.007,-0.003,1775,0,0
3798939,10.137,0.280,-0.072,-0.070,0.003,0.001,1775,0,0
3798959,10.173,0.227,-0.113,-0.054,-0.008,-0.006,1775,0,0
3798979,10.180,0.220,-0.189,-0.053,0.002,-0.017,1775,0,0
3798999,10.173,0.261,-0.227,-0.046,0.021,-0.014,1775,0,0
3799019,10.116,0.275,-0.144,-0.064,0.017,-0.020,1775,0,0
3799039,10.199,0.254,-0.017,-0.066,0.004,-0.035,1775,0,0
3799059,10.218,0.381,-0.050,-0.016,0.012,-0.042,1775,0,0
3799079,10.197,0.426,-0.053,-0.023,0.015,-0.031,1775,0,0
3799099,10.190,0.414,0.010,-0.074,0.007,-0.012,1774,0,0
3799119,10.242,0.323,0.010,-0.098,-0.001,-0.009,1775,0,0
3799139,10.269,0.278,-0.005,-0.060,0.003,-0.023,1775,0,0
3799159,10.211,0.383,-0.038,-0.020,-0.003,-0.030,1774,0,0
3799179,10.250,0.453,-0.170,-0.030,-0.003,-0.018,1775,0,0
3799199,10.221,0.436,-0.182,-0.072,0.011,0.006,1773,0,0
3799219,10.223,0.316,-0.153,-0.098,0.017,0.002,1774,0,0
3799239,10.180,0.275,-0.096,-0.083,0.024,-0.006,1773,0,0
3799259,10.139,0.306,-0.065,-0.049,0.013,-0.025,1775,0,0
3799279,10.245,0.438,-0.139,-0.015,0.026,-0.019,1775,0,0
3799299,10.178,0.464,-0.098,-0.058,0.033,0.001,1774,0,0
3799319,10.187,0.237,-0.007,-0.123,0.021,0.011,1774,0,0
3799339,10.197,0.206,0.036,-0.071,0.008,-0.010,1774,0,0
3799359,10.142,0.335,-0.012,-0.021,-0.009,-0.025,1774,0,0
3799379,10.199,0.455,-0.177,-0.009,-0.014,-0.021,1773,0,0
3799399,10.185,0.464,-0.287,-0.058,0.007,-0.006,1774,0,0
3799419,10.084,0.414,-0.182,-0.099,0.033,0.004,1773,0,0
3799439,10.135,0.244,-0.031,-0.107,0.027,0.002,1773,0,0
3799459,10.221,0.239,0.019,-0.038,0.020,-0.027,1773,0,0
3799479,10.228,0.381,-0.005,-0.014,0.018,-0.033,1773,0,0
3799499,10.187,0.500,0.053,-0.075,0.004,-0.014,1773,0,0
3799519,10.264,0.464,0.055,-0.111,-0.006,-0.001,1773,0,0
3799539,10.252,0.493,-0.038,-0.048,-0.008,-0.004,1772,0,0
3799559,10.238,0.594,-0.098,-0.042,-0.008,0.006,1773,0,0
3799579,10.209,0.563,-0.160,-0.050,0.001,0.028,1772,0,0
3799599,10.206,0.503,-0.141,-0.064,0.008,0.039,1772,0,0
3799619,10.233,0.378,-0.089,-0.084,0.006,0.046,1771,0,0
3799639,10.228,0.237,-0.053,-0.076,0.004,0.042,1772,0,0
3799659,10.214,0.148,-0.060,-0.051,0.013,0.027,1771,0,0
3799679,10.108,0.220,-0.067,-0.045,0.008,0.015,1772,0,0
3799699,10.144,0.208,-0.120,-0.078,0.003,0.016,1771,0,0
3799719,10.108,0.196,-0.134,-0.087,0.011,0.001,1772,0,0
3799739,10.077,0.204,-0.144,-0.052,0.015,-0.014,1771,0,0
3799759,10.166,0.302,-0.208,-0.032,0.018,-0.014,1772,0,0
3799779,10.197,0.290,-0.170,-0.078,0.032,-0.012,1771,0,0
3799799,10.159,0.213,-0.103,-0.084,0.035,-0.004,1771,0,0
3799819,10.130,0.134,-0.062,-0.089,0.025,-0.023,1771,0,0
3799839,10.159,0.213,-0.038,-0.046,0.015,-0.048,1771,0,0
3799859,10.192,0.474,-0.148,0.011,0.022,-0.060,1770,0,0
3799879,10.240,0.632,-0.115,-0.019,0.033,-0.035,1771,0,0
3799899,10.230,0.555,0.036,-0.094,0.033,0.005,1771,0,0
3799919,10.254,0.294,0.132,-0.118,0.015,0.014,1771,0,0
3799939,10.245,0.204,0.156,-0.076,-0.006,-0.004,1771,0,0
3799959,10.230,0.290,0.012,-0.023,-0.023,-0.017,1772,0,0
3799979,10.175,0.330,-0.153,-0.038,-0.021,-0.015,1771,0,0
3799999,10.137,0.323,-0.215,-0.088,-0.003,-0.011,1772,0,0
3800019,10.132,0.304,-0.165,-0.104,0.024,-0.015,1771,0,0
3800039,10.183,0.383,-0.074,-0.066,0.038,-0.022,1772,0,0
3800059,10.183,0.517,0.014,-0.056,0.031,-0.020,1771,0,0
3800079,10.204,0.512,0.041,-0.070,0.018,-0.000,1771,0,0
3800099,10.211,0.364,0.067,-0.095,-0.005,0.013,1771,0,0
3800119,10.190,0.237,-0.048,-0.086,-0.009,0.004,1773,0,0
3800139,10.173,0.268,-0.134,-0.056,-0.015,-0.009,1771,0,0
3800159,10.240,0.338,-0.187,-0.042,-0.002,-0.010,1771,0,0
3800179,10.171,0.369,-0.158,-0.077,0.011,-0.003,1772,0,0
3800199,10.190,0.347,-0.096,-0.079,0.004,0.002,1771,0,0
3800219,10.195,0.299,-0.115,-0.083,0.002,0.002,1770,0,0
3800239,10.242,0.259,-0.115,-0.057,-0.002,-0.003,1770,0,0
3800259,10.233,0.294,-0.146,-0.035,0.001,-0.006,1770,0,0
3800279,10.199,0.350,-0.148,-0.055,0.006,-0.003,1770,0,0
3800299,10.171,0.323,-0.113,-0.084,0.013,-0.003,1770,0,0
3800319,10.180,0.385,-0.084,-0.027,0.013,-0.001,1771,0,0
3800339,10.195,0.421,-0.098,-0.047,0.007,0.006,1770,0,0
3800359,10.214,0.333,-0.136,-0.065,0.006,0.005,1770,0,0
3800379,10.187,0.263,-0.096,-0.065,0.011,0.004,1771,0,0
3800399,10.180,0.211,-0.117,-0.056,0.010,0.003,1770,0,0
3800419,10.171,0.215,-0.079,-0.054,0.003,-0.013,1770,0,0
3800439,10.192,0.352,-0.117,-0.033,0.008,-0.029,1771,0,0
3800459,10.197,0.460,-0.148,-0.048,0.027,-0.013,1770,0,0
3800479,10.183,0.397,-0.079,-0.073,0.022,0.003,1767,0,0
3800499,10.238,0.306,-0.010,-0.053,0.004,-0.004,1770,0,0
3800519,10.235,0.309,-0.077,-0.032,0.003,-0.006,1770,0,0
3800539,10.168,0.285,-0.091,-0.059,0.013,-0.003,1770,0,0
3800559,10.139,0.297,-0.062,-0.059,0.012,-0.006,1770,0,0
3800579,10.163,0.340,-0.041,-0.054,0.012,-0.016,1771,0,0
3800599,10.151,0.417,-0.091,-0.045,0.018,-0.014,1770,0,0
3800619,10.180,0.385,-0.115,-0.051,0.025,-0.002,1770,0,0
3800639,10.180,0.290,-0.069,-0.091,0.032,-0.006,1771,0,0
3800659,10.185,0.218,0.017,-0.096,0.025,-0.018,1771,0,0
3800679,10.197,0.326,0.057,-0.021,0.030,-0.026,1770,0,0
3800699,10.161,0.393,0.096,-0.069,0.016,-0.026,1771,0,0
3800719,10.230,0.373,0.062,-0.079,-0.001,-0.015,1771,0,0
3800739,10.230,0.378,-0.043,-0.079,-0.007,-0.009,1770,0,0
3800807,10.190,0.314,-0.192,-0.075,0.005,-0.001,1770,0,0
3800820,10.240,0.268,-0.189,-0.095,0.004,-0.001,1770,0,0
3800831,10.235,0.223,-0.189,-0.077,0.011,-0.008,1771,0,0
3800842,10.197,0.280,-0.136,-0.047,0.016,-0.011,1770,0,0
3800853,10.168,0.326,-0.105,-0.026,0.013,-0.016,1771,0,0
3800864,10.187,0.395,-0.093,-0.015,0.009,-0.015,1771,0,0
3800879,10.214,0.431,-0.096,-0.034,0.009,-0.004,1770,0,0
3800899,10.223,0.338,-0.065,-0.072,0.011,0.011,1771,0,0
3800919,10.218,0.249,0.002,-0.063,0.017,0.003,1771,0,0
3800939,10.144,0.285,-0.010,-0.055,0.008,-0.010,1771,0,0
3800959,10.125,0.328,-0.055,-0.030,-0.005,-0.016,1770,0,0
3800979,10.199,0.357,-0.081,-0.045,0.002,-0.011,1770,0,0
3800999,10.185,0.311,-0.156,-0.074,0.010,-0.010,1770,0,0
3801019,10.173,0.268,-0.132,-0.072,0.019,-0.017,1770,0,0
3801039,10.159,0.304,-0.165,-0.056,0.016,-0.027,1771,0,0
3801059,10.233,0.381,-0.189,-0.039,0.023,-0.031,1770,0,0
3801079,10.242,0.476,-0.134,-0.053,0.038,-0.027,1770,0,0
3801099,10.233,0.488,0.026,-0.073,0.041,-0.007,1771,0,0
3801119,10.242,0.426,0.113,-0.069,0.018,0.002,1771,0,0
3801139,10.218,0.376,0.072,-0.060,0.000,-0.000,1771,0,0
3801159,10.190,0.338,-0.079,-0.048,-0.009,-0.001,1771,0,0
3801179,10.173,0.345,-0.227,-0.051,0.000,-0.006,1770,0,0
3801199,10.166,0.438,-0.194,-0.043,0.021,-0.003,1770,0,0
3801219,10.175,0.472,-0.101,-0.051,0.031,0.010,1770,0,0
3801239,10.242,0.359,-0.022,-0.078,0.030,0.017,1770,0,0
3801259,10.233,0.244,0.055,-0.066,0.014,0.008,1772,0,0
3801279,10.230,0.249,0.017,-0.051,-0.000,0.000,1771,0,0
3801299,10.226,0.359,-0.014,-0.054,0.006,-0.000,1771,0,0
3801319,10.173,0.359,0.017,-0.078,0.005,0.003,1772,0,0
3801339,10.175,0.381,-0.010,-0.063,-0.001,0.005,1771,0,0
3801359,10.187,0.366,-0.055,-0.079,0.003,0.008,1770,0,0
3801379,10.175,0.275,-0.144,-0.088,0.009,0.007,1769,0,0
3801399,10.183,0.215,-0.156,-0.084,0.014,-0.002,1769,0,0
3801419,10.178,0.297,-0.043,-0.054,0.015,0.000,1769,0,0
3801439,10.166,0.362,-0.077,-0.070,0.013,0.000,1769,0,0
3801459,10.228,0.311,-0.117,-0.095,0.003,0.003,1769,0,0
3801479,10.183,0.208,-0.163,-0.087,0.007,-0.005,1769,0,0
3801499,10.154,0.283,-0.170,-0.032,0.010,-0.014,1767,0,0
3801519,10.144,0.488,-0.141,-0.040,0.023,-0.004,1769,0,0
3801539,10.087,0.414,0.000,-0.090,0.017,0.011,1769,0,0
3801559,10.113,0.244,0.017,-0.070,-0.006,0.016,1768,0,0
3801579,10.159,0.103,-0.072,-0.053,-0.010,-0.005,1770,0,0
3801599,10.161,0.170,-0.192,-0.042,-0.001,-0.025,1770,0,0
3801619,10.161,0.247,-0.239,-0.051,0.016,-0.035,1770,0,0
3801639,10.144,0.316,-0.208,-0.072,0.030,-0.035,1770,0,0
3801659,10.209,0.362,-0.108,-0.062,0.031,-0.035,1771,0,0
3801679,10.264,0.429,0.007,-0.049,0.035,-0.028,1770,0,0
3801699,10.223,0.407,0.096,-0.084,0.027,-0.019,1768,0,0
3801719,10.254,0.290,0.043,-0.075,0.007,-0.011,1769,0,0
3801739,10.264,0.227,0.019,-0.062,-0.008,-0.021,1770,0,0
3801759,10.271,0.304,-0.026,-0.044,-0.010,-0.025,1770,0,0
3801779,10.281,0.402,-0.141,-0.051,-0.002,-0.017,1770,0,0
3801799,10.159,0.469,-0.192,-0.068,0.012,-0.004,1770,0,0
3801819,10.183,0.488,-0.117,-0.077,0.015,0.005,1770,0,0
3801839,10.216,0.402,0.002,-0.073,0.020,0.014,1771,0,0
3801859,10.206,0.318,0.010,-0.068,0.015,0.009,1770,0,0
3801879,10.204,0.290,-0.034,-0.054,-0.000,0.007,1770,0,0
3801899,10.185,0.256,-0.117,-0.070,-0.002,0.007,1770,0,0
3801919,10.104,0.163,-0.168,-0.098,0.001,-0.006,1771,0,0
3801939,10.130,0.215,-0.196,-0.052,0.015,-0.027,1770,0,0
3801959,10.084,0.417,-0.105,-0.044,0.031,-0.030,1770,0,0
3801979,10.125,0.474,-0.062,-0.082,0.029,-0.014,1770,0,0
3801999,10.163,0.378,-0.096,-0.081,0.017,-0.007,1770,0,0
3802019,10.247,0.247,-0.105,-0.063,0.006,-0.015,1771,0,0
3802039,10.285,0.247,-0.144,-0.064,0.010,-0.031,1770,0,0
3802059,10.230,0.333,-0.156,-0.060,0.020,-0.034,1770,0,0
3802079,10.233,0.484,-0.115,-0.030,0.020,-0.023,1770,0,0
3802099,10.250,0.606,-0.057,-0.038,0.010,-0.002,1770,0,0
3802119,10.254,0.488,-0.036,-0.056,0.014,0.021,1771,0,0
3802139,10.262,0.378,-0.022,-0.059,0.026,0.027,1770,0,0
3802159,10.228,0.271,0.091,-0.070,0.023,0.026,1769,0,0
3802179,10.247,0.165,0.043,-0.080,0.003,0.017,1770,0,0
3802199,10.209,0.144,0.010,-0.053,-0.002,-0.005,1768,0,0
3802219,10.135,0.287,-0.026,-0.046,0.001,-0.014,1769,0,0
3802239,10.120,0.359,-0.117,-0.067,0.001,-0.006,1769,0,0
3802259,10.147,0.330,-0.194,-0.102,0.017,-0.007,1768,0,0
3802279,10.151,0.285,-0.175,-0.088,0.023,-0.023,1769,0,0
3802299,10.183,0.412,-0.077,-0.051,0.037,-0.022,1771,0,0
3802319,10.166,0.383,0.048,-0.092,0.026,-0.011,1770,0,0
3802339,10.240,0.321,-0.002,-0.074,0.003,-0.009,1769,0,0
3802359,10.171,0.390,-0.048,-0.047,0.003,-0.006,1770,0,0
3802379,10.142,0.330,-0.091,-0.074,-0.003,-0.003,1770,0,0
3802399,10.180,0.290,-0.122,-0.069,0.002,-0.011,1768,0,0
3802419,10.161,0.335,-0.156,-0.041,0.003,-0.024,1770,0,0
3802439,10.223,0.426,-0.168,-0.039,0.019,-0.012,1769,0,0
3802459,10.195,0.409,-0.113,-0.070,0.031,0.003,1769,0,0
3802479,10.209,0.366,-0.012,-0.071,0.030,0.002,1768,0,0
3802499,10.245,0.364,0.096,-0.062,0.015,-0.003,1768,0,0
3802519,10.214,0.354,0.136,-0.037,-0.006,0.002,1769,0,0
3802539,10.238,0.357,-0.022,-0.048,-0.015,0.010,1771,0,0
3802559,10.185,0.261,-0.156,-0.077,-0.016,0.010,1769,0,0
3802579,10.180,0.196,-0.189,-0.090,0.005,0.007,1769,0,0
3802599,10.144,0.213,-0.065,-0.068,0.011,-0.009,1768,0,0
3802619,10.163,0.419,-0.034,-0.021,0.011,-0.008,1769,0,0
3802639,10.127,0.481,-0.101,-0.065,0.005,0.011,1769,0,0
3802659,10.185,0.314,-0.124,-0.108,0.005,0.014,1769,0,0
3802679,10.209,0.237,-0.053,-0.064,0.013,0.005,1768,0,0
3802699,10.163,0.314,0.012,-0.040,0.009,-0.002,1769,0,0
3802719,10.154,0.373,0.014,-0.054,0.001,0.004,1769,0,0
3802739,10.199,0.294,-0.079,-0.087,-0.004,0.011,1768,0,0
3802759,10.228,0.225,-0.057,-0.090,0.011,0.003,1768,0,0
3802779,10.130,0.275,0.024,-0.055,0.009,-0.010,1768,0,0
3802799,10.223,0.462,-0.002,-0.033,0.002,0.004,1768,0,0
3802819,10.242,0.381,0.055,-0.100,-0.005,0.022,1769,0,0
3802839,10.254,0.230,0.072,-0.111,-0.010,0.022,1768,0,0
3802859,10.247,0.187,0.103,-0.100,-0.018,0.008,1769,0,0
3802879,10.223,0.227,0.067,-0.082,-0.035,-0.004,1769,0,0
3802899,10.266,0.352,-0.007,-0.083,-0.045,0.001,1768,0,0
3802919,10.262,0.278,-0.136,-0.120,-0.040,0.015,1769,0,0
3802972,10.178,0.211,-0.180,-0.088,-0.005,-0.016,1766,0,0
3802984,10.106,0.294,-0.196,-0.106,0.001,-0.020,1767,0,0
3802995,10.032,0.285,-0.189,-0.125,-0.001,-0.021,1767,0,0
3803006,10.027,0.256,-0.242,-0.132,-0.003,-0.022,1770,0,0
3803019,10.056,0.192,-0.352,-0.128,-0.001,-0.029,1768,0,0
3803039,10.139,0.220,-0.472,-0.112,0.018,-0.048,1767,0,0
3803059,10.151,0.402,-0.433,-0.096,0.045,-0.063,1767,0,0
3803079,10.080,0.589,-0.338,-0.084,0.062,-0.059,1767,0,0
3803099,10.147,0.572,-0.345,-0.095,0.057,-0.039,1768,0,0
3803119,10.271,0.376,-0.306,-0.106,0.067,-0.036,1766,0,0
3803139,10.281,0.220,-0.156,-0.122,0.085,-0.044,1767,0,0
3803159,10.276,0.318,0.055,-0.087,0.083,-0.062,1768,0,0
3803179,10.384,0.565,0.101,-0.068,0.075,-0.049,1767,0,0
3803199,10.348,0.529,0.232,-0.129,0.070,-0.022,1768,0,0
3803219,10.324,0.453,0.218,-0.147,0.062,-0.015,1766,0,0
3803239,10.259,0.441,0.340,-0.166,0.064,-0.014,1769,0,0
3803259,10.326,0.400,0.445,-0.186,0.058,-0.015,1767,0,0
3803279,10.276,0.436,0.426,-0.165,0.046,-0.018,1769,0,0
3803299,10.223,0.508,0.321,-0.191,0.048,-0.010,1768,0,0
3803319,10.202,0.491,0.347,-0.260,0.050,-0.005,1768,0,0
3803339,10.230,0.350,0.462,-0.280,0.053,-0.011,1769,0,0
3803359,10.173,0.345,0.429,-0.246,0.042,-0.024,1768,0,0
3803379,10.111,0.443,0.290,-0.259,0.028,-0.020,1768,0,0
3803399,10.139,0.488,0.199,-0.302,0.035,-0.001,1768,0,0
3803419,10.163,0.385,0.158,-0.339,0.055,0.023,1768,0,0
3803439,10.077,0.196,0.192,-0.341,0.064,0.027,1768,0,0
3803459,10.056,0.069,0.103,-0.315,0.049,0.023,1770,0,0
3803479,10.101,0.043,-0.012,-0.270,0.037,0.012,1768,0,0
3803499,10.135,0.098,-0.148,-0.265,0.027,-0.005,1767,0,0
3803519,10.070,0.108,-0.117,-0.282,0.027,-0.011,1768,0,0
3803539,10.029,0.136,-0.139,-0.215,0.012,-0.016,1766,0,0
3803559,10.065,0.227,-0.192,-0.161,-0.003,-0.018,1768,0,0
3803579,10.106,0.227,-0.129,-0.149,-0.029,-0.009,1766,0,0
3803599,10.048,0.223,-0.129,-0.127,-0.060,-0.008,1767,0,0
3803619,10.046,0.158,-0.165,-0.105,-0.087,-0.005,1767,0,0
3803639,10.075,0.156,-0.199,-0.075,-0.079,-0.014,1766,0,0
3803659,10.072,0.177,-0.187,-0.080,-0.056,-0.019,1767,0,0
3803679,10.060,0.153,-0.158,-0.096,-0.048,-0.022,1767,0,0
3803699,10.094,0.101,-0.091,-0.068,-0.052,-0.036,1768,0,0
3803719,10.056,0.187,-0.069,-0.046,-0.053,-0.049,1767,0,0
3803739,10.123,0.254,-0.098,-0.013,-0.066,-0.051,1767,0,0
3803759,10.190,0.328,-0.251,-0.012,-0.050,-0.045,1767,0,0
3803779,10.106,0.366,-0.160,-0.049,-0.039,-0.036,1768,0,0
3803799,9.986,0.283,-0.089,-0.034,-0.053,-0.036,1768,0,0
3803819,10.113,0.244,-0.230,0.039,-0.086,-0.047,1767,0,0
3803839,10.302,0.342,-0.357,0.056,-0.083,-0.054,1768,0,0
3803859,10.223,0.429,-0.421,0.029,-0.081,-0.053,1768,0,0
3803879,10.190,0.395,-0.383,0.040,-0.097,-0.057,1767,0,0
3803899,10.319,0.460,-0.469,0.088,-0.103,-0.053,1766,0,0
3803919,10.341,0.510,-0.455,0.109,-0.101,-0.055,1767,0,0
3803939,10.254,0.594,-0.448,0.115,-0.086,-0.062,1767,0,0
3803959,10.250,0.723,-0.445,0.109,-0.062,-0.051,1767,0,0
3803979,10.336,0.670,-0.400,0.097,-0.041,-0.036,1766,0,0
3803999,10.386,0.630,-0.273,0.105,-0.016,-0.032,1767,0,0
3804019,10.381,0.709,-0.077,0.072,0.005,-0.039,1767,0,0
3804039,10.384,0.797,0.160,0.048,0.014,-0.035,1767,0,0
3804059,10.441,0.883,0.256,0.059,0.009,-0.015,1768,0,0
3804079,10.487,0.900,0.268,0.002,0.019,0.016,1767,0,0
3804099,10.391,0.730,0.280,-0.096,0.027,0.035,1767,0,0
3804119,10.288,0.498,0.115,-0.108,0.019,0.028,1767,0,0
3804139,10.271,0.429,-0.098,-0.062,0.025,0.011,1767,0,0
3804159,10.209,0.455,-0.259,-0.083,0.074,0.021,1767,0,0
3804179,10.106,0.196,-0.089,-0.203,0.097,0.031,1768,0,0
3804199,10.154,-0.086,0.077,-0.229,0.091,0.007,1767,0,0
3804219,10.027,0.043,0.199,-0.144,0.062,-0.033,1767,0,0
3804239,9.981,0.366,0.036,-0.089,0.017,-0.042,1768,0,0
3804259,10.001,0.512,-0.314,-0.124,-0.003,-0.037,1767,0,0
3804279,10.032,0.464,-0.527,-0.157,0.015,-0.019,1767,0,0
3804299,10.032,0.338,-0.532,-0.112,0.027,-0.004,1768,0,0
3804319,10.111,0.297,-0.534,-0.064,0.026,-0.001,1767,0,0
3804339,10.108,0.218,-0.510,-0.069,0.037,0.002,1767,0,0
3804359,10.118,0.132,-0.462,-0.080,0.045,-0.014,1768,0,0
3804379,10.125,0.146,-0.467,-0.035,0.032,-0.044,1768,0,0
3804399,10.226,0.441,-0.412,0.056,0.019,-0.071,1766,0,0
3804419,10.209,0.682,-0.412,0.059,0.019,-0.063,1766,0,0
3804439,10.192,0.687,-0.472,0.038,0.011,-0.039,1767,0,0
3804459,10.211,0.620,-0.419,0.027,0.015,-0.024,1767,0,0
3804479,10.245,0.584,-0.342,0.054,0.030,-0.020,1767,0,0
3804499,10.235,0.642,-0.220,0.108,0.029,-0.021,1767,0,0
3804519,10.288,0.646,-0.160,0.092,0.024,-0.002,1767,0,0
3804539,10.235,0.505,-0.053,0.033,0.010,0.002,1767,0,0
3804559,10.250,0.417,-0.031,0.043,0.002,-0.013,1767,0,0
3804579,10.154,0.565,-0.007,0.093,0.005,-0.033,1768,0,0
3804599,10.139,0.658,-0.132,0.073,-0.001,-0.029,1768,0,0
3804619,10.283,0.646,-0.201,0.030,0.019,-0.011,1767,0,0
3804639,10.281,0.505,-0.122,-0.020,0.044,-0.013,1767,0,0
3804659,10.206,0.529,0.055,0.004,0.068,-0.020,1769,0,0
3804679,10.108,0.627,0.180,-0.003,0.066,-0.023,1768,0,0
3804699,10.139,0.615,0.134,-0.026,0.057,-0.031,1768,0,0
3804719,10.151,0.608,0.060,-0.033,0.060,-0.019,1769,0,0
3804739,10.161,0.503,-0.007,-0.051,0.049,-0.014,1769,0,0
3804759,10.238,0.462,0.002,-0.078,0.053,-0.016,1769,0,0
3804779,10.192,0.467,0.019,-0.064,0.052,-0.019,1768,0,0
3804799,10.101,0.443,-0.038,-0.053,0.039,-0.022,1768,0,0
3804819,10.135,0.429,-0.182,-0.034,0.033,-0.024,1768,0,0
3804839,10.142,0.469,-0.299,-0.004,0.044,-0.024,1768,0,0
3804859,10.192,0.448,-0.278,-0.042,0.065,-0.011,1767,0,0
3804879,10.199,0.453,-0.117,-0.062,0.068,-0.013,1769,0,0
3804899,10.130,0.515,-0.005,-0.017,0.046,-0.025,1767,0,0
3804919,10.130,0.699,0.043,0.041,0.022,-0.027,1766,0,0
3804939,10.130,0.716,0.093,0.012,0.005,-0.004,1766,0,0
3804959,10.159,0.462,0.055,-0.059,-0.004,0.004,1767,0,0
3804979,10.139,0.333,-0.017,-0.064,0.003,-0.027,1767,0,0
3804999,10.166,0.414,-0.007,-0.004,0.015,-0.044,1767,0,0
3805019,10.161,0.622,0.007,0.013,0.018,-0.046,1766,0,0
3805039,10.226,0.670,0.053,-0.029,0.014,-0.037,1768,0,0
3805059,10.276,0.702,0.024,-0.043,0.013,-0.025,1767,0,0
3805079,10.274,0.663,0.029,-0.045,0.016,-0.002,1767,0,0
3805099,10.262,0.551,-0.031,-0.042,0.013,0.005,1767,0,0
3805119,10.247,0.491,-0.038,-0.039,0.019,-0.010,1766,0,0
3805139,10.209,0.656,-0.019,-0.029,0.031,-0.006,1766,0,0
3805159,10.116,0.646,0.072,-0.073,0.025,0.005,1766,0,0
3805179,10.113,0.555,0.096,-0.088,0.001,-0.003,1765,0,0
3805199,10.195,0.536,0.002,-0.047,-0.007,-0.014,1766,0,0
3805219,10.185,0.563,-0.060,-0.039,-0.001,-0.015,1765,0,0
3805239,10.163,0.584,-0.055,-0.080,0.009,-0.012,1766,0,0
3805259,10.099,0.589,-0.007,-0.080,0.013,-0.018,1766,0,0
3805279,10.123,0.697,-0.024,-0.056,0.001,-0.019,1767,0,0
3805299,10.195,0.735,-0.093,-0.058,0.002,-0.012,1766,0,0
3805319,10.144,0.702,-0.134,-0.058,0.008,-0.003,1766,0,0
3805339,10.108,0.611,-0.034,-0.088,0.006,0.003,1766,0,0
3805359,10.180,0.512,-0.091,-0.079,-0.002,-0.001,1766,0,0
3805379,10.242,0.460,-0.144,-0.067,0.008,-0.014,1766,0,0
3805399,10.178,0.484,-0.124,-0.073,0.022,-0.023,1766,0,0
3805419,10.195,0.575,-0.060,-0.079,0.016,-0.028,1766,0,0
3805439,10.262,0.639,0.000,-0.064,0.015,-0.019,1767,0,0
3805459,10.276,0.725,-0.060,-0.042,0.019,-0.003,1766,0,0
3805479,10.254,0.658,-0.139,-0.064,0.025,0.016,1766,0,0
3805499,10.139,0.484,-0.124,-0.091,0.035,0.020,1766,0,0
3805519,10.149,0.383,-0.010,-0.076,0.016,-0.001,1766,0,0
3805539,10.178,0.546,-0.019,-0.013,0.011,-0.013,1766,0,0
3805559,10.173,0.718,-0.048,-0.017,0.013,-0.010,1765,0,0
3805579,10.101,0.807,-0.069,-0.052,0.011,0.007,1765,0,0
3805599,10.125,0.754,-0.062,-0.047,0.008,0.023,1765,0,0
3805619,10.195,0.622,-0.050,-0.048,0.007,0.025,1766,0,0
3805639,10.223,0.476,0.010,-0.038,0.018,0.022,1766,0,0
3805659,10.137,0.543,0.113,-0.022,0.012,0.014,1766,0,0
3805679,10.104,0.584,0.120,-0.054,-0.007,0.020,1766,0,0
3805699,10.127,0.500,0.029,-0.072,-0.011,0.019,1768,0,0
3805719,10.147,0.426,-0.010,-0.081,-0.005,-0.003,1768,0,0
3805739,10.142,0.488,-0.067,-0.017,0.005,-0.020,1767,0,0
3805759,10.135,0.567,-0.113,-0.051,0.002,-0.006,1766,0,0
3805779,10.209,0.464,-0.127,-0.098,0.008,0.000,1767,0,0
3805799,10.168,0.481,-0.045,-0.076,0.018,-0.021,1767,0,0
3805819,10.161,0.642,-0.024,-0.035,0.014,-0.025,1767,0,0
3805839,10.187,0.728,-0.062,-0.056,0.015,-0.008,1767,0,0
3805859,10.185,0.666,-0.067,-0.065,0.009,0.015,1766,0,0
3805879,10.206,0.455,-0.081,-0.096,0.007,0.019,1767,0,0
3805899,10.197,0.287,-0.077,-0.090,0.011,0.002,1766,0,0
3805919,10.221,0.388,0.007,-0.017,0.019,-0.022,1767,0,0
3805939,10.101,0.711,0.048,-0.025,0.018,-0.023,1766,0,0
3805959,10.113,0.764,0.012,-0.078,-0.002,0.014,1766,0,0
3805979,10.195,0.527,-0.062,-0.099,-0.009,0.021,1765,0,0
3805999,10.218,0.373,-0.081,-0.091,-0.001,-0.007,1767,0,0
3806019,10.235,0.388,-0.120,-0.035,0.012,-0.019,1766,0,0
3806039,10.202,0.520,-0.086,-0.062,0.019,-0.013,1766,0,0
3806059,10.171,0.563,-0.036,-0.071,0.009,-0.004,1767,0,0
3806079,10.173,0.567,-0.017,-0.084,0.005,-0.005,1767,0,0
3806099,10.149,0.536,-0.038,-0.080,-0.002,-0.016,1767,0,0
3806119,10.163,0.613,-0.117,-0.019,0.004,-0.017,1766,0,0
3806139,10.154,0.718,-0.163,-0.046,0.015,0.008,1768,0,0
3806159,10.154,0.508,-0.120,-0.122,0.022,0.021,1767,0,0
3806179,10.156,0.297,-0.014,-0.106,0.022,0.001,1768,0,0
3806199,10.125,0.371,0.024,-0.032,0.018,-0.030,1767,0,0
3806219,10.166,0.553,-0.041,-0.036,0.013,-0.032,1767,0,0
3806239,10.163,0.622,-0.096,-0.089,0.021,-0.021,1768,0,0
3806259,10.211,0.618,-0.031,-0.089,0.020,-0.015,1768,0,0
3806279,10.202,0.644,0.014,-0.074,0.016,-0.012,1769,0,0
3806299,10.132,0.582,-0.012,-0.049,0.003,0.006,1770,0,0
3806319,10.163,0.510,-0.074,-0.062,-0.003,0.012,1769,0,0
3806339,10.204,0.314,-0.170,-0.120,0.001,0.001,1769,0,0
3806359,10.166,0.354,-0.158,-0.081,0.018,-0.027,1770,0,0
3806379,10.132,0.474,-0.115,-0.052,0.022,-0.041,1770,0,0
3806399,10.132,0.601,-0.089,-0.074,0.029,-0.031,1770,0,0
3806419,10.127,0.599,-0.074,-0.092,0.019,-0.032,1772,0,0
3806439,10.175,0.661,-0.115,-0.039,0.022,-0.037,1772,0,0
3806459,10.192,0.752,-0.105,-0.041,0.033,-0.023,1772,0,0
3806479,10.192,0.668,0.055,-0.093,0.036,-0.003,1773,0,0
3806499,10.149,0.558,0.050,-0.080,0.023,0.002,1773,0,0
3806519,10.180,0.474,-0.069,-0.063,0.016,-0.007,1774,0,0
3806539,10.211,0.469,-0.089,-0.052,0.025,-0.022,1773,0,0
3806559,10.209,0.601,-0.062,-0.046,0.037,-0.020,1774,0,0
3806579,10.183,0.575,0.022,-0.095,0.030,-0.006,1774,0,0
3806599,10.185,0.421,0.026,-0.120,0.023,-0.014,1775,0,0
3806619,10.175,0.455,-0.057,-0.058,0.021,-0.039,1774,0,0
3806639,10.187,0.678,-0.117,-0.018,0.030,-0.045,1775,0,0
3806659,10.204,0.783,-0.065,-0.062,0.046,-0.022,1775,0,0
3806679,10.204,0.725,0.019,-0.094,0.042,0.003,1775,0,0
3806699,10.195,0.579,0.093,-0.086,0.025,0.012,1775,0,0
3806719,10.178,0.558,0.084,-0.055,0.008,0.001,1775,0,0
3806739,10.183,0.508,-0.014,-0.041,-0.005,-0.003,1774,0,0
3806759,10.166,0.527,-0.170,-0.050,0.013,0.001,1775,0,0
3806779,10.094,0.464,-0.124,-0.095,0.026,-0.014,1775,0,0
3806799,10.070,0.546,-0.012,-0.058,0.035,-0.022,1776,0,0
3806819,10.156,0.539,0.055,-0.063,0.030,-0.022,1776,0,0
3806839,10.195,0.402,0.014,-0.100,0.036,-0.019,1776,0,0
3806859,10.216,0.316,-0.024,-0.103,0.044,-0.041,1775,0,0
3806879,10.151,0.381,0.045,-0.086,0.049,-0.065,1775,0,0
3806899,10.096,0.539,0.096,-0.043,0.037,-0.080,1775,0,0
3806919,10.190,0.694,0.084,-0.041,0.013,-0.091,1775,0,0
3806939,10.276,0.771,0.019,-0.039,0.012,-0.092,1775,0,0
3806959,10.218,0.728,-0.026,-0.061,0.031,-0.097,1776,0,0
3806979,10.223,0.812,0.010,-0.046,0.017,-0.099,1776,0,0
3806999,10.204,0.843,0.108,-0.007,-0.016,-0.114,1776,0,0
3807019,10.417,0.984,-0.139,-0.051,-0.014,-0.120,1776,0,0
3807039,10.573,0.917,0.158,-0.042,0.001,-0.127,1776,0,0
3807059,10.551,0.876,0.141,-0.002,-0.026,-0.112,1773,0,0
3807079,10.424,0.955,0.436,0.144,-0.112,-0.048,1761,0,0
3807099,10.460,1.111,0.321,0.391,-0.232,0.030,1726,0,0
3807119,10.558,1.401,0.287,0.342,-0.315,0.134,1629,0,0
3807139,10.113,1.618,-0.594,-0.108,-0.189,0.264,1566,0,0
3807159,9.764,1.484,-0.479,-0.410,-0.228,0.406,1504,0,0
3807179,10.858,0.587,0.527,-0.333,-0.536,0.503,1425,0,0
3807199,9.663,1.228,-0.146,-0.130,-0.554,0.803,1404,0,0
3807219,8.602,2.322,-0.850,0.370,-0.575,1.073,1379,0,0
3807239,9.074,2.270,-0.891,0.040,-0.545,1.221,1289,0,0
3807259,9.342,0.029,-1.630,-0.484,-0.510,1.276,1151,0,0
3807279,10.862,-1.683,-0.067,-0.338,-0.474,0.906,1038,0,0
3807299,10.805,-2.136,0.057,0.251,-0.381,0.676,978,0,0
3807319,10.185,-1.097,-0.536,0.629,-0.358,0.568,951,0,0
3807339,10.101,-1.087,-0.948,0.568,-0.427,0.435,935,0,0
3807359,10.925,-1.180,-1.935,0.378,-0.091,0.248,940,0,0
3807379,10.487,-1.274,-1.803,0.387,0.179,0.195,939,0,0
3807399,10.341,-1.542,-1.604,0.537,0.332,0.169,941,0,0
3807419,9.974,-0.948,-1.080,0.478,0.341,0.188,944,0,0
3807439,10.048,-1.164,-0.941,0.392,0.272,0.217,946,0,0
3807459,9.886,-0.912,-0.421,0.312,0.215,0.253,946,0,0
3807479,10.154,-1.638,-0.352,0.213,0.111,0.257,947,0,0
3807499,10.192,-1.544,-0.474,0.319,0.103,0.237,951,0,0
3807519,9.859,-1.719,-0.620,0.307,0.071,0.219,954,0,0
3807539,9.428,-2.033,-0.802,0.215,-0.039,0.193,959,0,0
3807559,9.404,-3.321,-1.290,0.120,-0.105,0.110,963,0,0
3807579,9.412,-4.817,-1.990,0.155,-0.013,-0.115,966,0,0
3807599,9.112,-5.976,-2.437,0.206,0.195,-0.473,968,0,0
3807619,8.186,-7.350,-2.502,0.355,0.414,-0.948,973,0,0
3807639,7.130,-9.129,-2.251,0.593,0.418,-1.524,976,0,0
3807659,6.651,-10.463,-2.588,0.719,0.409,-2.208,978,0,0
3807679,6.625,-11.418,-3.268,0.691,0.586,-2.944,981,0,0
3807699,5.183,-10.458,-2.935,0.590,1.086,-3.699,987,0,0
3807719,3.345,-7.372,-0.886,0.138,1.088,-4.110,991,0,0
3807739,3.498,-5.535,0.314,-0.487,0.992,-4.513,992,0,0
3807759,3.555,-3.637,1.595,-0.427,1.194,-5.135,994,0,0
3807779,1.537,2.550,3.467,0.029,1.272,-5.589,994,0,0
3807799,0.862,12.797,4.008,-0.377,1.025,-5.091,995,0,0
3807819,2.260,17.111,4.729,-1.656,0.689,-4.160,994,0,0
3807839,3.120,20.497,5.698,-0.719,0.435,-3.597,996,0,0
3807859,4.207,29.358,4.525,0.638,-0.101,-2.623,993,0,0
3807879,7.005,33.967,1.456,0.377,-0.161,-1.059,995,0,0
3807899,8.346,28.486,1.123,-0.159,0.127,0.566,996,0,0
3807919,8.238,22.218,2.315,0.023,0.105,1.494,998,0,0
3807939,7.630,19.467,2.976,0.548,-0.143,2.171,999,0,0
3807959,7.020,17.870,2.648,1.063,-0.269,2.858,999,0,0
3807979,5.789,15.799,2.792,0.951,-0.359,3.614,1002,0,0
3807999,5.059,12.194,3.031,0.805,-0.495,4.134,1004,0,0
3808019,5.028,8.957,2.358,0.918,-0.568,4.503,1007,0,0
3808039,4.085,5.703,1.870,0.707,-0.491,4.742,1008,0,0
3808059,2.871,1.508,1.662,0.420,-0.524,4.913,1008,0,0
3808079,2.919,-2.974,0.852,0.350,-0.593,4.781,1010,0,0
3808099,3.038,-7.163,0.175,0.398,-0.577,4.376,1011,0,0
3808119,3.558,-10.992,-0.342,0.251,-0.546,3.834,1012,0,0
3808139,4.322,-16.070,-0.833,0.035,-0.528,2.943,1016,0,0
3808159,5.318,-19.874,-1.389,-0.066,-0.499,1.806,1018,0,0
3808179,6.285,-20.095,-1.980,-0.143,-0.256,0.326,1022,0,0
3808199,6.409,-16.834,-2.021,-0.436,0.128,-0.931,1024,0,0
3808219,5.827,-13.970,-1.463,-0.834,0.420,-1.857,1026,0,0
3808239,5.179,-11.650,-0.558,-0.999,0.487,-2.656,1034,0,0
3808259,5.121,-9.414,-0.218,-0.791,0.447,-3.447,1036,0,0
3808279,5.028,-6.500,-0.558,-0.559,0.532,-3.994,1038,0,0
3808299,5.085,-3.151,-0.702,-0.802,0.739,-4.263,1038,0,0
3808319,4.168,-0.905,0.764,-1.570,0.986,-4.330,1039,0,0
3808339,3.352,-0.654,2.456,-1.707,0.870,-4.570,1039,0,0
3808359,3.855,2.354,2.124,-0.874,0.759,-4.780,1039,0,0
3808379,4.005,8.823,1.992,-0.715,1.056,-4.861,1037,0,0
3808505,7.369,21.921,3.400,0.175,0.100,0.529,1039,0,0
3808525,8.380,18.830,3.014,0.364,0.045,1.205,1040,0,0
3808545,7.412,16.975,4.147,0.417,0.009,1.718,1040,0,0
3808565,6.354,16.479,4.647,0.651,-0.304,2.313,1039,0,0
3808585,6.752,13.800,3.522,0.808,-0.422,2.873,1040,0,0
3808605,5.631,11.315,3.493,0.723,-0.529,3.266,1041,0,0
3808625,5.490,8.217,2.631,0.804,-0.693,3.462,1040,0,0
3808645,4.973,6.972,1.805,0.893,-0.645,3.614,1040,0,0
3808665,4.343,4.853,1.458,0.582,-0.637,3.784,1040,0,0
3808685,4.338,2.047,0.962,0.584,-0.650,3.764,1042,0,0
3808705,5.088,-0.352,-0.134,0.715,-0.592,3.616,1042,0,0
3808725,5.045,-1.587,-0.445,0.614,-0.448,3.369,1042,0,0
3808745,5.133,-2.928,-0.670,0.295,-0.414,3.223,1045,0,0
3808765,6.007,-5.231,-1.235,-0.214,-0.332,2.932,1046,0,0
3808785,6.519,-7.604,-1.233,-0.524,-0.236,2.459,1046,0,0
3808805,7.276,-9.534,-1.173,-0.372,-0.232,1.826,1048,0,0
3808825,8.179,-9.625,-1.166,-0.017,-0.155,1.124,1051,0,0
3808953,10.353,1.068,-0.019,-0.173,0.023,-0.513,1061,0,0
3808973,10.391,1.753,-0.007,-0.252,-0.119,-0.330,1067,0,0
3808993,9.955,1.554,0.227,-0.383,-0.256,-0.218,1072,0,0
3809013,9.512,1.343,0.493,-0.590,-0.619,-0.173,1071,0,0
3809033,10.616,0.299,-0.213,-0.695,-0.652,-0.143,1080,0,0
3809053,9.704,0.227,-0.654,-0.642,-0.485,-0.166,1096,0,0
3809073,9.646,-0.160,-0.357,-0.633,-0.407,-0.252,1111,0,0
3809093,9.869,0.156,-0.611,-0.484,-0.340,-0.286,1153,0,0
3809113,9.172,0.606,-0.321,-0.569,-0.377,-0.226,1213,0,0
3809133,8.710,1.077,-0.690,-0.905,-0.451,-0.066,1317,0,0
3809153,9.524,1.319,-1.867,-1.460,-0.415,0.021,1480,0,0
3809173,11.516,0.017,-4.662,-1.628,0.349,-0.091,1635,0,0
3809193,12.407,0.036,-4.281,-0.942,1.589,-0.256,1724,0,0
3809213,9.785,0.304,3.723,0.113,1.242,-0.569,1786,0,0
3809233,9.895,-2.157,3.926,0.048,0.375,-0.077,1850,0,0
3809253,9.924,0.893,0.666,-0.848,-0.401,-0.009,1895,0,0
3809273,11.021,1.362,-0.917,-0.574,-0.270,0.077,1919,0,0
3809293,11.037,0.242,-0.603,-0.621,-0.120,0.026,1935,0,0
3809313,10.230,0.321,-1.161,-0.652,-0.025,-0.055,1940,0,0
3809333,9.989,0.699,-1.286,-0.143,-0.017,-0.093,1944,0,0
3809353,10.245,0.998,-0.893,0.086,-0.051,-0.048,1946,0,0
3809373,10.163,0.958,-0.860,-0.187,-0.007,0.012,1947,0,0
3809393,10.178,0.646,-0.759,-0.319,0.004,0.074,1944,0,0
3809413,10.144,0.584,-0.553,-0.411,0.025,0.079,1942,0,0
3809433,10.092,0.290,-0.316,-0.350,-0.011,0.068,1939,0,0
3809453,10.257,0.381,-0.081,-0.203,-0.009,0.060,1937,0,0
3809473,10.417,0.316,-0.132,-0.165,-0.021,0.035,1938,0,0
3809493,10.209,0.500,-0.259,-0.024,0.026,-0.025,1935,0,0
3809513,10.065,0.539,-0.397,0.058,-0.009,-0.043,1930,0,0
3809533,10.106,0.622,-0.455,0.063,-0.034,0.002,1925,0,0
3809553,10.209,0.460,-0.551,-0.012,-0.046,0.031,1921,0,0
3809573,10.300,0.141,-0.606,-0.095,0.030,0.020,1919,0,0
3809593,10.302,0.206,-0.515,-0.072,0.084,-0.021,1915,0,0
3809613,10.197,0.306,-0.369,0.020,0.086,-0.069,1912,0,0
3809633,10.020,0.419,-0.285,0.000,0.076,-0.047,1908,0,0
3809653,10.250,0.318,-0.069,-0.072,0.010,-0.035,1906,0,0
3809673,10.369,0.318,-0.215,-0.119,0.013,-0.067,1904,0,0
3809693,10.283,0.338,-0.232,-0.025,0.024,-0.104,1904,0,0
3809713,10.259,0.690,-0.390,0.064,0.032,-0.121,1902,0,0
3809880,10.247,0.400,-0.146,-0.096,0.054,-0.012,1878,0,0
3809900,10.151,0.376,-0.194,-0.068,0.055,-0.050,1872,0,0
3809920,10.104,0.546,-0.275,0.034,0.057,-0.074,1871,0,0
3809940,10.101,0.749,-0.242,0.066,0.056,-0.042,1867,0,0
3809960,10.187,0.694,-0.213,-0.062,0.044,0.007,1867,0,0
3809980,10.257,0.421,-0.227,-0.166,0.051,0.015,1868,0,0
3810001,10.175,0.412,-0.158,-0.100,0.078,-0.019,1868,0,0
3810020,10.041,0.582,0.005,0.025,0.067,-0.060,1867,0,0
3810040,10.051,0.833,-0.045,0.066,0.031,-0.049,1867,0,0
3810060,10.144,0.903,-0.069,-0.029,0.018,0.002,1868,0,0
3810080,10.288,0.711,-0.072,-0.153,0.015,0.023,1868,0,0
3810100,10.283,0.450,-0.103,-0.154,0.027,0.010,1868,0,0
3810120,10.142,0.472,-0.077,-0.023,0.025,-0.010,1867,0,0
3810140,10.218,0.548,-0.146,0.000,0.005,-0.014,1866,0,0
3810160,10.266,0.601,-0.165,-0.048,0.024,-0.001,1866,0,0
3810180,10.180,0.644,-0.089,-0.117,0.034,0.000,1866,0,0
3810201,10.104,0.560,0.010,-0.111,0.024,-0.006,1865,0,0
3810220,10.130,0.579,-0.010,-0.033,0.007,0.001,1863,0,0
3810240,10.209,0.546,-0.146,-0.029,-0.002,0.007,1864,0,0
3810260,10.166,0.505,-0.189,-0.082,0.019,-0.008,1863,0,0
3810280,10.206,0.563,-0.117,-0.089,0.029,-0.029,1862,0,0
3810301,10.173,0.646,-0.148,-0.072,0.023,-0.027,1862,0,0
3810320,10.187,0.721,-0.148,-0.039,0.012,-0.012,1860,0,0
3810340,10.293,0.687,-0.122,-0.045,-0.005,0.004,1860,0,0
3810360,10.214,0.572,-0.230,-0.077,0.011,0.014,1858,0,0
3810380,10.159,0.551,-0.180,-0.095,0.022,0.007,1857,0,0
3810400,10.053,0.505,-0.108,-0.092,0.006,-0.007,1857,0,0
3810420,10.084,0.601,-0.160,-0.023,-0.008,-0.008,1857,0,0
3810440,10.142,0.601,-0.237,-0.015,-0.009,-0.003,1856,0,0
3810460,10.139,0.606,-0.285,-0.070,0.018,-0.004,1855,0,0
