1039431,2.193,9.189,1.082,-0.071,0.001,-0.010,1699,0,0
1039451,2.152,9.232,1.087,-0.054,0.009,-0.012,1698,0,0
1039471,2.150,9.266,1.087,-0.070,0.013,-0.007,1698,0,0
1039490,2.179,9.227,1.089,-0.077,0.013,-0.006,1698,0,0
1039510,2.207,9.227,1.101,-0.056,0.019,-0.005,1698,0,0
1039531,2.167,9.237,1.120,-0.061,0.025,-0.005,1697,0,0
1039551,2.167,9.230,1.152,-0.078,0.022,-0.006,1697,0,0
1039570,2.193,9.227,1.190,-0.064,0.022,-0.002,1697,0,0
1039591,2.195,9.222,1.216,-0.053,0.022,-0.001,1698,0,0
1039611,2.195,9.232,1.247,-0.058,0.019,-0.003,1697,0,0
1039631,2.143,9.234,1.247,-0.067,0.009,-0.006,1697,0,0
1039651,2.184,9.239,1.214,-0.062,0.005,-0.005,1698,0,0
1039670,2.167,9.261,1.233,-0.052,0.014,-0.001,1698,0,0
1039690,2.157,9.215,1.240,-0.058,0.007,0.004,1698,0,0
1039711,2.191,9.129,1.204,-0.066,0.005,0.002,1697,0,0
1039731,2.222,9.136,1.144,-0.063,0.004,-0.006,1698,0,0
1039751,2.155,9.199,1.087,-0.048,0.016,-0.014,1697,0,0
1039770,2.078,9.292,1.166,-0.052,0.019,-0.012,1697,0,0
1039790,2.109,9.266,1.211,-0.064,0.009,-0.003,1697,0,0
1039810,2.162,9.239,1.166,-0.065,0.011,-0.006,1696,0,0
1039831,2.212,9.208,1.180,-0.064,0.018,-0.010,1698,0,0
1039850,2.236,9.246,1.221,-0.053,0.023,-0.008,1697,0,0
1039870,2.227,9.199,1.233,-0.075,0.019,-0.005,1697,0,0
1039890,2.207,9.196,1.264,-0.074,0.010,-0.005,1696,0,0
1039911,2.155,9.249,1.228,-0.052,0.003,-0.006,1697,0,0
1039930,2.167,9.258,1.161,-0.058,-0.001,-0.004,1697,0,0
1039951,2.167,9.208,1.080,-0.071,0.005,-0.008,1697,0,0
1039970,2.140,9.227,1.132,-0.064,0.011,-0.007,1697,0,0
1039991,2.136,9.285,1.164,-0.052,0.014,0.003,1698,0,0
1040010,2.152,9.225,1.238,-0.072,0.012,0.006,1696,0,0
1040031,2.229,9.074,1.204,-0.080,0.004,-0.003,1696,0,0
1040050,2.207,9.093,1.180,-0.052,0.005,-0.017,1695,0,0
1040071,2.181,9.249,1.209,-0.044,0.006,-0.016,1696,0,0
1040090,2.172,9.306,1.207,-0.062,0.007,-0.006,1696,0,0
1040111,2.172,9.215,1.183,-0.075,0.004,-0.003,1696,0,0
1040131,2.198,9.146,1.144,-0.069,-0.000,-0.011,1696,0,0
1040151,2.205,9.170,1.075,-0.056,0.006,-0.016,1696,0,0
1040170,2.164,9.242,1.147,-0.056,0.011,-0.017,1696,0,0
1040191,2.176,9.304,1.135,-0.053,0.014,-0.007,1696,0,0
1040211,2.176,9.246,1.137,-0.068,0.013,-0.003,1695,0,0
1040231,2.212,9.172,1.085,-0.067,0.015,-0.007,1696,0,0
1040251,2.215,9.175,1.113,-0.059,0.019,-0.015,1694,0,0
1040270,2.174,9.234,1.128,-0.060,0.023,-0.015,1696,0,0
1040291,2.157,9.256,1.161,-0.059,0.024,-0.011,1695,0,0
1040310,2.188,9.230,1.130,-0.057,0.024,-0.009,1695,0,0
1040331,2.229,9.203,1.161,-0.073,0.030,-0.010,1696,0,0
1040350,2.191,9.182,1.245,-0.074,0.034,-0.018,1696,0,0
1040371,2.160,9.275,1.235,-0.054,0.026,-0.018,1695,0,0
1040390,2.164,9.340,1.267,-0.045,0.021,-0.007,1695,0,0
1040411,2.167,9.294,1.245,-0.068,0.016,0.000,1695,0,0
1040431,2.236,9.230,1.202,-0.064,0.014,-0.002,1695,0,0
1040451,2.205,9.266,1.271,-0.055,0.016,-0.007,1695,0,0
1040471,2.164,9.254,1.274,-0.067,0.009,-0.003,1695,0,0
1040491,2.150,9.208,1.247,-0.059,-0.001,-0.001,1695,0,0
1040510,2.148,9.218,1.147,-0.052,-0.005,-0.002,1695,0,0
1040531,2.203,9.227,1.075,-0.060,0.007,-0.006,1695,0,0
1040551,2.193,9.225,1.130,-0.076,0.020,-0.007,1695,0,0
1040571,2.191,9.220,1.204,-0.076,0.025,-0.003,1695,0,0
1040591,2.176,9.278,1.209,-0.054,0.017,-0.001,1695,0,0
1040610,2.176,9.306,1.152,-0.066,0.012,-0.000,1695,0,0
1040630,2.198,9.287,1.106,-0.067,0.016,0.004,1695,0,0
1040651,2.124,9.292,1.159,-0.053,0.022,0.008,1696,0,0
1040670,2.140,9.292,1.216,-0.055,0.023,0.013,1695,0,0
1040691,2.167,9.210,1.257,-0.073,0.025,0.019,1694,0,0
1040710,2.195,9.091,1.293,-0.076,0.017,0.019,1695,0,0
1040731,2.207,9.024,1.312,-0.065,0.011,0.002,1695,0,0
1040751,2.172,9.124,1.300,-0.052,0.001,-0.013,1695,0,0
1040771,2.172,9.234,1.221,-0.050,-0.001,-0.012,1694,0,0
1040791,2.160,9.246,1.207,-0.064,0.004,-0.002,1694,0,0
1040811,2.174,9.234,1.255,-0.068,0.002,0.005,1693,0,0
1040830,2.193,9.131,1.262,-0.071,-0.006,-0.002,1695,0,0
1040851,2.193,9.112,1.204,-0.063,-0.012,-0.014,1694,0,0
1040870,2.212,9.189,1.130,-0.048,-0.013,-0.019,1695,0,0
1040891,2.219,9.292,1.109,-0.058,0.001,-0.014,1694,0,0
1040910,2.184,9.268,1.142,-0.077,0.008,-0.004,1695,0,0
1040930,2.207,9.199,1.116,-0.076,0.006,-0.003,1694,0,0
1040951,2.239,9.165,1.135,-0.076,0.006,-0.013,1695,0,0
1040971,2.195,9.251,1.178,-0.052,0.010,-0.018,1694,0,0
1040991,2.162,9.301,1.161,-0.044,0.009,-0.012,1694,0,0
1041011,2.181,9.318,1.125,-0.059,0.015,0.002,1695,0,0
1041030,2.234,9.237,1.094,-0.074,0.019,0.006,1694,0,0
1041051,2.248,9.115,1.159,-0.085,0.025,0.000,1695,0,0
1041071,2.200,9.105,1.264,-0.077,0.023,-0.015,1695,0,0
1041091,2.193,9.199,1.288,-0.037,0.008,-0.016,1694,0,0
1041110,2.191,9.306,1.140,-0.032,0.003,-0.010,1695,0,0
1041131,2.193,9.299,1.116,-0.066,0.011,-0.004,1695,0,0
1041151,2.219,9.222,1.154,-0.083,0.019,0.000,1696,0,0
1041171,2.148,9.127,1.247,-0.079,0.019,-0.002,1695,0,0
1041191,2.126,9.096,1.264,-0.060,0.006,-0.014,1694,0,0
1041211,2.169,9.218,1.154,-0.035,0.000,-0.018,1694,0,0
1041231,2.198,9.282,1.113,-0.056,0.015,-0.014,1694,0,0
1041251,2.195,9.210,1.144,-0.083,0.020,-0.009,1696,0,0
1041271,2.207,9.172,1.197,-0.068,0.015,-0.010,1694,0,0
1041291,2.193,9.203,1.202,-0.059,0.011,-0.012,1694,0,0
1041311,2.150,9.301,1.154,-0.045,0.007,-0.012,1695,0,0
1041331,2.126,9.325,1.128,-0.050,0.009,-0.005,1693,0,0
1041350,2.157,9.261,1.075,-0.064,0.015,0.003,1695,0,0
1041370,2.222,9.191,1.140,-0.070,0.025,0.003,1695,0,0
1041390,2.203,9.182,1.259,-0.063,0.024,0.002,1695,0,0
1041410,2.198,9.187,1.295,-0.042,0.015,-0.001,1695,0,0
1041431,2.186,9.179,1.271,-0.054,0.006,-0.006,1696,0,0
1041451,2.157,9.194,1.267,-0.053,-0.002,-0.008,1695,0,0
1041471,2.212,9.172,1.214,-0.047,-0.004,-0.003,1695,0,0
1041491,2.186,9.163,1.219,-0.058,0.005,-0.003,1695,0,0
1041511,2.174,9.139,1.214,-0.058,0.009,-0.010,1695,0,0
1041530,2.145,9.177,1.283,-0.057,0.002,-0.011,1695,0,0
1041550,2.188,9.158,1.281,-0.066,-0.014,-0.019,1694,0,0
1041571,2.174,9.189,1.185,-0.051,-0.020,-0.022,1695,0,0
1041591,2.188,9.275,1.123,-0.029,-0.011,-0.019,1694,0,0
1041610,2.193,9.292,1.075,-0.055,-0.005,-0.013,1695,0,0
1041631,2.193,9.222,1.120,-0.073,-0.001,-0.011,1696,0,0
1041650,2.186,9.165,1.188,-0.065,-0.001,-0.015,1694,0,0
1041671,2.184,9.172,1.149,-0.047,-0.005,-0.014,1693,0,0
1041690,2.186,9.196,1.132,-0.045,0.001,-0.019,1693,0,0
1041711,2.162,9.208,1.166,-0.059,0.004,-0.022,1693,0,0
1041730,2.200,9.208,1.166,-0.060,0.002,-0.023,1693,0,0
1041751,2.241,9.148,1.125,-0.067,-0.002,-0.023,1693,0,0
1041771,2.222,9.213,1.073,-0.047,-0.002,-0.033,1693,0,0
1041791,2.210,9.369,1.073,-0.030,0.015,-0.014,1692,0,0
1041810,2.167,9.309,1.154,-0.065,0.014,-0.002,1693,0,0
1041831,2.188,9.141,1.120,-0.080,-0.001,-0.010,1694,0,0
1041850,2.195,9.165,1.041,-0.042,-0.000,-0.021,1694,0,0
1041871,2.203,9.270,1.056,-0.034,0.007,-0.023,1693,0,0
1041891,2.193,9.330,0.998,-0.041,0.020,-0.014,1694,0,0
1041910,2.186,9.304,1.070,-0.048,0.024,-0.006,1694,0,0
1041930,2.191,9.220,1.116,-0.059,0.022,-0.005,1693,0,0
1041950,2.198,9.194,1.089,-0.060,0.020,-0.009,1694,0,0
1041971,2.150,9.237,1.092,-0.022,0.020,-0.010,1693,0,0
1041991,2.119,9.316,1.094,-0.027,0.020,-0.007,1693,0,0
1042010,2.095,9.325,1.080,-0.050,0.027,0.001,1693,0,0
1042031,2.059,9.227,1.118,-0.056,0.031,0.004,1693,0,0
1042050,2.081,9.163,1.152,-0.050,0.031,-0.001,1693,0,0
1042071,2.133,9.129,1.173,-0.050,0.026,-0.011,1693,0,0
1042091,2.160,9.196,1.149,-0.059,0.027,-0.014,1694,0,0
1042110,2.138,9.210,1.219,-0.054,0.032,-0.019,1694,0,0
1042130,2.169,9.213,1.247,-0.057,0.021,-0.017,1694,0,0
1042151,2.193,9.249,1.204,-0.052,0.011,-0.018,1694,0,0
1042171,2.191,9.278,1.226,-0.058,0.004,-0.012,1694,0,0
1042190,2.102,9.333,1.199,-0.063,-0.007,-0.010,1696,0,0
1042211,2.160,9.282,1.113,-0.086,-0.015,-0.004,1694,0,0
1042231,2.186,9.151,1.053,-0.064,-0.006,-0.012,1694,0,0
1042250,2.174,9.256,1.018,-0.018,0.004,-0.018,1694,0,0
1042271,2.205,9.249,1.065,-0.047,0.009,-0.014,1693,0,0
1042291,2.181,9.222,1.125,-0.071,0.005,-0.016,1695,0,0
1042311,2.191,9.237,1.077,-0.041,-0.005,-0.017,1694,0,0
1042330,2.181,9.297,1.030,-0.044,-0.005,-0.009,1693,0,0
1042350,2.138,9.237,1.015,-0.070,-0.002,-0.010,1694,0,0
1042371,2.155,9.268,1.061,-0.021,0.005,-0.009,1695,0,0
1042391,2.114,9.325,1.068,-0.018,0.010,0.000,1693,0,0
1042411,2.114,9.270,1.120,-0.067,0.004,0.004,1693,0,0
1042431,2.167,9.115,1.116,-0.070,-0.000,0.001,1694,0,0
1042450,2.174,9.103,1.046,-0.031,0.005,-0.016,1694,0,0
1042471,2.217,9.299,1.058,-0.032,0.023,-0.012,1692,0,0
1042491,2.128,9.301,1.183,-0.087,0.025,-0.007,1694,0,0
1042511,2.133,9.172,1.216,-0.083,0.002,-0.006,1694,0,0
1042531,2.148,9.179,1.135,-0.046,-0.009,-0.015,1695,0,0
1042551,2.174,9.275,0.984,-0.036,-0.012,-0.021,1693,0,0
1042570,2.193,9.301,0.910,-0.051,0.005,-0.013,1694,0,0
1042591,2.198,9.258,0.953,-0.075,0.020,-0.006,1693,0,0
1042611,2.181,9.187,1.077,-0.077,0.013,-0.011,1694,0,0
1042631,2.184,9.148,1.085,-0.035,0.009,-0.032,1695,0,0
1042651,2.140,9.438,1.003,0.016,0.006,-0.029,1695,0,0
1042670,2.133,9.409,0.955,-0.023,0.008,-0.007,1695,0,0
1042691,2.097,9.378,0.936,-0.038,0.016,-0.001,1692,0,0
1042710,2.090,9.316,1.018,-0.080,0.018,0.008,1693,0,0
1042731,2.095,9.208,1.030,-0.076,0.016,0.004,1694,0,0
1042751,2.119,9.155,1.085,-0.042,0.011,-0.005,1694,0,0
1042771,2.133,9.210,1.053,-0.037,0.012,-0.009,1695,0,0
1042791,2.124,9.285,1.053,-0.055,0.018,-0.005,1695,0,0
1042810,2.100,9.323,1.073,-0.098,0.010,0.005,1693,0,0
1042845,2.188,9.052,1.190,-0.084,0.009,-0.009,1690,0,0
1042858,2.174,9.141,1.180,-0.017,0.003,-0.022,1693,0,0
1042871,2.157,9.258,1.161,0.003,-0.002,-0.025,1693,0,0
1042891,2.102,9.337,1.104,-0.044,-0.014,-0.017,1693,0,0
1042911,2.133,9.285,0.994,-0.072,-0.021,-0.012,1693,0,0
1042931,2.152,9.287,0.943,-0.075,-0.005,-0.012,1693,0,0
1042950,2.112,9.318,0.970,-0.065,0.012,-0.010,1695,0,0
1042971,2.138,9.285,1.073,-0.077,0.010,-0.005,1694,0,0
1042991,2.179,9.227,1.085,-0.079,0.003,-0.004,1694,0,0
1043011,2.212,9.227,0.994,-0.064,-0.004,-0.011,1693,0,0
1043031,2.164,9.297,0.996,-0.063,0.002,-0.011,1692,0,0
1043050,2.188,9.342,1.010,-0.067,0.006,-0.004,1691,0,0
1043071,2.174,9.273,1.037,-0.065,0.006,0.003,1693,0,0
1043090,2.184,9.230,0.965,-0.080,0.003,-0.002,1692,0,0
1043111,2.155,9.218,0.953,-0.074,0.008,-0.011,1692,0,0
1043131,2.176,9.270,0.986,-0.058,0.014,-0.005,1694,0,0
1043151,2.174,9.273,0.948,-0.069,0.025,-0.004,1692,0,0
1043170,2.179,9.280,1.034,-0.070,0.029,-0.001,1693,0,0
1043190,2.112,9.323,1.104,-0.065,0.022,0.003,1692,0,0
1043211,2.143,9.311,1.154,-0.064,0.010,0.008,1692,0,0
1043231,2.121,9.210,1.085,-0.063,-0.001,0.002,1692,0,0
1043251,2.195,9.234,0.970,-0.043,-0.000,-0.002,1692,0,0
1043271,2.179,9.282,0.972,-0.058,0.019,-0.001,1693,0,0
1043291,2.222,9.309,1.113,-0.086,0.031,0.001,1692,0,0
1043311,2.155,9.297,1.290,-0.082,0.025,0.003,1691,0,0
1043331,2.131,9.275,1.274,-0.071,-0.001,0.014,1693,0,0
1043350,2.176,9.215,1.156,-0.063,-0.023,0.018,1693,0,0
1043371,2.195,9.153,1.085,-0.063,-0.022,0.009,1692,0,0
1043391,2.191,9.194,0.977,-0.062,-0.008,-0.002,1694,0,0
1043411,2.102,9.251,1.006,-0.071,0.001,-0.002,1693,0,0
1043431,2.148,9.220,0.989,-0.091,-0.001,0.009,1693,0,0
1043450,2.184,9.129,1.032,-0.093,0.010,0.001,1692,0,0
1043470,2.176,9.117,1.044,-0.079,0.009,-0.014,1693,0,0
1043491,2.131,9.239,1.034,-0.057,0.006,-0.017,1693,0,0
1043511,2.133,9.275,0.984,-0.068,-0.003,-0.006,1692,0,0
1043531,2.215,9.201,0.996,-0.081,0.009,-0.001,1693,0,0
1043551,2.198,9.141,1.041,-0.079,0.017,-0.010,1692,0,0
1043571,2.160,9.175,1.082,-0.073,0.011,-0.017,1694,0,0
1043591,2.191,9.165,1.027,-0.063,0.000,-0.020,1690,0,0
1043611,2.195,9.230,0.994,-0.058,0.008,-0.020,1691,0,0
1043631,2.181,9.273,1.003,-0.055,0.011,-0.019,1693,0,0
1043651,2.193,9.285,1.030,-0.073,0.014,-0.013,1694,0,0
1043671,2.205,9.232,1.013,-0.080,0.017,-0.016,1693,0,0
1043690,2.195,9.275,1.013,-0.055,0.019,-0.015,1691,0,0
1043711,2.193,9.318,1.020,-0.047,0.022,-0.010,1691,0,0
1043730,2.169,9.287,1.089,-0.068,0.021,-0.004,1693,0,0
1043750,2.184,9.201,1.082,-0.063,0.016,-0.007,1692,0,0
1043771,2.191,9.191,1.073,-0.054,0.018,-0.013,1694,0,0
1043791,2.203,9.254,1.061,-0.061,0.023,-0.010,1693,0,0
1043811,2.179,9.278,1.154,-0.067,0.023,-0.008,1693,0,0
1043831,2.188,9.225,1.137,-0.077,0.014,-0.007,1692,0,0
1043850,2.198,9.239,1.061,-0.068,0.013,-0.010,1693,0,0
1043870,2.157,9.268,1.068,-0.063,0.019,-0.011,1693,0,0
1043891,2.116,9.301,1.085,-0.067,0.025,-0.003,1691,0,0
1043911,2.121,9.227,1.104,-0.072,0.017,-0.001,1693,0,0
1043930,2.181,9.179,1.101,-0.077,0.011,-0.012,1692,0,0
1043951,2.174,9.290,1.039,-0.059,0.019,-0.017,1691,0,0
1043970,2.215,9.359,1.082,-0.062,0.024,-0.010,1692,0,0
1043990,2.219,9.323,1.116,-0.075,0.027,0.005,1691,0,0
1044010,2.184,9.299,1.166,-0.078,0.023,0.009,1692,0,0
1044031,2.172,9.261,1.195,-0.078,0.010,0.005,1693,0,0
1044050,2.145,9.261,1.140,-0.045,0.002,0.009,1692,0,0
1044070,2.090,9.321,1.073,-0.026,0.002,0.015,1692,0,0
1044090,2.114,9.290,1.065,-0.058,0.005,0.024,1691,0,0
1044110,2.152,9.175,1.161,-0.078,0.014,0.028,1691,0,0
1044131,2.116,9.067,1.223,-0.067,0.008,0.021,1692,0,0
1044151,2.128,9.069,1.197,-0.045,-0.005,0.009,1692,0,0
1044171,2.131,9.146,1.159,-0.029,-0.011,-0.001,1693,0,0
1044191,2.167,9.182,1.149,-0.038,-0.009,-0.006,1692,0,0
1044211,2.179,9.230,1.142,-0.039,-0.006,0.001,1692,0,0
1044231,2.164,9.160,1.113,-0.069,-0.014,-0.001,1690,0,0
1044251,2.229,9.093,1.061,-0.075,-0.021,-0.014,1693,0,0
1044271,2.215,9.213,0.979,-0.030,-0.009,-0.025,1689,0,0
1044290,2.169,9.342,1.001,-0.026,-0.003,-0.023,1687,0,0
1044311,2.174,9.330,1.034,-0.065,-0.002,-0.007,1686,0,0
1044331,2.215,9.234,1.037,-0.076,-0.004,-0.002,1687,0,0
1044351,2.241,9.215,1.037,-0.056,-0.004,-0.010,1687,0,0
1044370,2.219,9.270,1.065,-0.035,-0.001,-0.014,1687,0,0
1044391,2.191,9.321,1.113,-0.039,-0.003,-0.006,1687,0,0
1044410,2.219,9.285,1.056,-0.053,-0.007,0.003,1686,0,0
1044431,2.246,9.182,1.030,-0.065,-0.006,0.001,1688,0,0
1044451,2.248,9.184,1.092,-0.064,-0.005,-0.005,1688,0,0
1044471,2.227,9.179,1.113,-0.052,-0.004,-0.009,1686,0,0
1044491,2.198,9.177,1.097,-0.050,-0.014,-0.007,1686,0,0
1044511,2.231,9.194,0.958,-0.048,-0.017,-0.011,1686,0,0
1044531,2.231,9.196,0.927,-0.067,-0.006,-0.013,1685,0,0
1044551,2.191,9.213,0.917,-0.066,-0.001,-0.017,1685,0,0
1044571,2.191,9.199,0.936,-0.054,0.001,-0.023,1686,0,0
1044591,2.200,9.220,0.907,-0.049,0.001,-0.029,1686,0,0
1044610,2.203,9.340,0.876,-0.044,0.014,-0.023,1686,0,0
1044631,2.207,9.280,0.950,-0.068,0.025,-0.014,1687,0,0
1044651,2.224,9.242,1.077,-0.070,0.030,-0.018,1686,0,0
1044670,2.224,9.273,1.130,-0.045,0.013,-0.018,1686,0,0
1044691,2.251,9.306,1.085,-0.044,-0.005,-0.011,1686,0,0
1044710,2.270,9.270,0.984,-0.056,-0.005,-0.013,1685,0,0
1044731,2.198,9.292,0.979,-0.038,0.005,-0.014,1686,0,0
1044751,2.179,9.388,0.989,-0.048,0.014,-0.008,1686,0,0
1044770,2.138,9.369,1.041,-0.075,0.011,0.005,1686,0,0
1044791,2.191,9.206,1.003,-0.074,0.009,0.006,1687,0,0
1044812,2.212,9.139,0.986,-0.061,0.009,-0.003,1685,0,0
1044831,2.188,9.191,0.982,-0.044,0.011,-0.013,1685,0,0
1044851,2.138,9.306,1.025,-0.049,0.014,-0.013,1686,0,0
1044871,2.136,9.313,1.061,-0.071,0.013,-0.003,1686,0,0
1044891,2.157,9.179,1.015,-0.078,0.011,0.001,1686,0,0
1044910,2.155,9.194,1.063,-0.062,0.009,-0.010,1686,0,0
1044931,2.222,9.304,1.010,-0.038,0.008,-0.011,1687,0,0
1044951,2.200,9.333,1.030,-0.071,0.013,-0.007,1685,0,0
1044970,2.203,9.294,1.027,-0.085,0.007,-0.004,1686,0,0
1044991,2.217,9.290,1.039,-0.058,0.003,0.002,1686,0,0
1045011,2.212,9.256,1.030,-0.066,0.001,0.003,1685,0,0
1045031,2.234,9.225,0.955,-0.069,0.006,-0.003,1685,0,0
1045051,2.188,9.313,0.979,-0.052,0.011,-0.001,1685,0,0
1045070,2.184,9.290,1.022,-0.069,0.009,0.004,1685,0,0
1045091,2.205,9.215,0.962,-0.081,0.012,0.006,1684,0,0
1045111,2.224,9.160,1.003,-0.069,0.012,0.003,1685,0,0
1045130,2.260,9.201,1.032,-0.057,0.021,-0.002,1686,0,0
1045151,2.186,9.234,1.154,-0.068,0.015,-0.001,1685,0,0
1045171,2.219,9.203,1.044,-0.067,-0.003,0.006,1686,0,0
1045190,2.258,9.179,0.950,-0.054,-0.003,-0.003,1685,0,0
1045211,2.227,9.254,0.948,-0.047,0.012,-0.009,1685,0,0
1045231,2.212,9.335,1.015,-0.048,0.012,-0.002,1686,0,0
1045251,2.179,9.333,1.094,-0.061,0.004,0.006,1685,0,0
1045270,2.239,9.254,0.979,-0.070,-0.004,0.009,1685,0,0
1045291,2.344,9.184,0.888,-0.053,0.009,0.004,1686,0,0
1045311,2.313,9.203,0.986,-0.064,0.026,-0.007,1687,0,0
1045330,2.289,9.297,1.049,-0.067,0.031,-0.006,1687,0,0
1045351,2.215,9.309,1.077,-0.076,0.025,-0.002,1688,0,0
1045370,2.219,9.268,1.164,-0.085,0.022,-0.001,1686,0,0
1045391,2.229,9.278,1.322,-0.062,0.019,-0.003,1686,0,0
1045411,2.186,9.299,1.322,-0.073,-0.003,-0.001,1685,0,0
1045430,2.243,9.234,1.149,-0.097,-0.021,-0.002,1686,0,0
1045451,2.318,9.182,0.984,-0.113,-0.004,-0.001,1686,0,0
1045470,2.320,9.110,1.063,-0.131,0.017,-0.007,1685,0,0
1045490,2.279,9.093,1.113,-0.156,0.008,-0.020,1686,0,0
1045510,2.277,9.165,1.053,-0.153,-0.004,-0.028,1686,0,0
1045530,2.231,9.278,1.070,-0.110,-0.005,-0.036,1688,0,0
1045551,2.085,9.440,1.118,-0.082,-0.017,-0.029,1687,0,0
1045570,2.064,9.500,1.061,-0.117,-0.027,-0.011,1686,0,0
1045590,2.107,9.335,1.030,-0.141,-0.022,-0.002,1686,0,0
1045610,2.126,9.210,1.039,-0.110,-0.010,-0.003,1686,0,0
1045631,2.081,9.232,1.080,-0.088,-0.001,-0.008,1685,0,0
1045651,2.073,9.275,1.176,-0.125,0.001,-0.008,1686,0,0
1045671,2.073,9.172,1.247,-0.133,-0.004,-0.007,1686,0,0
1045690,2.088,9.115,1.276,-0.100,-0.010,-0.015,1686,0,0
1045711,2.157,9.112,1.173,-0.104,-0.013,-0.021,1685,0,0
1045730,2.200,9.062,1.168,-0.123,-0.008,-0.025,1684,0,0
1045751,2.179,9.117,1.262,-0.090,-0.007,-0.034,1685,0,0
1045771,2.126,9.222,1.290,-0.084,-0.016,-0.032,1685,0,0
1045791,2.176,9.246,1.226,-0.116,-0.021,-0.025,1685,0,0
1045810,2.215,9.182,1.305,-0.103,-0.018,-0.023,1684,0,0
1045831,2.198,9.242,1.384,-0.068,-0.021,-0.018,1684,0,0
1045850,2.140,9.266,1.463,-0.074,-0.041,-0.018,1684,0,0
1045871,2.248,9.189,1.401,-0.102,-0.059,-0.014,1685,0,0
1045890,2.289,9.143,1.341,-0.063,-0.058,-0.015,1684,0,0
1045911,2.265,9.199,1.276,-0.046,-0.057,-0.018,1685,0,0
1045930,2.191,9.249,1.269,-0.079,-0.058,-0.021,1686,0,0
1045951,2.200,9.210,1.231,-0.091,-0.065,-0.019,1685,0,0
1045971,2.277,9.210,1.123,-0.059,-0.063,-0.017,1685,0,0
1045991,2.263,9.254,1.075,-0.067,-0.048,-0.023,1684,0,0
1046011,2.253,9.299,1.068,-0.081,-0.035,-0.021,1684,0,0
1046031,2.286,9.321,1.106,-0.080,-0.022,-0.011,1685,0,0
1046050,2.291,9.318,1.223,-0.078,-0.016,0.002,1686,0,0
1046071,2.234,9.275,1.331,-0.078,-0.027,0.009,1687,0,0
1046091,2.181,9.266,1.307,-0.070,-0.044,0.014,1686,0,0
1046111,2.172,9.225,1.176,-0.063,-0.046,0.021,1685,0,0
1046131,2.219,9.127,1.116,-0.069,-0.035,0.032,1687,0,0
1046151,2.205,8.990,1.154,-0.076,-0.027,0.029,1685,0,0
1046171,2.298,8.933,1.092,-0.068,-0.042,0.019,1684,0,0
1046298,2.332,9.007,0.903,-0.047,0.005,-0.002,1685,0,0
1046318,2.296,9.086,0.850,-0.006,0.012,-0.019,1685,0,0
1046338,2.274,9.290,0.800,-0.017,0.025,-0.015,1684,0,0
1046358,2.303,9.258,0.783,-0.055,0.037,0.001,1685,0,0
1046378,2.296,9.131,0.814,-0.031,0.052,-0.004,1685,0,0
1046398,2.219,9.208,0.852,0.010,0.066,-0.016,1686,0,0
1046418,2.217,9.371,0.781,-0.011,0.075,-0.013,1686,0,0
1046438,2.258,9.345,0.790,-0.027,0.089,-0.006,1686,0,0
1046458,2.207,9.373,0.807,0.007,0.105,-0.007,1686,0,0
1046478,2.150,9.498,0.814,0.009,0.113,0.001,1686,0,0
1046498,2.169,9.457,0.888,-0.031,0.125,0.017,1686,0,0
1046518,2.222,9.318,0.958,-0.028,0.132,0.025,1685,0,0
1046538,2.162,9.304,1.051,0.017,0.139,0.019,1684,0,0
1046558,2.057,9.428,1.209,0.004,0.136,0.019,1686,0,0
1046578,2.014,9.414,1.283,-0.015,0.122,0.034,1686,0,0
1046598,2.054,9.290,1.374,-0.003,0.110,0.037,1686,0,0
1046618,2.105,9.203,1.403,-0.004,0.104,0.026,1684,0,0
1046638,2.100,9.234,1.511,-0.024,0.100,0.013,1686,0,0
1046658,2.121,9.275,1.592,-0.039,0.088,0.013,1685,0,0
1046678,2.184,9.285,1.702,-0.060,0.076,0.019,1685,0,0
1046698,2.207,9.184,1.820,-0.082,0.052,0.019,1687,0,0
1046718,2.241,9.131,1.846,-0.076,0.015,0.010,1685,0,0
1046738,2.193,9.167,1.769,-0.073,-0.019,0.001,1686,0,0
1046758,2.229,9.244,1.585,-0.079,-0.041,0.000,1685,0,0
1046778,2.251,9.270,1.504,-0.085,-0.041,0.007,1685,0,0
1046798,2.289,9.196,1.439,-0.112,-0.041,0.011,1685,0,0
1046818,2.332,9.067,1.439,-0.141,-0.047,0.005,1685,0,0
1046838,2.361,9.060,1.336,-0.138,-0.054,-0.003,1688,0,0
1046858,2.354,9.112,1.314,-0.103,-0.053,-0.005,1686,0,0
1046878,2.356,9.203,1.295,-0.104,-0.051,0.006,1686,0,0
1046898,2.346,9.148,1.257,-0.122,-0.063,0.011,1686,0,0
1046918,2.375,9.048,1.235,-0.122,-0.079,0.009,1685,0,0
1046938,2.361,9.064,1.159,-0.077,-0.077,-0.001,1685,0,0
1046958,2.322,9.136,1.046,-0.063,-0.080,0.001,1685,0,0
1046978,2.356,9.091,0.934,-0.093,-0.076,0.005,1685,0,0
1046998,2.382,8.976,0.895,-0.113,-0.070,0.002,1686,0,0
1047018,2.411,8.978,0.845,-0.047,-0.072,-0.012,1684,0,0
1047038,2.354,9.091,0.704,-0.027,-0.062,-0.011,1684,0,0
1047058,2.334,9.057,0.661,-0.063,-0.047,-0.016,1685,0,0
1047078,2.339,9.091,0.596,-0.032,-0.032,-0.022,1684,0,0
1047098,2.346,9.148,0.553,-0.006,-0.010,-0.024,1686,0,0
1047118,2.387,9.131,0.481,-0.035,0.006,-0.022,1686,0,0
1047138,2.351,9.158,0.555,-0.011,0.029,-0.028,1683,0,0
1047158,2.303,9.266,0.670,0.027,0.040,-0.031,1685,0,0
1047178,2.239,9.373,0.670,0.031,0.053,-0.020,1685,0,0
1047198,2.277,9.364,0.682,0.027,0.060,-0.010,1685,0,0
1047218,2.282,9.349,0.747,0.040,0.081,-0.003,1685,0,0
1047238,2.203,9.373,0.929,0.027,0.091,-0.010,1686,0,0
1047258,2.184,9.388,1.053,0.030,0.083,-0.014,1685,0,0
1047278,2.176,9.424,1.022,0.049,0.084,-0.014,1685,0,0
1047298,2.282,9.476,1.077,0.030,0.101,0.003,1686,0,0
1047318,2.298,9.419,1.221,0.002,0.129,0.018,1686,0,0
1047338,2.272,9.352,1.456,-0.036,0.123,0.021,1686,0,0
1047358,2.251,9.258,1.633,-0.060,0.097,0.025,1687,0,0
1047378,2.195,9.165,1.662,-0.039,0.067,0.019,1687,0,0
1047398,2.229,9.182,1.621,0.004,0.044,0.019,1686,0,0
1047418,2.289,9.203,1.482,-0.029,0.023,0.025,1687,0,0
1047438,2.337,9.045,1.444,-0.086,0.004,0.025,1686,0,0
1047458,2.346,8.909,1.319,-0.093,-0.012,0.017,1687,0,0
1047478,2.339,8.861,1.211,-0.062,-0.032,-0.011,1687,0,0
1047498,2.313,8.983,1.073,-0.042,-0.043,-0.028,1686,0,0
1047518,2.246,9.127,0.967,-0.050,-0.042,-0.034,1687,0,0
1047538,2.186,9.177,0.917,-0.055,-0.045,-0.036,1687,0,0
1047558,2.219,9.189,0.807,-0.061,-0.043,-0.032,1686,0,0
1047578,2.255,9.163,0.785,-0.052,-0.038,-0.042,1685,0,0
1047598,2.270,9.208,0.783,-0.037,-0.032,-0.041,1686,0,0
1047618,2.267,9.309,0.785,-0.017,-0.026,-0.038,1684,0,0
1047638,2.286,9.349,0.785,-0.034,-0.020,-0.030,1685,0,0
1047658,2.351,9.270,0.788,-0.048,-0.009,-0.025,1685,0,0
1047678,2.365,9.172,0.898,-0.051,-0.005,-0.025,1686,0,0
1047698,2.406,9.151,0.879,-0.043,-0.008,-0.035,1685,0,0
1047718,2.409,9.249,0.812,-0.028,-0.006,-0.044,1685,0,0
1047738,2.394,9.364,0.781,-0.039,0.001,-0.043,1686,0,0
1047758,2.373,9.407,0.833,-0.058,0.011,-0.030,1685,0,0
1047778,2.377,9.431,0.869,-0.056,0.012,-0.014,1685,0,0
1047798,2.344,9.424,0.855,-0.055,0.007,-0.007,1685,0,0
1047818,2.334,9.426,0.802,-0.037,0.010,-0.003,1685,0,0
1047838,2.308,9.433,0.792,-0.026,0.015,0.010,1685,0,0
1047858,2.277,9.383,0.831,-0.039,0.020,0.018,1686,0,0
1047878,2.222,9.323,0.898,-0.056,0.021,0.023,1686,0,0
1047898,2.229,9.218,0.912,-0.066,0.018,0.022,1685,0,0
1047918,2.265,9.131,0.939,-0.054,0.017,0.017,1685,0,0
1047938,2.243,9.086,0.919,-0.044,0.010,0.007,1684,0,0
1047958,2.253,9.112,0.905,-0.045,0.002,-0.002,1685,0,0
1047978,2.274,9.175,0.907,-0.056,0.007,-0.010,1686,0,0
1047998,2.253,9.237,0.895,-0.064,0.013,-0.014,1686,0,0
1048018,2.236,9.280,0.907,-0.068,0.013,-0.015,1686,0,0
1048038,2.298,9.268,0.860,-0.074,0.014,-0.010,1686,0,0
1048058,2.279,9.256,0.903,-0.074,0.020,-0.013,1685,0,0
1048078,2.270,9.311,0.893,-0.064,0.017,-0.014,1684,0,0
1048098,2.217,9.383,0.919,-0.055,0.011,-0.005,1686,0,0
1048118,2.248,9.354,0.900,-0.076,0.011,0.007,1686,0,0
1048138,2.263,9.256,0.876,-0.074,0.013,0.010,1684,0,0
1048158,2.325,9.177,0.876,-0.075,0.013,0.000,1685,0,0
1048178,2.332,9.187,0.869,-0.073,0.012,-0.010,1686,0,0
1048198,2.308,9.275,0.898,-0.061,0.010,-0.009,1686,0,0
1048218,2.313,9.340,0.924,-0.059,0.015,-0.002,1684,0,0
1048238,2.291,9.316,0.970,-0.084,0.015,0.006,1685,0,0
1048258,2.289,9.227,0.912,-0.079,0.003,0.003,1685,0,0
1048278,2.301,9.203,0.931,-0.067,0.003,-0.000,1686,0,0
1048298,2.258,9.194,0.852,-0.065,-0.001,-0.003,1685,0,0
1048318,2.272,9.242,0.800,-0.049,0.002,0.001,1684,0,0
1048338,2.277,9.244,0.840,-0.070,0.011,-0.003,1684,0,0
1048358,2.284,9.206,0.816,-0.079,0.017,-0.006,1685,0,0
1048378,2.260,9.203,0.883,-0.075,0.021,-0.008,1682,0,0
1048398,2.286,9.184,0.907,-0.074,0.021,-0.003,1684,0,0
1048418,2.356,9.194,0.929,-0.055,0.025,-0.004,1685,0,0
1048438,2.337,9.206,0.939,-0.066,0.021,-0.013,1685,0,0
1048458,2.303,9.280,0.917,-0.070,0.018,-0.017,1684,0,0
1048478,2.313,9.309,0.903,-0.065,0.018,-0.007,1684,0,0
1048498,2.322,9.297,0.886,-0.074,0.022,-0.001,1684,0,0
1048518,2.339,9.273,0.881,-0.076,0.022,-0.001,1684,0,0
1048538,2.363,9.285,0.898,-0.068,0.024,-0.008,1684,0,0
1048558,2.320,9.364,0.924,-0.066,0.030,0.002,1685,0,0
1048578,2.274,9.333,0.939,-0.068,0.025,0.015,1685,0,0
1048598,2.301,9.227,0.943,-0.079,0.015,0.020,1684,0,0
1048618,2.351,9.110,0.855,-0.069,0.013,0.010,1684,0,0
1048638,2.344,9.136,0.804,-0.058,0.025,-0.007,1684,0,0
1048658,2.298,9.225,0.816,-0.063,0.035,-0.013,1685,0,0
1048678,2.272,9.313,0.910,-0.066,0.038,-0.004,1685,0,0
1048698,2.265,9.273,0.984,-0.078,0.032,0.008,1685,0,0
1048718,2.303,9.177,0.970,-0.064,0.027,0.014,1684,0,0
1048738,2.330,9.096,0.939,-0.055,0.024,0.009,1684,0,0
1048758,2.303,9.093,0.917,-0.053,0.023,-0.008,1685,0,0
1048778,2.243,9.218,0.941,-0.046,0.021,-0.009,1684,0,0
1048798,2.210,9.222,0.962,-0.052,0.029,-0.003,1685,0,0
1048818,2.255,9.153,0.962,-0.065,0.031,-0.003,1685,0,0
1048838,2.315,9.124,0.946,-0.061,0.034,-0.015,1684,0,0
1048858,2.322,9.151,1.010,-0.079,0.031,-0.027,1685,0,0
1048878,2.298,9.196,1.109,-0.068,0.029,-0.027,1685,0,0
1048898,2.301,9.251,1.111,-0.042,0.013,-0.017,1685,0,0
1048918,2.294,9.215,1.025,-0.052,-0.002,-0.015,1685,0,0
1048938,2.310,9.160,0.934,-0.069,-0.004,-0.023,1685,0,0
1048958,2.334,9.182,0.924,-0.058,0.001,-0.026,1685,0,0
1048978,2.325,9.206,0.962,-0.071,0.007,-0.034,1682,0,0
1048998,2.274,9.268,0.903,-0.068,0.005,-0.031,1685,0,0
1049018,2.267,9.311,0.924,-0.054,0.006,-0.028,1685,0,0
1049038,2.279,9.328,0.924,-0.077,0.009,-0.024,1684,0,0
1049058,2.303,9.266,0.915,-0.081,0.007,-0.024,1685,0,0
1049078,2.310,9.249,0.919,-0.066,0.007,-0.027,1685,0,0
1049098,2.263,9.297,0.898,-0.059,0.007,-0.022,1684,0,0
1049118,2.279,9.354,0.927,-0.061,0.007,-0.013,1684,0,0
1049138,2.274,9.349,0.943,-0.067,0.008,-0.009,1685,0,0
1049158,2.296,9.306,0.984,-0.073,0.010,-0.002,1686,0,0
1049178,2.349,9.175,0.939,-0.081,0.005,-0.004,1685,0,0
1049198,2.354,9.163,0.881,-0.059,0.007,-0.013,1686,0,0
1049218,2.320,9.311,0.970,-0.038,0.010,-0.008,1685,0,0
1049238,2.241,9.333,0.979,-0.070,0.005,0.000,1685,0,0
1049258,2.248,9.225,0.924,-0.083,-0.002,-0.006,1685,0,0
1049278,2.286,9.201,0.824,-0.055,0.001,-0.013,1686,0,0
1049298,2.315,9.266,0.816,-0.048,0.017,-0.009,1685,0,0
1049318,2.310,9.318,0.883,-0.067,0.033,-0.002,1685,0,0
1049338,2.279,9.261,1.053,-0.082,0.031,0.006,1685,0,0
1049358,2.279,9.163,1.087,-0.077,0.009,0.001,1685,0,0
1049378,2.289,9.148,0.960,-0.054,-0.007,-0.005,1685,0,0
1049398,2.274,9.218,0.900,-0.043,-0.001,-0.010,1686,0,0
1049418,2.251,9.270,0.881,-0.044,0.006,-0.008,1686,0,0
1049438,2.270,9.266,0.927,-0.071,0.016,0.001,1686,0,0
1049458,2.277,9.127,0.991,-0.093,0.017,-0.002,1686,0,0
1049478,2.272,9.079,1.022,-0.075,0.009,-0.029,1687,0,0
1049498,2.277,9.239,0.974,-0.050,0.007,-0.031,1686,0,0
1049518,2.236,9.301,0.871,-0.047,0.014,-0.023,1687,0,0
1049538,2.229,9.294,0.843,-0.052,0.025,-0.010,1684,0,0
1049558,2.248,9.309,0.891,-0.042,0.025,-0.003,1684,0,0
1049578,2.207,9.280,0.986,-0.037,0.014,0.007,1685,0,0
1049598,2.251,9.206,1.030,-0.021,-0.037,0.011,1685,0,0
1049618,2.263,9.153,0.876,-0.049,-0.013,-0.005,1683,0,0
1049638,2.291,9.182,0.922,-0.017,-0.005,-0.012,1683,0,0
1049658,2.294,9.333,0.883,-0.011,0.017,-0.008,1681,0,0
1049678,2.282,9.256,0.886,-0.068,0.032,-0.011,1681,0,0
1049698,2.279,9.220,0.936,-0.092,0.030,-0.018,1680,0,0
1049718,2.231,9.187,0.939,-0.065,0.032,-0.022,1680,0,0
1049738,2.258,9.232,0.991,-0.059,0.013,-0.019,1680,0,0
1049758,2.274,9.239,0.989,-0.069,0.003,-0.017,1679,0,0
1049778,2.327,9.285,0.915,-0.059,0.002,-0.014,1678,0,0
1049798,2.327,9.275,0.869,-0.071,0.011,-0.013,1668,0,0
1049818,2.298,9.239,0.934,-0.085,0.026,-0.012,1662,0,0
1049838,2.284,9.199,0.967,-0.103,0.007,-0.017,1651,0,0
1049858,2.231,9.148,0.807,-0.098,0.010,-0.020,1648,0,0
1049878,2.251,9.239,0.929,-0.043,-0.012,-0.018,1644,0,0
1049898,2.274,9.261,1.018,-0.040,-0.021,-0.005,1627,0,0
1049918,2.342,9.278,0.927,-0.053,-0.030,-0.001,1599,0,0
1049938,2.444,9.136,1.070,-0.073,-0.064,0.006,1560,0,0
1049958,2.339,9.072,0.778,-0.038,-0.038,0.027,1534,0,0
1049978,2.083,9.354,0.429,0.061,0.030,0.042,1523,0,0
1049998,2.279,9.471,0.702,0.090,0.035,0.035,1509,0,0
1050018,2.409,9.268,0.876,-0.084,0.065,0.031,1498,0,0
1050038,2.380,9.064,1.080,-0.091,0.029,0.022,1487,0,0
1050058,2.354,9.143,1.255,-0.057,-0.063,0.037,1466,0,0
1050078,2.535,9.124,1.504,-0.084,-0.180,0.057,1427,0,0
1050098,2.440,9.359,0.781,-0.036,-0.221,0.131,1392,0,0
1050118,2.397,9.486,0.589,0.023,-0.226,0.172,1362,0,0
1050138,2.253,9.601,0.285,-0.057,-0.136,0.211,1343,0,0
1050158,3.012,9.431,1.355,-0.238,-0.211,0.247,1287,0,0
1050179,2.212,9.108,1.125,-0.350,-0.287,0.365,1237,0,0
1050198,1.990,9.084,0.579,-0.089,-0.319,0.315,1204,0,0
1050218,2.667,9.354,0.936,-0.010,-0.288,0.227,1160,0,0
1050238,2.279,9.249,0.821,-0.240,-0.252,0.215,1121,0,0
1050258,2.442,8.643,1.061,-0.221,-0.263,0.187,1084,0,0
1050278,2.720,8.571,1.346,-0.011,-0.320,0.131,1045,0,0
1050298,2.890,8.792,1.362,0.152,-0.349,0.096,1004,0,0
1050318,2.813,9.222,1.302,0.157,-0.392,0.072,976,0,0
1050338,2.856,9.218,0.680,0.116,-0.415,0.039,957,0,0
1050358,3.357,9.179,0.285,0.091,-0.267,-0.037,945,0,0
1050378,3.057,9.345,0.237,0.052,-0.085,-0.056,934,0,0
1050398,2.883,9.488,0.512,-0.017,-0.038,-0.050,929,0,0
1050418,2.988,9.462,0.443,-0.041,-0.040,-0.024,926,0,0
1050438,3.081,9.658,0.292,-0.050,0.027,0.001,921,0,0
1050458,3.112,9.354,0.429,-0.182,0.086,0.013,919,0,0
1050478,3.053,8.957,0.596,-0.155,0.099,0.025,921,0,0
1050498,2.832,9.160,0.742,-0.058,0.071,0.031,921,0,0
1050518,2.931,9.096,0.747,-0.065,0.019,0.043,924,0,0
1050538,3.005,9.024,0.752,-0.071,-0.015,0.038,930,0,0
1050558,3.223,8.880,0.594,-0.074,-0.014,0.013,934,0,0
1050578,3.012,8.966,0.567,-0.027,-0.001,-0.018,935,0,0
1050598,2.926,9.055,0.587,-0.051,-0.024,-0.013,937,0,0
1050618,2.950,8.945,0.546,-0.053,-0.087,0.013,941,0,0
1050638,3.191,8.940,0.321,-0.031,-0.114,0.003,944,0,0
1050658,3.445,8.892,0.093,-0.031,-0.063,-0.023,945,0,0
1050678,3.409,9.043,-0.005,-0.035,-0.029,-0.067,948,0,0
1050698,3.481,9.148,-0.357,0.009,0.003,-0.097,950,0,0
1050718,3.263,9.589,-0.555,0.086,0.039,-0.095,953,0,0
1050738,3.112,9.919,-0.840,0.111,0.071,-0.053,953,0,0
1050758,2.935,10.144,-1.154,0.137,0.135,0.001,953,0,0
1050778,2.622,10.446,-1.556,0.126,0.224,0.067,953,0,0
1050798,2.255,10.424,-1.911,0.085,0.333,0.141,952,0,0
1050818,2.002,10.341,-2.025,0.066,0.464,0.217,953,0,0
1050838,1.762,9.955,-1.889,0.041,0.613,0.297,952,0,0
1050858,1.441,9.493,-1.709,0.012,0.749,0.330,952,0,0
1050878,1.109,8.928,-1.805,0.048,0.888,0.323,954,0,0
1050898,0.778,8.923,-1.844,0.124,1.065,0.276,955,0,0
1050918,0.510,9.234,-1.520,0.128,1.244,0.297,956,0,0
1050938,0.505,8.863,-1.116,0.085,1.372,0.322,957,0,0
1050958,0.302,8.540,-0.622,0.121,1.464,0.258,959,0,0
1050978,0.371,9.330,0.019,0.200,1.530,0.182,959,0,0
1050998,0.395,9.589,0.876,0.260,1.660,0.222,960,0,0
1051018,-0.105,9.120,1.738,0.455,1.658,0.236,960,0,0
1051038,0.043,9.057,1.798,0.667,1.529,0.180,961,0,0
1051058,0.697,9.443,1.858,0.697,1.464,0.090,962,0,0
1051078,1.104,9.898,2.701,0.543,1.442,0.055,963,0,0
1051098,1.350,9.366,3.685,0.426,1.362,0.050,964,0,0
1051118,1.355,8.768,4.094,0.585,1.175,0.044,965,0,0
1051138,2.054,8.981,4.137,0.809,1.024,0.016,964,0,0
1051158,2.301,9.720,4.951,0.623,0.908,0.035,965,0,0
1051178,2.626,9.021,5.823,0.272,0.670,0.049,969,0,0
1051198,3.079,8.243,6.100,0.113,0.403,-0.044,967,0,0
1051218,3.340,8.186,6.404,0.055,0.122,-0.226,967,0,0
1051238,3.795,8.499,6.472,0.156,-0.150,-0.289,968,0,0
1051258,4.355,9.165,6.359,0.043,-0.423,-0.342,969,0,0
1051278,4.858,9.110,6.129,-0.258,-0.710,-0.349,969,0,0
1051298,5.025,9.323,5.581,-0.517,-1.043,-0.389,969,0,0
1051318,5.013,9.878,4.645,-0.744,-1.321,-0.344,970,0,0
1051338,4.853,9.596,3.646,-0.998,-1.533,-0.294,968,0,0
1051358,4.908,9.270,2.658,-0.932,-1.688,-0.326,966,0,0
1051378,5.382,9.285,1.642,-0.889,-1.749,-0.297,966,0,0
1051398,5.550,8.993,1.494,-1.039,-1.759,-0.217,965,0,0
1051418,5.488,8.325,1.372,-1.292,-1.821,-0.195,966,0,0
1051438,5.138,7.930,0.989,-1.314,-1.907,-0.247,966,0,0
1051458,4.958,8.413,0.297,-1.025,-1.943,-0.324,966,0,0
1051478,4.755,9.069,-0.417,-0.691,-1.928,-0.290,965,0,0
1051498,4.650,9.436,-1.269,-0.639,-1.876,-0.168,964,0,0
1051518,4.413,9.108,-1.812,-0.838,-1.819,-0.069,965,0,0
1051538,4.559,8.301,-2.638,-0.881,-1.694,-0.106,963,0,0
1051558,4.578,8.243,-3.256,-0.462,-1.451,-0.257,963,0,0
1051578,3.953,9.828,-3.474,-0.035,-1.179,-0.295,962,0,0
1051598,3.579,10.910,-3.517,-0.277,-1.002,-0.058,963,0,0
1051618,3.510,9.634,-3.249,-0.730,-0.871,0.125,963,0,0
1051638,3.215,8.428,-3.158,-0.594,-0.726,-0.017,963,0,0
1051658,2.428,9.634,-3.323,-0.099,-0.492,-0.244,963,0,0
1051678,1.678,11.643,-3.218,0.095,-0.282,-0.099,963,0,0
1051698,1.638,11.461,-2.883,-0.259,-0.170,0.189,963,0,0
1051718,1.630,9.869,-2.602,-0.336,-0.027,0.210,964,0,0
1051738,1.444,9.100,-2.650,0.001,0.189,0.016,962,0,0
1051758,0.326,10.341,-2.351,0.328,0.385,-0.041,963,0,0
1051778,0.175,10.429,-2.143,0.247,0.482,0.114,963,0,0
1051798,0.048,9.680,-1.817,0.150,0.617,0.194,963,0,0
1051818,-0.383,9.033,-1.626,0.076,0.766,0.109,963,0,0
1051838,-1.073,9.167,-1.295,0.283,0.920,0.013,963,0,0
1051948,-1.415,9.811,1.053,0.453,1.545,0.361,969,0,0
1051960,-1.439,9.864,1.676,0.482,1.615,0.385,969,0,0
1051972,-1.544,9.814,2.114,0.504,1.630,0.403,970,0,0
1051983,-1.456,9.601,2.210,0.511,1.613,0.414,971,0,0
1051994,-1.305,9.357,2.064,0.511,1.602,0.403,971,0,0
1052005,-1.197,9.093,1.894,0.520,1.621,0.363,973,0,0
1052018,-1.049,9.215,2.210,0.541,1.672,0.292,973,0,0
1052029,-1.008,9.718,2.866,0.551,1.722,0.262,974,0,0
1052040,-0.989,10.159,3.529,0.500,1.748,0.274,974,0,0
1052051,-0.939,9.893,4.034,0.399,1.710,0.301,975,0,0
1052064,-0.709,9.086,4.168,0.413,1.639,0.336,975,0,0
1052078,-0.227,8.466,3.950,0.588,1.573,0.309,975,0,0
1052098,0.508,9.720,4.221,0.687,1.545,0.243,975,0,0
1052118,0.922,10.551,5.313,0.353,1.501,0.409,976,0,0
1052138,1.022,8.346,6.100,0.180,1.344,0.385,977,0,0
1052158,1.556,7.472,6.033,0.630,1.113,0.170,976,0,0
1052178,2.650,8.799,5.643,0.833,0.968,0.032,978,0,0
1052198,3.189,9.577,6.072,0.385,0.811,0.121,977,0,0
1052218,3.608,8.859,6.759,-0.077,0.580,0.186,977,0,0
1052238,3.905,7.760,7.446,-0.176,0.327,0.080,978,0,0
1052258,4.034,7.386,7.676,0.063,0.001,-0.142,979,0,0
1052278,4.640,8.128,7.027,0.215,-0.318,-0.306,978,0,0
1052298,4.815,8.669,6.673,-0.064,-0.607,-0.349,979,0,0
1052318,4.934,8.566,6.208,-0.317,-0.931,-0.389,979,0,0
1052338,5.076,9.041,5.368,-0.472,-1.234,-0.428,981,0,0
1052358,5.183,9.012,4.427,-0.755,-1.488,-0.437,979,0,0
1052378,5.246,8.871,3.496,-0.846,-1.674,-0.478,980,0,0
1052398,5.282,9.222,2.658,-0.863,-1.807,-0.465,979,0,0
1052418,5.452,9.093,1.985,-1.049,-1.904,-0.380,981,0,0
1052438,5.851,8.284,1.360,-1.252,-1.945,-0.398,979,0,0
1052458,5.813,8.183,0.895,-1.224,-1.920,-0.475,980,0,0
1052478,5.382,8.760,0.402,-1.116,-1.947,-0.492,979,0,0
1052498,5.437,9.024,-0.476,-1.003,-1.982,-0.402,978,0,0
1052518,5.516,9.067,-1.372,-0.935,-1.903,-0.333,978,0,0
1052538,5.456,8.497,-2.210,-0.895,-1.756,-0.341,977,0,0
1052558,5.061,8.722,-2.758,-0.590,-1.618,-0.413,976,0,0
1052578,4.513,10.546,-3.428,-0.239,-1.477,-0.403,975,0,0
1052598,4.132,12.400,-4.207,-0.380,-1.244,-0.188,975,0,0
1052618,4.061,11.638,-4.247,-0.851,-0.956,0.091,975,0,0
1052638,3.302,9.706,-3.321,-0.635,-0.720,0.114,975,0,0
1052658,2.303,9.807,-2.919,0.141,-0.600,-0.083,976,0,0
1052678,1.597,12.311,-3.584,0.585,-0.444,-0.062,976,0,0
1052698,1.401,12.311,-3.907,0.024,-0.208,0.289,975,0,0
1052718,0.948,10.139,-3.302,-0.373,-0.002,0.505,975,0,0
1052738,0.385,7.980,-2.579,-0.222,0.136,0.326,976,0,0
1052758,-0.201,8.806,-2.306,0.539,0.339,0.098,976,0,0
1052778,-0.675,9.948,-2.059,0.642,0.557,0.082,976,0,0
1052798,-0.637,9.541,-1.432,0.421,0.751,0.155,975,0,0
1052818,-0.601,8.813,-0.395,0.214,0.872,0.150,978,0,0
1052838,-0.481,8.645,1.094,0.193,0.932,0.147,979,0,0
1052858,-0.177,8.413,2.172,0.238,0.926,0.136,981,0,0
1052878,0.242,8.416,2.938,0.328,0.900,0.105,982,0,0
1052898,0.412,8.825,3.680,0.376,0.849,0.093,982,0,0
1052918,0.888,8.772,3.864,0.358,0.768,0.072,982,0,0
1052938,1.396,8.672,3.915,0.489,0.722,0.025,983,0,0
1052958,1.887,9.385,4.257,0.493,0.687,0.046,985,0,0
1052978,2.186,9.309,4.616,0.298,0.595,0.090,984,0,0
1052998,2.602,9.084,4.293,0.201,0.434,0.092,984,0,0
1053018,3.093,8.995,3.886,0.164,0.325,0.080,984,0,0
1053038,3.354,8.904,3.663,0.184,0.253,0.041,985,0,0
1053058,3.460,9.215,3.314,0.193,0.190,0.018,984,0,0
1053078,3.589,9.416,2.775,0.112,0.131,0.029,984,0,0
1053098,3.656,9.321,2.344,-0.013,0.081,0.048,983,0,0
1053118,3.687,9.182,2.033,-0.071,0.078,0.051,984,0,0
1053138,3.555,9.122,1.709,-0.136,0.060,0.042,984,0,0
1053158,3.249,9.165,1.542,-0.124,0.042,0.056,984,0,0
1053178,3.280,9.208,1.362,-0.170,0.022,0.080,985,0,0
1053198,3.268,8.839,1.341,-0.182,0.015,0.080,984,0,0
1053218,3.187,8.657,1.209,-0.139,-0.016,0.057,985,0,0
1053238,3.100,8.631,0.910,-0.120,-0.035,0.047,985,0,0
1053258,3.196,8.571,0.699,-0.124,-0.026,0.033,985,0,0
1053278,3.141,8.600,0.764,-0.129,-0.007,0.015,985,0,0
1053298,3.089,8.619,0.864,-0.131,-0.010,0.002,983,0,0
1053318,3.069,8.708,1.003,-0.101,-0.032,-0.001,986,0,0
1053338,3.108,8.741,1.003,-0.072,-0.043,-0.012,986,0,0
1053358,3.096,8.775,0.950,-0.070,-0.046,-0.026,986,0,0
1053378,3.098,8.756,0.922,-0.078,-0.055,-0.053,986,0,0
1053398,3.112,8.878,0.874,-0.078,-0.051,-0.072,986,0,0
1053418,3.036,8.993,0.874,-0.081,-0.049,-0.071,987,0,0
1053438,3.055,9.036,0.771,-0.055,-0.030,-0.058,986,0,0
1053458,3.163,9.038,0.826,-0.064,-0.015,-0.048,988,0,0
1053478,3.259,8.835,0.912,-0.080,0.003,-0.064,989,0,0
1053498,3.160,8.854,1.018,-0.062,0.004,-0.094,991,0,0
1053518,3.100,8.983,1.006,-0.062,-0.006,-0.102,991,0,0
1053538,3.021,8.928,1.051,-0.046,-0.034,-0.089,993,0,0
1053558,3.105,8.997,0.888,-0.012,-0.054,-0.088,993,0,0
1053578,3.129,9.108,0.788,-0.008,-0.037,-0.083,995,0,0
1053598,3.045,9.151,0.816,-0.043,-0.007,-0.071,995,0,0
1053618,3.002,9.136,0.876,-0.083,-0.003,-0.067,997,0,0
1053638,3.057,9.148,0.850,-0.070,-0.008,-0.060,998,0,0
1053658,3.031,9.254,0.891,-0.072,-0.023,-0.051,1000,0,0
1053678,3.163,9.151,0.845,-0.102,-0.017,-0.045,1000,0,0
1053698,3.065,9.108,1.001,-0.083,0.001,-0.049,1001,0,0
1053718,2.988,9.177,1.015,-0.070,-0.018,-0.045,1002,0,0
1053738,2.919,9.172,0.881,-0.061,-0.018,-0.035,1003,0,0
1053758,2.873,9.055,0.845,-0.073,-0.012,-0.034,1003,0,0
1053778,2.875,9.009,0.821,-0.070,0.002,-0.044,1004,0,0
1053798,2.919,8.938,0.764,-0.067,0.035,-0.055,1006,0,0
1053818,2.868,9.002,0.857,-0.073,0.060,-0.066,1006,0,0
1053838,2.885,8.899,0.867,-0.105,0.076,-0.096,1007,0,0
1053858,2.816,8.909,0.984,-0.107,0.101,-0.132,1006,0,0
1053878,2.875,9.002,0.982,-0.099,0.110,-0.152,1008,0,0
1053898,2.823,9.002,1.041,-0.063,0.108,-0.170,1013,0,0
1053918,2.677,9.189,1.171,-0.029,0.080,-0.171,1023,0,0
1053938,2.550,9.249,1.252,-0.058,0.045,-0.161,1040,0,0
1053958,2.708,9.141,1.188,-0.052,0.020,-0.169,1054,0,0
1053978,2.610,9.141,1.037,-0.034,0.027,-0.188,1070,0,0
1053998,2.473,9.227,1.089,-0.028,0.033,-0.208,1087,0,0
1054018,1.793,9.572,1.563,-0.064,-0.066,-0.173,1109,0,0
1054038,2.425,9.345,1.379,-0.242,-0.207,-0.135,1136,0,0
1054058,3.314,8.748,1.015,-0.271,-0.149,-0.137,1171,0,0
1054078,2.310,8.894,1.209,-0.128,0.021,-0.167,1224,0,0
1054098,1.832,9.225,1.135,-0.180,-0.015,-0.157,1305,0,0
1054118,2.763,9.179,0.699,-0.474,0.050,-0.192,1419,0,0
1054138,3.211,9.093,0.687,-0.577,0.247,-0.290,1535,0,0
1054158,3.065,8.926,-0.084,-0.447,0.623,-0.355,1645,0,0
1054178,3.043,8.794,-0.220,-0.082,0.998,-0.366,1707,0,0
1054198,2.191,9.560,1.733,0.290,1.076,-0.462,1746,0,0
1054218,1.961,9.225,3.381,0.033,0.457,-0.433,1775,0,0
1054238,2.188,9.230,2.923,-0.535,0.222,-0.254,1796,0,0
1054258,1.906,9.548,1.630,-0.483,0.119,-0.118,1813,0,0
1054278,1.712,9.725,1.235,-0.047,0.078,-0.059,1831,0,0
1054298,1.860,9.749,1.714,0.008,-0.019,-0.044,1840,0,0
1054318,1.920,9.431,1.808,-0.315,-0.022,-0.002,1852,0,0
1054338,2.064,9.158,1.616,-0.181,-0.069,0.017,1857,0,0
1054358,1.932,9.330,1.369,0.099,-0.050,0.014,1860,0,0
1054378,1.927,9.459,1.518,0.009,-0.073,0.041,1860,0,0
1054398,2.109,9.278,1.585,-0.086,-0.091,0.066,1860,0,0
1054418,2.210,9.045,1.396,-0.080,-0.058,0.053,1859,0,0
1054438,2.078,9.041,1.274,-0.046,-0.002,0.032,1858,0,0
1054458,1.858,9.155,1.396,-0.025,0.022,0.016,1857,0,0
1054478,1.817,9.165,1.638,-0.071,-0.024,0.021,1857,0,0
1054498,1.958,9.038,1.738,-0.130,-0.063,0.021,1856,0,0
1054518,2.152,8.904,1.611,-0.072,-0.076,0.009,1854,0,0
1054538,2.181,9.007,1.422,0.037,-0.037,-0.018,1843,0,0
1054558,2.095,9.285,1.343,0.053,0.023,-0.028,1839,0,0
1054578,1.779,9.376,1.453,-0.035,0.026,-0.009,1839,0,0
1054598,1.970,9.244,1.659,-0.111,-0.027,0.022,1840,0,0
1054618,2.097,9.096,1.669,-0.097,-0.058,0.033,1839,0,0
1054638,2.131,9.057,1.508,-0.027,-0.044,0.015,1836,0,0
1054658,2.061,9.203,1.415,0.015,-0.015,-0.016,1831,0,0
1054678,1.999,9.282,1.437,-0.023,-0.006,-0.014,1824,0,0
1054698,1.935,9.318,1.501,-0.054,0.000,0.009,1822,0,0
1054718,1.994,9.220,1.542,-0.070,-0.008,0.017,1821,0,0
1054738,2.002,9.160,1.585,-0.063,0.006,0.010,1819,0,0
1054758,2.002,9.187,1.516,-0.001,0.010,0.008,1817,0,0
1054778,2.028,9.330,1.446,0.030,0.018,0.014,1812,0,0
1054798,1.990,9.290,1.508,-0.044,0.030,0.031,1809,0,0
1054818,2.028,9.177,1.650,-0.073,0.027,0.031,1807,0,0
1054838,2.064,9.131,1.738,-0.043,0.015,0.022,1805,0,0
1054858,2.066,9.170,1.678,-0.032,0.004,0.024,1802,0,0
1054878,2.064,9.146,1.573,-0.028,-0.009,0.024,1802,0,0
1054898,2.136,9.167,1.592,-0.034,-0.003,0.019,1799,0,0
1054918,2.121,9.187,1.662,-0.043,0.002,0.019,1797,0,0
1054938,2.059,9.136,1.633,-0.054,-0.018,0.020,1796,0,0
1054958,2.179,9.081,1.556,-0.081,-0.039,0.017,1794,0,0
1054978,2.212,9.050,1.551,-0.083,-0.033,0.008,1793,0,0
1054998,2.124,9.155,1.549,-0.035,-0.031,-0.002,1790,0,0
1055018,2.088,9.261,1.475,-0.017,-0.029,0.003,1790,0,0
1055038,2.100,9.273,1.293,-0.043,-0.019,0.016,1790,0,0
1055058,2.133,9.172,1.350,-0.060,-0.008,0.023,1788,0,0
1055078,2.112,9.098,1.475,-0.073,-0.016,0.012,1784,0,0
1055098,2.093,9.076,1.434,-0.050,-0.035,0.002,1777,0,0
1055118,2.195,9.103,1.369,-0.029,-0.037,-0.000,1775,0,0
1055138,2.241,9.108,1.336,-0.053,-0.021,-0.007,1772,0,0
1055158,2.217,9.096,1.422,-0.076,-0.007,-0.022,1771,0,0
1055178,2.116,9.158,1.516,-0.039,-0.014,-0.023,1771,0,0
1055198,2.124,9.189,1.420,-0.034,-0.029,-0.007,1769,0,0
1055218,2.179,9.086,1.276,-0.074,-0.027,-0.005,1770,0,0
1055238,2.155,9.088,1.267,-0.063,-0.009,-0.019,1768,0,0
1055258,2.102,9.187,1.255,-0.041,-0.003,-0.026,1766,0,0
1055278,2.097,9.297,1.290,-0.048,0.005,-0.014,1763,0,0
1055298,2.083,9.232,1.298,-0.074,0.007,-0.004,1761,0,0
1055318,2.047,9.170,1.355,-0.066,0.009,-0.009,1759,0,0
1055338,2.105,9.184,1.379,-0.033,0.010,-0.013,1757,0,0
1055358,2.152,9.201,1.367,-0.023,0.014,-0.005,1756,0,0
1055378,2.152,9.146,1.434,-0.048,0.013,-0.001,1755,0,0
1055398,2.195,9.105,1.453,-0.059,0.008,-0.008,1755,0,0
1055418,2.224,9.160,1.465,-0.041,0.006,-0.013,1753,0,0
1055438,2.184,9.187,1.439,-0.041,0.001,-0.017,1750,0,0
1055458,2.160,9.222,1.425,-0.046,0.001,-0.011,1749,0,0
1055478,2.138,9.242,1.377,-0.037,-0.002,-0.007,1748,0,0
1055498,2.193,9.246,1.403,-0.051,-0.008,-0.005,1747,0,0
1055518,2.145,9.220,1.381,-0.052,-0.004,-0.008,1746,0,0
1055538,2.128,9.270,1.401,-0.036,0.001,-0.006,1745,0,0
1055558,2.128,9.287,1.408,-0.046,0.001,0.002,1746,0,0
1055578,2.128,9.199,1.444,-0.071,-0.007,0.003,1745,0,0
1055598,2.138,9.203,1.425,-0.047,-0.009,-0.001,1745,0,0
1055618,2.157,9.249,1.410,-0.034,-0.013,0.000,1745,0,0
1055638,2.181,9.213,1.334,-0.074,-0.013,0.008,1744,0,0
1055658,2.246,9.120,1.319,-0.086,-0.004,0.007,1744,0,0
1055678,2.215,9.124,1.374,-0.062,0.008,-0.011,1744,0,0
1055698,2.119,9.244,1.489,-0.051,0.003,-0.017,1744,0,0
1055718,2.088,9.261,1.429,-0.060,-0.016,-0.010,1744,0,0
