941114,2.207,9.182,1.659,-0.063,0.029,0.002,1680,0,0
941134,2.253,9.086,1.690,-0.076,0.022,0.007,1679,0,0
941154,2.251,9.029,1.686,-0.064,0.017,-0.003,1678,0,0
941174,2.205,9.086,1.623,-0.037,0.017,-0.010,1679,0,0
941194,2.207,9.225,1.633,-0.043,0.018,-0.001,1680,0,0
941214,2.215,9.160,1.628,-0.072,0.023,0.009,1679,0,0
941234,2.236,9.057,1.676,-0.074,0.028,0.006,1679,0,0
941254,2.200,9.098,1.736,-0.037,0.027,-0.002,1679,0,0
941274,2.174,9.175,1.750,-0.048,0.026,-0.002,1681,0,0
941294,2.219,9.141,1.779,-0.067,0.026,0.003,1679,0,0
941314,2.205,9.088,1.776,-0.062,0.025,0.004,1679,0,0
941334,2.205,9.086,1.791,-0.055,0.020,0.001,1679,0,0
941354,2.181,9.105,1.786,-0.061,0.015,-0.001,1679,0,0
941374,2.207,9.055,1.779,-0.066,0.008,0.000,1680,0,0
941394,2.224,9.048,1.707,-0.058,0.007,-0.009,1679,0,0
941414,2.212,9.110,1.688,-0.055,0.012,-0.011,1678,0,0
941434,2.205,9.155,1.676,-0.073,0.013,-0.006,1679,0,0
941454,2.193,9.136,1.719,-0.078,0.012,-0.010,1679,0,0
941474,2.188,9.143,1.678,-0.061,0.014,-0.013,1679,0,0
941494,2.251,9.222,1.683,-0.052,0.017,-0.010,1679,0,0
941514,2.251,9.213,1.736,-0.071,0.019,0.004,1679,0,0
941534,2.253,9.134,1.757,-0.073,0.015,0.012,1679,0,0
941555,2.274,9.100,1.753,-0.071,0.011,0.009,1679,0,0
941574,2.263,9.069,1.726,-0.072,0.009,0.009,1679,0,0
941594,2.222,9.091,1.714,-0.055,0.003,0.006,1679,0,0
941614,2.176,9.141,1.671,-0.050,-0.000,0.006,1676,0,0
941634,2.169,9.136,1.664,-0.068,0.001,0.009,1679,0,0
941654,2.162,9.052,1.628,-0.072,0.003,0.017,1679,0,0
941674,2.200,8.942,1.654,-0.068,0.006,0.007,1679,0,0
941694,2.217,8.950,1.650,-0.057,0.008,-0.005,1679,0,0
941714,2.219,9.007,1.688,-0.053,0.014,-0.012,1679,0,0
941734,2.179,9.041,1.733,-0.062,0.013,-0.015,1679,0,0
941754,2.203,9.052,1.755,-0.056,-0.002,-0.019,1679,0,0
941774,2.234,9.096,1.738,-0.058,-0.005,-0.021,1679,0,0
941794,2.231,9.086,1.731,-0.054,-0.013,-0.023,1681,0,0
941814,2.270,9.112,1.650,-0.036,-0.017,-0.024,1679,0,0
941834,2.282,9.191,1.611,-0.044,-0.009,-0.021,1679,0,0
941854,2.289,9.187,1.614,-0.065,-0.001,-0.016,1679,0,0
941874,2.289,9.167,1.650,-0.070,0.002,-0.014,1679,0,0
941894,2.255,9.160,1.664,-0.055,0.002,-0.015,1679,0,0
941914,2.272,9.177,1.635,-0.048,0.004,-0.007,1678,0,0
941935,2.274,9.167,1.657,-0.062,0.011,-0.005,1678,0,0
941954,2.255,9.103,1.702,-0.065,0.013,-0.003,1679,0,0
941974,2.251,9.172,1.736,-0.060,0.007,-0.000,1679,0,0
941994,2.215,9.143,1.700,-0.071,0.002,0.001,1679,0,0
942014,2.253,9.072,1.674,-0.054,-0.003,0.001,1679,0,0
942034,2.258,9.136,1.583,-0.033,0.007,0.003,1679,0,0
942054,2.217,9.115,1.640,-0.062,0.016,0.007,1679,0,0
942074,2.174,9.069,1.662,-0.080,0.014,-0.001,1679,0,0
942094,2.205,9.005,1.642,-0.059,0.005,-0.010,1679,0,0
942114,2.234,9.052,1.621,-0.038,0.010,-0.013,1680,0,0
942134,2.255,9.134,1.575,-0.033,0.023,-0.013,1679,0,0
942154,2.212,9.163,1.669,-0.055,0.030,-0.006,1679,0,0
942174,2.236,9.158,1.731,-0.076,0.024,0.001,1679,0,0
942194,2.248,9.122,1.762,-0.075,0.014,-0.001,1679,0,0
942214,2.255,9.076,1.803,-0.055,0.006,-0.003,1679,0,0
942234,2.239,9.098,1.757,-0.030,-0.004,-0.002,1679,0,0
942254,2.227,9.096,1.709,-0.045,-0.006,-0.002,1679,0,0
942274,2.222,9.076,1.657,-0.066,-0.004,-0.003,1679,0,0
942294,2.227,9.031,1.602,-0.066,-0.001,-0.008,1679,0,0
942314,2.219,9.048,1.616,-0.069,0.004,-0.015,1680,0,0
942334,2.253,9.112,1.614,-0.060,0.007,-0.021,1678,0,0
942354,2.212,9.191,1.583,-0.049,0.012,-0.023,1679,0,0
942374,2.224,9.232,1.662,-0.062,0.013,-0.010,1679,0,0
942394,2.272,9.165,1.693,-0.077,0.009,0.000,1679,0,0
942414,2.310,9.086,1.726,-0.070,0.005,-0.001,1679,0,0
942434,2.310,9.100,1.714,-0.048,-0.005,-0.005,1679,0,0
942454,2.274,9.167,1.674,-0.042,-0.008,-0.005,1679,0,0
942474,2.272,9.206,1.628,-0.058,-0.010,-0.001,1679,0,0
942494,2.286,9.139,1.602,-0.055,-0.011,0.003,1680,0,0
942514,2.277,9.143,1.618,-0.056,-0.007,0.008,1678,0,0
942534,2.248,9.124,1.609,-0.060,-0.002,0.008,1679,0,0
942554,2.253,9.084,1.642,-0.058,0.000,0.006,1680,0,0
942574,2.267,9.067,1.645,-0.060,-0.001,0.002,1678,0,0
942594,2.294,9.086,1.616,-0.063,-0.002,-0.004,1677,0,0
942614,2.284,9.148,1.640,-0.057,0.007,-0.006,1679,0,0
942634,2.274,9.129,1.659,-0.064,0.011,0.002,1679,0,0
942654,2.263,9.086,1.676,-0.063,0.001,-0.002,1679,0,0
942674,2.279,9.096,1.671,-0.058,-0.001,-0.004,1679,0,0
942694,2.239,9.143,1.609,-0.052,0.006,0.002,1679,0,0
942714,2.255,9.151,1.599,-0.058,0.005,0.002,1679,0,0
942734,2.263,9.064,1.602,-0.078,0.007,-0.002,1677,0,0
942754,2.289,9.033,1.585,-0.067,0.010,-0.009,1678,0,0
942774,2.265,9.108,1.652,-0.047,0.015,-0.015,1679,0,0
942794,2.251,9.187,1.647,-0.056,0.019,-0.010,1679,0,0
942814,2.265,9.163,1.650,-0.073,0.015,-0.005,1679,0,0
942834,2.267,9.086,1.628,-0.083,0.015,-0.007,1679,0,0
942854,2.241,9.108,1.659,-0.065,0.015,-0.009,1679,0,0
942874,2.219,9.184,1.683,-0.047,0.017,-0.008,1679,0,0
942894,2.203,9.206,1.688,-0.059,0.018,0.002,1679,0,0
942914,2.219,9.079,1.676,-0.081,0.013,0.010,1679,0,0
942934,2.301,8.942,1.659,-0.078,0.006,-0.002,1678,0,0
942954,2.272,8.966,1.659,-0.058,0.001,-0.024,1679,0,0
942974,2.234,9.131,1.642,-0.041,0.003,-0.026,1678,0,0
942994,2.267,9.203,1.626,-0.056,0.007,-0.015,1679,0,0
943014,2.291,9.131,1.645,-0.074,0.008,-0.010,1677,0,0
943034,2.296,9.103,1.652,-0.080,0.009,-0.015,1678,0,0
943054,2.253,9.124,1.733,-0.065,0.005,-0.020,1677,0,0
943074,2.263,9.222,1.705,-0.043,-0.007,-0.012,1677,0,0
943094,2.313,9.196,1.647,-0.053,-0.009,0.001,1676,0,0
943114,2.306,9.067,1.587,-0.072,-0.007,0.000,1676,0,0
943134,2.330,9.019,1.556,-0.064,-0.007,-0.008,1676,0,0
943154,2.310,9.096,1.573,-0.058,0.002,-0.014,1678,0,0
943174,2.274,9.127,1.561,-0.059,0.004,-0.010,1677,0,0
943194,2.282,9.105,1.525,-0.065,0.010,-0.008,1677,0,0
943214,2.265,9.060,1.563,-0.061,0.021,-0.012,1677,0,0
943234,2.260,9.084,1.544,-0.056,0.026,-0.015,1676,0,0
943254,2.274,9.129,1.602,-0.063,0.030,-0.011,1677,0,0
943274,2.267,9.086,1.676,-0.076,0.030,-0.009,1676,0,0
943294,2.308,9.045,1.633,-0.056,0.019,-0.016,1676,0,0
943314,2.332,9.112,1.599,-0.046,0.023,-0.020,1676,0,0
943334,2.301,9.139,1.611,-0.065,0.031,-0.016,1677,0,0
943354,2.274,9.155,1.630,-0.064,0.030,-0.022,1677,0,0
943374,2.229,9.196,1.630,-0.072,0.027,-0.021,1677,0,0
943394,2.263,9.249,1.616,-0.059,0.031,-0.017,1677,0,0
943414,2.272,9.251,1.654,-0.049,0.042,0.000,1678,0,0
943434,2.270,9.160,1.774,-0.070,0.039,0.008,1678,0,0
943454,2.251,9.050,1.824,-0.081,0.019,0.011,1678,0,0
943474,2.219,8.988,1.755,-0.067,0.002,0.002,1678,0,0
943494,2.198,9.017,1.688,-0.043,-0.004,-0.006,1678,0,0
943514,2.162,9.105,1.614,-0.032,-0.004,-0.009,1678,0,0
943534,2.169,9.136,1.597,-0.063,0.005,-0.003,1678,0,0
943554,2.188,9.052,1.559,-0.083,0.011,0.001,1678,0,0
943574,2.248,8.942,1.595,-0.076,0.019,-0.009,1679,0,0
943594,2.251,8.923,1.621,-0.062,0.027,-0.030,1678,0,0
943614,2.229,9.055,1.607,-0.039,0.028,-0.040,1678,0,0
943634,2.270,9.163,1.609,-0.050,0.031,-0.030,1678,0,0
943654,2.279,9.155,1.623,-0.075,0.031,-0.027,1678,0,0
943674,2.234,9.184,1.638,-0.065,0.027,-0.026,1678,0,0
943694,2.184,9.266,1.662,-0.045,0.022,-0.025,1679,0,0
943714,2.239,9.311,1.621,-0.045,0.022,-0.011,1678,0,0
943734,2.255,9.268,1.702,-0.057,0.022,0.005,1678,0,0
943754,2.277,9.191,1.714,-0.053,0.015,0.011,1678,0,0
943774,2.260,9.136,1.674,-0.060,0.013,0.011,1679,0,0
943794,2.263,9.086,1.690,-0.062,0.009,0.003,1678,0,0
943814,2.229,9.103,1.721,-0.055,-0.001,-0.003,1677,0,0
943834,2.243,9.129,1.642,-0.056,-0.006,-0.003,1679,0,0
943854,2.251,9.120,1.597,-0.068,-0.001,0.002,1679,0,0
943874,2.246,9.110,1.635,-0.073,0.005,-0.002,1679,0,0
943894,2.267,9.122,1.626,-0.070,0.006,-0.002,1678,0,0
943914,2.243,9.064,1.614,-0.074,0.003,-0.006,1678,0,0
943934,2.258,9.088,1.568,-0.060,0.004,-0.010,1679,0,0
943954,2.231,9.143,1.544,-0.058,0.014,-0.011,1679,0,0
943974,2.229,9.160,1.580,-0.062,0.018,-0.004,1678,0,0
943994,2.246,9.146,1.559,-0.060,0.024,-0.004,1679,0,0
944014,2.255,9.129,1.590,-0.066,0.023,-0.007,1679,0,0
944034,2.253,9.182,1.597,-0.048,0.028,-0.005,1679,0,0
944054,2.236,9.184,1.657,-0.052,0.029,-0.001,1679,0,0
944074,2.284,9.146,1.640,-0.069,0.029,0.012,1679,0,0
944094,2.270,9.081,1.652,-0.068,0.031,0.011,1678,0,0
944114,2.241,9.029,1.693,-0.072,0.021,0.002,1679,0,0
944134,2.222,9.093,1.669,-0.050,0.015,-0.002,1679,0,0
944154,2.207,9.160,1.635,-0.044,0.016,0.001,1679,0,0
944174,2.205,9.141,1.640,-0.068,0.022,0.007,1678,0,0
944194,2.191,9.079,1.700,-0.075,0.021,0.006,1679,0,0
944214,2.198,9.074,1.700,-0.067,0.013,0.003,1679,0,0
944234,2.215,9.081,1.702,-0.056,0.011,0.003,1679,0,0
944254,2.260,9.069,1.741,-0.056,0.007,0.000,1679,0,0
944274,2.246,9.055,1.745,-0.060,-0.001,-0.006,1679,0,0
944294,2.267,9.050,1.705,-0.065,-0.010,-0.010,1679,0,0
944314,2.279,9.067,1.654,-0.063,-0.006,-0.017,1679,0,0
944334,2.284,9.081,1.590,-0.060,-0.002,-0.024,1678,0,0
944354,2.272,9.175,1.563,-0.052,-0.001,-0.022,1678,0,0
944374,2.286,9.199,1.571,-0.064,0.007,-0.014,1679,0,0
944394,2.315,9.182,1.583,-0.073,0.010,-0.008,1678,0,0
944414,2.310,9.160,1.566,-0.068,0.009,-0.010,1678,0,0
944434,2.296,9.160,1.585,-0.064,0.013,-0.009,1679,0,0
944454,2.284,9.177,1.650,-0.058,0.019,-0.004,1678,0,0
944474,2.263,9.175,1.700,-0.067,0.019,0.001,1679,0,0
944494,2.274,9.129,1.726,-0.074,0.012,0.008,1679,0,0
944514,2.303,9.007,1.697,-0.074,0.004,0.002,1679,0,0
944534,2.294,9.000,1.650,-0.056,-0.000,-0.005,1678,0,0
944554,2.229,9.086,1.659,-0.052,0.002,-0.005,1678,0,0
944574,2.227,9.064,1.592,-0.068,-0.001,-0.004,1678,0,0
944595,2.243,9.007,1.528,-0.075,0.002,-0.015,1676,0,0
944614,2.258,9.050,1.501,-0.064,0.008,-0.026,1678,0,0
944634,2.286,9.160,1.496,-0.044,0.024,-0.027,1678,0,0
944654,2.265,9.232,1.580,-0.059,0.039,-0.016,1677,0,0
944674,2.255,9.210,1.650,-0.074,0.036,-0.003,1679,0,0
944694,2.258,9.127,1.693,-0.084,0.028,-0.001,1678,0,0
944714,2.243,9.105,1.726,-0.061,0.015,-0.004,1677,0,0
944734,2.224,9.163,1.721,-0.037,0.009,-0.003,1678,0,0
944754,2.191,9.160,1.669,-0.049,0.006,-0.001,1677,0,0
944774,2.215,9.120,1.654,-0.064,0.007,0.005,1678,0,0
944794,2.227,9.052,1.621,-0.067,0.011,0.002,1678,0,0
944814,2.236,9.026,1.647,-0.074,0.015,-0.011,1678,0,0
944834,2.219,9.096,1.702,-0.065,0.017,-0.017,1677,0,0
944854,2.222,9.124,1.674,-0.061,0.019,-0.011,1677,0,0
944874,2.243,9.143,1.683,-0.064,0.017,-0.007,1678,0,0
944894,2.274,9.105,1.709,-0.070,0.009,-0.007,1677,0,0
944914,2.289,9.086,1.686,-0.069,-0.000,-0.014,1677,0,0
944934,2.270,9.115,1.638,-0.051,-0.005,-0.019,1678,0,0
944954,2.231,9.220,1.580,-0.037,-0.002,-0.010,1678,0,0
944974,2.253,9.210,1.563,-0.054,0.004,0.003,1676,0,0
944994,2.286,9.088,1.528,-0.075,0.011,0.005,1677,0,0
945014,2.289,9.038,1.590,-0.071,0.012,-0.004,1679,0,0
945034,2.277,9.074,1.614,-0.046,0.013,-0.007,1678,0,0
945054,2.255,9.139,1.657,-0.046,0.016,-0.006,1678,0,0
945074,2.248,9.148,1.669,-0.055,0.016,-0.007,1677,0,0
945094,2.253,9.129,1.659,-0.060,0.015,0.001,1678,0,0
945114,2.265,9.043,1.726,-0.069,0.009,0.002,1676,0,0
945134,2.274,9.007,1.681,-0.051,-0.005,-0.010,1677,0,0
945154,2.296,9.103,1.614,-0.029,0.002,-0.017,1677,0,0
945174,2.251,9.131,1.607,-0.052,0.007,-0.009,1677,0,0
945194,2.253,9.079,1.621,-0.069,-0.001,-0.008,1677,0,0
945214,2.255,9.050,1.616,-0.065,-0.003,-0.023,1677,0,0
945234,2.258,9.134,1.547,-0.044,0.002,-0.029,1677,0,0
945254,2.279,9.210,1.566,-0.033,0.014,-0.021,1678,0,0
945274,2.274,9.191,1.621,-0.059,0.020,-0.010,1677,0,0
945294,2.251,9.134,1.676,-0.071,0.015,-0.008,1676,0,0
945314,2.265,9.141,1.676,-0.064,0.010,-0.010,1677,0,0
945334,2.231,9.115,1.709,-0.054,0.010,-0.002,1677,0,0
945354,2.229,9.043,1.683,-0.040,-0.003,-0.002,1676,0,0
945374,2.253,9.057,1.633,-0.037,-0.009,-0.012,1677,0,0
945394,2.239,9.117,1.590,-0.051,-0.006,-0.015,1678,0,0
945414,2.248,9.136,1.528,-0.047,-0.002,-0.010,1677,0,0
945434,2.246,9.084,1.520,-0.056,0.007,-0.014,1677,0,0
945454,2.231,9.122,1.516,-0.050,0.015,-0.020,1678,0,0
945474,2.236,9.177,1.561,-0.050,0.024,-0.019,1677,0,0
945494,2.239,9.177,1.618,-0.065,0.026,-0.014,1677,0,0
945514,2.239,9.170,1.666,-0.058,0.017,-0.008,1677,0,0
945534,2.236,9.131,1.686,-0.055,0.007,-0.010,1678,0,0
945554,2.212,9.139,1.688,-0.047,-0.004,-0.014,1678,0,0
945574,2.222,9.196,1.626,-0.039,-0.011,-0.008,1678,0,0
945594,2.219,9.160,1.597,-0.053,-0.009,-0.003,1677,0,0
945614,2.224,9.091,1.566,-0.065,-0.008,-0.009,1677,0,0
945634,2.241,9.091,1.501,-0.060,-0.007,-0.014,1678,0,0
945654,2.236,9.143,1.523,-0.058,0.004,-0.012,1677,0,0
945674,2.210,9.131,1.592,-0.065,0.010,-0.014,1677,0,0
945694,2.222,9.153,1.633,-0.060,0.005,-0.017,1677,0,0
945714,2.236,9.163,1.595,-0.065,-0.001,-0.017,1676,0,0
945734,2.241,9.165,1.590,-0.065,0.004,-0.013,1677,0,0
945754,2.217,9.129,1.580,-0.063,0.006,-0.012,1677,0,0
945774,2.255,9.124,1.542,-0.057,0.002,-0.014,1678,0,0
945794,2.284,9.160,1.539,-0.066,0.012,-0.012,1677,0,0
945814,2.265,9.120,1.585,-0.075,0.014,-0.006,1677,0,0
945834,2.258,9.093,1.607,-0.070,0.009,-0.014,1677,0,0
945854,2.229,9.136,1.611,-0.070,-0.002,-0.023,1678,0,0
945874,2.239,9.210,1.575,-0.051,-0.003,-0.021,1677,0,0
945894,2.272,9.261,1.530,-0.049,0.003,-0.008,1677,0,0
945914,2.291,9.194,1.528,-0.076,0.011,-0.005,1677,0,0
945934,2.306,9.122,1.530,-0.095,0.012,-0.006,1677,0,0
945954,2.274,9.055,1.501,-0.089,0.016,-0.011,1678,0,0
945974,2.267,9.093,1.434,-0.060,0.023,-0.010,1677,0,0
945994,2.298,9.117,1.343,-0.056,0.033,-0.008,1677,0,0
946014,2.272,9.129,1.346,-0.070,0.046,-0.007,1677,0,0
946034,2.203,9.134,1.396,-0.069,0.059,-0.006,1677,0,0
946054,2.167,9.155,1.456,-0.048,0.064,-0.002,1677,0,0
946074,2.128,9.201,1.561,-0.039,0.058,0.002,1678,0,0
946094,2.138,9.158,1.621,-0.039,0.047,0.007,1678,0,0
946114,2.155,9.081,1.690,-0.032,0.038,0.007,1677,0,0
946134,2.186,9.069,1.709,-0.018,0.033,0.001,1678,0,0
946154,2.179,9.110,1.745,-0.030,0.026,-0.003,1678,0,0
946174,2.164,9.105,1.774,-0.044,0.021,-0.012,1678,0,0
946194,2.155,9.117,1.724,-0.047,0.018,-0.016,1677,0,0
946214,2.179,9.146,1.666,-0.048,0.022,-0.019,1677,0,0
946234,2.263,9.127,1.633,-0.061,0.025,-0.017,1677,0,0
946254,2.255,9.131,1.604,-0.080,0.034,-0.021,1677,0,0
946274,2.274,9.151,1.566,-0.073,0.036,-0.023,1678,0,0
946294,2.296,9.179,1.477,-0.068,0.044,-0.015,1677,0,0
946314,2.315,9.187,1.489,-0.074,0.053,-0.009,1677,0,0
946334,2.243,9.203,1.494,-0.072,0.054,-0.007,1677,0,0
946354,2.217,9.206,1.456,-0.055,0.050,0.001,1677,0,0
946374,2.205,9.179,1.448,-0.050,0.046,0.005,1677,0,0
946394,2.215,9.110,1.410,-0.044,0.044,0.005,1676,0,0
946414,2.231,9.096,1.372,-0.028,0.050,0.003,1676,0,0
946434,2.169,9.191,1.463,-0.014,0.062,0.002,1677,0,0
946454,2.097,9.244,1.592,-0.038,0.065,0.014,1676,0,0
946474,2.057,9.163,1.681,-0.035,0.051,0.025,1677,0,0
946494,2.042,9.041,1.748,-0.031,0.029,0.014,1676,0,0
946514,2.081,9.041,1.781,-0.015,0.017,-0.003,1677,0,0
946534,2.090,9.187,1.805,0.011,0.011,-0.009,1675,0,0
946554,2.181,9.201,1.798,-0.020,0.007,0.006,1677,0,0
946574,2.243,9.124,1.803,-0.060,0.005,0.001,1676,0,0
946594,2.298,9.064,1.851,-0.063,0.003,-0.009,1676,0,0
946614,2.284,9.163,1.817,-0.050,-0.004,-0.017,1677,0,0
946634,2.291,9.270,1.757,-0.067,-0.012,-0.017,1674,0,0
946654,2.289,9.340,1.681,-0.086,-0.008,-0.006,1676,0,0
946674,2.260,9.287,1.647,-0.103,-0.004,0.004,1675,0,0
946694,2.236,9.261,1.635,-0.101,-0.012,0.011,1677,0,0
946714,2.222,9.244,1.621,-0.099,-0.023,0.015,1676,0,0
946734,2.193,9.230,1.587,-0.084,-0.034,0.024,1677,0,0
946754,2.188,9.175,1.516,-0.072,-0.037,0.029,1677,0,0
946774,2.243,9.098,1.475,-0.085,-0.037,0.036,1676,0,0
946794,2.286,8.923,1.415,-0.084,-0.043,0.034,1676,0,0
946814,2.354,8.871,1.350,-0.079,-0.041,0.017,1677,0,0
946834,2.346,8.926,1.310,-0.053,-0.037,-0.005,1675,0,0
946854,2.301,9.052,1.298,-0.035,-0.028,-0.010,1677,0,0
946874,2.258,9.189,1.247,-0.040,-0.020,-0.005,1677,0,0
946894,2.253,9.215,1.290,-0.059,-0.007,0.003,1675,0,0
946914,2.270,9.153,1.276,-0.069,0.012,0.004,1675,0,0
946934,2.277,9.146,1.367,-0.042,0.023,0.002,1676,0,0
946954,2.282,9.201,1.403,-0.026,0.029,0.004,1676,0,0
946974,2.289,9.218,1.487,-0.045,0.037,0.007,1678,0,0
946994,2.308,9.155,1.585,-0.064,0.042,0.017,1675,0,0
947014,2.322,9.064,1.693,-0.065,0.035,0.018,1675,0,0
947034,2.330,9.017,1.743,-0.063,0.022,0.008,1675,0,0
947054,2.354,9.021,1.690,-0.043,0.007,-0.004,1675,0,0
947074,2.291,9.127,1.595,-0.027,-0.002,-0.012,1676,0,0
947094,2.272,9.189,1.528,-0.054,0.002,0.000,1676,0,0
947114,2.277,9.076,1.520,-0.089,0.006,0.006,1675,0,0
947134,2.248,8.971,1.484,-0.083,0.002,-0.015,1676,0,0
947154,2.260,9.055,1.422,-0.051,0.002,-0.032,1675,0,0
947174,2.296,9.222,1.396,-0.043,0.014,-0.029,1675,0,0
947194,2.308,9.251,1.386,-0.061,0.030,-0.015,1676,0,0
947214,2.291,9.218,1.504,-0.078,0.035,-0.011,1676,0,0
947234,2.286,9.218,1.592,-0.084,0.028,-0.005,1676,0,0
947254,2.265,9.201,1.618,-0.068,0.022,-0.001,1676,0,0
947274,2.267,9.131,1.595,-0.053,0.013,0.002,1675,0,0
947294,2.303,9.093,1.595,-0.050,0.004,0.002,1675,0,0
947314,2.320,9.081,1.578,-0.064,0.005,0.001,1675,0,0
947334,2.334,9.038,1.566,-0.072,0.006,-0.004,1675,0,0
947354,2.291,9.036,1.549,-0.070,0.002,-0.013,1675,0,0
947374,2.272,9.067,1.539,-0.063,-0.002,-0.021,1675,0,0
947394,2.267,9.139,1.511,-0.060,-0.001,-0.023,1675,0,0
947414,2.241,9.201,1.453,-0.050,0.004,-0.019,1676,0,0
947434,2.248,9.203,1.470,-0.067,0.007,-0.011,1675,0,0
947454,2.282,9.100,1.487,-0.087,0.005,-0.011,1675,0,0
947474,2.315,9.103,1.487,-0.064,0.007,-0.022,1676,0,0
947494,2.289,9.194,1.432,-0.043,0.011,-0.020,1675,0,0
947514,2.301,9.242,1.393,-0.049,0.015,-0.010,1676,0,0
947534,2.291,9.220,1.401,-0.069,0.024,-0.002,1675,0,0
947554,2.289,9.172,1.463,-0.065,0.035,-0.002,1674,0,0
947574,2.239,9.199,1.583,-0.056,0.038,-0.002,1675,0,0
947594,2.241,9.175,1.630,-0.077,0.030,0.001,1675,0,0
947614,2.243,9.074,1.693,-0.080,0.019,-0.002,1675,0,0
947634,2.282,9.069,1.659,-0.047,0.015,-0.008,1675,0,0
947654,2.270,9.134,1.640,-0.055,0.011,-0.013,1676,0,0
947674,2.279,9.136,1.650,-0.085,0.005,-0.013,1675,0,0
947694,2.286,9.110,1.597,-0.083,0.003,-0.009,1675,0,0
947714,2.277,9.124,1.587,-0.078,0.002,-0.007,1675,0,0
947734,2.251,9.120,1.568,-0.078,-0.008,-0.017,1675,0,0
947754,2.243,9.158,1.489,-0.070,-0.015,-0.025,1675,0,0
947774,2.265,9.218,1.420,-0.059,-0.010,-0.020,1674,0,0
947794,2.294,9.230,1.398,-0.063,0.008,-0.011,1675,0,0
947814,2.294,9.182,1.480,-0.081,0.020,-0.007,1673,0,0
947834,2.270,9.201,1.575,-0.080,0.025,-0.001,1675,0,0
947854,2.298,9.199,1.642,-0.080,0.017,0.007,1674,0,0
947874,2.303,9.096,1.700,-0.084,0.007,0.011,1676,0,0
947894,2.279,9.045,1.662,-0.067,-0.005,0.002,1675,0,0
947914,2.289,9.081,1.580,-0.048,-0.012,-0.005,1675,0,0
947934,2.265,9.105,1.525,-0.066,-0.007,-0.001,1675,0,0
947954,2.263,9.064,1.532,-0.087,-0.000,-0.003,1674,0,0
947975,2.239,9.045,1.523,-0.076,0.003,-0.010,1674,0,0
947994,2.239,9.122,1.518,-0.056,0.004,-0.014,1674,0,0
948014,2.274,9.110,1.508,-0.060,0.007,-0.013,1675,0,0
948034,2.270,9.055,1.516,-0.068,0.011,-0.011,1675,0,0
948054,2.279,9.048,1.571,-0.066,0.008,-0.019,1674,0,0
948074,2.289,9.079,1.587,-0.072,0.007,-0.024,1674,0,0
948094,2.265,9.120,1.580,-0.059,0.005,-0.026,1675,0,0
948114,2.265,9.206,1.549,-0.041,0.005,-0.022,1675,0,0
948134,2.272,9.230,1.580,-0.051,0.004,-0.009,1675,0,0
948154,2.325,9.127,1.592,-0.081,0.002,-0.006,1675,0,0
948174,2.325,9.041,1.580,-0.077,0.002,-0.019,1675,0,0
948194,2.315,9.146,1.618,-0.042,0.003,-0.024,1674,0,0
948214,2.253,9.244,1.604,-0.039,0.000,-0.014,1674,0,0
948234,2.258,9.187,1.535,-0.071,-0.003,-0.005,1674,0,0
948254,2.303,9.131,1.539,-0.074,0.002,-0.005,1674,0,0
948274,2.315,9.060,1.583,-0.078,0.007,-0.006,1674,0,0
948294,2.294,9.048,1.604,-0.064,0.001,-0.018,1675,0,0
948314,2.274,9.175,1.563,-0.039,-0.002,-0.023,1676,0,0
948334,2.260,9.256,1.535,-0.058,0.003,-0.011,1675,0,0
948354,2.255,9.187,1.561,-0.082,0.005,0.001,1674,0,0
948374,2.243,9.105,1.599,-0.084,-0.001,-0.009,1675,0,0
948394,2.212,9.179,1.592,-0.055,-0.011,-0.013,1674,0,0
948414,2.282,9.199,1.575,-0.047,-0.012,0.002,1674,0,0
948434,2.344,9.026,1.523,-0.074,-0.007,0.005,1674,0,0
948454,2.363,8.983,1.518,-0.064,-0.003,-0.009,1676,0,0
948474,2.306,9.098,1.511,-0.060,0.004,-0.019,1674,0,0
948494,2.243,9.167,1.530,-0.071,0.004,-0.012,1674,0,0
948514,2.193,9.110,1.501,-0.055,-0.004,-0.007,1673,0,0
948534,2.217,9.112,1.463,-0.045,0.001,-0.004,1674,0,0
948554,2.236,9.098,1.444,-0.049,0.011,-0.010,1674,0,0
948574,2.207,9.153,1.504,-0.050,0.018,-0.014,1674,0,0
948594,2.179,9.146,1.542,-0.059,0.022,-0.014,1674,0,0
948614,2.231,9.105,1.554,-0.057,0.015,-0.009,1674,0,0
948634,2.303,9.088,1.547,-0.047,0.024,-0.015,1673,0,0
948654,2.308,9.143,1.650,-0.050,0.030,-0.021,1674,0,0
948674,2.258,9.184,1.733,-0.052,0.017,-0.013,1675,0,0
948694,2.243,9.170,1.743,-0.073,-0.004,-0.007,1674,0,0
948714,2.258,9.124,1.681,-0.059,-0.018,-0.015,1674,0,0
948734,2.272,9.206,1.547,-0.032,-0.019,-0.011,1673,0,0
948754,2.251,9.230,1.561,-0.048,-0.018,-0.005,1674,0,0
948774,2.260,9.184,1.566,-0.071,-0.017,-0.002,1674,0,0
948794,2.291,9.129,1.544,-0.074,-0.015,-0.001,1673,0,0
948814,2.251,9.124,1.549,-0.061,-0.017,-0.006,1674,0,0
948834,2.253,9.100,1.477,-0.055,-0.022,-0.006,1674,0,0
948854,2.282,9.108,1.460,-0.050,-0.014,-0.006,1673,0,0
948874,2.282,9.081,1.446,-0.058,-0.004,-0.009,1673,0,0
948894,2.313,9.074,1.425,-0.066,0.003,-0.011,1672,0,0
948914,2.274,9.052,1.477,-0.072,0.006,-0.014,1673,0,0
948934,2.306,9.096,1.487,-0.050,0.002,-0.020,1674,0,0
948954,2.289,9.189,1.439,-0.039,0.002,-0.020,1673,0,0
948974,2.301,9.206,1.448,-0.053,0.006,-0.009,1673,0,0
948994,2.270,9.151,1.448,-0.054,0.004,-0.009,1674,0,0
949014,2.272,9.182,1.460,-0.044,0.005,-0.019,1674,0,0
949034,2.253,9.273,1.456,-0.038,0.012,-0.015,1675,0,0
949054,2.291,9.261,1.475,-0.047,0.016,-0.002,1674,0,0
949074,2.332,9.175,1.542,-0.052,0.022,0.008,1673,0,0
949094,2.349,9.108,1.580,-0.059,0.021,0.003,1674,0,0
949114,2.327,9.100,1.547,-0.059,0.018,-0.007,1674,0,0
949134,2.277,9.206,1.566,-0.049,0.015,-0.006,1674,0,0
949154,2.217,9.232,1.547,-0.041,0.010,0.002,1675,0,0
949174,2.217,9.218,1.523,-0.061,0.011,0.012,1676,0,0
949194,2.224,9.117,1.520,-0.075,0.013,0.014,1674,0,0
949214,2.274,9.024,1.504,-0.066,0.015,0.007,1673,0,0
949234,2.265,9.009,1.494,-0.055,0.009,-0.007,1673,0,0
949254,2.236,9.069,1.472,-0.056,0.004,-0.017,1674,0,0
949274,2.227,9.179,1.477,-0.052,0.006,-0.022,1674,0,0
949294,2.219,9.261,1.516,-0.050,0.016,-0.012,1675,0,0
949314,2.224,9.237,1.511,-0.069,0.021,-0.000,1673,0,0
949334,2.296,9.096,1.561,-0.081,0.013,0.001,1674,0,0
949354,2.330,9.036,1.578,-0.071,0.002,-0.012,1674,0,0
949374,2.325,9.084,1.523,-0.048,-0.002,-0.021,1673,0,0
949394,2.303,9.213,1.465,-0.047,-0.001,-0.013,1672,0,0
949414,2.284,9.177,1.415,-0.068,0.001,-0.009,1674,0,0
949434,2.291,9.148,1.451,-0.080,0.001,-0.011,1673,0,0
949454,2.279,9.151,1.453,-0.064,0.004,-0.013,1675,0,0
949474,2.306,9.230,1.410,-0.052,0.008,-0.009,1673,0,0
949494,2.308,9.222,1.405,-0.062,0.019,0.001,1674,0,0
949514,2.291,9.184,1.465,-0.075,0.024,0.000,1674,0,0
949534,2.289,9.179,1.535,-0.069,0.020,0.003,1674,0,0
949554,2.346,9.131,1.523,-0.068,0.022,0.010,1673,0,0
949574,2.368,9.031,1.504,-0.072,0.018,0.003,1673,0,0
949594,2.325,9.076,1.477,-0.057,0.021,-0.009,1673,0,0
949614,2.229,9.199,1.508,-0.059,0.021,-0.006,1674,0,0
949634,2.260,9.203,1.475,-0.078,0.016,0.004,1674,0,0
949654,2.303,9.091,1.448,-0.082,0.020,-0.002,1673,0,0
949674,2.296,9.084,1.403,-0.063,0.031,-0.016,1674,0,0
949694,2.332,9.187,1.482,-0.057,0.043,-0.017,1673,0,0
949714,2.274,9.246,1.537,-0.087,0.048,-0.005,1672,0,0
949734,2.284,9.208,1.580,-0.098,0.042,0.002,1675,0,0
949754,2.265,9.179,1.587,-0.079,0.034,0.006,1674,0,0
949774,2.212,9.160,1.635,-0.071,0.022,0.009,1674,0,0
949794,2.222,9.139,1.578,-0.061,0.006,0.011,1674,0,0
949814,2.255,9.093,1.528,-0.076,0.004,0.004,1674,0,0
949834,2.246,9.079,1.451,-0.078,0.013,0.003,1674,0,0
949854,2.267,9.072,1.492,-0.068,0.020,0.000,1674,0,0
949874,2.289,9.060,1.525,-0.087,0.026,-0.010,1673,0,0
949894,2.274,9.124,1.525,-0.075,0.030,-0.015,1673,0,0
949915,2.260,9.172,1.590,-0.067,0.026,-0.006,1674,0,0
949934,2.303,9.131,1.597,-0.070,0.018,0.002,1673,0,0
949954,2.310,9.031,1.554,-0.072,0.012,-0.001,1674,0,0
949974,2.284,9.052,1.506,-0.060,0.007,-0.013,1673,0,0
949994,2.284,9.160,1.492,-0.044,0.007,-0.019,1674,0,0
950014,2.274,9.266,1.451,-0.042,0.014,-0.010,1672,0,0
950034,2.263,9.251,1.482,-0.064,0.026,0.003,1672,0,0
950054,2.284,9.155,1.607,-0.073,0.026,0.010,1673,0,0
950074,2.313,9.146,1.590,-0.064,0.021,0.008,1673,0,0
950094,2.308,9.143,1.662,-0.060,0.017,0.005,1673,0,0
950114,2.255,9.153,1.707,-0.057,0.014,0.008,1673,0,0
950134,2.260,9.131,1.700,-0.060,0.006,0.010,1673,0,0
950154,2.282,9.093,1.645,-0.076,0.001,0.013,1675,0,0
950174,2.320,9.012,1.642,-0.082,0.000,0.009,1673,0,0
950194,2.310,8.954,1.635,-0.067,-0.002,-0.003,1673,0,0
950214,2.270,9.048,1.587,-0.054,-0.009,-0.014,1672,0,0
950234,2.255,9.115,1.508,-0.060,-0.009,-0.011,1673,0,0
950254,2.260,9.117,1.480,-0.068,-0.005,-0.005,1673,0,0
950274,2.267,9.057,1.489,-0.076,-0.005,-0.012,1675,0,0
950294,2.265,9.064,1.463,-0.063,-0.001,-0.024,1674,0,0
950314,2.253,9.170,1.492,-0.040,0.002,-0.020,1673,0,0
950334,2.310,9.191,1.468,-0.043,0.008,-0.008,1672,0,0
950354,2.325,9.100,1.489,-0.064,0.010,-0.001,1674,0,0
950374,2.327,9.096,1.542,-0.063,0.011,-0.011,1673,0,0
950394,2.320,9.131,1.535,-0.055,0.013,-0.014,1674,0,0
950414,2.306,9.112,1.525,-0.043,0.013,-0.014,1674,0,0
950434,2.330,9.153,1.551,-0.044,0.011,-0.011,1674,0,0
950454,2.322,9.158,1.578,-0.056,0.013,-0.004,1674,0,0
950474,2.303,9.086,1.587,-0.062,0.008,-0.006,1675,0,0
950494,2.303,9.086,1.628,-0.048,0.004,-0.014,1673,0,0
950514,2.284,9.141,1.566,-0.042,-0.001,-0.013,1673,0,0
950534,2.272,9.146,1.559,-0.045,0.002,-0.010,1675,0,0
950554,2.291,9.105,1.542,-0.058,0.000,-0.006,1673,0,0
950574,2.320,9.069,1.561,-0.055,0.001,-0.012,1674,0,0
950594,2.301,9.103,1.580,-0.056,0.001,-0.018,1674,0,0
950614,2.308,9.108,1.580,-0.060,-0.005,-0.022,1672,0,0
950634,2.284,9.131,1.520,-0.046,-0.008,-0.021,1673,0,0
950654,2.315,9.208,1.470,-0.047,-0.006,-0.018,1672,0,0
950674,2.308,9.196,1.458,-0.067,-0.002,-0.010,1672,0,0
950694,2.313,9.120,1.489,-0.069,-0.000,-0.008,1672,0,0
950714,2.310,9.100,1.492,-0.056,0.001,-0.015,1671,0,0
950734,2.258,9.175,1.482,-0.053,0.000,-0.019,1673,0,0
950754,2.272,9.199,1.444,-0.052,0.001,-0.013,1673,0,0
950774,2.298,9.148,1.437,-0.066,0.012,-0.008,1673,0,0
950794,2.279,9.120,1.477,-0.069,0.019,-0.009,1673,0,0
950814,2.282,9.091,1.520,-0.071,0.015,-0.013,1673,0,0
950834,2.289,9.165,1.575,-0.059,0.014,-0.018,1673,0,0
950854,2.241,9.237,1.595,-0.051,0.009,-0.008,1673,0,0
950874,2.267,9.165,1.597,-0.065,-0.003,0.001,1673,0,0
950894,2.272,9.036,1.551,-0.078,-0.013,-0.008,1673,0,0
950914,2.320,9.024,1.470,-0.051,-0.015,-0.025,1673,0,0
950934,2.301,9.155,1.405,-0.030,-0.010,-0.027,1673,0,0
950954,2.298,9.222,1.384,-0.054,0.002,-0.017,1673,0,0
950974,2.296,9.189,1.417,-0.071,0.015,-0.007,1673,0,0
950994,2.308,9.153,1.487,-0.071,0.023,-0.005,1673,0,0
951014,2.265,9.139,1.539,-0.066,0.019,-0.009,1673,0,0
951034,2.263,9.146,1.539,-0.050,0.009,-0.006,1674,0,0
951054,2.265,9.108,1.504,-0.042,0.004,-0.006,1672,0,0
951074,2.282,9.139,1.525,-0.044,0.006,-0.008,1673,0,0
951094,2.296,9.148,1.535,-0.047,0.008,-0.008,1674,0,0
951114,2.265,9.122,1.516,-0.067,0.006,-0.011,1671,0,0
951134,2.258,9.103,1.520,-0.059,0.006,-0.017,1673,0,0
951154,2.277,9.167,1.518,-0.041,0.008,-0.021,1673,0,0
951174,2.279,9.242,1.523,-0.042,0.017,-0.015,1674,0,0
951194,2.294,9.220,1.568,-0.073,0.015,-0.007,1673,0,0
951214,2.255,9.141,1.614,-0.076,0.001,-0.005,1671,0,0
951234,2.258,9.127,1.592,-0.055,-0.011,-0.009,1673,0,0
951254,2.234,9.201,1.547,-0.040,-0.022,-0.008,1674,0,0
951274,2.267,9.175,1.468,-0.054,-0.027,-0.001,1673,0,0
951294,2.270,9.074,1.422,-0.065,-0.023,-0.003,1672,0,0
951314,2.260,9.043,1.405,-0.071,-0.016,-0.016,1672,0,0
951334,2.270,9.105,1.374,-0.058,-0.011,-0.022,1671,0,0
951354,2.272,9.136,1.391,-0.061,-0.003,-0.022,1672,0,0
951374,2.270,9.143,1.405,-0.066,0.005,-0.023,1673,0,0
951394,2.277,9.170,1.391,-0.062,0.009,-0.022,1672,0,0
951414,2.282,9.163,1.453,-0.068,0.014,-0.017,1673,0,0
951434,2.265,9.120,1.422,-0.077,0.013,-0.016,1672,0,0
951454,2.313,9.098,1.437,-0.059,0.006,-0.026,1672,0,0
951474,2.310,9.213,1.446,-0.039,0.013,-0.024,1672,0,0
951494,2.279,9.249,1.465,-0.056,0.016,-0.009,1674,0,0
951514,2.310,9.139,1.448,-0.075,0.008,-0.005,1672,0,0
951534,2.282,9.103,1.439,-0.071,0.006,-0.022,1674,0,0
951554,2.294,9.230,1.358,-0.038,0.009,-0.029,1673,0,0
951574,2.308,9.378,1.379,-0.029,0.025,-0.011,1672,0,0
951594,2.277,9.278,1.448,-0.075,0.031,0.005,1672,0,0
951614,2.296,9.136,1.499,-0.090,0.029,0.009,1671,0,0
951634,2.313,9.110,1.602,-0.072,0.028,0.003,1674,0,0
951654,2.263,9.134,1.575,-0.054,0.020,-0.001,1674,0,0
951674,2.236,9.172,1.549,-0.045,0.010,0.001,1671,0,0
951694,2.186,9.187,1.446,-0.058,0.009,0.004,1674,0,0
951714,2.184,9.160,1.369,-0.070,0.015,0.007,1672,0,0
951734,2.229,9.050,1.358,-0.070,0.030,0.002,1674,0,0
951754,2.222,9.031,1.413,-0.062,0.037,-0.009,1673,0,0
951774,2.258,9.045,1.434,-0.063,0.044,-0.014,1673,0,0
951795,2.241,9.088,1.520,-0.068,0.044,-0.019,1672,0,0
951814,2.241,9.163,1.566,-0.062,0.039,-0.018,1672,0,0
951834,2.277,9.191,1.583,-0.056,0.029,-0.011,1674,0,0
951854,2.286,9.127,1.614,-0.075,0.015,-0.010,1670,0,0
951874,2.286,9.134,1.587,-0.063,0.005,-0.017,1672,0,0
951894,2.277,9.175,1.528,-0.043,-0.003,-0.022,1673,0,0
951914,2.253,9.261,1.453,-0.051,0.002,-0.016,1673,0,0
951934,2.258,9.268,1.425,-0.071,0.005,-0.006,1672,0,0
951954,2.284,9.213,1.437,-0.073,0.010,-0.000,1672,0,0
951974,2.277,9.182,1.472,-0.072,0.015,0.000,1672,0,0
951994,2.255,9.182,1.501,-0.069,0.012,-0.004,1673,0,0
952014,2.246,9.182,1.513,-0.061,0.009,0.001,1671,0,0
952034,2.229,9.158,1.506,-0.064,0.005,0.003,1671,0,0
952054,2.234,9.175,1.494,-0.062,0.005,0.002,1672,0,0
952074,2.243,9.136,1.511,-0.063,0.009,0.006,1672,0,0
952094,2.265,9.060,1.504,-0.068,0.005,0.007,1671,0,0
952114,2.274,9.036,1.441,-0.058,0.004,-0.002,1671,0,0
952134,2.265,9.076,1.475,-0.056,0.011,-0.005,1672,0,0
952154,2.217,9.096,1.494,-0.062,0.013,-0.008,1671,0,0
952174,2.195,9.105,1.446,-0.064,0.005,-0.015,1672,0,0
952194,2.193,9.163,1.389,-0.052,0.007,-0.020,1672,0,0
952214,2.255,9.239,1.403,-0.042,0.020,-0.015,1672,0,0
952234,2.282,9.251,1.422,-0.052,0.033,-0.005,1672,0,0
952254,2.272,9.230,1.571,-0.070,0.032,-0.000,1672,0,0
952274,2.260,9.208,1.623,-0.072,0.016,0.005,1672,0,0
952294,2.267,9.194,1.654,-0.056,0.003,0.014,1671,0,0
952314,2.239,9.199,1.628,-0.040,-0.005,0.013,1672,0,0
952334,2.219,9.213,1.585,-0.040,-0.014,0.015,1672,0,0
952354,2.231,9.199,1.523,-0.054,-0.015,0.024,1672,0,0
952374,2.277,9.060,1.499,-0.070,-0.013,0.024,1671,0,0
952394,2.296,9.021,1.508,-0.066,-0.010,0.010,1673,0,0
952414,2.258,9.110,1.506,-0.048,-0.014,0.001,1672,0,0
952434,2.265,9.182,1.525,-0.047,-0.021,0.007,1672,0,0
952454,2.286,9.139,1.444,-0.069,-0.024,0.012,1673,0,0
952474,2.308,9.074,1.465,-0.068,-0.025,0.004,1672,0,0
952494,2.294,9.055,1.437,-0.056,-0.025,-0.003,1670,0,0
952514,2.303,9.155,1.444,-0.047,-0.030,-0.006,1671,0,0
952534,2.320,9.201,1.393,-0.047,-0.031,-0.001,1672,0,0
952554,2.358,9.167,1.396,-0.056,-0.027,0.007,1671,0,0
952574,2.365,9.086,1.403,-0.064,-0.024,0.003,1671,0,0
952594,2.385,9.084,1.401,-0.060,-0.022,-0.003,1670,0,0
952614,2.354,9.165,1.374,-0.045,-0.015,-0.010,1671,0,0
952634,2.346,9.246,1.374,-0.044,-0.013,-0.003,1671,0,0
952654,2.370,9.203,1.324,-0.059,-0.010,0.006,1672,0,0
952674,2.406,9.136,1.338,-0.074,-0.004,0.004,1672,0,0
952694,2.421,9.155,1.372,-0.059,0.006,-0.000,1670,0,0
952714,2.373,9.254,1.472,-0.054,0.012,-0.001,1671,0,0
952734,2.363,9.309,1.489,-0.059,-0.001,0.011,1671,0,0
952754,2.380,9.297,1.573,-0.062,-0.007,0.018,1672,0,0
952774,2.375,9.239,1.530,-0.070,-0.011,0.021,1670,0,0
952794,2.447,9.290,1.585,-0.068,-0.007,0.027,1672,0,0
952814,2.456,9.378,1.712,-0.082,-0.003,0.027,1671,0,0
952834,2.401,9.424,1.812,-0.100,-0.017,0.035,1671,0,0
952854,2.344,9.397,1.860,-0.112,-0.048,0.056,1671,0,0
952874,2.387,9.201,1.721,-0.126,-0.074,0.063,1671,0,0
952894,2.433,9.019,1.592,-0.124,-0.081,0.054,1671,0,0
952914,2.411,9.033,1.475,-0.127,-0.078,0.039,1671,0,0
952934,2.313,9.048,1.336,-0.155,-0.078,0.032,1671,0,0
952954,2.298,9.076,1.262,-0.161,-0.068,0.030,1670,0,0
952974,2.248,9.050,1.281,-0.150,-0.057,0.022,1673,0,0
952994,2.272,9.024,1.288,-0.139,-0.055,0.017,1670,0,0
953014,2.337,8.947,1.276,-0.149,-0.051,0.013,1670,0,0
953034,2.389,8.875,1.348,-0.140,-0.047,-0.002,1671,0,0
953054,2.389,8.964,1.374,-0.099,-0.051,-0.021,1672,0,0
953074,2.373,9.134,1.410,-0.088,-0.048,-0.016,1671,0,0
953094,2.361,9.117,1.439,-0.117,-0.039,-0.004,1671,0,0
953114,2.375,9.024,1.489,-0.105,-0.032,-0.006,1673,0,0
953134,2.447,8.969,1.528,-0.092,-0.031,-0.020,1671,0,0
953154,2.480,8.976,1.623,-0.103,-0.033,-0.029,1673,0,0
953174,2.483,9.019,1.657,-0.100,-0.032,-0.037,1672,0,0
953194,2.466,9.141,1.755,-0.078,-0.032,-0.036,1671,0,0
953214,2.418,9.187,1.788,-0.095,-0.040,-0.026,1673,0,0
953234,2.421,9.139,1.805,-0.118,-0.056,-0.022,1672,0,0
953254,2.452,9.134,1.827,-0.107,-0.065,-0.024,1672,0,0
953274,2.435,9.218,1.817,-0.082,-0.066,-0.021,1672,0,0
953294,2.447,9.266,1.839,-0.102,-0.070,-0.007,1671,0,0
953314,2.480,9.146,1.865,-0.139,-0.078,0.005,1672,0,0
953334,2.531,8.976,1.820,-0.135,-0.084,0.004,1672,0,0
953354,2.567,8.957,1.781,-0.125,-0.080,-0.009,1672,0,0
953374,2.595,8.981,1.774,-0.129,-0.074,-0.012,1671,0,0
953394,2.564,8.935,1.760,-0.150,-0.076,-0.011,1671,0,0
953414,2.593,8.823,1.733,-0.169,-0.081,-0.010,1671,0,0
953434,2.591,8.808,1.635,-0.150,-0.084,-0.032,1672,0,0
953454,2.583,8.923,1.599,-0.121,-0.085,-0.038,1671,0,0
953474,2.593,9.012,1.492,-0.108,-0.085,-0.042,1672,0,0
953494,2.552,9.127,1.451,-0.100,-0.078,-0.037,1672,0,0
953514,2.526,9.254,1.456,-0.082,-0.060,-0.020,1670,0,0
953534,2.456,9.234,1.568,-0.093,-0.055,0.001,1672,0,0
953554,2.442,9.117,1.575,-0.094,-0.059,0.017,1672,0,0
953574,2.461,9.005,1.575,-0.058,-0.057,0.018,1671,0,0
953594,2.504,8.961,1.559,-0.035,-0.041,0.013,1671,0,0
953614,2.550,8.892,1.573,-0.065,-0.022,0.014,1672,0,0
953634,2.593,8.753,1.592,-0.089,-0.007,0.006,1672,0,0
953654,2.658,8.672,1.604,-0.076,0.008,-0.013,1673,0,0
953674,2.662,8.765,1.607,-0.052,0.019,-0.028,1671,0,0
953694,2.622,8.844,1.676,-0.061,0.023,-0.039,1672,0,0
953714,2.559,8.916,1.707,-0.066,0.024,-0.040,1672,0,0
953734,2.514,8.964,1.650,-0.048,0.019,-0.037,1672,0,0
953754,2.540,9.000,1.652,-0.044,0.011,-0.035,1673,0,0
953774,2.562,9.021,1.599,-0.045,0.009,-0.038,1673,0,0
953794,2.497,9.093,1.604,-0.023,0.002,-0.039,1672,0,0
953814,2.471,9.155,1.575,-0.022,-0.002,-0.034,1671,0,0
953834,2.509,9.105,1.575,-0.044,0.004,-0.029,1672,0,0
953854,2.547,9.007,1.599,-0.021,-0.002,-0.028,1671,0,0
953874,2.586,9.012,1.556,0.004,-0.010,-0.038,1671,0,0
953894,2.612,9.079,1.516,-0.025,-0.003,-0.046,1671,0,0
953914,2.626,9.074,1.475,-0.033,-0.000,-0.041,1673,0,0
953934,2.684,9.086,1.468,-0.009,0.010,-0.036,1672,0,0
953954,2.605,9.160,1.472,-0.034,0.020,-0.043,1671,0,0
953974,2.540,9.201,1.489,-0.047,0.016,-0.048,1671,0,0
953994,2.550,9.316,1.456,-0.009,0.017,-0.043,1670,0,0
954014,2.456,9.495,1.427,0.012,0.032,-0.023,1671,0,0
954034,2.397,9.558,1.453,-0.011,0.041,0.006,1670,0,0
954054,2.349,9.488,1.547,-0.051,0.053,0.028,1672,0,0
954074,2.258,9.378,1.707,-0.052,0.062,0.034,1671,0,0
954094,2.215,9.369,1.786,-0.025,0.059,0.042,1671,0,0
954114,2.246,9.297,1.889,-0.042,0.060,0.055,1671,0,0
954134,2.236,9.096,2.014,-0.081,0.054,0.058,1671,0,0
954154,2.294,8.921,2.076,-0.083,0.037,0.048,1672,0,0
954174,2.286,8.875,2.148,-0.107,0.020,0.025,1671,0,0
954194,2.272,8.868,2.152,-0.107,0.001,0.003,1671,0,0
954214,2.263,8.942,2.093,-0.095,-0.011,-0.001,1672,0,0
954234,2.286,8.928,2.112,-0.140,-0.018,-0.008,1671,0,0
954254,2.320,8.823,2.078,-0.168,-0.037,-0.024,1671,0,0
954274,2.370,8.830,1.975,-0.147,-0.057,-0.036,1672,0,0
954294,2.377,8.866,1.824,-0.145,-0.068,-0.049,1672,0,0
954314,2.373,8.930,1.695,-0.137,-0.079,-0.056,1670,0,0
954334,2.428,8.957,1.602,-0.123,-0.076,-0.051,1671,0,0
954354,2.449,8.909,1.489,-0.133,-0.070,-0.050,1670,0,0
954374,2.466,8.911,1.472,-0.116,-0.068,-0.058,1671,0,0
954394,2.485,8.964,1.417,-0.098,-0.062,-0.062,1670,0,0
954414,2.437,9.014,1.432,-0.084,-0.055,-0.064,1671,0,0
954434,2.442,9.067,1.425,-0.058,-0.056,-0.058,1670,0,0
954454,2.509,9.072,1.379,-0.048,-0.047,-0.051,1670,0,0
954474,2.557,9.093,1.348,-0.048,-0.033,-0.045,1670,0,0
954494,2.591,9.074,1.381,-0.053,-0.014,-0.040,1670,0,0
954514,2.581,9.026,1.374,-0.042,-0.002,-0.042,1671,0,0
954534,2.607,9.143,1.381,-0.009,0.011,-0.038,1671,0,0
954554,2.538,9.292,1.480,-0.003,0.034,-0.026,1671,0,0
954574,2.437,9.347,1.638,-0.033,0.046,-0.004,1671,0,0
954594,2.354,9.258,1.769,-0.039,0.040,0.015,1671,0,0
954614,2.368,9.079,1.762,-0.033,0.025,0.018,1670,0,0
954634,2.425,8.916,1.700,-0.013,0.019,0.010,1671,0,0
954654,2.473,8.880,1.678,-0.011,0.026,-0.006,1672,0,0
954674,2.433,8.947,1.695,-0.033,0.029,-0.027,1671,0,0
954694,2.375,9.108,1.683,-0.042,0.026,-0.038,1671,0,0
954714,2.354,9.206,1.678,-0.048,0.033,-0.034,1671,0,0
954734,2.389,9.213,1.642,-0.044,0.045,-0.022,1669,0,0
954754,2.404,9.232,1.717,-0.046,0.054,-0.014,1672,0,0
954774,2.320,9.270,1.793,-0.066,0.041,-0.008,1671,0,0
954794,2.286,9.270,1.822,-0.068,0.021,0.005,1671,0,0
954814,2.289,9.175,1.817,-0.063,0.011,0.018,1671,0,0
954834,2.289,9.088,1.776,-0.041,-0.002,0.017,1672,0,0
954854,2.308,9.060,1.822,-0.043,-0.010,0.011,1670,0,0
954874,2.263,8.973,1.793,-0.071,-0.019,0.007,1672,0,0
954894,2.322,8.863,1.712,-0.085,-0.028,-0.002,1670,0,0
954914,2.406,8.758,1.599,-0.076,-0.024,-0.025,1670,0,0
954934,2.490,8.827,1.501,-0.058,-0.013,-0.046,1672,0,0
954954,2.471,8.978,1.537,-0.056,0.001,-0.058,1670,0,0
954974,2.418,9.146,1.583,-0.084,0.002,-0.058,1671,0,0
954994,2.385,9.270,1.583,-0.076,-0.006,-0.036,1670,0,0
955014,2.418,9.258,1.559,-0.058,-0.014,-0.021,1671,0,0
955034,2.437,9.244,1.537,-0.037,-0.021,-0.018,1671,0,0
955054,2.389,9.328,1.513,-0.023,-0.022,-0.011,1671,0,0
955074,2.368,9.340,1.511,-0.033,-0.022,0.006,1671,0,0
955094,2.401,9.270,1.525,-0.051,-0.010,0.025,1670,0,0
955114,2.425,9.103,1.568,-0.050,0.000,0.026,1671,0,0
955134,2.464,8.971,1.583,-0.057,0.008,0.014,1670,0,0
955154,2.459,8.966,1.654,-0.058,0.014,0.001,1671,0,0
955174,2.430,9.084,1.714,-0.059,0.019,-0.008,1671,0,0
955194,2.406,9.108,1.769,-0.074,0.014,-0.002,1672,0,0
955214,2.447,9.060,1.757,-0.095,0.005,-0.004,1673,0,0
955234,2.447,9.052,1.717,-0.093,0.002,-0.011,1672,0,0
955254,2.459,9.112,1.760,-0.084,0.003,-0.007,1670,0,0
955274,2.387,9.139,1.815,-0.089,-0.013,-0.012,1672,0,0
955294,2.320,9.230,1.702,-0.083,-0.035,-0.011,1671,0,0
955314,2.370,9.239,1.551,-0.074,-0.038,0.008,1671,0,0
955334,2.375,9.184,1.530,-0.070,-0.029,0.019,1671,0,0
955354,2.375,9.100,1.551,-0.078,-0.017,0.019,1671,0,0
955374,2.368,9.031,1.621,-0.092,-0.014,0.022,1672,0,0
955394,2.401,8.909,1.590,-0.090,-0.015,0.020,1671,0,0
955414,2.409,8.825,1.578,-0.078,-0.014,0.003,1669,0,0
955434,2.389,8.861,1.547,-0.065,-0.014,-0.016,1671,0,0
955454,2.425,8.959,1.559,-0.067,-0.007,-0.021,1672,0,0
955474,2.447,8.981,1.544,-0.081,-0.001,-0.017,1672,0,0
955494,2.466,8.930,1.542,-0.085,0.001,-0.024,1670,0,0
955514,2.433,8.952,1.518,-0.071,0.001,-0.037,1670,0,0
955534,2.447,9.076,1.501,-0.051,0.004,-0.039,1670,0,0
955554,2.444,9.143,1.441,-0.049,0.012,-0.031,1669,0,0
955574,2.447,9.129,1.432,-0.073,0.019,-0.027,1670,0,0
955594,2.459,9.110,1.439,-0.066,0.026,-0.033,1671,0,0
955614,2.430,9.242,1.494,-0.041,0.039,-0.029,1669,0,0
955634,2.377,9.330,1.597,-0.030,0.039,-0.015,1670,0,0
955654,2.354,9.318,1.669,-0.043,0.035,0.005,1671,0,0
955674,2.303,9.191,1.702,-0.052,0.029,0.014,1670,0,0
955694,2.370,9.041,1.690,-0.039,0.024,0.020,1671,0,0
955714,2.406,8.952,1.717,-0.045,0.029,0.008,1671,0,0
955734,2.416,8.899,1.796,-0.054,0.030,-0.008,1670,0,0
955754,2.418,8.918,1.745,-0.052,0.027,-0.011,1669,0,0
955774,2.464,8.839,1.690,-0.067,0.027,-0.018,1670,0,0
955794,2.478,8.890,1.659,-0.045,0.032,-0.037,1669,0,0
955814,2.401,9.117,1.678,-0.030,0.041,-0.044,1669,0,0
955834,2.286,9.313,1.815,-0.061,0.031,-0.034,1668,0,0
955854,2.222,9.333,1.930,-0.073,0.005,-0.023,1670,0,0
955874,2.274,9.333,1.963,-0.044,-0.017,-0.006,1671,0,0
955894,2.310,9.309,2.016,-0.018,-0.030,0.013,1670,0,0
955914,2.303,9.141,1.982,-0.035,-0.054,0.021,1670,0,0
955934,2.313,9.007,1.970,-0.060,-0.075,0.020,1670,0,0
955954,2.370,8.801,1.820,-0.078,-0.083,0.010,1670,0,0
955974,2.461,8.672,1.671,-0.078,-0.074,-0.017,1669,0,0
955994,2.480,8.720,1.506,-0.069,-0.060,-0.046,1669,0,0
956014,2.488,8.875,1.358,-0.086,-0.037,-0.060,1669,0,0
956034,2.507,8.950,1.334,-0.135,-0.007,-0.068,1669,0,0
956054,2.521,8.947,1.350,-0.138,0.005,-0.070,1671,0,0
956074,2.528,8.990,1.298,-0.108,0.005,-0.078,1670,0,0
956094,2.550,9.122,1.190,-0.082,0.007,-0.082,1670,0,0
956114,2.497,9.278,1.097,-0.054,0.019,-0.076,1668,0,0
956134,2.442,9.438,1.049,-0.047,0.041,-0.052,1669,0,0
956154,2.466,9.459,1.137,-0.040,0.060,-0.019,1670,0,0
956174,2.461,9.380,1.185,-0.014,0.052,0.010,1671,0,0
956194,2.476,9.218,1.255,-0.044,0.075,0.020,1670,0,0
956214,2.490,9.091,1.314,-0.015,0.077,0.011,1670,0,0
956234,2.488,9.199,1.279,0.036,0.088,0.011,1670,0,0
956254,2.464,9.273,1.439,0.005,0.115,0.018,1670,0,0
956274,2.392,9.220,1.642,-0.035,0.120,0.018,1671,0,0
956294,2.284,9.220,1.743,-0.013,0.104,0.008,1671,0,0
956314,2.277,9.266,1.755,-0.018,0.107,0.014,1670,0,0
956334,2.248,9.177,1.846,-0.054,0.116,0.018,1669,0,0
956354,2.191,9.208,1.956,-0.053,0.102,0.004,1669,0,0
956374,2.200,9.321,2.030,-0.071,0.093,0.018,1669,0,0
956394,2.121,9.220,2.109,-0.104,0.071,0.032,1671,0,0
956414,2.164,9.074,2.109,-0.093,0.040,0.031,1670,0,0
956434,2.148,9.021,2.045,-0.083,0.021,0.016,1670,0,0
956454,2.152,8.978,1.980,-0.093,-0.006,0.001,1669,0,0
956474,2.124,9.041,1.877,-0.087,-0.027,-0.006,1671,0,0
956494,2.155,9.081,1.765,-0.085,-0.035,0.003,1667,0,0
956514,2.200,9.014,1.731,-0.080,-0.032,0.005,1670,0,0
956534,2.289,8.964,1.697,-0.093,-0.021,0.007,1669,0,0
956554,2.306,8.842,1.690,-0.117,-0.023,-0.004,1670,0,0
956574,2.342,8.806,1.671,-0.106,-0.033,-0.024,1670,0,0
956594,2.286,8.897,1.484,-0.101,-0.025,-0.038,1670,0,0
956614,2.310,9.024,1.523,-0.066,-0.021,-0.039,1670,0,0
956634,2.332,9.038,1.547,-0.099,-0.017,-0.038,1670,0,0
956654,2.373,8.966,1.566,-0.094,-0.019,-0.046,1670,0,0
956674,2.392,9.038,1.504,-0.059,-0.023,-0.050,1670,0,0
956694,2.416,9.088,1.475,-0.049,-0.016,-0.051,1670,0,0
956714,2.380,9.129,1.549,-0.021,-0.001,-0.061,1670,0,0
956734,2.337,9.306,1.559,0.001,-0.001,-0.044,1670,0,0
956754,2.320,9.244,1.623,-0.079,-0.010,-0.024,1671,0,0
956774,2.342,9.112,1.599,-0.067,-0.015,-0.025,1670,0,0
956794,2.332,9.175,1.530,-0.029,-0.005,-0.030,1670,0,0
956814,2.315,9.242,1.537,-0.032,0.007,-0.023,1671,0,0
956834,2.308,9.206,1.542,-0.050,0.009,-0.012,1671,0,0
956854,2.270,9.191,1.571,-0.062,0.010,-0.004,1670,0,0
956874,2.251,9.206,1.578,-0.037,-0.002,0.011,1670,0,0
956894,2.270,9.249,1.607,-0.018,-0.004,0.023,1669,0,0
956914,2.205,9.163,1.788,-0.008,-0.042,0.033,1671,0,0
956934,2.188,9.124,1.769,-0.017,-0.103,0.076,1669,0,0
956954,2.296,9.127,1.935,0.030,-0.182,0.104,1665,0,0
956974,2.421,9.081,1.635,-0.029,-0.193,0.064,1646,0,0
956994,2.265,9.019,1.621,-0.071,-0.152,0.035,1608,0,0
957014,2.224,9.108,1.786,0.030,-0.216,0.056,1576,0,0
957034,2.270,9.093,1.884,-0.009,-0.321,0.095,1533,0,0
957054,2.389,9.052,1.968,-0.050,-0.449,0.115,1497,0,0
957074,2.638,8.842,1.733,-0.056,-0.507,0.095,1462,0,0
957094,2.643,9.007,1.233,0.052,-0.414,0.056,1434,0,0
957114,2.638,9.213,1.386,0.076,-0.368,0.055,1400,0,0
957134,2.765,9.120,1.774,-0.046,-0.439,0.112,1367,0,0
957154,2.761,8.923,1.166,-0.093,-0.420,0.115,1341,0,0
957174,2.751,9.103,1.164,0.029,-0.397,0.075,1310,0,0
957194,2.576,9.352,1.070,-0.024,-0.403,0.099,1277,0,0
957214,2.679,9.158,1.008,-0.063,-0.412,0.128,1240,0,0
957234,2.907,9.072,1.307,-0.100,-0.375,0.122,1205,0,0
957254,3.050,9.146,1.422,-0.036,-0.406,0.200,1175,0,0
957274,2.485,9.031,1.049,-0.080,-0.362,0.189,1159,0,0
957294,2.962,9.057,0.936,0.051,-0.358,0.110,1136,0,0
957314,2.978,9.103,1.444,0.042,-0.382,0.115,1106,0,0
957334,3.050,8.882,1.245,0.026,-0.414,0.179,1091,0,0
957354,2.770,9.009,0.950,0.179,-0.379,0.155,1081,0,0
957374,3.144,8.878,0.330,0.205,-0.327,0.119,1062,0,0
957394,3.481,9.151,0.680,0.116,-0.230,0.097,1040,0,0
957414,3.266,9.067,0.565,0.147,-0.132,0.139,1016,0,0
957434,2.859,9.227,0.778,0.181,-0.146,0.163,1003,0,0
957454,3.213,9.282,0.661,0.125,-0.168,0.176,990,0,0
957474,3.268,8.916,0.201,0.075,-0.059,0.140,979,0,0
957494,3.749,8.890,0.122,0.030,0.116,0.067,976,0,0
957514,3.373,8.815,0.266,-0.019,0.264,0.015,975,0,0
957534,2.923,9.155,0.587,0.055,0.270,0.027,973,0,0
957554,3.089,9.304,0.649,-0.015,0.197,0.074,970,0,0
957574,3.282,8.985,0.553,-0.120,0.196,0.096,970,0,0
957595,3.373,8.818,0.637,-0.097,0.225,0.105,972,0,0
957614,3.306,8.837,0.661,-0.068,0.240,0.090,973,0,0
957634,3.299,8.746,0.668,-0.052,0.237,0.048,973,0,0
957654,3.067,8.909,0.994,-0.039,0.168,0.013,975,0,0
957674,3.168,8.952,1.097,-0.072,0.031,0.010,976,0,0
957694,3.584,8.906,0.792,-0.043,-0.003,0.003,981,0,0
957714,3.515,9.029,0.864,-0.033,0.027,0.013,985,0,0
957734,3.445,8.899,0.991,-0.063,0.010,0.004,988,0,0
957754,3.383,8.940,1.018,-0.030,-0.038,-0.012,991,0,0
957774,3.508,9.105,0.840,-0.019,-0.058,-0.016,993,0,0
957794,3.445,8.990,0.828,-0.043,-0.048,-0.004,996,0,0
957814,3.426,8.928,0.905,-0.040,-0.061,0.003,1000,0,0
957834,3.476,8.976,0.848,-0.048,-0.078,0.002,1004,0,0
957854,3.582,8.856,0.802,-0.078,-0.078,0.004,1006,0,0
957874,3.675,8.674,0.862,-0.107,-0.086,-0.013,1007,0,0
957894,3.776,8.586,0.855,-0.098,-0.098,-0.055,1008,0,0
957914,3.989,8.540,0.675,-0.062,-0.107,-0.094,1009,0,0
957934,4.214,8.614,0.560,-0.012,-0.122,-0.126,1010,0,0
957954,4.580,8.763,0.237,0.038,-0.145,-0.160,1011,0,0
957974,4.688,9.256,-0.132,0.033,-0.156,-0.144,1013,0,0
957994,4.489,9.682,-0.517,-0.077,-0.177,-0.073,1014,0,0
958014,4.329,9.811,-0.927,-0.109,-0.184,-0.017,1015,0,0
958034,4.209,9.967,-1.607,-0.010,-0.139,0.027,1016,0,0
958054,3.977,9.969,-2.231,0.058,-0.037,0.107,1017,0,0
958074,3.555,9.778,-2.607,0.065,0.113,0.203,1017,0,0
958094,2.878,9.725,-2.653,0.034,0.285,0.220,1017,0,0
958114,2.279,10.060,-2.643,0.062,0.455,0.244,1017,0,0
958134,1.824,10.233,-2.684,0.088,0.641,0.321,1018,0,0
958154,1.513,10.082,-2.433,0.135,0.852,0.393,1017,0,0
958174,1.214,10.005,-1.903,0.200,1.063,0.418,1018,0,0
958194,0.800,9.900,-1.355,0.254,1.231,0.450,1018,0,0
958214,0.745,9.665,-0.958,0.267,1.357,0.508,1019,0,0
958234,0.520,9.397,-0.256,0.177,1.512,0.555,1020,0,0
958254,0.328,8.674,0.464,0.107,1.599,0.567,1020,0,0
958274,0.196,7.913,0.986,0.222,1.637,0.491,1020,0,0
958294,0.441,7.791,1.350,0.364,1.688,0.349,1021,0,0
958314,0.445,8.509,2.294,0.399,1.758,0.252,1021,0,0
958334,0.407,9.230,3.316,0.261,1.750,0.263,1022,0,0
958354,0.558,8.631,4.096,0.106,1.606,0.297,1024,0,0
958374,1.001,8.159,4.470,0.263,1.449,0.161,1023,0,0
958394,1.657,9.069,5.004,0.463,1.304,0.078,1023,0,0
958414,2.136,8.818,5.270,0.343,1.134,0.058,1025,0,0
958434,2.296,7.865,5.440,0.307,0.919,-0.057,1023,0,0
958454,2.574,8.001,5.523,0.454,0.671,-0.258,1024,0,0
958474,3.002,8.732,5.473,0.498,0.458,-0.334,1024,0,0
958494,3.484,9.251,5.586,0.312,0.224,-0.319,1026,0,0
958514,4.068,9.208,5.935,-0.083,-0.048,-0.245,1022,0,0
958534,4.640,8.504,6.069,-0.356,-0.305,-0.236,1025,0,0
958554,4.951,8.080,5.930,-0.501,-0.577,-0.378,1027,0,0
958574,5.399,7.970,5.440,-0.423,-0.827,-0.538,1026,0,0
958594,5.363,8.645,5.097,-0.378,-1.060,-0.620,1026,0,0
958614,5.497,9.218,4.331,-0.582,-1.303,-0.587,1027,0,0
958634,5.746,9.270,3.460,-0.784,-1.456,-0.538,1024,0,0
958654,5.816,9.474,2.926,-0.933,-1.563,-0.473,1030,0,0
958674,5.911,9.261,2.404,-1.003,-1.665,-0.376,1027,0,0
958694,6.285,8.502,1.772,-1.049,-1.724,-0.293,1030,0,0
958714,6.297,7.207,1.262,-1.011,-1.727,-0.331,1032,0,0
958734,5.844,6.725,0.692,-0.735,-1.725,-0.482,1035,0,0
958754,5.363,8.109,-0.192,-0.478,-1.735,-0.527,1034,0,0
958774,4.942,8.995,-0.919,-0.575,-1.709,-0.406,1035,0,0
958794,4.831,8.720,-1.535,-0.596,-1.614,-0.319,1035,0,0
958814,4.808,8.887,-2.272,-0.462,-1.457,-0.256,1033,0,0
958834,4.616,9.361,-2.945,-0.625,-1.223,-0.119,1035,0,0
958854,4.049,9.278,-2.983,-0.865,-0.991,-0.079,1035,0,0
958874,3.582,9.553,-2.749,-0.602,-0.809,-0.104,1035,0,0
958894,3.689,10.113,-3.077,-0.224,-0.601,-0.021,1036,0,0
958914,3.455,10.568,-3.141,-0.218,-0.321,0.116,1037,0,0
958934,2.926,10.305,-2.921,-0.519,-0.135,0.185,1036,0,0
958954,2.344,10.472,-2.626,-0.372,0.024,0.146,1037,0,0
958974,1.901,11.363,-2.406,-0.105,0.193,0.237,1038,0,0
958994,1.820,11.526,-2.337,-0.030,0.384,0.417,1037,0,0
959014,1.513,10.836,-1.891,-0.031,0.605,0.528,1037,0,0
959034,1.152,9.857,-1.257,0.157,0.744,0.521,1037,0,0
959054,0.776,10.017,-0.807,0.445,0.836,0.449,1037,0,0
959074,0.632,10.417,-0.555,0.459,0.949,0.459,1037,0,0
959094,0.443,10.010,0.010,0.406,1.071,0.512,1037,0,0
959114,0.338,9.613,0.637,0.472,1.154,0.506,1038,0,0
959134,0.204,9.529,1.252,0.604,1.221,0.468,1034,0,0
959154,0.043,9.543,1.604,0.653,1.237,0.448,1039,0,0
959174,0.156,9.160,1.499,0.651,1.241,0.442,1039,0,0
959194,0.242,8.945,1.705,0.667,1.299,0.424,1039,0,0
959214,0.486,9.017,2.234,0.601,1.367,0.444,1039,0,0
959234,0.412,8.717,2.947,0.448,1.374,0.458,1040,0,0
959254,0.429,8.045,3.278,0.483,1.304,0.377,1040,0,0
959274,0.476,8.116,3.117,0.696,1.263,0.195,1040,0,0
959294,0.510,8.808,2.820,0.869,1.272,0.035,1040,0,0
959314,0.979,9.740,3.017,0.828,1.343,0.090,1040,0,0
959334,1.006,9.816,4.053,0.620,1.366,0.204,1040,0,0
959354,1.240,9.328,4.621,0.465,1.233,0.237,1039,0,0
959374,1.786,8.578,4.587,0.501,1.065,0.194,1042,0,0
959394,2.476,8.557,4.798,0.633,0.989,0.103,1042,0,0
959414,2.768,8.277,5.133,0.655,0.907,0.007,1042,0,0
959434,2.942,8.401,5.320,0.629,0.769,-0.105,1042,0,0
959454,3.182,9.050,5.878,0.446,0.578,-0.120,1043,0,0
959474,3.589,8.899,6.220,0.131,0.345,-0.101,1043,0,0
959494,4.073,8.176,6.287,-0.141,0.069,-0.114,1043,0,0
959514,4.317,7.295,6.175,-0.270,-0.218,-0.260,1043,0,0
959534,4.630,7.123,5.887,-0.176,-0.499,-0.496,1043,0,0
959554,4.774,7.891,5.382,-0.080,-0.754,-0.679,1043,0,0
959574,4.755,8.619,4.748,-0.298,-1.010,-0.704,1043,0,0
959594,4.831,8.777,4.065,-0.625,-1.226,-0.685,1043,0,0
959614,4.908,8.892,3.536,-0.830,-1.399,-0.676,1042,0,0
959634,5.109,8.885,3.026,-0.920,-1.506,-0.674,1042,0,0
959654,5.341,9.268,2.540,-0.914,-1.594,-0.656,1043,0,0
959674,5.531,9.392,2.210,-0.987,-1.680,-0.544,1042,0,0
959694,5.634,8.607,1.717,-1.098,-1.804,-0.454,1043,0,0
959714,5.837,7.879,0.960,-1.064,-1.861,-0.454,1042,0,0
959734,5.610,8.040,0.417,-0.980,-1.808,-0.493,1041,0,0
959754,5.181,8.344,0.084,-0.843,-1.769,-0.472,1041,0,0
959774,4.858,8.631,-0.479,-0.688,-1.777,-0.390,1040,0,0
959794,4.654,9.328,-1.111,-0.651,-1.742,-0.290,1040,0,0
959814,4.441,9.747,-1.980,-0.683,-1.638,-0.200,1040,0,0
959834,4.453,9.500,-2.751,-0.609,-1.379,-0.109,1039,0,0
959854,4.085,9.732,-2.847,-0.525,-1.041,-0.039,1039,0,0
959874,3.553,10.135,-2.574,-0.457,-0.821,0.073,1039,0,0
959894,3.412,10.556,-2.679,-0.553,-0.656,0.184,1038,0,0
959914,3.409,10.448,-2.717,-0.557,-0.400,0.240,1038,0,0
959934,3.079,10.154,-2.342,-0.304,-0.106,0.196,1038,0,0
959954,2.591,11.111,-2.112,0.102,0.123,0.166,1039,0,0
959974,2.409,11.164,-2.002,0.184,0.233,0.328,1039,0,0
959994,2.421,10.022,-1.805,0.043,0.337,0.455,1037,0,0
960014,2.284,9.294,-1.456,0.081,0.462,0.442,1039,0,0
960034,1.820,9.373,-1.006,0.281,0.597,0.351,1040,0,0
960054,1.530,9.744,-0.819,0.473,0.682,0.371,1039,0,0
960074,1.496,9.443,-0.536,0.409,0.804,0.392,1040,0,0
960094,1.417,8.844,0.376,0.328,0.909,0.390,1040,0,0
960114,1.144,8.701,1.255,0.356,0.948,0.311,1040,0,0
960134,0.982,9.244,1.709,0.450,0.952,0.236,1040,0,0
960154,1.020,9.687,2.564,0.462,1.001,0.258,1041,0,0
960174,1.204,9.201,3.450,0.381,0.950,0.295,1042,0,0
960194,1.575,8.351,3.812,0.404,0.839,0.282,1042,0,0
960214,2.040,8.265,4.092,0.428,0.749,0.207,1042,0,0
960234,2.164,8.581,4.465,0.371,0.663,0.195,1043,0,0
960254,2.516,8.475,4.515,0.249,0.510,0.195,1044,0,0
960274,2.990,8.076,4.264,0.194,0.404,0.137,1044,0,0
960294,3.282,8.131,4.240,0.201,0.335,0.074,1045,0,0
960314,3.421,8.334,4.118,0.178,0.242,0.026,1045,0,0
960334,3.510,8.600,3.704,0.145,0.147,0.004,1045,0,0
960354,3.670,8.751,3.239,0.069,0.099,0.002,1045,0,0
960374,3.778,8.684,2.969,-0.027,0.067,0.010,1045,0,0
960394,3.898,8.497,2.696,-0.077,0.026,0.008,1047,0,0
960414,3.862,8.368,2.428,-0.088,0.007,-0.028,1046,0,0
960434,3.723,8.569,2.164,-0.072,-0.019,-0.051,1046,0,0
960454,3.721,8.691,1.982,-0.108,-0.037,-0.052,1046,0,0
960474,3.661,8.681,1.815,-0.130,-0.044,-0.054,1047,0,0
960494,3.584,8.545,1.700,-0.132,-0.073,-0.061,1047,0,0
960514,3.630,8.574,1.369,-0.092,-0.084,-0.075,1047,0,0
960534,3.649,8.744,1.245,-0.104,-0.080,-0.065,1049,0,0
960554,3.692,8.703,1.197,-0.144,-0.051,-0.055,1047,0,0
960574,3.610,8.715,1.298,-0.147,-0.043,-0.057,1047,0,0
960594,3.606,8.801,1.334,-0.121,-0.068,-0.058,1049,0,0
960614,3.716,8.952,1.185,-0.098,-0.082,-0.051,1050,0,0
960634,3.795,8.993,1.173,-0.091,-0.064,-0.044,1050,0,0
960654,3.780,8.952,1.279,-0.088,-0.050,-0.042,1051,0,0
960674,3.742,8.882,1.302,-0.088,-0.061,-0.047,1051,0,0
960694,3.728,8.890,1.329,-0.094,-0.066,-0.055,1054,0,0
960714,3.745,8.772,1.281,-0.108,-0.054,-0.047,1057,0,0
960734,3.721,8.543,1.295,-0.128,-0.030,-0.083,1062,0,0
960754,3.689,8.519,1.343,-0.134,-0.017,-0.139,1072,0,0
960774,3.771,8.689,1.334,-0.136,0.035,-0.179,1085,0,0
960794,3.496,8.825,1.298,-0.111,0.146,-0.128,1103,0,0
960814,3.239,8.823,1.501,-0.098,0.191,-0.153,1122,0,0
960834,3.182,8.885,1.760,-0.141,0.131,-0.201,1148,0,0
960854,3.567,8.878,1.628,-0.179,0.117,-0.177,1169,0,0
960874,3.608,8.799,1.592,-0.154,0.166,-0.161,1200,0,0
960894,3.462,8.698,1.592,-0.103,0.216,-0.164,1226,0,0
960914,3.349,8.708,1.530,-0.086,0.236,-0.150,1248,0,0
960934,3.213,8.842,1.516,-0.093,0.257,-0.163,1267,0,0
960954,3.000,8.954,1.695,-0.135,0.224,-0.168,1285,0,0
960974,2.844,9.017,1.836,-0.216,0.160,-0.172,1299,0,0
960994,3.041,8.696,1.755,-0.272,0.100,-0.165,1322,0,0
961014,3.352,8.550,1.719,-0.252,0.132,-0.161,1342,0,0
961034,3.170,8.727,1.841,-0.150,0.189,-0.170,1367,0,0
961054,2.875,8.959,1.982,-0.088,0.167,-0.178,1393,0,0
961074,2.461,9.201,2.045,-0.173,0.072,-0.158,1427,0,0
961094,2.840,8.839,1.635,-0.278,-0.004,-0.132,1469,0,0
961114,3.510,8.622,1.774,-0.199,0.080,-0.164,1500,0,0
961134,2.993,8.751,2.239,-0.190,0.153,-0.204,1526,0,0
961154,2.502,8.665,1.896,-0.181,0.063,-0.164,1578,0,0
961174,3.062,8.818,1.939,-0.033,-0.033,-0.133,1616,0,0
961194,2.792,9.062,1.889,-0.110,0.056,-0.161,1661,0,0
961214,2.794,8.935,1.417,-0.232,0.124,-0.182,1704,0,0
961234,3.306,8.732,2.097,-0.039,0.198,-0.221,1733,0,0
961254,2.799,8.792,2.184,-0.111,0.269,-0.250,1755,0,0
961274,2.107,9.029,1.427,-0.229,0.274,-0.217,1781,0,0
961294,2.682,8.997,2.155,0.010,0.124,-0.177,1806,0,0
961314,3.203,8.978,2.940,-0.007,0.086,-0.185,1822,0,0
961334,2.811,8.789,2.298,-0.259,0.181,-0.169,1833,0,0
961354,2.282,8.868,1.829,-0.038,0.179,-0.168,1840,0,0
961374,2.284,9.184,1.956,0.164,0.084,-0.157,1849,0,0
961394,2.523,9.469,2.105,-0.007,0.058,-0.129,1856,0,0
961414,2.624,9.242,2.150,-0.195,0.062,-0.099,1859,0,0
961434,2.569,8.961,2.195,-0.151,0.076,-0.068,1861,0,0
961454,2.339,9.139,2.052,-0.038,0.105,-0.047,1864,0,0
961474,2.416,9.251,2.176,0.002,0.032,-0.026,1864,0,0
961494,2.543,9.057,2.284,-0.107,0.019,-0.017,1864,0,0
961514,2.595,8.959,2.241,-0.067,0.039,-0.017,1863,0,0
961534,2.437,9.036,2.136,0.020,0.068,-0.034,1862,0,0
961554,2.181,9.179,2.042,-0.011,0.075,-0.028,1859,0,0
961574,2.236,9.208,2.176,-0.085,0.010,0.010,1858,0,0
961594,2.464,8.906,2.236,-0.142,-0.022,0.033,1856,0,0
961614,2.538,8.727,2.239,-0.106,-0.009,0.004,1856,0,0
961634,2.478,8.830,2.195,0.013,-0.003,-0.021,1854,0,0
961654,2.325,9.031,2.059,0.022,-0.010,-0.013,1850,0,0
961674,2.397,9.007,2.116,-0.063,-0.025,0.004,1844,0,0
961694,2.401,8.813,2.181,-0.099,-0.045,-0.005,1841,0,0
961714,2.370,8.794,2.215,-0.060,-0.053,-0.019,1839,0,0
961734,2.354,8.976,2.162,0.009,-0.056,-0.019,1835,0,0
961754,2.401,9.036,2.107,-0.024,-0.066,-0.008,1835,0,0
961774,2.401,9.055,2.009,-0.072,-0.049,-0.010,1833,0,0
961794,2.365,9.057,2.037,-0.026,-0.025,-0.010,1829,0,0
961814,2.373,9.096,2.073,-0.025,-0.018,0.001,1828,0,0
961834,2.382,8.985,2.090,-0.084,-0.011,0.018,1828,0,0
961854,2.447,8.818,2.073,-0.074,-0.014,0.011,1828,0,0
961874,2.428,8.856,2.076,0.007,0.001,-0.004,1826,0,0
961894,2.334,9.000,2.109,0.008,0.001,-0.005,1826,0,0
961914,2.330,8.964,2.076,-0.034,-0.011,-0.002,1824,0,0
961934,2.346,8.885,2.076,-0.049,-0.028,-0.007,1823,0,0
961954,2.385,8.909,2.109,-0.022,-0.045,-0.012,1821,0,0
961974,2.483,8.983,2.040,-0.015,-0.042,-0.015,1821,0,0
961994,2.514,8.985,1.997,-0.017,-0.020,-0.014,1817,0,0
962014,2.488,8.978,2.037,-0.042,-0.003,-0.014,1817,0,0
962034,2.425,9.036,2.064,-0.047,-0.004,-0.020,1817,0,0
962054,2.423,9.043,2.090,-0.069,-0.008,-0.021,1814,0,0
962074,2.397,9.017,2.131,-0.068,-0.010,-0.014,1811,0,0
962094,2.421,9.026,2.102,-0.035,-0.018,-0.003,1811,0,0
962114,2.430,9.000,1.987,-0.054,-0.018,0.001,1808,0,0
962134,2.418,9.017,2.028,-0.070,-0.025,-0.007,1808,0,0
962154,2.466,9.009,2.040,-0.068,-0.028,-0.015,1807,0,0
962174,2.423,9.012,1.997,-0.062,-0.018,-0.010,1807,0,0
962194,2.387,9.033,1.978,-0.057,-0.024,-0.012,1806,0,0
962214,2.440,9.043,1.980,-0.066,-0.033,-0.014,1804,0,0
962234,2.442,9.029,1.956,-0.060,-0.023,-0.007,1803,0,0
962254,2.418,8.981,2.009,-0.036,-0.018,-0.001,1799,0,0
962274,2.423,8.938,1.951,-0.036,-0.027,-0.000,1794,0,0
962294,2.473,8.935,1.882,-0.055,-0.025,-0.006,1792,0,0
962314,2.466,8.885,1.915,-0.055,-0.007,-0.012,1790,0,0
962334,2.440,8.940,1.970,-0.050,-0.012,-0.013,1790,0,0
962354,2.464,8.988,1.973,-0.037,-0.023,-0.022,1789,0,0
962374,2.483,9.021,1.942,-0.057,-0.016,-0.019,1787,0,0
962394,2.495,9.041,1.884,-0.042,-0.017,-0.009,1786,0,0
962414,2.526,9.069,1.906,-0.029,-0.015,-0.003,1784,0,0
962434,2.492,9.052,1.865,-0.060,-0.002,-0.007,1781,0,0
962454,2.452,9.072,1.911,-0.051,0.003,-0.009,1780,0,0
962474,2.401,9.103,1.911,-0.022,-0.002,0.002,1776,0,0
962494,2.428,9.136,1.942,-0.021,-0.011,0.011,1774,0,0
962514,2.449,9.060,1.923,-0.046,-0.009,0.020,1771,0,0
962534,2.447,9.021,1.925,-0.049,-0.003,0.027,1771,0,0
962554,2.447,8.952,1.942,-0.047,-0.003,0.019,1769,0,0
962574,2.423,8.930,1.911,-0.044,-0.004,0.002,1768,0,0
962594,2.442,9.019,1.832,-0.031,-0.001,-0.003,1765,0,0
962614,2.476,9.060,1.851,-0.035,0.009,0.009,1761,0,0
962634,2.516,8.990,1.899,-0.072,0.025,0.015,1761,0,0
962654,2.485,8.909,1.975,-0.076,0.021,0.008,1760,0,0
962674,2.468,8.871,1.990,-0.063,-0.000,-0.005,1760,0,0
962694,2.485,8.928,1.906,-0.055,-0.013,-0.014,1758,0,0
962714,2.442,9.002,1.808,-0.041,0.002,-0.017,1753,0,0
962734,2.421,9.036,1.834,-0.048,0.007,-0.008,1751,0,0
962754,2.449,9.033,1.884,-0.073,0.015,-0.001,1751,0,0
962774,2.454,8.952,1.903,-0.070,0.016,-0.005,1749,0,0
962794,2.485,8.926,1.884,-0.068,0.012,-0.011,1748,0,0
962814,2.516,8.947,1.875,-0.053,0.016,-0.015,1749,0,0
962834,2.500,8.988,1.889,-0.039,0.015,-0.017,1747,0,0
962854,2.512,8.988,1.913,-0.058,0.008,-0.013,1747,0,0
962874,2.488,8.971,1.925,-0.075,-0.003,-0.017,1746,0,0
962894,2.519,8.957,1.891,-0.067,-0.002,-0.022,1746,0,0
962914,2.485,9.012,1.824,-0.030,0.007,-0.028,1745,0,0
962934,2.461,9.167,1.836,-0.015,0.007,-0.025,1744,0,0
962954,2.500,9.237,1.817,-0.049,0.013,-0.009,1744,0,0
962974,2.476,9.134,1.930,-0.091,0.013,0.007,1745,0,0
962994,2.526,8.976,1.939,-0.066,0.012,0.005,1743,0,0
963014,2.516,8.973,1.908,-0.033,0.009,-0.005,1744,0,0
963034,2.512,9.031,1.867,-0.038,0.007,0.001,1744,0,0
