1200840,2.279,9.261,0.362,-0.080,0.014,-0.014,1758,0,0
1200860,2.318,9.270,0.419,-0.054,0.007,-0.018,1757,0,0
1200880,2.365,9.311,0.323,-0.050,0.005,-0.014,1758,0,0
1200901,2.394,9.349,0.285,-0.056,0.007,-0.014,1757,0,0
1200920,2.325,9.371,0.335,-0.073,0.004,-0.013,1757,0,0
1200940,2.337,9.412,0.402,-0.059,-0.006,-0.008,1758,0,0
1200960,2.330,9.416,0.357,-0.052,-0.014,0.000,1757,0,0
1200980,2.356,9.416,0.251,-0.045,-0.019,0.010,1757,0,0
1201000,2.399,9.347,0.163,-0.044,-0.011,0.018,1757,0,0
1201020,2.430,9.306,0.196,-0.081,0.002,0.015,1756,0,0
1201040,2.404,9.292,0.251,-0.084,0.010,0.001,1757,0,0
1201060,2.342,9.333,0.302,-0.061,0.007,0.003,1757,0,0
1201080,2.354,9.361,0.316,-0.066,0.010,0.015,1757,0,0
1201100,2.351,9.258,0.347,-0.064,0.005,0.014,1757,0,0
1201120,2.354,9.213,0.323,-0.043,-0.006,0.015,1757,0,0
1201140,2.365,9.196,0.151,-0.056,-0.002,0.007,1755,0,0
1201160,2.406,9.108,0.129,-0.083,0.013,-0.006,1756,0,0
1201180,2.413,9.232,0.206,-0.064,0.032,-0.013,1756,0,0
1201200,2.318,9.335,0.297,-0.060,0.037,-0.009,1757,0,0
1201220,2.294,9.299,0.323,-0.091,0.018,-0.004,1757,0,0
1201240,2.375,9.213,0.297,-0.064,0.011,-0.003,1756,0,0
1201260,2.392,9.263,0.184,-0.021,0.021,-0.006,1756,0,0
1201280,2.332,9.361,0.225,-0.032,0.037,-0.003,1756,0,0
1201300,2.274,9.316,0.347,-0.088,0.023,0.003,1756,0,0
1201320,2.320,9.258,0.340,-0.074,0.018,-0.005,1755,0,0
1201340,2.380,9.237,0.381,-0.052,0.015,-0.012,1756,0,0
1201360,2.399,9.304,0.323,-0.037,0.018,-0.009,1757,0,0
1201381,2.401,9.349,0.369,-0.063,0.020,-0.008,1754,0,0
1201400,2.401,9.318,0.412,-0.082,0.012,-0.004,1756,0,0
1201421,2.401,9.273,0.359,-0.072,0.002,-0.006,1755,0,0
1201440,2.365,9.278,0.247,-0.060,0.005,-0.005,1757,0,0
1201460,2.315,9.321,0.175,-0.060,0.017,-0.007,1756,0,0
1201480,2.289,9.347,0.141,-0.060,0.025,-0.004,1756,0,0
1201500,2.358,9.335,0.192,-0.083,0.036,0.002,1755,0,0
1201520,2.389,9.242,0.371,-0.092,0.043,0.006,1756,0,0
1201540,2.380,9.108,0.474,-0.078,0.029,-0.006,1754,0,0
1201560,2.385,9.127,0.460,-0.068,0.010,-0.014,1755,0,0
1201580,2.404,9.172,0.376,-0.056,0.005,-0.015,1755,0,0
1201600,2.351,9.191,0.271,-0.064,0.002,-0.020,1754,0,0
1201621,2.377,9.222,0.192,-0.075,0.008,-0.024,1753,0,0
1201640,2.334,9.206,0.235,-0.077,0.020,-0.032,1755,0,0
1201660,2.339,9.323,0.235,-0.050,0.017,-0.030,1754,0,0
1201680,2.342,9.392,0.237,-0.035,0.023,-0.018,1754,0,0
1201700,2.351,9.388,0.297,-0.057,0.019,-0.014,1754,0,0
1201720,2.399,9.361,0.294,-0.053,0.012,-0.013,1754,0,0
1201740,2.409,9.335,0.321,-0.056,0.017,-0.010,1753,0,0
1201760,2.380,9.290,0.345,-0.062,0.022,-0.006,1754,0,0
1201780,2.318,9.304,0.385,-0.039,0.017,-0.006,1754,0,0
1201800,2.337,9.359,0.345,-0.052,0.013,-0.005,1753,0,0
1201821,2.373,9.328,0.280,-0.064,0.014,-0.007,1755,0,0
1201840,2.370,9.311,0.318,-0.066,0.023,-0.010,1754,0,0
1201860,2.382,9.280,0.414,-0.074,0.022,-0.008,1755,0,0
1201881,2.370,9.270,0.397,-0.070,0.018,-0.010,1754,0,0
1201900,2.358,9.380,0.321,-0.054,0.015,-0.010,1755,0,0
1201920,2.332,9.457,0.323,-0.057,0.015,-0.006,1755,0,0
1201941,2.301,9.409,0.273,-0.078,0.011,0.005,1753,0,0
1201960,2.337,9.321,0.290,-0.070,0.010,0.008,1755,0,0
1201980,2.327,9.278,0.321,-0.070,0.021,0.014,1754,0,0
1202000,2.332,9.165,0.309,-0.068,0.021,0.014,1755,0,0
1202020,2.313,9.072,0.345,-0.083,0.010,-0.006,1755,0,0
1202040,2.401,9.081,0.299,-0.077,0.000,-0.027,1753,0,0
1202060,2.365,9.261,0.271,-0.051,0.011,-0.034,1755,0,0
1202081,2.315,9.436,0.342,-0.055,0.021,-0.020,1754,0,0
1202100,2.279,9.409,0.357,-0.065,0.019,-0.001,1754,0,0
1202120,2.272,9.268,0.378,-0.063,0.001,0.005,1753,0,0
1202140,2.339,9.139,0.268,-0.061,-0.012,-0.004,1754,0,0
1202160,2.313,9.136,0.163,-0.040,0.005,-0.020,1753,0,0
1202180,2.270,9.292,0.211,-0.025,0.026,-0.024,1754,0,0
1202200,2.265,9.390,0.330,-0.056,0.043,-0.015,1754,0,0
1202220,2.274,9.301,0.484,-0.095,0.033,-0.013,1755,0,0
1202241,2.344,9.225,0.541,-0.068,0.007,-0.019,1754,0,0
1202260,2.368,9.282,0.503,-0.022,-0.001,-0.015,1753,0,0
1202280,2.344,9.337,0.441,-0.027,-0.008,-0.007,1754,0,0
1202300,2.349,9.309,0.357,-0.058,-0.004,-0.006,1755,0,0
1202320,2.320,9.230,0.378,-0.063,-0.012,-0.011,1754,0,0
1202341,2.330,9.275,0.309,-0.048,-0.018,-0.019,1754,0,0
1202361,2.354,9.318,0.299,-0.057,-0.017,-0.022,1753,0,0
1202380,2.397,9.345,0.283,-0.071,-0.010,-0.023,1755,0,0
1202400,2.394,9.383,0.309,-0.052,-0.010,-0.011,1755,0,0
1202420,2.370,9.409,0.328,-0.062,-0.007,-0.002,1756,0,0
1202441,2.382,9.297,0.321,-0.070,-0.022,0.002,1754,0,0
1202460,2.361,9.268,0.235,-0.036,-0.030,0.001,1754,0,0
1202480,2.373,9.316,0.122,-0.033,-0.025,-0.004,1754,0,0
1202501,2.389,9.325,0.069,-0.054,-0.004,-0.005,1753,0,0
1202520,2.373,9.330,0.175,-0.067,0.015,-0.003,1755,0,0
1202540,2.349,9.242,0.292,-0.078,0.009,-0.003,1754,0,0
1202561,2.385,9.239,0.338,-0.060,-0.005,-0.007,1752,0,0
1202580,2.380,9.273,0.297,-0.043,-0.009,-0.009,1755,0,0
1202601,2.351,9.311,0.208,-0.054,-0.004,-0.013,1754,0,0
1202620,2.272,9.340,0.201,-0.066,0.005,-0.010,1755,0,0
1202640,2.284,9.292,0.280,-0.077,0.006,-0.003,1755,0,0
1202660,2.289,9.263,0.290,-0.059,0.001,-0.013,1755,0,0
1202680,2.358,9.323,0.256,-0.030,0.000,-0.010,1756,0,0
1202700,2.361,9.395,0.172,-0.047,0.006,-0.006,1755,0,0
1202720,2.382,9.354,0.247,-0.077,0.013,-0.006,1754,0,0
1202740,2.306,9.330,0.290,-0.058,0.014,-0.004,1755,0,0
1202760,2.320,9.321,0.294,-0.054,-0.002,0.007,1755,0,0
1202780,2.339,9.210,0.206,-0.063,-0.009,0.008,1755,0,0
1202800,2.349,9.218,0.156,-0.027,0.006,0.003,1755,0,0
1202820,2.315,9.237,0.187,-0.051,0.015,-0.006,1755,0,0
1202840,2.330,9.232,0.237,-0.081,0.014,-0.012,1755,0,0
1202860,2.344,9.237,0.283,-0.058,0.011,-0.014,1755,0,0
1202880,2.330,9.292,0.271,-0.042,0.010,-0.017,1755,0,0
1202900,2.368,9.280,0.211,-0.062,0.008,-0.018,1755,0,0
1202921,2.373,9.261,0.220,-0.073,0.018,-0.020,1755,0,0
1202940,2.377,9.242,0.237,-0.074,0.016,-0.020,1755,0,0
1202960,2.373,9.311,0.215,-0.043,0.017,-0.020,1755,0,0
1202980,2.349,9.366,0.230,-0.061,0.022,-0.022,1755,0,0
1203000,2.363,9.347,0.192,-0.067,0.021,-0.021,1755,0,0
1203020,2.365,9.376,0.168,-0.047,0.020,-0.022,1754,0,0
1203040,2.392,9.345,0.151,-0.060,0.021,-0.016,1755,0,0
1203060,2.365,9.388,0.172,-0.043,0.031,-0.004,1755,0,0
1203080,2.361,9.359,0.177,-0.049,0.032,0.001,1754,0,0
1203100,2.358,9.321,0.211,-0.056,0.034,-0.001,1755,0,0
1203120,2.310,9.330,0.304,-0.054,0.030,-0.006,1755,0,0
1203140,2.315,9.366,0.271,-0.048,0.022,-0.002,1754,0,0
1203161,2.334,9.376,0.206,-0.047,0.038,0.003,1753,0,0
1203180,2.301,9.383,0.306,-0.047,0.046,0.003,1755,0,0
1203200,2.253,9.390,0.409,-0.055,0.033,0.009,1754,0,0
1203220,2.279,9.321,0.354,-0.059,0.016,0.016,1754,0,0
1203240,2.334,9.220,0.271,-0.049,0.013,0.018,1754,0,0
1203260,2.296,9.210,0.263,-0.040,0.025,0.014,1756,0,0
1203281,2.251,9.246,0.347,-0.049,0.020,-0.002,1754,0,0
1203300,2.222,9.313,0.371,-0.062,0.009,-0.006,1754,0,0
1203320,2.289,9.227,0.304,-0.063,0.001,-0.005,1754,0,0
1203340,2.349,9.210,0.218,-0.055,0.009,-0.010,1754,0,0
1203360,2.373,9.270,0.256,-0.050,0.029,-0.015,1754,0,0
1203380,2.344,9.316,0.400,-0.086,0.027,-0.017,1754,0,0
1203400,2.351,9.306,0.433,-0.091,0.000,-0.013,1755,0,0
1203420,2.368,9.306,0.350,-0.060,-0.011,-0.011,1754,0,0
1203440,2.413,9.316,0.218,-0.051,-0.010,-0.015,1754,0,0
1203460,2.382,9.380,0.144,-0.070,0.005,-0.015,1754,0,0
1203480,2.315,9.369,0.244,-0.088,0.009,-0.010,1754,0,0
1203501,2.318,9.359,0.249,-0.074,0.001,-0.003,1754,0,0
1203520,2.365,9.323,0.227,-0.060,-0.002,-0.004,1754,0,0
1203540,2.437,9.290,0.227,-0.071,0.002,-0.006,1753,0,0
1203560,2.433,9.337,0.247,-0.074,0.006,-0.005,1752,0,0
1203580,2.356,9.345,0.223,-0.072,0.002,-0.003,1754,0,0
1203600,2.330,9.335,0.237,-0.075,0.000,0.005,1754,0,0
1203620,2.344,9.251,0.172,-0.064,0.000,0.010,1755,0,0
1203640,2.373,9.199,0.180,-0.063,0.008,0.005,1755,0,0
1203660,2.315,9.215,0.148,-0.063,0.009,-0.004,1753,0,0
1203680,2.320,9.215,0.110,-0.065,-0.001,-0.009,1754,0,0
1203700,2.337,9.232,0.043,-0.074,0.012,-0.013,1753,0,0
1203720,2.354,9.239,0.098,-0.054,0.031,-0.019,1754,0,0
1203740,2.363,9.366,0.199,-0.045,0.041,-0.012,1753,0,0
1203760,2.351,9.352,0.306,-0.073,0.038,-0.007,1754,0,0
1203780,2.339,9.249,0.347,-0.085,0.024,-0.007,1753,0,0
1203800,2.318,9.249,0.335,-0.032,0.017,-0.011,1753,0,0
1203820,2.320,9.328,0.280,-0.024,0.009,-0.011,1753,0,0
1203841,2.330,9.313,0.297,-0.065,0.018,-0.009,1754,0,0
1203860,2.325,9.270,0.385,-0.075,0.015,-0.011,1754,0,0
1203880,2.365,9.278,0.402,-0.068,0.005,-0.021,1754,0,0
1203900,2.375,9.340,0.457,-0.061,-0.001,-0.014,1754,0,0
1203920,2.342,9.304,0.479,-0.049,-0.008,-0.003,1754,0,0
1203940,2.284,9.201,0.409,-0.077,-0.036,-0.004,1754,0,0
1203960,2.368,9.143,0.170,-0.078,-0.047,-0.023,1753,0,0
1203981,2.385,9.225,0.057,-0.059,-0.029,-0.038,1753,0,0
1204000,2.356,9.378,0.036,-0.049,-0.007,-0.038,1753,0,0
1204020,2.330,9.500,0.103,-0.063,0.010,-0.025,1750,0,0
1204040,2.325,9.436,0.242,-0.084,0.011,-0.010,1750,0,0
1204060,2.361,9.316,0.237,-0.090,-0.003,-0.010,1750,0,0
1204081,2.382,9.311,0.132,-0.043,-0.005,-0.010,1750,0,0
1204101,2.380,9.318,0.117,-0.048,0.007,-0.007,1749,0,0
1204121,2.318,9.321,0.182,-0.069,0.015,-0.013,1749,0,0
1204140,2.315,9.400,0.187,-0.056,0.015,-0.003,1750,0,0
1204160,2.265,9.366,0.232,-0.066,0.013,0.002,1749,0,0
1204180,2.320,9.299,0.285,-0.074,0.012,-0.003,1749,0,0
1204200,2.389,9.246,0.304,-0.058,0.007,-0.004,1749,0,0
1204220,2.373,9.316,0.304,-0.053,0.008,-0.010,1748,0,0
1204240,2.339,9.414,0.242,-0.057,0.009,-0.003,1748,0,0
1204260,2.342,9.301,0.326,-0.062,0.007,0.003,1748,0,0
1204280,2.363,9.280,0.314,-0.021,0.002,-0.008,1748,0,0
1204300,2.327,9.412,0.268,-0.034,-0.003,0.006,1748,0,0
1204320,2.325,9.294,0.156,-0.103,-0.004,0.011,1749,0,0
1204340,2.337,9.201,0.194,-0.068,0.002,0.003,1747,0,0
1204360,2.303,9.203,0.187,-0.054,0.006,-0.007,1748,0,0
1204380,2.339,9.225,0.132,-0.041,0.011,-0.012,1748,0,0
1204400,2.361,9.390,0.144,-0.032,0.034,-0.011,1748,0,0
1204420,2.337,9.383,0.263,-0.086,0.036,0.003,1747,0,0
1204440,2.344,9.268,0.381,-0.105,0.018,0.007,1747,0,0
1204460,2.363,9.266,0.383,-0.047,0.000,0.002,1747,0,0
1204480,2.377,9.364,0.249,-0.018,-0.003,0.008,1747,0,0
1204500,2.375,9.361,0.172,-0.038,0.004,0.013,1747,0,0
1204520,2.330,9.256,0.165,-0.083,0.012,0.015,1747,0,0
1204540,2.282,9.187,0.225,-0.084,0.014,0.006,1747,0,0
1204560,2.272,9.232,0.304,-0.057,0.008,-0.004,1746,0,0
1204580,2.310,9.270,0.299,-0.032,-0.000,-0.003,1746,0,0
1204600,2.373,9.287,0.196,-0.045,0.001,0.002,1746,0,0
1204620,2.373,9.208,0.189,-0.078,0.011,-0.003,1746,0,0
1204640,2.298,9.184,0.299,-0.088,0.016,-0.015,1745,0,0
1204660,2.253,9.143,0.357,-0.072,-0.001,-0.016,1744,0,0
1204680,2.294,9.136,0.280,-0.064,-0.014,-0.015,1745,0,0
1204700,2.296,9.122,0.182,-0.057,-0.005,-0.026,1744,0,0
1204720,2.315,9.237,0.057,-0.026,0.004,-0.043,1744,0,0
1204740,2.306,9.323,0.201,-0.062,0.023,-0.041,1744,0,0
1204760,2.303,9.304,0.323,-0.066,0.017,-0.033,1744,0,0
1204780,2.344,9.352,0.347,-0.018,-0.002,-0.035,1744,0,0
1204801,2.327,9.483,0.297,-0.046,-0.015,-0.026,1744,0,0
1204820,2.344,9.455,0.177,-0.063,-0.018,-0.019,1744,0,0
1204840,2.354,9.378,0.156,-0.046,-0.005,-0.015,1744,0,0
1204860,2.325,9.419,0.187,-0.036,0.002,-0.009,1744,0,0
1204880,2.325,9.407,0.218,-0.066,0.003,-0.001,1744,0,0
1204901,2.346,9.301,0.299,-0.074,-0.003,-0.006,1743,0,0
1204920,2.389,9.352,0.271,-0.041,-0.013,-0.007,1743,0,0
1204940,2.354,9.359,0.196,-0.044,-0.016,-0.002,1743,0,0
1204960,2.380,9.345,0.144,-0.063,-0.017,0.003,1744,0,0
1204980,2.349,9.325,0.065,-0.049,-0.004,0.005,1744,0,0
1205000,2.322,9.287,0.093,-0.061,-0.006,0.004,1744,0,0
1205020,2.313,9.251,0.045,-0.059,-0.002,-0.002,1744,0,0
1205040,2.306,9.287,0.060,-0.050,0.004,-0.007,1742,0,0
1205060,2.315,9.333,0.115,-0.055,0.018,-0.006,1744,0,0
1205080,2.310,9.299,0.215,-0.071,0.014,0.002,1744,0,0
1205101,2.301,9.273,0.151,-0.053,0.004,-0.006,1743,0,0
1205120,2.382,9.318,0.139,-0.037,0.008,-0.000,1743,0,0
1205140,2.318,9.359,0.148,-0.045,0.019,0.007,1743,0,0
1205160,2.303,9.261,0.239,-0.072,0.011,0.004,1744,0,0
1205180,2.289,9.194,0.189,-0.059,-0.003,-0.003,1744,0,0
1205200,2.342,9.215,0.108,-0.031,-0.015,-0.013,1743,0,0
1205220,2.399,9.299,0.043,-0.037,-0.001,-0.021,1743,0,0
1205240,2.361,9.388,0.139,-0.044,0.026,-0.017,1742,0,0
1205260,2.339,9.407,0.294,-0.065,0.016,-0.010,1744,0,0
1205281,2.377,9.359,0.311,-0.073,-0.006,-0.003,1744,0,0
1205300,2.411,9.335,0.196,-0.036,-0.010,0.001,1744,0,0
1205320,2.389,9.369,0.180,-0.030,0.002,0.003,1744,0,0
1205340,2.404,9.361,0.175,-0.062,0.003,0.005,1744,0,0
1205360,2.389,9.270,0.160,-0.080,-0.002,0.004,1744,0,0
1205380,2.409,9.263,0.146,-0.064,-0.001,-0.003,1744,0,0
1205400,2.413,9.359,0.177,-0.049,0.004,-0.008,1744,0,0
1205420,2.418,9.436,0.211,-0.048,-0.006,-0.007,1744,0,0
1205440,2.449,9.467,0.113,-0.071,-0.005,-0.002,1744,0,0
1205460,2.423,9.452,0.084,-0.076,0.005,0.010,1744,0,0
1205480,2.433,9.436,0.127,-0.062,0.009,0.022,1744,0,0
1205500,2.380,9.378,0.158,-0.063,0.006,0.027,1743,0,0
1205520,2.377,9.333,0.199,-0.069,-0.006,0.029,1743,0,0
1205540,2.377,9.270,0.136,-0.055,-0.014,0.031,1744,0,0
1205560,2.387,9.254,0.060,-0.044,-0.008,0.026,1744,0,0
1205580,2.344,9.270,0.084,-0.051,-0.001,0.023,1743,0,0
1205600,2.330,9.287,0.148,-0.051,-0.003,0.023,1744,0,0
1205620,2.342,9.256,0.122,-0.047,-0.006,0.027,1746,0,0
1205641,2.399,9.175,0.124,-0.052,-0.006,0.022,1744,0,0
1205660,2.406,9.196,0.165,-0.045,-0.001,0.017,1744,0,0
1205680,2.387,9.251,0.182,-0.039,-0.003,0.011,1744,0,0
1205700,2.320,9.237,0.117,-0.051,-0.014,0.012,1744,0,0
1205721,2.385,9.175,-0.012,-0.056,-0.007,0.006,1743,0,0
1205740,2.428,9.210,-0.012,-0.046,0.011,-0.006,1744,0,0
1205760,2.387,9.306,-0.014,-0.050,0.026,-0.012,1744,0,0
1205780,2.370,9.352,-0.024,-0.084,0.032,-0.020,1744,0,0
1205800,2.404,9.364,0.060,-0.118,0.046,-0.025,1743,0,0
1205821,2.354,9.392,0.211,-0.101,0.052,-0.031,1745,0,0
1205840,2.339,9.481,0.309,-0.063,0.039,-0.022,1744,0,0
1205860,2.387,9.457,0.247,-0.082,0.020,-0.002,1744,0,0
1205880,2.476,9.285,0.134,-0.114,0.021,0.011,1744,0,0
1205900,2.581,9.096,0.268,-0.107,0.035,0.008,1744,0,0
1205920,2.519,9.021,0.393,-0.134,0.033,-0.015,1744,0,0
1205940,2.512,9.041,0.424,-0.166,0.006,-0.032,1744,0,0
1205960,2.535,9.067,0.393,-0.131,-0.020,-0.049,1744,0,0
1205980,2.478,9.237,0.220,-0.091,-0.036,-0.060,1743,0,0
1206000,2.449,9.390,0.065,-0.100,-0.031,-0.055,1744,0,0
1206020,2.476,9.328,-0.045,-0.153,-0.018,-0.046,1744,0,0
1206041,2.406,9.239,-0.057,-0.138,-0.003,-0.058,1744,0,0
1206060,2.286,9.371,-0.010,-0.070,0.002,-0.064,1744,0,0
1206080,2.229,9.512,0.096,-0.052,0.004,-0.047,1744,0,0
1206100,2.251,9.462,0.172,-0.088,0.008,-0.036,1744,0,0
1206120,2.205,9.306,0.163,-0.059,0.004,-0.034,1744,0,0
1206141,2.200,9.278,0.031,-0.055,0.008,-0.046,1744,0,0
1206160,2.184,9.287,0.127,-0.072,0.026,-0.053,1744,0,0
1206180,2.169,9.397,0.297,-0.021,0.036,-0.050,1744,0,0
1206201,2.179,9.517,0.350,-0.023,0.036,-0.041,1744,0,0
1206220,2.155,9.503,0.366,-0.066,0.023,-0.035,1744,0,0
1206240,2.251,9.495,0.414,-0.031,0.018,-0.027,1744,0,0
1206260,2.318,9.512,0.429,-0.002,0.021,-0.016,1744,0,0
1206280,2.409,9.541,0.333,-0.030,0.019,-0.008,1744,0,0
1206300,2.449,9.541,0.196,-0.052,0.037,0.004,1744,0,0
1206320,2.425,9.603,0.419,-0.045,0.054,0.016,1744,0,0
1206341,2.315,9.641,0.735,-0.036,0.025,0.043,1744,0,0
1206360,2.375,9.512,0.584,-0.036,-0.026,0.066,1744,0,0
1206380,2.440,9.311,0.237,-0.013,-0.035,0.075,1744,0,0
1206401,2.497,9.244,0.098,-0.008,-0.004,0.073,1742,0,0
1206420,2.401,9.191,0.244,-0.063,0.022,0.074,1744,0,0
1206440,2.394,9.029,0.558,-0.114,0.011,0.063,1744,0,0
1206460,2.358,9.021,0.560,-0.057,-0.024,0.054,1744,0,0
1206480,2.377,9.043,0.366,-0.010,-0.045,0.046,1744,0,0
1206500,2.399,8.993,0.239,-0.042,-0.037,0.046,1743,0,0
1206520,2.430,8.851,0.122,-0.095,-0.023,0.038,1744,0,0
1206540,2.521,8.727,0.122,-0.127,-0.010,0.017,1744,0,0
1206560,2.521,8.722,0.108,-0.118,-0.006,-0.004,1744,0,0
1206580,2.519,8.772,0.098,-0.076,-0.017,-0.024,1744,0,0
1206600,2.478,8.940,-0.007,-0.060,-0.020,-0.045,1744,0,0
1206620,2.406,9.179,-0.098,-0.074,-0.006,-0.050,1744,0,0
1206641,2.409,9.189,-0.081,-0.118,-0.005,-0.039,1743,0,0
1206660,2.521,9.072,-0.057,-0.106,0.003,-0.039,1744,0,0
1206680,2.490,9.129,0.034,-0.033,0.008,-0.054,1744,0,0
1206700,2.358,9.323,-0.012,-0.017,-0.012,-0.056,1744,0,0
1206720,2.358,9.397,-0.127,-0.047,-0.014,-0.047,1744,0,0
1206740,2.428,9.282,-0.110,-0.026,-0.009,-0.046,1744,0,0
1206760,2.433,9.337,-0.067,0.022,0.000,-0.041,1744,0,0
1206780,2.334,9.419,-0.081,0.016,-0.009,-0.041,1744,0,0
1206800,2.346,9.371,-0.103,-0.006,-0.010,-0.037,1744,0,0
1206820,2.375,9.313,-0.079,0.026,-0.011,-0.039,1744,0,0
1206841,2.351,9.409,-0.184,0.074,-0.018,-0.048,1743,0,0
1206860,2.315,9.565,-0.309,0.035,0.003,-0.045,1744,0,0
1206880,2.239,9.577,-0.299,-0.016,0.038,-0.037,1743,0,0
1206900,2.212,9.488,-0.124,-0.013,0.060,-0.034,1743,0,0
1206920,2.203,9.548,-0.093,0.020,0.061,-0.034,1743,0,0
1206940,2.193,9.677,-0.069,0.015,0.071,-0.026,1743,0,0
1206960,2.155,9.646,0.036,-0.015,0.081,-0.011,1744,0,0
1206980,2.207,9.493,0.163,-0.030,0.087,0.001,1744,0,0
1207000,2.198,9.390,0.275,-0.040,0.085,0.003,1744,0,0
1207020,2.176,9.299,0.357,-0.047,0.069,-0.005,1744,0,0
1207040,2.191,9.282,0.376,-0.046,0.060,-0.015,1743,0,0
1207060,2.184,9.345,0.373,-0.046,0.052,-0.028,1744,0,0
1207080,2.184,9.438,0.326,-0.068,0.043,-0.035,1743,0,0
1207100,2.224,9.522,0.294,-0.108,0.046,-0.036,1743,0,0
1207120,2.186,9.548,0.433,-0.123,0.057,-0.021,1744,0,0
1207140,2.239,9.428,0.706,-0.121,0.042,0.004,1744,0,0
1207160,2.334,9.165,0.716,-0.126,0.005,0.006,1744,0,0
1207180,2.480,9.067,0.469,-0.114,-0.026,-0.007,1744,0,0
1207200,2.461,9.052,0.266,-0.146,-0.018,-0.023,1744,0,0
1207220,2.404,9.153,0.211,-0.171,0.000,-0.028,1744,0,0
1207240,2.339,9.287,0.417,-0.140,0.009,-0.021,1744,0,0
1207260,2.377,9.335,0.462,-0.147,-0.013,-0.008,1744,0,0
1207280,2.449,9.263,0.318,-0.133,-0.045,-0.010,1744,0,0
1207300,2.444,9.234,0.165,-0.115,-0.059,-0.014,1744,0,0
1207320,2.418,9.311,0.038,-0.112,-0.053,-0.015,1744,0,0
1207340,2.373,9.340,0.036,-0.135,-0.039,-0.003,1744,0,0
1207360,2.315,9.280,-0.005,-0.126,-0.038,0.006,1744,0,0
1207380,2.351,9.172,-0.062,-0.107,-0.050,-0.005,1744,0,0
1207400,2.464,9.194,-0.201,-0.095,-0.044,-0.017,1744,0,0
1207420,2.433,9.419,-0.254,-0.050,-0.022,-0.011,1744,0,0
1207440,2.346,9.469,-0.306,-0.057,-0.008,0.015,1744,0,0
1207461,2.392,9.342,-0.297,-0.069,-0.007,0.019,1744,0,0
1207480,2.406,9.301,-0.271,-0.035,0.009,0.008,1744,0,0
1207500,2.325,9.402,-0.199,0.011,0.017,0.004,1744,0,0
1207520,2.229,9.577,-0.196,0.019,0.021,0.011,1744,0,0
1207540,2.124,9.574,-0.103,-0.011,0.027,0.014,1744,0,0
1207560,2.107,9.579,0.029,-0.002,0.040,0.017,1745,0,0
1207580,2.105,9.618,0.187,0.014,0.045,0.036,1744,0,0
1207600,2.191,9.428,0.261,0.001,0.040,0.050,1744,0,0
1207620,2.231,9.285,0.443,-0.018,0.049,0.061,1744,0,0
1207640,2.246,9.242,0.524,-0.013,0.036,0.049,1745,0,0
1207660,2.260,9.199,0.565,-0.035,0.021,0.041,1744,0,0
1207680,2.301,9.072,0.476,-0.068,0.007,0.036,1743,0,0
1207701,2.339,9.064,0.390,-0.059,0.009,0.020,1744,0,0
1207720,2.365,9.050,0.326,-0.075,0.009,0.008,1744,0,0
1207740,2.382,9.096,0.237,-0.080,0.002,-0.006,1745,0,0
1207760,2.394,9.155,0.239,-0.088,-0.008,-0.017,1744,0,0
1207780,2.428,9.215,0.208,-0.099,-0.015,-0.024,1744,0,0
1207800,2.409,9.227,0.108,-0.087,-0.019,-0.023,1744,0,0
1207820,2.389,9.268,-0.012,-0.070,-0.011,-0.017,1744,0,0
1207840,2.346,9.301,-0.029,-0.069,-0.017,-0.025,1744,0,0
1207860,2.356,9.342,-0.117,-0.067,-0.013,-0.028,1744,0,0
1207881,2.354,9.390,-0.079,-0.052,0.007,-0.017,1744,0,0
1207900,2.433,9.359,-0.057,-0.057,0.026,-0.010,1744,0,0
1207920,2.492,9.294,0.077,-0.064,0.040,-0.010,1744,0,0
1207940,2.485,9.301,0.215,-0.056,0.031,-0.014,1744,0,0
1207960,2.492,9.376,0.213,-0.047,0.012,-0.016,1744,0,0
1207980,2.497,9.436,0.096,-0.042,0.006,-0.011,1743,0,0
1208000,2.502,9.471,0.024,-0.040,0.014,0.003,1744,0,0
1208021,2.447,9.390,0.007,-0.078,0.024,0.008,1744,0,0
1208040,2.382,9.388,0.055,-0.062,0.029,0.006,1744,0,0
1208060,2.365,9.421,0.134,-0.030,0.026,0.018,1744,0,0
1208080,2.351,9.342,0.189,-0.038,0.019,0.028,1744,0,0
1208100,2.368,9.266,0.141,-0.031,0.011,0.025,1744,0,0
1208120,2.382,9.246,0.141,-0.041,0.013,0.024,1744,0,0
1208140,2.356,9.237,0.165,-0.056,0.020,0.017,1744,0,0
1208160,2.334,9.201,0.287,-0.043,0.021,0.014,1744,0,0
1208180,2.291,9.182,0.251,-0.039,0.008,0.010,1744,0,0
1208200,2.318,9.189,0.223,-0.049,-0.007,0.003,1745,0,0
1208220,2.337,9.124,0.057,-0.075,-0.008,-0.005,1744,0,0
1208240,2.368,9.117,-0.012,-0.072,0.011,-0.020,1744,0,0
1208260,2.286,9.201,0.108,-0.047,0.027,-0.021,1744,0,0
1208280,2.258,9.278,0.175,-0.069,0.015,-0.020,1744,0,0
1208300,2.320,9.172,0.271,-0.098,-0.006,-0.028,1744,0,0
1208320,2.368,9.108,0.153,-0.073,-0.018,-0.044,1744,0,0
1208340,2.435,9.230,0.055,-0.033,-0.009,-0.056,1744,0,0
1208360,2.404,9.409,0.048,-0.052,0.002,-0.050,1744,0,0
1208380,2.435,9.443,0.043,-0.074,-0.003,-0.038,1744,0,0
1208400,2.490,9.436,0.069,-0.074,0.005,-0.031,1744,0,0
1208420,2.421,9.419,0.110,-0.082,0.004,-0.023,1744,0,0
1208440,2.392,9.407,0.103,-0.069,-0.005,-0.021,1743,0,0
1208461,2.356,9.450,0.074,-0.058,-0.009,-0.019,1745,0,0
1208481,2.332,9.483,0.043,-0.039,-0.011,-0.011,1744,0,0
1208500,2.368,9.486,-0.065,-0.044,-0.006,0.002,1744,0,0
1208520,2.394,9.333,-0.034,-0.076,0.016,0.012,1744,0,0
1208540,2.406,9.208,0.024,-0.073,0.020,0.008,1744,0,0
1208560,2.418,9.199,0.165,-0.060,0.019,-0.001,1744,0,0
1208580,2.413,9.244,0.235,-0.056,0.002,-0.006,1744,0,0
1208600,2.404,9.285,0.144,-0.044,-0.017,-0.014,1744,0,0
1208620,2.399,9.380,0.026,-0.036,-0.011,-0.008,1744,0,0
1208640,2.385,9.376,-0.007,-0.061,0.000,-0.003,1744,0,0
1208660,2.389,9.371,-0.010,-0.070,0.007,-0.002,1744,0,0
1208680,2.397,9.342,0.002,-0.066,0.011,0.001,1744,0,0
1208700,2.421,9.304,0.022,-0.072,0.013,0.001,1743,0,0
1208720,2.377,9.333,0.048,-0.064,0.018,-0.001,1744,0,0
1208740,2.351,9.352,0.043,-0.067,0.017,0.001,1744,0,0
1208760,2.339,9.292,0.057,-0.070,0.011,0.000,1744,0,0
1208780,2.394,9.249,0.017,-0.050,0.006,0.001,1743,0,0
1208800,2.440,9.275,-0.024,-0.045,0.023,0.002,1744,0,0
1208820,2.365,9.292,0.053,-0.075,0.037,-0.001,1744,0,0
1208840,2.330,9.290,0.146,-0.082,0.025,0.001,1744,0,0
1208860,2.342,9.246,0.079,-0.068,0.007,-0.002,1743,0,0
1208880,2.423,9.254,-0.017,-0.038,0.008,-0.005,1744,0,0
1208900,2.418,9.234,-0.115,-0.053,0.022,-0.006,1744,0,0
1208921,2.373,9.246,-0.101,-0.064,0.031,-0.013,1744,0,0
1208940,2.313,9.290,0.024,-0.083,0.039,-0.019,1744,0,0
1208960,2.253,9.313,0.153,-0.067,0.032,-0.017,1744,0,0
1208980,2.337,9.254,0.115,-0.043,0.015,-0.008,1744,0,0
1209000,2.418,9.153,-0.007,-0.046,0.010,-0.014,1744,0,0
1209020,2.471,9.187,-0.067,-0.044,0.035,-0.024,1743,0,0
1209040,2.339,9.330,0.067,-0.054,0.047,-0.034,1744,0,0
1209060,2.306,9.342,0.165,-0.077,0.037,-0.025,1744,0,0
1209080,2.334,9.282,0.187,-0.062,0.029,-0.018,1744,0,0
1209101,2.394,9.261,0.141,-0.031,0.020,-0.023,1744,0,0
1209120,2.385,9.275,0.057,-0.043,0.026,-0.033,1744,0,0
1209140,2.358,9.340,0.045,-0.077,0.032,-0.046,1744,0,0
1209160,2.330,9.483,0.110,-0.074,0.038,-0.042,1744,0,0
1209180,2.327,9.455,0.180,-0.060,0.043,-0.013,1744,0,0
1209200,2.397,9.325,0.211,-0.076,0.041,-0.003,1742,0,0
1209220,2.394,9.215,0.278,-0.078,0.032,-0.019,1743,0,0
1209240,2.377,9.263,0.220,-0.068,0.018,-0.029,1744,0,0
1209260,2.392,9.342,0.165,-0.067,0.015,-0.024,1744,0,0
1209280,2.322,9.385,0.129,-0.069,0.017,-0.016,1744,0,0
1209301,2.296,9.400,0.160,-0.069,0.017,-0.011,1743,0,0
1209320,2.279,9.371,0.158,-0.074,0.010,-0.008,1744,0,0
1209340,2.298,9.304,0.136,-0.069,0.006,-0.011,1744,0,0
1209360,2.322,9.249,0.067,-0.058,0.001,-0.011,1743,0,0
1209380,2.298,9.242,-0.005,-0.049,0.006,-0.007,1743,0,0
1209401,2.298,9.311,-0.053,-0.063,0.020,-0.015,1743,0,0
1209420,2.306,9.349,0.036,-0.071,0.031,-0.015,1743,0,0
1209440,2.346,9.347,0.170,-0.072,0.034,-0.013,1743,0,0
1209460,2.330,9.266,0.215,-0.078,0.021,-0.009,1744,0,0
1209480,2.346,9.239,0.117,-0.065,0.005,-0.013,1743,0,0
1209500,2.310,9.290,0.108,-0.051,0.005,-0.021,1744,0,0
1209520,2.310,9.433,0.117,-0.041,0.011,-0.018,1743,0,0
1209540,2.337,9.431,0.110,-0.066,0.017,-0.007,1744,0,0
1209560,2.356,9.306,0.117,-0.083,0.018,-0.001,1743,0,0
1209580,2.298,9.273,0.134,-0.062,0.017,-0.008,1744,0,0
1209600,2.227,9.292,0.172,-0.068,0.000,-0.013,1743,0,0
1209620,2.253,9.318,0.110,-0.051,-0.013,-0.014,1743,0,0
1209640,2.301,9.395,-0.067,-0.031,0.004,-0.009,1744,0,0
1209660,2.318,9.354,-0.043,-0.067,0.023,-0.009,1743,0,0
1209680,2.339,9.299,0.060,-0.103,0.031,-0.012,1744,0,0
1209700,2.330,9.297,0.223,-0.081,0.029,-0.013,1743,0,0
1209720,2.332,9.285,0.259,-0.063,0.009,-0.009,1744,0,0
1209740,2.320,9.333,0.132,-0.041,0.002,-0.004,1744,0,0
1209760,2.231,9.364,0.010,-0.044,0.000,-0.009,1744,0,0
1209780,2.253,9.392,-0.062,-0.057,0.006,-0.006,1744,0,0
1209800,2.313,9.309,-0.029,-0.079,0.029,-0.007,1744,0,0
1209820,2.327,9.244,0.122,-0.086,0.040,-0.009,1744,0,0
1209840,2.306,9.167,0.215,-0.079,0.029,-0.010,1744,0,0
1209860,2.282,9.232,0.211,-0.064,0.015,-0.025,1744,0,0
1209880,2.270,9.380,0.175,-0.045,0.000,-0.026,1744,0,0
1209900,2.337,9.383,0.148,-0.061,0.000,-0.011,1744,0,0
1209920,2.294,9.244,0.182,-0.087,0.003,-0.009,1743,0,0
1209940,2.334,9.165,0.175,-0.071,-0.003,-0.010,1744,0,0
1209960,2.306,9.189,0.110,-0.060,-0.013,-0.033,1744,0,0
1209980,2.277,9.369,0.081,-0.043,-0.010,-0.040,1744,0,0
1210000,2.253,9.507,0.031,-0.029,-0.003,-0.026,1744,0,0
1210020,2.298,9.503,0.002,-0.069,0.002,-0.007,1743,0,0
1210040,2.308,9.364,0.065,-0.106,0.007,-0.010,1745,0,0
1210060,2.337,9.290,0.139,-0.067,0.011,-0.008,1744,0,0
1210080,2.318,9.280,0.120,-0.038,0.009,-0.009,1744,0,0
1210100,2.294,9.318,0.129,-0.053,0.007,-0.010,1744,0,0
1210120,2.243,9.342,0.089,-0.060,0.005,-0.010,1745,0,0
1210140,2.267,9.357,0.050,-0.074,0.005,-0.010,1744,0,0
1210160,2.313,9.388,0.105,-0.070,0.019,-0.009,1745,0,0
1210180,2.322,9.380,0.163,-0.043,0.024,0.000,1744,0,0
1210200,2.279,9.359,0.129,-0.070,0.017,0.003,1744,0,0
1210220,2.263,9.316,0.108,-0.080,0.013,-0.001,1745,0,0
1210241,2.234,9.287,0.165,-0.076,0.010,-0.003,1744,0,0
1210260,2.210,9.270,0.172,-0.065,0.007,-0.003,1744,0,0
1210280,2.260,9.244,0.093,-0.043,0.002,-0.005,1744,0,0
1210300,2.286,9.292,0.065,-0.040,0.003,-0.008,1744,0,0
1210321,2.332,9.321,0.101,-0.081,0.008,-0.016,1744,0,0
1210340,2.310,9.309,0.165,-0.095,0.013,-0.017,1744,0,0
1210360,2.251,9.325,0.182,-0.072,0.006,-0.012,1744,0,0
1210380,2.291,9.383,0.148,-0.038,-0.001,0.000,1745,0,0
1210400,2.279,9.378,0.117,-0.047,-0.007,-0.001,1744,0,0
1210421,2.296,9.349,0.036,-0.060,-0.009,-0.005,1743,0,0
1210440,2.289,9.366,-0.010,-0.052,0.005,-0.005,1744,0,0
1210460,2.248,9.426,0.036,-0.051,0.025,0.009,1744,0,0
1210480,2.296,9.359,0.124,-0.073,0.018,0.014,1744,0,0
1210500,2.342,9.213,0.208,-0.087,0.009,0.007,1744,0,0
1210520,2.327,9.196,0.160,-0.058,0.001,-0.010,1744,0,0
1210540,2.291,9.323,0.062,-0.043,0.005,-0.014,1743,0,0
1210560,2.315,9.397,0.043,-0.063,0.017,-0.003,1743,0,0
1210580,2.308,9.340,0.206,-0.094,0.026,0.004,1743,0,0
1210600,2.258,9.270,0.278,-0.099,-0.002,-0.005,1744,0,0
1210620,2.318,9.251,0.113,-0.049,-0.018,-0.001,1743,0,0
1210641,2.322,9.220,0.024,-0.064,-0.013,-0.015,1742,0,0
1210660,2.318,9.285,0.034,-0.091,0.002,-0.017,1743,0,0
1210680,2.284,9.299,0.072,-0.072,0.005,-0.014,1743,0,0
1210700,2.327,9.299,0.053,-0.079,0.005,-0.019,1743,0,0
1210720,2.354,9.246,0.062,-0.094,0.007,-0.024,1743,0,0
1210740,2.322,9.311,0.041,-0.046,0.011,-0.026,1742,0,0
1210760,2.351,9.438,0.120,-0.043,-0.012,-0.018,1743,0,0
1210780,2.267,9.450,0.031,-0.071,0.014,-0.019,1742,0,0
1210800,2.258,9.366,-0.031,-0.051,0.008,-0.005,1742,0,0
1210820,2.265,9.373,-0.002,-0.030,0.009,0.001,1741,0,0
1210841,2.380,9.278,-0.034,0.007,0.010,-0.003,1739,0,0
1210860,2.442,9.210,0.318,0.008,-0.011,0.001,1736,0,0
1210880,2.485,9.196,0.488,0.076,-0.077,0.002,1724,0,0
1210900,2.468,9.143,0.656,0.138,-0.168,-0.007,1700,0,0
1210920,2.447,9.146,0.189,0.253,-0.144,-0.048,1634,0,0
1210940,2.203,9.567,-0.283,0.306,-0.095,-0.035,1583,0,0
1210960,2.126,9.934,-0.225,0.208,-0.107,0.100,1559,0,0
1210980,2.638,9.524,0.491,-0.039,-0.330,0.217,1519,0,0
1211000,2.301,9.086,-0.429,-0.290,-0.326,0.271,1505,0,0
1211020,2.358,9.196,-0.321,-0.052,-0.387,0.228,1490,0,0
1211041,2.643,9.242,0.081,0.013,-0.441,0.186,1441,0,0
1211060,2.993,9.687,0.936,-0.054,-0.618,0.319,1384,0,0
1211080,2.389,10.089,0.419,-0.221,-0.803,0.490,1338,0,0
1211100,1.872,9.424,-1.199,-0.244,-0.658,0.417,1306,0,0
1211120,2.607,9.234,-1.173,-0.073,-0.443,0.226,1247,0,0
1211140,2.612,9.261,-0.378,-0.176,-0.327,0.115,1183,0,0
1211160,2.253,8.605,-0.129,-0.343,-0.355,0.139,1134,0,0
1211180,2.571,8.253,0.225,-0.056,-0.405,0.066,1094,0,0
1211200,2.660,8.837,0.146,0.173,-0.455,0.040,1056,0,0
1211220,3.065,9.479,-0.759,0.094,-0.387,-0.066,1043,0,0
1211240,3.163,9.369,-0.833,-0.102,-0.157,-0.068,1039,0,0
1211260,2.935,9.098,-0.570,-0.141,-0.050,-0.039,1037,0,0
1211280,2.701,9.309,-0.646,0.042,0.003,0.026,1030,0,0
1211300,2.770,9.850,-0.752,0.030,0.039,0.011,1024,0,0
1211321,2.945,9.641,-0.771,-0.112,0.068,0.039,1024,0,0
1211340,3.021,9.371,-0.520,-0.176,0.057,0.056,1034,0,0
1211360,3.096,9.129,-0.467,-0.187,0.046,0.025,1038,0,0
1211380,3.079,9.232,-0.364,-0.102,0.064,0.015,1040,0,0
1211400,3.112,9.275,-0.510,-0.046,0.110,0.036,1040,0,0
1211420,2.878,9.292,-0.500,-0.062,0.145,0.061,1040,0,0
1211440,2.691,9.172,-0.182,-0.106,0.080,0.074,1041,0,0
1211460,2.933,8.878,-0.223,-0.122,-0.005,0.051,1043,0,0
1211481,3.225,8.878,-0.230,-0.038,-0.009,0.042,1047,0,0
1211500,3.045,9.143,-0.146,-0.003,0.033,0.022,1051,0,0
1211520,2.897,9.088,-0.148,-0.027,0.003,0.021,1052,0,0
1211540,2.808,9.199,-0.208,-0.024,-0.054,0.023,1053,0,0
1211560,2.914,9.266,-0.290,-0.044,-0.080,0.035,1056,0,0
1211580,3.127,9.074,-0.378,-0.059,-0.062,0.033,1059,0,0
1211600,3.132,8.892,-0.414,-0.032,-0.018,0.011,1062,0,0
1211620,3.081,9.050,-0.400,-0.032,-0.024,-0.002,1064,0,0
1211640,3.170,8.969,-0.385,-0.070,-0.064,-0.011,1067,0,0
1211661,3.383,8.983,-0.522,-0.056,-0.106,-0.039,1069,0,0
1211680,3.603,9.055,-0.922,-0.071,-0.077,-0.068,1071,0,0
1211700,3.460,9.021,-1.099,-0.067,-0.032,-0.087,1072,0,0
1211720,3.266,9.208,-1.372,0.042,-0.037,-0.120,1072,0,0
1211740,3.117,9.900,-1.963,0.124,-0.011,-0.090,1072,0,0
1211761,2.863,10.204,-2.533,0.083,0.072,-0.023,1073,0,0
1211780,2.322,10.199,-2.945,0.024,0.169,0.035,1074,0,0
1211800,1.949,10.123,-3.417,0.039,0.333,0.092,1074,0,0
1211820,1.662,10.032,-3.625,0.028,0.533,0.148,1074,0,0
1211840,1.300,9.603,-3.421,0.002,0.773,0.197,1074,0,0
1211860,0.972,9.256,-3.134,0.015,0.964,0.222,1075,0,0
1211881,0.788,9.120,-2.442,-0.008,1.155,0.249,1073,0,0
1211900,0.385,8.739,-1.580,-0.007,1.280,0.236,1075,0,0
1211920,-0.002,8.605,-1.192,0.111,1.367,0.183,1076,0,0
1211940,-0.156,8.784,-0.962,0.200,1.431,0.123,1075,0,0
1211960,-0.127,9.333,0.029,0.279,1.527,0.144,1076,0,0
1211980,-0.359,9.232,1.166,0.225,1.487,0.130,1077,0,0
1212000,-0.496,8.636,1.549,0.332,1.407,0.039,1077,0,0
1212020,-0.218,8.753,1.592,0.532,1.351,-0.038,1077,0,0
1212040,0.534,9.258,2.155,0.568,1.374,-0.039,1078,0,0
1212060,0.986,8.882,3.275,0.458,1.296,-0.029,1079,0,0
1212080,1.669,8.468,3.809,0.455,1.087,-0.110,1080,0,0
1212101,2.289,8.885,4.379,0.366,0.877,-0.265,1081,0,0
1212120,2.763,9.407,4.817,0.354,0.682,-0.302,1083,0,0
1212140,3.462,10.262,5.241,0.227,0.476,-0.193,1081,0,0
1212160,4.204,10.113,5.657,-0.103,0.209,-0.086,1083,0,0
1212181,4.798,9.701,5.954,-0.333,-0.130,-0.079,1083,0,0
1212200,5.071,9.388,5.875,-0.360,-0.456,-0.206,1083,0,0
1212220,5.045,9.735,5.452,-0.142,-0.787,-0.298,1082,0,0
1212240,5.037,10.525,4.331,-0.150,-1.078,-0.258,1083,0,0
1212260,5.174,10.221,3.259,-0.469,-1.326,-0.130,1080,0,0
1212280,5.241,9.565,2.454,-0.789,-1.523,-0.092,1084,0,0
1212300,5.497,9.421,1.484,-0.959,-1.648,-0.097,1082,0,0
1212320,5.648,9.196,0.747,-1.069,-1.684,-0.042,1082,0,0
1212340,5.756,8.358,0.232,-1.124,-1.724,0.000,1082,0,0
1212360,5.732,7.992,-0.342,-1.076,-1.787,-0.106,1082,0,0
1212380,5.437,8.274,-1.051,-0.977,-1.840,-0.193,1083,0,0
1212400,5.229,8.768,-2.064,-0.694,-1.815,-0.232,1083,0,0
1212420,5.222,9.919,-3.275,-0.496,-1.678,-0.154,1083,0,0
1212440,5.167,9.708,-3.948,-0.734,-1.500,0.045,1082,0,0
1212460,4.681,8.691,-3.905,-0.848,-1.434,0.102,1082,0,0
1212481,4.436,8.586,-4.250,-0.565,-1.344,-0.017,1082,0,0
1212500,4.314,9.668,-4.913,-0.126,-1.093,-0.077,1081,0,0
1212520,4.061,10.772,-4.946,-0.152,-0.795,0.106,1081,0,0
1212540,3.881,9.325,-4.221,-0.505,-0.615,0.258,1081,0,0
1212560,3.328,7.977,-3.637,-0.296,-0.552,0.099,1083,0,0
1212580,2.914,8.590,-3.953,0.160,-0.407,-0.125,1082,0,0
1212600,2.571,9.512,-3.891,0.462,-0.114,-0.166,1083,0,0
1212621,1.908,10.250,-3.194,0.281,0.079,-0.044,1082,0,0
1212640,1.439,9.234,-2.962,-0.013,0.168,-0.029,1083,0,0
1212660,0.694,8.614,-2.720,0.063,0.276,-0.133,1083,0,0
1212681,-0.098,8.971,-2.715,0.221,0.351,-0.231,1084,0,0
1212700,-0.613,9.881,-2.842,0.249,0.466,-0.273,1083,0,0
1212720,-1.257,10.427,-2.672,0.249,0.642,-0.215,1083,0,0
1212740,-1.595,10.302,-2.380,0.221,0.815,-0.154,1083,0,0
1212760,-1.867,10.159,-2.085,0.223,0.966,-0.105,1084,0,0
1212780,-1.882,10.063,-2.018,0.219,1.114,-0.025,1085,0,0
1212800,-1.935,10.094,-1.501,0.247,1.341,0.051,1085,0,0
1212820,-1.932,9.957,-0.836,0.218,1.523,0.118,1086,0,0
1212840,-1.808,9.443,-0.019,0.133,1.658,0.191,1087,0,0
1212860,-1.549,9.103,0.802,0.120,1.749,0.189,1087,0,0
1212880,-1.693,9.311,1.657,0.149,1.811,0.175,1087,0,0
1212900,-1.678,9.215,2.399,0.176,1.814,0.155,1087,0,0
1212921,-1.468,9.359,2.907,0.335,1.749,0.134,1087,0,0
1212940,-1.099,9.752,3.321,0.457,1.697,0.151,1088,0,0
1212960,-0.891,9.479,3.989,0.491,1.619,0.173,1088,0,0
1212981,-0.299,9.313,4.343,0.589,1.446,0.120,1088,0,0
1213000,0.486,9.215,4.348,0.694,1.314,0.091,1088,0,0
1213020,1.037,9.167,4.563,0.696,1.226,0.108,1089,0,0
1213040,1.058,9.313,5.313,0.508,1.044,0.050,1089,0,0
1213060,1.448,9.357,5.562,0.363,0.751,-0.007,1088,0,0
1213080,2.365,9.134,5.516,0.300,0.525,-0.074,1090,0,0
1213100,2.890,9.208,5.612,0.244,0.263,-0.147,1090,0,0
1213120,3.560,9.771,5.478,0.153,-0.023,-0.205,1090,0,0
1213140,4.338,10.269,5.282,-0.058,-0.308,-0.158,1090,0,0
1213160,4.523,10.226,5.550,-0.531,-0.612,-0.176,1090,0,0
1213180,3.903,11.662,6.290,0.215,-0.958,-0.212,1090,0,0
1213200,5.689,10.238,4.836,-0.189,-1.141,-0.273,1090,0,0
1213220,5.866,10.252,3.627,-0.550,-1.458,-0.161,1090,0,0
1213240,5.614,9.799,2.859,-1.010,-1.748,-0.185,1090,0,0
1213260,5.646,9.977,1.401,-0.719,-1.898,-0.192,1090,0,0
1213280,6.144,9.759,-0.132,-1.100,-1.988,-0.122,1090,0,0
1213300,6.505,8.811,-1.173,-0.912,-1.836,-0.106,1090,0,0
1213321,6.163,9.129,-1.269,-1.116,-1.776,-0.050,1090,0,0
1213340,5.789,8.279,-1.393,-1.406,-1.856,0.058,1091,0,0
1213360,5.504,7.427,-2.057,-1.037,-1.907,-0.053,1090,0,0
1213380,5.514,8.320,-3.397,-0.409,-1.804,-0.182,1091,0,0
1213401,5.224,9.835,-3.972,-0.396,-1.531,-0.085,1090,0,0
1213420,4.161,9.251,-3.955,-0.897,-1.458,-0.024,1090,0,0
1213440,3.852,8.708,-4.690,-0.760,-1.394,-0.085,1091,0,0
1213461,3.677,9.249,-5.368,-0.176,-1.156,-0.100,1090,0,0
1213480,2.990,10.094,-5.306,0.086,-0.856,-0.139,1091,0,0
1213500,2.416,11.200,-5.258,0.096,-0.625,-0.116,1092,0,0
1213520,2.260,11.291,-4.903,-0.187,-0.390,0.108,1093,0,0
1213540,2.033,9.304,-4.298,-0.357,-0.220,0.142,1093,0,0
1213560,1.767,8.569,-3.917,-0.070,-0.011,0.024,1092,0,0
1213580,0.752,9.153,-3.124,0.140,0.087,-0.032,1093,0,0
1213600,0.462,9.603,-3.005,0.232,0.216,-0.037,1095,0,0
1213620,0.254,9.687,-2.966,0.193,0.436,-0.006,1098,0,0
1213640,-0.110,8.811,-2.758,0.034,0.656,-0.078,1098,0,0
1213660,-0.795,9.170,-2.358,0.217,0.804,-0.179,1099,0,0
1213680,-0.960,9.900,-1.853,0.269,0.985,-0.137,1099,0,0
1213700,-1.209,10.247,-0.783,0.146,1.151,-0.035,1100,0,0
1213720,-1.365,9.833,-0.050,0.027,1.246,0.016,1101,0,0
1213740,-1.417,9.878,0.579,0.250,1.281,0.039,1101,0,0
1213760,-0.977,10.793,1.762,0.351,1.361,0.146,1101,0,0
1213780,-0.548,10.216,3.021,0.097,1.343,0.270,1101,0,0
1213800,0.227,9.088,3.759,-0.024,1.217,0.319,1101,0,0
1213820,1.085,8.574,4.460,0.066,1.066,0.316,1102,0,0
1213841,1.750,8.416,4.841,0.237,0.876,0.255,1102,0,0
1213860,2.210,8.308,4.877,0.316,0.705,0.175,1102,0,0
1213880,2.686,8.720,4.630,0.324,0.532,0.084,1103,0,0
1213900,3.062,9.050,4.372,0.242,0.363,0.070,1103,0,0
1213920,3.189,9.079,3.953,0.157,0.213,0.036,1102,0,0
1213940,3.144,9.057,3.259,0.144,0.074,-0.006,1103,0,0
1213960,3.321,9.522,2.308,0.184,0.022,-0.041,1102,0,0
1213980,3.165,9.859,1.899,-0.003,0.000,-0.005,1103,0,0
1214000,3.077,9.349,1.530,-0.193,-0.043,0.024,1103,0,0
1214021,2.952,9.158,1.142,-0.172,-0.100,0.030,1103,0,0
1214040,3.024,9.352,0.582,-0.141,-0.105,0.034,1103,0,0
1214060,2.935,9.299,0.378,-0.232,-0.084,0.050,1103,0,0
1214080,2.777,9.009,0.484,-0.257,-0.099,0.039,1103,0,0
1214100,2.770,8.935,0.294,-0.192,-0.130,0.003,1103,0,0
1214120,2.744,9.158,-0.081,-0.149,-0.123,0.001,1103,0,0
1214140,2.559,9.153,-0.177,-0.164,-0.106,0.011,1104,0,0
1214160,2.523,9.134,-0.120,-0.148,-0.082,0.035,1104,0,0
1214180,2.562,8.954,0.091,-0.138,-0.081,0.027,1104,0,0
1214200,2.693,8.959,0.072,-0.098,-0.082,-0.004,1108,0,0
1214220,2.564,9.074,0.342,-0.052,-0.099,-0.027,1114,0,0
1214240,2.622,8.875,0.362,0.026,-0.138,-0.038,1122,0,0
1214260,2.461,9.129,0.376,0.160,-0.139,-0.076,1134,0,0
1214280,2.037,9.220,0.663,0.133,-0.228,-0.100,1138,0,0
1214300,2.705,9.292,0.335,0.077,-0.222,-0.185,1144,0,0
1214320,2.301,8.844,0.472,0.054,-0.156,-0.217,1169,0,0
1214340,2.021,9.002,0.333,0.172,-0.189,-0.216,1213,0,0
1214360,2.574,8.751,0.010,0.305,-0.140,-0.208,1280,0,0
1214380,2.308,9.153,-0.053,0.221,-0.077,-0.309,1376,0,0
1214400,2.052,9.522,-0.915,0.043,-0.002,-0.326,1510,0,0
1214420,2.931,9.258,-2.296,-0.165,0.300,-0.345,1632,0,0
1214440,3.740,8.842,-2.514,-0.238,0.965,-0.399,1718,0,0
1214460,3.177,7.934,-0.615,0.234,1.586,-0.519,1758,0,0
1214480,2.435,8.672,3.855,1.057,0.460,-0.705,1787,0,0
1214500,2.116,8.940,1.305,-0.073,0.315,-0.418,1823,0,0
1214521,2.126,10.005,0.069,-0.914,0.191,-0.228,1852,0,0
1214541,2.229,9.606,-0.038,-0.408,0.047,-0.232,1869,0,0
1214560,2.042,9.316,-0.168,-0.282,-0.021,-0.228,1876,0,0
1214580,1.568,9.697,-0.443,-0.506,0.103,-0.202,1884,0,0
1214600,1.530,10.003,-0.373,-0.014,0.063,-0.128,1890,0,0
1214620,1.669,10.396,-0.050,0.188,-0.133,-0.056,1891,0,0
1214640,1.913,10.025,0.283,-0.329,-0.105,-0.036,1893,0,0
1214660,2.021,9.431,0.057,-0.422,-0.078,-0.010,1892,0,0
1214680,2.037,9.299,-0.129,-0.060,-0.025,0.001,1889,0,0
1214701,1.812,9.615,-0.170,0.033,0.039,-0.007,1886,0,0
1214720,1.676,9.522,0.089,-0.147,0.013,-0.010,1887,0,0
1214740,1.786,9.419,0.316,-0.139,-0.030,0.014,1886,0,0
1214760,1.817,9.347,0.433,-0.095,-0.037,0.034,1884,0,0
1214780,1.848,9.215,0.426,-0.085,-0.034,0.025,1877,0,0
1214800,1.762,9.084,0.283,-0.019,-0.015,-0.016,1871,0,0
1214820,1.599,9.170,0.110,-0.001,0.000,-0.020,1867,0,0
1214840,1.731,9.357,0.388,-0.007,-0.054,0.013,1868,0,0
1214860,1.954,9.380,0.278,-0.066,-0.053,0.008,1866,0,0
1214880,1.935,9.170,0.409,-0.115,0.006,-0.040,1863,0,0
1214900,1.765,9.175,0.426,-0.046,0.023,-0.065,1857,0,0
1214920,1.688,9.469,0.371,0.036,-0.005,-0.068,1854,0,0
1214940,1.738,9.701,0.414,-0.017,-0.017,-0.044,1849,0,0
1214960,1.767,9.529,0.419,-0.106,-0.024,-0.017,1846,0,0
1214980,1.793,9.392,0.395,-0.093,-0.022,-0.012,1845,0,0
1215000,1.793,9.345,0.287,-0.055,-0.019,-0.033,1843,0,0
1215021,1.839,9.421,0.335,-0.063,-0.006,-0.041,1840,0,0
1215040,1.856,9.517,0.378,-0.036,0.005,-0.033,1839,0,0
1215060,1.846,9.629,0.469,-0.046,-0.005,-0.020,1837,0,0
1215104,1.779,9.450,0.486,-0.098,-0.080,0.011,1833,0,0
1215116,1.812,9.450,0.362,-0.063,-0.087,0.021,1835,0,0
1215127,1.853,9.467,0.278,-0.032,-0.082,0.026,1834,0,0
1215141,1.865,9.469,0.175,-0.026,-0.070,0.025,1831,0,0
1215160,1.808,9.493,0.168,-0.037,-0.063,0.012,1829,0,0
1215180,1.784,9.507,0.101,-0.047,-0.060,0.017,1825,0,0
1215200,1.791,9.524,0.177,-0.049,-0.043,0.034,1824,0,0
1215220,1.798,9.409,0.170,-0.053,-0.036,0.048,1823,0,0
1215241,1.769,9.395,0.067,-0.027,-0.035,0.042,1822,0,0
1215260,1.851,9.412,-0.053,-0.008,-0.033,0.032,1821,0,0
1215280,1.846,9.388,-0.139,-0.040,-0.019,0.028,1820,0,0
1215300,1.870,9.357,-0.077,-0.070,0.011,0.029,1817,0,0
1215320,1.803,9.268,0.108,-0.055,0.034,0.027,1818,0,0
1215341,1.834,9.301,0.146,-0.011,0.042,0.020,1816,0,0
1215360,1.712,9.378,0.163,-0.009,0.049,0.017,1815,0,0
1215380,1.851,9.340,0.275,-0.048,0.034,0.033,1815,0,0
1215400,1.882,9.230,0.302,-0.039,0.032,0.027,1814,0,0
1215420,1.882,9.242,0.352,-0.037,0.025,0.003,1814,0,0
1215440,1.970,9.287,0.347,-0.036,0.018,-0.006,1811,0,0
1215460,1.966,9.366,0.345,-0.046,0.017,-0.009,1812,0,0
1215480,1.879,9.366,0.316,-0.068,0.003,-0.015,1811,0,0
1215500,1.851,9.419,0.263,-0.039,-0.003,-0.015,1810,0,0
1215520,1.810,9.469,0.168,-0.019,0.002,-0.007,1809,0,0
1215540,1.810,9.445,0.072,-0.047,-0.000,0.006,1808,0,0
1215560,1.856,9.352,0.014,-0.062,0.015,0.007,1808,0,0
1215580,1.836,9.246,0.136,-0.064,0.041,-0.005,1807,0,0
1215600,1.774,9.194,0.187,-0.041,0.038,-0.019,1806,0,0
1215620,1.805,9.234,0.127,-0.021,0.027,-0.025,1804,0,0
1215640,1.817,9.287,0.031,-0.031,0.021,-0.029,1802,0,0
1215660,1.966,9.306,0.041,-0.030,0.024,-0.034,1802,0,0
1215680,1.999,9.378,0.177,-0.048,0.046,-0.040,1801,0,0
1215700,1.956,9.409,0.385,-0.050,0.051,-0.035,1799,0,0
1215720,1.848,9.515,0.371,-0.025,0.025,-0.027,1798,0,0
1215740,1.870,9.562,0.271,-0.018,-0.005,-0.022,1795,0,0
1215760,1.942,9.594,0.160,-0.044,-0.010,-0.015,1796,0,0
1215780,1.930,9.522,0.141,-0.052,-0.001,-0.010,1795,0,0
1215800,1.870,9.565,0.180,-0.031,0.011,0.001,1794,0,0
1215821,1.791,9.620,0.223,-0.023,0.006,0.009,1792,0,0
1215840,1.805,9.546,0.184,-0.066,-0.010,0.022,1792,0,0
1215860,1.877,9.416,0.103,-0.052,-0.009,0.033,1791,0,0
1215880,1.903,9.390,0.098,-0.026,0.002,0.028,1790,0,0
1215900,1.937,9.376,0.101,-0.056,0.013,0.018,1790,0,0
1215920,1.923,9.390,0.120,-0.073,0.016,0.015,1789,0,0
1215940,1.877,9.330,0.199,-0.099,0.014,0.003,1788,0,0
1215961,1.822,9.311,0.192,-0.074,0.004,0.003,1786,0,0
1215980,1.834,9.414,0.141,-0.016,-0.006,0.013,1786,0,0
1216000,1.853,9.450,0.079,-0.025,0.008,0.019,1783,0,0
1216020,1.827,9.369,0.055,-0.077,0.006,0.018,1782,0,0
1216040,1.872,9.270,0.089,-0.098,0.004,0.000,1782,0,0
1216060,1.877,9.227,0.120,-0.087,0.010,-0.009,1782,0,0
1216080,1.896,9.359,0.120,-0.019,0.019,-0.008,1782,0,0
1216100,1.949,9.452,0.220,-0.030,0.012,-0.009,1781,0,0
1216120,1.980,9.390,0.189,-0.095,0.002,-0.006,1781,0,0
1216140,1.994,9.299,0.156,-0.091,-0.008,-0.007,1781,0,0
1216160,1.923,9.335,0.129,-0.064,-0.012,-0.014,1780,0,0
1216180,1.808,9.428,0.184,-0.043,-0.015,-0.010,1779,0,0
1216200,1.846,9.457,0.096,-0.041,-0.014,-0.001,1779,0,0
1216220,1.863,9.311,-0.005,-0.074,-0.013,-0.002,1778,0,0
1216240,1.925,9.301,-0.069,-0.059,0.004,-0.012,1776,0,0
1216260,1.856,9.438,0.029,-0.052,0.027,-0.024,1776,0,0
1216280,1.817,9.450,0.204,-0.077,0.019,-0.015,1777,0,0
1216300,1.867,9.373,0.204,-0.072,0.009,0.005,1776,0,0
1216321,1.958,9.215,0.158,-0.059,0.000,-0.005,1776,0,0
1216340,1.963,9.244,0.122,-0.050,0.004,-0.023,1775,0,0
1216360,1.882,9.402,0.093,-0.037,0.012,-0.026,1774,0,0
1216380,1.815,9.457,0.113,-0.051,0.008,-0.013,1772,0,0
1216400,1.882,9.419,0.086,-0.069,0.004,-0.008,1773,0,0
1216420,1.978,9.323,0.074,-0.060,0.008,-0.016,1774,0,0
1216440,1.946,9.357,0.113,-0.052,0.005,-0.028,1772,0,0
1216460,1.906,9.481,0.074,-0.042,-0.006,-0.028,1771,0,0
1216480,1.901,9.512,0.034,-0.042,-0.004,-0.011,1771,0,0
1216500,1.930,9.483,-0.060,-0.042,0.013,0.003,1768,0,0
1216520,1.942,9.371,-0.057,-0.071,0.030,0.001,1768,0,0
1216541,1.863,9.342,0.101,-0.083,0.040,-0.015,1769,0,0
1216560,1.791,9.359,0.204,-0.057,0.012,-0.021,1767,0,0
1216580,1.848,9.483,0.122,-0.026,-0.002,-0.011,1769,0,0
1216600,1.841,9.476,0.022,-0.025,0.009,0.000,1765,0,0
1216620,1.863,9.354,0.041,-0.071,0.017,0.008,1765,0,0
