1164259,2.138,9.203,0.541,-0.043,-0.005,-0.013,1733,0,0
1164279,2.116,9.299,0.522,-0.071,0.006,-0.012,1733,0,0
1164299,2.114,9.306,0.587,-0.092,0.010,-0.009,1733,0,0
1164319,2.126,9.275,0.668,-0.068,0.004,-0.005,1733,0,0
1164339,2.138,9.251,0.618,-0.057,-0.007,-0.006,1734,0,0
1164359,2.131,9.230,0.534,-0.063,-0.018,-0.013,1732,0,0
1164379,2.143,9.342,0.429,-0.046,-0.004,-0.018,1732,0,0
1164399,2.136,9.428,0.467,-0.048,0.012,-0.013,1731,0,0
1164419,2.157,9.409,0.565,-0.074,0.018,-0.005,1732,0,0
1164439,2.215,9.304,0.627,-0.074,0.015,-0.001,1732,0,0
1164459,2.258,9.282,0.668,-0.056,0.014,-0.007,1732,0,0
1164479,2.234,9.311,0.745,-0.056,0.006,-0.009,1732,0,0
1164499,2.207,9.337,0.706,-0.049,-0.003,0.001,1732,0,0
1164519,2.251,9.311,0.622,-0.058,-0.011,0.005,1733,0,0
1164539,2.222,9.294,0.587,-0.064,-0.009,0.003,1732,0,0
1164559,2.195,9.306,0.548,-0.050,-0.011,-0.001,1732,0,0
1164579,2.128,9.369,0.520,-0.048,-0.011,0.001,1732,0,0
1164599,2.119,9.371,0.443,-0.051,-0.007,0.002,1733,0,0
1164619,2.167,9.325,0.417,-0.063,0.009,0.009,1732,0,0
1164639,2.184,9.299,0.488,-0.062,0.019,0.005,1732,0,0
1164659,2.181,9.311,0.611,-0.057,0.026,0.005,1732,0,0
1164679,2.172,9.309,0.656,-0.051,0.013,0.008,1732,0,0
1164699,2.200,9.246,0.634,-0.055,0.006,0.009,1731,0,0
1164719,2.181,9.220,0.649,-0.058,0.006,0.005,1731,0,0
1164739,2.162,9.227,0.627,-0.061,0.001,-0.000,1731,0,0
1164759,2.155,9.292,0.577,-0.046,-0.006,-0.004,1730,0,0
1164779,2.215,9.318,0.539,-0.039,0.000,-0.001,1731,0,0
1164799,2.236,9.251,0.570,-0.074,0.002,-0.005,1731,0,0
1164819,2.260,9.220,0.579,-0.078,0.002,-0.013,1731,0,0
1164839,2.195,9.275,0.646,-0.053,0.002,-0.012,1731,0,0
1164859,2.133,9.342,0.594,-0.040,-0.013,-0.004,1732,0,0
1164879,2.167,9.330,0.469,-0.051,-0.015,-0.003,1731,0,0
1164899,2.184,9.251,0.443,-0.068,-0.002,-0.011,1731,0,0
1164919,2.239,9.263,0.500,-0.058,0.008,-0.013,1731,0,0
1164939,2.248,9.278,0.546,-0.072,0.016,-0.015,1731,0,0
1164959,2.227,9.270,0.596,-0.080,0.012,-0.017,1730,0,0
1164979,2.181,9.354,0.555,-0.044,0.003,-0.009,1731,0,0
1164999,2.205,9.385,0.486,-0.039,0.000,-0.005,1731,0,0
1165019,2.176,9.299,0.474,-0.080,-0.001,-0.007,1731,0,0
1165039,2.181,9.273,0.431,-0.054,0.002,-0.010,1730,0,0
1165059,2.193,9.337,0.405,-0.039,0.022,-0.001,1731,0,0
1165079,2.179,9.285,0.522,-0.072,0.035,0.002,1730,0,0
1165099,2.191,9.234,0.637,-0.073,0.032,-0.007,1731,0,0
1165119,2.174,9.206,0.663,-0.067,0.018,-0.018,1730,0,0
1165139,2.176,9.254,0.615,-0.055,0.009,-0.020,1730,0,0
1165159,2.210,9.256,0.618,-0.063,0.005,-0.018,1731,0,0
1165179,2.210,9.285,0.589,-0.048,0.011,-0.016,1731,0,0
1165199,2.200,9.328,0.555,-0.047,0.006,-0.017,1730,0,0
1165219,2.200,9.309,0.498,-0.075,0.008,-0.017,1731,0,0
1165239,2.184,9.263,0.522,-0.072,0.012,-0.019,1731,0,0
1165259,2.174,9.304,0.548,-0.045,0.008,-0.022,1731,0,0
1165279,2.167,9.390,0.534,-0.058,0.010,-0.015,1731,0,0
1165299,2.181,9.366,0.517,-0.057,0.009,-0.010,1730,0,0
1165319,2.231,9.349,0.472,-0.065,0.007,-0.008,1731,0,0
1165339,2.227,9.342,0.479,-0.065,0.018,-0.016,1730,0,0
1165359,2.145,9.397,0.546,-0.046,0.021,-0.013,1729,0,0
1165379,2.160,9.380,0.565,-0.060,0.012,-0.003,1730,0,0
1165399,2.191,9.313,0.510,-0.084,0.010,0.002,1730,0,0
1165419,2.236,9.213,0.543,-0.075,0.019,-0.002,1730,0,0
1165439,2.200,9.215,0.591,-0.066,0.025,-0.014,1731,0,0
1165459,2.138,9.311,0.642,-0.063,0.017,-0.023,1730,0,0
1165479,2.126,9.359,0.591,-0.074,-0.005,-0.015,1731,0,0
1165499,2.193,9.256,0.498,-0.075,0.002,-0.011,1730,0,0
1165519,2.121,9.299,0.551,-0.068,0.023,-0.010,1730,0,0
1165539,2.100,9.297,0.589,-0.060,0.020,-0.010,1730,0,0
1165559,2.102,9.213,0.613,-0.079,0.007,-0.015,1731,0,0
1165579,2.167,9.196,0.515,-0.068,-0.004,-0.025,1730,0,0
1165599,2.176,9.244,0.486,-0.055,0.006,-0.030,1730,0,0
1165619,2.157,9.301,0.551,-0.068,0.025,-0.025,1730,0,0
1165639,2.112,9.318,0.608,-0.070,0.019,-0.025,1729,0,0
1165659,2.179,9.297,0.553,-0.076,0.012,-0.029,1730,0,0
1165679,2.105,9.335,0.567,-0.064,0.017,-0.034,1732,0,0
1165699,2.128,9.352,0.539,-0.049,0.011,-0.027,1730,0,0
1165719,2.145,9.404,0.536,-0.061,0.018,-0.017,1730,0,0
1165739,2.109,9.395,0.618,-0.078,0.025,-0.010,1730,0,0
1165759,2.121,9.347,0.658,-0.058,0.017,-0.006,1730,0,0
1165779,2.148,9.275,0.642,-0.050,0.000,-0.011,1729,0,0
1165799,2.136,9.256,0.589,-0.045,-0.005,-0.018,1730,0,0
1165819,2.169,9.366,0.534,-0.035,0.002,-0.018,1729,0,0
1165839,2.179,9.392,0.548,-0.058,0.014,-0.011,1729,0,0
1165859,2.148,9.361,0.611,-0.086,0.014,-0.009,1729,0,0
1165879,2.128,9.311,0.620,-0.066,0.001,-0.005,1729,0,0
1165899,2.162,9.290,0.577,-0.034,-0.004,-0.003,1730,0,0
1165919,2.160,9.292,0.527,-0.058,0.003,-0.008,1729,0,0
1165939,2.136,9.287,0.522,-0.068,0.008,-0.011,1730,0,0
1165959,2.097,9.268,0.567,-0.069,0.002,-0.013,1730,0,0
1165979,2.114,9.304,0.515,-0.052,-0.002,-0.012,1730,0,0
1165999,2.145,9.325,0.524,-0.050,0.003,-0.011,1730,0,0
1166019,2.136,9.282,0.541,-0.070,0.008,-0.017,1729,0,0
1166039,2.160,9.270,0.524,-0.068,0.011,-0.013,1730,0,0
1166059,2.152,9.254,0.563,-0.058,0.014,-0.016,1730,0,0
1166079,2.145,9.268,0.563,-0.054,0.009,-0.017,1730,0,0
1166099,2.119,9.299,0.543,-0.045,0.002,-0.017,1730,0,0
1166119,2.121,9.323,0.527,-0.061,0.000,-0.020,1728,0,0
1166139,2.093,9.359,0.445,-0.056,0.002,-0.023,1729,0,0
1166159,2.188,9.167,0.460,-0.048,0.003,-0.027,1729,0,0
1166179,2.200,9.261,0.436,0.059,0.026,-0.049,1730,0,0
1166199,2.081,9.584,0.587,0.059,0.023,-0.016,1728,0,0
1166219,2.054,9.359,0.584,-0.104,-0.003,-0.007,1730,0,0
1166239,2.085,9.278,0.496,-0.048,-0.008,-0.021,1730,0,0
1166259,2.066,9.366,0.460,0.005,-0.007,-0.017,1728,0,0
1166279,2.140,9.304,0.421,-0.059,0.001,-0.019,1730,0,0
1166299,2.136,9.237,0.402,-0.017,0.018,-0.033,1730,0,0
1166319,2.081,9.438,0.491,0.038,0.026,-0.023,1729,0,0
1166339,2.097,9.400,0.579,-0.083,0.013,-0.017,1730,0,0
1166359,2.119,9.354,0.551,-0.067,0.001,-0.014,1730,0,0
1166379,2.107,9.364,0.539,-0.040,0.000,-0.014,1730,0,0
1166400,2.059,9.354,0.488,-0.082,0.003,-0.014,1731,0,0
1166419,2.064,9.395,0.484,-0.058,0.006,-0.006,1731,0,0
1166439,2.052,9.383,0.474,-0.042,0.004,-0.003,1730,0,0
1166459,2.083,9.325,0.431,-0.080,0.005,-0.005,1730,0,0
1166479,2.169,9.242,0.424,-0.080,0.014,-0.008,1731,0,0
1166499,2.116,9.270,0.517,-0.074,0.016,-0.015,1731,0,0
1166519,2.095,9.349,0.551,-0.071,0.005,-0.015,1730,0,0
1166539,2.090,9.359,0.524,-0.058,-0.001,-0.006,1730,0,0
1166559,2.045,9.313,0.488,-0.059,-0.012,-0.006,1730,0,0
1166579,2.109,9.361,0.381,-0.049,-0.014,-0.007,1730,0,0
1166599,2.085,9.378,0.366,-0.053,-0.006,-0.006,1729,0,0
1166619,2.100,9.321,0.330,-0.064,0.002,-0.000,1729,0,0
1166639,2.114,9.299,0.345,-0.051,0.009,-0.006,1730,0,0
1166659,2.105,9.304,0.407,-0.059,0.009,-0.005,1729,0,0
1166679,2.109,9.290,0.429,-0.054,0.004,-0.004,1729,0,0
1166699,2.093,9.301,0.395,-0.042,0.002,-0.007,1729,0,0
1166719,2.090,9.299,0.292,-0.033,0.005,-0.009,1729,0,0
1166739,2.116,9.325,0.316,-0.041,0.019,-0.010,1730,0,0
1166759,2.157,9.313,0.323,-0.059,0.020,-0.016,1729,0,0
1166779,2.143,9.433,0.338,-0.048,0.026,-0.015,1729,0,0
1166799,2.040,9.543,0.460,-0.045,0.041,-0.007,1729,0,0
1166819,2.035,9.522,0.491,-0.064,0.029,0.006,1731,0,0
1166839,2.088,9.419,0.512,-0.050,0.022,0.013,1729,0,0
1166859,2.138,9.467,0.455,-0.028,0.023,0.015,1729,0,0
1166879,2.145,9.464,0.460,-0.050,0.039,0.028,1729,0,0
1166899,2.097,9.297,0.611,-0.102,0.026,0.022,1730,0,0
1166919,2.138,9.323,0.577,-0.071,0.008,0.013,1729,0,0
1166939,2.164,9.359,0.467,-0.046,-0.001,0.008,1729,0,0
1166959,2.231,9.395,0.462,-0.076,0.010,0.014,1729,0,0
1166979,2.143,9.318,0.496,-0.091,0.018,0.015,1729,0,0
1166999,2.136,9.294,0.534,-0.093,0.003,0.015,1729,0,0
1167019,2.126,9.328,0.508,-0.083,-0.003,0.011,1728,0,0
1167039,2.076,9.328,0.467,-0.071,-0.011,0.014,1729,0,0
1167059,2.093,9.330,0.378,-0.048,-0.008,0.021,1729,0,0
1167079,2.102,9.330,0.362,-0.067,0.013,0.023,1728,0,0
1167099,2.064,9.294,0.457,-0.087,0.013,0.023,1729,0,0
1167119,2.085,9.206,0.524,-0.074,0.006,0.021,1729,0,0
1167139,2.140,9.165,0.472,-0.052,-0.003,0.013,1729,0,0
1167159,2.186,9.210,0.417,-0.051,0.003,0.005,1729,0,0
1167179,2.152,9.225,0.460,-0.069,0.013,0.005,1729,0,0
1167199,2.083,9.182,0.572,-0.079,0.010,0.006,1729,0,0
1167219,2.090,9.151,0.536,-0.068,-0.010,-0.006,1729,0,0
1167239,2.164,9.172,0.421,-0.045,-0.021,-0.017,1729,0,0
1167259,2.121,9.246,0.350,-0.039,-0.015,-0.025,1729,0,0
1167279,2.128,9.290,0.362,-0.046,0.005,-0.021,1729,0,0
1167299,2.102,9.242,0.409,-0.069,0.005,-0.014,1729,0,0
1167319,2.160,9.220,0.388,-0.059,-0.006,-0.024,1729,0,0
1167339,2.174,9.270,0.347,-0.045,0.002,-0.035,1729,0,0
1167359,2.160,9.335,0.438,-0.048,0.009,-0.035,1729,0,0
1167379,2.128,9.407,0.505,-0.043,0.015,-0.028,1728,0,0
1167399,2.105,9.436,0.520,-0.060,0.012,-0.013,1728,0,0
1167419,2.152,9.328,0.505,-0.074,0.003,-0.006,1729,0,0
1167439,2.215,9.206,0.479,-0.064,0.005,-0.012,1728,0,0
1167459,2.243,9.179,0.448,-0.042,0.000,-0.033,1729,0,0
1167479,2.236,9.378,0.390,-0.047,0.003,-0.039,1727,0,0
1167499,2.109,9.510,0.395,-0.078,0.011,-0.028,1729,0,0
1167519,2.045,9.498,0.390,-0.080,0.006,-0.017,1729,0,0
1167539,2.128,9.402,0.397,-0.057,0.005,-0.009,1728,0,0
1167559,2.224,9.273,0.429,-0.060,0.000,-0.011,1729,0,0
1167579,2.258,9.213,0.424,-0.056,-0.003,-0.021,1730,0,0
1167599,2.181,9.354,0.393,-0.037,0.005,-0.020,1729,0,0
1167619,2.114,9.469,0.426,-0.053,0.008,-0.010,1729,0,0
1167639,2.167,9.414,0.481,-0.074,0.007,-0.004,1729,0,0
1167659,2.150,9.325,0.472,-0.062,-0.005,-0.009,1729,0,0
1167679,2.179,9.364,0.390,-0.042,-0.010,-0.011,1728,0,0
1167699,2.116,9.448,0.390,-0.057,0.004,-0.004,1728,0,0
1167719,2.095,9.452,0.381,-0.058,0.006,0.006,1728,0,0
1167739,2.093,9.376,0.381,-0.067,0.010,0.009,1729,0,0
1167759,2.112,9.313,0.455,-0.067,0.006,0.009,1728,0,0
1167779,2.140,9.304,0.457,-0.042,0.006,0.008,1729,0,0
1167799,2.157,9.309,0.541,-0.066,0.007,0.005,1728,0,0
1167819,2.100,9.290,0.543,-0.072,0.002,0.005,1728,0,0
1167839,2.073,9.239,0.524,-0.054,-0.011,0.003,1729,0,0
1167859,2.109,9.158,0.405,-0.060,-0.020,-0.006,1728,0,0
1167879,2.169,9.131,0.330,-0.062,-0.012,-0.021,1727,0,0
1167899,2.145,9.234,0.347,-0.062,0.003,-0.034,1728,0,0
1167919,2.061,9.325,0.433,-0.075,0.009,-0.028,1729,0,0
1167939,2.045,9.328,0.441,-0.077,0.001,-0.016,1728,0,0
1167959,2.076,9.275,0.429,-0.055,-0.009,-0.020,1728,0,0
1167979,2.169,9.297,0.373,-0.036,-0.009,-0.024,1728,0,0
1167999,2.212,9.309,0.378,-0.052,0.001,-0.026,1728,0,0
1168019,2.148,9.337,0.364,-0.076,0.006,-0.028,1728,0,0
1168039,2.157,9.380,0.417,-0.064,0.007,-0.028,1728,0,0
1168059,2.128,9.402,0.455,-0.042,0.001,-0.027,1728,0,0
1168079,2.162,9.469,0.414,-0.044,-0.007,-0.020,1728,0,0
1168099,2.152,9.452,0.333,-0.056,-0.004,-0.008,1728,0,0
1168119,2.143,9.402,0.294,-0.061,0.006,0.001,1728,0,0
1168139,2.138,9.385,0.362,-0.044,0.014,0.001,1728,0,0
1168159,2.102,9.388,0.429,-0.057,0.011,-0.002,1728,0,0
1168179,2.066,9.333,0.472,-0.070,-0.005,-0.008,1728,0,0
1168199,2.100,9.318,0.378,-0.056,-0.012,-0.008,1728,0,0
1168219,2.143,9.352,0.299,-0.042,0.003,0.002,1728,0,0
1168239,2.136,9.337,0.350,-0.055,0.018,-0.000,1728,0,0
1168259,2.124,9.321,0.450,-0.079,0.019,0.000,1729,0,0
1168279,2.052,9.330,0.457,-0.073,0.002,-0.012,1729,0,0
1168299,2.100,9.352,0.338,-0.046,-0.001,0.003,1730,0,0
1168319,2.088,9.361,0.263,-0.033,0.011,0.010,1729,0,0
1168339,2.073,9.333,0.251,-0.060,0.019,0.007,1729,0,0
1168359,2.097,9.263,0.287,-0.073,0.028,0.004,1729,0,0
1168379,2.078,9.165,0.417,-0.084,0.023,-0.005,1728,0,0
1168399,2.140,9.215,0.445,-0.052,0.020,-0.012,1728,0,0
1168419,2.172,9.330,0.467,-0.031,0.017,-0.009,1728,0,0
1168439,2.203,9.294,0.472,-0.063,0.008,-0.013,1729,0,0
1168459,2.184,9.275,0.438,-0.075,0.003,-0.021,1728,0,0
1168479,2.145,9.361,0.426,-0.037,-0.002,-0.022,1728,0,0
1168499,2.109,9.452,0.457,-0.044,-0.004,-0.017,1729,0,0
1168519,2.152,9.457,0.393,-0.065,-0.002,-0.005,1729,0,0
1168539,2.174,9.390,0.345,-0.052,0.001,-0.005,1728,0,0
1168559,2.164,9.409,0.357,-0.069,0.003,-0.007,1729,0,0
1168579,2.157,9.471,0.369,-0.058,-0.001,0.000,1728,0,0
1168599,2.148,9.419,0.371,-0.055,0.004,0.010,1728,0,0
1168619,2.145,9.416,0.395,-0.060,0.003,0.015,1728,0,0
1168639,2.148,9.400,0.431,-0.050,-0.006,0.016,1728,0,0
1168659,2.116,9.380,0.407,-0.052,-0.014,0.017,1727,0,0
1168679,2.109,9.357,0.306,-0.032,-0.020,0.021,1729,0,0
1168699,2.176,9.275,0.225,-0.048,-0.006,0.023,1728,0,0
1168719,2.205,9.172,0.261,-0.084,0.013,0.012,1728,0,0
1168739,2.167,9.084,0.330,-0.087,0.014,0.003,1728,0,0
1168759,2.195,9.043,0.338,-0.070,0.009,-0.001,1728,0,0
1168779,2.210,9.098,0.323,-0.049,0.006,-0.020,1729,0,0
1168799,2.119,9.258,0.251,-0.030,0.007,-0.038,1728,0,0
1168819,2.164,9.428,0.218,-0.048,0.017,-0.025,1729,0,0
1168839,2.162,9.414,0.290,-0.067,0.027,-0.017,1728,0,0
1168859,2.100,9.385,0.400,-0.053,0.023,-0.025,1728,0,0
1168879,2.059,9.440,0.445,-0.053,0.012,-0.031,1728,0,0
1168899,2.138,9.474,0.419,-0.083,0.013,-0.033,1728,0,0
1168919,2.191,9.462,0.395,-0.090,0.019,-0.024,1728,0,0
1168939,2.176,9.481,0.498,-0.089,0.025,-0.017,1728,0,0
1168959,2.143,9.440,0.524,-0.140,0.008,-0.018,1728,0,0
1168979,2.172,9.345,0.491,-0.144,-0.012,-0.016,1728,0,0
1168999,2.107,9.280,0.436,-0.090,-0.018,-0.027,1728,0,0
1169019,2.028,9.345,0.335,-0.068,-0.022,-0.031,1728,0,0
1169039,1.956,9.412,0.280,-0.094,-0.023,-0.027,1728,0,0
1169059,1.961,9.383,0.237,-0.124,-0.012,-0.030,1728,0,0
1169079,1.920,9.337,0.223,-0.098,0.012,-0.031,1728,0,0
1169099,1.918,9.373,0.316,-0.091,0.025,-0.026,1728,0,0
1169119,1.990,9.299,0.378,-0.123,0.035,-0.027,1728,0,0
1169139,2.042,9.206,0.395,-0.131,0.043,-0.031,1728,0,0
1169159,2.081,9.160,0.419,-0.108,0.046,-0.047,1728,0,0
1169179,2.114,9.318,0.606,-0.118,0.061,-0.064,1728,0,0
1169199,2.083,9.424,0.745,-0.130,0.053,-0.063,1728,0,0
1169219,2.140,9.459,0.613,-0.121,0.031,-0.056,1728,0,0
1169239,2.164,9.400,0.464,-0.138,0.036,-0.058,1729,0,0
1169259,2.105,9.459,0.445,-0.132,0.049,-0.051,1728,0,0
1169279,2.097,9.555,0.508,-0.102,0.063,-0.031,1730,0,0
1169299,2.035,9.613,0.615,-0.090,0.057,-0.015,1728,0,0
1169319,2.006,9.656,0.551,-0.098,0.042,0.006,1728,0,0
1169339,2.047,9.634,0.524,-0.089,0.048,0.022,1728,0,0
1169359,2.076,9.613,0.745,-0.066,0.071,0.043,1727,0,0
1169379,2.081,9.515,0.953,-0.066,0.047,0.066,1727,0,0
1169399,2.200,9.376,0.910,-0.085,0.016,0.068,1726,0,0
1169419,2.186,9.280,0.821,-0.090,0.007,0.064,1728,0,0
1169439,2.124,9.352,0.826,-0.053,0.006,0.061,1728,0,0
1169459,2.042,9.378,0.831,-0.062,-0.005,0.068,1728,0,0
1169479,2.023,9.258,0.745,-0.077,-0.026,0.068,1728,0,0
1169499,2.095,9.189,0.601,-0.067,-0.033,0.062,1728,0,0
1169519,2.164,9.206,0.582,-0.068,-0.014,0.060,1727,0,0
1169539,2.126,9.182,0.737,-0.077,0.001,0.056,1728,0,0
1169559,2.148,9.091,0.725,-0.107,-0.009,0.058,1728,0,0
1169579,2.212,8.959,0.644,-0.108,-0.019,0.038,1728,0,0
1169599,2.277,8.988,0.603,-0.100,-0.017,0.017,1728,0,0
1169619,2.253,9.036,0.596,-0.110,-0.011,0.007,1727,0,0
1169639,2.251,9.014,0.534,-0.130,-0.014,0.012,1728,0,0
1169659,2.251,8.923,0.450,-0.115,-0.022,-0.008,1728,0,0
1169679,2.188,9.072,0.481,-0.081,-0.023,-0.040,1728,0,0
1169699,2.045,9.364,0.491,-0.060,-0.037,-0.046,1728,0,0
1169719,1.987,9.541,0.500,-0.028,-0.047,-0.015,1728,0,0
1169739,2.054,9.462,0.429,-0.005,-0.035,0.028,1729,0,0
1169759,2.217,9.227,0.350,-0.029,-0.019,0.041,1728,0,0
1169779,2.301,8.997,0.383,-0.068,-0.001,0.024,1728,0,0
1169799,2.255,8.985,0.486,-0.054,0.009,0.002,1728,0,0
1169819,2.260,9.100,0.527,-0.025,0.014,-0.009,1728,0,0
1169839,2.303,9.179,0.378,-0.041,0.019,-0.010,1728,0,0
1169859,2.423,9.251,0.302,-0.062,0.038,-0.017,1727,0,0
1169879,2.330,9.364,0.426,-0.060,0.064,-0.018,1728,0,0
1169899,2.246,9.515,0.579,-0.055,0.051,-0.005,1728,0,0
1169919,2.270,9.495,0.639,-0.059,0.026,0.018,1728,0,0
1169939,2.318,9.380,0.634,-0.003,0.010,0.031,1728,0,0
1169959,2.253,9.342,0.618,0.044,-0.013,0.032,1728,0,0
1169979,2.150,9.359,0.476,0.031,-0.033,0.025,1728,0,0
1169999,2.210,9.335,0.275,0.007,-0.029,0.026,1727,0,0
1170019,2.277,9.254,0.239,0.018,-0.005,0.019,1728,0,0
1170039,2.248,9.316,0.230,0.025,0.017,0.009,1727,0,0
1170059,2.169,9.409,0.213,-0.001,0.028,0.001,1727,0,0
1170079,2.157,9.479,0.187,-0.021,0.035,0.003,1727,0,0
1170099,2.236,9.455,0.213,-0.017,0.058,0.011,1728,0,0
1170119,2.212,9.400,0.302,-0.017,0.076,0.017,1728,0,0
1170139,2.167,9.347,0.330,-0.043,0.077,0.014,1728,0,0
1170159,2.186,9.380,0.364,-0.047,0.082,0.005,1728,0,0
1170179,2.181,9.428,0.532,-0.041,0.087,0.005,1728,0,0
1170199,2.160,9.404,0.637,-0.037,0.084,0.017,1728,0,0
1170219,2.212,9.278,0.618,-0.053,0.077,0.014,1727,0,0
1170239,2.162,9.321,0.606,-0.064,0.088,0.002,1727,0,0
1170259,2.112,9.359,0.735,-0.087,0.084,0.010,1728,0,0
1170279,2.148,9.275,0.836,-0.103,0.068,0.013,1728,0,0
1170299,2.184,9.194,0.824,-0.094,0.052,0.001,1727,0,0
1170319,2.234,9.278,0.824,-0.078,0.043,-0.010,1727,0,0
1170339,2.279,9.321,0.862,-0.099,0.033,-0.001,1728,0,0
1170359,2.334,9.270,0.881,-0.096,0.014,0.006,1727,0,0
1170379,2.375,9.232,0.766,-0.104,-0.005,0.006,1727,0,0
1170399,2.313,9.210,0.670,-0.114,-0.016,-0.006,1727,0,0
1170419,2.258,9.273,0.584,-0.095,-0.020,-0.013,1727,0,0
1170439,2.207,9.361,0.579,-0.076,-0.014,-0.007,1728,0,0
1170459,2.203,9.369,0.589,-0.093,-0.015,0.012,1728,0,0
1170479,2.200,9.148,0.560,-0.115,-0.027,0.021,1728,0,0
1170499,2.246,8.882,0.524,-0.094,-0.037,0.013,1728,0,0
1170519,2.282,8.818,0.441,-0.050,-0.040,-0.015,1728,0,0
1170539,2.310,8.964,0.395,-0.025,-0.025,-0.031,1728,0,0
1170559,2.313,9.105,0.421,-0.056,0.000,-0.029,1728,0,0
1170579,2.310,9.057,0.570,-0.067,0.001,-0.032,1728,0,0
1170599,2.342,9.112,0.666,-0.040,-0.008,-0.044,1728,0,0
1170619,2.325,9.232,0.649,-0.046,-0.020,-0.044,1728,0,0
1170639,2.358,9.254,0.555,-0.058,-0.018,-0.040,1727,0,0
1170659,2.325,9.335,0.462,-0.023,-0.015,-0.038,1728,0,0
1170679,2.332,9.436,0.383,-0.041,-0.015,-0.038,1728,0,0
1170699,2.418,9.390,0.352,-0.108,-0.011,-0.037,1729,0,0
1170719,2.442,9.373,0.335,-0.067,-0.003,-0.036,1728,0,0
1170739,2.435,9.436,0.357,-0.022,0.002,-0.032,1728,0,0
1170759,2.406,9.469,0.395,-0.057,-0.002,-0.017,1728,0,0
1170779,2.363,9.407,0.330,-0.062,-0.004,-0.014,1728,0,0
1170799,2.279,9.404,0.271,-0.048,-0.001,-0.014,1727,0,0
1170819,2.229,9.385,0.165,-0.043,0.009,-0.014,1727,0,0
1170839,2.222,9.359,0.235,-0.059,0.024,-0.013,1727,0,0
1170859,2.150,9.369,0.342,-0.040,0.028,-0.017,1727,0,0
1170879,2.085,9.443,0.251,-0.034,0.038,-0.026,1727,0,0
1170899,2.128,9.500,0.326,-0.052,0.046,-0.008,1727,0,0
1170919,2.088,9.443,0.450,-0.019,0.059,0.011,1727,0,0
1170939,2.061,9.400,0.579,-0.008,0.059,0.019,1728,0,0
1170959,2.064,9.258,0.565,-0.046,0.049,0.020,1727,0,0
1170979,2.136,9.103,0.601,-0.056,0.051,0.017,1727,0,0
1170999,2.140,9.012,0.678,-0.039,0.052,-0.003,1725,0,0
1171019,2.176,9.036,0.783,-0.052,0.046,-0.019,1727,0,0
1171039,2.200,9.021,0.757,-0.068,0.030,-0.036,1728,0,0
1171059,2.227,9.088,0.694,-0.055,0.011,-0.047,1728,0,0
1171079,2.231,9.141,0.527,-0.054,0.010,-0.054,1728,0,0
1171099,2.205,9.187,0.350,-0.075,0.021,-0.057,1727,0,0
1171119,2.145,9.263,0.306,-0.052,0.030,-0.057,1727,0,0
1171139,2.133,9.342,0.249,-0.024,0.043,-0.057,1727,0,0
1171159,2.078,9.400,0.314,-0.045,0.044,-0.058,1727,0,0
1171179,2.167,9.397,0.333,-0.056,0.042,-0.055,1727,0,0
1171199,2.169,9.385,0.366,-0.050,0.053,-0.052,1727,0,0
1171219,2.181,9.421,0.414,-0.046,0.067,-0.048,1727,0,0
1171239,2.179,9.419,0.510,-0.050,0.070,-0.048,1727,0,0
1171259,2.210,9.428,0.579,-0.058,0.060,-0.048,1727,0,0
1171279,2.210,9.457,0.565,-0.051,0.044,-0.044,1727,0,0
1171299,2.200,9.524,0.548,-0.054,0.038,-0.035,1727,0,0
1171319,2.172,9.531,0.498,-0.050,0.042,-0.021,1727,0,0
1171339,2.174,9.546,0.467,-0.059,0.041,-0.011,1726,0,0
1171359,2.176,9.392,0.539,-0.077,0.046,-0.004,1727,0,0
1171379,2.128,9.359,0.632,-0.060,0.042,-0.009,1727,0,0
1171399,2.112,9.366,0.663,-0.049,0.023,-0.011,1727,0,0
1171419,2.059,9.354,0.632,-0.065,0.015,-0.006,1727,0,0
1171439,2.100,9.359,0.510,-0.047,0.013,-0.001,1726,0,0
1171459,2.148,9.369,0.486,-0.053,0.024,0.007,1726,0,0
1171479,2.076,9.333,0.534,-0.086,0.024,-0.001,1727,0,0
1171499,2.097,9.342,0.534,-0.066,0.015,-0.003,1727,0,0
1171519,2.054,9.385,0.536,-0.053,0.012,-0.003,1726,0,0
1171539,2.085,9.359,0.441,-0.062,0.008,0.002,1726,0,0
1171559,2.071,9.349,0.421,-0.052,0.014,0.002,1726,0,0
1171579,2.064,9.342,0.462,-0.070,0.024,0.003,1726,0,0
1171599,2.064,9.306,0.551,-0.080,0.034,-0.000,1726,0,0
1171619,2.124,9.280,0.599,-0.087,0.029,-0.002,1725,0,0
1171639,2.181,9.215,0.608,-0.078,0.024,-0.008,1726,0,0
1171659,2.231,9.210,0.634,-0.077,0.005,-0.017,1726,0,0
1171679,2.241,9.333,0.579,-0.062,-0.000,-0.016,1726,0,0
1171699,2.217,9.457,0.474,-0.062,-0.001,-0.006,1726,0,0
1171719,2.145,9.438,0.486,-0.076,-0.001,-0.001,1726,0,0
1171739,2.061,9.433,0.419,-0.060,-0.014,0.002,1726,0,0
1171759,2.088,9.369,0.345,-0.044,-0.023,0.006,1726,0,0
1171779,2.085,9.378,0.263,-0.046,-0.007,0.010,1726,0,0
1171799,2.105,9.416,0.283,-0.043,0.029,0.019,1726,0,0
1171819,2.112,9.392,0.474,-0.067,0.042,0.027,1726,0,0
1171839,2.148,9.234,0.615,-0.093,0.024,0.026,1726,0,0
1171859,2.184,9.179,0.596,-0.055,0.005,0.013,1725,0,0
1171879,2.162,9.325,0.541,-0.009,-0.007,0.005,1726,0,0
1171899,2.174,9.428,0.488,-0.022,-0.003,0.019,1726,0,0
1171919,2.181,9.352,0.433,-0.078,0.000,0.022,1724,0,0
1171939,2.188,9.230,0.441,-0.084,0.006,0.018,1726,0,0
1172117,2.181,9.323,0.441,-0.060,0.002,0.005,1725,0,0
1172137,2.224,9.249,0.381,-0.068,0.012,0.009,1726,0,0
1172157,2.248,9.179,0.342,-0.078,0.021,0.001,1726,0,0
1172177,2.224,9.187,0.402,-0.073,0.025,-0.012,1727,0,0
1172197,2.150,9.297,0.522,-0.067,0.030,-0.009,1725,0,0
1172217,2.100,9.328,0.522,-0.050,0.018,-0.001,1725,0,0
1172237,2.145,9.230,0.500,-0.056,0.003,-0.002,1727,0,0
1172257,2.215,9.177,0.436,-0.063,0.001,-0.016,1724,0,0
1172277,2.286,9.232,0.378,-0.056,0.018,-0.027,1726,0,0
1172297,2.248,9.340,0.555,-0.064,0.026,-0.026,1726,0,0
1172317,2.191,9.342,0.589,-0.073,0.018,-0.013,1726,0,0
1172338,2.198,9.306,0.594,-0.054,0.003,-0.010,1725,0,0
1172357,2.148,9.342,0.529,-0.056,-0.013,-0.017,1726,0,0
1172377,2.116,9.364,0.376,-0.043,-0.007,-0.013,1726,0,0
1172397,2.148,9.366,0.283,-0.048,0.012,-0.007,1726,0,0
1172417,2.116,9.364,0.354,-0.071,0.033,-0.005,1726,0,0
1172437,2.162,9.313,0.491,-0.078,0.038,-0.005,1725,0,0
1172457,2.186,9.246,0.611,-0.071,0.029,-0.006,1726,0,0
1172477,2.215,9.246,0.613,-0.064,0.013,-0.012,1726,0,0
1172497,2.160,9.369,0.587,-0.037,0.002,-0.016,1726,0,0
1172517,2.157,9.421,0.488,-0.050,-0.005,-0.005,1726,0,0
1172538,2.193,9.342,0.424,-0.067,0.000,0.003,1726,0,0
1172558,2.193,9.270,0.412,-0.059,0.011,0.003,1726,0,0
1172577,2.188,9.239,0.500,-0.062,0.011,-0.007,1725,0,0
1172597,2.133,9.306,0.515,-0.057,0.000,-0.012,1726,0,0
1172617,2.169,9.392,0.419,-0.044,-0.008,-0.008,1725,0,0
1172637,2.222,9.378,0.369,-0.070,0.001,-0.004,1725,0,0
1172657,2.255,9.352,0.426,-0.076,0.014,-0.007,1725,0,0
1172677,2.162,9.397,0.493,-0.071,0.019,-0.007,1726,0,0
1172697,2.121,9.369,0.467,-0.083,0.008,-0.000,1725,0,0
1172717,2.160,9.347,0.395,-0.052,0.004,0.006,1725,0,0
1172737,2.219,9.325,0.412,-0.051,0.016,0.007,1724,0,0
1172757,2.217,9.239,0.424,-0.086,0.024,-0.001,1724,0,0
1172777,2.207,9.215,0.464,-0.093,0.023,-0.011,1724,0,0
1172797,2.186,9.273,0.505,-0.070,0.013,-0.010,1724,0,0
1172817,2.160,9.318,0.582,-0.048,0.009,-0.004,1725,0,0
1172837,2.145,9.261,0.589,-0.048,-0.005,-0.002,1725,0,0
1172858,2.186,9.194,0.450,-0.044,-0.016,-0.007,1725,0,0
1172877,2.198,9.218,0.306,-0.061,-0.003,-0.019,1725,0,0
1172897,2.200,9.237,0.314,-0.071,0.016,-0.022,1727,0,0
1172917,2.212,9.239,0.436,-0.063,0.028,-0.024,1725,0,0
1172937,2.179,9.227,0.548,-0.067,0.017,-0.028,1725,0,0
1172957,2.191,9.237,0.469,-0.060,-0.001,-0.029,1725,0,0
1172977,2.167,9.333,0.405,-0.046,0.009,-0.026,1725,0,0
1172997,2.184,9.290,0.438,-0.080,0.014,-0.023,1724,0,0
1173017,2.191,9.175,0.455,-0.096,0.014,-0.032,1724,0,0
1173037,2.128,9.203,0.493,-0.075,0.017,-0.044,1724,0,0
1173312,2.148,9.371,0.414,-0.057,0.013,-0.006,1723,0,0
1173332,2.152,9.390,0.448,-0.071,0.014,-0.008,1723,0,0
1173352,2.116,9.471,0.455,-0.060,0.023,-0.003,1723,0,0
1173372,2.078,9.469,0.505,-0.052,0.019,0.010,1723,0,0
1173392,2.128,9.335,0.524,-0.080,0.015,0.015,1724,0,0
1173412,2.167,9.199,0.481,-0.077,0.008,0.005,1724,0,0
1173432,2.138,9.208,0.445,-0.047,0.015,-0.005,1724,0,0
1173452,2.066,9.292,0.462,-0.064,0.017,-0.012,1724,0,0
1173472,1.975,9.357,0.496,-0.070,0.013,-0.005,1724,0,0
1173492,2.047,9.280,0.445,-0.071,0.006,-0.001,1724,0,0
1173512,2.126,9.201,0.364,-0.066,0.012,-0.005,1724,0,0
1173532,2.195,9.201,0.426,-0.060,0.031,-0.013,1724,0,0
1173552,2.138,9.263,0.582,-0.073,0.036,-0.025,1724,0,0
1173572,2.054,9.325,0.658,-0.089,0.010,-0.029,1723,0,0
1173592,2.081,9.390,0.520,-0.059,-0.005,-0.018,1724,0,0
1173612,2.095,9.390,0.362,-0.031,-0.003,-0.009,1725,0,0
1173632,2.128,9.376,0.290,-0.046,0.014,0.000,1724,0,0
1173652,2.124,9.316,0.354,-0.074,0.025,-0.007,1723,0,0
1173672,2.093,9.309,0.409,-0.075,0.023,-0.013,1724,0,0
1173692,2.071,9.359,0.448,-0.055,0.017,-0.015,1725,0,0
1173712,2.083,9.364,0.453,-0.049,0.021,-0.004,1724,0,0
1173732,2.148,9.304,0.407,-0.056,0.029,-0.001,1724,0,0
1173752,2.157,9.244,0.464,-0.076,0.043,-0.010,1724,0,0
1173772,2.102,9.249,0.536,-0.077,0.038,-0.019,1724,0,0
1173792,2.078,9.273,0.606,-0.049,0.021,-0.018,1724,0,0
1173812,2.140,9.287,0.541,-0.039,0.007,-0.013,1725,0,0
1173832,2.148,9.335,0.424,-0.037,0.009,-0.014,1724,0,0
1173852,2.076,9.335,0.390,-0.060,0.011,-0.020,1724,0,0
1173872,2.116,9.297,0.354,-0.075,0.015,-0.022,1724,0,0
1173892,2.100,9.352,0.373,-0.043,0.027,-0.027,1724,0,0
1173912,2.052,9.459,0.426,-0.018,0.031,-0.021,1725,0,0
1173932,2.105,9.433,0.455,-0.045,0.024,-0.005,1724,0,0
1174062,2.107,9.309,0.529,-0.030,-0.001,0.002,1719,0,0
1174082,2.100,9.371,0.460,0.000,0.010,-0.005,1716,0,0
1174102,2.164,9.275,0.737,-0.011,-0.034,0.001,1699,0,0
1174122,2.126,9.024,0.742,-0.017,-0.076,0.002,1680,0,0
1174142,2.049,9.182,0.371,0.133,-0.096,-0.018,1646,0,0
1174162,2.033,9.584,0.074,0.226,-0.075,-0.036,1601,0,0
1174182,2.327,9.467,0.584,0.045,-0.083,-0.032,1535,0,0
1174202,2.607,9.390,0.876,-0.140,-0.084,-0.005,1484,0,0
1174222,2.421,9.227,0.486,-0.064,-0.103,0.032,1452,0,0
1174242,1.925,9.598,-0.007,0.048,-0.140,0.095,1434,0,0
1174262,1.867,9.606,-0.385,-0.015,-0.133,0.165,1415,0,0
1174282,2.574,9.776,0.345,-0.056,-0.172,0.195,1371,0,0
1174302,2.093,9.950,-0.048,-0.355,-0.109,0.300,1343,0,0
1174322,1.932,9.673,0.117,-0.374,-0.208,0.353,1302,0,0
1174342,2.574,9.431,1.338,-0.459,-0.501,0.454,1228,0,0
1174362,2.093,9.254,0.182,-0.514,-0.463,0.537,1189,0,0
1174382,2.066,8.648,-0.737,-0.027,-0.194,0.430,1148,0,0
1174402,1.877,9.361,0.192,0.221,-0.123,0.285,1094,0,0
1174422,2.610,9.357,0.955,-0.034,-0.246,0.332,1044,0,0
1174442,2.435,8.674,0.481,-0.183,-0.286,0.298,1006,0,0
1174462,2.952,8.260,0.776,-0.030,-0.273,0.168,982,0,0
1174482,2.904,8.586,0.462,0.158,-0.227,0.030,975,0,0
1174502,2.892,9.275,0.393,0.199,-0.142,0.002,970,0,0
1174522,2.799,9.366,0.294,0.092,-0.125,0.004,970,0,0
1174542,2.871,9.567,0.251,0.063,-0.114,0.009,972,0,0
1174562,2.940,9.416,0.158,-0.020,-0.097,0.025,975,0,0
1174582,3.057,9.079,-0.017,-0.040,-0.046,-0.011,976,0,0
1174602,3.017,9.163,-0.053,0.011,0.025,-0.025,976,0,0
1174622,2.866,9.352,0.110,-0.001,0.050,0.001,979,0,0
1174642,2.749,9.352,0.172,-0.001,0.024,0.068,984,0,0
1174662,2.962,9.244,-0.002,-0.002,0.000,0.053,989,0,0
1174682,2.988,9.215,-0.079,-0.017,0.022,0.028,991,0,0
1174702,2.933,9.120,0.096,-0.049,0.025,0.029,993,0,0
1174722,2.796,8.904,0.256,-0.056,-0.022,0.013,995,0,0
1174742,2.830,8.966,0.153,-0.025,-0.085,-0.000,998,0,0
1174762,2.986,9.139,-0.158,0.001,-0.064,0.017,1002,0,0
1174782,3.089,9.170,-0.108,-0.031,-0.025,0.014,1005,0,0
1174802,2.904,9.167,-0.014,-0.064,0.003,-0.002,1006,0,0
1174822,2.899,9.167,0.069,-0.080,-0.045,-0.000,1008,0,0
1174842,3.000,9.005,0.022,-0.071,-0.064,0.004,1008,0,0
1174862,3.017,8.957,-0.010,-0.030,-0.079,-0.003,1011,0,0
1174882,3.081,9.069,-0.292,0.017,-0.054,-0.022,1014,0,0
1174902,3.120,9.120,-0.450,0.018,-0.010,-0.050,1016,0,0
1174922,3.031,9.352,-0.472,-0.006,0.006,-0.052,1018,0,0
1174942,3.033,9.316,-0.551,-0.077,-0.012,-0.037,1019,0,0
1174962,3.136,9.153,-0.749,-0.056,-0.025,-0.001,1019,0,0
1174982,3.266,9.179,-1.202,0.097,0.018,-0.041,1019,0,0
1175002,3.184,9.692,-1.475,0.168,0.079,-0.033,1020,0,0
1175022,3.148,9.862,-1.815,0.125,0.133,-0.018,1020,0,0
1175042,2.959,10.144,-2.229,0.073,0.170,0.018,1021,0,0
1175062,2.835,10.204,-2.753,0.010,0.276,0.097,1020,0,0
1175082,2.660,10.068,-3.072,0.074,0.452,0.171,1020,0,0
1175102,2.320,10.082,-2.926,0.065,0.627,0.218,1020,0,0
1175122,1.810,9.747,-2.720,-0.002,0.745,0.270,1020,0,0
1175142,1.317,9.778,-2.842,-0.073,0.853,0.302,1021,0,0
1175270,0.172,9.596,0.646,0.334,1.560,0.108,1025,0,0
1175290,0.122,9.359,1.839,0.223,1.564,0.150,1026,0,0
1175310,0.117,8.686,2.332,0.482,1.458,0.105,1033,0,0
1175330,0.508,8.938,2.332,0.746,1.365,0.054,1032,0,0
1175350,0.941,9.491,2.449,0.706,1.350,0.037,1034,0,0
1175370,1.154,9.098,3.208,0.461,1.320,0.033,1034,0,0
1175390,1.472,8.468,4.101,0.425,1.194,-0.020,1034,0,0
1175422,2.322,8.784,5.097,0.622,0.890,-0.095,1034,0,0
1175433,2.677,8.993,5.277,0.623,0.782,-0.117,1033,0,0
1175450,3.000,9.383,5.772,0.465,0.597,-0.143,1036,0,0
1175470,3.347,9.158,6.251,0.180,0.284,-0.161,1036,0,0
1175490,4.068,8.921,6.014,0.140,-0.034,-0.229,1037,0,0
1175510,4.654,9.301,5.737,0.037,-0.252,-0.274,1035,0,0
1175530,4.645,9.625,5.629,-0.094,-0.505,-0.303,1037,0,0
1175550,4.628,9.792,5.272,-0.184,-0.829,-0.299,1037,0,0
1175570,4.731,9.943,4.410,-0.324,-1.134,-0.290,1038,0,0
1175590,4.755,10.180,3.440,-0.529,-1.338,-0.267,1038,0,0
1175610,5.021,10.353,2.612,-0.698,-1.454,-0.193,1037,0,0
1175630,5.318,10.209,1.820,-0.902,-1.530,-0.114,1038,0,0
1175650,5.423,9.282,1.566,-1.169,-1.603,-0.037,1038,0,0
1175670,5.349,8.071,1.130,-1.154,-1.745,-0.076,1038,0,0
1175690,5.653,8.025,0.108,-0.977,-1.779,-0.156,1038,0,0
1175710,5.507,8.480,-0.426,-0.886,-1.668,-0.227,1038,0,0
1175730,5.064,9.021,-0.539,-0.949,-1.662,-0.176,1039,0,0
1175750,4.951,8.945,-1.152,-1.120,-1.765,-0.058,1039,0,0
1175770,4.913,8.250,-2.004,-1.029,-1.729,-0.091,1039,0,0
1175790,4.616,8.464,-2.753,-0.543,-1.567,-0.251,1038,0,0
1175810,4.606,9.898,-3.771,-0.082,-1.354,-0.314,1037,0,0
1175864,4.307,8.200,-3.752,-0.864,-0.959,0.143,1038,0,0
1175875,4.056,7.910,-3.656,-0.587,-0.858,0.021,1036,0,0
1175887,3.924,8.236,-3.831,-0.258,-0.737,-0.111,1038,0,0
1175898,3.766,8.780,-4.044,0.032,-0.581,-0.174,1038,0,0
1175910,3.476,9.388,-4.001,0.237,-0.413,-0.175,1039,0,0
1175930,2.974,10.544,-3.596,0.080,-0.256,-0.079,1039,0,0
1175950,2.447,9.548,-2.926,-0.307,-0.191,0.027,1039,0,0
1175970,1.937,8.341,-2.828,-0.111,-0.132,-0.090,1039,0,0
1175990,0.982,9.179,-3.428,0.329,-0.028,-0.256,1039,0,0
1176014,0.079,10.961,-4.073,0.690,0.239,-0.265,1039,0,0
1176034,-0.318,12.069,-3.757,0.370,0.501,-0.041,1039,0,0
1176050,-0.527,11.016,-3.007,-0.110,0.656,0.154,1039,0,0
1176070,-0.917,9.182,-2.193,-0.247,0.760,0.215,1040,0,0
1176090,-1.197,9.000,-1.951,0.252,0.894,0.084,1040,0,0
1176110,-1.602,10.822,-1.489,0.636,1.102,0.079,1040,0,0
1176130,-1.609,10.805,-0.967,0.536,1.265,0.235,1040,0,0
1176150,-1.358,9.898,-0.601,0.471,1.392,0.331,1040,0,0
1176170,-1.228,9.124,-0.165,0.379,1.523,0.341,1040,0,0
1176190,-1.262,8.957,0.792,0.324,1.632,0.338,1040,0,0
1176210,-1.271,9.105,1.693,0.349,1.697,0.347,1040,0,0
1176230,-1.219,8.894,2.274,0.434,1.697,0.331,1041,0,0
1176250,-0.709,8.717,2.478,0.540,1.652,0.232,1041,0,0
1176270,-0.517,10.039,3.333,0.470,1.660,0.192,1042,0,0
1176290,-0.670,9.948,4.130,0.111,1.577,0.263,1043,0,0
1176310,-0.467,8.205,4.132,0.304,1.410,0.235,1043,0,0
1176330,0.309,8.715,3.481,0.810,1.335,0.085,1044,0,0
1176350,1.118,9.799,3.553,0.639,1.374,0.064,1043,0,0
1176370,1.049,9.653,4.887,0.343,1.368,0.082,1045,0,0
1176390,0.972,9.701,5.878,0.181,1.107,0.079,1046,0,0
1176410,1.719,8.076,5.679,0.328,0.786,0.027,1046,0,0
1176430,2.883,8.780,4.865,0.761,0.581,-0.156,1045,0,0
1176450,3.472,10.209,5.131,0.471,0.458,-0.118,1047,0,0
1176470,3.689,9.809,5.863,0.015,0.241,-0.094,1046,0,0
1176620,6.347,8.854,2.040,-0.857,-1.994,-0.371,1047,0,0
1176640,6.804,8.677,0.455,-0.902,-2.072,-0.359,1047,0,0
1176660,6.788,9.031,-0.476,-0.909,-2.001,-0.378,1048,0,0
1176680,6.366,9.536,-1.092,-1.158,-1.931,-0.266,1049,0,0
1176700,5.835,9.103,-1.755,-1.284,-1.917,-0.172,1049,0,0
1176720,5.377,8.935,-2.564,-1.036,-1.853,-0.206,1048,0,0
1176741,5.224,10.013,-3.637,-0.616,-1.661,-0.142,1047,0,0
1176760,4.982,10.029,-4.266,-0.646,-1.442,-0.031,1048,0,0
1176780,4.944,9.558,-4.494,-0.853,-1.230,0.056,1048,0,0
1176800,4.561,8.461,-4.175,-0.877,-1.038,0.063,1048,0,0
1176820,3.713,9.057,-4.080,-0.504,-0.935,-0.052,1048,0,0
1176840,3.606,10.376,-4.736,-0.049,-0.736,-0.073,1047,0,0
1176860,3.831,10.925,-4.932,-0.139,-0.415,0.100,1047,0,0
1176880,3.115,9.814,-3.862,-0.497,-0.166,0.190,1047,0,0
1176900,1.887,9.084,-2.851,-0.413,-0.192,0.136,1049,0,0
1176921,1.152,10.116,-3.409,0.255,-0.120,-0.010,1049,0,0
1176941,0.649,11.588,-3.962,0.524,0.199,0.008,1049,0,0
1176960,0.340,10.901,-3.575,0.203,0.542,0.136,1049,0,0
1176980,-0.292,9.495,-1.935,-0.185,0.755,0.232,1049,0,0
1177000,-0.838,7.697,-0.776,-0.316,0.744,0.199,1050,0,0
1177020,-1.154,7.513,-0.637,0.283,0.820,-0.032,1050,0,0
1177040,-1.132,9.962,-0.026,0.609,1.029,-0.072,1050,0,0
1177060,-0.991,9.821,1.590,0.233,1.175,0.064,1052,0,0
1177080,-0.666,8.696,3.270,-0.047,1.104,0.154,1053,0,0
1177100,0.031,8.013,4.286,-0.027,0.963,0.086,1054,0,0
1177120,0.407,8.729,5.157,0.311,0.827,0.043,1054,0,0
1177140,1.235,9.268,5.344,0.460,0.685,0.037,1055,0,0
1177160,2.116,9.191,5.250,0.379,0.541,0.033,1054,0,0
1177180,2.428,9.122,5.107,0.273,0.394,-0.001,1055,0,0
1177200,2.662,9.301,4.551,0.200,0.247,-0.026,1055,0,0
1177220,3.057,9.495,3.718,0.177,0.169,-0.020,1054,0,0
1177240,3.108,9.833,3.402,0.156,0.123,-0.017,1057,0,0
1177260,3.203,10.003,2.983,0.059,0.039,0.018,1055,0,0
1177280,3.206,9.728,2.471,-0.074,-0.020,0.060,1056,0,0
1177300,3.208,9.151,1.870,-0.105,-0.039,0.052,1056,0,0
1177320,3.026,9.098,1.415,-0.004,-0.040,0.045,1055,0,0
1177340,2.847,9.282,1.171,-0.005,-0.043,0.053,1056,0,0
1177361,2.794,9.220,1.113,-0.122,-0.062,0.091,1056,0,0
1177381,2.808,8.533,1.013,-0.192,-0.102,0.074,1056,0,0
1177400,2.837,8.645,0.761,-0.081,-0.114,0.024,1057,0,0
1177420,2.849,8.638,0.567,-0.040,-0.098,0.016,1056,0,0
1177440,2.756,8.930,0.510,-0.020,-0.082,0.014,1057,0,0
1177460,2.859,8.868,0.582,-0.119,-0.102,0.037,1056,0,0
1177480,2.871,8.672,0.591,-0.105,-0.118,0.000,1057,0,0
1177500,2.904,8.906,0.345,-0.050,-0.124,-0.033,1057,0,0
1177520,3.000,9.005,0.124,-0.049,-0.096,-0.026,1056,0,0
1177540,3.062,8.988,0.098,-0.074,-0.048,-0.018,1056,0,0
1177560,3.021,9.041,0.326,-0.087,-0.001,-0.032,1057,0,0
1177580,2.947,9.048,0.464,-0.093,-0.001,-0.040,1058,0,0
1177600,2.976,9.096,0.611,-0.060,-0.014,-0.034,1057,0,0
1177620,3.100,9.050,0.666,-0.055,-0.033,-0.039,1057,0,0
1177640,3.100,9.103,0.644,-0.031,-0.026,-0.052,1058,0,0
1177661,3.017,9.230,0.601,-0.030,-0.018,-0.052,1060,0,0
1177680,2.966,9.311,0.563,-0.017,0.002,-0.055,1058,0,0
1177700,2.954,9.005,0.567,0.007,0.042,-0.091,1060,0,0
1177720,2.806,9.129,0.692,0.089,0.071,-0.142,1061,0,0
1177740,2.375,9.263,1.132,0.015,-0.023,-0.147,1064,0,0
1177760,2.547,9.117,1.075,-0.016,-0.180,-0.138,1070,0,0
1177780,2.830,9.136,0.625,0.009,-0.206,-0.144,1073,0,0
1177800,2.684,9.234,0.584,0.092,-0.059,-0.175,1086,0,0
1177820,2.339,9.148,0.953,0.025,-0.031,-0.174,1104,0,0
1177840,2.047,9.110,0.857,-0.122,-0.128,-0.186,1145,0,0
1177861,2.765,8.969,0.421,-0.111,-0.105,-0.236,1210,0,0
1177880,2.751,9.304,0.251,-0.110,0.051,-0.238,1304,0,0
1177900,2.624,9.373,0.057,-0.323,0.272,-0.200,1436,0,0
1177920,2.497,9.062,-1.171,-0.617,0.434,-0.222,1566,0,0
1177940,3.814,8.265,-1.448,-0.309,0.948,-0.408,1672,0,0
1177960,3.247,8.262,0.153,0.377,1.520,-0.602,1738,0,0
1177980,2.361,9.182,4.298,0.773,0.591,-0.674,1776,0,0
1178000,2.066,9.201,2.519,-0.161,0.375,-0.392,1810,0,0
1178020,1.858,10.132,1.056,-0.660,0.144,-0.220,1837,0,0
1178040,1.765,10.092,0.397,-0.260,0.066,-0.114,1850,0,0
1178060,2.037,9.720,1.109,-0.178,-0.045,-0.073,1860,0,0
1178080,1.927,9.404,1.001,-0.506,-0.017,-0.049,1867,0,0
1178100,1.932,9.340,0.740,-0.172,-0.063,-0.029,1869,0,0
1178120,1.860,9.670,0.857,0.203,-0.131,0.000,1870,0,0
1178140,1.944,9.692,0.943,-0.079,-0.184,0.036,1870,0,0
1178160,2.145,9.342,0.711,-0.238,-0.184,0.062,1869,0,0
1178180,2.294,9.225,0.558,-0.108,-0.110,0.049,1868,0,0
1178200,2.059,9.292,0.680,-0.038,-0.018,0.019,1868,0,0
1178220,1.844,9.237,0.893,-0.090,-0.026,0.034,1865,0,0
1178240,2.004,9.136,0.893,-0.051,-0.102,0.060,1863,0,0
1178260,2.346,9.031,0.766,-0.038,-0.086,0.047,1858,0,0
1178280,2.387,8.950,0.807,-0.052,0.004,-0.018,1855,0,0
1178300,1.985,9.170,0.843,-0.008,0.068,-0.054,1851,0,0
1178320,1.774,9.428,0.996,-0.002,-0.007,-0.017,1847,0,0
1178340,2.081,9.448,0.986,-0.105,-0.058,0.016,1845,0,0
1178360,2.193,9.184,0.965,-0.145,-0.038,0.016,1845,0,0
1178381,2.119,9.120,0.910,-0.042,-0.011,-0.007,1841,0,0
1178400,1.961,9.278,0.864,0.031,-0.004,-0.020,1840,0,0
1178420,1.966,9.433,0.807,-0.008,-0.037,-0.014,1837,0,0
1178440,2.073,9.407,0.840,-0.035,-0.029,0.013,1833,0,0
1178460,2.133,9.335,0.941,-0.062,-0.004,0.022,1831,0,0
1178481,2.138,9.201,1.006,-0.065,0.007,0.007,1827,0,0
1178500,2.090,9.301,0.886,-0.009,0.006,-0.013,1827,0,0
1178520,2.109,9.493,0.809,0.017,0.012,-0.009,1823,0,0
1178540,2.009,9.553,0.946,-0.057,0.023,0.018,1822,0,0
1178560,2.052,9.414,1.156,-0.081,0.019,0.037,1821,0,0
1178580,2.090,9.328,1.125,-0.059,-0.005,0.039,1820,0,0
1178601,2.126,9.254,1.013,-0.023,-0.025,0.034,1818,0,0
1178620,2.140,9.203,0.814,-0.035,-0.035,0.026,1816,0,0
1178640,2.212,9.251,0.785,-0.021,-0.013,0.021,1813,0,0
1178660,2.164,9.282,0.871,-0.027,0.010,0.014,1809,0,0
1178680,2.100,9.196,0.862,-0.060,0.015,0.012,1808,0,0
1178700,2.124,9.213,0.821,-0.040,0.002,0.017,1807,0,0
1178720,2.140,9.237,0.852,-0.036,-0.000,0.012,1806,0,0
1178740,2.145,9.191,0.946,-0.056,-0.013,0.016,1804,0,0
1178760,2.193,9.196,0.888,-0.004,-0.033,0.018,1803,0,0
1178780,2.143,9.227,0.773,-0.021,-0.039,0.005,1800,0,0
1178800,2.121,9.225,0.723,-0.071,-0.021,-0.007,1796,0,0
1178820,2.169,9.184,0.809,-0.062,-0.013,-0.004,1793,0,0
1178840,2.243,9.215,0.797,-0.042,-0.009,0.005,1792,0,0
1178860,2.200,9.268,0.797,-0.038,-0.010,-0.010,1791,0,0
1178880,2.150,9.352,0.814,-0.073,-0.007,-0.016,1791,0,0
1178900,2.172,9.361,0.850,-0.067,-0.004,-0.003,1790,0,0
1178920,2.136,9.388,0.845,-0.014,-0.005,0.010,1790,0,0
1178940,2.136,9.378,0.960,-0.034,-0.019,0.016,1789,0,0
1178960,2.150,9.282,0.917,-0.068,-0.036,0.012,1787,0,0
1178980,2.193,9.263,0.843,-0.051,-0.045,0.003,1780,0,0
1179000,2.231,9.333,0.785,-0.055,-0.031,0.005,1776,0,0
1179020,2.174,9.337,0.788,-0.044,-0.021,0.016,1775,0,0
1179040,2.160,9.309,0.812,-0.048,-0.030,0.027,1776,0,0
1179060,2.246,9.189,0.788,-0.073,-0.044,0.020,1775,0,0
1179080,2.243,9.155,0.713,-0.056,-0.045,0.006,1775,0,0
1179100,2.251,9.256,0.666,-0.043,-0.029,0.001,1775,0,0
1179120,2.207,9.311,0.663,-0.063,-0.016,0.007,1774,0,0
1179140,2.184,9.304,0.713,-0.061,-0.013,0.011,1774,0,0
1179160,2.222,9.323,0.704,-0.054,-0.005,0.012,1773,0,0
1179180,2.164,9.306,0.735,-0.049,-0.006,0.013,1771,0,0
1179200,2.207,9.254,0.790,-0.059,-0.017,0.013,1771,0,0
1179221,2.277,9.215,0.644,-0.042,-0.014,0.019,1768,0,0
1179240,2.258,9.261,0.622,-0.038,-0.002,0.020,1767,0,0
1179260,2.217,9.232,0.711,-0.061,0.003,0.013,1767,0,0
1179280,2.277,9.155,0.797,-0.061,0.002,0.008,1766,0,0
1179301,2.322,9.122,0.702,-0.034,-0.007,-0.001,1764,0,0
1179320,2.377,9.203,0.615,-0.030,-0.010,-0.010,1765,0,0
1179340,2.399,9.318,0.685,-0.046,0.015,-0.009,1762,0,0
1179360,2.296,9.261,0.814,-0.072,0.018,-0.011,1762,0,0
1179380,2.263,9.254,0.797,-0.068,-0.004,-0.014,1761,0,0
1179400,2.294,9.309,0.630,-0.061,-0.014,-0.021,1760,0,0
1179420,2.306,9.409,0.543,-0.051,0.003,-0.017,1759,0,0
