1221700,2.014,9.419,0.093,-0.034,0.020,0.002,1727,0,0
1221720,2.049,9.400,0.089,-0.058,0.011,0.006,1727,0,0
1221740,2.088,9.335,0.050,-0.083,0.007,0.004,1727,0,0
1221760,2.025,9.337,0.029,-0.071,0.003,-0.004,1727,0,0
1221780,1.903,9.471,-0.014,-0.034,0.001,-0.003,1727,0,0
1221801,1.908,9.462,-0.060,-0.056,-0.009,0.009,1726,0,0
1221820,1.985,9.361,-0.148,-0.077,-0.007,0.004,1727,0,0
1221841,2.028,9.357,-0.153,-0.066,0.001,-0.001,1727,0,0
1221860,2.052,9.424,-0.060,-0.064,0.011,-0.001,1727,0,0
1221880,2.030,9.452,0.005,-0.066,0.008,0.005,1727,0,0
1221901,2.047,9.400,0.012,-0.049,-0.005,0.011,1726,0,0
1221920,2.052,9.376,-0.031,-0.059,-0.022,0.011,1726,0,0
1221940,1.997,9.340,-0.110,-0.064,-0.020,0.011,1726,0,0
1221960,1.958,9.359,-0.199,-0.044,-0.010,0.019,1725,0,0
1221980,1.958,9.318,-0.213,-0.034,0.000,0.017,1726,0,0
1222001,2.006,9.297,-0.170,-0.064,0.000,0.010,1726,0,0
1222020,2.054,9.213,-0.103,-0.079,-0.001,0.000,1727,0,0
1222040,2.054,9.208,-0.093,-0.068,0.003,-0.011,1726,0,0
1222060,2.061,9.390,-0.098,-0.028,0.007,-0.012,1726,0,0
1222081,2.035,9.493,-0.081,-0.045,0.003,-0.002,1726,0,0
1222100,2.025,9.357,-0.002,-0.079,-0.007,0.006,1725,0,0
1222120,2.083,9.299,-0.105,-0.046,-0.020,-0.003,1727,0,0
1222140,2.059,9.323,-0.165,-0.041,-0.012,-0.012,1725,0,0
1222161,2.030,9.431,-0.235,-0.043,-0.002,-0.010,1725,0,0
1222180,2.061,9.424,-0.215,-0.057,0.008,-0.005,1726,0,0
1222201,2.105,9.328,-0.122,-0.083,0.009,-0.005,1725,0,0
1222220,2.095,9.354,-0.038,-0.070,0.006,-0.014,1726,0,0
1222240,2.037,9.428,-0.053,-0.037,-0.001,-0.011,1724,0,0
1222260,2.021,9.476,-0.136,-0.034,-0.007,-0.001,1726,0,0
1222280,2.066,9.380,-0.153,-0.059,-0.003,0.006,1726,0,0
1222300,2.045,9.323,-0.184,-0.068,-0.001,-0.002,1725,0,0
1222320,2.057,9.301,-0.194,-0.063,-0.001,-0.011,1725,0,0
1222340,2.042,9.349,-0.215,-0.049,0.012,-0.005,1725,0,0
1222360,2.045,9.357,-0.208,-0.049,0.014,-0.007,1726,0,0
1222380,2.061,9.330,-0.187,-0.070,0.017,-0.011,1726,0,0
1222400,2.061,9.318,-0.192,-0.066,0.019,-0.013,1727,0,0
1222420,2.042,9.323,-0.170,-0.052,0.014,-0.015,1726,0,0
1222440,2.033,9.390,-0.153,-0.043,0.008,-0.021,1727,0,0
1222460,2.045,9.392,-0.206,-0.052,0.014,-0.017,1726,0,0
1222480,2.025,9.400,-0.247,-0.051,0.024,-0.015,1726,0,0
1222500,2.064,9.383,-0.132,-0.062,0.028,-0.018,1725,0,0
1222520,2.066,9.354,-0.060,-0.071,0.019,-0.021,1725,0,0
1222540,2.081,9.390,-0.091,-0.058,0.014,-0.025,1727,0,0
1222560,2.042,9.431,-0.148,-0.057,0.013,-0.019,1726,0,0
1222580,1.999,9.469,-0.180,-0.054,0.019,-0.009,1726,0,0
1222600,1.966,9.448,-0.182,-0.056,0.013,-0.011,1726,0,0
1222620,2.006,9.428,-0.163,-0.069,0.022,-0.003,1726,0,0
1222641,2.042,9.376,-0.117,-0.063,0.025,0.001,1726,0,0
1222660,1.987,9.337,-0.103,-0.059,0.023,-0.008,1725,0,0
1222680,1.970,9.371,-0.127,-0.060,0.011,-0.018,1726,0,0
1222700,2.018,9.469,-0.122,-0.053,0.014,-0.014,1725,0,0
1222721,2.069,9.517,-0.134,-0.064,0.024,-0.009,1725,0,0
1222741,2.083,9.483,-0.019,-0.074,0.031,0.001,1725,0,0
1222760,2.035,9.483,0.038,-0.064,0.014,0.006,1726,0,0
1222780,2.030,9.474,0.017,-0.060,-0.003,0.011,1725,0,0
1222800,2.047,9.404,-0.065,-0.062,-0.017,0.010,1726,0,0
1222821,2.066,9.364,-0.187,-0.060,-0.010,0.005,1726,0,0
1222840,2.014,9.409,-0.213,-0.062,0.000,0.004,1726,0,0
1222860,2.023,9.409,-0.208,-0.066,0.011,0.011,1726,0,0
1222880,2.076,9.366,-0.089,-0.074,0.010,0.010,1726,0,0
1222900,2.088,9.299,-0.067,-0.073,-0.006,0.001,1726,0,0
1222921,2.061,9.361,-0.144,-0.054,-0.014,0.001,1726,0,0
1222940,2.049,9.400,-0.230,-0.051,0.002,0.008,1725,0,0
1222960,2.049,9.369,-0.192,-0.064,0.012,0.007,1726,0,0
1222980,2.069,9.335,-0.074,-0.071,0.007,0.007,1726,0,0
1223000,2.088,9.258,-0.105,-0.071,-0.001,0.004,1726,0,0
1223020,2.057,9.232,-0.184,-0.044,-0.007,-0.005,1725,0,0
1223040,1.987,9.371,-0.323,-0.028,0.007,-0.005,1726,0,0
1223060,1.930,9.400,-0.271,-0.051,0.023,-0.003,1725,0,0
1223080,2.021,9.340,-0.194,-0.075,0.027,-0.006,1726,0,0
1223100,2.078,9.261,-0.127,-0.064,0.026,-0.009,1726,0,0
1223120,2.145,9.297,-0.048,-0.056,0.020,-0.021,1727,0,0
1223140,2.054,9.402,-0.034,-0.059,0.014,-0.022,1727,0,0
1223160,2.083,9.500,-0.077,-0.043,0.009,-0.010,1726,0,0
1223180,2.093,9.500,-0.050,-0.054,0.006,-0.005,1726,0,0
1223200,2.093,9.433,-0.132,-0.059,0.000,-0.002,1726,0,0
1223220,2.109,9.426,-0.180,-0.052,0.002,0.002,1727,0,0
1223240,2.109,9.347,-0.182,-0.081,0.010,0.003,1726,0,0
1223260,2.021,9.342,-0.163,-0.070,0.010,-0.001,1727,0,0
1223280,2.059,9.380,-0.199,-0.057,0.014,-0.004,1727,0,0
1223300,2.054,9.380,-0.187,-0.071,0.015,-0.008,1726,0,0
1223320,2.102,9.369,-0.170,-0.078,0.016,-0.005,1726,0,0
1223340,2.090,9.321,-0.079,-0.075,0.019,-0.005,1727,0,0
1223360,2.105,9.299,-0.038,-0.074,0.014,-0.007,1726,0,0
1223380,2.109,9.378,-0.043,-0.048,0.004,-0.015,1727,0,0
1223400,2.100,9.455,-0.074,-0.050,-0.014,-0.007,1726,0,0
1223420,2.107,9.412,-0.180,-0.060,-0.016,-0.001,1726,0,0
1223440,2.090,9.388,-0.285,-0.071,-0.006,-0.003,1727,0,0
1223460,2.124,9.306,-0.290,-0.084,0.005,-0.004,1727,0,0
1223481,2.049,9.333,-0.271,-0.073,0.015,-0.005,1726,0,0
1223500,2.088,9.292,-0.283,-0.064,0.008,-0.006,1726,0,0
1223520,2.081,9.340,-0.266,-0.056,0.015,-0.013,1726,0,0
1223540,2.054,9.404,-0.247,-0.072,0.021,-0.020,1726,0,0
1223560,2.035,9.428,-0.213,-0.072,0.028,-0.011,1726,0,0
1223580,2.064,9.349,-0.168,-0.072,0.027,0.003,1726,0,0
1223600,2.119,9.244,-0.105,-0.062,0.027,0.001,1726,0,0
1223620,2.073,9.210,-0.105,-0.055,0.022,-0.013,1726,0,0
1223641,2.037,9.244,-0.196,-0.048,0.007,-0.023,1725,0,0
1223660,2.002,9.301,-0.285,-0.041,0.010,-0.025,1725,0,0
1223680,1.975,9.342,-0.338,-0.033,0.018,-0.023,1726,0,0
1223700,1.999,9.373,-0.338,-0.040,0.030,-0.027,1726,0,0
1223720,2.021,9.404,-0.213,-0.054,0.047,-0.034,1726,0,0
1223762,2.078,9.481,0.012,-0.043,0.034,-0.019,1726,0,0
1223773,2.069,9.483,0.038,-0.039,0.030,-0.015,1726,0,0
1223784,2.052,9.464,-0.002,-0.040,0.022,-0.012,1726,0,0
1223800,2.076,9.476,-0.012,-0.036,0.018,-0.007,1726,0,0
1223820,1.990,9.493,-0.022,-0.038,0.019,-0.003,1727,0,0
1223841,1.935,9.481,-0.022,-0.057,0.002,-0.001,1725,0,0
1223860,2.018,9.419,-0.079,-0.069,0.005,-0.002,1726,0,0
1223880,1.999,9.333,-0.079,-0.066,0.019,-0.006,1726,0,0
1223900,2.047,9.424,-0.043,-0.053,0.027,-0.003,1726,0,0
1223920,1.999,9.450,0.115,-0.087,0.023,-0.001,1727,0,0
1223940,2.073,9.380,0.101,-0.097,-0.011,-0.003,1726,0,0
1223960,2.102,9.359,0.002,-0.066,-0.025,-0.001,1726,0,0
1223980,2.112,9.342,-0.086,-0.072,-0.036,-0.002,1726,0,0
1224000,2.069,9.397,-0.220,-0.051,-0.026,0.003,1727,0,0
1224020,2.009,9.464,-0.311,-0.045,-0.018,0.004,1728,0,0
1224040,2.014,9.450,-0.335,-0.087,-0.010,0.012,1726,0,0
1224060,2.042,9.337,-0.268,-0.085,-0.007,0.012,1727,0,0
1224212,2.114,9.321,-0.292,-0.059,0.021,-0.003,1726,0,0
1226186,2.176,9.364,-0.302,-0.041,0.007,-0.002,1724,0,0
1226206,2.095,9.471,-0.251,-0.047,0.016,-0.005,1723,0,0
1226226,2.033,9.462,-0.275,-0.061,0.005,0.000,1724,0,0
1226246,2.105,9.357,-0.292,-0.065,-0.002,0.005,1723,0,0
1226266,2.188,9.345,-0.318,-0.033,0.006,-0.003,1723,0,0
1226286,2.203,9.455,-0.280,-0.041,0.017,-0.007,1724,0,0
1226306,2.160,9.483,-0.187,-0.078,0.018,-0.003,1724,0,0
1226326,2.112,9.474,-0.165,-0.072,0.006,0.007,1723,0,0
1226468,2.133,9.280,-0.163,-0.101,0.031,0.017,1724,0,0
1226488,2.167,9.232,-0.108,-0.080,0.027,0.003,1724,0,0
1226509,2.119,9.378,-0.115,-0.028,0.009,-0.010,1723,0,0
1226528,2.124,9.448,-0.163,-0.026,0.002,0.005,1724,0,0
1226549,2.145,9.397,-0.218,-0.054,-0.006,0.017,1724,0,0
1226643,2.191,9.395,-0.330,-0.049,0.010,0.017,1724,0,0
1228083,2.188,9.330,-0.287,-0.109,0.028,0.003,1715,0,0
1228103,2.246,9.340,-0.460,-0.087,0.019,-0.013,1715,0,0
1228123,2.392,9.495,-0.464,-0.096,0.048,-0.001,1714,0,0
1228143,2.387,9.510,-0.201,-0.140,0.072,0.030,1714,0,0
1228163,2.337,9.280,-0.041,-0.158,0.041,0.029,1714,0,0
1228183,2.425,9.189,-0.144,-0.143,0.007,0.011,1713,0,0
1228203,2.442,9.270,-0.151,-0.128,-0.015,-0.003,1714,0,0
1228223,2.334,9.371,-0.158,-0.110,-0.035,-0.005,1713,0,0
1228243,2.258,9.397,-0.330,-0.094,-0.051,0.006,1712,0,0
1228263,2.313,9.311,-0.539,-0.128,-0.044,0.003,1711,0,0
1228283,2.377,9.201,-0.565,-0.141,-0.022,-0.019,1712,0,0
1228303,2.296,9.227,-0.431,-0.112,-0.001,-0.033,1711,0,0
1228323,2.155,9.292,-0.292,-0.118,-0.005,-0.040,1711,0,0
1228343,2.116,9.364,-0.345,-0.126,-0.018,-0.037,1711,0,0
1228363,2.160,9.361,-0.424,-0.087,-0.001,-0.029,1711,0,0
1228383,2.100,9.254,-0.323,-0.092,0.021,-0.032,1711,0,0
1228403,2.040,9.146,-0.170,-0.110,0.015,-0.051,1711,0,0
1228423,2.128,9.242,-0.117,-0.078,0.005,-0.063,1711,0,0
1228443,2.064,9.459,-0.103,-0.051,0.007,-0.060,1711,0,0
1228463,2.083,9.560,-0.053,-0.043,0.010,-0.049,1710,0,0
1228483,2.172,9.510,-0.065,-0.068,0.009,-0.036,1711,0,0
1228503,2.337,9.359,-0.091,-0.079,0.000,-0.028,1711,0,0
1228523,2.444,9.407,-0.134,-0.033,-0.000,-0.021,1711,0,0
1228543,2.373,9.550,-0.175,-0.034,0.016,-0.008,1710,0,0
1228563,2.354,9.634,-0.019,-0.065,0.029,0.012,1712,0,0
1228583,2.274,9.543,0.182,-0.062,0.007,0.037,1711,0,0
1228603,2.318,9.436,0.069,-0.027,-0.032,0.052,1711,0,0
1228623,2.382,9.376,-0.163,0.015,-0.039,0.053,1710,0,0
1228643,2.365,9.409,-0.235,-0.007,-0.020,0.055,1711,0,0
1228663,2.361,9.385,-0.153,-0.052,-0.009,0.058,1711,0,0
1228683,2.354,9.273,-0.127,-0.070,-0.017,0.062,1711,0,0
1228703,2.337,9.203,-0.110,-0.034,-0.026,0.055,1711,0,0
1228723,2.277,9.215,-0.146,-0.009,-0.038,0.050,1711,0,0
1228743,2.270,9.280,-0.249,-0.021,-0.038,0.050,1712,0,0
1228763,2.332,9.194,-0.271,-0.085,-0.020,0.050,1712,0,0
1228783,2.349,9.021,-0.215,-0.091,-0.007,0.052,1711,0,0
1228803,2.291,8.961,-0.168,-0.053,-0.015,0.039,1711,0,0
1228823,2.356,8.978,-0.201,-0.077,-0.021,0.022,1711,0,0
1228843,2.394,9.019,-0.182,-0.095,-0.015,0.009,1711,0,0
1228863,2.394,9.031,-0.148,-0.070,-0.032,0.001,1709,0,0
1228883,2.342,9.100,-0.242,-0.054,-0.049,-0.003,1711,0,0
1228903,2.339,9.141,-0.431,-0.069,-0.046,-0.008,1711,0,0
1228923,2.339,9.160,-0.491,-0.072,-0.040,-0.019,1711,0,0
1228943,2.289,9.268,-0.476,-0.057,-0.032,-0.029,1711,0,0
1228963,2.310,9.395,-0.486,-0.064,-0.024,-0.022,1710,0,0
1228983,2.411,9.364,-0.575,-0.075,-0.013,-0.018,1712,0,0
1229003,2.392,9.352,-0.508,-0.035,-0.010,-0.025,1711,0,0
1229023,2.339,9.493,-0.522,-0.013,-0.021,-0.018,1712,0,0
1229043,2.370,9.515,-0.663,-0.037,-0.012,0.002,1711,0,0
1229063,2.456,9.325,-0.587,-0.063,0.014,0.014,1711,0,0
1229083,2.430,9.155,-0.488,-0.023,0.016,0.005,1712,0,0
1229103,2.330,9.249,-0.615,0.003,0.001,-0.015,1711,0,0
1229123,2.306,9.337,-0.757,-0.014,-0.006,-0.023,1712,0,0
1229143,2.306,9.438,-0.761,0.004,0.023,-0.020,1711,0,0
1229163,2.277,9.517,-0.742,0.013,0.056,-0.009,1710,0,0
1229183,2.327,9.515,-0.697,-0.033,0.078,-0.003,1712,0,0
1229203,2.334,9.412,-0.405,-0.055,0.094,-0.001,1711,0,0
1229223,2.298,9.337,-0.204,-0.021,0.070,-0.009,1711,0,0
1229243,2.289,9.402,-0.256,0.012,0.041,-0.013,1712,0,0
1229263,2.243,9.627,-0.431,0.011,0.046,-0.018,1711,0,0
1229283,2.150,9.783,-0.397,-0.018,0.072,0.003,1710,0,0
1229303,2.162,9.675,-0.249,-0.055,0.073,0.026,1712,0,0
1229323,2.246,9.464,-0.184,-0.075,0.067,0.031,1712,0,0
1229343,2.313,9.266,-0.136,-0.083,0.070,0.021,1711,0,0
1229363,2.301,9.249,-0.077,-0.082,0.063,0.000,1712,0,0
1229383,2.298,9.299,0.057,-0.099,0.056,-0.006,1711,0,0
1229403,2.296,9.321,0.017,-0.110,0.042,0.002,1712,0,0
1229423,2.430,9.189,-0.024,-0.121,0.031,0.006,1711,0,0
1229443,2.476,9.052,0.129,-0.122,0.027,0.001,1711,0,0
1229463,2.454,8.973,0.165,-0.123,-0.004,-0.014,1711,0,0
1229483,2.473,9.093,-0.024,-0.089,-0.030,-0.029,1712,0,0
1229503,2.368,9.244,-0.146,-0.075,-0.034,-0.023,1711,0,0
1229523,2.346,9.278,-0.225,-0.076,-0.034,-0.014,1712,0,0
1229543,2.428,9.175,-0.316,-0.111,-0.028,-0.018,1712,0,0
1229563,2.485,9.146,-0.350,-0.121,-0.021,-0.029,1712,0,0
1229583,2.454,9.301,-0.350,-0.102,-0.008,-0.040,1711,0,0
1229603,2.368,9.419,-0.316,-0.099,-0.014,-0.028,1711,0,0
1229623,2.382,9.419,-0.328,-0.099,-0.025,-0.010,1711,0,0
1229643,2.361,9.354,-0.381,-0.071,-0.029,-0.007,1711,0,0
1229663,2.289,9.318,-0.563,-0.051,-0.036,-0.004,1712,0,0
1229683,2.301,9.311,-0.721,-0.048,-0.017,-0.000,1711,0,0
1229703,2.351,9.232,-0.697,-0.061,0.008,-0.007,1711,0,0
1229723,2.358,9.213,-0.536,-0.057,0.035,-0.009,1711,0,0
1229743,2.339,9.163,-0.342,-0.077,0.033,-0.015,1711,0,0
1229763,2.380,9.014,-0.362,-0.091,0.017,-0.024,1711,0,0
1229783,2.444,8.995,-0.381,-0.026,-0.002,-0.048,1711,0,0
1229803,2.373,9.203,-0.486,0.029,-0.009,-0.064,1711,0,0
1229823,2.263,9.517,-0.656,0.033,-0.005,-0.057,1709,0,0
1229843,2.286,9.606,-0.809,0.006,0.028,-0.036,1711,0,0
1229863,2.219,9.550,-0.666,-0.034,0.071,-0.026,1711,0,0
1229883,2.172,9.474,-0.450,-0.034,0.083,-0.019,1712,0,0
1229903,2.162,9.431,-0.328,-0.027,0.076,-0.022,1711,0,0
1229923,2.207,9.464,-0.160,-0.030,0.071,-0.029,1711,0,0
1229943,2.227,9.507,0.062,-0.029,0.068,-0.017,1710,0,0
1229963,2.239,9.503,0.132,-0.028,0.052,-0.008,1712,0,0
1229983,2.270,9.455,0.067,-0.044,0.037,-0.004,1711,0,0
1230003,2.337,9.414,-0.036,-0.041,0.029,-0.006,1712,0,0
1230023,2.337,9.364,0.069,-0.080,0.026,-0.005,1711,0,0
1230043,2.334,9.354,-0.043,-0.076,0.017,-0.004,1712,0,0
1230063,2.339,9.290,-0.124,-0.090,0.002,-0.004,1711,0,0
1230083,2.368,9.268,-0.251,-0.107,0.006,-0.005,1711,0,0
1230103,2.363,9.263,-0.247,-0.098,0.007,-0.008,1711,0,0
1230123,2.296,9.313,-0.239,-0.084,-0.001,-0.008,1712,0,0
1230143,2.222,9.347,-0.292,-0.077,-0.005,-0.005,1711,0,0
1230163,2.229,9.352,-0.345,-0.072,-0.023,-0.007,1712,0,0
1230183,2.265,9.340,-0.342,-0.073,-0.024,-0.005,1712,0,0
1230203,2.296,9.261,-0.393,-0.071,-0.027,-0.004,1711,0,0
1230223,2.334,9.234,-0.445,-0.034,-0.022,-0.004,1712,0,0
1230243,2.363,9.275,-0.503,-0.041,-0.010,-0.008,1712,0,0
1230263,2.373,9.273,-0.496,-0.061,-0.000,-0.017,1712,0,0
1230283,2.385,9.261,-0.383,-0.070,0.007,-0.018,1711,0,0
1230303,2.392,9.273,-0.407,-0.051,0.003,-0.024,1711,0,0
1230323,2.354,9.347,-0.517,-0.032,0.006,-0.023,1711,0,0
1230343,2.339,9.409,-0.548,-0.040,0.018,-0.019,1712,0,0
1230363,2.270,9.400,-0.438,-0.068,0.021,-0.012,1711,0,0
1230383,2.301,9.366,-0.493,-0.055,0.033,-0.010,1711,0,0
1230403,2.279,9.337,-0.405,-0.052,0.040,-0.012,1711,0,0
1230423,2.267,9.400,-0.400,-0.038,0.037,-0.015,1711,0,0
1230443,2.284,9.476,-0.330,-0.020,0.036,-0.002,1711,0,0
1230463,2.239,9.416,-0.323,-0.050,0.028,0.004,1711,0,0
1230483,2.263,9.278,-0.347,-0.063,0.034,0.009,1711,0,0
1230503,2.263,9.225,-0.326,-0.037,0.042,-0.003,1712,0,0
1230523,2.227,9.285,-0.237,-0.038,0.027,-0.017,1712,0,0
1230543,2.253,9.328,-0.278,-0.055,0.017,-0.017,1711,0,0
1230563,2.263,9.311,-0.239,-0.063,0.015,-0.019,1711,0,0
1230583,2.241,9.361,-0.273,-0.060,0.018,-0.015,1711,0,0
1230603,2.224,9.376,-0.223,-0.066,0.015,-0.013,1711,0,0
1230623,2.251,9.299,-0.263,-0.073,0.004,-0.013,1712,0,0
1230643,2.265,9.268,-0.304,-0.057,-0.001,-0.025,1712,0,0
1230663,2.277,9.335,-0.366,-0.054,0.002,-0.026,1712,0,0
1230683,2.212,9.378,-0.385,-0.069,0.005,-0.023,1712,0,0
1230703,2.241,9.400,-0.383,-0.068,0.006,-0.016,1712,0,0
1230723,2.286,9.325,-0.342,-0.064,0.007,-0.018,1712,0,0
1230743,2.334,9.273,-0.376,-0.074,0.005,-0.026,1712,0,0
1230763,2.330,9.325,-0.376,-0.054,0.002,-0.027,1712,0,0
1230783,2.277,9.428,-0.338,-0.053,0.004,-0.015,1712,0,0
1230803,2.217,9.364,-0.345,-0.079,0.001,-0.013,1712,0,0
1230823,2.253,9.316,-0.364,-0.063,-0.005,-0.015,1712,0,0
1230843,2.265,9.342,-0.340,-0.039,-0.003,-0.021,1712,0,0
1230863,2.294,9.371,-0.431,-0.060,-0.005,-0.025,1712,0,0
1230883,2.289,9.369,-0.539,-0.071,0.012,-0.020,1711,0,0
1230903,2.243,9.380,-0.517,-0.066,0.029,-0.019,1711,0,0
1230923,2.265,9.378,-0.369,-0.072,0.037,-0.012,1712,0,0
1230943,2.298,9.340,-0.302,-0.072,0.025,-0.010,1712,0,0
1230963,2.303,9.316,-0.316,-0.066,0.016,-0.012,1712,0,0
1230983,2.277,9.364,-0.393,-0.045,0.018,-0.010,1712,0,0
1231003,2.241,9.330,-0.448,-0.060,0.023,-0.008,1711,0,0
1231023,2.234,9.342,-0.436,-0.066,0.032,-0.016,1712,0,0
1231043,2.272,9.392,-0.335,-0.058,0.033,-0.015,1711,0,0
1231063,2.327,9.395,-0.333,-0.075,0.029,-0.015,1712,0,0
1231083,2.320,9.426,-0.330,-0.062,0.024,-0.008,1711,0,0
1231103,2.286,9.464,-0.359,-0.037,0.029,0.002,1712,0,0
1231123,2.251,9.524,-0.294,-0.058,0.019,0.004,1712,0,0
1231143,2.241,9.500,-0.314,-0.075,0.011,0.008,1712,0,0
1231163,2.241,9.433,-0.397,-0.057,0.002,0.016,1712,0,0
1231183,2.303,9.392,-0.529,-0.035,0.015,0.024,1712,0,0
1231203,2.303,9.306,-0.491,-0.067,0.034,0.023,1712,0,0
1231223,2.260,9.232,-0.362,-0.088,0.035,0.019,1712,0,0
1231243,2.239,9.244,-0.294,-0.074,0.023,0.011,1712,0,0
1231263,2.195,9.266,-0.326,-0.051,0.014,0.003,1712,0,0
1231283,2.229,9.299,-0.441,-0.038,0.019,0.000,1712,0,0
1231303,2.239,9.287,-0.464,-0.071,0.041,0.005,1712,0,0
1231323,2.284,9.230,-0.345,-0.094,0.047,0.001,1712,0,0
1231343,2.258,9.206,-0.237,-0.093,0.037,-0.010,1714,0,0
1231363,2.243,9.232,-0.242,-0.057,0.020,-0.010,1712,0,0
1231383,2.217,9.309,-0.388,-0.028,0.012,-0.012,1711,0,0
1231403,2.222,9.328,-0.488,-0.065,0.024,-0.013,1712,0,0
1231423,2.205,9.282,-0.417,-0.087,0.040,-0.015,1711,0,0
1231443,2.217,9.254,-0.292,-0.071,0.038,-0.019,1712,0,0
1231463,2.272,9.304,-0.192,-0.052,0.031,-0.025,1712,0,0
1231483,2.320,9.369,-0.206,-0.057,0.022,-0.029,1711,0,0
1231503,2.310,9.407,-0.168,-0.062,0.022,-0.024,1712,0,0
1231523,2.294,9.349,-0.201,-0.073,0.010,-0.011,1711,0,0
1231543,2.301,9.270,-0.242,-0.061,-0.003,-0.012,1711,0,0
1231563,2.263,9.268,-0.333,-0.048,-0.007,-0.020,1711,0,0
1231583,2.198,9.340,-0.397,-0.033,-0.002,-0.026,1712,0,0
1231603,2.222,9.436,-0.431,-0.046,0.003,-0.022,1712,0,0
1231623,2.227,9.452,-0.417,-0.060,0.011,-0.013,1712,0,0
1231643,2.255,9.342,-0.328,-0.076,0.016,-0.006,1712,0,0
1231663,2.241,9.287,-0.244,-0.064,0.018,-0.013,1711,0,0
1231683,2.286,9.311,-0.271,-0.038,0.010,-0.014,1711,0,0
1231703,2.284,9.349,-0.297,-0.044,0.005,-0.017,1712,0,0
1231723,2.248,9.392,-0.268,-0.064,0.003,-0.015,1711,0,0
1231743,2.229,9.416,-0.266,-0.062,-0.007,-0.014,1711,0,0
1231763,2.227,9.424,-0.294,-0.063,0.000,-0.005,1711,0,0
1231783,2.215,9.400,-0.323,-0.063,-0.001,-0.003,1711,0,0
1231803,2.270,9.335,-0.345,-0.061,-0.005,-0.006,1711,0,0
1231823,2.274,9.364,-0.314,-0.064,-0.007,-0.014,1711,0,0
1231843,2.210,9.428,-0.304,-0.068,-0.018,-0.005,1711,0,0
1231863,2.217,9.431,-0.407,-0.048,-0.021,0.006,1711,0,0
1231883,2.265,9.366,-0.472,-0.056,-0.009,0.008,1712,0,0
1231903,2.229,9.242,-0.479,-0.085,0.001,-0.003,1711,0,0
1231923,2.179,9.184,-0.488,-0.099,-0.001,-0.022,1711,0,0
1231943,2.179,9.234,-0.491,-0.066,0.001,-0.035,1711,0,0
1231963,2.239,9.354,-0.436,-0.043,0.007,-0.011,1711,0,0
1231983,2.301,9.304,-0.388,-0.068,0.009,-0.004,1711,0,0
1232003,2.318,9.232,-0.364,-0.082,0.009,-0.018,1711,0,0
1232023,2.229,9.347,-0.381,-0.043,0.011,-0.029,1711,0,0
1232043,2.203,9.395,-0.395,-0.049,0.005,-0.016,1712,0,0
1232063,2.219,9.352,-0.397,-0.053,0.014,-0.007,1712,0,0
1232083,2.253,9.321,-0.397,-0.047,0.014,-0.015,1711,0,0
1232103,2.308,9.325,-0.395,-0.080,0.019,-0.031,1711,0,0
1232123,2.277,9.335,-0.338,-0.084,0.027,-0.037,1711,0,0
1232143,2.239,9.359,-0.285,-0.063,0.019,-0.033,1711,0,0
1232163,2.224,9.395,-0.247,-0.073,0.005,-0.025,1711,0,0
1232183,2.205,9.383,-0.323,-0.081,-0.003,-0.017,1711,0,0
1232203,2.138,9.301,-0.453,-0.073,-0.002,-0.018,1711,0,0
1232223,2.126,9.330,-0.524,-0.058,0.010,-0.029,1711,0,0
1232243,2.176,9.380,-0.443,-0.061,0.027,-0.027,1711,0,0
1232263,2.167,9.373,-0.311,-0.091,0.037,-0.020,1712,0,0
1232283,2.160,9.261,-0.192,-0.099,0.025,-0.024,1711,0,0
1232303,2.205,9.261,-0.287,-0.044,0.012,-0.028,1711,0,0
1232323,2.219,9.378,-0.263,-0.035,0.011,-0.025,1711,0,0
1232343,2.191,9.474,-0.323,-0.048,0.014,-0.027,1711,0,0
1232363,2.188,9.448,-0.271,-0.086,0.005,-0.025,1711,0,0
1232383,2.265,9.323,-0.247,-0.103,-0.001,-0.019,1712,0,0
1232403,2.234,9.342,-0.299,-0.063,-0.002,-0.020,1712,0,0
1232423,2.200,9.416,-0.342,-0.046,0.001,-0.023,1712,0,0
1232443,2.207,9.452,-0.359,-0.060,-0.001,-0.025,1712,0,0
1232463,2.243,9.440,-0.390,-0.102,0.001,-0.027,1713,0,0
1232483,2.169,9.309,-0.371,-0.110,0.005,-0.025,1712,0,0
1232503,2.188,9.376,-0.354,-0.058,0.002,-0.015,1712,0,0
1232523,2.195,9.383,-0.266,-0.058,0.003,-0.015,1711,0,0
1232543,2.152,9.421,-0.283,-0.078,-0.017,-0.023,1712,0,0
1232563,2.148,9.469,-0.405,-0.056,-0.009,-0.020,1712,0,0
1232583,2.131,9.467,-0.385,-0.082,0.001,-0.008,1712,0,0
1232603,2.078,9.431,-0.443,-0.080,0.027,0.001,1712,0,0
1232623,2.143,9.402,-0.302,-0.076,0.025,-0.003,1712,0,0
1232643,2.145,9.347,-0.266,-0.107,0.018,-0.007,1711,0,0
1232663,2.176,9.263,-0.208,-0.092,0.001,-0.010,1710,0,0
1232683,2.150,9.244,-0.187,-0.071,0.003,-0.008,1712,0,0
1232703,2.097,9.313,-0.215,-0.062,-0.001,-0.014,1711,0,0
1232723,2.131,9.397,-0.323,-0.056,-0.017,-0.025,1712,0,0
1232743,2.231,9.395,-0.362,-0.082,-0.008,-0.021,1712,0,0
1232763,2.243,9.304,-0.230,-0.107,-0.004,-0.023,1711,0,0
1232783,2.195,9.297,-0.153,-0.087,-0.012,-0.027,1712,0,0
1232803,2.095,9.503,-0.256,-0.030,-0.025,-0.027,1712,0,0
1232823,2.045,9.579,-0.369,-0.053,-0.029,-0.010,1712,0,0
1232843,2.081,9.498,-0.486,-0.098,-0.015,-0.004,1712,0,0
1232863,2.124,9.404,-0.491,-0.083,0.006,-0.003,1712,0,0
1232883,2.093,9.419,-0.321,-0.082,0.031,0.012,1712,0,0
1232903,2.066,9.306,-0.189,-0.097,0.031,0.010,1712,0,0
1232923,2.105,9.244,-0.177,-0.065,0.010,0.001,1712,0,0
1232943,2.164,9.294,-0.182,-0.052,-0.002,-0.003,1712,0,0
1232963,2.128,9.282,-0.239,-0.089,-0.000,-0.013,1712,0,0
1232983,2.105,9.239,-0.247,-0.085,0.003,-0.007,1712,0,0
1233003,2.188,9.251,-0.244,-0.053,0.010,-0.005,1712,0,0
1233023,2.164,9.225,-0.194,-0.078,0.009,-0.018,1712,0,0
1233043,2.133,9.237,-0.189,-0.074,-0.008,-0.031,1712,0,0
1233063,2.097,9.290,-0.299,-0.063,-0.019,-0.040,1711,0,0
1233083,2.133,9.337,-0.436,-0.074,-0.013,-0.036,1712,0,0
1233103,2.131,9.426,-0.450,-0.057,0.014,-0.027,1712,0,0
1233123,2.095,9.452,-0.357,-0.071,0.022,-0.025,1711,0,0
1233143,2.167,9.421,-0.268,-0.092,0.019,-0.022,1712,0,0
1233163,2.184,9.400,-0.323,-0.071,0.016,-0.027,1712,0,0
1233183,2.215,9.469,-0.352,-0.055,0.026,-0.024,1713,0,0
1233203,2.160,9.450,-0.302,-0.066,0.033,-0.017,1712,0,0
1233223,2.148,9.450,-0.261,-0.061,0.024,-0.012,1712,0,0
1233243,2.176,9.457,-0.237,-0.060,0.025,-0.011,1712,0,0
1233263,2.181,9.438,-0.254,-0.064,0.027,-0.004,1712,0,0
1233283,2.148,9.412,-0.294,-0.059,0.020,-0.007,1712,0,0
1233303,2.131,9.467,-0.251,-0.070,0.027,-0.009,1712,0,0
1233323,2.045,9.474,-0.244,-0.091,0.027,-0.002,1712,0,0
1233343,2.064,9.414,-0.254,-0.079,0.021,0.006,1712,0,0
1233363,2.076,9.392,-0.290,-0.062,0.023,0.003,1712,0,0
1233383,2.119,9.402,-0.237,-0.057,0.030,0.001,1712,0,0
1233403,2.174,9.383,-0.211,-0.064,0.027,0.002,1712,0,0
1233423,2.148,9.335,-0.165,-0.092,0.014,-0.005,1712,0,0
1233443,2.138,9.318,-0.105,-0.092,-0.009,-0.007,1712,0,0
1233463,2.057,9.333,-0.227,-0.043,-0.057,-0.004,1711,0,0
1233483,2.073,9.194,-0.314,-0.059,-0.062,-0.013,1712,0,0
1233503,2.109,9.278,-0.362,-0.047,-0.074,-0.029,1711,0,0
1233523,2.054,9.321,-0.340,-0.031,-0.092,-0.033,1711,0,0
1233543,2.059,9.345,-0.081,-0.052,-0.121,-0.035,1709,0,0
1233563,2.215,9.189,0.594,0.055,-0.261,-0.036,1681,0,0
1233583,2.476,9.153,0.596,0.145,-0.408,-0.029,1594,0,0
1233603,2.105,9.120,-0.924,0.124,-0.284,0.007,1499,0,0
1233623,1.688,9.701,-0.915,0.187,-0.264,0.091,1462,0,0
1233643,1.978,10.048,-0.266,0.153,-0.427,0.157,1414,0,0
1233663,2.172,9.629,0.105,-0.378,-0.538,0.251,1381,0,0
1233683,2.248,8.997,-0.591,-0.650,-0.533,0.276,1358,0,0
1233703,2.423,9.184,-0.649,-0.264,-0.567,0.282,1324,0,0
1233723,2.425,9.886,0.002,-0.223,-0.681,0.449,1264,0,0
1233743,2.047,9.934,-0.409,-0.492,-0.684,0.588,1218,0,0
1233763,2.356,9.730,-0.290,-0.470,-0.691,0.566,1172,0,0
1233783,2.298,9.409,-0.285,-0.560,-0.648,0.471,1129,0,0
1233803,2.057,9.141,-0.268,-0.482,-0.606,0.398,1089,0,0
1233848,3.100,8.538,0.359,-0.086,-0.439,0.231,1001,0,0
1233860,2.923,8.622,0.455,-0.021,-0.480,0.178,982,0,0
1233872,2.928,8.543,0.299,0.105,-0.461,0.151,968,0,0
1233885,2.866,8.902,0.594,0.129,-0.533,0.125,949,0,0
1233903,3.254,8.672,-0.165,0.135,-0.493,0.040,926,0,0
1233923,3.694,8.875,-0.716,0.224,-0.211,-0.111,911,0,0
1233943,3.187,9.385,-0.771,0.163,-0.025,-0.149,900,0,0
1233963,2.698,9.787,-0.627,0.126,0.043,-0.069,891,0,0
1233983,2.727,9.732,-0.498,-0.004,0.000,0.030,884,0,0
1234004,3.184,8.964,-0.675,-0.102,-0.009,0.002,880,0,0
1234023,3.347,9.009,-0.883,-0.027,0.079,-0.064,879,0,0
1234043,3.093,9.471,-0.725,-0.028,0.137,-0.049,879,0,0
1234063,3.086,9.347,-0.661,-0.084,0.121,-0.008,877,0,0
1234083,2.998,9.213,-0.558,-0.077,0.081,-0.002,877,0,0
1234103,3.268,8.969,-0.673,-0.084,0.037,-0.012,878,0,0
1234123,3.208,8.887,-0.788,-0.036,0.047,-0.026,880,0,0
1234143,3.232,8.863,-1.082,0.010,0.061,-0.043,882,0,0
1234163,3.206,8.966,-1.530,0.029,0.129,-0.055,883,0,0
1234183,3.048,9.057,-1.705,-0.007,0.160,-0.086,883,0,0
1234203,2.974,9.337,-1.913,-0.004,0.186,-0.086,883,0,0
1234223,2.899,9.546,-2.030,-0.037,0.199,-0.062,884,0,0
1234243,3.002,9.443,-2.193,-0.025,0.249,-0.049,886,0,0
1234263,2.772,9.831,-2.447,0.070,0.365,-0.058,887,0,0
1234283,2.258,10.405,-2.500,0.108,0.473,0.007,886,0,0
1234303,1.717,10.309,-2.600,0.105,0.561,0.081,885,0,0
1234323,1.369,9.768,-2.947,0.107,0.656,0.114,884,0,0
1234343,1.161,9.378,-3.376,0.080,0.847,0.137,884,0,0
1234363,0.893,9.158,-3.000,-0.005,1.087,0.180,884,0,0
1234383,0.694,8.844,-2.037,-0.076,1.303,0.212,885,0,0
1234403,0.321,8.717,-0.867,-0.059,1.447,0.190,888,0,0
1234423,0.175,8.413,-0.254,0.071,1.473,0.109,889,0,0
1234443,0.256,8.447,-0.280,0.216,1.500,0.041,888,0,0
1234463,0.180,8.401,0.012,0.155,1.553,-0.005,889,0,0
1234483,-0.019,9.182,1.405,0.140,1.602,-0.024,892,0,0
1234503,-0.350,9.246,2.667,0.188,1.526,-0.033,894,0,0
1234523,-0.378,8.859,2.974,0.438,1.355,-0.112,894,0,0
1234543,0.225,8.677,2.308,0.613,1.200,-0.213,895,0,0
1234563,0.898,9.505,1.946,0.649,1.184,-0.167,895,0,0
1234583,1.293,10.144,3.184,0.435,1.212,-0.095,896,0,0
1234603,1.712,9.570,4.214,0.326,1.054,-0.092,897,0,0
1234623,2.145,9.634,4.618,0.331,0.842,-0.169,897,0,0
1234643,2.634,10.041,4.913,0.250,0.577,-0.233,898,0,0
1234663,3.527,10.554,5.073,0.140,0.371,-0.195,898,0,0
1234683,4.254,10.594,5.265,-0.153,0.153,-0.091,899,0,0
1234703,4.652,9.778,5.552,-0.429,-0.135,-0.071,900,0,0
1234723,5.009,9.503,5.418,-0.363,-0.472,-0.136,899,0,0
1234743,5.562,9.716,4.841,-0.343,-0.789,-0.189,898,0,0
1234763,5.940,10.259,4.111,-0.452,-1.067,-0.159,899,0,0
1234783,6.129,9.874,3.084,-0.804,-1.317,-0.104,900,0,0
1234803,6.263,9.464,2.294,-0.982,-1.478,-0.046,901,0,0
1234823,6.278,8.483,1.499,-1.197,-1.624,0.012,899,0,0
1234843,6.158,7.762,0.702,-1.208,-1.699,-0.064,901,0,0
1234863,5.681,7.463,0.235,-0.861,-1.750,-0.234,901,0,0
1234883,5.200,8.741,-0.852,-0.395,-1.792,-0.352,899,0,0
1234903,5.255,9.907,-1.985,-0.446,-1.766,-0.193,899,0,0
1234923,5.095,8.887,-2.428,-0.805,-1.685,-0.061,898,0,0
1234943,4.317,8.365,-2.911,-0.600,-1.680,-0.119,898,0,0
1234963,4.630,9.258,-4.520,-0.177,-1.542,-0.194,899,0,0
1234983,4.422,10.424,-5.227,-0.222,-1.211,-0.108,897,0,0
1235003,3.603,10.420,-5.253,-0.499,-0.949,-0.027,897,0,0
1235023,2.990,9.862,-5.284,-0.574,-0.814,0.098,897,0,0
1235043,2.433,9.007,-5.432,-0.378,-0.650,0.047,897,0,0
1235063,1.729,9.313,-5.660,0.096,-0.374,-0.098,897,0,0
1235083,0.893,10.570,-5.693,0.303,-0.039,-0.110,898,0,0
1235103,0.455,10.788,-5.179,0.032,0.192,0.086,898,0,0
1235123,-0.172,9.143,-4.254,-0.281,0.374,0.193,899,0,0
1235143,-0.943,8.052,-3.634,-0.111,0.480,0.042,899,0,0
1235163,-1.547,9.385,-3.759,0.463,0.646,-0.110,900,0,0
1235183,-1.571,10.846,-3.938,0.481,0.909,-0.003,900,0,0
1235203,-2.040,10.487,-2.866,0.196,1.219,0.145,900,0,0
1235223,-2.404,10.561,-1.420,0.078,1.356,0.222,902,0,0
1235243,-2.045,10.300,-0.565,0.018,1.424,0.333,904,0,0
1235263,-1.650,9.246,0.065,0.209,1.512,0.353,905,0,0
1235283,-1.472,8.736,0.371,0.616,1.641,0.265,906,0,0
1235303,-1.470,10.058,1.197,0.703,1.776,0.224,907,0,0
1235323,-1.733,10.556,2.610,0.360,1.812,0.346,907,0,0
1235343,-1.693,9.268,3.354,0.165,1.702,0.391,908,0,0
1235363,-1.202,8.368,3.230,0.369,1.610,0.234,909,0,0
1235383,-0.706,9.275,3.462,0.525,1.650,0.088,910,0,0
1235403,-0.764,10.185,4.786,0.381,1.626,0.101,910,0,0
1235423,-0.584,9.347,5.490,0.199,1.420,0.142,911,0,0
1235443,0.031,8.298,5.298,0.459,1.259,0.066,911,0,0
1235463,0.577,9.103,5.224,0.599,1.178,-0.002,911,0,0
1235483,1.020,9.584,5.756,0.362,1.030,0.028,912,0,0
1235503,1.642,9.290,6.151,0.032,0.765,0.011,912,0,0
1235523,2.629,8.337,6.134,0.092,0.534,-0.058,912,0,0
1235543,3.244,8.871,6.440,0.334,0.322,-0.187,912,0,0
1235563,3.677,9.670,6.658,0.189,0.025,-0.209,912,0,0
1235583,4.159,9.479,6.785,-0.128,-0.326,-0.214,913,0,0
1235603,4.654,9.050,6.656,-0.273,-0.772,-0.313,912,0,0
1235623,5.210,9.606,5.710,-0.145,-1.159,-0.358,912,0,0
1235643,5.509,10.032,4.492,-0.193,-1.434,-0.352,912,0,0
1235663,5.437,10.400,3.797,-0.512,-1.703,-0.268,913,0,0
1235683,5.648,9.917,2.363,-0.760,-1.941,-0.236,912,0,0
1235703,6.160,9.759,1.101,-0.770,-2.024,-0.168,912,0,0
1235724,6.483,9.203,0.405,-1.011,-2.029,-0.070,912,0,0
1235743,6.302,8.739,-0.057,-1.149,-2.028,-0.050,912,0,0
1235763,6.084,8.143,-0.934,-1.296,-2.090,-0.057,912,0,0
1235783,5.684,7.523,-1.891,-1.015,-2.127,-0.174,912,0,0
1235803,5.404,8.689,-3.225,-0.408,-2.032,-0.287,912,0,0
1235823,5.222,10.180,-4.575,-0.398,-1.820,-0.202,913,0,0
1235843,4.743,9.653,-5.140,-0.766,-1.600,-0.092,913,0,0
1235863,3.694,9.098,-5.437,-0.626,-1.440,-0.130,913,0,0
1235883,3.122,9.900,-6.141,-0.012,-1.204,-0.161,913,0,0
1235903,2.691,10.989,-6.567,0.261,-0.846,-0.132,913,0,0
1235923,2.658,11.475,-6.407,-0.166,-0.497,0.120,914,0,0
1235943,2.057,9.282,-4.992,-0.780,-0.269,0.279,914,0,0
1235963,1.120,7.530,-4.223,-0.407,-0.207,0.068,915,0,0
1235983,0.103,10.039,-4.796,0.480,0.034,-0.166,914,0,0
1236003,-0.397,11.681,-5.069,0.422,0.434,-0.046,914,0,0
1236023,-0.754,10.647,-4.108,-0.051,0.729,0.155,915,0,0
1236043,-0.955,8.871,-3.033,-0.270,0.875,0.200,916,0,0
1236063,-1.106,8.152,-2.212,-0.030,1.033,0.070,918,0,0
1236083,-1.482,9.225,-1.130,0.399,1.221,0.003,918,0,0
1236103,-1.501,9.874,-0.156,0.410,1.333,0.055,918,0,0
1236123,-1.118,9.574,1.075,0.246,1.400,0.145,919,0,0
1236143,-0.730,9.014,2.461,0.127,1.374,0.195,920,0,0
1236163,-0.148,8.509,3.680,0.147,1.263,0.180,920,0,0
1236183,0.424,9.026,4.563,0.258,1.166,0.152,920,0,0
1236203,1.015,9.474,5.346,0.175,1.023,0.168,921,0,0
1236223,1.800,8.976,5.650,0.096,0.829,0.199,922,0,0
1236243,2.401,8.241,5.789,0.238,0.638,0.100,924,0,0
1236263,2.708,8.942,5.595,0.410,0.446,-0.020,923,0,0
1236283,3.002,9.479,4.994,0.261,0.249,-0.033,923,0,0
1236303,3.191,9.148,4.199,0.172,0.099,-0.017,923,0,0
1236323,3.134,9.244,3.517,0.142,0.003,-0.056,923,0,0
1236343,3.105,9.462,2.813,0.078,-0.071,-0.062,924,0,0
1236363,3.062,9.273,2.009,0.025,-0.118,-0.081,924,0,0
1236383,3.005,9.488,1.269,0.029,-0.113,-0.091,923,0,0
1236403,2.796,9.697,0.979,-0.091,-0.142,-0.042,924,0,0
1236423,2.799,9.536,0.711,-0.233,-0.146,-0.001,925,0,0
1236443,2.756,9.139,0.627,-0.245,-0.140,-0.002,925,0,0
1236463,2.849,9.081,0.328,-0.137,-0.132,-0.033,925,0,0
1236483,2.818,9.222,0.146,-0.102,-0.121,-0.051,926,0,0
1236503,2.751,9.488,0.086,-0.127,-0.110,-0.025,926,0,0
1236523,2.684,9.498,0.156,-0.205,-0.120,0.021,926,0,0
1236543,2.725,9.220,0.034,-0.148,-0.120,0.039,927,0,0
1236563,2.813,9.321,-0.036,-0.075,-0.116,0.040,927,0,0
1236583,2.945,9.246,-0.067,-0.094,-0.092,0.058,928,0,0
1236603,2.768,9.043,0.352,-0.110,-0.076,0.056,928,0,0
1236623,2.717,8.897,0.426,-0.054,-0.130,0.039,927,0,0
1236643,2.792,9.052,0.208,-0.003,-0.157,0.027,929,0,0
1236663,2.954,9.009,-0.120,-0.030,-0.131,0.025,929,0,0
1236683,2.758,9.167,0.189,-0.047,-0.067,0.034,930,0,0
1236703,2.744,9.105,0.299,-0.082,-0.076,0.030,930,0,0
1236723,2.737,9.105,0.304,-0.056,-0.082,0.024,930,0,0
1236743,2.818,9.079,0.230,-0.062,-0.074,0.015,929,0,0
1236763,2.763,8.993,0.285,-0.068,-0.055,0.002,931,0,0
1236783,2.593,9.091,0.338,-0.032,-0.066,-0.006,931,0,0
1236803,2.591,9.323,0.091,-0.033,-0.069,0.006,934,0,0
1236823,2.643,9.342,0.151,-0.071,-0.039,0.027,936,0,0
1236843,2.727,9.096,0.378,-0.096,-0.034,0.019,941,0,0
1236863,2.646,9.055,0.522,-0.075,-0.059,0.003,943,0,0
1236883,2.564,9.067,0.625,-0.071,-0.112,-0.001,947,0,0
1236903,2.655,8.966,0.591,-0.028,-0.164,-0.009,958,0,0
1236923,2.844,8.712,0.402,0.066,-0.176,-0.079,970,0,0
1236943,2.710,9.143,0.335,0.163,-0.127,-0.107,981,0,0
1236963,2.449,9.452,0.333,0.043,-0.102,-0.105,995,0,0
1236983,2.799,9.141,0.172,-0.181,0.009,-0.184,1019,0,0
1237003,2.485,9.036,0.493,-0.183,0.102,-0.268,1051,0,0
1237023,1.982,9.316,0.520,-0.105,0.103,-0.226,1096,0,0
1237043,2.423,8.973,0.326,-0.171,0.055,-0.218,1164,0,0
1237063,2.820,9.129,0.373,-0.285,0.148,-0.258,1260,0,0
1237083,2.286,9.052,0.069,-0.326,0.300,-0.281,1387,0,0
1237103,2.799,8.914,-1.645,-0.249,0.530,-0.339,1506,0,0
1237123,3.512,8.835,-1.575,0.256,1.053,-0.531,1620,0,0
1237143,2.717,9.325,1.456,0.778,1.068,-0.670,1701,0,0
1237163,2.430,9.227,3.316,0.537,0.396,-0.604,1750,0,0
1237183,1.470,9.699,1.243,-0.467,0.270,-0.299,1801,0,0
1237203,1.853,9.926,0.771,-0.434,-0.062,-0.153,1834,0,0
1237504,2.004,9.395,0.761,-0.107,-0.040,-0.010,1883,0,0
1237523,2.021,9.335,0.663,-0.069,-0.019,-0.010,1880,0,0
1237543,1.901,9.361,0.584,-0.024,0.014,-0.019,1877,0,0
1237563,1.760,9.392,0.618,-0.030,0.007,-0.022,1874,0,0
1237583,1.844,9.337,0.567,-0.102,-0.006,-0.017,1873,0,0
1237603,1.908,9.215,0.462,-0.116,0.012,-0.026,1871,0,0
1237623,1.820,9.254,0.517,-0.049,0.029,-0.040,1869,0,0
1237644,1.784,9.287,0.570,-0.034,0.042,-0.034,1865,0,0
1237663,1.755,9.335,0.639,-0.060,0.017,-0.032,1864,0,0
1237683,1.860,9.400,0.565,-0.057,-0.012,-0.042,1861,0,0
1237703,1.908,9.400,0.520,-0.073,-0.017,-0.038,1859,0,0
1237723,1.923,9.349,0.529,-0.077,0.006,-0.032,1855,0,0
1237743,1.800,9.294,0.606,-0.047,0.007,-0.027,1854,0,0
1237763,1.800,9.321,0.591,-0.022,-0.009,-0.031,1852,0,0
1237783,1.844,9.340,0.508,-0.015,-0.023,-0.027,1852,0,0
1237803,1.846,9.448,0.381,-0.014,-0.007,-0.035,1848,0,0
1237823,1.870,9.440,0.421,-0.037,0.012,-0.033,1847,0,0
1237843,1.820,9.419,0.481,-0.058,0.018,-0.023,1847,0,0
1237863,1.786,9.503,0.606,-0.038,0.013,-0.024,1844,0,0
1237883,1.829,9.534,0.651,-0.018,-0.009,-0.022,1843,0,0
1237903,1.856,9.565,0.551,-0.038,-0.013,-0.014,1841,0,0
1237962,1.903,9.536,0.555,-0.026,-0.001,0.014,1840,0,0
1237974,1.867,9.579,0.555,-0.032,-0.001,0.017,1842,0,0
1237986,1.781,9.591,0.555,-0.062,-0.002,0.024,1839,0,0
1237998,1.733,9.550,0.560,-0.087,-0.008,0.032,1840,0,0
1238009,1.731,9.493,0.543,-0.084,-0.016,0.038,1840,0,0
1238023,1.774,9.464,0.541,-0.050,-0.018,0.045,1840,0,0
1238043,1.834,9.493,0.486,-0.026,-0.004,0.042,1840,0,0
1238063,1.863,9.443,0.515,-0.050,0.010,0.039,1840,0,0
1238102,1.858,9.416,0.685,-0.058,0.009,0.044,1838,0,0
1238114,1.891,9.402,0.699,-0.077,-0.001,0.046,1839,0,0
1238126,1.896,9.359,0.692,-0.074,-0.008,0.050,1840,0,0
1238143,1.930,9.328,0.649,-0.051,-0.021,0.047,1839,0,0
1238163,1.915,9.239,0.520,-0.065,-0.029,0.042,1839,0,0
1238183,1.889,9.220,0.419,-0.073,-0.028,0.033,1837,0,0
1238203,1.884,9.220,0.388,-0.069,-0.019,0.026,1835,0,0
1238223,1.829,9.273,0.412,-0.054,-0.003,0.023,1836,0,0
1238243,1.800,9.287,0.417,-0.055,-0.005,0.027,1835,0,0
1238264,1.863,9.208,0.330,-0.056,-0.015,0.028,1832,0,0
1238284,1.956,9.153,0.268,-0.050,-0.005,0.014,1832,0,0
1238303,1.918,9.199,0.328,-0.040,0.008,-0.008,1831,0,0
1238323,1.906,9.330,0.371,-0.027,0.010,-0.004,1831,0,0
1238343,1.894,9.345,0.424,-0.040,0.014,0.010,1830,0,0
1238363,1.968,9.191,0.457,-0.064,0.004,0.001,1829,0,0
1238383,2.049,9.244,0.407,-0.038,0.013,-0.018,1829,0,0
1238403,1.992,9.361,0.448,-0.010,0.028,-0.021,1828,0,0
1238423,1.994,9.467,0.433,-0.022,0.016,-0.007,1827,0,0
1238443,2.009,9.388,0.453,-0.050,0.007,-0.000,1826,0,0
1238463,2.025,9.354,0.498,-0.067,0.007,-0.006,1825,0,0
1238484,2.014,9.404,0.436,-0.034,0.025,-0.013,1825,0,0
1238503,1.956,9.471,0.457,-0.017,0.026,-0.008,1824,0,0
1238523,1.930,9.500,0.431,-0.048,0.013,0.003,1826,0,0
1238543,2.011,9.467,0.405,-0.060,0.011,-0.002,1823,0,0
1238563,2.004,9.414,0.441,-0.067,0.022,0.001,1822,0,0
1238583,1.958,9.450,0.479,-0.043,0.029,0.008,1822,0,0
1238603,1.899,9.385,0.522,-0.058,0.020,0.006,1823,0,0
1238623,1.872,9.359,0.472,-0.071,0.014,0.003,1823,0,0
1238643,1.925,9.318,0.381,-0.058,0.011,0.007,1823,0,0
1238663,1.966,9.251,0.390,-0.080,0.025,0.004,1822,0,0
1238683,1.925,9.232,0.455,-0.075,0.040,-0.005,1822,0,0
1238703,1.887,9.256,0.520,-0.063,0.031,-0.012,1822,0,0
1238723,1.887,9.294,0.548,-0.088,0.015,-0.015,1822,0,0
1238743,1.923,9.251,0.517,-0.086,-0.005,-0.022,1821,0,0
1238763,1.961,9.359,0.488,-0.026,0.005,-0.018,1821,0,0
1238783,1.918,9.474,0.488,-0.034,0.010,-0.013,1819,0,0
1238803,1.966,9.385,0.498,-0.091,-0.004,-0.012,1818,0,0
1238823,1.935,9.337,0.412,-0.081,-0.005,-0.015,1817,0,0
1238843,1.958,9.400,0.443,-0.047,-0.007,-0.015,1818,0,0
1238863,1.930,9.469,0.438,-0.045,-0.001,-0.011,1816,0,0
1238883,1.978,9.474,0.441,-0.063,-0.000,-0.005,1814,0,0
1238904,1.973,9.416,0.414,-0.063,-0.001,-0.001,1815,0,0
1238923,1.982,9.357,0.467,-0.079,-0.000,-0.002,1814,0,0
1238943,1.939,9.369,0.488,-0.064,-0.001,-0.008,1814,0,0
1238963,1.901,9.369,0.500,-0.050,-0.011,-0.002,1812,0,0
1238983,1.935,9.376,0.366,-0.031,-0.013,0.007,1811,0,0
1239004,2.014,9.294,0.333,-0.055,-0.002,0.005,1811,0,0
1239023,2.035,9.254,0.424,-0.076,0.007,-0.005,1812,0,0
1239043,1.992,9.278,0.488,-0.071,0.005,-0.012,1810,0,0
1239063,1.961,9.373,0.476,-0.063,-0.007,-0.014,1809,0,0
1239083,1.975,9.419,0.354,-0.049,-0.015,-0.009,1809,0,0
1239104,2.018,9.457,0.273,-0.050,-0.006,-0.002,1809,0,0
1239123,1.985,9.455,0.311,-0.056,0.018,0.007,1808,0,0
1239143,1.920,9.392,0.383,-0.063,0.019,0.011,1808,0,0
1239163,1.946,9.347,0.364,-0.068,0.003,0.007,1808,0,0
1239183,2.023,9.246,0.345,-0.068,0.010,0.001,1808,0,0
1239204,1.994,9.297,0.369,-0.037,0.019,-0.014,1808,0,0
1239223,1.923,9.424,0.455,-0.038,0.023,-0.006,1809,0,0
1239243,1.939,9.424,0.508,-0.066,0.003,0.005,1808,0,0
1239263,2.028,9.306,0.421,-0.078,0.004,0.003,1809,0,0
1239283,1.994,9.268,0.381,-0.059,0.013,-0.002,1808,0,0
1239303,1.882,9.335,0.419,-0.033,0.009,-0.007,1808,0,0
1239323,1.927,9.426,0.357,-0.037,0.013,-0.004,1807,0,0
1239343,1.911,9.455,0.357,-0.061,0.023,0.006,1807,0,0
1239363,1.903,9.383,0.460,-0.085,0.023,0.002,1806,0,0
1239383,1.980,9.278,0.536,-0.081,0.013,0.001,1806,0,0
1239403,2.009,9.234,0.534,-0.051,-0.001,-0.006,1805,0,0
1239423,2.069,9.340,0.472,-0.041,0.002,-0.013,1805,0,0
1239444,1.958,9.407,0.505,-0.067,0.009,-0.009,1805,0,0
1239463,1.913,9.395,0.517,-0.069,-0.007,-0.002,1805,0,0
1239483,1.937,9.369,0.453,-0.062,-0.016,0.001,1803,0,0
1239503,2.018,9.297,0.400,-0.067,-0.021,-0.006,1803,0,0
1239523,2.011,9.321,0.321,-0.048,-0.013,-0.011,1803,0,0
1239543,1.932,9.459,0.328,-0.031,0.002,-0.008,1801,0,0
1239563,1.903,9.517,0.342,-0.056,0.003,0.007,1801,0,0
1239583,1.956,9.357,0.381,-0.087,0.003,0.017,1800,0,0
1239604,2.030,9.179,0.433,-0.087,-0.006,0.006,1801,0,0
1239623,2.016,9.220,0.397,-0.047,-0.002,-0.014,1800,0,0
