1265047,1.774,9.297,0.148,-0.066,0.020,0.020,1716,0,0
1265067,1.786,9.273,0.196,-0.076,0.016,0.011,1714,0,0
1265087,1.760,9.318,0.223,-0.067,0.009,0.003,1714,0,0
1265108,1.750,9.364,0.187,-0.073,-0.006,-0.003,1715,0,0
1265127,1.741,9.333,0.108,-0.078,-0.015,-0.003,1715,0,0
1265147,1.776,9.361,0.057,-0.073,-0.007,-0.001,1717,0,0
1265167,1.721,9.390,0.014,-0.064,-0.001,-0.001,1716,0,0
1265187,1.755,9.421,-0.014,-0.062,-0.002,0.003,1715,0,0
1265207,1.767,9.359,0.036,-0.077,-0.001,-0.002,1714,0,0
1265227,1.781,9.337,0.065,-0.067,-0.002,-0.005,1714,0,0
1265247,1.793,9.354,0.084,-0.042,-0.006,-0.006,1715,0,0
1265267,1.822,9.409,0.022,-0.051,-0.005,-0.004,1714,0,0
1265287,1.800,9.380,-0.005,-0.076,0.004,-0.005,1715,0,0
1265307,1.793,9.361,-0.029,-0.069,0.014,-0.008,1715,0,0
1265328,1.822,9.369,0.036,-0.057,0.022,-0.012,1714,0,0
1265347,1.870,9.397,0.113,-0.066,0.022,-0.007,1715,0,0
1265367,1.875,9.364,0.098,-0.065,0.016,-0.010,1715,0,0
1265387,1.791,9.404,0.060,-0.050,0.014,-0.006,1715,0,0
1265407,1.772,9.419,0.031,-0.057,0.015,-0.005,1714,0,0
1265427,1.721,9.325,0.010,-0.070,0.020,-0.013,1714,0,0
1265447,1.721,9.330,-0.019,-0.046,0.018,-0.023,1714,0,0
1265467,1.786,9.426,-0.043,-0.032,0.030,-0.028,1714,0,0
1265487,1.786,9.507,0.113,-0.068,0.047,-0.025,1714,0,0
1265507,1.774,9.450,0.259,-0.086,0.044,-0.013,1715,0,0
1265527,1.803,9.404,0.311,-0.068,0.034,-0.010,1715,0,0
1265547,1.788,9.378,0.273,-0.059,0.014,-0.015,1716,0,0
1265567,1.762,9.392,0.237,-0.039,-0.004,-0.018,1716,0,0
1265587,1.709,9.534,0.098,-0.035,-0.010,-0.019,1715,0,0
1265608,1.697,9.558,0.024,-0.069,0.004,-0.003,1714,0,0
1265627,1.714,9.421,0.069,-0.075,0.014,0.005,1715,0,0
1265647,1.769,9.299,0.139,-0.073,0.013,-0.005,1715,0,0
1265667,1.800,9.301,0.177,-0.057,0.005,-0.016,1715,0,0
1265688,1.822,9.431,0.139,-0.038,-0.002,-0.021,1714,0,0
1265707,1.786,9.491,0.077,-0.070,0.000,-0.016,1715,0,0
1265727,1.733,9.462,0.089,-0.080,-0.001,-0.013,1713,0,0
1265747,1.738,9.438,0.086,-0.064,-0.008,-0.007,1713,0,0
1265767,1.760,9.369,0.048,-0.052,-0.011,-0.005,1714,0,0
1265787,1.803,9.333,-0.050,-0.052,-0.005,-0.006,1713,0,0
1265807,1.803,9.316,-0.055,-0.050,0.009,-0.014,1713,0,0
1265827,1.724,9.380,-0.067,-0.071,0.013,-0.023,1713,0,0
1265847,1.709,9.438,0.022,-0.071,0.017,-0.020,1714,0,0
1265867,1.733,9.409,0.065,-0.075,0.013,-0.018,1715,0,0
1265887,1.793,9.400,0.043,-0.044,0.018,-0.015,1713,0,0
1265907,1.779,9.436,0.022,-0.049,0.023,-0.017,1713,0,0
1265927,1.765,9.493,0.089,-0.072,0.020,-0.017,1713,0,0
1265947,1.772,9.519,0.175,-0.059,0.018,-0.013,1714,0,0
1265967,1.788,9.488,0.213,-0.040,0.009,-0.002,1713,0,0
1265987,1.733,9.500,0.127,-0.015,-0.005,0.003,1714,0,0
1266007,1.757,9.479,0.024,-0.013,0.004,0.009,1713,0,0
1266027,1.693,9.445,-0.093,-0.055,0.013,0.003,1714,0,0
1266047,1.695,9.359,0.065,-0.091,0.005,-0.005,1714,0,0
1266067,1.743,9.404,0.026,-0.060,0.011,-0.007,1714,0,0
1266087,1.784,9.483,0.079,-0.041,0.014,-0.003,1713,0,0
1266107,1.832,9.498,0.067,-0.063,0.021,0.007,1714,0,0
1266127,1.846,9.486,0.213,-0.070,0.024,0.006,1714,0,0
1266147,1.803,9.481,0.242,-0.063,0.006,0.004,1713,0,0
1266168,1.815,9.512,0.146,-0.045,-0.015,0.016,1714,0,0
1266187,1.793,9.445,0.002,-0.051,-0.008,0.024,1713,0,0
1266207,1.757,9.349,-0.089,-0.068,0.014,0.018,1713,0,0
1266227,1.726,9.349,0.024,-0.062,0.025,0.011,1714,0,0
1266247,1.757,9.407,0.177,-0.058,0.014,0.014,1713,0,0
1266268,1.800,9.347,0.160,-0.071,-0.005,0.011,1714,0,0
1266287,1.815,9.299,0.113,-0.058,-0.011,0.001,1713,0,0
1266307,1.839,9.352,0.012,-0.043,-0.006,-0.001,1713,0,0
1266327,1.817,9.412,0.012,-0.068,0.006,0.002,1714,0,0
1266347,1.769,9.390,0.086,-0.070,0.005,-0.002,1714,0,0
1266367,1.781,9.354,0.062,-0.072,-0.002,-0.004,1714,0,0
1266387,1.827,9.290,0.053,-0.063,-0.013,-0.003,1714,0,0
1266407,1.832,9.318,-0.055,-0.041,-0.009,-0.014,1713,0,0
1266427,1.767,9.421,-0.141,-0.041,0.003,-0.018,1713,0,0
1266447,1.724,9.459,-0.084,-0.071,0.011,-0.015,1713,0,0
1266467,1.784,9.371,-0.005,-0.081,0.013,-0.007,1714,0,0
1266487,1.805,9.304,0.038,-0.054,0.012,-0.014,1714,0,0
1266507,1.858,9.347,0.079,-0.035,0.010,-0.017,1714,0,0
1266527,1.839,9.438,0.048,-0.041,0.012,-0.020,1714,0,0
1266548,1.815,9.507,0.055,-0.058,0.018,-0.013,1715,0,0
1266567,1.755,9.529,0.122,-0.066,0.018,-0.007,1714,0,0
1266587,1.822,9.436,0.134,-0.069,0.005,0.000,1714,0,0
1266607,1.865,9.357,0.084,-0.048,0.005,-0.001,1714,0,0
1266627,1.841,9.345,0.043,-0.055,0.003,-0.012,1715,0,0
1266647,1.760,9.467,0.041,-0.060,0.007,-0.020,1714,0,0
1266667,1.719,9.519,0.024,-0.071,0.002,-0.011,1715,0,0
1266687,1.800,9.495,0.005,-0.052,0.006,-0.003,1714,0,0
1266707,1.836,9.397,0.026,-0.070,0.014,-0.003,1714,0,0
1266727,1.879,9.385,0.026,-0.064,0.015,-0.009,1714,0,0
1266747,1.832,9.414,0.129,-0.053,0.015,-0.006,1714,0,0
1266767,1.793,9.452,0.139,-0.052,-0.009,-0.003,1714,0,0
1266787,1.755,9.433,-0.026,-0.045,-0.018,0.006,1713,0,0
1266807,1.726,9.431,-0.144,-0.048,-0.017,0.014,1713,0,0
1266827,1.784,9.414,-0.192,-0.062,0.013,0.013,1712,0,0
1266847,1.762,9.352,-0.086,-0.062,0.030,0.002,1711,0,0
1266867,1.717,9.349,0.089,-0.052,0.030,0.003,1712,0,0
1266887,1.793,9.299,0.086,-0.060,0.007,-0.005,1712,0,0
1266907,1.856,9.263,0.045,-0.052,0.003,-0.010,1712,0,0
1266927,1.817,9.359,0.060,-0.060,0.014,-0.011,1712,0,0
1266947,1.729,9.371,0.031,-0.068,0.015,-0.009,1710,0,0
1266967,1.750,9.352,0.010,-0.055,0.013,-0.014,1712,0,0
1266987,1.815,9.390,0.010,-0.057,0.013,-0.016,1712,0,0
1267007,1.846,9.376,-0.002,-0.067,0.010,-0.018,1712,0,0
1267027,1.788,9.390,0.022,-0.072,0.015,-0.017,1712,0,0
1267047,1.803,9.462,0.007,-0.048,0.015,-0.013,1711,0,0
1267067,1.793,9.445,0.031,-0.061,0.014,-0.016,1711,0,0
1267087,1.812,9.390,0.014,-0.070,0.002,-0.018,1711,0,0
1267107,1.851,9.419,-0.053,-0.049,0.002,-0.021,1711,0,0
1267128,1.824,9.493,-0.050,-0.066,0.021,-0.019,1712,0,0
1267147,1.805,9.572,-0.034,-0.063,0.033,-0.007,1711,0,0
1267167,1.786,9.548,0.120,-0.064,0.030,0.006,1711,0,0
1267187,1.820,9.421,0.182,-0.074,0.008,0.010,1711,0,0
1267207,1.872,9.318,0.055,-0.066,-0.008,-0.001,1711,0,0
1267227,1.839,9.361,-0.122,-0.045,0.001,-0.011,1711,0,0
1267247,1.760,9.498,-0.134,-0.047,0.025,-0.005,1711,0,0
1267267,1.714,9.448,-0.043,-0.083,0.029,0.002,1712,0,0
1267287,1.784,9.325,0.041,-0.096,0.018,-0.003,1712,0,0
1267307,1.846,9.309,0.034,-0.065,0.014,-0.016,1712,0,0
1267327,1.822,9.414,0.031,-0.042,0.019,-0.018,1711,0,0
1267347,1.815,9.488,0.007,-0.054,0.021,-0.004,1712,0,0
1267367,1.784,9.419,-0.010,-0.075,0.021,0.005,1711,0,0
1267387,1.796,9.335,-0.022,-0.086,0.018,-0.002,1711,0,0
1267407,1.762,9.361,-0.002,-0.057,0.014,-0.010,1712,0,0
1267427,1.709,9.455,-0.108,-0.034,0.019,-0.010,1712,0,0
1267447,1.719,9.550,-0.134,-0.048,0.032,-0.004,1711,0,0
1267468,1.757,9.431,-0.062,-0.082,0.045,0.007,1711,0,0
1267487,1.784,9.256,0.045,-0.092,0.046,0.001,1711,0,0
1267507,1.793,9.210,0.156,-0.069,0.042,-0.012,1711,0,0
1267527,1.760,9.278,0.170,-0.031,0.032,-0.022,1712,0,0
1267547,1.776,9.390,0.148,-0.024,0.014,-0.023,1712,0,0
1267567,1.810,9.426,0.098,-0.054,0.014,-0.014,1711,0,0
1267587,1.800,9.316,0.038,-0.072,0.012,-0.021,1712,0,0
1267607,1.772,9.340,-0.026,-0.063,0.012,-0.031,1712,0,0
1267627,1.798,9.459,-0.034,-0.038,0.021,-0.034,1712,0,0
1267647,1.731,9.570,0.005,-0.045,0.029,-0.030,1712,0,0
1267667,1.736,9.598,0.007,-0.059,0.026,-0.010,1712,0,0
1267687,1.827,9.519,0.062,-0.062,0.024,0.002,1712,0,0
1267707,1.832,9.426,0.074,-0.072,0.019,-0.003,1712,0,0
1267727,1.774,9.404,0.048,-0.052,0.016,-0.011,1712,0,0
1267747,1.767,9.498,-0.002,-0.036,0.021,-0.006,1712,0,0
1267767,1.784,9.546,0.067,-0.055,0.030,0.002,1711,0,0
1267787,1.793,9.510,0.189,-0.081,0.024,0.011,1712,0,0
1267807,1.839,9.352,0.223,-0.081,0.005,0.010,1710,0,0
1267827,1.824,9.390,0.146,-0.053,-0.007,-0.003,1712,0,0
1267847,1.707,9.524,0.005,-0.033,-0.006,0.002,1712,0,0
1267867,1.717,9.536,-0.036,-0.051,-0.010,0.015,1712,0,0
1267887,1.745,9.392,-0.074,-0.076,-0.009,0.017,1712,0,0
1267907,1.827,9.294,-0.077,-0.069,0.000,0.005,1712,0,0
1267927,1.827,9.376,-0.010,-0.062,0.006,-0.007,1712,0,0
1267947,1.844,9.481,0.029,-0.060,0.009,-0.000,1712,0,0
1267967,1.834,9.522,0.086,-0.066,0.013,0.017,1712,0,0
1267988,1.772,9.366,0.098,-0.081,0.005,0.022,1711,0,0
1268007,1.750,9.251,0.050,-0.071,-0.020,0.012,1712,0,0
1268027,1.800,9.297,-0.101,-0.040,-0.021,-0.001,1712,0,0
1268047,1.798,9.371,-0.148,-0.045,-0.002,-0.002,1712,0,0
1268067,1.788,9.373,-0.115,-0.069,0.017,0.004,1712,0,0
1268088,1.791,9.321,-0.026,-0.090,0.024,-0.007,1712,0,0
1268107,1.817,9.330,0.065,-0.075,0.016,-0.013,1712,0,0
1268127,1.856,9.426,0.067,-0.044,0.004,-0.011,1712,0,0
1268147,1.879,9.407,0.108,-0.055,-0.006,-0.006,1712,0,0
1268167,1.834,9.361,0.074,-0.063,-0.005,-0.009,1712,0,0
1268188,1.788,9.392,0.055,-0.050,-0.010,-0.011,1712,0,0
1268207,1.779,9.440,-0.043,-0.053,-0.017,-0.009,1712,0,0
1268227,1.812,9.416,-0.069,-0.047,-0.011,-0.008,1712,0,0
1268247,1.834,9.455,-0.077,-0.060,-0.001,-0.009,1712,0,0
1268267,1.877,9.450,-0.002,-0.080,0.006,-0.006,1711,0,0
1268288,1.872,9.366,0.089,-0.096,0.001,-0.010,1711,0,0
1268307,1.793,9.380,0.017,-0.069,-0.011,-0.013,1712,0,0
1268327,1.772,9.464,-0.144,-0.040,-0.004,-0.008,1712,0,0
1268347,1.774,9.359,-0.165,-0.088,0.007,-0.007,1712,0,0
1268367,1.815,9.227,-0.141,-0.108,0.021,-0.017,1712,0,0
1268387,1.844,9.242,-0.067,-0.067,0.025,-0.028,1712,0,0
1268407,1.832,9.330,0.026,-0.059,0.020,-0.031,1712,0,0
1268427,1.791,9.467,0.053,-0.036,0.018,-0.021,1712,0,0
1268447,1.788,9.481,0.005,-0.028,0.013,-0.010,1712,0,0
1268467,1.803,9.431,0.050,-0.064,0.011,-0.010,1712,0,0
1268487,1.817,9.373,0.079,-0.070,0.008,-0.019,1712,0,0
1268507,1.791,9.448,0.077,-0.020,0.003,-0.015,1712,0,0
1268527,1.822,9.483,0.036,-0.035,0.001,-0.013,1712,0,0
1268548,1.848,9.404,0.031,-0.088,-0.007,-0.013,1712,0,0
1268567,1.841,9.395,0.010,-0.071,-0.005,-0.016,1712,0,0
1268587,1.800,9.524,0.024,-0.031,-0.002,-0.018,1712,0,0
1268607,1.719,9.574,0.014,-0.054,-0.002,-0.007,1712,0,0
1268627,1.748,9.486,-0.055,-0.073,-0.011,0.005,1712,0,0
1268647,1.800,9.400,-0.122,-0.056,0.009,0.009,1712,0,0
1268667,1.788,9.318,-0.026,-0.061,0.019,0.006,1712,0,0
1268687,1.791,9.282,0.103,-0.070,0.011,-0.005,1712,0,0
1268707,1.798,9.311,0.074,-0.047,0.002,-0.016,1712,0,0
1268727,1.822,9.452,0.012,-0.042,0.004,-0.020,1712,0,0
1268747,1.841,9.467,0.007,-0.087,0.006,-0.011,1712,0,0
1268767,1.817,9.428,0.086,-0.080,0.010,-0.004,1712,0,0
1268787,1.791,9.445,0.101,-0.047,0.002,-0.003,1713,0,0
1268808,1.793,9.450,0.101,-0.046,-0.017,-0.003,1712,0,0
1268827,1.784,9.436,0.029,-0.061,-0.031,-0.007,1712,0,0
1268847,1.808,9.433,-0.022,-0.042,-0.033,-0.002,1712,0,0
1268867,1.776,9.474,-0.113,-0.029,-0.021,0.006,1712,0,0
1268887,1.757,9.438,-0.170,-0.065,-0.018,0.006,1712,0,0
1268911,1.836,9.383,-0.141,-0.062,-0.002,0.001,1713,0,0
1268927,1.832,9.366,-0.038,-0.046,0.000,-0.006,1712,0,0
1268947,1.841,9.428,0.010,-0.054,-0.013,-0.005,1712,0,0
1268967,1.829,9.464,0.029,-0.042,-0.013,0.000,1712,0,0
1268987,1.817,9.452,-0.031,-0.048,-0.015,0.007,1712,0,0
1269007,1.836,9.404,-0.069,-0.054,-0.021,0.004,1712,0,0
1269027,1.853,9.318,-0.091,-0.053,-0.017,0.004,1712,0,0
1269047,1.827,9.385,-0.096,-0.046,-0.007,0.001,1712,0,0
1269067,1.762,9.452,-0.048,-0.059,-0.009,-0.002,1712,0,0
1269087,1.805,9.448,-0.103,-0.059,-0.015,0.008,1712,0,0
1269107,1.891,9.452,-0.168,-0.031,-0.011,0.012,1712,0,0
1269127,1.932,9.431,-0.124,-0.058,0.006,0.009,1712,0,0
1269147,1.894,9.421,-0.079,-0.074,0.011,-0.001,1712,0,0
1269167,1.803,9.428,-0.038,-0.056,-0.001,-0.002,1712,0,0
1269187,1.858,9.459,-0.113,-0.047,-0.009,0.009,1712,0,0
1269207,1.824,9.481,-0.206,-0.051,0.008,0.015,1712,0,0
1269227,1.791,9.459,-0.165,-0.066,0.021,0.017,1712,0,0
1269247,1.776,9.366,-0.074,-0.076,0.024,0.018,1711,0,0
1269267,1.738,9.335,0.000,-0.070,0.014,0.013,1712,0,0
1269287,1.865,9.357,-0.091,-0.036,0.007,0.006,1712,0,0
1269307,1.913,9.366,-0.093,-0.053,0.015,0.002,1712,0,0
1269327,1.867,9.311,-0.007,-0.080,0.023,-0.011,1712,0,0
1269347,1.815,9.313,0.081,-0.077,0.007,-0.012,1712,0,0
1269367,1.860,9.275,0.034,-0.058,-0.015,-0.009,1712,0,0
1269387,1.844,9.299,-0.065,-0.058,-0.018,-0.017,1712,0,0
1269407,1.839,9.400,-0.239,-0.042,-0.012,-0.020,1712,0,0
1269427,1.839,9.510,-0.239,-0.047,0.010,-0.016,1712,0,0
1269447,1.851,9.498,-0.136,-0.086,0.016,-0.015,1712,0,0
1269467,1.870,9.464,-0.048,-0.074,0.010,-0.012,1712,0,0
1269487,1.891,9.421,-0.005,-0.054,0.009,-0.005,1712,0,0
1269507,1.911,9.404,0.007,-0.040,-0.002,-0.010,1712,0,0
1269527,1.884,9.503,-0.036,-0.036,-0.013,-0.014,1712,0,0
1269547,1.911,9.510,-0.115,-0.061,-0.012,-0.006,1712,0,0
1269567,1.899,9.483,-0.122,-0.072,0.009,0.003,1712,0,0
1269587,1.882,9.500,-0.017,-0.064,0.017,0.012,1712,0,0
1269607,1.851,9.452,0.017,-0.067,0.010,0.013,1712,0,0
1269627,1.918,9.325,-0.041,-0.079,-0.009,0.008,1711,0,0
1269647,1.946,9.306,-0.134,-0.055,-0.006,0.001,1712,0,0
1269667,1.894,9.361,-0.158,-0.061,0.011,-0.001,1712,0,0
1269687,1.803,9.450,-0.084,-0.076,0.017,-0.001,1712,0,0
1269707,1.798,9.428,-0.057,-0.074,0.006,-0.001,1712,0,0
1269727,1.887,9.407,-0.098,-0.058,-0.005,-0.003,1712,0,0
1269747,1.899,9.409,-0.093,-0.058,0.009,-0.003,1712,0,0
1269767,1.889,9.436,-0.045,-0.060,0.021,0.006,1712,0,0
1269787,1.877,9.366,-0.012,-0.067,0.012,0.010,1712,0,0
1269807,1.858,9.328,-0.117,-0.072,0.004,0.005,1711,0,0
1269828,1.844,9.357,-0.089,-0.044,0.010,0.005,1712,0,0
1269847,1.788,9.347,-0.050,-0.054,0.004,0.001,1712,0,0
1269868,1.853,9.318,-0.115,-0.063,0.002,-0.003,1711,0,0
1269887,1.877,9.306,-0.170,-0.074,0.013,-0.003,1712,0,0
1269907,1.839,9.290,-0.141,-0.074,0.023,-0.017,1711,0,0
1269927,1.836,9.361,-0.026,-0.063,0.027,-0.024,1713,0,0
1269947,1.867,9.428,0.043,-0.054,0.011,-0.021,1712,0,0
1269968,1.891,9.438,0.022,-0.063,0.006,-0.011,1712,0,0
1269987,1.915,9.359,-0.038,-0.047,-0.004,-0.007,1713,0,0
1270007,1.918,9.371,-0.108,-0.038,-0.003,-0.011,1712,0,0
1270028,1.882,9.352,-0.105,-0.066,-0.004,-0.014,1712,0,0
1270047,1.858,9.337,-0.103,-0.051,-0.006,-0.017,1712,0,0
1270067,1.820,9.392,-0.192,-0.029,-0.005,-0.020,1712,0,0
1270087,1.877,9.419,-0.235,-0.040,0.006,-0.015,1711,0,0
1270107,1.891,9.414,-0.187,-0.056,0.022,-0.016,1711,0,0
1270127,1.899,9.400,-0.096,-0.069,0.023,-0.018,1711,0,0
1270148,1.846,9.392,-0.034,-0.048,0.017,-0.015,1710,0,0
1270167,1.820,9.450,-0.093,-0.037,0.003,-0.018,1711,0,0
1270187,1.858,9.507,-0.132,-0.038,0.007,-0.013,1711,0,0
1270207,1.841,9.519,-0.165,-0.052,0.025,-0.009,1711,0,0
1270228,1.846,9.476,-0.117,-0.068,0.024,-0.003,1711,0,0
1270247,1.882,9.385,-0.079,-0.063,0.026,-0.003,1712,0,0
1270267,1.824,9.390,-0.036,-0.056,0.022,-0.010,1712,0,0
1270287,1.832,9.443,-0.031,-0.046,0.016,-0.008,1712,0,0
1270307,1.827,9.459,-0.050,-0.058,0.012,-0.006,1712,0,0
1270327,1.867,9.412,-0.067,-0.068,0.006,-0.010,1712,0,0
1270347,1.863,9.440,-0.048,-0.059,0.007,-0.015,1711,0,0
1270368,1.879,9.510,-0.062,-0.050,0.005,-0.007,1712,0,0
1270387,1.877,9.495,-0.022,-0.054,0.006,0.005,1712,0,0
1270407,1.827,9.414,-0.081,-0.071,0.002,0.009,1711,0,0
1270427,1.812,9.345,-0.098,-0.062,-0.008,0.006,1711,0,0
1270447,1.803,9.349,-0.204,-0.060,-0.007,0.000,1711,0,0
1270467,1.844,9.416,-0.280,-0.048,0.012,-0.001,1710,0,0
1270487,1.867,9.433,-0.160,-0.062,0.033,0.001,1711,0,0
1270507,1.832,9.311,-0.012,-0.096,0.022,-0.001,1711,0,0
1270527,1.882,9.309,0.010,-0.065,0.007,-0.010,1711,0,0
1270547,1.891,9.390,-0.005,-0.030,0.001,-0.015,1712,0,0
1270567,1.870,9.500,-0.057,-0.039,-0.001,-0.009,1711,0,0
1270587,1.875,9.500,-0.065,-0.060,-0.005,0.002,1711,0,0
1270607,1.851,9.426,-0.148,-0.059,-0.008,0.001,1712,0,0
1270628,1.867,9.471,-0.206,-0.036,0.005,0.006,1711,0,0
1270648,1.884,9.438,-0.151,-0.064,0.005,0.010,1713,0,0
1270667,1.906,9.421,-0.129,-0.060,0.005,0.005,1711,0,0
1270687,1.894,9.433,-0.127,-0.047,-0.002,0.003,1711,0,0
1270707,1.891,9.448,-0.223,-0.047,0.006,0.007,1711,0,0
1270727,1.903,9.505,-0.235,-0.058,0.018,0.009,1711,0,0
1270747,1.937,9.464,-0.163,-0.077,0.027,0.010,1712,0,0
1270767,1.935,9.471,-0.053,-0.074,0.026,0.014,1711,0,0
1270787,1.908,9.481,-0.010,-0.049,0.016,0.018,1711,0,0
1270807,1.937,9.491,0.036,-0.043,0.006,0.025,1711,0,0
1270827,1.975,9.402,-0.036,-0.061,-0.013,0.029,1711,0,0
1270847,2.037,9.273,-0.211,-0.079,-0.019,0.023,1712,0,0
1270867,2.033,9.270,-0.330,-0.068,0.005,0.010,1711,0,0
1270887,1.942,9.390,-0.180,-0.052,0.030,0.002,1711,0,0
1270907,1.865,9.433,-0.062,-0.072,0.020,0.003,1711,0,0
1270927,1.872,9.445,0.019,-0.069,-0.005,0.001,1711,0,0
1270947,1.875,9.443,-0.005,-0.029,-0.015,0.002,1710,0,0
1270967,1.887,9.476,-0.120,-0.026,-0.021,0.007,1710,0,0
1270987,1.937,9.436,-0.172,-0.060,-0.013,0.009,1710,0,0
1271007,1.954,9.357,-0.113,-0.096,0.002,0.005,1710,0,0
1271027,1.906,9.371,0.010,-0.093,0.001,-0.006,1710,0,0
1271048,1.887,9.424,-0.007,-0.115,-0.014,-0.015,1710,0,0
1271067,1.863,9.462,-0.110,-0.132,-0.017,-0.013,1711,0,0
1271087,1.884,9.443,-0.182,-0.114,-0.008,-0.009,1710,0,0
1271107,1.903,9.409,-0.170,-0.116,-0.003,-0.010,1711,0,0
1271127,1.882,9.349,-0.069,-0.154,-0.005,-0.015,1710,0,0
1271147,1.879,9.306,0.062,-0.138,-0.017,-0.021,1711,0,0
1271167,1.815,9.376,0.077,-0.086,-0.033,-0.028,1711,0,0
1271187,1.841,9.488,-0.031,-0.065,-0.040,-0.025,1710,0,0
1271207,1.834,9.476,-0.156,-0.098,-0.033,-0.020,1710,0,0
1271227,1.870,9.400,-0.122,-0.107,-0.027,-0.017,1710,0,0
1271247,1.844,9.349,-0.074,-0.098,-0.012,-0.021,1711,0,0
1271268,1.805,9.371,0.029,-0.085,-0.026,-0.024,1708,0,0
1271287,1.784,9.486,-0.098,-0.047,-0.020,-0.018,1711,0,0
1271307,1.841,9.476,-0.129,-0.072,-0.008,-0.011,1709,0,0
1271327,1.822,9.366,0.029,-0.104,0.006,-0.011,1710,0,0
1271347,1.731,9.373,0.079,-0.082,-0.008,-0.027,1710,0,0
1271367,1.805,9.534,0.019,-0.047,-0.007,-0.019,1709,0,0
1271387,1.899,9.522,0.129,-0.066,0.014,0.002,1709,0,0
1271408,1.932,9.395,0.177,-0.084,0.010,0.004,1710,0,0
1271427,2.033,9.450,0.148,-0.081,0.006,-0.001,1710,0,0
1271447,1.975,9.459,0.184,-0.099,0.009,0.013,1710,0,0
1271467,1.951,9.371,0.148,-0.068,-0.007,0.021,1710,0,0
1271487,1.982,9.383,0.148,-0.047,-0.006,0.025,1710,0,0
1271507,2.049,9.361,0.144,-0.054,-0.020,0.026,1710,0,0
1271527,2.064,9.297,0.103,-0.058,-0.024,0.030,1709,0,0
1271547,1.992,9.256,0.108,-0.051,-0.025,0.031,1710,0,0
1271567,2.047,9.273,0.053,-0.041,-0.040,0.025,1710,0,0
1271587,2.071,9.237,-0.086,-0.044,-0.053,0.021,1710,0,0
1271607,2.045,9.218,-0.266,-0.023,-0.050,0.014,1710,0,0
1271627,1.968,9.285,-0.294,0.002,-0.030,0.009,1709,0,0
1271647,1.913,9.282,-0.254,-0.033,-0.027,0.011,1710,0,0
1271667,1.951,9.237,-0.280,-0.034,-0.017,0.003,1710,0,0
1271687,1.958,9.266,-0.227,-0.017,-0.003,-0.003,1711,0,0
1271707,1.877,9.369,-0.081,-0.015,0.000,-0.003,1710,0,0
1271727,1.877,9.383,-0.043,-0.039,-0.010,0.001,1711,0,0
1271747,1.899,9.282,-0.084,-0.053,-0.013,0.008,1711,0,0
1271768,1.982,9.203,-0.158,-0.028,-0.016,0.006,1710,0,0
1271787,1.970,9.234,-0.103,-0.013,-0.011,-0.010,1711,0,0
1271807,1.958,9.357,-0.146,-0.030,-0.008,-0.017,1710,0,0
1271827,1.927,9.407,-0.170,-0.062,-0.004,-0.021,1711,0,0
1271847,1.908,9.369,-0.086,-0.063,-0.009,-0.018,1711,0,0
1271867,1.939,9.392,-0.072,-0.006,-0.018,-0.010,1711,0,0
1271887,2.078,9.412,-0.208,-0.027,-0.020,-0.007,1710,0,0
1271907,2.169,9.380,-0.304,-0.059,-0.008,-0.001,1711,0,0
1271927,2.121,9.342,-0.273,-0.044,0.005,-0.005,1711,0,0
1271947,2.109,9.361,-0.280,-0.064,-0.008,-0.012,1710,0,0
1271967,2.174,9.354,-0.405,-0.060,-0.010,-0.007,1710,0,0
1271987,2.234,9.373,-0.534,-0.009,-0.012,-0.011,1710,0,0
1272007,2.169,9.565,-0.560,0.006,0.000,-0.021,1710,0,0
1272027,2.049,9.713,-0.479,-0.022,0.012,-0.001,1710,0,0
1272047,1.985,9.594,-0.417,0.018,0.022,0.017,1710,0,0
1272067,1.899,9.687,-0.359,0.070,0.028,0.027,1710,0,0
1272087,1.860,9.560,-0.249,-0.004,0.002,0.035,1711,0,0
1272108,1.937,9.361,-0.388,0.030,-0.015,0.029,1710,0,0
1272127,1.932,9.474,-0.611,0.085,0.002,0.020,1711,0,0
1272147,1.911,9.553,-0.527,0.011,0.043,0.024,1710,0,0
1272167,1.858,9.491,-0.385,-0.030,0.065,0.025,1710,0,0
1272187,1.935,9.421,-0.292,-0.038,0.072,0.023,1710,0,0
1272207,1.966,9.412,-0.132,-0.040,0.083,0.012,1710,0,0
1272227,1.985,9.385,-0.007,-0.060,0.073,0.010,1710,0,0
1272247,1.966,9.352,0.043,-0.060,0.051,0.001,1710,0,0
1272268,2.045,9.426,-0.067,-0.054,0.034,-0.005,1710,0,0
1272287,2.059,9.527,-0.158,-0.061,0.044,-0.005,1711,0,0
1272307,1.975,9.596,-0.132,-0.098,0.052,-0.001,1709,0,0
1272327,1.949,9.534,-0.194,-0.104,0.049,0.007,1710,0,0
1272347,1.956,9.445,-0.215,-0.105,0.048,0.019,1710,0,0
1272367,2.042,9.285,-0.146,-0.089,0.044,0.025,1710,0,0
1272388,2.145,9.158,-0.105,-0.093,0.035,0.018,1710,0,0
1272407,2.145,9.141,-0.170,-0.100,0.029,0.008,1710,0,0
1272427,2.083,9.189,-0.170,-0.081,0.031,0.011,1710,0,0
1272447,2.107,9.158,-0.199,-0.082,0.035,0.010,1710,0,0
1272467,2.155,9.098,-0.079,-0.082,0.036,-0.003,1710,0,0
1272487,2.116,9.196,-0.045,-0.061,0.007,-0.025,1711,0,0
1272507,2.162,9.309,-0.278,-0.064,-0.006,-0.015,1710,0,0
1272527,2.272,9.280,-0.405,-0.103,0.018,-0.007,1709,0,0
1272547,2.274,9.220,-0.292,-0.092,0.031,-0.018,1710,0,0
1272567,2.116,9.323,-0.299,-0.064,-0.001,-0.027,1709,0,0
1272587,2.073,9.452,-0.543,-0.048,-0.030,-0.019,1710,0,0
1272607,2.066,9.553,-0.745,-0.005,-0.015,-0.004,1710,0,0
1272627,2.028,9.606,-0.675,0.026,0.013,0.016,1709,0,0
1272647,1.978,9.493,-0.601,-0.007,0.031,0.038,1709,0,0
1272667,1.961,9.261,-0.524,-0.031,0.027,0.025,1709,0,0
1272687,2.006,9.218,-0.498,0.027,0.024,0.001,1710,0,0
1272707,1.925,9.469,-0.529,0.085,0.038,-0.009,1710,0,0
1272727,1.973,9.524,-0.553,0.031,0.069,0.005,1711,0,0
1272747,2.035,9.342,-0.417,-0.044,0.095,0.016,1707,0,0
1272767,2.121,9.129,-0.201,-0.055,0.091,-0.006,1710,0,0
1272788,2.047,9.237,-0.105,-0.033,0.076,-0.044,1710,0,0
1272807,1.923,9.546,-0.038,0.029,0.037,-0.041,1710,0,0
1272827,1.877,9.670,-0.136,0.021,0.044,-0.015,1710,0,0
1272847,1.975,9.469,-0.132,-0.071,0.040,0.001,1710,0,0
1272868,2.035,9.244,-0.187,-0.094,0.058,-0.010,1709,0,0
1272887,1.992,9.225,-0.113,-0.089,0.059,-0.038,1710,0,0
1272907,1.992,9.366,0.026,-0.086,0.052,-0.044,1709,0,0
1272927,1.985,9.428,0.113,-0.066,0.035,-0.035,1710,0,0
1272947,2.021,9.400,0.067,-0.070,0.014,-0.026,1709,0,0
1272967,1.968,9.330,-0.134,-0.109,0.004,-0.023,1710,0,0
1272987,1.923,9.239,-0.237,-0.110,-0.002,-0.031,1710,0,0
1273007,2.014,9.299,-0.333,-0.097,0.009,-0.038,1710,0,0
1273027,2.018,9.337,-0.342,-0.103,0.024,-0.041,1711,0,0
1273047,1.966,9.321,-0.199,-0.111,0.018,-0.037,1710,0,0
1273068,1.961,9.282,-0.208,-0.100,-0.006,-0.042,1710,0,0
1273087,1.970,9.306,-0.323,-0.067,-0.012,-0.041,1710,0,0
1273107,2.018,9.404,-0.450,-0.048,0.003,-0.042,1710,0,0
1273127,1.966,9.357,-0.397,-0.082,0.008,-0.037,1709,0,0
1273147,1.963,9.297,-0.357,-0.078,0.009,-0.039,1710,0,0
1273167,2.016,9.306,-0.354,-0.050,0.002,-0.046,1710,0,0
1273187,2.097,9.388,-0.450,-0.046,0.009,-0.047,1709,0,0
1273207,2.150,9.488,-0.381,-0.040,0.023,-0.044,1710,0,0
1273227,2.116,9.558,-0.302,-0.046,0.019,-0.038,1710,0,0
1273247,2.023,9.553,-0.314,-0.054,0.006,-0.031,1710,0,0
1273267,2.021,9.541,-0.414,-0.039,0.002,-0.020,1710,0,0
1273287,1.990,9.572,-0.441,-0.009,0.011,-0.009,1710,0,0
1273307,1.944,9.565,-0.464,-0.010,0.025,0.002,1708,0,0
1273327,1.911,9.500,-0.385,-0.046,0.017,0.004,1709,0,0
1273347,1.939,9.455,-0.373,-0.052,0.025,0.000,1710,0,0
1273367,1.925,9.467,-0.338,-0.019,0.033,0.006,1711,0,0
1273387,1.951,9.421,-0.299,-0.020,0.040,0.013,1709,0,0
1273407,1.865,9.333,-0.213,-0.062,0.036,0.004,1711,0,0
1273427,1.827,9.280,-0.168,-0.067,0.013,-0.006,1710,0,0
1273447,1.870,9.254,-0.225,-0.053,-0.005,-0.013,1710,0,0
1273467,1.963,9.278,-0.345,-0.040,-0.001,-0.023,1709,0,0
1273487,1.942,9.428,-0.340,-0.027,0.020,-0.032,1710,0,0
1273507,1.877,9.512,-0.268,-0.072,0.022,-0.029,1710,0,0
1273528,1.920,9.476,-0.184,-0.101,0.002,-0.024,1709,0,0
1273547,1.958,9.448,-0.227,-0.067,-0.012,-0.025,1709,0,0
1273567,1.975,9.555,-0.340,-0.026,-0.009,-0.015,1710,0,0
1273587,1.906,9.656,-0.438,-0.037,0.003,-0.007,1711,0,0
1273607,2.004,9.641,-0.460,-0.094,0.009,0.002,1710,0,0
1273627,1.997,9.558,-0.390,-0.101,0.020,0.005,1710,0,0
1273647,1.935,9.507,-0.311,-0.078,0.019,0.011,1709,0,0
1273667,1.946,9.479,-0.271,-0.061,0.002,0.019,1710,0,0
1273687,1.985,9.476,-0.309,-0.056,-0.007,0.021,1710,0,0
1273707,2.016,9.469,-0.376,-0.066,-0.002,0.027,1709,0,0
1273728,2.023,9.390,-0.388,-0.081,0.007,0.027,1710,0,0
1273748,1.990,9.316,-0.309,-0.094,0.006,0.019,1710,0,0
1273767,1.997,9.340,-0.352,-0.079,0.006,0.015,1710,0,0
1273787,2.016,9.364,-0.373,-0.079,0.003,0.019,1709,0,0
1273807,2.028,9.376,-0.397,-0.087,0.005,0.019,1709,0,0
1273827,1.987,9.369,-0.326,-0.096,0.003,0.010,1710,0,0
1273847,1.930,9.426,-0.285,-0.084,-0.008,0.009,1711,0,0
1273867,1.958,9.457,-0.357,-0.076,-0.010,0.017,1710,0,0
1273887,1.999,9.361,-0.397,-0.075,0.006,0.024,1709,0,0
1273907,1.958,9.311,-0.388,-0.066,0.020,0.025,1710,0,0
1273927,1.966,9.258,-0.309,-0.098,0.015,0.015,1710,0,0
1273947,1.966,9.191,-0.213,-0.101,0.011,0.004,1710,0,0
1273967,1.963,9.163,-0.249,-0.068,0.000,-0.002,1710,0,0
1273987,1.963,9.220,-0.330,-0.057,0.006,-0.008,1710,0,0
1274007,1.951,9.230,-0.340,-0.073,0.016,-0.013,1710,0,0
1274027,1.932,9.213,-0.321,-0.092,0.019,-0.026,1709,0,0
1274047,1.908,9.203,-0.204,-0.125,0.012,-0.052,1710,0,0
1274067,1.935,9.210,-0.235,-0.080,-0.006,-0.057,1711,0,0
1274087,1.999,9.361,-0.311,-0.026,0.007,-0.048,1711,0,0
1274107,1.994,9.431,-0.292,-0.074,0.019,-0.045,1711,0,0
1274128,2.004,9.390,-0.213,-0.105,0.012,-0.045,1710,0,0
1274147,2.004,9.328,-0.242,-0.106,0.002,-0.050,1710,0,0
1274167,1.963,9.347,-0.235,-0.072,0.002,-0.056,1711,0,0
1274187,1.920,9.457,-0.302,-0.045,0.001,-0.046,1710,0,0
1274207,1.911,9.565,-0.342,-0.047,0.009,-0.036,1711,0,0
1274227,1.889,9.536,-0.338,-0.088,0.015,-0.028,1710,0,0
1274247,1.901,9.400,-0.244,-0.092,0.018,-0.029,1710,0,0
1274267,1.889,9.357,-0.206,-0.056,0.010,-0.037,1709,0,0
1274287,1.939,9.483,-0.275,-0.017,0.009,-0.030,1710,0,0
1274307,1.930,9.558,-0.294,-0.046,0.019,-0.018,1709,0,0
1274327,1.932,9.440,-0.280,-0.085,0.023,-0.011,1710,0,0
1274347,1.937,9.366,-0.225,-0.069,0.024,-0.016,1710,0,0
1274368,1.944,9.354,-0.168,-0.062,0.017,-0.021,1711,0,0
1274387,1.970,9.419,-0.184,-0.044,0.010,-0.026,1711,0,0
1274407,1.954,9.481,-0.180,-0.054,0.001,-0.024,1710,0,0
1274427,1.973,9.479,-0.247,-0.060,0.003,-0.014,1710,0,0
1274447,1.975,9.505,-0.251,-0.054,0.003,-0.012,1710,0,0
1274467,1.949,9.503,-0.290,-0.073,0.005,-0.010,1710,0,0
1274487,1.927,9.481,-0.311,-0.067,0.009,-0.010,1710,0,0
1274507,1.939,9.479,-0.247,-0.063,0.007,-0.005,1711,0,0
1274527,1.942,9.455,-0.218,-0.070,0.005,-0.000,1711,0,0
1274547,1.925,9.424,-0.271,-0.062,0.007,0.002,1710,0,0
1274567,1.949,9.361,-0.256,-0.066,-0.005,-0.001,1710,0,0
1274587,1.913,9.342,-0.318,-0.078,-0.005,-0.009,1710,0,0
1274607,1.918,9.371,-0.405,-0.060,-0.001,-0.008,1710,0,0
1274627,1.903,9.479,-0.405,-0.044,0.020,-0.001,1711,0,0
1274648,1.853,9.390,-0.285,-0.090,0.029,0.003,1711,0,0
1274667,1.891,9.268,-0.192,-0.100,0.014,-0.001,1711,0,0
1274687,1.987,9.246,-0.187,-0.064,-0.004,-0.011,1711,0,0
1274707,2.009,9.266,-0.196,-0.060,-0.013,-0.032,1711,0,0
1274727,1.951,9.357,-0.268,-0.069,-0.004,-0.041,1711,0,0
1274747,1.915,9.467,-0.268,-0.066,0.005,-0.039,1711,0,0
1274767,1.865,9.493,-0.194,-0.101,0.001,-0.033,1711,0,0
1274787,1.863,9.452,-0.189,-0.097,-0.002,-0.021,1711,0,0
1274807,1.815,9.414,-0.211,-0.055,-0.003,-0.015,1711,0,0
1274827,1.769,9.416,-0.311,-0.063,-0.008,-0.022,1711,0,0
1274847,1.820,9.474,-0.395,-0.081,0.003,-0.020,1711,0,0
1274867,1.765,9.512,-0.352,-0.060,0.021,-0.015,1711,0,0
1274887,1.741,9.467,-0.256,-0.074,0.025,-0.006,1711,0,0
1274907,1.851,9.323,-0.170,-0.084,0.019,0.000,1711,0,0
1274927,1.903,9.222,-0.129,-0.071,0.013,-0.013,1711,0,0
1274947,1.901,9.280,-0.067,-0.062,0.009,-0.030,1711,0,0
1274967,1.829,9.404,-0.081,-0.059,-0.003,-0.029,1711,0,0
1274987,1.841,9.436,-0.163,-0.057,-0.017,-0.018,1710,0,0
1275007,1.856,9.424,-0.268,-0.048,-0.005,-0.013,1710,0,0
1275027,1.858,9.361,-0.244,-0.070,-0.012,-0.022,1711,0,0
1275048,1.937,9.388,-0.273,-0.084,-0.011,-0.028,1710,0,0
1275067,1.973,9.416,-0.211,-0.059,-0.002,-0.023,1710,0,0
1275087,1.899,9.400,-0.201,-0.060,-0.011,-0.031,1711,0,0
1275107,1.899,9.495,-0.314,-0.058,-0.010,-0.035,1710,0,0
1275127,1.906,9.565,-0.333,-0.063,-0.002,-0.030,1710,0,0
1275147,1.872,9.582,-0.378,-0.072,0.008,-0.027,1711,0,0
1275167,1.858,9.663,-0.369,-0.045,0.030,-0.007,1711,0,0
1275187,1.853,9.606,-0.385,-0.034,0.034,0.006,1710,0,0
1275207,1.901,9.445,-0.292,-0.067,0.021,0.005,1709,0,0
1275227,1.903,9.309,-0.491,-0.027,0.052,0.007,1708,0,0
1275247,1.872,9.419,-0.139,0.075,0.028,0.000,1708,0,0
1275267,1.803,9.479,-0.297,0.062,0.063,0.002,1706,0,0
1275287,1.772,9.359,-0.136,0.024,0.039,0.010,1702,0,0
1275307,1.848,9.282,-0.165,0.042,-0.015,0.016,1701,0,0
1275327,1.882,9.196,0.024,0.059,-0.078,0.019,1696,0,0
1275348,2.009,9.189,-0.144,0.066,-0.126,-0.007,1678,0,0
1275367,1.927,9.457,-0.536,0.083,-0.071,0.010,1658,0,0
1275387,1.767,9.385,-0.448,0.015,-0.024,0.043,1616,0,0
1275407,1.659,9.340,-0.500,0.016,-0.042,0.027,1580,0,0
1275427,1.683,9.558,-0.335,0.074,-0.170,0.040,1535,0,0
1275447,1.719,9.479,-0.479,-0.082,-0.237,0.061,1513,0,0
1275467,1.927,9.531,-0.366,-0.256,-0.274,0.078,1474,0,0
1275487,1.982,9.550,-0.194,-0.345,-0.309,0.093,1436,0,0
1275508,2.090,9.622,0.239,-0.495,-0.486,0.169,1375,0,0
1275527,1.958,9.510,0.034,-0.748,-0.659,0.230,1325,0,0
1275547,1.887,9.436,-0.821,-0.702,-0.649,0.304,1272,0,0
1275567,2.710,9.646,0.132,-0.515,-0.580,0.370,1201,0,0
1275587,2.349,9.749,0.364,-0.756,-0.551,0.569,1150,0,0
1275607,1.587,9.512,1.089,-0.656,-0.868,0.763,1093,0,0
1275627,1.408,9.031,0.658,-0.597,-1.195,0.669,1060,0,0
1275647,2.121,8.808,-0.421,-0.233,-1.182,0.509,1026,0,0
1275667,2.811,8.590,-0.769,-0.118,-0.831,0.282,984,0,0
1275688,3.297,8.250,-0.268,-0.032,-0.441,0.092,952,0,0
1275707,2.579,8.825,0.661,0.237,-0.376,0.046,930,0,0
1275727,2.658,9.261,0.120,0.244,-0.482,-0.024,913,0,0
1275747,3.361,8.808,-0.536,0.139,-0.310,-0.078,907,0,0
1275767,3.091,9.304,-0.498,0.030,-0.069,-0.112,904,0,0
1275787,2.732,9.565,-0.309,0.055,0.033,-0.095,906,0,0
1275807,2.713,9.811,-0.335,0.055,0.045,-0.023,906,0,0
1275827,2.768,9.704,-0.285,-0.027,0.049,0.005,907,0,0
1275847,3.060,9.421,-0.225,-0.065,0.051,0.001,911,0,0
1275867,3.021,9.357,-0.127,-0.058,0.074,0.002,912,0,0
1275887,2.952,9.100,-0.141,-0.055,0.059,-0.005,913,0,0
1275907,2.871,9.179,-0.208,0.041,0.056,-0.016,914,0,0
1275927,2.806,9.507,-0.117,0.035,0.020,0.006,921,0,0
1275948,2.998,9.263,-0.108,-0.057,-0.041,0.030,926,0,0
1275968,3.340,8.887,-0.354,-0.069,-0.027,-0.003,931,0,0
1275987,3.203,8.909,-0.318,-0.053,0.019,-0.017,933,0,0
1276007,3.105,8.748,-0.237,-0.042,-0.001,-0.025,935,0,0
1276027,3.163,8.727,-0.354,0.011,-0.074,-0.063,937,0,0
1276047,3.366,8.823,-0.656,0.076,-0.127,-0.120,941,0,0
1276067,3.596,9.031,-1.216,0.084,-0.096,-0.187,943,0,0
1276087,3.421,9.134,-1.724,0.160,0.007,-0.225,944,0,0
1276107,3.069,9.646,-2.016,0.346,0.095,-0.216,944,0,0
1276127,2.713,10.295,-2.222,0.330,0.096,-0.136,944,0,0
1276147,2.670,10.333,-2.646,0.159,0.069,-0.056,944,0,0
1276167,2.509,10.123,-3.223,0.093,0.162,0.018,944,0,0
1276187,1.946,10.077,-3.505,0.127,0.337,0.047,945,0,0
1276207,1.499,10.084,-3.718,0.128,0.511,0.105,944,0,0
1276227,0.850,9.888,-3.701,0.132,0.713,0.153,944,0,0
1276247,0.261,9.950,-3.706,0.137,0.900,0.188,944,0,0
1276267,-0.065,9.538,-3.433,0.047,1.131,0.272,943,0,0
1276287,-0.522,8.904,-2.883,0.018,1.364,0.274,944,0,0
1276307,-1.068,8.935,-2.308,0.103,1.562,0.238,944,0,0
1276327,-1.427,8.921,-1.872,0.109,1.740,0.219,943,0,0
1276347,-1.460,8.815,-1.367,0.223,1.937,0.130,943,0,0
1276367,-1.448,10.329,0.110,0.244,2.117,0.214,944,0,0
1276387,-1.161,8.839,1.760,0.065,2.171,0.345,946,0,0
1276407,-1.245,8.045,3.117,0.431,2.078,0.194,947,0,0
1276427,-0.970,9.081,3.220,0.701,1.872,0.029,948,0,0
1276447,-0.148,9.215,3.086,0.635,1.806,-0.051,948,0,0
1276467,0.309,9.622,4.231,0.419,1.773,-0.137,948,0,0
1276487,0.713,9.670,5.638,0.307,1.534,-0.100,950,0,0
1276507,1.626,9.187,6.007,0.385,1.191,-0.023,951,0,0
1276527,2.990,9.105,5.842,0.534,0.849,-0.171,952,0,0
1276547,3.862,10.020,5.964,0.517,0.543,-0.232,953,0,0
1276567,4.487,10.556,6.165,0.175,0.192,-0.159,953,0,0
1276587,4.843,9.852,6.189,-0.207,-0.180,-0.124,954,0,0
1276607,5.466,9.366,5.947,-0.191,-0.540,-0.147,952,0,0
1276627,6.017,9.584,5.270,-0.066,-0.863,-0.233,951,0,0
1276647,6.132,10.503,4.731,-0.279,-1.236,-0.155,952,0,0
1276667,6.318,10.075,3.915,-0.701,-1.534,-0.030,953,0,0
1276687,6.345,9.407,2.844,-1.044,-1.765,0.038,952,0,0
1276707,6.373,8.418,1.961,-1.049,-1.928,0.031,953,0,0
1276727,6.235,8.131,1.039,-0.971,-2.044,-0.041,952,0,0
1276747,5.906,8.430,-0.101,-0.835,-2.145,-0.118,951,0,0
1276767,5.638,9.436,-1.355,-0.860,-2.166,-0.063,951,0,0
1276787,5.320,9.527,-2.308,-1.063,-2.110,0.065,950,0,0
1276807,5.320,8.674,-3.359,-0.966,-2.004,0.056,950,0,0
1276827,5.452,8.365,-4.324,-0.582,-1.816,-0.022,949,0,0
1276847,4.992,9.232,-4.671,-0.366,-1.594,-0.058,948,0,0
1276867,3.934,10.307,-5.035,-0.679,-1.502,0.077,947,0,0
1276887,3.685,9.218,-5.610,-0.815,-1.362,0.143,947,0,0
1276907,3.555,8.638,-5.811,-0.437,-1.037,0.053,946,0,0
1276927,3.201,8.629,-5.593,-0.090,-0.715,-0.109,946,0,0
1276947,1.413,10.151,-4.860,0.122,-0.566,-0.188,945,0,0
1276967,1.448,10.819,-5.246,-0.095,-0.508,0.051,946,0,0
1276987,1.556,8.950,-5.066,-0.431,-0.218,0.183,946,0,0
1277007,0.922,6.977,-4.298,-0.332,0.020,-0.038,946,0,0
1277027,-0.400,7.860,-3.828,0.210,0.157,-0.335,947,0,0
1277047,-1.188,10.364,-3.958,0.443,0.268,-0.339,946,0,0
1277067,-1.499,11.207,-3.792,0.151,0.544,-0.130,947,0,0
1277087,-1.700,10.422,-3.115,-0.219,0.798,0.054,947,0,0
1277107,-2.188,9.404,-2.354,-0.234,0.953,0.049,950,0,0
1277127,-2.207,9.761,-1.908,0.147,1.166,-0.031,949,0,0
1277147,-2.452,10.712,-0.790,0.368,1.401,0.039,950,0,0
1277167,-2.406,10.518,-0.022,0.345,1.533,0.182,951,0,0
1277187,-2.243,9.785,0.215,0.298,1.631,0.257,950,0,0
1277207,-1.994,9.153,0.599,0.217,1.746,0.246,953,0,0
1277227,-1.937,9.218,1.686,0.152,1.836,0.218,953,0,0
1277247,-2.112,9.158,3.127,0.226,1.848,0.247,954,0,0
1277267,-1.956,8.837,3.670,0.540,1.726,0.183,955,0,0
1277287,-1.444,9.091,3.014,0.736,1.582,0.044,957,0,0
1277308,-0.611,9.809,2.792,0.604,1.599,-0.029,958,0,0
1277327,-0.486,9.996,4.235,0.448,1.677,0.035,957,0,0
1277347,-0.290,9.740,5.449,0.633,1.560,0.137,956,0,0
1277367,0.555,9.548,5.191,0.829,1.399,0.075,958,0,0
1277387,1.523,9.254,5.083,0.689,1.254,-0.045,959,0,0
1277407,1.774,9.735,5.978,0.445,1.059,-0.152,959,0,0
1277427,2.586,9.857,6.414,0.326,0.727,-0.023,960,0,0
1277447,3.273,9.462,6.428,0.443,0.468,-0.091,959,0,0
1277467,3.852,9.685,6.345,0.344,0.127,-0.216,959,0,0
1277487,4.319,10.242,6.551,0.217,-0.222,-0.280,959,0,0
1277507,5.318,10.508,5.878,-0.022,-0.606,-0.228,959,0,0
1277527,5.890,10.060,5.344,-0.351,-0.905,-0.256,959,0,0
1277547,6.000,10.262,4.906,-0.388,-1.219,-0.233,959,0,0
1277567,6.081,10.795,3.445,-0.576,-1.587,-0.230,958,0,0
1277587,6.507,10.482,1.712,-0.791,-1.812,-0.057,960,0,0
1277607,7.116,9.256,-0.139,-0.921,-1.933,-0.006,958,0,0
1277627,7.652,8.384,-1.235,-1.078,-1.870,-0.009,959,0,0
1277647,7.362,8.092,-1.360,-0.970,-1.699,-0.138,959,0,0
1277667,6.637,9.330,-1.633,-0.681,-1.678,-0.128,958,0,0
1277687,6.534,10.250,-2.619,-0.811,-1.686,0.098,957,0,0
1277707,6.553,9.103,-3.378,-1.148,-1.612,0.313,958,0,0
1277727,6.053,7.278,-3.965,-1.005,-1.499,0.141,958,0,0
1277748,4.796,8.607,-4.559,-0.095,-1.373,-0.121,958,0,0
1277767,4.446,11.674,-5.449,0.134,-1.224,0.088,959,0,0
1277787,4.168,11.200,-5.035,-0.736,-0.988,0.550,959,0,0
1277808,3.687,6.843,-4.068,-0.845,-0.869,0.407,960,0,0
1277827,2.638,6.809,-4.034,0.086,-0.807,-0.024,960,0,0
1277848,1.386,9.481,-4.934,0.978,-0.699,-0.282,960,0,0
1277867,1.417,12.538,-5.729,0.844,-0.392,-0.061,961,0,0
1277887,0.934,10.932,-4.604,-0.234,-0.022,0.287,962,0,0
1277907,0.488,7.994,-3.321,-0.568,0.101,0.259,963,0,0
1277927,-0.072,6.970,-2.801,-0.092,0.210,-0.056,964,0,0
1277947,-0.690,8.916,-2.454,0.531,0.381,-0.238,965,0,0
1277967,-0.749,9.991,-1.932,0.499,0.582,-0.191,965,0,0
1277987,-0.433,9.895,-0.958,0.246,0.811,-0.081,967,0,0
1278008,-0.733,9.716,0.824,-0.143,0.848,0.008,967,0,0
1278027,-0.508,9.100,1.887,-0.366,0.738,0.030,968,0,0
1278047,-0.247,8.720,2.090,-0.084,0.701,-0.030,969,0,0
1278068,0.120,9.325,2.109,0.375,0.704,-0.061,969,0,0
1278087,0.725,9.967,2.303,0.411,0.689,-0.004,971,0,0
1278108,1.166,9.790,2.916,0.218,0.647,0.049,970,0,0
1278127,1.618,9.031,3.184,0.091,0.527,0.025,972,0,0
1278147,2.179,8.995,2.895,0.167,0.404,0.007,972,0,0
1278167,2.605,9.335,2.543,0.192,0.315,0.029,972,0,0
1278187,2.770,9.383,2.330,0.177,0.225,0.046,972,0,0
1278208,3.122,9.402,1.863,0.124,0.133,0.047,972,0,0
1278227,3.220,9.335,1.379,-0.014,0.088,0.037,972,0,0
1278247,3.223,9.041,1.180,-0.095,0.070,0.041,972,0,0
1278267,3.196,8.981,1.097,-0.089,0.005,0.028,972,0,0
1278287,3.330,8.839,0.704,-0.090,-0.043,-0.001,972,0,0
1278307,3.065,8.985,0.330,-0.045,-0.050,-0.047,972,0,0
1278327,2.923,9.349,-0.038,-0.081,-0.070,-0.043,973,0,0
1278347,3.026,9.182,-0.366,-0.189,-0.057,-0.019,974,0,0
1278367,2.942,9.038,-0.340,-0.209,-0.024,-0.022,974,0,0
1278388,2.684,9.153,-0.170,-0.191,-0.030,-0.025,972,0,0
1278407,2.691,9.172,-0.321,-0.141,-0.056,-0.017,974,0,0
1278427,2.579,9.201,-0.383,-0.074,-0.051,-0.012,975,0,0
1278447,2.624,9.203,-0.541,-0.035,-0.027,-0.011,975,0,0
1278468,2.624,9.081,-0.630,-0.106,0.029,-0.007,974,0,0
1278487,2.504,8.839,-0.467,-0.159,0.055,-0.029,975,0,0
1278507,2.442,8.789,-0.299,-0.135,0.060,-0.073,976,0,0
1278528,2.334,9.021,-0.244,-0.080,0.058,-0.097,976,0,0
1278547,2.409,9.052,-0.261,-0.047,0.068,-0.063,981,0,0
1278567,2.416,9.045,-0.077,-0.043,0.081,-0.067,987,0,0
1278587,2.354,8.990,0.208,-0.087,0.037,-0.096,990,0,0
1278607,2.097,9.064,0.539,-0.086,-0.059,-0.131,995,0,0
1278627,1.935,8.875,0.831,-0.105,-0.200,-0.118,1005,0,0
1278648,2.710,8.598,0.170,-0.004,-0.264,-0.123,1011,0,0
1278667,2.593,8.990,-0.397,0.019,-0.085,-0.232,1035,0,0
1278687,2.540,9.395,-0.067,-0.038,0.051,-0.311,1056,0,0
1278707,2.689,9.493,0.041,-0.178,0.075,-0.301,1089,0,0
1278728,3.036,9.383,-0.244,-0.245,0.152,-0.263,1150,0,0
1278747,2.892,9.663,0.206,-0.291,0.220,-0.266,1245,0,0
1278767,2.780,9.799,-0.347,-0.609,0.293,-0.291,1381,0,0
1278787,4.063,9.136,-1.717,-0.721,0.758,-0.395,1507,0,0
1278807,3.608,9.328,-2.552,-0.311,1.532,-0.494,1619,0,0
1278827,2.902,9.373,0.848,0.450,1.549,-0.615,1703,0,0
1278847,2.516,8.993,3.275,0.860,0.552,-0.633,1744,0,0
1278867,1.599,9.878,1.063,-0.739,0.581,-0.447,1790,0,0
1278887,1.765,10.398,0.642,-1.119,0.249,-0.229,1821,0,0
1278907,1.729,9.701,0.417,-0.279,0.083,-0.115,1840,0,0
1278927,1.597,9.598,0.223,-0.271,0.035,-0.046,1855,0,0
1278947,1.645,9.371,0.469,-0.448,0.084,-0.036,1864,0,0
1278967,1.554,9.567,0.371,-0.080,0.023,-0.025,1872,0,0
1278987,1.635,9.716,0.560,0.009,-0.044,0.006,1875,0,0
1279007,1.848,9.357,0.819,-0.271,-0.035,0.029,1877,0,0
1279027,1.879,9.096,0.781,-0.258,-0.033,0.038,1879,0,0
1279047,1.865,9.088,0.730,-0.029,-0.057,0.028,1878,0,0
1279067,1.786,9.218,0.589,-0.037,-0.027,0.002,1877,0,0
1279087,1.757,9.143,0.747,-0.124,-0.012,-0.013,1874,0,0
1279107,1.638,9.213,0.754,-0.100,-0.023,-0.003,1874,0,0
1279128,1.729,9.187,0.970,-0.083,-0.053,0.005,1873,0,0
1279147,1.616,9.189,0.848,-0.069,-0.025,0.007,1871,0,0
1279167,1.748,9.122,0.692,0.038,-0.049,0.003,1866,0,0
1279187,1.774,9.369,0.419,0.102,-0.018,-0.002,1861,0,0
1279207,1.918,9.433,0.591,0.013,0.008,-0.032,1857,0,0
1279227,1.755,9.476,0.886,-0.096,0.043,-0.022,1856,0,0
1279247,1.719,9.483,1.061,-0.047,-0.015,0.007,1854,0,0
1279267,1.786,9.464,0.970,-0.004,-0.092,0.021,1851,0,0
1279287,1.968,9.378,0.821,-0.045,-0.091,0.015,1847,0,0
1279307,1.975,9.436,0.785,-0.027,-0.070,0.014,1845,0,0
1279327,1.844,9.591,0.809,-0.002,-0.050,0.003,1844,0,0
1279347,1.820,9.613,0.843,-0.048,-0.045,0.016,1845,0,0
1279367,1.750,9.543,0.769,-0.037,-0.053,0.039,1843,0,0
1279387,1.820,9.452,0.713,-0.004,-0.080,0.056,1840,0,0
1279407,1.884,9.414,0.680,-0.038,-0.081,0.054,1839,0,0
1279427,1.973,9.342,0.608,-0.030,-0.064,0.052,1836,0,0
1279448,2.006,9.333,0.603,-0.017,-0.020,0.055,1831,0,0
1279467,1.980,9.299,0.711,-0.047,-0.009,0.041,1826,0,0
1279487,1.889,9.342,0.723,-0.044,-0.020,0.022,1824,0,0
1279507,1.896,9.402,0.637,-0.042,-0.035,0.030,1823,0,0
1279527,1.954,9.352,0.601,-0.061,-0.028,0.053,1822,0,0
1279547,1.915,9.208,0.625,-0.058,-0.021,0.052,1820,0,0
1279567,1.899,9.127,0.608,-0.034,-0.019,0.032,1818,0,0
1279587,1.872,9.218,0.596,-0.018,-0.018,0.002,1817,0,0
1279607,1.913,9.268,0.462,-0.058,-0.034,-0.003,1815,0,0
1279627,1.999,9.273,0.426,-0.067,-0.016,0.018,1813,0,0
1279647,1.985,9.290,0.596,-0.063,0.011,0.009,1814,0,0
1279667,1.925,9.285,0.728,-0.038,0.007,-0.008,1812,0,0
1279687,1.872,9.400,0.627,-0.013,-0.015,0.004,1810,0,0
1279707,1.973,9.433,0.534,-0.020,-0.032,0.024,1809,0,0
1279727,2.040,9.290,0.484,-0.055,-0.027,0.035,1808,0,0
1279747,1.997,9.222,0.503,-0.042,-0.002,0.012,1806,0,0
1279767,1.932,9.373,0.491,-0.017,0.009,-0.013,1805,0,0
1279787,1.954,9.495,0.436,-0.033,-0.008,0.001,1803,0,0
1279808,2.025,9.421,0.390,-0.064,0.007,0.027,1799,0,0
1279827,2.061,9.237,0.491,-0.065,0.034,0.025,1796,0,0
1279847,1.999,9.218,0.591,-0.054,0.033,0.005,1795,0,0
1279868,2.006,9.237,0.606,-0.059,0.009,-0.011,1794,0,0
1279887,2.018,9.266,0.517,-0.051,0.002,-0.001,1792,0,0
1279907,2.061,9.287,0.453,-0.016,0.016,0.003,1791,0,0
1279927,2.073,9.325,0.546,-0.033,0.020,-0.005,1791,0,0
1279947,2.064,9.345,0.630,-0.064,0.009,-0.020,1789,0,0
1279967,2.018,9.419,0.630,-0.048,-0.006,-0.017,1790,0,0
1279987,2.006,9.467,0.508,-0.022,-0.007,-0.001,1787,0,0
1280007,2.014,9.491,0.438,-0.024,-0.001,0.013,1785,0,0
1280027,2.035,9.462,0.445,-0.047,0.007,0.012,1783,0,0
1280047,2.002,9.395,0.575,-0.060,0.018,0.014,1782,0,0
1280067,1.994,9.383,0.512,-0.030,0.004,0.014,1781,0,0
1280088,1.975,9.364,0.484,-0.048,-0.002,0.015,1779,0,0
1280108,1.963,9.301,0.438,-0.066,0.006,0.017,1777,0,0
1280127,1.956,9.227,0.560,-0.034,0.015,0.014,1777,0,0
1280147,1.918,9.263,0.582,-0.030,0.008,-0.002,1776,0,0
1280167,1.982,9.297,0.460,-0.055,-0.011,-0.016,1775,0,0
1280188,2.061,9.309,0.400,-0.054,0.001,-0.012,1773,0,0
1280207,2.035,9.325,0.484,-0.036,0.028,-0.009,1772,0,0
1280227,2.002,9.316,0.594,-0.041,0.019,-0.005,1770,0,0
1280247,2.014,9.273,0.613,-0.051,-0.002,0.002,1768,0,0
1280267,2.033,9.263,0.534,-0.048,-0.014,0.001,1769,0,0
1280287,2.064,9.196,0.419,-0.068,-0.004,-0.016,1766,0,0
1280307,2.021,9.270,0.476,-0.051,0.015,-0.023,1764,0,0
1280327,1.994,9.388,0.512,-0.035,0.014,-0.023,1764,0,0
1280348,2.042,9.452,0.500,-0.066,0.001,-0.021,1765,0,0
1280367,2.107,9.431,0.527,-0.078,0.005,-0.014,1762,0,0
1280388,2.018,9.445,0.611,-0.048,0.006,-0.012,1761,0,0
1280407,2.006,9.414,0.591,-0.042,-0.015,-0.003,1759,0,0
1280427,2.088,9.380,0.479,-0.050,-0.028,0.003,1758,0,0
1280447,2.172,9.419,0.424,-0.053,-0.023,-0.007,1757,0,0
1280468,2.105,9.486,0.500,-0.066,0.002,-0.005,1758,0,0
1280487,2.006,9.455,0.622,-0.050,0.003,0.010,1757,0,0
1280507,2.021,9.402,0.558,-0.050,-0.021,0.016,1756,0,0
1280527,2.126,9.376,0.414,-0.063,-0.021,0.012,1756,0,0
1280547,2.148,9.388,0.417,-0.064,-0.011,0.003,1755,0,0
1280567,2.052,9.428,0.555,-0.075,-0.012,-0.003,1755,0,0
1280587,2.054,9.483,0.474,-0.055,-0.028,0.008,1752,0,0
1280607,2.073,9.562,0.345,-0.040,-0.016,0.030,1748,0,0
1280627,2.100,9.467,0.362,-0.078,-0.008,0.043,1748,0,0
1280647,2.116,9.342,0.520,-0.096,-0.001,0.038,1748,0,0
1280667,2.064,9.222,0.553,-0.082,-0.014,0.024,1747,0,0
1280687,2.052,9.206,0.431,-0.047,-0.030,0.022,1746,0,0
1280707,2.025,9.306,0.263,-0.021,-0.020,0.030,1746,0,0
1280727,2.002,9.321,0.299,-0.063,-0.009,0.027,1745,0,0
1280747,2.059,9.184,0.364,-0.109,-0.001,0.019,1745,0,0
1280767,2.114,9.127,0.412,-0.089,0.008,0.001,1744,0,0
1280787,2.064,9.177,0.503,-0.050,0.009,-0.007,1744,0,0
1280807,2.030,9.249,0.443,-0.041,-0.003,-0.003,1743,0,0
1280827,2.083,9.278,0.400,-0.045,-0.011,0.004,1744,0,0
1280847,2.095,9.230,0.383,-0.064,-0.007,0.001,1743,0,0
1280867,2.040,9.163,0.385,-0.063,0.001,-0.008,1744,0,0
