1061958,2.258,9.189,1.092,-0.052,0.019,-0.011,1696,0,0
1061978,2.241,9.208,1.049,-0.057,0.014,-0.009,1695,0,0
1061998,2.289,9.215,0.991,-0.061,0.016,-0.010,1695,0,0
1062018,2.251,9.246,1.044,-0.071,0.025,-0.012,1695,0,0
1062038,2.243,9.263,1.128,-0.065,0.019,-0.011,1696,0,0
1062058,2.267,9.237,1.168,-0.067,0.008,-0.009,1696,0,0
1062078,2.310,9.254,1.082,-0.063,0.001,-0.011,1696,0,0
1062098,2.306,9.313,1.099,-0.049,0.004,-0.010,1695,0,0
1062118,2.270,9.342,1.044,-0.059,0.001,-0.001,1695,0,0
1062138,2.277,9.290,1.013,-0.069,0.003,0.003,1696,0,0
1062158,2.263,9.254,1.044,-0.076,0.006,0.001,1695,0,0
1062178,2.229,9.230,1.037,-0.058,0.007,-0.000,1695,0,0
1062198,2.279,9.246,1.051,-0.053,0.011,0.007,1695,0,0
1062218,2.315,9.177,1.039,-0.075,0.014,0.009,1694,0,0
1062238,2.330,9.127,1.041,-0.082,0.013,-0.001,1696,0,0
1062258,2.308,9.191,1.027,-0.059,0.011,-0.013,1695,0,0
1062278,2.243,9.282,1.053,-0.054,0.009,-0.012,1695,0,0
1062298,2.236,9.270,0.994,-0.063,0.002,0.002,1694,0,0
1062318,2.294,9.165,0.939,-0.062,0.006,0.007,1694,0,0
1062338,2.294,9.120,0.915,-0.058,0.017,-0.003,1693,0,0
1062358,2.239,9.177,0.960,-0.062,0.028,-0.009,1693,0,0
1062378,2.174,9.177,1.020,-0.067,0.020,-0.012,1694,0,0
1062398,2.251,9.191,0.984,-0.047,0.013,-0.014,1693,0,0
1062418,2.339,9.242,0.917,-0.053,0.027,-0.017,1693,0,0
1062438,2.339,9.237,1.015,-0.068,0.041,-0.015,1693,0,0
1062458,2.267,9.242,1.135,-0.065,0.038,-0.011,1694,0,0
1062478,2.248,9.232,1.195,-0.062,0.016,-0.010,1694,0,0
1062498,2.296,9.258,1.082,-0.048,0.005,-0.009,1693,0,0
1062518,2.272,9.280,1.049,-0.041,0.014,-0.006,1694,0,0
1062538,2.203,9.297,1.061,-0.055,0.019,-0.005,1694,0,0
1062558,2.188,9.306,1.106,-0.062,0.019,0.001,1694,0,0
1062578,2.248,9.208,1.123,-0.073,0.017,0.009,1694,0,0
1062598,2.253,9.105,1.087,-0.072,0.014,-0.003,1694,0,0
1062618,2.222,9.187,1.046,-0.060,0.013,-0.002,1691,0,0
1062638,2.267,9.201,1.068,-0.100,0.008,-0.003,1694,0,0
1062658,2.337,9.096,1.085,-0.093,0.014,-0.011,1694,0,0
1062678,2.306,9.172,1.094,-0.032,0.019,-0.021,1694,0,0
1062698,2.318,9.213,1.135,-0.051,0.007,-0.022,1694,0,0
1062718,2.325,9.246,1.061,-0.063,-0.001,-0.023,1694,0,0
1062738,2.272,9.321,1.041,-0.058,-0.003,-0.015,1694,0,0
1062758,2.284,9.309,0.991,-0.062,-0.006,-0.006,1693,0,0
1062778,2.291,9.237,1.001,-0.076,-0.003,-0.009,1695,0,0
1062798,2.294,9.294,0.919,-0.038,0.005,-0.003,1694,0,0
1062818,2.284,9.301,0.960,-0.044,0.010,0.007,1694,0,0
1062838,2.308,9.206,0.967,-0.090,0.015,0.009,1693,0,0
1062858,2.267,9.086,1.010,-0.070,0.014,-0.002,1694,0,0
1062878,2.243,9.160,0.962,-0.033,0.009,-0.010,1693,0,0
1062898,2.239,9.261,0.962,-0.034,0.017,-0.007,1694,0,0
1062918,2.224,9.227,0.994,-0.053,0.025,-0.001,1694,0,0
1062938,2.255,9.139,1.061,-0.052,0.027,-0.003,1694,0,0
1062958,2.301,9.163,1.094,-0.057,0.017,-0.010,1693,0,0
1062978,2.272,9.153,1.037,-0.062,0.011,-0.016,1693,0,0
1062998,2.265,9.218,1.015,-0.036,0.021,-0.018,1693,0,0
1063018,2.212,9.316,1.018,-0.026,0.027,-0.016,1694,0,0
1063038,2.188,9.294,1.073,-0.070,0.019,-0.009,1694,0,0
1063058,2.236,9.215,1.058,-0.077,0.011,-0.014,1693,0,0
1063078,2.282,9.220,1.044,-0.038,0.016,-0.017,1693,0,0
1063098,2.339,9.292,1.034,-0.041,0.023,-0.013,1693,0,0
1063118,2.294,9.306,1.113,-0.060,0.023,-0.008,1692,0,0
1063138,2.277,9.301,1.135,-0.061,0.013,-0.003,1694,0,0
1063158,2.263,9.311,1.161,-0.050,0.003,-0.005,1694,0,0
1063178,2.243,9.297,1.097,-0.048,-0.007,0.003,1695,0,0
1063198,2.207,9.333,1.030,-0.041,-0.014,0.014,1694,0,0
1063218,2.270,9.304,0.982,-0.048,-0.009,0.015,1694,0,0
1063238,2.270,9.297,0.989,-0.061,0.003,0.009,1694,0,0
1063258,2.282,9.242,0.986,-0.058,0.003,0.016,1693,0,0
1063278,2.320,9.146,0.986,-0.069,0.013,0.014,1693,0,0
1063298,2.313,9.105,1.046,-0.072,0.014,0.004,1694,0,0
1063318,2.320,9.170,1.123,-0.052,0.000,-0.001,1693,0,0
1063338,2.284,9.213,1.118,-0.068,-0.012,-0.002,1694,0,0
1063358,2.260,9.201,1.006,-0.058,-0.019,-0.003,1694,0,0
1063378,2.313,9.196,0.862,-0.049,-0.013,0.002,1694,0,0
1063398,2.318,9.199,0.831,-0.068,0.001,0.001,1693,0,0
1063418,2.303,9.163,0.950,-0.080,0.010,-0.005,1693,0,0
1063438,2.263,9.191,1.003,-0.074,0.004,-0.010,1693,0,0
1063458,2.277,9.199,0.936,-0.056,0.003,-0.010,1693,0,0
1063478,2.284,9.266,0.905,-0.042,0.009,-0.003,1693,0,0
1063498,2.291,9.206,0.953,-0.060,0.012,-0.002,1693,0,0
1063518,2.270,9.153,0.972,-0.076,0.011,-0.012,1693,0,0
1063538,2.306,9.175,0.960,-0.059,0.014,-0.018,1693,0,0
1063558,2.313,9.227,1.001,-0.053,0.022,-0.017,1693,0,0
1063578,2.267,9.280,1.046,-0.054,0.018,-0.008,1693,0,0
1063598,2.286,9.278,1.046,-0.071,0.010,-0.006,1694,0,0
1063618,2.274,9.203,1.027,-0.065,0.006,-0.010,1693,0,0
1063638,2.318,9.170,0.977,-0.056,0.005,-0.014,1694,0,0
1063658,2.294,9.155,1.006,-0.055,0.010,-0.019,1694,0,0
1063678,2.248,9.203,1.030,-0.062,0.011,-0.013,1695,0,0
1063698,2.241,9.177,1.041,-0.055,0.010,-0.013,1694,0,0
1063718,2.241,9.167,1.013,-0.065,0.005,-0.023,1694,0,0
1063738,2.279,9.199,0.979,-0.040,-0.002,-0.026,1694,0,0
1063758,2.315,9.251,0.907,-0.041,0.006,-0.021,1694,0,0
1063778,2.354,9.230,0.929,-0.059,0.015,-0.022,1694,0,0
1063798,2.306,9.275,1.010,-0.055,0.021,-0.025,1692,0,0
1063818,2.229,9.306,1.092,-0.058,0.013,-0.021,1693,0,0
1063838,2.191,9.256,1.032,-0.063,-0.004,-0.013,1695,0,0
1063858,2.241,9.182,0.982,-0.050,0.001,-0.011,1695,0,0
1063878,2.286,9.220,0.996,-0.045,0.011,-0.018,1695,0,0
1063898,2.258,9.306,1.044,-0.055,0.016,-0.020,1694,0,0
1063918,2.231,9.328,1.056,-0.064,0.008,-0.009,1695,0,0
1063938,2.310,9.256,1.087,-0.059,0.001,-0.003,1695,0,0
1063958,2.327,9.220,1.039,-0.055,0.001,-0.006,1694,0,0
1063978,2.291,9.256,1.015,-0.066,-0.004,-0.012,1694,0,0
1063998,2.241,9.292,0.979,-0.054,-0.003,-0.013,1693,0,0
1064018,2.231,9.380,0.955,-0.040,-0.002,-0.005,1695,0,0
1064038,2.251,9.369,0.982,-0.058,0.007,0.006,1693,0,0
1064058,2.286,9.225,1.013,-0.080,0.004,0.005,1694,0,0
1064078,2.291,9.208,1.061,-0.053,-0.009,0.008,1695,0,0
1064098,2.289,9.263,1.013,-0.044,-0.017,-0.001,1694,0,0
1064118,2.306,9.306,0.941,-0.050,-0.014,0.006,1693,0,0
1064138,2.318,9.256,0.931,-0.058,-0.008,0.011,1694,0,0
1064158,2.332,9.206,0.893,-0.061,-0.004,0.012,1694,0,0
1064178,2.313,9.234,0.924,-0.059,-0.010,0.001,1693,0,0
1064198,2.291,9.263,0.898,-0.066,-0.013,-0.001,1693,0,0
1064218,2.313,9.299,0.850,-0.051,0.001,0.007,1694,0,0
1064238,2.318,9.285,0.874,-0.050,0.008,0.015,1694,0,0
1064258,2.330,9.210,0.922,-0.071,0.014,0.017,1694,0,0
1064278,2.356,9.136,0.967,-0.084,0.004,0.006,1693,0,0
1064298,2.277,9.160,0.967,-0.059,0.002,-0.002,1693,0,0
1064318,2.279,9.208,0.905,-0.039,-0.001,0.002,1692,0,0
1064338,2.330,9.230,0.852,-0.041,0.009,0.001,1692,0,0
1064358,2.296,9.230,0.898,-0.069,0.021,0.002,1693,0,0
1064378,2.286,9.203,0.962,-0.076,0.015,0.004,1692,0,0
1064398,2.303,9.129,0.974,-0.072,0.006,-0.001,1693,0,0
1064418,2.322,9.151,0.903,-0.047,0.006,-0.011,1692,0,0
1064438,2.308,9.266,0.836,-0.030,0.013,-0.014,1691,0,0
1064458,2.315,9.321,0.915,-0.063,0.021,-0.005,1692,0,0
1064478,2.327,9.258,0.943,-0.081,0.022,0.001,1693,0,0
1064498,2.315,9.189,0.974,-0.072,0.015,0.002,1692,0,0
1064518,2.342,9.146,0.970,-0.062,0.007,-0.006,1692,0,0
1064538,2.327,9.230,0.960,-0.037,0.010,-0.011,1690,0,0
1064558,2.277,9.313,0.941,-0.049,0.016,-0.006,1693,0,0
1064578,2.263,9.301,0.960,-0.072,0.014,0.005,1692,0,0
1064598,2.337,9.196,0.941,-0.079,0.012,0.009,1692,0,0
1064618,2.380,9.091,0.958,-0.076,0.016,-0.001,1692,0,0
1064638,2.327,9.096,0.955,-0.063,0.020,-0.016,1692,0,0
1064658,2.265,9.222,0.984,-0.051,0.013,-0.024,1692,0,0
1064678,2.277,9.335,0.972,-0.056,0.012,-0.014,1693,0,0
1064698,2.322,9.297,0.936,-0.073,0.016,0.001,1693,0,0
1064718,2.356,9.199,0.960,-0.084,0.018,0.000,1692,0,0
1064738,2.346,9.158,0.998,-0.074,0.013,-0.009,1693,0,0
1064758,2.296,9.258,1.001,-0.050,0.007,-0.014,1693,0,0
1064778,2.289,9.349,0.941,-0.033,-0.002,-0.005,1692,0,0
1064798,2.291,9.328,0.905,-0.051,0.001,0.006,1691,0,0
1064818,2.315,9.227,0.891,-0.070,0.004,0.011,1692,0,0
1064838,2.325,9.172,0.915,-0.071,0.008,0.006,1692,0,0
1064858,2.318,9.163,1.010,-0.057,0.013,0.000,1694,0,0
1064878,2.284,9.232,1.080,-0.047,0.007,-0.001,1692,0,0
1064898,2.274,9.232,1.075,-0.051,0.001,0.002,1693,0,0
1064918,2.301,9.131,1.013,-0.070,-0.010,0.002,1694,0,0
1064938,2.346,9.067,0.950,-0.066,-0.007,-0.005,1692,0,0
1064958,2.318,9.072,0.891,-0.064,-0.004,-0.022,1692,0,0
1064978,2.322,9.177,0.888,-0.063,0.007,-0.035,1692,0,0
1064998,2.263,9.359,0.895,-0.053,0.014,-0.028,1692,0,0
1065018,2.303,9.354,0.903,-0.070,0.013,-0.012,1692,0,0
1065038,2.318,9.242,0.915,-0.091,0.013,-0.007,1692,0,0
1065058,2.337,9.213,0.919,-0.071,0.017,-0.010,1692,0,0
1065078,2.327,9.184,0.943,-0.072,0.010,-0.011,1692,0,0
1065098,2.332,9.213,0.922,-0.056,0.003,-0.013,1691,0,0
1065118,2.330,9.206,0.895,-0.048,0.002,-0.015,1692,0,0
1065138,2.354,9.237,0.888,-0.075,0.010,-0.021,1693,0,0
1065158,2.404,9.246,0.922,-0.074,0.016,-0.020,1693,0,0
1065178,2.351,9.292,0.972,-0.065,0.014,-0.020,1693,0,0
1065198,2.365,9.373,0.979,-0.057,0.007,-0.011,1693,0,0
1065218,2.330,9.325,0.917,-0.057,0.009,0.003,1693,0,0
1065238,2.363,9.266,0.864,-0.057,0.005,0.006,1692,0,0
1065258,2.315,9.280,0.821,-0.054,0.014,0.001,1693,0,0
1065278,2.291,9.287,0.855,-0.058,0.021,0.003,1694,0,0
1065298,2.291,9.282,0.912,-0.056,0.032,0.011,1692,0,0
1065318,2.313,9.230,0.989,-0.050,0.037,0.013,1691,0,0
1065338,2.322,9.153,1.094,-0.070,0.028,0.009,1692,0,0
1065358,2.349,9.088,1.123,-0.079,0.016,-0.001,1693,0,0
1065378,2.387,9.115,1.104,-0.057,0.010,-0.006,1692,0,0
1065398,2.363,9.146,1.061,-0.053,0.011,-0.010,1691,0,0
1065418,2.296,9.187,1.025,-0.065,0.001,-0.015,1692,0,0
1065438,2.301,9.208,0.946,-0.077,-0.006,-0.015,1693,0,0
1065458,2.318,9.182,0.895,-0.080,-0.002,-0.014,1692,0,0
1065478,2.325,9.199,0.867,-0.056,0.007,-0.021,1691,0,0
1065498,2.296,9.316,0.917,-0.055,0.010,-0.022,1692,0,0
1065518,2.267,9.335,0.862,-0.073,0.004,-0.015,1691,0,0
1065538,2.339,9.316,0.876,-0.070,0.013,-0.004,1691,0,0
1065558,2.358,9.273,0.946,-0.058,0.022,-0.000,1692,0,0
1065578,2.344,9.225,1.049,-0.068,0.019,-0.001,1690,0,0
1065598,2.346,9.210,1.063,-0.070,0.006,-0.003,1690,0,0
1065618,2.318,9.230,1.018,-0.049,0.000,-0.005,1691,0,0
1065638,2.334,9.187,0.998,-0.061,0.004,-0.003,1690,0,0
1065658,2.296,9.165,1.008,-0.066,0.007,-0.009,1690,0,0
1065678,2.308,9.146,1.030,-0.066,0.001,-0.011,1692,0,0
1065698,2.327,9.191,0.991,-0.056,-0.002,-0.014,1690,0,0
1065718,2.294,9.177,0.927,-0.065,-0.004,-0.010,1690,0,0
1065738,2.270,9.117,0.883,-0.062,0.001,-0.015,1690,0,0
1065758,2.279,9.143,0.912,-0.053,0.006,-0.023,1689,0,0
1065778,2.253,9.175,0.960,-0.062,0.003,-0.025,1690,0,0
1065798,2.236,9.167,0.912,-0.063,-0.001,-0.029,1691,0,0
1065818,2.289,9.182,0.881,-0.052,0.001,-0.032,1693,0,0
1065838,2.325,9.242,0.895,-0.053,0.015,-0.039,1692,0,0
1065858,2.325,9.335,0.936,-0.058,0.022,-0.037,1691,0,0
1065878,2.320,9.402,0.998,-0.053,0.021,-0.022,1692,0,0
1065898,2.322,9.378,1.039,-0.065,0.012,-0.011,1692,0,0
1065918,2.327,9.366,0.998,-0.055,0.006,-0.003,1691,0,0
1065938,2.286,9.290,1.020,-0.052,0.001,-0.003,1690,0,0
1065958,2.301,9.270,0.924,-0.050,-0.002,-0.005,1690,0,0
1065978,2.318,9.347,0.917,-0.042,0.002,-0.002,1691,0,0
1065998,2.279,9.323,0.998,-0.066,0.006,0.006,1690,0,0
1066018,2.315,9.218,1.001,-0.068,-0.002,0.009,1691,0,0
1066038,2.318,9.163,1.003,-0.066,-0.005,-0.002,1691,0,0
1066058,2.308,9.268,0.922,-0.051,-0.007,-0.008,1691,0,0
1066078,2.313,9.354,0.824,-0.029,-0.002,0.002,1691,0,0
1066098,2.294,9.335,0.879,-0.062,0.011,0.018,1690,0,0
1066118,2.263,9.189,0.939,-0.086,0.005,0.012,1689,0,0
1066138,2.284,9.151,0.927,-0.044,-0.003,0.007,1690,0,0
1066158,2.318,9.234,0.864,-0.043,-0.002,0.007,1691,0,0
1066178,2.356,9.139,0.852,-0.066,0.001,0.006,1691,0,0
1066198,2.358,9.196,0.881,-0.033,0.009,0.003,1691,0,0
1066218,2.351,9.213,0.958,-0.057,0.006,0.004,1690,0,0
1066238,2.351,9.179,0.946,-0.075,-0.001,0.001,1691,0,0
1066258,2.349,9.153,0.917,-0.050,-0.003,-0.005,1691,0,0
1066278,2.363,9.172,0.848,-0.047,-0.001,-0.010,1692,0,0
1066298,2.387,9.234,0.816,-0.062,0.007,-0.016,1691,0,0
1066318,2.339,9.282,0.843,-0.067,0.018,-0.020,1690,0,0
1066338,2.346,9.373,0.905,-0.059,0.017,-0.008,1691,0,0
1066358,2.330,9.378,0.953,-0.068,0.017,0.002,1692,0,0
1066378,2.370,9.318,1.008,-0.065,0.008,0.006,1691,0,0
1066398,2.370,9.354,1.018,-0.028,0.005,0.010,1690,0,0
1066418,2.320,9.373,1.094,-0.051,-0.004,0.018,1690,0,0
1066438,2.344,9.242,1.046,-0.058,-0.019,0.023,1690,0,0
1066458,2.346,9.201,0.996,-0.041,-0.029,0.014,1690,0,0
1066478,2.382,9.208,0.848,-0.037,-0.021,0.011,1691,0,0
1066498,2.425,9.256,0.848,-0.056,-0.001,0.010,1690,0,0
1066518,2.428,9.282,1.006,-0.080,0.013,0.009,1690,0,0
1066538,2.433,9.246,1.099,-0.103,0.004,0.016,1690,0,0
1066558,2.497,9.184,1.061,-0.094,-0.014,0.017,1690,0,0
1066578,2.437,9.208,1.039,-0.058,-0.025,0.005,1690,0,0
1066598,2.373,9.371,0.953,-0.049,-0.032,0.007,1691,0,0
1066618,2.404,9.304,0.876,-0.091,-0.032,0.023,1690,0,0
1066638,2.435,9.103,0.850,-0.123,-0.016,0.024,1690,0,0
1066658,2.389,9.045,0.898,-0.089,-0.011,0.007,1691,0,0
1066678,2.346,9.136,0.972,-0.112,-0.018,-0.005,1690,0,0
1066698,2.363,9.141,0.907,-0.153,-0.030,-0.010,1690,0,0
1066718,2.354,9.117,0.838,-0.096,-0.030,-0.021,1692,0,0
1066738,2.303,9.258,0.766,-0.072,-0.029,-0.027,1689,0,0
1066758,2.289,9.325,0.711,-0.125,-0.021,-0.017,1690,0,0
1066778,2.320,9.182,0.759,-0.120,-0.005,-0.013,1690,0,0
1066798,2.303,9.122,0.879,-0.076,-0.004,-0.014,1690,0,0
1066818,2.282,9.158,0.910,-0.074,-0.017,-0.024,1690,0,0
1066838,2.267,9.206,0.943,-0.086,-0.014,-0.027,1690,0,0
1066858,2.212,9.246,1.027,-0.064,-0.005,-0.023,1690,0,0
1066878,2.200,9.208,1.082,-0.061,-0.010,-0.019,1690,0,0
1066898,2.255,9.086,1.180,-0.094,-0.017,-0.028,1690,0,0
1066918,2.274,9.088,1.264,-0.065,-0.031,-0.038,1690,0,0
1066938,2.308,9.239,1.250,-0.030,-0.037,-0.038,1690,0,0
1066958,2.253,9.359,1.214,-0.058,-0.046,-0.037,1691,0,0
1066978,2.322,9.369,1.125,-0.083,-0.053,-0.032,1690,0,0
1066998,2.409,9.220,1.183,-0.063,-0.035,-0.035,1691,0,0
1067018,2.320,9.474,1.202,0.005,-0.037,-0.023,1689,0,0
1067038,2.389,9.385,1.190,-0.097,-0.064,0.006,1690,0,0
1067058,2.521,9.136,1.070,-0.153,-0.067,0.002,1690,0,0
1067078,2.488,9.199,1.056,-0.055,-0.058,-0.009,1690,0,0
1067098,2.425,9.325,1.094,-0.063,-0.056,0.003,1691,0,0
1067118,2.377,9.275,1.159,-0.107,-0.068,0.015,1691,0,0
1067138,2.411,9.196,1.106,-0.064,-0.083,0.016,1690,0,0
1067158,2.480,9.167,0.986,-0.066,-0.087,0.017,1692,0,0
1067178,2.502,9.076,0.905,-0.107,-0.078,0.018,1690,0,0
1067198,2.545,9.024,0.922,-0.079,-0.069,0.011,1690,0,0
1067218,2.519,9.112,0.922,-0.064,-0.061,0.008,1690,0,0
1067238,2.485,9.100,0.982,-0.092,-0.063,0.011,1688,0,0
1067258,2.468,9.014,0.982,-0.099,-0.075,0.008,1689,0,0
1067278,2.476,8.964,0.881,-0.070,-0.084,-0.003,1691,0,0
1067298,2.476,9.048,0.730,-0.042,-0.080,-0.009,1690,0,0
1067318,2.399,9.079,0.646,-0.069,-0.068,-0.008,1689,0,0
1067338,2.418,9.019,0.555,-0.075,-0.053,-0.012,1689,0,0
1067358,2.368,9.060,0.558,-0.034,-0.042,-0.027,1690,0,0
1067378,2.274,9.280,0.589,-0.018,-0.028,-0.036,1691,0,0
1067398,2.222,9.407,0.666,-0.032,-0.018,-0.029,1690,0,0
1067418,2.203,9.397,0.802,-0.029,-0.012,-0.013,1690,0,0
1067438,2.222,9.361,0.910,0.002,-0.017,0.001,1691,0,0
1067458,2.377,9.220,0.922,-0.026,-0.019,0.015,1690,0,0
1067478,2.485,8.990,0.850,-0.061,-0.015,0.008,1691,0,0
1067498,2.598,8.940,0.728,-0.032,-0.001,-0.003,1690,0,0
1067518,2.598,8.995,0.713,-0.040,0.019,-0.017,1689,0,0
1067538,2.581,9.041,0.718,-0.083,0.019,-0.034,1690,0,0
1067558,2.591,9.108,0.733,-0.072,0.015,-0.041,1690,0,0
1067578,2.576,9.242,0.637,-0.028,0.010,-0.041,1690,0,0
1067598,2.531,9.345,0.560,-0.034,0.017,-0.041,1689,0,0
1067618,2.516,9.378,0.615,-0.053,0.012,-0.035,1690,0,0
1067638,2.535,9.378,0.407,-0.037,0.031,-0.029,1690,0,0
1067658,2.483,9.467,0.476,-0.004,0.050,-0.029,1690,0,0
1067678,2.356,9.606,0.512,-0.015,0.061,-0.017,1692,0,0
1067698,2.325,9.527,0.517,-0.003,0.069,-0.011,1691,0,0
1067718,2.289,9.562,0.555,0.037,0.069,0.011,1691,0,0
1067738,2.332,9.467,0.622,-0.014,0.082,0.019,1690,0,0
1067758,2.198,9.500,0.706,-0.002,0.093,0.011,1690,0,0
1067778,2.169,9.637,0.871,0.007,0.104,0.030,1690,0,0
1067798,2.186,9.548,1.025,-0.024,0.103,0.056,1691,0,0
1067818,2.270,9.282,1.154,-0.046,0.095,0.060,1692,0,0
1067838,2.337,9.148,1.247,-0.053,0.094,0.046,1691,0,0
1067858,2.294,9.143,1.346,-0.072,0.080,0.030,1691,0,0
1067878,2.253,9.244,1.410,-0.065,0.056,0.026,1691,0,0
1067898,2.260,9.345,1.377,-0.073,0.049,0.029,1691,0,0
1067918,2.298,9.292,1.432,-0.126,0.042,0.035,1691,0,0
1067938,2.490,9.036,1.458,-0.166,0.029,0.044,1692,0,0
1067958,2.586,8.736,1.583,-0.166,0.003,0.029,1691,0,0
1067978,2.638,8.696,1.523,-0.150,-0.043,-0.003,1690,0,0
1067998,2.658,8.849,1.286,-0.121,-0.068,-0.022,1690,0,0
1068018,2.605,8.981,1.046,-0.115,-0.071,-0.031,1689,0,0
1068038,2.564,9.057,0.941,-0.122,-0.066,-0.033,1689,0,0
1068058,2.552,9.175,0.927,-0.120,-0.054,-0.022,1690,0,0
1068078,2.485,9.153,0.950,-0.137,-0.056,-0.012,1689,0,0
1068098,2.504,9.081,0.828,-0.132,-0.062,-0.021,1690,0,0
1068118,2.576,9.084,0.723,-0.115,-0.044,-0.021,1689,0,0
1068138,2.595,9.043,0.713,-0.119,-0.041,-0.022,1689,0,0
1068158,2.581,8.981,0.678,-0.099,-0.045,-0.023,1689,0,0
1068178,2.504,9.057,0.654,-0.084,-0.048,-0.031,1687,0,0
1068198,2.480,9.108,0.582,-0.055,-0.050,-0.035,1690,0,0
1068218,2.492,9.112,0.474,-0.033,-0.037,-0.027,1689,0,0
1068238,2.512,9.064,0.443,-0.030,-0.016,-0.033,1691,0,0
1068258,2.447,9.134,0.467,-0.034,-0.002,-0.046,1689,0,0
1068278,2.375,9.270,0.445,-0.033,0.012,-0.052,1688,0,0
1068298,2.392,9.328,0.424,-0.038,0.034,-0.044,1690,0,0
1068318,2.392,9.342,0.498,-0.019,0.058,-0.036,1688,0,0
1068338,2.356,9.397,0.546,-0.005,0.076,-0.026,1689,0,0
1068358,2.272,9.407,0.661,-0.027,0.090,-0.020,1690,0,0
1068378,2.236,9.397,0.766,-0.041,0.095,-0.015,1688,0,0
1068398,2.286,9.316,0.931,-0.025,0.090,-0.010,1689,0,0
1068418,2.289,9.258,0.994,-0.009,0.083,-0.013,1689,0,0
1068438,2.291,9.261,1.082,-0.006,0.079,-0.013,1690,0,0
1068458,2.320,9.249,1.152,-0.021,0.074,-0.012,1690,0,0
1068478,2.344,9.239,1.211,-0.017,0.064,-0.010,1690,0,0
1068498,2.344,9.258,1.178,-0.005,0.052,-0.008,1690,0,0
1068518,2.308,9.278,1.125,-0.027,0.051,0.004,1690,0,0
1068538,2.284,9.177,1.161,-0.059,0.051,0.005,1690,0,0
1068558,2.303,9.093,1.180,-0.061,0.036,-0.013,1689,0,0
1068578,2.380,9.165,1.051,-0.038,0.028,-0.015,1690,0,0
1068598,2.411,9.218,1.085,-0.052,0.031,-0.013,1690,0,0
1068618,2.425,9.141,1.116,-0.082,0.023,-0.015,1691,0,0
1068638,2.423,9.096,1.097,-0.066,0.003,-0.026,1691,0,0
1068658,2.406,9.124,1.015,-0.057,-0.014,-0.037,1691,0,0
1068678,2.449,9.299,0.888,-0.038,-0.016,-0.033,1690,0,0
1068698,2.375,9.345,0.874,-0.032,-0.015,-0.027,1691,0,0
1068718,2.344,9.330,0.874,-0.056,-0.025,-0.022,1690,0,0
1068738,2.337,9.266,0.792,-0.060,-0.031,-0.017,1690,0,0
1068758,2.365,9.227,0.699,-0.052,-0.023,-0.018,1690,0,0
1068778,2.370,9.206,0.690,-0.042,-0.008,-0.023,1690,0,0
1068798,2.392,9.237,0.742,-0.033,0.004,-0.023,1690,0,0
1068818,2.435,9.256,0.769,-0.046,0.003,-0.024,1689,0,0
1068838,2.459,9.246,0.761,-0.068,0.002,-0.024,1690,0,0
1068858,2.454,9.249,0.725,-0.049,0.009,-0.024,1690,0,0
1068878,2.425,9.313,0.716,-0.036,0.018,-0.023,1691,0,0
1068898,2.418,9.330,0.680,-0.048,0.026,-0.019,1689,0,0
1068918,2.418,9.357,0.668,-0.046,0.031,-0.015,1690,0,0
1068938,2.409,9.366,0.697,-0.049,0.039,-0.010,1690,0,0
1068958,2.413,9.380,0.764,-0.045,0.042,-0.001,1690,0,0
1068978,2.363,9.359,0.776,-0.034,0.034,0.008,1687,0,0
1068998,2.365,9.318,0.769,-0.034,0.025,0.008,1689,0,0
1069018,2.361,9.290,0.745,-0.029,0.023,0.008,1689,0,0
1069038,2.318,9.285,0.747,-0.021,0.028,0.010,1692,0,0
1069058,2.286,9.275,0.766,-0.037,0.034,0.013,1690,0,0
1069078,2.286,9.256,0.816,-0.033,0.040,0.014,1689,0,0
1069098,2.289,9.227,0.883,-0.049,0.037,0.007,1689,0,0
1069118,2.296,9.191,0.979,-0.063,0.031,-0.003,1690,0,0
1069138,2.286,9.227,0.924,-0.038,0.017,-0.003,1689,0,0
1069158,2.356,9.266,0.850,-0.032,0.022,0.005,1688,0,0
1069178,2.346,9.215,0.860,-0.071,0.033,0.008,1690,0,0
1069198,2.315,9.127,0.936,-0.085,0.023,0.001,1688,0,0
1069218,2.260,9.110,0.917,-0.064,0.005,-0.015,1687,0,0
1069238,2.344,9.124,0.773,-0.061,-0.005,-0.019,1688,0,0
1069258,2.368,9.165,0.690,-0.055,0.007,-0.026,1689,0,0
1069278,2.330,9.230,0.692,-0.074,0.025,-0.034,1689,0,0
1069298,2.306,9.316,0.766,-0.075,0.025,-0.033,1688,0,0
1069318,2.332,9.342,0.778,-0.074,0.017,-0.020,1688,0,0
1069338,2.375,9.333,0.752,-0.075,0.019,-0.016,1689,0,0
1069358,2.356,9.299,0.790,-0.072,0.022,-0.015,1689,0,0
1069378,2.277,9.318,0.800,-0.053,0.018,-0.012,1689,0,0
1069398,2.344,9.333,0.792,-0.066,0.013,-0.006,1688,0,0
1069418,2.342,9.278,0.800,-0.064,0.016,-0.002,1688,0,0
1069438,2.377,9.249,0.797,-0.062,0.024,-0.001,1689,0,0
1069458,2.330,9.232,0.946,-0.063,0.022,0.001,1689,0,0
1069478,2.356,9.201,0.950,-0.062,-0.002,-0.005,1689,0,0
1069498,2.397,9.222,0.836,-0.051,-0.007,-0.008,1688,0,0
1069518,2.389,9.266,0.721,-0.051,0.007,-0.006,1688,0,0
1069538,2.337,9.249,0.778,-0.061,0.015,-0.001,1689,0,0
1069558,2.313,9.230,0.826,-0.070,0.015,-0.001,1689,0,0
1069578,2.325,9.196,0.874,-0.071,0.002,-0.002,1689,0,0
1069598,2.327,9.155,0.824,-0.062,-0.005,-0.008,1689,0,0
1069618,2.337,9.182,0.728,-0.040,-0.003,-0.015,1688,0,0
1069638,2.363,9.273,0.685,-0.034,0.007,-0.011,1688,0,0
1069658,2.344,9.256,0.725,-0.070,0.019,-0.005,1688,0,0
1069678,2.294,9.199,0.788,-0.076,0.021,-0.007,1688,0,0
1069698,2.344,9.160,0.807,-0.049,0.008,-0.010,1688,0,0
1069718,2.358,9.191,0.795,-0.049,0.006,-0.012,1688,0,0
1069738,2.346,9.206,0.737,-0.051,0.011,-0.021,1688,0,0
1069758,2.310,9.290,0.733,-0.047,0.016,-0.023,1688,0,0
1069778,2.318,9.347,0.788,-0.055,0.022,-0.015,1688,0,0
1069798,2.306,9.299,0.855,-0.067,0.016,-0.007,1689,0,0
1069818,2.423,9.239,0.826,-0.059,0.008,-0.006,1689,0,0
1069838,2.377,9.182,0.821,-0.055,0.006,-0.009,1689,0,0
1069858,2.394,9.208,0.797,-0.062,0.004,-0.017,1688,0,0
1069878,2.370,9.321,0.754,-0.043,0.008,-0.018,1688,0,0
1069898,2.267,9.347,0.761,-0.053,0.009,-0.009,1690,0,0
1069918,2.253,9.282,0.781,-0.071,0.003,-0.004,1689,0,0
1069938,2.265,9.203,0.690,-0.065,-0.000,-0.011,1688,0,0
1069958,2.310,9.249,0.529,-0.045,0.015,-0.018,1688,0,0
1069978,2.325,9.333,0.606,-0.046,0.044,-0.012,1688,0,0
1069998,2.339,9.294,0.845,-0.080,0.044,-0.003,1689,0,0
1070018,2.363,9.163,0.943,-0.080,0.025,0.000,1687,0,0
1070038,2.361,9.134,0.895,-0.056,0.007,-0.012,1687,0,0
1070058,2.342,9.249,0.728,-0.022,-0.003,-0.021,1688,0,0
1070078,2.308,9.369,0.740,-0.030,0.007,-0.014,1690,0,0
1070098,2.284,9.380,0.730,-0.055,0.011,-0.001,1689,0,0
1070118,2.325,9.347,0.723,-0.060,0.020,0.007,1688,0,0
1070138,2.342,9.254,0.802,-0.079,0.021,0.004,1690,0,0
1070158,2.349,9.215,0.807,-0.064,0.022,-0.005,1690,0,0
1070178,2.339,9.270,0.807,-0.040,0.013,-0.006,1689,0,0
1070198,2.370,9.330,0.730,-0.044,0.015,-0.001,1688,0,0
1070218,2.368,9.263,0.778,-0.079,0.019,0.002,1688,0,0
1070238,2.332,9.239,0.807,-0.084,0.023,0.001,1689,0,0
1070258,2.286,9.184,0.826,-0.064,0.011,-0.001,1688,0,0
1070278,2.361,9.225,0.773,-0.057,0.006,-0.002,1688,0,0
1070298,2.382,9.273,0.713,-0.051,0.013,-0.006,1689,0,0
1070318,2.354,9.304,0.711,-0.061,0.015,-0.006,1689,0,0
1070338,2.313,9.352,0.706,-0.058,0.015,-0.001,1688,0,0
1070358,2.284,9.309,0.718,-0.068,0.013,0.010,1689,0,0
1070378,2.315,9.194,0.737,-0.065,0.013,0.009,1689,0,0
1070398,2.322,9.136,0.735,-0.048,0.018,0.002,1689,0,0
1070418,2.298,9.215,0.711,-0.043,0.023,-0.006,1689,0,0
1070438,2.327,9.222,0.781,-0.070,0.023,-0.012,1688,0,0
1070458,2.349,9.210,0.833,-0.072,0.021,-0.010,1688,0,0
1070478,2.368,9.199,0.900,-0.060,0.018,-0.007,1688,0,0
1070498,2.397,9.201,0.917,-0.067,0.010,-0.010,1689,0,0
1070518,2.370,9.215,0.903,-0.066,-0.003,-0.016,1687,0,0
1070538,2.342,9.242,0.761,-0.059,-0.010,-0.023,1688,0,0
1070558,2.346,9.306,0.694,-0.063,-0.006,-0.020,1688,0,0
1070578,2.346,9.313,0.675,-0.069,0.009,-0.016,1688,0,0
1070598,2.365,9.280,0.716,-0.077,0.013,-0.007,1688,0,0
1070618,2.354,9.225,0.735,-0.070,0.015,-0.009,1690,0,0
1070638,2.356,9.189,0.776,-0.070,0.008,-0.011,1688,0,0
1070658,2.351,9.163,0.761,-0.066,0.003,-0.014,1688,0,0
1070678,2.322,9.143,0.776,-0.072,0.005,-0.023,1688,0,0
1070698,2.282,9.179,0.666,-0.060,0.008,-0.031,1688,0,0
1070718,2.349,9.234,0.618,-0.059,0.021,-0.028,1689,0,0
1070738,2.361,9.210,0.702,-0.092,0.034,-0.028,1688,0,0
1070758,2.361,9.155,0.766,-0.090,0.038,-0.032,1688,0,0
1070778,2.320,9.213,0.874,-0.051,0.030,-0.041,1688,0,0
1070798,2.308,9.335,0.809,-0.049,0.016,-0.035,1689,0,0
1070818,2.291,9.333,0.781,-0.059,0.012,-0.026,1688,0,0
1070838,2.318,9.263,0.771,-0.070,0.017,-0.023,1687,0,0
1070858,2.282,9.230,0.812,-0.080,0.026,-0.028,1688,0,0
1070878,2.219,9.225,0.838,-0.066,0.023,-0.026,1687,0,0
1070898,2.217,9.251,0.790,-0.054,0.014,-0.028,1689,0,0
1070918,2.279,9.258,0.769,-0.066,0.019,-0.034,1687,0,0
1070938,2.260,9.318,0.836,-0.067,0.022,-0.037,1687,0,0
1070958,2.258,9.323,0.886,-0.062,0.022,-0.027,1689,0,0
1070978,2.260,9.316,0.857,-0.051,0.020,-0.017,1688,0,0
1070998,2.258,9.290,0.848,-0.066,0.014,-0.018,1688,0,0
1071018,2.301,9.261,0.874,-0.068,0.006,-0.019,1688,0,0
1071038,2.258,9.251,0.857,-0.056,-0.005,-0.023,1689,0,0
1071058,2.260,9.294,0.740,-0.049,-0.008,-0.025,1689,0,0
1071078,2.243,9.333,0.658,-0.044,0.007,-0.018,1688,0,0
1071098,2.289,9.342,0.704,-0.059,0.021,-0.015,1689,0,0
1071118,2.294,9.321,0.764,-0.086,0.024,-0.013,1689,0,0
1071138,2.274,9.309,0.826,-0.072,0.018,-0.013,1689,0,0
1071158,2.255,9.349,0.804,-0.047,0.008,-0.007,1688,0,0
1071178,2.289,9.369,0.735,-0.039,0.012,0.002,1687,0,0
1071198,2.270,9.287,0.728,-0.058,0.022,0.003,1688,0,0
1071218,2.267,9.218,0.752,-0.078,0.021,-0.004,1688,0,0
1071238,2.286,9.222,0.783,-0.073,0.021,-0.007,1689,0,0
1071258,2.263,9.220,0.819,-0.070,0.021,-0.011,1687,0,0
1071278,2.239,9.306,0.776,-0.048,0.020,-0.012,1687,0,0
1071298,2.239,9.390,0.783,-0.045,0.025,-0.005,1688,0,0
1071318,2.241,9.301,0.804,-0.084,0.013,0.005,1688,0,0
1071338,2.322,9.206,0.704,-0.080,0.011,-0.001,1688,0,0
1071358,2.291,9.208,0.737,-0.069,0.026,-0.008,1686,0,0
1071378,2.241,9.225,0.797,-0.065,0.020,-0.006,1687,0,0
1071398,2.224,9.172,0.812,-0.074,0.003,-0.014,1687,0,0
1071418,2.255,9.189,0.654,-0.069,-0.002,-0.025,1689,0,0
1071438,2.253,9.297,0.596,-0.047,0.023,-0.029,1688,0,0
1071458,2.248,9.371,0.694,-0.062,0.032,-0.021,1688,0,0
1071478,2.217,9.311,0.843,-0.085,0.029,-0.010,1689,0,0
1071498,2.241,9.330,0.771,-0.045,0.023,-0.002,1689,0,0
1071518,2.172,9.246,0.769,-0.075,0.023,-0.006,1690,0,0
1071538,2.188,9.189,0.646,-0.064,0.022,-0.017,1689,0,0
1071558,2.121,9.304,0.759,-0.032,0.034,-0.013,1688,0,0
1071578,2.186,9.347,0.836,-0.067,0.039,-0.000,1690,0,0
1071598,2.169,9.201,0.950,-0.102,0.038,0.003,1690,0,0
1071618,2.229,9.115,1.027,-0.071,0.026,-0.007,1690,0,0
1071638,2.239,9.148,1.041,-0.051,0.014,-0.021,1689,0,0
1071658,2.227,9.266,0.953,-0.042,-0.002,-0.022,1689,0,0
1071678,2.251,9.321,0.867,-0.059,0.004,-0.014,1690,0,0
1071698,2.193,9.299,0.883,-0.081,0.006,-0.010,1689,0,0
1071718,2.224,9.237,0.950,-0.084,0.001,-0.013,1689,0,0
1071738,2.231,9.258,0.919,-0.062,-0.016,-0.016,1688,0,0
1071758,2.272,9.316,0.792,-0.034,-0.022,-0.014,1689,0,0
1071778,2.188,9.397,0.668,-0.053,-0.015,-0.014,1689,0,0
1071798,2.219,9.400,0.692,-0.068,-0.009,-0.004,1688,0,0
1071818,2.243,9.337,0.737,-0.068,0.005,0.010,1689,0,0
1071838,2.263,9.237,0.776,-0.062,0.002,0.011,1689,0,0
1071858,2.246,9.170,0.797,-0.057,-0.002,0.004,1689,0,0
1071878,2.207,9.158,0.733,-0.046,0.002,-0.006,1689,0,0
1071898,2.191,9.254,0.697,-0.038,0.005,-0.013,1690,0,0
1071918,2.251,9.309,0.723,-0.062,0.017,-0.003,1689,0,0
1071938,2.222,9.182,0.828,-0.095,0.020,-0.005,1688,0,0
1071958,2.260,9.184,0.836,-0.065,0.014,-0.014,1690,0,0
1071978,2.260,9.268,0.874,-0.041,0.011,-0.018,1690,0,0
1071998,2.239,9.328,0.843,-0.040,0.001,-0.014,1690,0,0
1072018,2.267,9.337,0.764,-0.044,-0.003,-0.009,1689,0,0
1072038,2.231,9.292,0.752,-0.073,0.003,-0.008,1688,0,0
1072058,2.200,9.220,0.766,-0.074,0.002,-0.003,1690,0,0
1072078,2.222,9.151,0.752,-0.053,0.002,-0.011,1688,0,0
1072098,2.246,9.143,0.694,-0.051,0.006,-0.026,1689,0,0
1072118,2.265,9.263,0.728,-0.052,0.015,-0.031,1688,0,0
1072138,2.234,9.304,0.816,-0.078,0.013,-0.026,1689,0,0
1072158,2.248,9.292,0.814,-0.074,0.003,-0.021,1689,0,0
1072178,2.243,9.290,0.721,-0.055,0.005,-0.021,1688,0,0
1072198,2.227,9.304,0.718,-0.062,0.012,-0.020,1689,0,0
1072218,2.179,9.330,0.670,-0.057,0.020,-0.013,1688,0,0
1072238,2.195,9.294,0.721,-0.071,0.022,-0.009,1690,0,0
1072258,2.193,9.275,0.752,-0.070,0.025,-0.015,1689,0,0
1072278,2.195,9.299,0.757,-0.060,0.030,-0.013,1690,0,0
1072298,2.203,9.266,0.833,-0.068,0.026,-0.014,1690,0,0
1072318,2.215,9.251,0.850,-0.055,0.017,-0.017,1690,0,0
1072338,2.231,9.330,0.812,-0.041,0.009,-0.015,1691,0,0
1072358,2.200,9.330,0.833,-0.063,0.008,-0.010,1689,0,0
1072378,2.198,9.299,0.733,-0.064,0.014,-0.010,1689,0,0
1072398,2.234,9.285,0.761,-0.056,0.020,-0.008,1689,0,0
1072418,2.239,9.275,0.802,-0.069,0.024,-0.013,1689,0,0
1072438,2.188,9.285,0.874,-0.069,0.018,-0.013,1689,0,0
1072458,2.195,9.301,0.812,-0.054,0.002,-0.010,1689,0,0
1072478,2.217,9.328,0.759,-0.046,0.003,-0.007,1689,0,0
1072498,2.246,9.318,0.711,-0.057,0.015,-0.004,1687,0,0
1072518,2.186,9.301,0.795,-0.066,0.022,-0.003,1688,0,0
1072538,2.155,9.254,0.754,-0.067,0.021,-0.002,1688,0,0
1072558,2.207,9.206,0.725,-0.065,0.021,-0.003,1686,0,0
1072578,2.176,9.179,0.742,-0.055,0.022,-0.014,1687,0,0
1072598,2.215,9.258,0.692,-0.039,0.026,-0.013,1685,0,0
1072618,2.224,9.309,0.735,-0.058,0.037,-0.013,1687,0,0
1072638,2.181,9.292,0.788,-0.082,0.038,-0.017,1687,0,0
1072658,2.167,9.306,0.840,-0.068,0.031,-0.013,1687,0,0
1072678,2.169,9.270,0.843,-0.055,0.021,-0.006,1687,0,0
1072698,2.241,9.266,0.773,-0.060,0.017,-0.009,1687,0,0
1072718,2.231,9.239,0.761,-0.057,0.030,-0.015,1688,0,0
1072738,2.152,9.287,0.702,-0.083,0.030,-0.017,1688,0,0
1072758,2.124,9.345,0.876,-0.057,0.024,-0.013,1687,0,0
1072778,2.162,9.318,0.781,-0.050,0.029,-0.008,1687,0,0
1072798,2.234,9.239,0.783,-0.053,0.021,-0.011,1687,0,0
1072818,2.248,9.273,0.934,-0.048,0.007,-0.017,1687,0,0
1072838,2.212,9.282,0.694,-0.059,0.029,-0.015,1685,0,0
1072858,2.157,9.340,0.967,-0.020,0.010,-0.004,1685,0,0
1072878,2.236,9.330,0.864,-0.016,0.002,0.009,1686,0,0
1072898,2.267,9.263,0.752,-0.016,0.011,0.010,1683,0,0
1072918,2.148,9.244,0.742,-0.033,0.020,-0.002,1683,0,0
1072938,2.121,9.261,0.843,-0.016,-0.000,0.006,1671,0,0
1072958,2.188,9.270,0.919,0.027,-0.037,0.030,1660,0,0
1072978,2.284,9.210,0.924,0.039,-0.051,0.048,1633,0,0
1072998,2.272,9.325,0.637,0.103,-0.049,0.058,1605,0,0
1073018,2.236,9.431,0.634,0.104,-0.061,0.075,1561,0,0
1073038,2.389,9.349,0.816,0.005,-0.089,0.093,1529,0,0
1073058,2.579,9.052,0.998,-0.021,-0.167,0.124,1500,0,0
1073078,2.820,9.163,1.065,0.076,-0.239,0.170,1465,0,0
1073098,2.696,9.426,0.460,0.061,-0.233,0.247,1424,0,0
1073118,1.595,9.895,-0.505,0.030,-0.096,0.330,1402,0,0
1073138,2.277,9.507,0.244,-0.024,-0.168,0.264,1354,0,0
1073158,3.098,8.940,1.367,-0.252,-0.339,0.289,1281,0,0
1073178,2.497,9.210,0.476,-0.247,-0.351,0.366,1231,0,0
1073198,1.899,9.179,-0.237,0.036,-0.232,0.327,1196,0,0
1073218,2.251,9.416,0.804,0.154,-0.288,0.281,1140,0,0
1073238,2.464,9.280,0.546,-0.043,-0.352,0.268,1092,0,0
1073258,2.677,9.294,1.190,-0.003,-0.496,0.289,1038,0,0
1073278,2.909,8.847,0.457,-0.049,-0.545,0.336,991,0,0
1073298,3.519,8.440,0.285,0.051,-0.426,0.176,965,0,0
1073318,3.010,8.854,-0.036,0.200,-0.277,0.041,951,0,0
1073338,3.251,9.383,-0.187,0.103,-0.149,-0.021,947,0,0
1073358,3.146,9.306,-0.184,-0.055,-0.037,-0.025,946,0,0
1073378,3.098,9.335,0.043,-0.080,0.027,-0.038,945,0,0
1073398,3.021,9.586,0.134,-0.105,0.057,-0.016,945,0,0
1073418,3.127,9.263,0.103,-0.111,0.060,0.006,945,0,0
1073438,3.196,9.163,0.096,-0.094,0.066,0.007,946,0,0
1073458,3.168,9.199,0.165,-0.073,0.072,0.009,947,0,0
1073478,3.100,9.189,0.223,-0.084,0.047,0.008,949,0,0
1073498,3.148,9.172,0.170,-0.068,0.023,0.007,953,0,0
1073518,3.134,9.122,0.029,-0.058,0.038,0.001,952,0,0
1073538,3.136,9.081,0.010,-0.031,0.039,0.011,954,0,0
1073558,3.184,9.110,-0.048,-0.022,0.046,0.006,957,0,0
1073578,3.187,9.194,-0.105,-0.033,0.045,0.008,956,0,0
1073598,3.170,9.074,-0.170,-0.045,0.035,0.002,955,0,0
1073618,3.268,9.131,-0.433,-0.005,0.023,-0.014,957,0,0
1073638,3.259,9.414,-0.871,0.019,0.058,-0.010,958,0,0
1073658,3.110,9.615,-1.087,0.050,0.106,0.020,958,0,0
1073678,3.033,9.756,-1.408,0.048,0.180,0.044,958,0,0
1073698,2.775,9.864,-1.602,0.026,0.259,0.076,958,0,0
1073718,2.629,9.814,-1.935,0.010,0.370,0.114,956,0,0
1073738,2.425,9.560,-1.982,0.033,0.513,0.163,953,0,0
1073758,2.236,9.419,-1.793,0.038,0.627,0.185,955,0,0
1073778,2.033,9.402,-1.604,0.010,0.755,0.197,954,0,0
1073798,1.772,9.079,-1.472,0.000,0.881,0.207,953,0,0
1073818,1.460,8.614,-1.592,0.032,1.011,0.177,952,0,0
1073838,1.006,8.507,-1.587,0.055,1.155,0.129,952,0,0
1073858,0.850,8.830,-1.089,0.038,1.316,0.078,952,0,0
1073878,0.541,9.194,-0.225,-0.013,1.403,0.072,954,0,0
1073898,0.378,8.557,0.146,0.037,1.397,0.041,954,0,0
1073918,0.292,8.124,-0.165,0.406,1.402,-0.060,951,0,0
1073938,0.249,9.584,-0.089,0.724,1.499,-0.137,952,0,0
1073958,0.165,10.922,0.862,0.499,1.569,0.047,952,0,0
1073978,0.124,9.084,2.059,0.190,1.533,0.142,956,0,0
1073998,0.362,8.059,2.567,0.456,1.400,-0.024,956,0,0
1074018,0.929,8.959,2.859,0.598,1.357,-0.132,957,0,0
1074038,1.281,9.301,3.812,0.427,1.331,-0.089,958,0,0
1074058,1.358,8.681,5.028,0.132,1.197,-0.089,959,0,0
1074078,1.599,8.109,5.849,0.164,0.989,-0.207,960,0,0
1074098,1.963,9.055,6.381,0.336,0.737,-0.313,960,0,0
1074118,2.471,9.383,6.450,0.232,0.446,-0.371,960,0,0
1074138,2.780,9.498,6.428,0.173,0.132,-0.457,961,0,0
1074158,3.132,9.811,6.213,0.074,-0.214,-0.523,960,0,0
1074178,3.335,10.580,5.816,0.043,-0.586,-0.505,961,0,0
1074198,3.929,11.157,4.690,-0.048,-0.880,-0.405,961,0,0
1074218,4.345,10.937,4.041,-0.304,-1.069,-0.270,960,0,0
1074238,4.666,10.101,3.280,-0.532,-1.311,-0.251,959,0,0
1074258,4.994,10.125,2.634,-0.855,-1.525,-0.150,960,0,0
1074278,5.203,9.359,1.978,-0.889,-1.666,-0.153,960,0,0
1074298,5.523,9.527,1.070,-0.841,-1.769,-0.146,960,0,0
1074318,5.839,9.234,0.244,-0.851,-1.747,-0.058,961,0,0
1074338,5.847,8.432,0.067,-0.960,-1.761,-0.020,961,0,0
1074358,5.729,8.097,-0.187,-1.031,-1.797,-0.006,962,0,0
1074378,5.509,7.618,-0.771,-0.920,-1.790,-0.022,961,0,0
1074398,5.179,7.764,-1.525,-0.654,-1.749,-0.133,961,0,0
1074418,4.781,8.657,-2.382,-0.322,-1.630,-0.204,961,0,0
1074438,4.767,9.711,-3.153,-0.249,-1.469,-0.111,961,0,0
1074458,4.456,9.527,-3.412,-0.490,-1.266,0.037,961,0,0
1074478,4.034,9.072,-3.479,-0.571,-1.133,0.006,961,0,0
1074498,3.419,9.270,-3.723,-0.389,-1.020,-0.034,961,0,0
1074518,3.156,9.905,-4.123,-0.000,-0.787,-0.032,961,0,0
1074538,3.026,10.740,-4.384,0.125,-0.478,0.015,962,0,0
1074558,2.631,10.719,-3.792,-0.234,-0.253,0.195,962,0,0
1074578,2.243,9.474,-2.962,-0.460,-0.210,0.288,962,0,0
1074598,1.765,8.722,-2.729,-0.298,-0.154,0.181,963,0,0
1074618,1.099,9.833,-2.880,-0.045,0.015,-0.008,962,0,0
1074638,0.529,11.382,-2.923,0.030,0.262,0.030,962,0,0
1074658,-0.230,11.159,-2.413,-0.069,0.446,0.232,964,0,0
1074678,-0.575,10.137,-2.018,-0.245,0.518,0.331,964,0,0
1074698,-0.824,10.767,-1.410,-0.121,0.817,0.267,965,0,0
1074718,-1.362,9.725,-1.659,0.054,0.860,0.164,965,0,0
1074738,-1.745,10.659,-0.757,0.619,1.131,0.205,967,0,0
1074758,-1.650,10.343,-0.656,0.323,1.209,0.288,965,0,0
1074778,-1.695,9.768,-0.146,0.473,1.396,0.335,971,0,0
1074798,-1.633,9.309,0.383,0.230,1.431,0.361,969,0,0
1074818,-1.652,8.847,0.922,0.533,1.580,0.330,971,0,0
1074838,-1.640,8.847,1.288,0.543,1.625,0.269,972,0,0
1074858,-1.444,9.086,1.741,0.668,1.731,0.258,974,0,0
1074878,-1.341,9.036,2.437,0.535,1.730,0.202,975,0,0
1074898,-1.089,9.500,3.208,0.493,1.754,0.145,975,0,0
1074918,-0.850,9.560,4.178,0.445,1.697,0.150,975,0,0
1074938,-0.357,8.868,4.571,0.615,1.577,0.110,976,0,0
1074958,0.242,8.882,4.439,0.800,1.481,0.022,976,0,0
1074978,0.766,9.579,4.755,0.699,1.398,-0.031,977,0,0
1074998,1.044,9.644,5.452,0.509,1.268,-0.026,980,0,0
1075018,1.353,8.899,5.622,0.520,1.085,-0.010,978,0,0
1075038,1.709,8.859,5.557,0.621,0.908,-0.098,980,0,0
1075058,2.306,9.558,5.753,0.398,0.723,-0.163,980,0,0
1075078,2.749,9.608,6.364,-0.051,0.496,-0.107,980,0,0
1075098,3.165,8.638,6.972,-0.280,0.194,-0.105,982,0,0
1075118,3.488,8.552,7.369,-0.124,-0.177,-0.243,981,0,0
1075138,4.228,9.093,6.867,-0.086,-0.531,-0.338,982,0,0
1075158,4.496,8.806,6.601,-0.294,-0.895,-0.422,984,0,0
1075178,4.729,9.290,6.100,-0.467,-1.255,-0.501,983,0,0
1075198,5.162,9.926,5.148,-0.799,-1.587,-0.454,982,0,0
1075218,5.504,9.237,4.063,-0.989,-1.878,-0.443,983,0,0
1075238,5.772,9.388,2.804,-0.973,-2.086,-0.431,984,0,0
1075258,6.371,8.499,1.726,-1.102,-2.147,-0.447,984,0,0
1075278,6.206,8.140,0.883,-0.942,-2.144,-0.534,983,0,0
1075298,5.535,9.227,0.026,-0.816,-2.174,-0.566,982,0,0
1075318,5.284,10.262,-0.876,-0.878,-2.224,-0.383,983,0,0
1075338,5.090,10.396,-2.066,-0.910,-2.192,-0.231,983,0,0
1075358,5.164,10.041,-3.510,-0.807,-2.016,-0.151,982,0,0
1075378,5.296,9.622,-4.355,-0.641,-1.734,-0.082,981,0,0
1075398,4.602,9.292,-4.223,-0.535,-1.495,-0.051,982,0,0
1075418,3.508,10.841,-4.503,-0.440,-1.465,0.040,981,0,0
1075438,3.828,11.210,-5.485,-0.594,-1.255,0.222,982,0,0
1075458,3.661,9.687,-5.298,-0.563,-0.876,0.249,982,0,0
1075478,2.646,9.416,-4.635,-0.178,-0.568,0.130,983,0,0
1075498,1.336,10.927,-4.300,0.062,-0.406,0.077,983,0,0
1075518,0.819,11.897,-4.171,-0.124,-0.201,0.248,983,0,0
1075538,0.429,10.518,-3.733,-0.404,0.076,0.372,984,0,0
1075558,-0.172,8.736,-3.091,-0.086,0.300,0.219,985,0,0
1075578,-0.883,9.948,-2.792,0.540,0.511,0.120,985,0,0
1075598,-1.164,10.422,-2.258,0.452,0.732,0.180,985,0,0
1075618,-1.207,9.448,-1.039,0.220,0.905,0.259,986,0,0
1075638,-0.910,8.712,0.328,-0.017,0.986,0.304,987,0,0
1075658,-0.680,7.501,1.839,-0.087,1.011,0.261,988,0,0
1075678,-0.685,7.681,3.342,0.243,0.938,0.156,989,0,0
1075698,-0.010,8.739,4.022,0.449,0.835,0.115,990,0,0
1075718,0.560,8.792,4.542,0.321,0.756,0.116,991,0,0
1075738,1.085,8.370,4.865,0.334,0.639,0.043,991,0,0
1075758,1.647,8.959,4.851,0.442,0.520,-0.027,992,0,0
1075778,2.047,9.304,4.654,0.375,0.445,-0.006,993,0,0
1075798,2.418,9.232,4.503,0.337,0.375,0.014,993,0,0
1075818,2.698,9.527,4.384,0.253,0.265,-0.003,994,0,0
1075838,3.036,9.565,3.840,0.135,0.162,0.004,995,0,0
1075858,3.144,9.431,3.237,0.044,0.101,0.004,995,0,0
1075878,3.280,9.462,2.725,0.004,0.083,0.003,996,0,0
1075898,3.218,9.687,2.595,-0.036,0.077,0.031,995,0,0
1075918,3.156,9.457,2.356,-0.132,0.028,0.047,996,0,0
1075938,3.007,9.225,2.004,-0.132,-0.038,0.038,996,0,0
1075958,2.866,9.213,1.583,-0.093,-0.100,0.036,996,0,0
1075978,2.847,9.177,0.989,-0.068,-0.100,0.041,997,0,0
1075998,2.897,9.151,0.742,-0.165,-0.078,0.050,998,0,0
1076018,2.964,8.607,0.711,-0.274,-0.063,0.032,998,0,0
1076038,2.768,8.365,0.728,-0.240,-0.074,-0.041,1001,0,0
1076058,2.722,8.550,0.634,-0.131,-0.079,-0.081,1003,0,0
1076078,2.593,8.820,0.919,0.003,-0.109,-0.077,1008,0,0
1076098,2.514,9.000,1.204,0.057,-0.204,-0.080,1017,0,0
1076118,2.514,8.945,1.041,0.075,-0.288,-0.072,1038,0,0
1076138,2.509,8.995,1.044,0.048,-0.377,-0.083,1047,0,0
1076158,2.605,8.976,0.747,-0.058,-0.427,-0.121,1062,0,0
1076178,3.397,8.571,0.441,-0.066,-0.287,-0.186,1088,0,0
1076198,3.108,8.677,0.584,0.083,-0.134,-0.222,1134,0,0
1076218,2.186,9.222,0.852,0.115,-0.157,-0.248,1180,0,0
1076238,2.476,9.369,0.807,-0.137,-0.274,-0.225,1246,0,0
1076258,3.349,9.060,0.323,-0.353,-0.159,-0.177,1341,0,0
1076278,3.024,9.064,-0.014,-0.389,0.103,-0.209,1472,0,0
1076298,2.931,8.911,-0.733,-0.299,0.309,-0.318,1593,0,0
1076318,3.328,8.622,-1.027,-0.118,0.622,-0.394,1661,0,0
1076338,3.369,8.538,-0.627,0.173,1.096,-0.459,1718,0,0
1076358,2.363,8.971,1.918,0.501,0.922,-0.633,1752,0,0
1076378,1.765,9.330,1.487,0.206,0.543,-0.566,1782,0,0
1076398,1.757,10.204,0.639,-0.346,0.412,-0.375,1809,0,0
1076418,1.966,10.065,0.773,-0.401,0.279,-0.237,1834,0,0
1076438,1.851,9.431,0.967,-0.514,0.217,-0.169,1850,0,0
1076458,1.923,9.160,0.929,-0.532,0.148,-0.133,1861,0,0
1076478,1.793,9.491,0.668,-0.164,0.174,-0.101,1872,0,0
1076498,1.635,9.766,0.874,0.031,0.130,-0.042,1878,0,0
1076518,1.906,9.570,1.314,-0.164,0.035,0.003,1885,0,0
1076538,2.040,9.330,1.271,-0.223,0.001,0.012,1888,0,0
1076558,1.956,9.199,1.159,-0.123,-0.017,0.002,1887,0,0
1076578,2.059,9.290,1.204,-0.023,-0.035,-0.007,1888,0,0
1076598,2.073,9.333,1.168,-0.050,-0.032,0.005,1886,0,0
1076618,1.875,9.201,1.087,-0.111,0.027,0.002,1885,0,0
1076638,1.901,9.237,1.190,-0.041,0.014,0.009,1884,0,0
1076658,1.911,9.333,1.269,-0.010,0.009,0.018,1880,0,0
1076678,1.925,9.227,1.326,-0.070,-0.004,0.006,1876,0,0
1076698,1.963,9.108,1.271,-0.066,-0.012,-0.007,1870,0,0
1076718,1.918,9.026,1.190,-0.044,-0.009,-0.018,1861,0,0
1076738,1.903,9.134,1.164,-0.042,-0.022,-0.020,1857,0,0
1076758,1.889,9.143,1.080,-0.056,-0.019,-0.011,1855,0,0
1076778,1.937,9.225,1.113,-0.061,0.006,-0.021,1855,0,0
1076798,1.954,9.146,1.211,-0.061,0.029,-0.040,1852,0,0
1076818,1.805,9.189,1.192,-0.040,0.054,-0.045,1845,0,0
1076838,1.731,9.215,1.228,-0.035,0.027,-0.044,1841,0,0
1076858,1.930,9.261,1.252,-0.082,-0.015,-0.056,1839,0,0
1076878,2.069,9.208,1.257,-0.121,-0.001,-0.057,1836,0,0
1076898,1.946,9.220,1.276,-0.059,0.017,-0.053,1834,0,0
1076918,1.856,9.318,1.288,-0.027,0.018,-0.051,1830,0,0
1076938,1.841,9.404,1.298,-0.072,0.002,-0.050,1825,0,0
1076958,1.853,9.400,1.209,-0.075,-0.022,-0.045,1823,0,0
1076978,1.875,9.440,1.199,-0.047,-0.024,-0.037,1818,0,0
1076998,1.891,9.378,1.226,-0.063,-0.022,-0.034,1812,0,0
1077018,1.853,9.330,1.183,-0.062,-0.013,-0.027,1809,0,0
1077038,1.788,9.345,1.195,-0.060,-0.030,-0.030,1808,0,0
1077058,1.858,9.361,1.077,-0.066,-0.043,-0.032,1807,0,0
1077078,1.870,9.409,1.037,-0.047,-0.027,-0.022,1807,0,0
1077098,1.896,9.366,1.132,-0.039,-0.013,-0.017,1806,0,0
1077118,1.865,9.325,1.178,-0.045,-0.006,-0.013,1804,0,0
1077138,1.781,9.328,1.111,-0.048,-0.020,-0.011,1798,0,0
1077158,1.786,9.290,1.101,-0.046,-0.038,-0.010,1794,0,0
1077178,1.820,9.239,1.104,-0.068,-0.041,-0.012,1788,0,0
1077198,1.822,9.273,1.118,-0.050,-0.028,-0.018,1783,0,0
1077218,1.776,9.371,1.051,-0.004,-0.022,-0.013,1781,0,0
1077238,1.781,9.409,0.970,-0.029,0.000,-0.001,1778,0,0
1077258,1.810,9.328,1.109,-0.092,0.008,0.000,1776,0,0
1077278,1.882,9.194,1.267,-0.104,0.006,-0.011,1775,0,0
1077298,1.851,9.189,1.259,-0.075,0.004,-0.024,1774,0,0
1077318,1.810,9.263,1.120,-0.029,-0.009,-0.015,1772,0,0
1077338,1.860,9.292,1.077,-0.025,-0.004,-0.001,1773,0,0
1077358,1.834,9.234,1.056,-0.068,0.006,-0.013,1771,0,0
1077378,1.779,9.254,1.092,-0.056,0.001,-0.028,1771,0,0
1077398,1.753,9.328,1.032,-0.033,-0.006,-0.033,1769,0,0
1077418,1.796,9.402,1.015,-0.051,-0.007,-0.024,1767,0,0
1077438,1.822,9.380,0.958,-0.046,-0.002,-0.010,1763,0,0
1077458,1.829,9.385,0.979,-0.037,0.006,-0.002,1762,0,0
1077478,1.791,9.376,0.994,-0.047,0.013,-0.001,1762,0,0
1077498,1.803,9.333,1.030,-0.053,0.011,-0.005,1761,0,0
1077518,1.824,9.340,1.051,-0.054,0.020,-0.003,1760,0,0
1077538,1.822,9.357,1.051,-0.055,0.021,0.002,1759,0,0
1077558,1.822,9.388,1.094,-0.037,0.022,0.001,1757,0,0
1077578,1.834,9.392,1.140,-0.049,0.019,0.003,1755,0,0
1077598,1.822,9.388,1.173,-0.047,0.021,0.012,1754,0,0
1077618,1.832,9.306,1.183,-0.064,0.011,0.017,1751,0,0
1077638,1.820,9.258,1.140,-0.062,0.012,0.010,1747,0,0
1077658,1.834,9.301,1.092,-0.037,0.018,0.018,1746,0,0
1077678,1.796,9.261,1.140,-0.044,0.021,0.019,1745,0,0
1077698,1.779,9.201,1.199,-0.077,-0.001,0.006,1744,0,0
1077718,1.803,9.220,1.104,-0.052,-0.007,-0.002,1744,0,0
1077738,1.781,9.309,0.998,-0.019,0.002,0.002,1743,0,0
1077758,1.879,9.347,0.994,-0.038,0.017,0.014,1742,0,0
1077778,1.863,9.263,1.116,-0.075,0.021,0.014,1742,0,0
1077798,1.865,9.218,1.178,-0.064,0.008,0.007,1741,0,0
1077818,1.851,9.266,1.132,-0.032,-0.003,-0.001,1739,0,0
1077838,1.820,9.376,1.111,-0.028,-0.004,-0.002,1739,0,0
1077858,1.796,9.407,1.070,-0.031,-0.005,0.015,1737,0,0
1077878,1.820,9.371,1.061,-0.039,-0.003,0.022,1736,0,0
1077898,1.875,9.342,1.070,-0.048,-0.002,0.021,1735,0,0
1077918,1.918,9.282,1.106,-0.053,-0.002,0.020,1734,0,0
1077938,1.915,9.282,1.097,-0.035,-0.007,0.025,1733,0,0
1077958,1.937,9.290,1.070,-0.031,-0.008,0.025,1733,0,0
1077978,1.935,9.290,1.022,-0.040,-0.013,0.020,1732,0,0
1077998,1.970,9.258,0.967,-0.052,-0.015,0.023,1733,0,0
1078018,1.973,9.278,0.967,-0.039,-0.011,0.023,1730,0,0
1078038,1.994,9.234,1.001,-0.043,-0.009,0.024,1731,0,0
1078058,1.966,9.175,0.962,-0.051,-0.012,0.014,1729,0,0
1078078,1.935,9.177,0.929,-0.034,-0.014,0.010,1729,0,0
1078098,1.925,9.239,0.910,-0.024,-0.017,0.006,1729,0,0
1078118,1.939,9.297,0.876,-0.039,-0.010,0.001,1728,0,0
1078138,1.896,9.335,0.915,-0.040,0.001,-0.006,1728,0,0
1078158,1.889,9.376,0.943,-0.032,-0.001,0.002,1728,0,0
1078178,1.877,9.407,1.006,-0.029,0.001,0.012,1727,0,0
1078198,1.870,9.361,1.049,-0.035,-0.000,0.018,1727,0,0
1078218,1.930,9.316,1.044,-0.020,-0.006,0.021,1727,0,0
1078238,1.982,9.239,0.989,-0.037,-0.014,0.012,1728,0,0
1078258,1.980,9.242,1.032,-0.066,-0.013,0.006,1727,0,0
1078278,1.968,9.258,1.008,-0.044,-0.017,0.005,1726,0,0
1078298,2.037,9.325,1.022,-0.036,-0.016,0.007,1727,0,0
1078318,2.028,9.270,1.006,-0.062,-0.022,0.009,1724,0,0
1078338,2.011,9.249,0.962,-0.064,-0.025,0.009,1722,0,0
1078358,1.923,9.215,0.879,-0.054,-0.024,0.005,1722,0,0
1078378,1.867,9.261,0.857,-0.046,-0.022,0.000,1722,0,0
1078398,1.961,9.225,0.778,-0.046,-0.025,-0.004,1720,0,0
1078418,2.030,9.273,0.792,-0.047,-0.015,-0.007,1717,0,0
1078438,2.052,9.340,0.852,-0.043,-0.002,-0.012,1720,0,0
1078458,2.045,9.357,0.946,-0.059,-0.010,-0.014,1717,0,0
1078478,2.014,9.385,0.905,-0.071,-0.012,-0.006,1716,0,0
1078498,1.992,9.402,0.843,-0.046,-0.010,0.003,1715,0,0
1078518,1.954,9.412,0.855,-0.035,-0.007,0.010,1714,0,0
1078539,1.975,9.340,0.831,-0.055,-0.008,0.012,1713,0,0
1078558,1.990,9.294,0.824,-0.061,0.003,0.011,1713,0,0
1078578,1.978,9.227,0.831,-0.059,0.011,0.009,1713,0,0
1078598,1.980,9.249,0.869,-0.050,0.016,0.005,1713,0,0
1078618,1.961,9.297,0.922,-0.050,0.011,-0.000,1712,0,0
1078638,1.997,9.297,0.922,-0.062,-0.001,0.001,1712,0,0
1078658,2.078,9.292,0.934,-0.051,0.006,-0.003,1713,0,0
1078678,2.045,9.292,0.950,-0.058,0.014,0.003,1711,0,0
1078698,1.985,9.256,1.044,-0.060,0.007,0.005,1711,0,0
1078718,2.014,9.206,1.027,-0.057,-0.023,-0.003,1711,0,0
1078738,2.083,9.242,0.850,-0.043,-0.025,-0.010,1711,0,0
1078758,2.049,9.285,0.843,-0.058,-0.009,-0.013,1709,0,0
1078778,2.014,9.366,0.850,-0.062,0.003,-0.010,1710,0,0
1078798,2.045,9.388,0.950,-0.073,0.003,-0.007,1710,0,0
