484482,7.156,6.867,-0.484,-0.037,-0.003,-0.004,1762,0,0
484502,7.156,6.862,-0.417,-0.064,-0.014,0.005,1761,0,0
484522,7.209,6.804,-0.498,-0.069,-0.024,0.007,1761,0,0
484542,7.211,6.800,-0.546,-0.044,-0.020,0.005,1764,0,0
484562,7.132,6.852,-0.555,-0.050,-0.006,0.010,1761,0,0
484582,7.130,6.823,-0.577,-0.061,-0.009,0.012,1762,0,0
484602,7.171,6.773,-0.685,-0.078,-0.002,0.019,1762,0,0
484622,7.207,6.704,-0.649,-0.088,0.013,0.013,1762,0,0
484642,7.235,6.694,-0.522,-0.071,0.025,0.001,1763,0,0
484662,7.197,6.766,-0.476,-0.066,0.025,-0.005,1762,0,0
484682,7.173,6.831,-0.481,-0.075,0.014,-0.001,1762,0,0
484702,7.221,6.812,-0.484,-0.078,0.002,0.004,1763,0,0
484722,7.214,6.785,-0.543,-0.077,0.005,0.006,1763,0,0
484742,7.140,6.766,-0.505,-0.072,0.012,0.005,1762,0,0
484762,7.161,6.773,-0.505,-0.078,0.011,0.005,1762,0,0
484782,7.214,6.740,-0.529,-0.079,0.009,0.008,1763,0,0
484802,7.185,6.718,-0.498,-0.075,0.011,0.004,1763,0,0
484822,7.140,6.721,-0.498,-0.064,0.015,-0.005,1763,0,0
484842,7.178,6.768,-0.484,-0.063,0.015,-0.008,1763,0,0
484862,7.197,6.804,-0.503,-0.075,0.013,-0.002,1763,0,0
484882,7.185,6.744,-0.508,-0.078,0.017,-0.000,1762,0,0
484902,7.161,6.730,-0.493,-0.056,0.017,-0.004,1764,0,0
484922,7.151,6.756,-0.472,-0.046,0.014,-0.007,1762,0,0
484942,7.144,6.744,-0.520,-0.056,0.016,-0.003,1763,0,0
484962,7.197,6.692,-0.575,-0.062,0.021,-0.001,1763,0,0
484982,7.233,6.658,-0.558,-0.062,0.027,-0.008,1763,0,0
485002,7.233,6.658,-0.527,-0.069,0.031,-0.015,1763,0,0
485022,7.240,6.685,-0.548,-0.074,0.039,-0.021,1762,0,0
485042,7.202,6.744,-0.443,-0.068,0.048,-0.026,1763,0,0
485062,7.168,6.768,-0.381,-0.064,0.046,-0.026,1762,0,0
485082,7.228,6.797,-0.352,-0.051,0.027,-0.021,1762,0,0
485102,7.221,6.771,-0.354,-0.062,0.014,-0.025,1761,0,0
485122,7.240,6.859,-0.381,-0.039,0.010,-0.029,1762,0,0
485142,7.223,6.958,-0.414,-0.036,0.016,-0.014,1762,0,0
485162,7.185,6.898,-0.417,-0.067,0.020,0.001,1762,0,0
485182,7.204,6.802,-0.378,-0.066,0.012,0.001,1762,0,0
485202,7.264,6.785,-0.395,-0.054,0.006,-0.004,1762,0,0
485222,7.254,6.795,-0.431,-0.059,0.005,-0.009,1762,0,0
485242,7.187,6.840,-0.438,-0.060,0.018,-0.012,1762,0,0
485262,7.128,6.862,-0.417,-0.063,0.019,-0.005,1762,0,0
485282,7.149,6.833,-0.414,-0.073,0.013,-0.002,1761,0,0
485302,7.142,6.826,-0.366,-0.080,0.012,0.000,1762,0,0
485323,7.104,6.797,-0.359,-0.062,0.009,0.006,1762,0,0
485342,7.175,6.718,-0.405,-0.068,0.005,0.009,1762,0,0
485362,7.245,6.579,-0.510,-0.086,0.006,-0.002,1761,0,0
485382,7.290,6.558,-0.546,-0.071,0.008,-0.017,1762,0,0
485402,7.286,6.651,-0.551,-0.048,0.021,-0.029,1762,0,0
485422,7.175,6.732,-0.481,-0.072,0.027,-0.033,1761,0,0
485442,7.178,6.804,-0.453,-0.075,0.018,-0.029,1761,0,0
485462,7.204,6.831,-0.424,-0.064,0.011,-0.025,1763,0,0
485482,7.185,6.867,-0.517,-0.053,0.009,-0.023,1761,0,0
485502,7.154,6.876,-0.594,-0.060,0.016,-0.018,1762,0,0
485522,7.087,6.857,-0.565,-0.069,0.025,-0.007,1761,0,0
485542,7.068,6.807,-0.543,-0.052,0.023,-0.010,1762,0,0
485562,7.096,6.795,-0.551,-0.047,0.024,-0.012,1762,0,0
485582,7.104,6.783,-0.532,-0.058,0.029,-0.015,1762,0,0
485602,7.168,6.761,-0.517,-0.052,0.026,-0.009,1762,0,0
485622,7.195,6.704,-0.484,-0.057,0.033,-0.007,1762,0,0
485642,7.240,6.639,-0.493,-0.069,0.038,-0.011,1762,0,0
485662,7.223,6.596,-0.409,-0.065,0.038,-0.023,1762,0,0
485682,7.233,6.622,-0.395,-0.061,0.033,-0.040,1763,0,0
485702,7.175,6.697,-0.362,-0.051,0.032,-0.054,1762,0,0
485722,7.180,6.821,-0.417,-0.048,0.029,-0.058,1762,0,0
485742,7.207,6.936,-0.426,-0.066,0.036,-0.044,1763,0,0
485762,7.221,6.931,-0.469,-0.089,0.045,-0.033,1762,0,0
485782,7.161,6.876,-0.357,-0.079,0.059,-0.036,1762,0,0
485802,7.032,6.993,-0.208,-0.038,0.055,-0.039,1764,0,0
485822,7.027,7.084,-0.182,-0.037,0.023,-0.029,1762,0,0
485842,7.137,7.087,-0.326,-0.067,0.018,-0.003,1762,0,0
485862,7.137,6.962,-0.352,-0.084,0.023,0.011,1762,0,0
485882,7.159,6.831,-0.316,-0.080,0.026,0.016,1762,0,0
485902,7.209,6.713,-0.249,-0.082,0.013,0.011,1763,0,0
485922,7.302,6.656,-0.299,-0.066,-0.006,-0.006,1762,0,0
485942,7.295,6.735,-0.354,-0.048,-0.003,-0.024,1762,0,0
485963,7.250,6.843,-0.385,-0.040,0.001,-0.032,1764,0,0
485982,7.219,6.922,-0.383,-0.037,0.001,-0.031,1763,0,0
486002,7.171,6.960,-0.431,-0.048,0.004,-0.017,1762,0,0
486022,7.116,6.922,-0.448,-0.052,0.006,-0.012,1763,0,0
486042,7.082,6.907,-0.464,-0.055,0.009,-0.011,1763,0,0
486062,7.025,6.936,-0.409,-0.062,0.016,-0.009,1764,0,0
486082,7.065,6.965,-0.436,-0.056,0.011,0.001,1765,0,0
486102,7.051,6.948,-0.419,-0.048,0.017,0.011,1763,0,0
486122,7.013,6.883,-0.350,-0.054,0.017,0.023,1763,0,0
486142,7.063,6.740,-0.388,-0.067,0.007,0.026,1763,0,0
486162,7.132,6.586,-0.383,-0.078,-0.000,0.015,1763,0,0
486182,7.204,6.510,-0.424,-0.053,0.003,-0.009,1763,0,0
486202,7.214,6.615,-0.500,-0.031,0.006,-0.029,1765,0,0
486222,7.238,6.704,-0.510,-0.054,0.015,-0.033,1763,0,0
486242,7.233,6.728,-0.448,-0.091,0.019,-0.032,1761,0,0
486262,7.183,6.790,-0.364,-0.082,0.013,-0.044,1763,0,0
486282,7.166,6.914,-0.383,-0.065,0.011,-0.049,1763,0,0
486302,7.072,6.984,-0.445,-0.042,0.007,-0.048,1764,0,0
486322,7.027,7.092,-0.481,-0.006,0.007,-0.041,1763,0,0
486342,7.027,7.142,-0.553,-0.026,0.017,-0.023,1763,0,0
486362,7.065,7.144,-0.560,-0.056,0.030,0.006,1764,0,0
486382,7.096,6.953,-0.426,-0.090,0.035,0.024,1763,0,0
486402,7.108,6.776,-0.330,-0.101,0.027,0.029,1763,0,0
486422,7.173,6.639,-0.393,-0.063,0.014,0.017,1764,0,0
486442,7.238,6.622,-0.453,-0.056,0.013,-0.005,1764,0,0
486462,7.242,6.658,-0.464,-0.055,0.022,-0.026,1764,0,0
486482,7.168,6.792,-0.383,-0.035,0.025,-0.035,1764,0,0
486502,7.130,6.914,-0.395,-0.044,0.018,-0.028,1763,0,0
486523,7.116,6.910,-0.381,-0.070,0.013,-0.019,1764,0,0
486542,7.180,6.874,-0.407,-0.080,0.012,-0.018,1764,0,0
486562,7.144,6.922,-0.421,-0.057,0.020,-0.022,1764,0,0
486582,7.029,7.015,-0.328,-0.041,0.020,-0.018,1763,0,0
486602,6.943,7.034,-0.316,-0.059,0.010,-0.001,1764,0,0
486622,7.037,6.955,-0.352,-0.077,0.007,0.010,1763,0,0
486642,7.058,6.859,-0.335,-0.061,0.014,0.015,1763,0,0
486662,7.077,6.797,-0.345,-0.062,0.015,0.016,1763,0,0
486682,7.142,6.670,-0.397,-0.083,0.008,0.013,1763,0,0
486702,7.209,6.594,-0.371,-0.101,0.011,-0.003,1763,0,0
486722,7.192,6.591,-0.352,-0.069,0.018,-0.025,1763,0,0
486742,7.161,6.730,-0.359,-0.054,0.007,-0.039,1763,0,0
486762,7.173,6.797,-0.381,-0.076,0.004,-0.041,1763,0,0
486782,7.204,6.835,-0.431,-0.088,0.001,-0.046,1763,0,0
486802,7.168,6.938,-0.443,-0.055,0.008,-0.051,1763,0,0
486822,7.082,7.116,-0.443,-0.044,0.007,-0.042,1764,0,0
486842,7.058,7.163,-0.472,-0.065,0.005,-0.023,1764,0,0
486862,7.049,7.166,-0.395,-0.048,0.010,-0.008,1765,0,0
486882,7.034,7.154,-0.409,-0.031,0.009,0.014,1765,0,0
486902,7.068,7.017,-0.388,-0.067,-0.001,0.033,1765,0,0
486922,7.202,6.814,-0.510,-0.076,-0.004,0.033,1764,0,0
486942,7.211,6.752,-0.503,-0.056,0.012,0.018,1765,0,0
486962,7.180,6.783,-0.488,-0.041,0.023,0.009,1766,0,0
486982,7.156,6.797,-0.371,-0.056,0.023,0.006,1764,0,0
487002,7.151,6.785,-0.318,-0.066,0.012,-0.001,1764,0,0
487022,7.137,6.828,-0.376,-0.056,0.004,-0.008,1764,0,0
487042,7.111,6.910,-0.438,-0.056,0.008,-0.005,1764,0,0
487063,7.039,6.924,-0.378,-0.070,0.017,0.002,1767,0,0
487082,7.017,6.845,-0.362,-0.065,0.009,0.009,1764,0,0
487102,7.046,6.831,-0.378,-0.062,0.003,0.011,1763,0,0
487122,7.092,6.749,-0.381,-0.069,0.001,0.006,1764,0,0
487142,7.173,6.711,-0.464,-0.061,0.002,0.000,1764,0,0
487162,7.175,6.649,-0.462,-0.060,0.007,-0.013,1764,0,0
487182,7.185,6.713,-0.450,-0.060,0.005,-0.031,1764,0,0
487202,7.207,6.857,-0.491,-0.056,0.011,-0.032,1763,0,0
487222,7.156,6.938,-0.512,-0.067,0.018,-0.020,1764,0,0
487242,7.123,6.943,-0.479,-0.070,0.021,-0.012,1764,0,0
487262,7.123,6.936,-0.419,-0.069,0.017,-0.009,1765,0,0
487282,7.087,6.938,-0.429,-0.045,0.012,-0.011,1764,0,0
487302,7.072,6.998,-0.443,-0.032,0.007,-0.006,1765,0,0
487322,7.128,7.005,-0.486,-0.050,0.010,0.012,1763,0,0
487342,7.137,6.876,-0.421,-0.073,0.017,0.015,1764,0,0
487362,7.118,6.804,-0.457,-0.060,0.016,0.005,1764,0,0
487382,7.118,6.838,-0.570,-0.054,0.022,-0.002,1766,0,0
487402,7.111,6.879,-0.630,-0.072,0.038,0.001,1764,0,0
487422,7.027,6.838,-0.608,-0.073,0.055,0.005,1763,0,0
487442,6.981,6.879,-0.723,-0.069,0.058,0.005,1765,0,0
487462,7.005,6.804,-0.974,-0.089,0.061,0.001,1763,0,0
487482,7.005,6.732,-1.073,-0.066,0.094,-0.004,1764,0,0
487502,6.943,6.740,-1.109,-0.006,0.119,-0.012,1763,0,0
487522,6.924,6.768,-1.288,-0.011,0.135,-0.015,1763,0,0
487542,6.912,6.689,-1.659,-0.054,0.163,-0.021,1764,0,0
487562,6.776,6.699,-2.160,-0.044,0.206,-0.033,1764,0,0
487582,6.596,6.711,-2.689,-0.035,0.260,-0.048,1762,0,0
487602,6.400,6.835,-3.275,0.005,0.345,-0.066,1760,0,0
487622,6.361,7.104,-3.618,0.146,0.458,-0.075,1756,0,0
487642,6.187,7.276,-3.699,0.172,0.640,-0.045,1756,0,0
487662,5.830,7.326,-4.027,0.147,0.758,-0.023,1754,0,0
487682,5.837,7.207,-4.463,0.229,0.826,-0.060,1752,0,0
487702,6.242,7.537,-4.341,0.505,0.983,-0.095,1743,0,0
487722,5.940,8.179,-3.819,0.704,1.241,-0.052,1743,0,0
487742,5.344,8.473,-3.733,0.623,1.390,0.012,1744,0,0
487762,5.241,8.425,-4.152,0.497,1.496,0.087,1744,0,0
487782,5.356,8.487,-4.027,0.496,1.707,0.149,1745,0,0
487802,5.437,8.677,-2.538,0.533,2.004,0.235,1746,0,0
487822,4.867,8.622,-1.310,0.396,2.164,0.314,1755,0,0
487842,4.396,8.353,-1.513,0.430,2.102,0.336,1761,0,0
487862,4.875,8.763,-2.073,0.629,2.151,0.344,1760,0,0
487882,4.690,9.227,-0.991,0.665,2.449,0.418,1762,0,0
487902,3.871,9.311,0.405,0.634,2.622,0.536,1765,0,0
487922,3.833,9.311,0.622,0.709,2.574,0.661,1774,0,0
487942,4.192,9.136,1.592,0.514,2.721,0.817,1776,0,0
487962,4.111,8.363,3.043,0.281,2.876,0.912,1782,0,0
487982,3.982,7.779,4.599,0.475,2.878,0.934,1791,0,0
488002,3.706,7.606,5.224,0.631,2.739,0.929,1798,0,0
488022,3.972,7.472,5.423,0.694,2.538,0.930,1799,0,0
488042,4.362,7.434,5.799,0.736,2.433,0.928,1800,0,0
488062,4.508,7.314,6.855,0.705,2.429,0.919,1802,0,0
488082,4.295,6.888,7.070,0.676,2.240,0.912,1801,0,0
488102,4.741,6.483,6.421,0.855,2.003,0.847,1801,0,0
488122,5.119,6.725,6.519,1.013,2.023,0.773,1802,0,0
488142,4.800,6.991,7.649,0.851,2.044,0.759,1802,0,0
488162,4.779,6.697,8.183,0.669,1.853,0.787,1803,0,0
488182,5.291,6.280,7.743,0.709,1.555,0.791,1804,0,0
488202,5.550,6.282,7.793,0.848,1.455,0.739,1804,0,0
488222,5.148,6.139,8.004,0.804,1.352,0.694,1803,0,0
488242,5.262,6.024,7.448,0.849,1.139,0.660,1803,0,0
488262,5.708,6.074,6.773,0.822,1.023,0.620,1801,0,0
488282,5.701,6.163,7.020,0.674,1.035,0.565,1799,0,0
488302,5.124,6.122,7.008,0.598,0.876,0.526,1800,0,0
488322,5.013,6.220,6.182,0.603,0.706,0.517,1798,0,0
488342,5.353,6.393,5.547,0.428,0.691,0.524,1793,0,0
488362,5.174,6.416,6.060,0.265,0.779,0.556,1793,0,0
488382,4.592,6.060,6.440,0.224,0.726,0.569,1793,0,0
488402,4.520,5.813,6.067,0.351,0.556,0.553,1795,0,0
488422,4.800,5.787,5.583,0.339,0.468,0.533,1794,0,0
488442,4.934,5.732,5.777,0.219,0.525,0.542,1793,0,0
488462,4.673,5.444,6.031,0.172,0.501,0.554,1793,0,0
488482,4.843,5.078,5.895,0.172,0.395,0.525,1794,0,0
488502,5.241,4.841,5.816,0.182,0.335,0.455,1793,0,0
488522,5.260,4.901,5.868,0.191,0.315,0.384,1794,0,0
488542,5.109,4.899,5.660,0.168,0.250,0.328,1794,0,0
488562,5.306,4.949,5.198,0.204,0.207,0.275,1792,0,0
488582,5.545,5.114,5.183,0.170,0.265,0.245,1792,0,0
488602,5.545,5.169,5.490,0.027,0.315,0.236,1792,0,0
488622,5.784,5.112,5.495,-0.040,0.245,0.211,1792,0,0
488642,6.024,5.150,5.540,-0.101,0.207,0.169,1791,0,0
488662,5.954,5.133,5.816,-0.177,0.216,0.137,1791,0,0
488682,6.211,5.167,5.763,-0.072,0.147,0.104,1791,0,0
488703,6.297,5.337,5.507,0.060,0.106,0.048,1790,0,0
488722,6.103,5.610,5.222,0.042,0.118,0.026,1792,0,0
488742,6.041,5.737,5.255,-0.013,0.132,0.033,1791,0,0
488762,6.021,5.782,5.243,-0.033,0.111,0.042,1791,0,0
488782,6.012,5.820,5.140,-0.067,0.091,0.048,1791,0,0
488802,6.086,5.770,5.207,-0.104,0.078,0.053,1791,0,0
488822,5.964,5.691,5.179,-0.100,0.048,0.044,1790,0,0
488842,5.911,5.746,5.040,-0.020,0.019,0.039,1791,0,0
488862,5.957,5.914,5.033,0.018,0.026,0.059,1790,0,0
488882,6.053,5.827,5.112,-0.061,0.013,0.082,1791,0,0
488902,6.211,5.677,5.088,-0.091,-0.028,0.080,1790,0,0
488922,6.096,5.559,5.116,-0.089,-0.029,0.062,1791,0,0
488942,5.808,5.504,5.126,-0.021,-0.030,0.048,1790,0,0
488962,5.916,5.636,4.922,0.080,-0.044,0.060,1790,0,0
488982,6.053,5.607,4.803,-0.014,-0.029,0.068,1790,0,0
489002,6.175,5.375,4.733,-0.110,-0.011,0.049,1788,0,0
489022,6.206,5.370,4.741,-0.074,0.018,0.014,1788,0,0
489042,6.122,5.514,4.834,-0.039,0.041,0.003,1789,0,0
489062,6.139,5.617,4.879,-0.055,0.028,0.011,1790,0,0
489082,6.266,5.622,4.987,-0.097,0.018,-0.003,1790,0,0
489102,6.182,5.708,4.899,-0.077,-0.003,-0.016,1790,0,0
489122,6.129,5.847,4.671,-0.049,-0.013,-0.001,1790,0,0
489142,6.055,5.801,4.616,-0.097,0.004,0.024,1790,0,0
489162,6.060,5.672,4.721,-0.099,0.020,0.034,1790,0,0
489182,5.990,5.607,4.745,-0.051,0.010,0.027,1790,0,0
489202,6.055,5.643,4.547,-0.014,0.004,0.023,1789,0,0
489222,6.280,5.681,4.496,-0.020,0.035,0.029,1790,0,0
489242,6.275,5.617,4.645,-0.041,0.083,0.030,1790,0,0
489262,6.223,5.607,4.875,-0.029,0.099,0.027,1790,0,0
489282,6.246,5.614,4.903,-0.036,0.094,0.029,1790,0,0
489302,6.232,5.634,4.970,-0.084,0.098,0.034,1788,0,0
489322,6.175,5.559,5.152,-0.103,0.098,0.036,1790,0,0
489342,6.199,5.521,5.167,-0.072,0.064,0.026,1791,0,0
489362,6.093,5.526,5.150,-0.055,0.037,-0.004,1790,0,0
489382,6.043,5.629,5.045,-0.018,0.023,-0.011,1790,0,0
489402,6.002,5.782,4.911,0.012,0.012,-0.000,1790,0,0
489422,6.079,5.760,4.769,-0.035,0.011,0.014,1791,0,0
489442,6.139,5.665,4.566,-0.069,0.018,0.021,1790,0,0
489462,6.146,5.602,4.616,-0.075,0.050,0.016,1789,0,0
489482,5.988,5.550,4.812,-0.038,0.071,0.012,1789,0,0
489502,6.007,5.629,4.834,0.005,0.056,0.015,1790,0,0
489523,6.007,5.567,4.812,-0.025,0.064,0.025,1789,0,0
489542,6.057,5.413,4.930,-0.051,0.076,0.022,1789,0,0
489562,6.127,5.380,5.064,-0.014,0.078,0.006,1790,0,0
489582,6.163,5.428,5.112,-0.018,0.067,-0.016,1790,0,0
489602,6.184,5.507,5.083,-0.041,0.061,-0.029,1790,0,0
489622,6.115,5.538,5.155,-0.064,0.067,-0.043,1790,0,0
489642,6.120,5.638,5.195,-0.033,0.054,-0.054,1790,0,0
489662,6.177,5.830,5.198,-0.037,0.049,-0.048,1790,0,0
489682,6.117,5.849,5.279,-0.083,0.048,-0.035,1790,0,0
489702,6.127,5.770,5.236,-0.100,0.026,-0.022,1789,0,0
489722,6.242,5.770,5.169,-0.088,0.001,-0.028,1791,0,0
489742,6.297,5.899,5.033,-0.075,0.000,-0.028,1790,0,0
489762,6.314,5.981,5.033,-0.060,0.005,-0.009,1790,0,0
489782,6.292,5.997,4.973,-0.043,-0.003,0.015,1789,0,0
489802,6.261,6.017,4.831,-0.061,-0.021,0.033,1790,0,0
489822,6.158,5.959,4.815,-0.103,-0.013,0.050,1789,0,0
489842,5.990,5.861,4.820,-0.085,-0.003,0.062,1790,0,0
489862,5.981,5.794,4.731,-0.048,-0.010,0.076,1790,0,0
489882,5.962,5.686,4.638,-0.066,0.013,0.087,1789,0,0
489902,5.880,5.526,4.683,-0.090,0.048,0.093,1790,0,0
489922,5.880,5.346,4.796,-0.086,0.066,0.091,1790,0,0
489942,6.086,5.212,4.858,-0.094,0.069,0.080,1789,0,0
489962,6.160,5.069,4.942,-0.107,0.074,0.051,1789,0,0
489982,6.069,5.064,5.085,-0.074,0.078,0.002,1789,0,0
490002,6.093,5.215,5.107,-0.020,0.067,-0.034,1789,0,0
490022,6.141,5.397,5.049,-0.028,0.049,-0.046,1789,0,0
490042,6.194,5.471,5.023,-0.074,0.048,-0.051,1789,0,0
490062,6.201,5.617,5.092,-0.092,0.057,-0.052,1790,0,0
490082,6.098,5.701,5.224,-0.107,0.057,-0.048,1789,0,0
490102,6.103,5.746,5.186,-0.091,0.035,-0.031,1789,0,0
490122,6.127,5.727,5.150,-0.101,0.006,-0.023,1788,0,0
490142,6.098,5.674,5.066,-0.070,-0.011,-0.026,1789,0,0
490162,6.132,5.744,5.042,-0.056,0.002,-0.012,1790,0,0
490182,6.048,5.653,5.078,-0.085,0.005,0.005,1789,0,0
490202,6.088,5.511,5.071,-0.076,-0.003,0.001,1789,0,0
490222,6.132,5.440,5.030,-0.067,0.005,-0.008,1790,0,0
490242,6.122,5.377,4.944,-0.078,0.011,-0.015,1790,0,0
490262,6.139,5.353,4.951,-0.059,0.015,-0.030,1789,0,0
490282,6.112,5.392,4.939,-0.074,0.038,-0.042,1787,0,0
490302,5.959,5.428,5.071,-0.092,0.048,-0.054,1788,0,0
490322,5.988,5.507,5.061,-0.076,0.025,-0.062,1790,0,0
490342,6.098,5.574,4.934,-0.081,0.024,-0.068,1790,0,0
490362,6.076,5.641,5.013,-0.075,0.052,-0.065,1790,0,0
490382,5.940,5.720,5.179,-0.046,0.050,-0.059,1789,0,0
490402,5.959,5.789,5.200,-0.049,0.007,-0.044,1789,0,0
490422,6.033,5.717,5.116,-0.068,-0.017,-0.036,1790,0,0
490443,6.045,5.629,5.042,-0.070,-0.021,-0.044,1789,0,0
490462,6.033,5.650,4.894,-0.025,-0.021,-0.051,1790,0,0
490482,6.069,5.794,4.860,-0.003,0.005,-0.039,1790,0,0
490502,5.950,5.796,4.934,-0.058,0.037,-0.019,1789,0,0
490522,5.957,5.631,5.028,-0.089,0.040,-0.008,1790,0,0
490542,6.065,5.495,5.009,-0.103,0.046,-0.015,1789,0,0
490562,6.084,5.464,5.059,-0.099,0.052,-0.039,1790,0,0
490582,6.005,5.538,5.080,-0.050,0.055,-0.058,1790,0,0
490602,5.918,5.653,5.073,-0.043,0.058,-0.052,1790,0,0
490622,5.880,5.710,5.150,-0.082,0.062,-0.044,1790,0,0
490642,5.916,5.641,5.219,-0.115,0.051,-0.043,1789,0,0
490662,5.928,5.636,5.140,-0.083,0.036,-0.048,1790,0,0
490682,5.957,5.703,5.140,-0.067,0.029,-0.044,1791,0,0
490702,5.916,5.708,5.143,-0.084,0.018,-0.043,1790,0,0
490722,5.878,5.756,5.128,-0.058,0.001,-0.039,1790,0,0
490742,5.976,5.820,5.025,-0.034,0.004,-0.022,1790,0,0
490762,6.045,5.748,5.061,-0.070,0.020,-0.009,1791,0,0
490782,6.057,5.622,5.035,-0.075,0.010,-0.015,1790,0,0
490802,6.079,5.626,4.930,-0.043,0.014,-0.025,1790,0,0
490822,5.976,5.751,5.025,-0.027,0.042,-0.035,1790,0,0
490842,5.906,5.930,5.148,-0.017,0.051,-0.026,1790,0,0
490862,5.950,5.997,5.033,-0.042,0.050,0.004,1790,0,0
490882,5.969,5.875,5.061,-0.100,0.065,0.027,1790,0,0
490902,5.928,5.732,5.200,-0.100,0.072,0.032,1791,0,0
490922,5.899,5.677,5.306,-0.067,0.051,0.032,1791,0,0
490942,5.942,5.653,5.193,-0.051,0.023,0.031,1790,0,0
490962,5.947,5.662,5.133,-0.061,0.020,0.033,1790,0,0
490982,5.816,5.586,5.236,-0.064,0.020,0.033,1790,0,0
491002,5.770,5.574,5.188,-0.038,-0.009,0.033,1791,0,0
491022,5.799,5.586,5.057,-0.020,-0.029,0.033,1791,0,0
491042,5.854,5.511,4.951,-0.036,-0.012,0.030,1791,0,0
491062,5.808,5.409,4.990,-0.026,0.010,0.017,1791,0,0
491082,5.878,5.425,4.990,-0.001,0.012,-0.002,1791,0,0
491102,5.986,5.471,4.918,-0.030,0.026,-0.017,1790,0,0
491122,5.957,5.466,4.973,-0.063,0.052,-0.035,1790,0,0
491142,5.945,5.521,5.145,-0.055,0.063,-0.045,1791,0,0
491162,5.892,5.657,5.188,-0.029,0.051,-0.050,1790,0,0
491182,5.909,5.744,5.145,-0.048,0.032,-0.043,1791,0,0
491202,5.861,5.734,5.138,-0.072,0.021,-0.047,1791,0,0
491222,5.837,5.813,5.193,-0.044,0.017,-0.049,1790,0,0
491242,5.818,5.923,5.131,-0.006,-0.006,-0.038,1790,0,0
491262,5.883,5.947,5.040,-0.024,-0.011,-0.014,1791,0,0
491282,5.847,5.818,5.047,-0.066,0.003,0.005,1791,0,0
491302,5.808,5.636,5.112,-0.052,-0.004,0.005,1791,0,0
491322,5.859,5.557,5.078,-0.022,-0.003,-0.001,1790,0,0
491342,5.969,5.485,5.071,-0.042,0.007,-0.011,1790,0,0
491362,6.038,5.473,5.076,-0.047,0.014,-0.034,1791,0,0
491382,5.974,5.574,5.128,-0.038,0.026,-0.052,1790,0,0
491402,5.921,5.734,5.234,-0.040,0.032,-0.054,1791,0,0
491422,5.904,5.792,5.313,-0.057,0.023,-0.048,1790,0,0
491442,5.914,5.792,5.250,-0.056,0.005,-0.049,1791,0,0
491462,5.928,5.849,5.164,-0.045,-0.003,-0.048,1790,0,0
491482,5.945,5.926,5.100,-0.053,-0.013,-0.047,1790,0,0
491502,5.892,5.990,5.040,-0.064,-0.009,-0.035,1790,0,0
491522,5.784,6.069,5.116,-0.068,-0.011,-0.018,1791,0,0
491542,5.782,6.009,5.030,-0.052,-0.030,0.007,1791,0,0
491562,5.854,5.887,4.930,-0.068,-0.033,0.031,1791,0,0
491582,5.988,5.698,4.879,-0.089,-0.023,0.031,1791,0,0
491602,5.962,5.559,4.879,-0.063,-0.005,0.018,1791,0,0
491622,5.899,5.590,4.925,-0.026,0.018,0.003,1790,0,0
491642,5.892,5.686,4.949,-0.038,0.027,-0.003,1790,0,0
491662,5.938,5.696,5.047,-0.075,0.038,-0.000,1790,0,0
491682,5.959,5.598,5.102,-0.079,0.027,-0.010,1789,0,0
491702,5.986,5.612,5.001,-0.048,0.023,-0.028,1790,0,0
491722,5.935,5.765,4.999,-0.044,0.042,-0.036,1790,0,0
491742,5.832,5.892,5.104,-0.061,0.047,-0.029,1790,0,0
491762,5.748,5.928,5.246,-0.073,0.029,-0.007,1790,0,0
491782,5.751,5.849,5.148,-0.072,-0.009,0.003,1790,0,0
491802,5.839,5.780,5.009,-0.054,-0.028,0.004,1790,0,0
491822,5.844,5.737,4.930,-0.043,-0.021,0.004,1790,0,0
491842,5.734,5.674,4.901,-0.026,-0.017,0.002,1790,0,0
491862,5.768,5.713,4.879,-0.026,-0.004,0.004,1788,0,0
491882,5.856,5.629,4.992,-0.081,0.018,0.003,1790,0,0
491902,5.895,5.454,5.092,-0.084,0.016,-0.013,1790,0,0
491922,5.938,5.507,5.035,-0.025,0.017,-0.040,1790,0,0
491942,5.954,5.674,5.035,-0.019,0.040,-0.050,1789,0,0
491962,5.926,5.772,5.195,-0.053,0.043,-0.053,1789,0,0
491982,5.947,5.868,5.246,-0.048,0.017,-0.058,1789,0,0
492002,5.945,5.988,5.169,-0.056,0.005,-0.047,1790,0,0
492022,5.878,5.983,5.112,-0.083,-0.000,-0.034,1789,0,0
492042,5.830,5.966,5.107,-0.065,-0.010,-0.025,1790,0,0
492062,5.832,6.007,5.018,-0.030,-0.028,-0.012,1789,0,0
492082,5.832,6.038,4.894,-0.033,-0.031,0.008,1790,0,0
492102,5.830,5.921,4.860,-0.087,-0.015,0.027,1788,0,0
492122,5.885,5.770,4.920,-0.098,0.003,0.035,1789,0,0
492142,5.921,5.619,4.925,-0.052,0.003,0.019,1789,0,0
492162,5.964,5.648,4.889,-0.009,0.002,0.002,1789,0,0
492182,5.947,5.710,4.884,-0.042,0.033,-0.002,1788,0,0
492202,5.902,5.703,5.047,-0.048,0.050,-0.004,1790,0,0
492222,5.983,5.760,5.054,-0.038,0.043,-0.004,1789,0,0
492242,6.000,5.770,5.073,-0.065,0.041,-0.006,1789,0,0
492262,5.923,5.760,5.229,-0.088,0.036,-0.006,1789,0,0
492282,5.842,5.787,5.270,-0.047,0.009,-0.020,1789,0,0
492302,5.871,5.866,5.088,0.006,-0.022,-0.023,1788,0,0
492322,5.897,5.964,4.848,-0.014,-0.021,-0.013,1788,0,0
492342,5.945,5.942,4.798,-0.072,0.002,0.008,1788,0,0
492362,5.911,5.873,4.961,-0.088,0.027,0.015,1789,0,0
492382,5.866,5.854,4.982,-0.051,0.017,0.010,1788,0,0
492402,5.885,5.930,4.958,-0.019,0.005,0.015,1790,0,0
492422,5.871,5.866,4.927,-0.066,0.012,0.025,1787,0,0
492442,5.923,5.739,4.939,-0.066,0.022,0.020,1790,0,0
492462,5.904,5.734,5.049,-0.032,0.046,0.011,1790,0,0
492482,5.847,5.801,5.126,-0.042,0.048,0.018,1787,0,0
492502,5.830,5.734,5.164,-0.084,0.035,0.027,1789,0,0
492522,5.890,5.571,5.162,-0.102,0.024,0.018,1789,0,0
492542,5.933,5.533,5.155,-0.068,0.015,-0.010,1789,0,0
492562,5.880,5.698,5.064,-0.018,0.000,-0.030,1789,0,0
492582,5.811,5.887,5.035,-0.042,-0.009,-0.022,1789,0,0
492602,5.794,5.902,4.956,-0.094,-0.014,-0.008,1791,0,0
492622,5.856,5.813,4.879,-0.088,-0.023,-0.006,1790,0,0
492642,5.887,5.835,4.851,-0.046,-0.011,-0.002,1789,0,0
492662,5.813,5.832,4.834,-0.047,0.003,0.006,1789,0,0
492682,5.854,5.686,4.815,-0.072,0.010,0.010,1788,0,0
492702,5.916,5.571,4.781,-0.070,0.027,-0.004,1789,0,0
492722,5.947,5.528,4.839,-0.073,0.045,-0.018,1789,0,0
492742,5.988,5.523,4.949,-0.072,0.064,-0.033,1790,0,0
492762,5.983,5.521,5.102,-0.079,0.071,-0.051,1789,0,0
492782,5.962,5.636,5.188,-0.036,0.058,-0.072,1788,0,0
492802,5.902,5.885,5.210,-0.021,0.045,-0.070,1789,0,0
492822,5.844,5.976,5.284,-0.069,0.033,-0.056,1789,0,0
492842,5.789,5.978,5.253,-0.076,0.005,-0.048,1789,0,0
492862,5.806,5.976,5.152,-0.034,-0.021,-0.037,1789,0,0
492882,5.794,6.048,4.956,-0.007,-0.041,-0.024,1789,0,0
492902,5.832,6.038,4.863,-0.029,-0.037,-0.007,1790,0,0
492922,5.823,5.897,4.879,-0.060,-0.027,0.007,1790,0,0
492942,5.883,5.763,4.810,-0.036,-0.024,0.005,1789,0,0
492962,5.933,5.744,4.709,-0.019,-0.003,-0.006,1788,0,0
492982,5.892,5.722,4.762,-0.049,0.040,-0.014,1788,0,0
493002,5.856,5.725,4.872,-0.056,0.062,-0.022,1789,0,0
493022,5.859,5.787,4.999,-0.037,0.065,-0.031,1788,0,0
493042,5.849,5.878,5.083,-0.058,0.069,-0.032,1788,0,0
493062,5.813,5.909,5.171,-0.066,0.064,-0.027,1789,0,0
493082,5.784,5.921,5.224,-0.060,0.052,-0.023,1788,0,0
493102,5.804,5.930,5.272,-0.070,0.032,-0.020,1788,0,0
493122,5.737,5.863,5.320,-0.086,0.008,-0.021,1788,0,0
493142,5.729,5.830,5.207,-0.069,-0.021,-0.022,1788,0,0
493162,5.806,5.813,5.049,-0.044,-0.037,-0.025,1788,0,0
493182,5.825,5.866,4.901,-0.048,-0.034,-0.025,1788,0,0
493202,5.784,5.854,4.901,-0.056,-0.018,-0.023,1788,0,0
493222,5.722,5.804,4.958,-0.063,-0.014,-0.021,1788,0,0
493242,5.825,5.780,4.908,-0.066,-0.012,-0.023,1788,0,0
493262,5.918,5.708,4.848,-0.083,0.012,-0.030,1787,0,0
493282,5.930,5.660,4.944,-0.072,0.034,-0.047,1788,0,0
493302,5.851,5.792,4.994,-0.053,0.047,-0.060,1786,0,0
493322,5.856,5.914,5.095,-0.058,0.034,-0.063,1788,0,0
493342,5.902,5.988,5.076,-0.064,0.021,-0.063,1787,0,0
493362,5.861,6.031,5.011,-0.072,0.020,-0.062,1787,0,0
493382,5.780,6.112,4.994,-0.074,0.021,-0.047,1788,0,0
493402,5.741,6.151,5.033,-0.062,0.013,-0.029,1786,0,0
493422,5.782,6.139,5.004,-0.058,-0.008,-0.013,1788,0,0
493442,5.792,6.093,4.894,-0.065,-0.015,0.002,1787,0,0
493462,5.758,5.952,4.863,-0.082,-0.009,0.014,1786,0,0
493482,5.729,5.837,4.867,-0.068,-0.003,0.019,1787,0,0
493502,5.847,5.722,4.879,-0.048,0.004,0.015,1788,0,0
493522,5.868,5.641,4.831,-0.047,0.014,-0.002,1787,0,0
493542,5.830,5.689,4.911,-0.046,0.021,-0.020,1787,0,0
493562,5.734,5.734,5.016,-0.054,0.033,-0.030,1787,0,0
493582,5.720,5.777,5.018,-0.058,0.037,-0.037,1787,0,0
493602,5.813,5.859,4.999,-0.056,0.041,-0.045,1787,0,0
493622,5.854,5.918,5.128,-0.086,0.062,-0.047,1789,0,0
493642,5.717,6.000,5.286,-0.082,0.054,-0.047,1788,0,0
493662,5.720,6.117,5.279,-0.061,0.018,-0.041,1788,0,0
493682,5.765,6.103,5.195,-0.072,-0.008,-0.031,1788,0,0
493702,5.741,6.129,5.109,-0.065,-0.022,-0.025,1788,0,0
493722,5.746,6.132,5.049,-0.042,-0.038,-0.010,1787,0,0
493742,5.765,6.117,4.865,-0.054,-0.035,0.007,1787,0,0
493762,5.768,5.983,4.846,-0.083,-0.014,0.017,1787,0,0
493782,5.756,5.808,4.911,-0.087,-0.004,0.017,1787,0,0
493802,5.827,5.753,4.858,-0.062,-0.002,0.004,1786,0,0
493822,5.887,5.768,4.887,-0.066,0.024,-0.006,1785,0,0
493842,5.799,5.772,4.990,-0.088,0.036,-0.011,1786,0,0
493862,5.806,5.835,5.071,-0.061,0.026,-0.015,1788,0,0
493882,5.799,5.938,5.064,-0.063,0.015,-0.014,1786,0,0
493902,5.713,5.966,5.076,-0.082,0.006,-0.014,1787,0,0
493922,5.684,6.017,4.985,-0.054,-0.009,-0.007,1787,0,0
493942,5.686,6.002,4.911,-0.046,-0.006,0.005,1788,0,0
493962,5.794,5.952,4.846,-0.064,0.010,0.008,1787,0,0
493982,5.787,5.914,4.915,-0.078,0.023,0.003,1786,0,0
494002,5.772,5.899,4.970,-0.079,0.023,0.001,1788,0,0
494022,5.777,5.885,5.035,-0.089,0.026,0.003,1787,0,0
494042,5.844,5.859,5.061,-0.080,0.026,-0.002,1788,0,0
494063,5.878,5.909,5.064,-0.058,0.026,-0.006,1787,0,0
494082,5.842,5.952,5.133,-0.076,0.021,-0.001,1788,0,0
494102,5.792,5.945,5.152,-0.090,0.011,0.008,1788,0,0
494122,5.825,5.847,5.131,-0.089,-0.009,0.008,1788,0,0
494142,5.839,5.842,5.011,-0.054,-0.017,0.002,1788,0,0
494162,5.763,5.914,4.942,-0.037,-0.004,0.003,1788,0,0
494182,5.710,5.926,4.954,-0.056,-0.005,0.014,1788,0,0
494202,5.768,5.820,4.884,-0.063,-0.013,0.022,1788,0,0
494222,5.801,5.729,4.879,-0.064,-0.003,0.010,1788,0,0
494242,5.748,5.753,4.913,-0.038,0.010,-0.004,1788,0,0
494262,5.691,5.868,4.946,-0.011,0.011,-0.006,1787,0,0
494282,5.725,5.873,4.963,-0.040,0.013,0.005,1788,0,0
494302,5.753,5.789,4.942,-0.062,0.014,0.006,1788,0,0
494322,5.746,5.744,5.028,-0.046,0.009,-0.005,1787,0,0
494342,5.753,5.780,4.968,-0.034,0.003,-0.014,1788,0,0
494362,5.708,5.806,4.949,-0.039,0.011,-0.023,1786,0,0
494382,5.772,5.806,4.987,-0.042,0.013,-0.028,1788,0,0
494402,5.830,5.863,4.982,-0.039,0.015,-0.029,1788,0,0
494422,5.854,5.892,5.069,-0.050,0.019,-0.030,1789,0,0
494442,5.849,5.885,5.102,-0.060,0.014,-0.036,1787,0,0
494462,5.847,5.906,5.011,-0.037,0.001,-0.037,1789,0,0
494482,5.806,6.014,4.942,-0.030,0.005,-0.038,1788,0,0
494502,5.741,6.103,4.925,-0.046,0.012,-0.027,1788,0,0
494522,5.799,6.129,4.992,-0.047,0.013,-0.009,1788,0,0
494542,5.820,6.053,4.997,-0.063,0.005,0.001,1787,0,0
494562,5.868,5.952,4.944,-0.066,0.001,0.002,1788,0,0
494582,5.875,5.887,4.901,-0.054,0.009,-0.003,1788,0,0
494602,5.878,5.895,4.942,-0.038,0.015,-0.005,1789,0,0
494622,5.868,5.962,4.944,-0.039,0.010,-0.010,1787,0,0
494642,5.825,6.024,4.978,-0.054,0.002,-0.008,1788,0,0
494662,5.725,6.007,4.927,-0.063,0.010,0.002,1788,0,0
494682,5.777,5.981,4.877,-0.052,0.008,0.011,1787,0,0
494702,5.763,5.933,4.827,-0.043,0.019,0.005,1790,0,0
494722,5.729,5.974,4.891,-0.046,0.032,0.006,1789,0,0
494742,5.679,5.957,4.961,-0.057,0.028,0.011,1789,0,0
494762,5.722,5.825,4.997,-0.077,0.023,0.010,1789,0,0
494782,5.746,5.758,4.990,-0.065,0.025,-0.003,1789,0,0
494802,5.722,5.837,5.080,-0.036,0.017,-0.018,1788,0,0
494822,5.662,5.887,5.102,-0.038,0.006,-0.017,1788,0,0
494842,5.660,5.844,5.035,-0.063,-0.006,-0.011,1790,0,0
494862,5.777,5.782,4.942,-0.062,-0.010,-0.018,1789,0,0
494882,5.851,5.741,4.908,-0.051,0.004,-0.034,1789,0,0
494902,5.832,5.859,4.932,-0.054,0.014,-0.052,1789,0,0
494922,5.849,5.986,4.966,-0.049,0.019,-0.056,1789,0,0
494942,5.823,6.115,4.980,-0.051,0.023,-0.049,1787,0,0
494962,5.789,6.196,5.033,-0.058,0.025,-0.032,1790,0,0
494982,5.753,6.208,5.011,-0.072,0.016,-0.014,1788,0,0
495002,5.799,6.120,4.961,-0.090,0.007,0.001,1788,0,0
495022,5.818,6.043,4.930,-0.071,0.006,0.004,1788,0,0
495042,5.813,6.067,4.958,-0.045,0.009,0.008,1788,0,0
495062,5.780,6.050,4.961,-0.058,0.002,0.018,1789,0,0
495082,5.796,5.904,4.894,-0.080,-0.010,0.020,1788,0,0
495102,5.837,5.827,4.851,-0.065,-0.014,0.008,1788,0,0
495122,5.753,5.906,4.839,-0.030,-0.008,-0.001,1788,0,0
495142,5.686,5.986,4.889,-0.034,0.004,0.010,1788,0,0
495162,5.698,5.916,4.863,-0.063,0.006,0.021,1788,0,0
495182,5.789,5.837,4.867,-0.071,0.017,0.021,1787,0,0
495202,5.827,5.720,4.942,-0.084,0.031,0.009,1787,0,0
495222,5.799,5.713,4.982,-0.061,0.033,-0.013,1788,0,0
495242,5.801,5.818,5.040,-0.035,0.035,-0.031,1788,0,0
495262,5.746,5.978,5.047,-0.043,0.039,-0.033,1789,0,0
495282,5.760,6.009,5.136,-0.077,0.026,-0.029,1788,0,0
495302,5.748,6.005,5.109,-0.091,0.010,-0.027,1789,0,0
495322,5.782,6.029,5.042,-0.088,-0.000,-0.030,1789,0,0
495342,5.756,6.079,5.004,-0.063,-0.005,-0.027,1786,0,0
495362,5.703,6.122,4.963,-0.062,-0.018,-0.014,1788,0,0
495382,5.729,6.072,4.863,-0.083,-0.022,0.002,1788,0,0
495402,5.827,5.935,4.800,-0.094,-0.016,0.011,1787,0,0
495422,5.885,5.856,4.772,-0.069,-0.010,0.003,1789,0,0
495442,5.847,5.849,4.726,-0.055,0.015,-0.002,1787,0,0
495462,5.777,5.885,4.822,-0.056,0.028,-0.001,1788,0,0
495482,5.813,5.866,4.877,-0.046,0.024,-0.002,1789,0,0
495502,5.849,5.832,4.889,-0.049,0.024,-0.009,1788,0,0
495522,5.859,5.904,4.896,-0.043,0.036,-0.020,1789,0,0
495542,5.835,6.005,4.963,-0.040,0.054,-0.023,1789,0,0
495563,5.772,6.110,5.047,-0.055,0.059,-0.009,1787,0,0
495582,5.720,6.105,5.160,-0.080,0.048,0.005,1787,0,0
495602,5.722,6.036,5.157,-0.088,0.020,0.009,1789,0,0
495622,5.713,6.014,5.080,-0.074,-0.003,0.010,1788,0,0
495642,5.691,5.971,5.004,-0.043,-0.013,0.013,1788,0,0
495663,5.667,5.914,4.920,-0.048,-0.016,0.020,1789,0,0
495682,5.686,5.811,4.836,-0.070,-0.015,0.017,1788,0,0
495702,5.782,5.677,4.764,-0.074,-0.009,0.003,1788,0,0
495722,5.813,5.636,4.729,-0.059,0.021,-0.017,1788,0,0
495742,5.720,5.660,4.882,-0.052,0.039,-0.037,1788,0,0
495762,5.772,5.811,4.899,-0.042,0.039,-0.050,1788,0,0
495782,5.825,5.952,4.915,-0.047,0.049,-0.052,1787,0,0
495802,5.777,6.098,5.023,-0.069,0.062,-0.046,1787,0,0
495822,5.701,6.151,5.174,-0.076,0.049,-0.031,1787,0,0
495842,5.763,6.139,5.138,-0.079,0.025,-0.018,1788,0,0
495862,5.820,6.146,5.057,-0.068,0.008,-0.013,1786,0,0
495882,5.794,6.167,5.004,-0.061,0.002,-0.007,1788,0,0
495902,5.760,6.196,5.030,-0.066,-0.002,0.006,1788,0,0
495922,5.717,6.148,4.968,-0.067,-0.017,0.017,1787,0,0
495942,5.787,6.110,4.865,-0.059,-0.022,0.026,1788,0,0
495962,5.789,6.053,4.772,-0.072,-0.009,0.034,1787,0,0
495982,5.772,5.981,4.800,-0.066,0.011,0.038,1787,0,0
496002,5.729,5.947,4.882,-0.054,0.023,0.042,1789,0,0
496022,5.729,5.940,4.846,-0.054,0.024,0.044,1788,0,0
496042,5.777,5.878,4.705,-0.084,0.039,0.043,1788,0,0
496062,5.816,5.835,4.877,-0.079,0.075,0.045,1788,0,0
496082,5.782,5.770,5.059,-0.067,0.079,0.043,1787,0,0
496102,5.842,5.792,5.059,-0.056,0.056,0.033,1788,0,0
496122,5.895,5.861,5.090,-0.077,0.049,0.031,1788,0,0
496142,5.811,5.849,5.229,-0.074,0.047,0.035,1788,0,0
496162,5.701,5.806,5.349,-0.030,0.017,0.029,1790,0,0
496182,5.746,5.880,5.160,-0.006,-0.020,0.029,1788,0,0
496202,5.816,5.878,4.994,-0.049,-0.012,0.043,1788,0,0
496222,5.756,5.691,5.085,-0.082,0.013,0.050,1788,0,0
496242,5.737,5.595,5.176,-0.045,-0.006,0.027,1787,0,0
496262,5.806,5.693,5.066,-0.022,-0.034,-0.002,1788,0,0
496282,5.801,5.794,4.951,-0.055,-0.026,-0.019,1787,0,0
496302,5.739,5.878,4.956,-0.039,-0.005,-0.020,1788,0,0
496322,5.801,5.983,4.985,-0.012,-0.004,-0.010,1788,0,0
496342,5.813,6.043,4.980,-0.050,-0.005,0.001,1788,0,0
496362,5.789,5.981,5.045,-0.110,-0.015,0.001,1788,0,0
496382,5.784,5.871,4.980,-0.088,-0.024,-0.001,1790,0,0
496402,5.820,5.868,4.949,-0.045,-0.015,0.001,1788,0,0
496422,5.844,5.839,5.023,-0.044,-0.007,0.001,1788,0,0
496442,5.808,5.777,5.016,-0.083,-0.026,-0.006,1788,0,0
496462,5.887,5.684,4.877,-0.115,-0.041,-0.020,1788,0,0
496482,5.964,5.643,4.781,-0.092,-0.031,-0.038,1788,0,0
496502,5.906,5.777,4.757,-0.037,-0.009,-0.049,1786,0,0
496522,5.863,5.926,4.812,-0.047,-0.001,-0.044,1788,0,0
496542,5.974,5.952,4.793,-0.075,-0.015,-0.037,1787,0,0
496562,6.053,5.938,4.772,-0.055,-0.021,-0.034,1788,0,0
496582,5.993,6.050,4.733,-0.023,-0.018,-0.035,1788,0,0
496602,5.897,6.163,4.712,0.004,-0.007,-0.015,1788,0,0
496622,5.909,6.177,4.741,-0.011,-0.002,0.008,1788,0,0
496642,5.954,6.110,4.743,-0.017,-0.002,0.012,1788,0,0
496662,5.847,6.088,4.791,-0.021,0.011,0.007,1787,0,0
496682,5.792,6.182,4.884,-0.012,0.019,0.014,1789,0,0
496702,5.768,6.189,5.040,-0.033,0.028,0.031,1788,0,0
496722,5.720,6.065,5.188,-0.071,0.023,0.038,1788,0,0
496742,5.681,5.940,5.229,-0.100,0.005,0.032,1789,0,0
496762,5.631,5.851,5.277,-0.115,-0.007,0.012,1788,0,0
496782,5.624,5.801,5.219,-0.116,-0.005,-0.001,1788,0,0
496802,5.667,5.806,5.248,-0.120,0.014,0.003,1789,0,0
496822,5.636,5.681,5.306,-0.171,0.015,0.001,1789,0,0
496842,5.744,5.555,5.248,-0.196,-0.012,-0.013,1789,0,0
496862,5.839,5.516,5.207,-0.191,-0.021,-0.029,1789,0,0
496882,5.887,5.499,5.140,-0.162,-0.033,-0.039,1788,0,0
496902,5.957,5.576,4.961,-0.089,-0.069,-0.051,1788,0,0
496922,6.007,5.722,4.772,-0.070,-0.089,-0.057,1788,0,0
496942,6.045,5.799,4.551,-0.095,-0.091,-0.051,1789,0,0
496962,6.170,5.837,4.441,-0.067,-0.074,-0.046,1788,0,0
496982,6.227,5.930,4.350,-0.018,-0.063,-0.045,1789,0,0
497002,6.203,6.098,4.334,0.007,-0.044,-0.039,1788,0,0
497022,6.100,6.196,4.384,-0.003,-0.028,-0.026,1789,0,0
497042,6.120,6.196,4.310,-0.005,-0.015,-0.010,1788,0,0
497062,6.108,6.230,4.362,0.014,0.026,0.014,1788,0,0
497082,6.036,6.179,4.594,-0.012,0.057,0.043,1789,0,0
497102,5.993,6.014,4.743,-0.037,0.049,0.057,1788,0,0
497122,6.005,5.914,4.757,-0.042,0.050,0.054,1788,0,0
497142,5.906,5.875,4.944,-0.038,0.074,0.043,1788,0,0
497162,5.811,5.851,5.140,-0.019,0.075,0.040,1788,0,0
497182,5.887,5.794,5.080,-0.039,0.055,0.034,1788,0,0
497202,5.909,5.705,5.037,-0.087,0.053,0.013,1788,0,0
497222,5.832,5.693,5.054,-0.100,0.068,-0.005,1788,0,0
497242,5.816,5.765,5.069,-0.083,0.061,-0.018,1788,0,0
497262,5.794,5.847,5.021,-0.083,0.050,-0.026,1789,0,0
497282,5.765,5.957,4.994,-0.096,0.045,-0.023,1789,0,0
497302,5.684,5.959,4.994,-0.099,0.035,-0.011,1789,0,0
497322,5.729,5.868,4.911,-0.087,0.009,-0.002,1789,0,0
497342,5.847,5.782,4.791,-0.073,0.005,-0.003,1790,0,0
497362,5.856,5.715,4.767,-0.079,0.021,-0.007,1787,0,0
497382,5.804,5.665,4.829,-0.067,0.031,-0.015,1788,0,0
497402,5.866,5.629,4.815,-0.061,0.027,-0.026,1789,0,0
497422,5.954,5.600,4.784,-0.066,0.040,-0.044,1789,0,0
497442,5.957,5.600,4.913,-0.082,0.072,-0.062,1786,0,0
497462,5.878,5.679,5.069,-0.058,0.079,-0.076,1788,0,0
497482,5.947,5.866,5.054,-0.049,0.064,-0.079,1788,0,0
497502,5.928,5.971,5.025,-0.076,0.064,-0.076,1788,0,0
497522,5.847,6.108,5.162,-0.074,0.067,-0.061,1787,0,0
497542,5.681,6.158,5.272,-0.057,0.031,-0.042,1789,0,0
497562,5.746,6.103,5.090,-0.049,-0.006,-0.022,1789,0,0
497582,5.854,5.981,4.865,-0.059,-0.011,-0.014,1788,0,0
497602,5.873,5.899,4.841,-0.051,0.002,-0.018,1788,0,0
497622,5.837,5.978,4.927,-0.026,0.020,-0.015,1789,0,0
497642,5.808,5.976,4.903,-0.042,0.016,-0.003,1788,0,0
497662,5.899,5.863,4.822,-0.064,0.019,0.000,1788,0,0
497682,5.928,5.808,4.810,-0.062,0.039,-0.012,1788,0,0
497702,5.880,5.868,4.887,-0.025,0.052,-0.027,1788,0,0
497722,5.880,6.076,4.980,-0.003,0.064,-0.016,1789,0,0
497742,5.854,6.105,5.076,-0.064,0.066,0.001,1788,0,0
497762,5.844,6.002,5.148,-0.104,0.049,0.007,1788,0,0
497782,5.856,5.988,5.179,-0.062,0.038,0.004,1789,0,0
497802,5.835,6.091,5.131,-0.038,0.025,0.005,1788,0,0
497822,5.768,6.141,5.064,-0.066,0.022,0.018,1789,0,0
497842,5.638,6.048,4.975,-0.096,0.018,0.030,1788,0,0
497862,5.636,5.923,4.922,-0.093,0.019,0.038,1788,0,0
497882,5.662,5.804,4.896,-0.085,0.021,0.036,1788,0,0
497902,5.689,5.717,4.834,-0.070,0.017,0.026,1788,0,0
497922,5.691,5.710,4.867,-0.060,0.030,0.018,1789,0,0
497942,5.686,5.667,4.966,-0.067,0.039,0.009,1787,0,0
497962,5.804,5.629,5.035,-0.074,0.038,-0.003,1788,0,0
497982,5.844,5.610,5.045,-0.066,0.036,-0.026,1787,0,0
498002,5.847,5.739,5.095,-0.048,0.040,-0.046,1788,0,0
498022,5.746,5.947,5.181,-0.041,0.043,-0.044,1789,0,0
498042,5.732,6.055,5.224,-0.059,0.026,-0.030,1789,0,0
498062,5.808,6.026,5.169,-0.077,-0.003,-0.021,1789,0,0
498082,5.854,6.031,5.100,-0.081,-0.004,-0.022,1789,0,0
498102,5.830,6.069,5.133,-0.066,-0.002,-0.017,1788,0,0
498122,5.772,6.182,5.071,-0.041,-0.023,-0.005,1788,0,0
498142,5.741,6.215,4.978,-0.060,-0.026,0.022,1789,0,0
498162,5.705,6.103,4.925,-0.101,-0.012,0.046,1788,0,0
498182,5.796,5.986,4.913,-0.086,-0.018,0.062,1788,0,0
498202,5.839,5.832,4.875,-0.071,-0.013,0.057,1788,0,0
498222,5.732,5.768,4.870,-0.057,-0.006,0.040,1788,0,0
498242,5.705,5.775,4.870,-0.036,0.002,0.035,1789,0,0
498262,5.737,5.744,4.913,-0.050,0.023,0.045,1789,0,0
498284,5.863,5.581,4.942,-0.073,0.030,0.040,1789,0,0
498302,5.895,5.476,4.934,-0.078,0.036,0.022,1788,0,0
498322,5.863,5.521,5.045,-0.077,0.046,-0.006,1789,0,0
498342,5.784,5.614,5.155,-0.054,0.031,-0.026,1789,0,0
498362,5.792,5.801,5.124,-0.012,0.001,-0.033,1789,0,0
498382,5.799,5.933,5.006,-0.014,-0.015,-0.026,1789,0,0
498402,5.835,5.974,4.891,-0.044,-0.028,-0.016,1789,0,0
498422,5.911,5.923,4.709,-0.048,-0.023,-0.009,1787,0,0
498442,5.895,5.930,4.604,-0.025,0.008,-0.007,1787,0,0
498462,5.835,5.990,4.786,-0.004,0.033,-0.005,1787,0,0
498482,5.808,5.964,4.896,-0.021,0.028,0.005,1788,0,0
498502,5.871,5.895,4.903,-0.025,0.014,0.008,1790,0,0
498522,5.899,5.839,4.946,-0.014,0.027,0.004,1789,0,0
498542,5.849,5.873,5.090,0.002,0.038,0.008,1789,0,0
498562,5.808,5.854,5.160,-0.017,0.022,0.010,1789,0,0
498582,5.820,5.801,5.100,-0.050,0.006,-0.001,1788,0,0
498602,5.799,5.768,5.188,-0.054,0.014,-0.014,1787,0,0
498622,5.720,5.823,5.286,-0.033,0.007,-0.026,1789,0,0
498642,5.737,5.892,5.203,-0.032,-0.021,-0.036,1789,0,0
498662,5.744,5.950,5.049,-0.066,-0.025,-0.037,1789,0,0
498682,5.741,5.933,4.999,-0.104,-0.015,-0.037,1789,0,0
498702,5.717,5.847,5.028,-0.107,-0.004,-0.040,1790,0,0
498722,5.772,5.871,5.030,-0.082,-0.015,-0.050,1790,0,0
498742,5.878,5.947,4.870,-0.092,-0.022,-0.045,1788,0,0
498762,5.921,5.940,4.846,-0.118,-0.011,-0.036,1787,0,0
498782,5.966,5.926,4.858,-0.105,-0.014,-0.035,1789,0,0
498802,5.938,5.993,4.884,-0.075,-0.024,-0.039,1789,0,0
498822,5.880,6.091,4.863,-0.059,-0.040,-0.026,1789,0,0
498842,5.873,6.110,4.700,-0.049,-0.042,-0.010,1788,0,0
498862,5.904,6.012,4.688,-0.035,-0.028,0.011,1788,0,0
498882,5.892,5.942,4.647,-0.018,-0.022,0.014,1788,0,0
498902,5.916,5.897,4.650,-0.033,-0.012,0.017,1789,0,0
498922,5.914,5.827,4.683,-0.058,0.015,0.017,1788,0,0
498943,5.899,5.780,4.752,-0.019,0.018,0.007,1788,0,0
498962,5.954,5.868,4.820,0.015,0.018,-0.003,1788,0,0
498982,5.904,5.899,4.867,-0.034,0.034,-0.006,1788,0,0
499002,5.837,5.916,4.992,-0.052,0.036,-0.003,1789,0,0
499022,5.832,5.926,5.016,-0.025,0.024,0.003,1789,0,0
499042,5.873,5.923,4.975,-0.024,0.017,0.002,1787,0,0
499062,5.839,5.962,5.004,-0.034,0.009,-0.004,1789,0,0
499082,5.823,6.002,4.990,-0.044,0.003,-0.006,1789,0,0
499102,5.863,6.012,4.922,-0.033,-0.005,-0.004,1788,0,0
499122,5.823,6.057,4.884,-0.028,-0.001,0.000,1788,0,0
499142,5.813,6.055,4.906,-0.055,0.005,0.009,1788,0,0
499162,5.866,5.993,4.839,-0.068,0.000,0.011,1788,0,0
499182,5.856,5.952,4.908,-0.060,0.017,0.005,1789,0,0
499202,5.744,5.993,4.958,-0.055,0.022,0.003,1787,0,0
499222,5.796,6.007,4.963,-0.059,0.006,0.009,1789,0,0
499242,5.854,5.933,4.903,-0.090,0.008,0.012,1789,0,0
499262,5.835,5.871,4.932,-0.086,0.013,0.006,1790,0,0
499282,5.784,5.883,5.054,-0.072,0.017,0.001,1788,0,0
499302,5.770,5.902,5.061,-0.082,-0.009,-0.008,1789,0,0
499322,5.827,5.930,4.911,-0.080,-0.023,-0.010,1789,0,0
499342,5.873,5.940,4.978,-0.085,-0.005,-0.001,1788,0,0
499362,5.851,5.851,5.004,-0.091,-0.012,-0.003,1789,0,0
499382,5.964,5.823,4.894,-0.080,-0.035,-0.014,1789,0,0
499402,6.017,5.892,4.707,-0.092,-0.020,-0.015,1787,0,0
499422,5.954,5.942,4.853,-0.088,-0.008,-0.009,1788,0,0
499442,5.875,6.005,4.932,-0.051,-0.026,-0.001,1789,0,0
499462,5.906,6.069,4.831,-0.055,-0.046,0.006,1788,0,0
499482,5.926,6.045,4.709,-0.050,-0.047,0.016,1789,0,0
499502,5.918,5.990,4.683,-0.025,-0.037,0.028,1789,0,0
499522,5.935,5.957,4.683,-0.040,-0.025,0.034,1788,0,0
499542,5.964,5.842,4.640,-0.063,-0.011,0.034,1789,0,0
499562,5.935,5.775,4.748,-0.066,0.014,0.022,1788,0,0
499582,5.890,5.772,4.800,-0.053,0.011,0.010,1790,0,0
499602,6.012,5.823,4.745,-0.043,0.007,0.006,1789,0,0
499622,6.038,5.854,4.829,-0.062,0.027,0.002,1788,0,0
499642,5.947,5.906,4.920,-0.057,0.022,-0.001,1788,0,0
499662,5.966,5.983,4.930,-0.043,0.005,0.004,1789,0,0
499682,5.928,5.969,4.956,-0.075,-0.001,0.013,1788,0,0
499702,5.895,5.935,4.954,-0.066,-0.013,0.008,1789,0,0
499722,5.890,5.942,4.992,-0.028,-0.023,0.006,1788,0,0
499742,5.890,5.957,4.911,-0.069,-0.019,0.013,1789,0,0
499762,5.885,5.837,4.937,-0.111,-0.020,0.012,1788,0,0
499782,5.933,5.751,4.982,-0.096,-0.027,-0.001,1789,0,0
499802,5.966,5.734,4.915,-0.092,-0.030,-0.017,1790,0,0
499822,5.997,5.727,4.860,-0.107,-0.027,-0.029,1788,0,0
499842,6.014,5.751,4.865,-0.114,-0.020,-0.039,1789,0,0
499862,6.009,5.825,4.884,-0.121,-0.019,-0.051,1788,0,0
499882,5.995,5.878,4.853,-0.132,-0.025,-0.053,1789,0,0
499903,6.053,5.899,4.714,-0.142,-0.025,-0.043,1790,0,0
499922,6.158,5.892,4.671,-0.110,-0.014,-0.034,1789,0,0
499942,6.167,5.954,4.626,-0.064,-0.010,-0.031,1788,0,0
499962,6.086,6.076,4.614,-0.059,-0.015,-0.014,1789,0,0
499982,6.110,6.055,4.515,-0.068,-0.022,0.010,1790,0,0
500002,6.187,5.959,4.458,-0.046,-0.015,0.022,1790,0,0
500022,6.151,5.959,4.413,-0.002,0.004,0.025,1790,0,0
500042,6.146,6.009,4.415,-0.002,0.019,0.037,1789,0,0
500062,6.196,5.957,4.472,-0.034,0.042,0.044,1787,0,0
500082,6.196,5.866,4.633,-0.030,0.052,0.046,1790,0,0
500102,6.127,5.835,4.695,-0.008,0.058,0.044,1789,0,0
500122,6.098,5.792,4.736,-0.024,0.054,0.039,1789,0,0
500142,6.084,5.770,4.729,-0.017,0.054,0.032,1790,0,0
500162,5.981,5.770,4.745,-0.013,0.064,0.023,1789,0,0
500182,5.808,5.839,4.860,-0.027,0.072,0.011,1789,0,0
500202,5.792,5.892,4.894,-0.031,0.062,0.015,1790,0,0
500222,5.792,5.885,4.843,-0.028,0.064,0.020,1789,0,0
500242,5.756,5.825,4.939,-0.051,0.077,0.021,1790,0,0
500262,5.818,5.753,4.949,-0.048,0.068,0.016,1790,0,0
500282,5.895,5.710,5.004,-0.050,0.060,0.008,1790,0,0
500302,5.899,5.696,5.057,-0.055,0.058,-0.003,1790,0,0
500322,5.899,5.741,5.119,-0.059,0.043,-0.009,1789,0,0
500342,5.921,5.756,5.025,-0.050,0.020,-0.015,1790,0,0
500362,5.928,5.782,4.956,-0.040,0.005,-0.021,1790,0,0
500382,5.921,5.835,4.872,-0.050,0.006,-0.025,1790,0,0
500402,5.962,5.863,4.767,-0.062,0.005,-0.031,1790,0,0
500422,5.952,5.902,4.781,-0.064,0.019,-0.039,1789,0,0
500442,5.890,6.067,4.901,-0.062,0.038,-0.035,1789,0,0
500462,5.813,6.110,5.011,-0.077,0.030,-0.024,1789,0,0
500482,5.883,6.005,4.997,-0.106,0.019,-0.015,1789,0,0
500502,5.993,5.916,4.894,-0.122,0.018,-0.010,1788,0,0
500522,6.129,5.820,4.855,-0.111,0.026,-0.004,1789,0,0
500542,6.268,5.770,4.793,-0.096,0.025,0.006,1789,0,0
500562,6.328,5.777,4.721,-0.071,0.005,0.017,1789,0,0
500582,6.302,5.789,4.635,-0.027,-0.009,0.018,1790,0,0
500602,6.048,5.969,4.618,0.010,-0.025,0.002,1789,0,0
500622,5.847,6.225,4.530,0.039,-0.037,0.010,1789,0,0
500642,5.739,6.381,4.556,0.048,-0.019,0.038,1789,0,0
500662,5.646,6.268,4.611,0.010,0.017,0.071,1789,0,0
500683,5.756,6.000,4.657,-0.028,0.043,0.087,1788,0,0
500702,5.926,5.729,4.824,-0.076,0.071,0.083,1789,0,0
500722,5.971,5.533,5.080,-0.096,0.089,0.058,1789,0,0
500742,5.906,5.483,5.272,-0.066,0.068,0.031,1789,0,0
500762,5.923,5.555,5.301,-0.072,0.031,0.005,1790,0,0
500782,5.923,5.581,5.301,-0.101,0.003,-0.015,1789,0,0
500802,5.911,5.629,5.255,-0.075,-0.029,-0.029,1790,0,0
500823,6.005,5.727,4.970,-0.050,-0.054,-0.030,1789,0,0
500842,6.031,5.758,4.805,-0.078,-0.053,-0.035,1789,0,0
500862,5.990,5.825,4.776,-0.093,-0.046,-0.043,1789,0,0
500882,5.976,5.930,4.822,-0.069,-0.045,-0.047,1789,0,0
500902,6.000,6.033,4.693,-0.056,-0.054,-0.038,1789,0,0
500922,6.134,6.055,4.539,-0.073,-0.039,-0.023,1791,0,0
500942,6.196,5.983,4.554,-0.083,-0.008,0.002,1789,0,0
500962,6.163,5.868,4.662,-0.087,-0.003,0.008,1790,0,0
500982,6.206,5.794,4.597,-0.084,-0.023,0.002,1789,0,0
501013,6.246,5.796,4.539,-0.066,0.006,0.006,1788,0,0
501025,6.201,5.813,4.590,-0.025,0.015,0.010,1790,0,0
501042,6.120,5.878,4.611,0.011,0.009,0.012,1790,0,0
501062,6.112,5.947,4.542,-0.014,0.001,0.019,1790,0,0
501082,6.024,5.918,4.573,-0.048,0.011,0.021,1790,0,0
501102,5.902,5.911,4.671,-0.015,0.021,0.021,1790,0,0
501122,5.921,5.930,4.638,0.015,0.027,0.026,1790,0,0
501142,6.002,5.844,4.685,-0.019,0.048,0.034,1790,0,0
501163,5.947,5.684,4.834,-0.069,0.064,0.020,1788,0,0
501182,5.957,5.667,4.934,-0.058,0.057,0.002,1790,0,0
501202,6.017,5.705,4.987,-0.052,0.052,-0.015,1790,0,0
501222,5.938,5.737,5.100,-0.063,0.055,-0.019,1791,0,0
501242,5.875,5.686,5.138,-0.066,0.032,-0.020,1790,0,0
501262,5.916,5.650,5.059,-0.060,-0.005,-0.031,1790,0,0
501282,5.983,5.665,5.009,-0.052,-0.026,-0.046,1791,0,0
501302,6.009,5.732,4.870,-0.050,-0.033,-0.060,1791,0,0
501322,6.081,5.806,4.772,-0.047,-0.039,-0.069,1790,0,0
501342,6.108,5.976,4.640,-0.033,-0.035,-0.071,1789,0,0
501362,6.074,6.084,4.633,-0.050,-0.014,-0.056,1790,0,0
501382,5.988,6.122,4.724,-0.075,-0.001,-0.047,1791,0,0
501402,5.993,6.155,4.697,-0.079,-0.006,-0.039,1790,0,0
501422,6.021,6.158,4.654,-0.071,-0.001,-0.025,1790,0,0
501442,6.031,6.086,4.695,-0.069,0.012,-0.007,1790,0,0
501462,6.067,6.002,4.709,-0.078,0.018,0.003,1790,0,0
501482,6.093,5.897,4.784,-0.088,0.014,0.002,1790,0,0
501502,6.069,5.883,4.748,-0.095,0.012,-0.003,1790,0,0
501522,6.041,5.839,4.815,-0.093,0.010,0.001,1790,0,0
501542,6.076,5.801,4.760,-0.066,-0.001,0.004,1790,0,0
501562,6.127,5.763,4.685,-0.035,-0.018,0.005,1790,0,0
501582,6.093,5.782,4.568,-0.048,-0.017,-0.002,1790,0,0
501602,6.012,5.789,4.556,-0.045,-0.010,-0.009,1789,0,0
501622,6.002,5.875,4.549,-0.028,-0.006,-0.004,1790,0,0
501642,6.074,5.921,4.547,-0.030,0.009,-0.002,1790,0,0
501662,6.084,5.906,4.664,-0.038,0.027,-0.003,1790,0,0
501682,6.053,5.926,4.724,-0.038,0.030,-0.010,1790,0,0
501702,6.002,6.002,4.870,-0.047,0.030,-0.019,1789,0,0
501722,5.899,6.017,4.915,-0.061,0.036,-0.018,1790,0,0
501742,5.954,6.000,4.942,-0.079,0.037,-0.010,1790,0,0
501762,5.986,5.899,5.037,-0.104,0.043,-0.009,1789,0,0
501782,5.971,5.825,5.198,-0.118,0.036,-0.015,1790,0,0
501802,5.921,5.780,5.250,-0.126,0.005,-0.031,1789,0,0
501822,5.863,5.804,5.186,-0.130,-0.023,-0.052,1790,0,0
501842,5.789,5.933,5.088,-0.139,-0.031,-0.059,1790,0,0
501862,5.748,5.935,5.092,-0.148,-0.034,-0.043,1789,0,0
501882,5.799,5.847,5.073,-0.154,-0.061,-0.031,1789,0,0
501902,5.904,5.665,4.853,-0.175,-0.086,-0.037,1790,0,0
501922,6.043,5.578,4.676,-0.178,-0.087,-0.049,1790,0,0
501942,6.124,5.545,4.583,-0.146,-0.071,-0.060,1790,0,0
501962,6.218,5.626,4.609,-0.106,-0.074,-0.070,1789,0,0
501982,6.280,5.751,4.446,-0.084,-0.099,-0.087,1789,0,0
502002,6.421,5.926,4.116,-0.070,-0.098,-0.094,1790,0,0
502022,6.462,6.206,3.984,-0.034,-0.045,-0.070,1789,0,0
502042,6.388,6.366,4.116,-0.005,0.011,-0.027,1790,0,0
502062,6.170,6.416,4.233,-0.017,0.026,-0.000,1788,0,0
502082,6.237,6.373,4.159,-0.075,0.034,0.026,1789,0,0
502102,6.369,6.251,4.130,-0.080,0.083,0.069,1790,0,0
502122,6.333,6.043,4.367,-0.021,0.129,0.090,1790,0,0
502142,6.148,5.942,4.604,0.021,0.132,0.086,1789,0,0
502162,6.007,5.911,4.685,-0.035,0.119,0.079,1790,0,0
502182,6.103,5.772,4.618,-0.082,0.120,0.088,1790,0,0
502202,6.220,5.583,4.659,-0.025,0.142,0.088,1790,0,0
502222,6.191,5.533,4.798,0.040,0.142,0.058,1790,0,0
502242,5.990,5.701,4.820,0.033,0.124,0.033,1789,0,0
502262,5.741,5.804,4.946,-0.016,0.110,0.013,1790,0,0
502282,5.638,5.926,5.052,0.006,0.099,0.008,1790,0,0
502302,5.614,6.033,5.040,0.042,0.105,0.020,1790,0,0
502322,5.681,5.933,5.059,-0.035,0.112,0.033,1789,0,0
502342,5.801,5.655,5.121,-0.118,0.112,0.022,1790,0,0
502362,5.875,5.499,5.239,-0.113,0.104,-0.014,1791,0,0
502382,5.830,5.538,5.265,-0.078,0.096,-0.049,1790,0,0
502402,5.813,5.689,5.179,-0.094,0.090,-0.063,1790,0,0
502422,5.873,5.760,5.148,-0.132,0.078,-0.067,1789,0,0
502442,5.964,5.792,5.107,-0.123,0.073,-0.068,1791,0,0
502462,5.971,5.880,5.021,-0.113,0.068,-0.066,1790,0,0
502482,5.966,5.974,4.975,-0.123,0.056,-0.053,1789,0,0
502502,5.966,6.029,4.958,-0.110,0.042,-0.043,1790,0,0
502522,5.990,6.158,4.884,-0.072,0.038,-0.031,1790,0,0
502542,5.906,6.232,4.872,-0.056,0.036,-0.004,1790,0,0
502562,5.885,6.232,4.848,-0.068,0.036,0.035,1791,0,0
502582,5.897,6.029,4.973,-0.087,0.038,0.055,1790,0,0
502602,5.902,5.787,5.128,-0.072,0.032,0.062,1790,0,0
502622,5.921,5.607,5.236,-0.052,0.019,0.052,1788,0,0
502642,5.971,5.495,5.231,-0.051,0.003,0.031,1790,0,0
502662,6.038,5.440,5.195,-0.046,-0.011,-0.002,1789,0,0
502682,6.005,5.557,5.064,-0.024,-0.017,-0.031,1790,0,0
502702,6.055,5.710,4.911,-0.056,-0.010,-0.033,1790,0,0
502722,6.033,5.770,4.961,-0.105,0.019,-0.032,1790,0,0
502742,5.978,5.784,5.042,-0.108,0.018,-0.034,1791,0,0
502762,5.918,5.796,5.013,-0.094,0.008,-0.037,1790,0,0
502782,5.875,5.751,5.042,-0.080,0.005,-0.048,1791,0,0
502802,5.871,5.839,5.018,-0.024,-0.003,-0.054,1791,0,0
502822,5.930,5.801,5.054,-0.023,0.001,-0.049,1790,0,0
502842,5.930,5.686,5.061,-0.032,-0.001,-0.056,1787,0,0
502862,5.981,5.655,5.155,-0.015,-0.015,-0.067,1790,0,0
502882,5.962,5.636,5.219,-0.023,-0.036,-0.078,1789,0,0
502902,5.825,5.674,5.171,-0.012,-0.065,-0.102,1790,0,0
502922,5.720,5.799,4.999,0.041,-0.078,-0.116,1790,0,0
502942,5.681,5.997,4.949,0.067,-0.062,-0.105,1790,0,0
502962,5.665,6.151,5.028,0.034,-0.071,-0.090,1790,0,0
502982,5.722,6.182,4.968,-0.044,-0.098,-0.072,1789,0,0
503002,5.693,6.213,4.769,-0.071,-0.102,-0.053,1789,0,0
503022,5.669,6.194,4.743,-0.064,-0.084,-0.036,1789,0,0
503042,5.768,6.194,4.714,-0.070,-0.082,-0.030,1789,0,0
503062,5.818,6.242,4.621,-0.068,-0.075,-0.024,1788,0,0
503082,5.796,6.270,4.628,-0.081,-0.056,-0.013,1789,0,0
503102,5.818,6.270,4.628,-0.090,-0.051,0.006,1789,0,0
503122,5.880,6.203,4.542,-0.095,-0.044,0.018,1789,0,0
503142,5.868,6.160,4.530,-0.096,-0.030,0.025,1789,0,0
503162,5.839,6.136,4.563,-0.089,-0.013,0.043,1788,0,0
503182,5.933,5.978,4.606,-0.106,-0.004,0.059,1790,0,0
503202,5.983,5.837,4.662,-0.115,-0.007,0.050,1789,0,0
503222,5.988,5.859,4.683,-0.073,-0.007,0.034,1788,0,0
503243,5.909,5.964,4.750,-0.040,-0.005,0.040,1788,0,0
503262,5.854,6.012,4.743,-0.063,-0.015,0.047,1788,0,0
503282,5.849,5.921,4.633,-0.077,-0.018,0.051,1790,0,0
503302,5.930,5.856,4.561,-0.052,-0.012,0.052,1788,0,0
503322,6.005,5.827,4.554,-0.047,0.004,0.050,1789,0,0
503342,6.031,5.816,4.554,-0.075,0.018,0.043,1788,0,0
503413,6.081,5.768,4.647,-0.050,-0.007,0.024,1788,0,0
503425,6.062,5.816,4.630,-0.043,0.001,0.020,1787,0,0
503437,6.002,5.808,4.602,-0.040,0.011,0.018,1788,0,0
503448,5.952,5.825,4.566,-0.033,0.023,0.019,1789,0,0
503461,5.986,5.863,4.587,-0.032,0.030,0.022,1788,0,0
503471,5.986,5.851,4.571,-0.046,0.039,0.026,1789,0,0
503482,5.983,5.811,4.551,-0.068,0.040,0.025,1788,0,0
503502,5.971,5.753,4.618,-0.078,0.058,0.018,1789,0,0
503565,5.997,5.849,4.776,-0.038,0.054,0.010,1787,0,0
503577,6.079,5.847,4.779,-0.048,0.058,0.009,1790,0,0
503588,6.069,5.861,4.848,-0.053,0.067,0.006,1790,0,0
503600,6.041,5.868,4.994,-0.056,0.066,0.002,1789,0,0
503611,5.957,5.902,5.073,-0.053,0.053,0.000,1789,0,0
503622,5.909,5.935,5.076,-0.033,0.024,-0.002,1789,0,0
503642,5.904,5.990,4.915,-0.025,-0.005,0.002,1788,0,0
503662,5.885,5.966,4.752,-0.049,0.001,0.009,1788,0,0
503713,5.947,5.777,4.666,-0.073,0.029,0.017,1788,0,0
503725,5.926,5.739,4.719,-0.085,0.035,0.009,1789,0,0
503736,5.952,5.691,4.748,-0.071,0.036,0.001,1789,0,0
503748,5.981,5.691,4.779,-0.047,0.035,-0.006,1790,0,0
503762,6.031,5.713,4.812,-0.028,0.040,-0.018,1789,0,0
503782,5.995,5.796,4.863,-0.025,0.045,-0.027,1790,0,0
503802,5.988,5.849,4.815,-0.029,0.043,-0.026,1789,0,0
503822,6.005,5.842,4.867,-0.058,0.039,-0.023,1790,0,0
503842,6.019,5.823,4.805,-0.072,0.026,-0.026,1789,0,0
503876,5.935,5.878,4.966,-0.051,0.022,-0.025,1790,0,0
503887,5.935,5.902,4.992,-0.033,0.006,-0.028,1789,0,0
503902,5.976,5.933,4.949,-0.006,-0.016,-0.032,1789,0,0
503922,5.988,5.947,4.707,-0.011,-0.024,-0.031,1789,0,0
503942,5.983,5.950,4.573,-0.038,0.002,-0.026,1790,0,0
503962,6.005,5.942,4.685,-0.054,0.034,-0.022,1790,0,0
503982,5.983,5.959,4.786,-0.068,0.035,-0.026,1789,0,0
504002,5.926,5.988,4.784,-0.067,0.021,-0.030,1790,0,0
504022,5.921,6.065,4.776,-0.051,0.022,-0.020,1789,0,0
504042,5.902,6.065,4.808,-0.051,0.024,-0.010,1789,0,0
504062,5.950,6.014,4.757,-0.035,-0.001,-0.010,1788,0,0
504082,5.966,6.007,4.719,-0.049,0.003,-0.004,1788,0,0
504102,5.895,5.940,4.755,-0.077,0.024,0.005,1789,0,0
504122,5.940,5.808,4.843,-0.062,0.010,0.005,1789,0,0
504142,6.031,5.744,4.733,-0.030,-0.002,-0.013,1789,0,0
504163,6.002,5.789,4.683,-0.052,0.013,-0.031,1788,0,0
504182,5.923,5.796,4.764,-0.059,0.030,-0.036,1788,0,0
504202,5.863,5.835,4.812,-0.058,0.016,-0.037,1788,0,0
504222,5.983,5.883,4.743,-0.059,0.010,-0.042,1788,0,0
504242,5.947,5.933,4.776,-0.067,0.021,-0.049,1788,0,0
504262,5.918,6.014,4.887,-0.051,0.015,-0.045,1788,0,0
504282,5.959,6.029,4.872,-0.047,-0.003,-0.038,1789,0,0
504302,5.964,6.041,4.769,-0.055,-0.007,-0.041,1788,0,0
504322,5.981,6.098,4.741,-0.048,-0.002,-0.035,1788,0,0
504342,5.897,6.120,4.810,-0.062,0.008,-0.023,1789,0,0
504362,5.952,6.062,4.791,-0.068,-0.010,-0.017,1788,0,0
504382,6.024,6.029,4.669,-0.056,-0.012,-0.019,1789,0,0
504402,5.964,6.069,4.678,-0.063,0.009,-0.022,1789,0,0
504422,5.928,6.148,4.760,-0.057,0.022,-0.009,1788,0,0
504442,5.935,6.079,4.788,-0.071,0.007,0.005,1789,0,0
504462,6.000,6.005,4.729,-0.069,0.004,0.006,1789,0,0
504482,5.971,5.969,4.741,-0.063,0.012,0.005,1789,0,0
504502,5.988,5.974,4.755,-0.058,0.008,0.009,1789,0,0
504522,5.942,5.928,4.733,-0.060,0.001,0.001,1788,0,0
504542,5.892,5.940,4.693,-0.050,0.000,-0.001,1787,0,0
504562,5.895,5.938,4.678,-0.048,0.010,0.001,1788,0,0
504582,5.933,5.928,4.635,-0.071,0.018,-0.004,1788,0,0
504602,5.938,5.983,4.685,-0.062,0.033,-0.006,1789,0,0
504622,5.887,6.038,4.772,-0.063,0.033,-0.002,1787,0,0
504762,6.009,5.837,4.767,-0.113,0.023,0.021,1788,0,0
504782,5.986,5.842,4.848,-0.067,0.027,0.009,1788,0,0
504802,5.995,5.945,4.860,-0.051,0.017,0.007,1787,0,0
504822,6.021,5.954,4.764,-0.081,0.016,0.012,1788,0,0
504842,6.026,5.899,4.810,-0.088,0.017,0.013,1788,0,0
504862,5.986,5.940,4.834,-0.062,0.019,0.009,1788,0,0
504882,5.950,5.962,4.855,-0.060,0.006,0.012,1788,0,0
504902,5.997,5.871,4.752,-0.076,-0.003,0.017,1788,0,0
504922,6.007,5.799,4.700,-0.080,0.001,0.011,1787,0,0
504942,5.957,5.780,4.666,-0.060,0.002,-0.002,1788,0,0
504962,5.952,5.854,4.688,-0.051,0.012,-0.007,1788,0,0
504982,5.942,5.844,4.726,-0.068,0.023,-0.013,1788,0,0
505002,5.935,5.825,4.798,-0.067,0.014,-0.020,1789,0,0
505022,5.952,5.847,4.786,-0.052,0.005,-0.027,1788,0,0
505042,5.995,5.902,4.752,-0.063,0.013,-0.030,1788,0,0
505062,5.986,5.906,4.772,-0.070,0.020,-0.028,1788,0,0
505082,5.947,5.926,4.817,-0.069,0.018,-0.032,1789,0,0
505102,5.883,6.062,4.743,-0.078,0.008,-0.025,1789,0,0
505122,5.906,5.974,4.769,-0.125,0.017,-0.004,1788,0,0
505142,5.978,5.753,4.779,-0.118,0.033,-0.003,1787,0,0
505162,5.950,5.689,4.858,-0.048,0.031,-0.026,1788,0,0
505182,5.954,5.741,4.810,-0.019,-0.005,-0.044,1789,0,0
505202,6.041,5.859,4.702,-0.021,-0.008,-0.046,1789,0,0
505222,6.033,5.899,4.666,-0.050,0.006,-0.051,1789,0,0
505242,6.021,5.974,4.664,-0.029,0.013,-0.051,1788,0,0
505262,6.009,6.053,4.688,-0.034,0.022,-0.043,1787,0,0
505282,6.024,6.103,4.745,-0.067,0.017,-0.035,1789,0,0
505302,6.009,6.146,4.750,-0.044,0.014,-0.031,1789,0,0
505322,5.885,6.227,4.750,-0.015,0.014,-0.021,1788,0,0
505342,5.827,6.266,4.662,-0.032,0.019,-0.001,1789,0,0
505362,5.859,6.163,4.714,-0.077,0.033,0.017,1788,0,0
505382,5.895,6.021,4.757,-0.082,0.035,0.023,1788,0,0
505402,5.964,5.933,4.786,-0.059,0.036,0.025,1789,0,0
505422,5.954,5.825,4.863,-0.066,0.039,0.021,1788,0,0
505442,5.971,5.768,4.889,-0.075,0.029,0.006,1789,0,0
505462,5.957,5.784,4.863,-0.052,0.013,-0.011,1790,0,0
505482,5.909,5.890,4.824,-0.042,0.012,-0.022,1789,0,0
505502,5.837,5.981,4.781,-0.063,0.019,-0.014,1790,0,0
505522,5.868,5.962,4.781,-0.080,0.019,-0.005,1789,0,0
505542,5.916,5.854,4.803,-0.083,0.013,-0.009,1788,0,0
505562,5.952,5.863,4.776,-0.051,0.008,-0.023,1788,0,0
505582,5.909,5.969,4.748,-0.047,0.006,-0.029,1789,0,0
505602,5.916,6.053,4.638,-0.041,0.002,-0.027,1789,0,0
505622,5.883,6.115,4.647,-0.041,0.019,-0.017,1789,0,0
505642,5.868,6.103,4.690,-0.066,0.032,-0.002,1789,0,0
505662,5.923,6.021,4.769,-0.080,0.034,0.006,1788,0,0
505682,5.971,5.964,4.798,-0.071,0.034,0.001,1790,0,0
505702,5.952,5.978,4.858,-0.045,0.030,-0.003,1786,0,0
505722,5.916,6.019,4.848,-0.038,0.020,0.001,1789,0,0
505742,5.962,5.993,4.810,-0.055,0.018,0.007,1790,0,0
505762,5.945,5.964,4.808,-0.059,0.017,0.006,1789,0,0
505782,5.950,5.978,4.851,-0.051,0.016,0.014,1789,0,0
505802,5.928,5.926,4.855,-0.061,0.015,0.015,1790,0,0
505822,5.875,5.868,4.846,-0.056,0.007,0.009,1790,0,0
505842,5.868,5.823,4.860,-0.037,0.001,0.005,1789,0,0
505862,5.842,5.796,4.853,-0.047,-0.006,-0.003,1789,0,0
505882,5.811,5.713,4.800,-0.065,-0.013,-0.017,1789,0,0
505902,5.851,5.631,4.757,-0.063,-0.003,-0.033,1790,0,0
505922,5.856,5.605,4.944,-0.066,0.011,-0.054,1790,0,0
505942,5.818,5.528,5.169,-0.071,-0.007,-0.070,1790,0,0
505962,5.897,5.456,5.334,-0.071,-0.036,-0.091,1788,0,0
505982,5.866,5.279,5.760,-0.083,-0.058,-0.132,1790,0,0
506002,5.801,5.260,6.211,-0.001,-0.107,-0.174,1790,0,0
506022,5.705,5.320,6.613,0.051,-0.166,-0.197,1791,0,0
506042,5.547,5.277,6.898,-0.043,-0.249,-0.219,1791,0,0
506062,5.301,5.073,7.393,-0.151,-0.338,-0.228,1791,0,0
506082,5.057,4.930,7.853,-0.245,-0.445,-0.202,1791,0,0
506102,5.023,4.623,8.353,-0.356,-0.565,-0.245,1792,0,0
506122,4.951,4.348,8.947,-0.469,-0.689,-0.365,1792,0,0
506142,4.793,4.492,9.646,-0.461,-0.846,-0.510,1794,0,0
506162,4.594,4.958,10.092,-0.445,-1.081,-0.609,1794,0,0
506182,4.602,5.437,10.707,-0.595,-1.338,-0.665,1795,0,0
506202,4.331,5.638,11.442,-0.776,-1.564,-0.703,1796,0,0
506222,3.979,5.825,11.533,-0.847,-1.926,-0.765,1797,0,0
506242,3.857,6.287,11.159,-0.899,-2.264,-0.871,1798,0,0
506262,3.476,7.108,11.140,-1.103,-2.463,-0.918,1797,0,0
506282,2.796,7.793,11.777,-1.389,-2.674,-0.919,1798,0,0
506302,2.081,8.025,11.993,-1.589,-3.045,-0.934,1799,0,0
506322,1.561,8.124,11.344,-1.548,-3.473,-1.004,1799,0,0
506342,0.773,8.456,10.218,-1.353,-3.801,-1.102,1799,0,0
506362,0.022,9.335,9.029,-1.102,-4.046,-1.167,1800,0,0
506382,-1.195,10.841,7.415,-1.096,-4.258,-1.101,1800,0,0
506402,-1.647,11.844,4.882,-1.570,-4.570,-0.879,1799,0,0
506423,-1.621,11.439,2.368,-2.152,-4.652,-0.724,1795,0,0
506442,-1.267,11.047,0.151,-2.172,-4.410,-0.715,1793,0,0
506462,-0.936,11.255,-1.456,-1.742,-4.073,-0.655,1791,0,0
506482,-0.606,11.717,-2.938,-1.798,-3.778,-0.473,1788,0,0
506502,0.129,11.660,-4.029,-2.200,-3.481,-0.272,1787,0,0
506522,0.687,10.786,-5.104,-2.546,-3.153,-0.173,1783,0,0
506542,1.784,9.977,-5.921,-2.411,-2.847,-0.172,1777,0,0
506562,2.914,9.462,-6.290,-1.905,-2.435,-0.226,1773,0,0
506582,3.646,9.495,-6.419,-1.513,-2.093,-0.270,1760,0,0
506602,4.216,9.651,-6.359,-1.360,-1.789,-0.218,1758,0,0
506622,4.733,9.407,-6.467,-1.387,-1.613,-0.150,1758,0,0
506642,5.543,8.906,-6.673,-1.321,-1.424,-0.116,1757,0,0
506662,6.227,8.629,-6.474,-1.073,-1.160,-0.123,1756,0,0
506682,6.426,8.610,-6.155,-0.803,-0.925,-0.103,1755,0,0
506702,6.744,8.538,-5.935,-0.728,-0.786,-0.035,1756,0,0
506722,7.161,8.169,-5.559,-0.720,-0.665,0.016,1755,0,0
506742,7.178,7.769,-4.985,-0.620,-0.545,-0.003,1757,0,0
506762,7.077,7.894,-4.755,-0.447,-0.457,-0.024,1756,0,0
506782,7.017,7.968,-4.535,-0.351,-0.358,0.012,1756,0,0
506802,6.874,7.774,-3.965,-0.300,-0.250,0.053,1757,0,0
506822,6.816,7.549,-3.369,-0.205,-0.184,0.053,1758,0,0
506842,6.744,7.453,-2.897,-0.092,-0.126,0.038,1758,0,0
506862,6.661,7.432,-2.425,0.018,-0.053,0.036,1758,0,0
506882,6.776,7.379,-2.109,0.130,0.017,0.062,1759,0,0
506902,6.845,7.209,-1.858,0.214,0.068,0.086,1759,0,0
506922,6.862,7.125,-1.489,0.197,0.119,0.110,1760,0,0
506942,6.953,6.934,-1.099,0.068,0.131,0.133,1761,0,0
506962,7.053,6.625,-0.663,0.044,0.117,0.130,1759,0,0
506982,7.183,6.460,-0.500,0.143,0.103,0.111,1760,0,0
507002,7.369,6.474,-0.620,0.230,0.099,0.093,1760,0,0
507022,7.518,6.421,-0.661,0.216,0.141,0.084,1760,0,0
507042,7.513,6.371,-0.493,0.204,0.185,0.079,1760,0,0
507062,7.384,6.378,-0.192,0.198,0.192,0.075,1760,0,0
507082,7.381,6.404,-0.086,0.118,0.151,0.078,1760,0,0
507102,7.491,6.333,-0.208,0.031,0.091,0.078,1760,0,0
507122,7.604,6.211,-0.251,0.023,0.092,0.068,1760,0,0
507142,7.558,6.215,-0.093,0.053,0.117,0.051,1761,0,0
507162,7.412,6.211,-0.005,0.092,0.096,0.018,1760,0,0
507182,7.357,6.278,-0.196,0.163,0.058,-0.012,1760,0,0
507202,7.446,6.503,-0.306,0.185,0.052,-0.007,1760,0,0
507222,7.465,6.610,-0.328,0.068,0.050,0.026,1760,0,0
507242,7.415,6.440,-0.407,-0.080,0.029,0.045,1760,0,0
507262,7.468,6.249,-0.529,-0.115,0.026,0.033,1760,0,0
507282,7.491,6.282,-0.575,-0.078,0.043,0.017,1760,0,0
507302,7.460,6.352,-0.462,-0.052,0.062,0.008,1761,0,0
507322,7.374,6.357,-0.287,-0.029,0.056,0.005,1760,0,0
507342,7.424,6.404,-0.328,-0.029,0.014,-0.007,1760,0,0
507362,7.494,6.431,-0.558,-0.064,-0.022,-0.011,1760,0,0
507382,7.465,6.445,-0.747,-0.101,-0.002,-0.009,1760,0,0
507402,7.372,6.440,-0.721,-0.094,0.021,-0.011,1760,0,0
507422,7.453,6.416,-0.716,-0.055,0.016,-0.013,1759,0,0
507442,7.496,6.493,-0.702,-0.048,0.010,-0.013,1759,0,0
507462,7.444,6.519,-0.680,-0.074,0.001,-0.011,1760,0,0
507482,7.554,6.515,-0.826,-0.080,-0.006,-0.010,1759,0,0
507502,7.573,6.510,-0.749,-0.093,0.011,-0.006,1759,0,0
507522,7.446,6.472,-0.589,-0.083,0.017,-0.009,1760,0,0
507542,7.389,6.491,-0.591,-0.025,-0.014,-0.015,1761,0,0
507562,7.520,6.524,-0.711,-0.008,-0.024,-0.015,1759,0,0
507582,7.535,6.570,-0.857,-0.039,-0.009,-0.010,1759,0,0
507602,7.424,6.534,-0.692,-0.072,0.009,-0.009,1760,0,0
507622,7.391,6.481,-0.589,-0.068,-0.001,-0.010,1759,0,0
507643,7.451,6.527,-0.651,-0.016,-0.019,-0.015,1759,0,0
507662,7.487,6.543,-0.728,-0.001,-0.018,-0.019,1758,0,0
507682,7.475,6.598,-0.769,-0.003,0.001,-0.014,1760,0,0
507702,7.496,6.644,-0.757,-0.028,0.010,-0.001,1760,0,0
507722,7.429,6.608,-0.685,-0.075,0.014,0.010,1759,0,0
507742,7.384,6.517,-0.742,-0.096,0.005,0.014,1760,0,0
507762,7.506,6.445,-0.814,-0.067,0.011,0.015,1761,0,0
507782,7.515,6.460,-0.654,-0.050,0.027,0.005,1760,0,0
507802,7.479,6.486,-0.599,-0.040,0.009,-0.002,1759,0,0
507822,7.403,6.531,-0.661,-0.052,-0.009,-0.002,1758,0,0
507842,7.503,6.479,-0.723,-0.070,-0.009,-0.005,1758,0,0
507862,7.482,6.481,-0.706,-0.033,-0.006,-0.010,1759,0,0
507882,7.460,6.522,-0.776,-0.005,-0.009,-0.014,1760,0,0
507902,7.496,6.507,-0.886,-0.024,-0.009,-0.010,1759,0,0
507922,7.511,6.541,-0.943,-0.020,0.007,-0.011,1757,0,0
507942,7.444,6.529,-0.850,-0.028,0.022,-0.007,1758,0,0
507962,7.427,6.543,-0.826,-0.037,0.028,-0.001,1757,0,0
507982,7.439,6.519,-0.867,-0.040,0.023,0.001,1758,0,0
508002,7.511,6.469,-0.828,-0.029,0.035,-0.001,1758,0,0
508022,7.422,6.455,-0.730,-0.007,0.047,-0.006,1758,0,0
508042,7.432,6.500,-0.618,0.022,0.036,-0.011,1758,0,0
508062,7.482,6.560,-0.680,-0.003,0.017,-0.000,1758,0,0
508082,7.470,6.469,-0.761,-0.068,0.007,0.006,1758,0,0
508102,7.496,6.400,-0.766,-0.050,0.008,0.000,1758,0,0
508122,7.544,6.424,-0.666,-0.032,0.018,-0.006,1758,0,0
508142,7.441,6.450,-0.656,-0.037,0.008,-0.012,1758,0,0
508162,7.432,6.476,-0.740,-0.013,-0.009,-0.015,1758,0,0
508182,7.468,6.479,-0.845,0.004,-0.003,-0.019,1758,0,0
508202,7.511,6.577,-0.915,0.003,0.014,-0.015,1757,0,0
508222,7.487,6.596,-0.852,-0.015,0.026,-0.007,1758,0,0
508242,7.479,6.565,-0.764,-0.040,0.019,-0.000,1758,0,0
508262,7.499,6.515,-0.766,-0.057,0.010,0.003,1758,0,0
508282,7.570,6.472,-0.867,-0.051,0.008,0.005,1758,0,0
508302,7.539,6.460,-0.883,-0.044,0.022,0.001,1757,0,0
508322,7.484,6.510,-0.836,-0.054,0.023,-0.004,1759,0,0
508342,7.453,6.541,-0.862,-0.064,0.022,-0.001,1758,0,0
508362,7.472,6.539,-0.807,-0.061,0.024,0.006,1756,0,0
508382,7.503,6.464,-0.852,-0.050,0.021,0.010,1758,0,0
508402,7.508,6.440,-0.867,-0.062,0.022,0.010,1757,0,0
508422,7.494,6.404,-0.845,-0.077,0.023,0.003,1759,0,0
508442,7.427,6.376,-0.812,-0.062,0.022,-0.001,1757,0,0
508462,7.350,6.433,-0.871,-0.051,0.016,-0.011,1759,0,0
508482,7.379,6.450,-0.893,-0.054,0.019,-0.012,1758,0,0
508502,7.396,6.452,-0.912,-0.056,0.026,-0.012,1757,0,0
508522,7.451,6.452,-0.900,-0.055,0.034,-0.009,1757,0,0
508542,7.436,6.397,-0.766,-0.061,0.038,-0.011,1758,0,0
508562,7.475,6.376,-0.742,-0.067,0.028,-0.014,1758,0,0
508582,7.487,6.414,-0.812,-0.058,0.025,-0.012,1758,0,0
508602,7.508,6.369,-0.824,-0.071,0.030,-0.015,1757,0,0
508622,7.496,6.378,-0.781,-0.066,0.038,-0.023,1758,0,0
508642,7.453,6.431,-0.666,-0.050,0.033,-0.033,1758,0,0
508662,7.489,6.524,-0.718,-0.041,0.017,-0.036,1757,0,0
508682,7.489,6.589,-0.792,-0.062,0.017,-0.026,1757,0,0
508702,7.470,6.522,-0.840,-0.085,0.026,-0.020,1757,0,0
508722,7.484,6.529,-0.828,-0.084,0.036,-0.024,1758,0,0
508742,7.491,6.539,-0.713,-0.073,0.037,-0.021,1758,0,0
508762,7.580,6.579,-0.625,-0.068,0.028,-0.017,1757,0,0
508782,7.520,6.560,-0.618,-0.078,0.017,-0.015,1758,0,0
508802,7.463,6.563,-0.601,-0.071,0.003,-0.012,1758,0,0
508822,7.465,6.567,-0.690,-0.067,-0.014,-0.014,1758,0,0
508842,7.479,6.543,-0.850,-0.061,-0.013,-0.017,1758,0,0
508862,7.470,6.589,-0.883,-0.037,-0.001,-0.013,1757,0,0
508882,7.470,6.642,-0.893,-0.052,0.005,-0.005,1757,0,0
508902,7.477,6.558,-0.874,-0.088,0.007,0.004,1759,0,0
508922,7.484,6.460,-0.809,-0.079,0.011,-0.003,1758,0,0
508942,7.479,6.488,-0.838,-0.048,0.011,-0.010,1758,0,0
508962,7.477,6.546,-0.816,-0.056,0.015,-0.010,1758,0,0
508982,7.444,6.565,-0.788,-0.060,0.018,-0.003,1758,0,0
509002,7.475,6.563,-0.876,-0.063,0.020,0.007,1759,0,0
509022,7.475,6.472,-0.795,-0.083,0.030,0.010,1759,0,0
509042,7.444,6.402,-0.678,-0.088,0.028,0.005,1760,0,0
509062,7.427,6.354,-0.644,-0.052,0.003,-0.005,1760,0,0
509082,7.487,6.414,-0.730,-0.044,-0.013,-0.013,1760,0,0
509102,7.475,6.450,-0.812,-0.058,-0.003,-0.014,1759,0,0
509122,7.379,6.421,-0.812,-0.050,0.009,-0.016,1759,0,0
509142,7.367,6.400,-0.804,-0.050,0.005,-0.022,1759,0,0
509162,7.432,6.381,-0.821,-0.064,0.002,-0.033,1758,0,0
509182,7.460,6.426,-0.821,-0.040,0.008,-0.038,1759,0,0
509202,7.448,6.507,-0.821,-0.034,0.013,-0.037,1759,0,0
509222,7.441,6.539,-0.804,-0.062,0.013,-0.034,1759,0,0
509242,7.436,6.560,-0.871,-0.072,0.013,-0.033,1759,0,0
509262,7.460,6.582,-0.876,-0.074,0.025,-0.033,1759,0,0
509282,7.441,6.586,-0.778,-0.057,0.037,-0.025,1758,0,0
509302,7.446,6.622,-0.711,-0.042,0.028,-0.018,1759,0,0
509322,7.439,6.582,-0.740,-0.067,0.024,-0.014,1758,0,0
509342,7.434,6.534,-0.785,-0.083,0.021,-0.018,1758,0,0
509362,7.439,6.519,-0.781,-0.080,0.017,-0.024,1758,0,0
509382,7.465,6.558,-0.771,-0.062,0.017,-0.029,1758,0,0
509402,7.434,6.627,-0.804,-0.034,0.015,-0.027,1758,0,0
509422,7.429,6.653,-0.876,-0.051,0.018,-0.017,1758,0,0
509442,7.408,6.622,-0.869,-0.082,0.021,-0.007,1758,0,0
509462,7.412,6.579,-0.845,-0.083,0.028,-0.008,1758,0,0
509482,7.436,6.577,-0.848,-0.075,0.037,-0.007,1757,0,0
509502,7.424,6.536,-0.826,-0.059,0.038,-0.005,1758,0,0
509522,7.386,6.438,-0.769,-0.051,0.038,-0.012,1758,0,0
509542,7.369,6.462,-0.860,-0.031,0.038,-0.022,1758,0,0
509562,7.415,6.534,-0.860,-0.053,0.050,-0.021,1758,0,0
509582,7.429,6.524,-0.814,-0.073,0.058,-0.020,1758,0,0
509602,7.427,6.531,-0.656,-0.044,0.056,-0.017,1758,0,0
509622,7.427,6.488,-0.536,-0.058,0.040,-0.015,1759,0,0
509642,7.482,6.491,-0.553,-0.065,0.018,-0.023,1757,0,0
509662,7.539,6.541,-0.649,-0.059,0.017,-0.028,1757,0,0
509682,7.446,6.570,-0.627,-0.050,0.023,-0.031,1757,0,0
509702,7.403,6.639,-0.620,-0.029,0.011,-0.030,1758,0,0
509722,7.422,6.663,-0.725,-0.029,0.002,-0.025,1758,0,0
509742,7.434,6.711,-0.797,-0.039,0.006,-0.018,1757,0,0
509762,7.408,6.663,-0.733,-0.068,0.018,-0.005,1757,0,0
509782,7.338,6.582,-0.690,-0.087,0.015,0.001,1757,0,0
509802,7.345,6.539,-0.711,-0.074,0.013,-0.004,1757,0,0
509822,7.446,6.512,-0.663,-0.064,0.016,-0.010,1758,0,0
509842,7.448,6.546,-0.603,-0.047,0.013,-0.017,1757,0,0
509862,7.448,6.543,-0.654,-0.066,-0.002,-0.017,1758,0,0
509882,7.465,6.527,-0.687,-0.082,-0.006,-0.019,1756,0,0
509902,7.367,6.567,-0.785,-0.063,-0.001,-0.024,1757,0,0
509922,7.333,6.651,-0.843,-0.045,0.005,-0.018,1758,0,0
509942,7.396,6.689,-0.869,-0.078,0.015,-0.003,1759,0,0
509963,7.391,6.567,-0.716,-0.099,0.015,-0.002,1758,0,0
509982,7.410,6.529,-0.692,-0.066,0.002,-0.007,1757,0,0
510002,7.429,6.577,-0.759,-0.043,-0.005,-0.011,1758,0,0
510022,7.422,6.586,-0.848,-0.063,-0.001,-0.011,1758,0,0
510042,7.377,6.603,-0.831,-0.065,0.008,-0.013,1757,0,0
510062,7.396,6.637,-0.848,-0.054,0.014,-0.013,1757,0,0
510082,7.410,6.689,-0.828,-0.056,0.017,-0.008,1757,0,0
510102,7.362,6.656,-0.800,-0.070,0.015,0.002,1759,0,0
510122,7.389,6.582,-0.788,-0.065,0.015,0.006,1758,0,0
510142,7.405,6.563,-0.776,-0.054,0.014,0.003,1758,0,0
510162,7.386,6.565,-0.804,-0.066,0.017,-0.002,1757,0,0
