210014,6.474,7.118,1.839,-0.053,0.038,0.011,1775,0,0
210034,6.450,7.068,1.889,-0.054,0.038,0.008,1774,0,0
210054,6.433,7.123,1.920,-0.060,0.031,0.002,1775,0,0
210074,6.378,7.135,1.913,-0.063,0.029,0.006,1775,0,0
210094,6.325,7.140,1.894,-0.051,0.030,0.013,1775,0,0
210114,6.364,7.065,1.879,-0.060,0.029,0.018,1775,0,0
210134,6.448,6.953,1.858,-0.080,0.035,0.014,1775,0,0
210154,6.409,6.953,1.800,-0.074,0.041,-0.001,1774,0,0
210174,6.349,7.041,1.736,-0.055,0.049,0.001,1774,0,0
210194,6.316,7.025,1.774,-0.074,0.059,0.009,1774,0,0
210214,6.397,6.993,1.875,-0.077,0.054,0.010,1774,0,0
210234,6.421,6.910,1.951,-0.071,0.043,0.004,1773,0,0
210254,6.424,6.862,1.879,-0.054,0.021,-0.012,1774,0,0
210274,6.498,6.953,1.803,-0.039,0.033,-0.016,1774,0,0
210294,6.507,7.020,1.815,-0.057,0.041,-0.016,1774,0,0
210314,6.481,7.015,1.841,-0.070,0.049,-0.017,1773,0,0
210334,6.491,7.037,1.918,-0.082,0.045,-0.022,1773,0,0
210354,6.510,7.053,1.990,-0.063,0.035,-0.027,1774,0,0
210375,6.483,7.149,1.949,-0.029,0.025,-0.031,1773,0,0
210394,6.505,7.276,1.930,-0.020,0.021,-0.023,1774,0,0
210414,6.500,7.295,1.887,-0.059,0.020,-0.005,1774,0,0
210434,6.460,7.216,1.879,-0.065,0.027,0.003,1774,0,0
210454,6.436,7.204,1.882,-0.049,0.027,0.008,1774,0,0
210474,6.481,7.192,1.841,-0.050,0.031,0.015,1773,0,0
210494,6.460,7.137,1.832,-0.071,0.037,0.018,1775,0,0
210514,6.414,7.092,1.841,-0.058,0.044,0.021,1774,0,0
210534,6.330,7.118,1.860,-0.050,0.048,0.021,1775,0,0
210554,6.318,7.111,1.841,-0.066,0.047,0.019,1774,0,0
210574,6.306,7.039,1.844,-0.072,0.051,0.024,1775,0,0
210594,6.388,6.979,1.788,-0.064,0.051,0.021,1774,0,0
210614,6.474,6.974,1.836,-0.064,0.072,0.018,1774,0,0
210634,6.373,6.962,1.930,-0.068,0.078,0.012,1776,0,0
210654,6.328,6.946,1.994,-0.057,0.055,0.006,1775,0,0
210674,6.373,6.926,1.834,-0.056,0.043,-0.007,1774,0,0
210694,6.404,7.032,1.652,-0.039,0.058,-0.016,1775,0,0
210714,6.373,7.156,1.592,-0.036,0.087,-0.007,1775,0,0
210734,6.354,7.123,1.618,-0.071,0.108,0.006,1774,0,0
210754,6.366,7.017,1.683,-0.090,0.110,0.004,1775,0,0
210774,6.354,7.034,1.688,-0.054,0.124,-0.002,1774,0,0
210794,6.309,7.142,1.535,-0.006,0.125,-0.013,1774,0,0
210814,6.337,7.247,1.259,0.003,0.135,-0.012,1774,0,0
210834,6.306,7.369,1.027,-0.011,0.176,0.005,1774,0,0
210854,6.266,7.446,0.919,-0.016,0.233,0.035,1774,0,0
210874,6.261,7.429,0.967,-0.021,0.294,0.066,1774,0,0
210894,6.206,7.357,0.982,-0.037,0.341,0.077,1774,0,0
210914,6.141,7.427,0.996,-0.012,0.389,0.087,1774,0,0
210934,6.033,7.494,0.912,0.025,0.425,0.100,1774,0,0
210954,5.997,7.587,0.824,0.086,0.469,0.127,1774,0,0
210974,6.033,7.666,0.948,0.127,0.526,0.158,1775,0,0
210994,6.050,7.604,0.967,0.125,0.558,0.188,1774,0,0
211014,6.117,7.458,0.960,0.157,0.603,0.215,1775,0,0
211034,5.971,7.338,0.970,0.186,0.656,0.217,1775,0,0
211054,5.921,7.321,0.948,0.274,0.695,0.202,1775,0,0
211074,6.005,7.549,1.125,0.403,0.741,0.211,1775,0,0
211094,5.986,7.681,1.346,0.407,0.759,0.240,1775,0,0
211114,5.971,7.621,1.329,0.385,0.762,0.268,1775,0,0
211134,5.837,7.384,0.919,0.434,0.803,0.273,1775,0,0
211154,5.878,7.389,0.318,0.579,0.882,0.248,1775,0,0
211174,5.947,7.913,0.754,0.728,1.040,0.265,1776,0,0
211194,5.701,8.147,1.788,0.566,1.094,0.332,1775,0,0
211214,5.698,7.767,2.172,0.484,1.011,0.379,1775,0,0
211234,5.705,7.542,1.341,0.657,0.938,0.370,1775,0,0
211254,5.887,7.530,0.194,0.856,0.996,0.306,1775,0,0
211274,5.971,8.174,0.199,1.158,1.233,0.301,1775,0,0
211294,5.509,8.758,0.752,1.065,1.345,0.367,1775,0,0
211314,5.389,8.629,0.589,0.822,1.348,0.430,1774,0,0
211334,5.274,8.466,-0.084,0.779,1.412,0.453,1775,0,0
211354,5.598,8.806,-0.012,0.939,1.600,0.493,1775,0,0
211374,5.219,9.163,0.833,0.935,1.808,0.597,1776,0,0
211394,4.642,8.897,1.058,0.818,1.828,0.665,1776,0,0
211414,4.738,8.681,0.230,0.896,1.828,0.714,1775,0,0
211434,4.784,8.866,0.136,0.977,2.027,0.740,1775,0,0
211454,4.594,9.081,1.393,0.939,2.272,0.781,1775,0,0
211474,3.984,8.966,2.344,0.901,2.341,0.852,1776,0,0
211494,3.733,8.653,1.915,0.953,2.211,0.903,1775,0,0
211514,4.015,8.595,1.240,1.050,2.261,0.916,1775,0,0
211534,3.979,8.902,2.583,1.108,2.541,0.965,1775,0,0
211554,3.450,8.894,4.005,0.967,2.588,1.046,1776,0,0
211574,3.266,8.073,3.970,0.855,2.366,1.099,1776,0,0
211594,3.572,7.599,3.474,1.037,2.324,1.058,1776,0,0
211615,3.208,7.915,4.525,1.216,2.490,1.002,1776,0,0
211634,2.851,8.080,5.703,1.172,2.411,1.010,1776,0,0
211654,2.806,7.831,5.533,1.163,2.191,1.029,1776,0,0
211674,2.940,7.779,4.767,1.183,2.117,0.990,1776,0,0
211694,3.057,8.092,6.019,1.142,2.306,0.978,1777,0,0
211714,2.440,8.078,7.551,0.994,2.243,0.997,1777,0,0
211734,2.186,7.836,8.131,0.961,1.934,1.017,1778,0,0
211754,2.614,7.252,7.717,0.930,1.622,0.981,1778,0,0
211774,3.184,7.283,7.721,1.115,1.581,0.927,1779,0,0
211794,3.010,7.666,8.602,0.924,1.573,0.926,1778,0,0
211814,2.571,7.204,9.067,0.493,1.356,0.941,1777,0,0
211834,2.701,6.340,8.667,0.275,0.976,0.907,1780,0,0
211854,3.402,5.854,7.925,0.431,0.772,0.806,1778,0,0
211874,3.618,5.935,8.119,0.505,0.814,0.710,1778,0,0
211894,3.498,5.873,8.320,0.367,0.713,0.651,1778,0,0
211914,3.757,5.308,7.994,0.245,0.479,0.557,1778,0,0
211935,4.305,4.961,7.338,0.254,0.294,0.412,1777,0,0
211954,4.654,5.282,6.979,0.314,0.255,0.286,1777,0,0
211974,4.585,5.514,6.924,0.160,0.198,0.209,1777,0,0
211995,4.791,5.423,6.462,0.068,0.034,0.126,1777,0,0
212014,5.066,5.571,5.825,0.094,-0.078,0.043,1777,0,0
212034,5.160,5.866,5.516,0.026,-0.074,0.003,1776,0,0
212054,5.258,5.933,5.267,-0.089,-0.096,-0.017,1776,0,0
212074,5.483,5.918,4.920,-0.084,-0.150,-0.059,1776,0,0
212094,5.509,6.057,4.499,-0.053,-0.163,-0.112,1776,0,0
212114,5.543,6.357,4.269,-0.043,-0.142,-0.131,1775,0,0
212134,5.476,6.510,4.231,-0.064,-0.122,-0.136,1775,0,0
212154,5.569,6.653,4.082,-0.034,-0.124,-0.123,1775,0,0
212174,5.533,6.800,3.807,-0.046,-0.133,-0.099,1775,0,0
212194,5.559,6.730,3.625,-0.104,-0.127,-0.083,1775,0,0
212214,5.770,6.653,3.491,-0.086,-0.102,-0.075,1775,0,0
212234,5.827,6.694,3.534,-0.062,-0.057,-0.077,1775,0,0
212254,5.665,6.812,3.644,-0.019,-0.044,-0.080,1776,0,0
212274,5.581,7.022,3.584,0.008,-0.044,-0.049,1773,0,0
212294,5.567,6.936,3.620,-0.016,-0.021,-0.022,1775,0,0
212314,5.602,6.814,3.694,0.018,0.007,-0.015,1775,0,0
212334,5.612,6.845,3.828,0.077,0.014,-0.015,1774,0,0
212354,5.581,6.879,3.960,0.044,0.015,-0.011,1776,0,0
212374,5.545,6.886,3.962,0.046,0.008,-0.011,1775,0,0
212394,5.528,7.039,3.915,0.102,0.011,-0.006,1775,0,0
212414,5.456,7.140,4.022,0.088,0.041,0.022,1775,0,0
212434,5.516,7.092,4.077,0.030,0.045,0.046,1775,0,0
212454,5.610,6.931,4.037,0.041,0.027,0.051,1776,0,0
212474,5.624,6.917,4.032,0.034,0.055,0.065,1776,0,0
212494,5.478,6.881,4.288,-0.009,0.081,0.074,1776,0,0
212514,5.571,6.730,4.345,-0.002,0.045,0.077,1776,0,0
212534,5.787,6.677,4.235,0.027,0.024,0.078,1776,0,0
212554,5.796,6.646,4.216,-0.003,0.033,0.067,1776,0,0
212574,5.789,6.627,4.281,-0.013,0.027,0.052,1776,0,0
212594,5.765,6.665,4.219,0.022,-0.006,0.040,1776,0,0
212614,5.775,6.838,4.044,0.029,-0.033,0.037,1776,0,0
212634,5.722,6.895,3.922,-0.020,-0.035,0.049,1775,0,0
212654,5.713,6.843,3.905,-0.056,-0.005,0.059,1775,0,0
212674,5.713,6.732,3.970,-0.028,0.002,0.065,1776,0,0
212694,5.638,6.658,3.960,-0.026,-0.015,0.055,1775,0,0
212714,5.593,6.613,3.879,-0.041,-0.025,0.044,1775,0,0
212734,5.674,6.673,3.917,-0.021,-0.023,0.042,1776,0,0
212754,5.679,6.689,3.926,-0.010,-0.021,0.039,1776,0,0
212774,5.677,6.680,3.871,-0.034,-0.020,0.044,1776,0,0
212794,5.614,6.625,3.888,-0.076,-0.018,0.044,1775,0,0
212814,5.646,6.507,3.948,-0.068,-0.029,0.024,1776,0,0
212834,5.746,6.529,3.855,0.013,-0.055,-0.007,1774,0,0
212854,5.789,6.642,3.704,0.017,-0.064,-0.020,1775,0,0
212874,5.744,6.704,3.536,-0.024,-0.056,-0.034,1775,0,0
212894,5.763,6.843,3.553,-0.033,-0.026,-0.040,1775,0,0
212914,5.674,7.020,3.654,-0.031,-0.006,-0.030,1776,0,0
212935,5.626,7.005,3.620,-0.050,-0.006,-0.007,1774,0,0
212954,5.713,6.902,3.575,-0.060,-0.006,0.002,1775,0,0
212974,5.744,6.812,3.558,-0.026,-0.001,-0.009,1775,0,0
212994,5.691,6.879,3.670,0.005,0.022,-0.003,1776,0,0
213014,5.684,6.838,3.776,-0.043,0.018,0.011,1776,0,0
213034,5.768,6.649,3.713,-0.078,0.004,-0.002,1776,0,0
213054,5.717,6.606,3.725,-0.047,0.005,-0.021,1776,0,0
213074,5.669,6.740,3.723,-0.010,0.015,-0.025,1777,0,0
213094,5.691,6.764,3.845,-0.055,0.014,-0.020,1776,0,0
213114,5.775,6.673,3.845,-0.058,-0.011,-0.039,1775,0,0
213134,5.847,6.754,3.711,-0.017,-0.024,-0.051,1775,0,0
213154,5.792,6.876,3.689,-0.046,-0.004,-0.056,1776,0,0
213174,5.708,6.850,3.790,-0.072,0.001,-0.062,1775,0,0
213194,5.813,7.013,3.721,-0.025,0.001,-0.055,1775,0,0
213214,5.806,7.180,3.704,-0.038,0.029,-0.038,1775,0,0
213234,5.672,7.149,3.876,-0.128,0.045,-0.013,1776,0,0
213254,5.737,6.907,3.994,-0.143,0.014,0.001,1775,0,0
213274,5.780,6.771,3.962,-0.094,-0.013,-0.015,1775,0,0
213294,5.784,6.847,3.819,-0.058,-0.027,-0.023,1775,0,0
213314,5.763,6.910,3.733,-0.074,-0.012,-0.015,1775,0,0
213334,5.758,6.766,3.802,-0.124,-0.007,-0.009,1775,0,0
213354,5.849,6.656,3.809,-0.123,-0.025,-0.023,1776,0,0
213374,5.801,6.713,3.706,-0.096,-0.025,-0.037,1775,0,0
213394,5.720,6.804,3.692,-0.107,-0.014,-0.037,1775,0,0
213414,5.610,6.797,3.785,-0.107,-0.024,-0.037,1774,0,0
213434,5.607,6.773,3.670,-0.082,-0.039,-0.037,1775,0,0
213454,5.605,6.709,3.596,-0.083,-0.036,-0.046,1775,0,0
213474,5.590,6.637,3.587,-0.087,-0.021,-0.058,1774,0,0
213494,5.598,6.704,3.649,-0.055,-0.007,-0.074,1775,0,0
213514,5.602,6.835,3.673,-0.056,0.005,-0.074,1775,0,0
213534,5.614,6.847,3.670,-0.090,0.013,-0.069,1775,0,0
213554,5.677,6.828,3.780,-0.126,0.024,-0.073,1775,0,0
213574,5.691,6.807,3.867,-0.113,0.024,-0.075,1775,0,0
213594,5.705,6.874,3.869,-0.065,0.017,-0.070,1775,0,0
213614,5.689,6.919,3.819,-0.080,0.007,-0.063,1775,0,0
213634,5.737,6.917,3.831,-0.112,-0.003,-0.063,1774,0,0
213654,5.741,6.977,3.881,-0.093,-0.004,-0.065,1774,0,0
213674,5.691,7.096,3.838,-0.071,-0.009,-0.056,1775,0,0
213694,5.662,7.187,3.730,-0.067,-0.010,-0.032,1774,0,0
213714,5.552,7.125,3.677,-0.087,-0.011,-0.016,1775,0,0
213734,5.571,7.046,3.639,-0.080,-0.001,-0.001,1776,0,0
213755,5.473,6.898,3.689,-0.074,0.022,0.005,1774,0,0
213774,5.485,6.771,3.706,-0.062,0.016,0.003,1775,0,0
213794,5.600,6.704,3.567,-0.048,0.025,-0.005,1776,0,0
213814,5.593,6.668,3.677,-0.071,0.059,-0.020,1776,0,0
213834,5.519,6.759,3.816,-0.082,0.079,-0.024,1774,0,0
213854,5.480,6.831,3.919,-0.075,0.078,-0.026,1775,0,0
213874,5.495,6.852,3.950,-0.095,0.074,-0.019,1775,0,0
213894,5.545,6.754,3.974,-0.091,0.063,-0.020,1775,0,0
213914,5.607,6.661,3.967,-0.081,0.060,-0.033,1776,0,0
213934,5.648,6.675,3.962,-0.063,0.043,-0.053,1775,0,0
213954,5.581,6.881,3.910,-0.027,0.032,-0.058,1775,0,0
213974,5.538,7.020,3.862,-0.034,0.023,-0.040,1776,0,0
213994,5.571,6.934,3.809,-0.055,0.019,-0.028,1775,0,0
214014,5.602,6.852,3.816,-0.048,0.023,-0.027,1775,0,0
214034,5.540,6.838,3.771,-0.041,0.029,-0.040,1775,0,0
214054,5.468,6.898,3.812,-0.026,0.027,-0.048,1775,0,0
214074,5.430,6.981,3.785,-0.017,0.041,-0.040,1776,0,0
214094,5.423,6.962,3.795,-0.032,0.041,-0.030,1775,0,0
214114,5.478,6.907,3.754,-0.039,0.051,-0.033,1775,0,0
214134,5.442,6.953,3.821,-0.055,0.070,-0.042,1775,0,0
214154,5.411,7.039,4.001,-0.067,0.075,-0.037,1775,0,0
214175,5.351,7.051,4.156,-0.062,0.052,-0.019,1775,0,0
214194,5.430,6.998,4.135,-0.052,0.019,-0.004,1775,0,0
214214,5.504,6.797,4.037,-0.062,0.009,-0.011,1775,0,0
214234,5.550,6.706,4.032,-0.068,0.012,-0.028,1776,0,0
214254,5.571,6.752,4.039,-0.045,-0.002,-0.044,1775,0,0
214274,5.543,6.852,4.053,-0.043,-0.018,-0.050,1775,0,0
214294,5.523,6.993,4.008,-0.056,-0.030,-0.048,1775,0,0
214314,5.473,7.046,3.931,-0.069,-0.037,-0.041,1775,0,0
214334,5.533,7.061,3.800,-0.059,-0.038,-0.034,1776,0,0
214354,5.550,7.075,3.742,-0.050,-0.023,-0.029,1775,0,0
214374,5.504,7.104,3.773,-0.056,-0.017,-0.026,1775,0,0
214394,5.428,7.027,3.757,-0.074,-0.017,-0.024,1775,0,0
214414,5.459,7.015,3.618,-0.058,-0.010,-0.025,1775,0,0
214434,5.464,7.063,3.555,-0.040,0.021,-0.016,1775,0,0
214454,5.392,7.108,3.675,-0.068,0.054,-0.005,1775,0,0
214474,5.387,7.001,3.845,-0.108,0.053,0.008,1775,0,0
214494,5.480,6.843,3.838,-0.104,0.044,0.005,1774,0,0
214514,5.437,6.833,3.965,-0.084,0.040,-0.011,1775,0,0
214534,5.380,6.900,3.970,-0.049,0.027,-0.021,1775,0,0
214554,5.409,6.981,3.950,-0.034,0.011,-0.012,1776,0,0
214574,5.464,6.902,3.900,-0.064,0.002,-0.005,1775,0,0
214594,5.514,6.800,3.859,-0.081,-0.006,-0.013,1775,0,0
214614,5.499,6.742,3.879,-0.073,-0.007,-0.033,1775,0,0
214634,5.485,6.814,3.819,-0.044,-0.013,-0.052,1775,0,0
214654,5.464,6.989,3.742,-0.021,-0.010,-0.059,1775,0,0
214674,5.459,7.144,3.740,-0.039,-0.001,-0.052,1774,0,0
214694,5.413,7.168,3.723,-0.062,0.015,-0.041,1775,0,0
214714,5.413,7.128,3.718,-0.069,0.018,-0.029,1775,0,0
214734,5.411,7.022,3.675,-0.067,0.035,-0.026,1776,0,0
214754,5.325,6.970,3.654,-0.052,0.055,-0.028,1775,0,0
214774,5.325,7.051,3.785,-0.038,0.069,-0.027,1775,0,0
214794,5.327,7.049,3.869,-0.074,0.060,-0.019,1775,0,0
214814,5.373,6.979,3.876,-0.083,0.046,-0.017,1775,0,0
214834,5.397,6.919,3.893,-0.063,0.045,-0.018,1775,0,0
214854,5.406,6.883,3.962,-0.052,0.045,-0.020,1775,0,0
214875,5.432,6.852,3.974,-0.059,0.029,-0.026,1775,0,0
214894,5.461,6.862,3.900,-0.056,0.004,-0.043,1775,0,0
214914,5.447,6.922,3.838,-0.052,0.010,-0.050,1775,0,0
214934,5.332,7.053,3.905,-0.047,0.018,-0.044,1775,0,0
214954,5.349,7.156,3.943,-0.048,0.011,-0.032,1775,0,0
214974,5.377,7.106,3.907,-0.055,0.002,-0.024,1775,0,0
214994,5.351,7.010,3.907,-0.060,-0.009,-0.028,1775,0,0
215014,5.282,6.946,3.912,-0.041,-0.022,-0.033,1775,0,0
215034,5.322,6.950,3.843,-0.017,-0.023,-0.039,1775,0,0
215054,5.334,6.979,3.737,-0.014,-0.017,-0.050,1775,0,0
215074,5.284,7.056,3.692,-0.036,0.002,-0.052,1775,0,0
215094,5.239,7.106,3.761,-0.065,0.031,-0.041,1775,0,0
215114,5.243,7.049,3.886,-0.073,0.031,-0.033,1775,0,0
215134,5.313,7.075,3.838,-0.055,0.025,-0.034,1775,0,0
215154,5.327,7.116,3.852,-0.058,0.027,-0.032,1775,0,0
215174,5.327,7.065,3.881,-0.074,0.032,-0.021,1775,0,0
215194,5.397,6.950,3.948,-0.065,0.026,-0.022,1775,0,0
215214,5.430,6.960,3.869,-0.040,0.011,-0.041,1775,0,0
215234,5.454,7.149,3.788,-0.039,0.008,-0.047,1775,0,0
215254,5.373,7.324,3.903,-0.063,0.033,-0.033,1773,0,0
215274,5.337,7.312,4.010,-0.065,0.028,-0.006,1775,0,0
215294,5.346,7.230,3.991,-0.064,0.004,0.013,1775,0,0
215314,5.339,7.087,3.879,-0.087,-0.021,0.009,1775,0,0
215334,5.310,7.015,3.749,-0.055,-0.029,-0.003,1775,0,0
215354,5.234,7.058,3.670,-0.004,-0.018,-0.006,1776,0,0
215374,5.277,7.151,3.510,-0.011,-0.001,0.001,1775,0,0
215394,5.289,7.113,3.481,-0.059,0.027,0.011,1775,0,0
215414,5.239,7.001,3.587,-0.077,0.059,0.012,1775,0,0
215434,5.183,6.931,3.694,-0.049,0.058,0.005,1775,0,0
215454,5.200,6.917,3.773,-0.041,0.055,-0.004,1775,0,0
215474,5.162,6.900,3.761,-0.041,0.044,-0.022,1775,0,0
215495,5.224,7.027,3.749,-0.015,0.047,-0.033,1775,0,0
215514,5.212,7.113,3.898,-0.024,0.064,-0.029,1775,0,0
215534,5.224,7.061,4.046,-0.049,0.048,-0.028,1775,0,0
215554,5.241,6.998,4.044,-0.038,0.005,-0.037,1775,0,0
215574,5.318,6.986,3.991,-0.036,-0.011,-0.052,1775,0,0
215594,5.327,7.075,3.977,-0.035,-0.002,-0.054,1774,0,0
215614,5.339,7.147,3.982,-0.038,-0.007,-0.055,1774,0,0
215634,5.325,7.197,3.924,-0.056,-0.024,-0.053,1775,0,0
215654,5.277,7.240,3.792,-0.067,-0.027,-0.054,1775,0,0
215674,5.337,7.238,3.694,-0.060,-0.014,-0.046,1774,0,0
215694,5.363,7.250,3.637,-0.042,0.010,-0.036,1774,0,0
215714,5.325,7.252,3.687,-0.066,0.032,-0.028,1774,0,0
215734,5.267,7.216,3.711,-0.083,0.037,-0.021,1775,0,0
215754,5.217,7.207,3.800,-0.080,0.042,-0.003,1775,0,0
215774,5.210,7.046,3.886,-0.087,0.022,0.004,1775,0,0
215794,5.224,6.943,3.819,-0.056,-0.001,-0.014,1775,0,0
215814,5.250,6.986,3.654,-0.025,-0.005,-0.031,1775,0,0
215834,5.207,7.061,3.658,-0.035,0.020,-0.033,1775,0,0
215854,5.143,7.061,3.721,-0.046,0.020,-0.029,1775,0,0
215874,5.222,7.022,3.699,-0.035,0.007,-0.032,1775,0,0
215894,5.291,7.077,3.668,-0.044,0.007,-0.044,1775,0,0
215914,5.253,7.159,3.766,-0.047,0.015,-0.054,1775,0,0
215934,5.229,7.321,3.845,-0.019,0.013,-0.046,1773,0,0
215954,5.250,7.278,3.859,-0.007,0.009,-0.043,1775,0,0
215974,5.236,7.377,3.766,0.038,0.003,-0.042,1774,0,0
215994,5.160,7.434,3.709,0.007,0.009,-0.028,1775,0,0
216014,5.181,7.408,3.666,-0.034,0.019,-0.016,1775,0,0
216034,5.183,7.386,3.713,-0.039,0.032,-0.001,1775,0,0
216054,5.231,7.341,3.728,-0.060,0.049,0.015,1775,0,0
216074,5.186,7.223,3.812,-0.086,0.061,0.024,1775,0,0
216094,5.191,7.173,3.893,-0.087,0.063,0.026,1775,0,0
216114,5.198,7.166,4.032,-0.070,0.054,0.023,1775,0,0
216134,5.227,7.087,4.046,-0.078,0.022,0.022,1775,0,0
216154,5.277,7.092,3.953,-0.068,-0.008,0.017,1775,0,0
216174,5.253,7.080,3.938,-0.057,-0.012,0.009,1775,0,0
216194,5.193,7.197,3.797,-0.047,-0.021,0.004,1775,0,0
216214,5.193,7.228,3.721,-0.073,-0.023,0.011,1775,0,0
216234,5.179,7.183,3.677,-0.084,-0.018,0.010,1775,0,0
216254,5.171,7.168,3.639,-0.072,-0.021,0.008,1775,0,0
216274,5.183,7.171,3.606,-0.059,-0.016,0.003,1775,0,0
216294,5.131,7.216,3.646,-0.059,-0.001,0.003,1775,0,0
216315,5.133,7.180,3.711,-0.071,-0.001,0.013,1776,0,0
216334,5.186,7.039,3.687,-0.082,-0.012,0.005,1775,0,0
216354,5.274,6.950,3.572,-0.047,-0.008,-0.012,1775,0,0
216374,5.282,7.077,3.541,-0.033,0.024,-0.025,1775,0,0
216394,5.212,7.159,3.685,-0.067,0.044,-0.021,1775,0,0
216414,5.181,7.180,3.802,-0.085,0.040,-0.012,1775,0,0
216434,5.234,7.132,3.883,-0.088,0.025,-0.008,1775,0,0
216454,5.255,7.096,3.847,-0.063,0.010,-0.018,1775,0,0
216474,5.205,7.175,3.812,-0.030,-0.010,-0.029,1775,0,0
216494,5.207,7.290,3.610,-0.019,-0.027,-0.027,1775,0,0
216514,5.239,7.377,3.493,-0.032,-0.010,-0.018,1775,0,0
216534,5.234,7.408,3.519,-0.058,0.021,0.005,1775,0,0
216554,5.167,7.281,3.608,-0.075,0.031,0.020,1775,0,0
216574,5.205,7.147,3.723,-0.064,0.019,0.011,1775,0,0
216594,5.212,7.178,3.682,-0.035,0.020,0.001,1775,0,0
216614,5.210,7.269,3.661,-0.030,0.031,0.002,1774,0,0
216634,5.198,7.341,3.809,-0.055,0.055,0.017,1775,0,0
216654,5.157,7.204,4.010,-0.103,0.051,0.030,1776,0,0
216674,5.183,7.032,4.025,-0.095,0.022,0.027,1775,0,0
216694,5.272,6.953,4.001,-0.066,0.003,0.014,1776,0,0
216714,5.253,7.039,3.926,-0.062,0.008,0.002,1775,0,0
216734,5.164,7.106,3.938,-0.069,0.008,-0.005,1776,0,0
216754,5.145,7.128,3.893,-0.085,-0.012,0.003,1776,0,0
216774,5.157,7.017,3.833,-0.122,-0.017,0.003,1775,0,0
216794,5.140,6.888,3.749,-0.099,-0.029,-0.009,1775,0,0
216814,5.152,6.972,3.575,-0.041,-0.035,-0.021,1775,0,0
216834,5.140,7.058,3.450,-0.037,-0.024,-0.019,1775,0,0
216854,5.128,7.051,3.421,-0.048,-0.009,-0.021,1775,0,0
216874,5.152,7.077,3.457,-0.042,0.014,-0.018,1775,0,0
216894,5.205,7.039,3.558,-0.033,0.002,-0.021,1775,0,0
216914,5.298,7.072,3.500,-0.007,-0.009,-0.031,1775,0,0
216934,5.286,7.226,3.519,0.021,0.015,-0.033,1775,0,0
216954,5.255,7.309,3.591,0.014,0.030,-0.021,1775,0,0
216974,5.289,7.276,3.658,-0.016,0.031,-0.016,1775,0,0
216994,5.344,7.269,3.754,-0.032,0.037,-0.014,1775,0,0
217014,5.334,7.329,3.833,-0.008,0.041,-0.003,1774,0,0
217034,5.301,7.350,3.910,-0.006,0.026,0.007,1775,0,0
217054,5.358,7.245,3.883,-0.021,0.002,0.009,1775,0,0
217074,5.351,7.209,3.766,-0.024,-0.008,0.003,1776,0,0
217094,5.277,7.259,3.656,-0.012,-0.003,0.006,1776,0,0
217114,5.224,7.338,3.644,-0.023,-0.003,0.010,1776,0,0
217134,5.236,7.295,3.610,-0.036,-0.003,0.014,1776,0,0
217154,5.236,7.274,3.582,-0.031,0.007,0.018,1776,0,0
217174,5.193,7.252,3.606,-0.040,0.017,0.023,1776,0,0
217194,5.207,7.149,3.649,-0.043,0.017,0.020,1775,0,0
217214,5.224,7.113,3.596,-0.030,0.002,0.009,1775,0,0
217234,5.262,7.166,3.541,-0.021,0.004,0.009,1775,0,0
217254,5.234,7.144,3.582,-0.038,0.022,0.007,1775,0,0
217274,5.231,7.099,3.682,-0.046,0.025,-0.000,1775,0,0
217294,5.301,7.087,3.682,-0.033,0.008,-0.004,1775,0,0
217314,5.349,7.087,3.634,-0.045,-0.002,-0.014,1775,0,0
217334,5.279,7.132,3.563,-0.041,0.001,-0.025,1775,0,0
217354,5.200,7.247,3.548,-0.022,0.009,-0.025,1776,0,0
217374,5.270,7.290,3.543,-0.023,0.008,-0.014,1775,0,0
217394,5.329,7.242,3.551,-0.053,0.008,-0.016,1775,0,0
217414,5.327,7.269,3.481,-0.051,0.011,-0.022,1775,0,0
217434,5.296,7.302,3.460,-0.027,0.018,-0.018,1774,0,0
217454,5.253,7.396,3.469,-0.023,0.030,-0.010,1775,0,0
217474,5.229,7.386,3.527,-0.041,0.036,0.001,1775,0,0
217494,5.258,7.336,3.563,-0.051,0.021,0.009,1776,0,0
217514,5.337,7.264,3.488,-0.037,0.016,0.006,1776,0,0
217534,5.291,7.278,3.448,-0.027,0.023,0.002,1775,0,0
217554,5.241,7.343,3.450,-0.016,0.031,0.003,1775,0,0
217574,5.157,7.331,3.469,-0.045,0.041,0.007,1775,0,0
217594,5.152,7.286,3.476,-0.044,0.037,0.005,1775,0,0
217614,5.164,7.302,3.397,-0.041,0.057,0.002,1775,0,0
217634,5.114,7.386,3.503,-0.055,0.085,0.007,1775,0,0
217654,5.059,7.329,3.709,-0.089,0.080,0.012,1775,0,0
217674,5.045,7.283,3.780,-0.078,0.054,0.005,1775,0,0
217694,5.049,7.281,3.759,-0.062,0.049,-0.003,1775,0,0
217714,4.994,7.290,3.847,-0.059,0.046,0.009,1775,0,0
217734,5.095,7.178,3.989,-0.080,0.017,0.015,1775,0,0
217754,5.179,7.034,3.974,-0.084,-0.011,0.004,1775,0,0
217774,5.272,7.008,3.838,-0.052,-0.026,-0.011,1775,0,0
217794,5.277,6.998,3.728,-0.055,-0.019,-0.020,1776,0,0
217814,5.296,6.996,3.735,-0.073,-0.009,-0.029,1776,0,0
217834,5.373,7.058,3.752,-0.068,-0.020,-0.041,1775,0,0
217854,5.413,7.207,3.706,-0.078,-0.027,-0.049,1775,0,0
217874,5.344,7.286,3.666,-0.110,-0.037,-0.052,1776,0,0
217894,5.267,7.369,3.575,-0.096,-0.037,-0.046,1776,0,0
217914,5.215,7.408,3.539,-0.066,-0.030,-0.032,1776,0,0
217934,5.308,7.415,3.534,-0.086,-0.029,-0.011,1776,0,0
217954,5.325,7.257,3.517,-0.114,-0.031,-0.008,1776,0,0
217974,5.284,7.190,3.419,-0.096,-0.021,-0.015,1776,0,0
217994,5.236,7.269,3.428,-0.071,0.001,-0.014,1776,0,0
218014,5.222,7.286,3.572,-0.080,0.013,-0.000,1775,0,0
218034,5.286,7.235,3.663,-0.100,0.000,0.001,1775,0,0
218055,5.303,7.173,3.680,-0.098,-0.001,-0.009,1774,0,0
218074,5.222,7.230,3.615,-0.074,0.000,-0.011,1775,0,0
218094,5.195,7.235,3.658,-0.075,-0.002,0.001,1775,0,0
218114,5.236,7.116,3.687,-0.094,-0.010,0.000,1776,0,0
218134,5.250,7.096,3.651,-0.077,-0.019,-0.014,1776,0,0
218154,5.239,7.144,3.548,-0.058,-0.019,-0.019,1775,0,0
218174,5.301,7.156,3.443,-0.064,-0.017,-0.012,1775,0,0
218194,5.454,7.135,3.402,-0.069,0.000,-0.007,1776,0,0
218214,5.449,7.144,3.484,-0.065,0.014,-0.008,1775,0,0
218234,5.418,7.175,3.546,-0.041,-0.001,-0.009,1776,0,0
218254,5.397,7.259,3.476,-0.005,-0.033,0.001,1776,0,0
218274,5.492,7.056,3.486,0.017,-0.038,-0.012,1776,0,0
218294,5.409,7.350,3.428,0.130,-0.033,-0.038,1776,0,0
218314,5.270,7.532,3.505,0.105,-0.041,-0.036,1776,0,0
218334,5.239,7.640,3.436,0.087,-0.035,-0.019,1775,0,0
218354,5.155,7.678,3.508,0.075,-0.008,-0.001,1775,0,0
218374,5.143,7.566,3.606,-0.027,-0.001,0.024,1776,0,0
218394,5.215,7.367,3.589,-0.106,0.003,0.029,1776,0,0
218414,5.267,7.283,3.565,-0.094,0.023,0.033,1776,0,0
218434,5.241,7.219,3.673,-0.098,0.046,0.039,1776,0,0
218454,5.171,7.101,3.795,-0.125,0.034,0.035,1775,0,0
218474,5.205,7.015,3.788,-0.137,0.003,0.023,1776,0,0
218494,5.212,6.958,3.637,-0.107,-0.018,0.009,1776,0,0
218514,5.248,7.003,3.474,-0.070,-0.029,-0.003,1776,0,0
218534,5.236,7.053,3.361,-0.080,-0.025,-0.013,1776,0,0
218554,5.239,7.080,3.323,-0.086,-0.016,-0.016,1776,0,0
218574,5.274,7.084,3.266,-0.077,-0.008,-0.023,1776,0,0
218594,5.310,7.118,3.249,-0.067,-0.007,-0.037,1776,0,0
218614,5.327,7.233,3.318,-0.036,0.003,-0.046,1775,0,0
218634,5.320,7.410,3.381,-0.028,0.003,-0.038,1776,0,0
218654,5.353,7.463,3.390,-0.039,0.000,-0.023,1776,0,0
218674,5.334,7.417,3.366,-0.046,0.004,-0.007,1776,0,0
218694,5.344,7.319,3.347,-0.036,0.007,0.005,1776,0,0
218714,5.432,7.211,3.338,-0.025,0.010,0.013,1776,0,0
218734,5.545,7.149,3.316,-0.011,0.009,0.010,1776,0,0
218754,5.516,7.192,3.330,-0.001,0.013,0.001,1776,0,0
218774,5.437,7.269,3.333,-0.017,0.019,-0.006,1776,0,0
218794,5.329,7.348,3.407,-0.007,0.022,-0.007,1776,0,0
218814,5.363,7.420,3.369,0.028,0.011,0.004,1777,0,0
218834,5.310,7.446,3.318,0.025,0.016,0.009,1776,0,0
218854,5.270,7.448,3.306,-0.011,0.021,0.008,1776,0,0
218874,5.200,7.427,3.366,-0.017,0.032,0.012,1776,0,0
218894,5.198,7.415,3.426,-0.024,0.034,0.016,1776,0,0
218914,5.248,7.360,3.419,-0.041,0.038,0.019,1776,0,0
218934,5.234,7.240,3.519,-0.046,0.038,0.015,1775,0,0
218954,5.224,7.185,3.536,-0.053,0.027,0.007,1775,0,0
218974,5.246,7.161,3.536,-0.060,0.018,-0.006,1776,0,0
218994,5.291,7.195,3.536,-0.055,0.003,-0.010,1776,0,0
219014,5.313,7.216,3.428,-0.049,-0.002,-0.015,1775,0,0
219034,5.274,7.195,3.421,-0.072,0.007,-0.025,1776,0,0
219054,5.301,7.223,3.428,-0.070,0.002,-0.033,1776,0,0
219074,5.272,7.353,3.450,-0.054,-0.003,-0.039,1776,0,0
219094,5.255,7.446,3.357,-0.066,-0.019,-0.031,1776,0,0
219114,5.250,7.429,3.256,-0.065,-0.011,-0.024,1776,0,0
219134,5.272,7.379,3.254,-0.057,0.007,-0.019,1776,0,0
219154,5.318,7.336,3.268,-0.066,0.019,-0.019,1776,0,0
219174,5.334,7.355,3.311,-0.075,0.031,-0.025,1776,0,0
219195,5.301,7.408,3.311,-0.076,0.040,-0.024,1776,0,0
219214,5.294,7.475,3.326,-0.064,0.043,-0.014,1776,0,0
219234,5.265,7.472,3.395,-0.072,0.048,-0.006,1776,0,0
219254,5.231,7.446,3.474,-0.085,0.045,0.001,1776,0,0
219274,5.215,7.429,3.505,-0.071,0.035,0.011,1776,0,0
219294,5.224,7.379,3.484,-0.064,0.028,0.016,1775,0,0
219314,5.229,7.321,3.445,-0.082,0.037,0.017,1776,0,0
219334,5.231,7.240,3.579,-0.087,0.040,0.012,1776,0,0
219354,5.291,7.207,3.644,-0.082,0.025,0.009,1776,0,0
219374,5.322,7.180,3.651,-0.093,0.001,-0.001,1775,0,0
219394,5.308,7.175,3.598,-0.098,-0.020,-0.013,1775,0,0
219414,5.325,7.286,3.493,-0.064,-0.024,-0.018,1776,0,0
219434,5.349,7.396,3.385,-0.067,-0.018,-0.003,1776,0,0
219454,5.397,7.317,3.347,-0.096,-0.018,0.006,1775,0,0
219474,5.413,7.266,3.249,-0.104,-0.020,-0.002,1775,0,0
219494,5.447,7.333,3.191,-0.081,-0.007,-0.004,1776,0,0
219514,5.447,7.448,3.290,-0.071,0.014,0.009,1776,0,0
219534,5.385,7.465,3.352,-0.068,0.010,0.023,1775,0,0
219554,5.368,7.465,3.314,-0.069,0.005,0.038,1776,0,0
219574,5.399,7.369,3.326,-0.080,0.012,0.048,1775,0,0
219594,5.356,7.286,3.335,-0.066,0.020,0.051,1776,0,0
219614,5.306,7.278,3.493,-0.064,0.033,0.049,1776,0,0
219634,5.222,7.264,3.613,-0.076,0.023,0.050,1775,0,0
219654,5.222,7.192,3.584,-0.079,0.006,0.047,1776,0,0
219674,5.284,7.096,3.539,-0.074,0.001,0.038,1776,0,0
219694,5.294,7.037,3.500,-0.076,0.008,0.026,1776,0,0
219714,5.294,7.015,3.558,-0.087,0.009,0.015,1775,0,0
219734,5.289,6.972,3.567,-0.108,0.009,0.002,1776,0,0
219754,5.274,6.960,3.620,-0.118,0.014,-0.018,1776,0,0
219774,5.255,7.041,3.658,-0.101,0.000,-0.033,1775,0,0
219794,5.277,7.147,3.577,-0.083,-0.015,-0.036,1776,0,0
219814,5.322,7.180,3.534,-0.094,-0.020,-0.036,1776,0,0
219834,5.346,7.128,3.500,-0.110,-0.017,-0.038,1775,0,0
219854,5.358,7.099,3.479,-0.126,-0.010,-0.047,1775,0,0
219874,5.375,7.147,3.541,-0.104,-0.014,-0.058,1776,0,0
219894,5.353,7.283,3.508,-0.085,-0.028,-0.061,1776,0,0
219914,5.413,7.336,3.421,-0.094,-0.028,-0.048,1776,0,0
219934,5.449,7.242,3.407,-0.109,-0.011,-0.035,1776,0,0
219954,5.485,7.235,3.388,-0.086,-0.010,-0.037,1776,0,0
219974,5.435,7.348,3.450,-0.077,-0.006,-0.030,1775,0,0
219994,5.420,7.372,3.467,-0.097,-0.002,-0.013,1776,0,0
220014,5.351,7.321,3.519,-0.077,-0.005,-0.002,1776,0,0
220034,5.380,7.355,3.488,-0.043,-0.019,0.007,1776,0,0
220054,5.358,7.343,3.512,-0.063,-0.023,0.014,1775,0,0
220074,5.294,7.242,3.443,-0.077,-0.031,0.012,1775,0,0
220094,5.334,7.238,3.407,-0.046,-0.019,0.010,1776,0,0
220114,5.303,7.276,3.450,-0.041,-0.001,0.010,1776,0,0
220134,5.284,7.298,3.539,-0.068,-0.000,0.016,1776,0,0
220154,5.272,7.228,3.639,-0.094,-0.003,0.022,1776,0,0
220174,5.246,7.128,3.716,-0.086,-0.008,0.018,1776,0,0
220194,5.248,7.065,3.737,-0.079,-0.012,0.016,1776,0,0
220214,5.282,7.039,3.745,-0.085,-0.021,0.020,1776,0,0
220234,5.363,6.934,3.711,-0.097,-0.033,0.017,1776,0,0
220254,5.358,6.864,3.668,-0.092,-0.036,0.006,1775,0,0
220274,5.375,6.869,3.666,-0.079,-0.042,-0.007,1776,0,0
220294,5.416,6.867,3.608,-0.079,-0.066,-0.019,1776,0,0
220314,5.511,6.943,3.414,-0.053,-0.080,-0.031,1776,0,0
220334,5.583,7.044,3.251,-0.035,-0.072,-0.031,1776,0,0
220354,5.677,7.082,3.134,-0.027,-0.063,-0.030,1776,0,0
220374,5.610,7.207,3.053,-0.024,-0.050,-0.038,1776,0,0
220394,5.574,7.331,3.055,-0.001,-0.038,-0.030,1776,0,0
220414,5.550,7.477,2.971,0.018,-0.016,-0.007,1776,0,0
220434,5.569,7.448,2.923,0.017,0.008,0.009,1777,0,0
220454,5.547,7.453,2.897,0.005,0.040,0.022,1776,0,0
220474,5.511,7.379,2.959,-0.014,0.062,0.033,1776,0,0
220494,5.540,7.317,3.019,0.001,0.080,0.044,1776,0,0
220514,5.602,7.257,3.151,0.015,0.093,0.043,1776,0,0
220534,5.555,7.254,3.249,0.031,0.095,0.040,1776,0,0
220554,5.497,7.286,3.256,0.015,0.080,0.036,1776,0,0
220574,5.511,7.309,3.294,0.018,0.078,0.041,1776,0,0
220594,5.468,7.369,3.342,0.041,0.081,0.050,1776,0,0
220614,5.452,7.365,3.347,0.044,0.069,0.051,1776,0,0
220634,5.432,7.374,3.400,0.027,0.056,0.050,1776,0,0
220654,5.485,7.314,3.440,-0.002,0.052,0.041,1776,0,0
220674,5.423,7.400,3.469,0.006,0.058,0.027,1776,0,0
220694,5.332,7.542,3.462,-0.016,0.071,0.035,1776,0,0
220714,5.253,7.535,3.630,-0.070,0.074,0.050,1776,0,0
220734,5.227,7.357,3.816,-0.110,0.064,0.055,1776,0,0
220754,5.231,7.180,3.876,-0.106,0.042,0.050,1776,0,0
220774,5.246,7.022,3.874,-0.107,0.011,0.041,1776,0,0
220794,5.272,6.883,3.754,-0.114,-0.018,0.031,1776,0,0
220814,5.339,6.752,3.613,-0.111,-0.029,0.015,1776,0,0
220834,5.409,6.668,3.407,-0.105,-0.044,-0.009,1776,0,0
220854,5.543,6.694,3.323,-0.089,-0.052,-0.036,1776,0,0
220874,5.540,6.821,3.201,-0.084,-0.056,-0.067,1776,0,0
220894,5.504,7.072,3.084,-0.046,-0.050,-0.088,1776,0,0
220914,5.459,7.444,2.974,-0.019,-0.023,-0.076,1776,0,0
220934,5.411,7.616,3.024,-0.047,-0.012,-0.053,1776,0,0
220954,5.423,7.573,3.122,-0.070,0.001,-0.027,1776,0,0
220974,5.409,7.434,3.144,-0.063,0.023,-0.007,1776,0,0
220994,5.454,7.278,3.182,-0.037,0.023,-0.006,1777,0,0
221014,5.519,7.247,3.232,-0.019,0.030,-0.008,1776,0,0
221034,5.543,7.228,3.239,-0.036,0.049,-0.003,1776,0,0
221054,5.492,7.149,3.383,-0.059,0.065,-0.001,1776,0,0
221074,5.478,7.049,3.467,-0.070,0.062,-0.004,1778,0,0
221094,5.545,6.981,3.484,-0.060,0.046,-0.017,1776,0,0
221114,5.578,7.017,3.524,-0.045,0.046,-0.034,1776,0,0
221134,5.495,7.202,3.522,-0.040,0.046,-0.042,1776,0,0
221154,5.423,7.326,3.615,-0.054,0.024,-0.035,1776,0,0
221174,5.497,7.345,3.572,-0.075,-0.005,-0.026,1776,0,0
221194,5.540,7.326,3.460,-0.068,-0.009,-0.021,1776,0,0
221214,5.516,7.305,3.409,-0.053,-0.006,-0.015,1776,0,0
221234,5.511,7.319,3.297,-0.056,-0.010,-0.009,1776,0,0
221254,5.545,7.309,3.232,-0.069,-0.002,-0.006,1776,0,0
221274,5.535,7.314,3.285,-0.084,0.017,-0.001,1775,0,0
221294,5.464,7.283,3.326,-0.090,0.023,0.006,1776,0,0
221314,5.495,7.266,3.304,-0.063,0.025,0.010,1776,0,0
221334,5.521,7.259,3.299,-0.069,0.041,0.011,1777,0,0
221354,5.471,7.180,3.361,-0.095,0.030,0.009,1777,0,0
221374,5.449,7.101,3.318,-0.087,0.025,0.005,1776,0,0
221394,5.440,7.025,3.311,-0.073,0.030,0.000,1776,0,0
221414,5.488,7.032,3.275,-0.055,0.028,-0.010,1776,0,0
221434,5.545,7.128,3.335,-0.056,0.030,-0.023,1776,0,0
221454,5.521,7.159,3.347,-0.091,0.035,-0.030,1776,0,0
221474,5.490,7.199,3.405,-0.092,0.036,-0.031,1776,0,0
221494,5.471,7.226,3.455,-0.076,0.031,-0.029,1775,0,0
221514,5.516,7.307,3.426,-0.073,0.024,-0.025,1776,0,0
221534,5.617,7.298,3.426,-0.082,0.024,-0.028,1776,0,0
221554,5.677,7.355,3.445,-0.013,0.039,-0.046,1776,0,0
221574,5.564,7.688,3.517,0.001,0.056,-0.025,1776,0,0
221594,5.636,7.597,3.709,-0.178,0.040,0.022,1776,0,0
221614,5.607,7.348,3.819,-0.200,0.021,0.026,1776,0,0
221634,5.614,7.336,3.840,-0.133,0.004,0.031,1777,0,0
221654,5.593,7.245,3.814,-0.152,-0.003,0.043,1777,0,0
221674,5.581,6.986,3.852,-0.189,-0.027,0.034,1776,0,0
221694,5.590,7.032,3.802,-0.142,-0.043,0.020,1776,0,0
221714,5.543,7.084,3.780,-0.174,-0.042,0.021,1776,0,0
221734,5.485,7.106,3.718,-0.186,-0.056,0.011,1776,0,0
221754,5.449,7.029,3.706,-0.176,-0.071,-0.000,1776,0,0
221774,5.454,6.845,3.582,-0.098,-0.091,-0.022,1776,0,0
221794,5.476,6.941,3.412,0.025,-0.093,-0.051,1776,0,0
221814,5.296,7.278,3.297,0.060,-0.071,-0.066,1775,0,0
221834,5.148,7.477,3.302,-0.027,-0.065,-0.039,1776,0,0
221854,5.183,7.441,3.223,-0.101,-0.082,-0.001,1776,0,0
221874,5.298,7.300,3.038,-0.135,-0.086,0.009,1776,0,0
221894,5.310,7.235,2.983,-0.143,-0.052,0.027,1775,0,0
221914,5.265,7.159,3.115,-0.147,-0.022,0.027,1776,0,0
221934,5.322,7.166,3.163,-0.111,-0.027,0.033,1776,0,0
221954,5.365,7.082,3.124,-0.110,-0.026,0.033,1775,0,0
221974,5.397,6.960,3.199,-0.128,0.008,0.031,1776,0,0
221994,5.375,6.938,3.395,-0.116,0.028,0.012,1776,0,0
222014,5.363,7.099,3.503,-0.090,0.009,-0.001,1776,0,0
222034,5.382,7.118,3.529,-0.114,-0.002,0.009,1776,0,0
222054,5.373,7.039,3.591,-0.106,-0.023,0.009,1776,0,0
222074,5.349,7.003,3.534,-0.067,-0.036,0.004,1776,0,0
222094,5.351,7.027,3.443,-0.038,-0.033,0.006,1776,0,0
222114,5.356,6.972,3.440,-0.076,-0.030,0.002,1776,0,0
222134,5.440,6.912,3.419,-0.076,-0.030,-0.011,1776,0,0
222154,5.428,7.008,3.383,-0.064,-0.022,-0.027,1776,0,0
222174,5.401,7.178,3.491,-0.053,-0.012,-0.026,1777,0,0
222194,5.425,7.278,3.529,-0.061,-0.017,-0.013,1776,0,0
222214,5.449,7.235,3.519,-0.063,-0.033,-0.005,1776,0,0
222234,5.531,7.209,3.438,-0.048,-0.043,-0.004,1776,0,0
222254,5.540,7.178,3.407,-0.045,-0.032,0.000,1776,0,0
222274,5.502,7.080,3.366,-0.062,-0.038,0.002,1776,0,0
222294,5.574,7.041,3.244,-0.046,-0.038,0.001,1776,0,0
222314,5.643,7.065,3.213,-0.035,-0.009,-0.005,1776,0,0
222334,5.531,7.084,3.354,-0.058,0.007,-0.006,1776,0,0
222354,5.526,7.049,3.438,-0.059,0.002,-0.002,1775,0,0
222374,5.581,7.010,3.381,-0.048,-0.003,-0.004,1776,0,0
222394,5.626,7.070,3.364,-0.038,0.008,-0.009,1776,0,0
222414,5.574,7.123,3.433,-0.039,0.011,-0.009,1777,0,0
222434,5.655,7.101,3.443,-0.056,0.004,-0.003,1776,0,0
222454,5.665,7.025,3.419,-0.051,0.005,-0.010,1776,0,0
222474,5.662,7.113,3.412,-0.032,0.004,-0.016,1776,0,0
222494,5.655,7.266,3.426,-0.030,0.008,-0.005,1776,0,0
222514,5.705,7.216,3.445,-0.063,0.014,0.005,1776,0,0
222534,5.648,7.125,3.474,-0.078,0.011,0.004,1776,0,0
222554,5.607,7.185,3.476,-0.063,0.011,0.001,1776,0,0
222574,5.552,7.173,3.531,-0.064,0.012,0.006,1775,0,0
222594,5.574,7.154,3.519,-0.066,0.003,0.014,1776,0,0
222614,5.569,7.096,3.522,-0.073,-0.001,0.019,1776,0,0
222634,5.643,7.010,3.575,-0.098,-0.008,0.018,1776,0,0
222654,5.607,6.912,3.577,-0.080,-0.021,0.010,1776,0,0
222674,5.571,6.931,3.539,-0.065,-0.038,-0.003,1776,0,0
222694,5.581,6.960,3.481,-0.057,-0.047,-0.011,1776,0,0
222714,5.583,7.005,3.359,-0.048,-0.055,-0.019,1776,0,0
222734,5.648,7.044,3.299,-0.047,-0.055,-0.022,1776,0,0
222754,5.674,7.070,3.239,-0.064,-0.039,-0.024,1776,0,0
222774,5.634,7.077,3.227,-0.059,-0.020,-0.027,1776,0,0
222794,5.686,7.149,3.189,-0.066,-0.002,-0.023,1776,0,0
222814,5.634,7.128,3.335,-0.099,0.013,-0.018,1776,0,0
222834,5.638,7.072,3.357,-0.104,0.014,-0.017,1775,0,0
222854,5.669,7.044,3.366,-0.079,0.011,-0.019,1776,0,0
222874,5.674,7.053,3.304,-0.072,0.005,-0.022,1776,0,0
222894,5.641,7.108,3.378,-0.078,0.007,-0.023,1776,0,0
222914,5.617,7.106,3.328,-0.072,0.009,-0.019,1776,0,0
222934,5.646,7.159,3.297,-0.055,0.013,-0.015,1776,0,0
222954,5.617,7.168,3.306,-0.058,0.008,-0.010,1775,0,0
222974,5.605,7.219,3.323,-0.066,0.009,-0.003,1776,0,0
222994,5.619,7.147,3.311,-0.058,0.009,0.001,1776,0,0
223014,5.660,7.180,3.292,-0.040,0.014,0.005,1776,0,0
223034,5.602,7.195,3.299,-0.048,0.029,0.010,1776,0,0
223054,5.574,7.104,3.371,-0.079,0.030,0.014,1775,0,0
223074,5.701,7.010,3.397,-0.071,0.024,0.013,1775,0,0
223094,5.717,6.970,3.424,-0.048,0.030,0.003,1776,0,0
223114,5.624,7.027,3.472,-0.051,0.029,-0.005,1776,0,0
223134,5.545,7.084,3.534,-0.061,0.027,-0.003,1776,0,0
223154,5.564,7.101,3.491,-0.067,0.008,0.001,1776,0,0
223174,5.648,7.080,3.397,-0.062,0.010,-0.004,1776,0,0
223194,5.624,7.084,3.407,-0.067,0.025,-0.003,1777,0,0
223214,5.600,7.077,3.421,-0.076,0.023,-0.007,1776,0,0
223234,5.583,7.120,3.390,-0.054,0.010,-0.004,1777,0,0
223254,5.629,7.161,3.321,-0.052,0.010,0.005,1776,0,0
223274,5.653,7.106,3.412,-0.086,0.020,0.006,1776,0,0
223294,5.624,7.108,3.342,-0.060,0.013,-0.002,1776,0,0
223315,5.660,7.204,3.203,-0.023,0.014,-0.001,1775,0,0
223334,5.665,7.286,3.148,-0.044,0.029,0.013,1776,0,0
223354,5.629,7.290,3.254,-0.067,0.046,0.033,1776,0,0
223374,5.581,7.163,3.273,-0.064,0.040,0.052,1776,0,0
223394,5.643,7.010,3.151,-0.055,0.034,0.049,1775,0,0
223414,5.641,6.965,3.060,-0.038,0.056,0.035,1776,0,0
223434,5.629,7.022,3.168,-0.034,0.102,0.035,1776,0,0
223454,5.567,6.926,3.431,-0.049,0.106,0.033,1776,0,0
223474,5.614,6.917,3.419,-0.035,0.078,0.019,1775,0,0
223494,5.593,6.970,3.335,-0.038,0.084,0.008,1775,0,0
223514,5.638,7.005,3.428,-0.038,0.095,0.003,1775,0,0
223534,5.605,7.056,3.582,-0.032,0.098,0.002,1776,0,0
223554,5.533,7.075,3.618,-0.052,0.077,0.001,1776,0,0
223574,5.576,7.041,3.517,-0.067,0.059,-0.000,1776,0,0
223594,5.634,7.017,3.594,-0.053,0.067,-0.004,1776,0,0
223614,5.583,7.053,3.666,-0.026,0.055,-0.011,1776,0,0
223634,5.578,7.094,3.594,-0.030,0.031,-0.008,1776,0,0
223654,5.610,7.070,3.486,-0.062,0.027,-0.008,1776,0,0
223674,5.650,7.041,3.457,-0.062,0.036,-0.010,1776,0,0
223694,5.629,7.120,3.572,-0.050,0.056,-0.010,1775,0,0
223714,5.590,7.128,3.642,-0.072,0.048,-0.002,1776,0,0
223734,5.576,7.044,3.622,-0.075,0.025,-0.004,1776,0,0
223754,5.614,7.037,3.500,-0.064,0.014,-0.007,1776,0,0
223774,5.629,7.070,3.457,-0.048,0.016,-0.011,1776,0,0
223794,5.617,7.144,3.512,-0.051,0.022,-0.007,1776,0,0
223814,5.557,7.147,3.500,-0.066,0.021,-0.003,1776,0,0
223834,5.533,7.116,3.464,-0.072,0.016,0.009,1776,0,0
223854,5.567,7.005,3.455,-0.076,0.017,0.009,1776,0,0
223874,5.595,6.972,3.491,-0.050,0.013,-0.004,1777,0,0
223894,5.550,7.039,3.445,-0.033,0.013,-0.007,1776,0,0
223914,5.543,7.049,3.402,-0.055,0.018,-0.006,1776,0,0
223934,5.550,7.032,3.405,-0.064,0.022,-0.005,1776,0,0
223954,5.557,7.022,3.443,-0.070,0.027,-0.009,1776,0,0
223974,5.531,7.008,3.505,-0.057,0.021,-0.014,1776,0,0
223994,5.617,7.017,3.426,-0.049,0.018,-0.015,1776,0,0
224014,5.612,7.037,3.476,-0.045,0.026,-0.018,1776,0,0
224034,5.576,7.092,3.579,-0.064,0.025,-0.020,1776,0,0
224054,5.538,7.084,3.601,-0.071,0.004,-0.018,1776,0,0
224074,5.550,7.020,3.493,-0.073,-0.012,-0.019,1776,0,0
224094,5.646,6.974,3.424,-0.046,-0.010,-0.025,1775,0,0
224114,5.641,7.037,3.448,-0.042,0.010,-0.034,1776,0,0
224134,5.626,7.116,3.503,-0.057,0.019,-0.033,1776,0,0
224154,5.545,7.185,3.512,-0.068,0.005,-0.029,1776,0,0
224174,5.555,7.226,3.450,-0.076,-0.001,-0.018,1776,0,0
224194,5.576,7.190,3.457,-0.071,0.009,-0.011,1776,0,0
224214,5.595,7.101,3.433,-0.052,0.003,-0.013,1777,0,0
224234,5.626,7.111,3.352,-0.042,0.002,-0.011,1776,0,0
224254,5.576,7.197,3.412,-0.051,0.007,-0.012,1776,0,0
224274,5.578,7.233,3.397,-0.062,0.007,-0.002,1776,0,0
224294,5.617,7.128,3.364,-0.059,0.015,0.011,1776,0,0
224314,5.667,7.037,3.373,-0.062,0.020,0.013,1776,0,0
224334,5.650,7.001,3.431,-0.064,0.025,0.000,1776,0,0
224354,5.617,7.053,3.486,-0.048,0.022,-0.008,1776,0,0
224374,5.569,7.132,3.486,-0.043,0.026,-0.002,1776,0,0
224394,5.557,7.159,3.546,-0.065,0.029,0.009,1776,0,0
224414,5.574,7.065,3.560,-0.078,0.012,0.009,1776,0,0
224434,5.576,7.044,3.496,-0.057,-0.004,0.003,1775,0,0
224454,5.552,7.068,3.419,-0.049,0.003,0.003,1776,0,0
224474,5.567,7.056,3.433,-0.065,0.013,0.006,1776,0,0
224494,5.567,7.051,3.474,-0.059,0.014,-0.001,1776,0,0
224514,5.535,7.051,3.505,-0.067,0.006,-0.003,1776,0,0
224534,5.533,6.986,3.419,-0.070,-0.001,-0.009,1776,0,0
224554,5.583,7.010,3.345,-0.050,0.000,-0.018,1776,0,0
224574,5.564,7.123,3.323,-0.038,0.019,-0.019,1776,0,0
224594,5.528,7.132,3.385,-0.072,0.027,-0.011,1776,0,0
224614,5.586,7.089,3.428,-0.082,0.022,-0.010,1776,0,0
224634,5.619,7.056,3.445,-0.069,0.021,-0.013,1776,0,0
224654,5.607,7.111,3.476,-0.043,0.021,-0.015,1776,0,0
224674,5.607,7.178,3.457,-0.047,0.018,-0.011,1776,0,0
224694,5.622,7.226,3.452,-0.047,0.008,-0.003,1776,0,0
224714,5.562,7.166,3.445,-0.066,0.011,0.007,1776,0,0
224734,5.571,7.005,3.452,-0.075,0.006,0.007,1776,0,0
224754,5.655,6.958,3.412,-0.051,0.009,-0.009,1776,0,0
224774,5.593,7.065,3.414,-0.032,0.023,-0.016,1775,0,0
224794,5.545,7.159,3.496,-0.057,0.027,-0.008,1776,0,0
224814,5.545,7.113,3.548,-0.088,0.013,-0.004,1777,0,0
224834,5.559,7.084,3.462,-0.064,0.001,-0.009,1777,0,0
224854,5.533,7.118,3.381,-0.037,0.011,-0.009,1776,0,0
224874,5.509,7.106,3.388,-0.063,0.027,-0.000,1776,0,0
224894,5.526,6.965,3.515,-0.091,0.027,-0.003,1776,0,0
224914,5.531,6.876,3.555,-0.083,0.007,-0.013,1776,0,0
224934,5.650,6.788,3.452,-0.072,-0.002,-0.029,1776,0,0
224954,5.629,6.761,3.378,-0.059,-0.004,-0.056,1776,0,0
224974,5.567,6.881,3.359,-0.035,0.006,-0.070,1775,0,0
224994,5.547,6.943,3.371,-0.057,0.018,-0.069,1775,0,0
225014,5.569,6.871,3.378,-0.099,0.021,-0.080,1776,0,0
225034,5.552,6.790,3.457,-0.103,0.031,-0.093,1776,0,0
225054,5.428,6.888,3.644,-0.060,0.030,-0.104,1776,0,0
225074,5.468,7.039,3.788,-0.047,0.009,-0.109,1776,0,0
225094,5.607,7.101,3.802,-0.070,-0.002,-0.105,1776,0,0
225114,5.636,7.010,3.847,-0.099,-0.013,-0.111,1776,0,0
225134,5.739,7.017,4.243,-0.096,-0.020,-0.107,1776,0,0
225154,5.725,6.924,5.057,-0.170,-0.028,-0.086,1778,0,0
225174,5.732,6.495,6.005,-0.251,-0.117,-0.093,1777,0,0
225194,5.720,6.086,6.807,-0.160,-0.229,-0.106,1777,0,0
225215,5.600,6.122,7.484,-0.051,-0.374,-0.175,1778,0,0
225234,5.179,6.088,8.406,-0.220,-0.535,-0.240,1777,0,0
225254,4.527,5.928,9.155,-0.422,-0.772,-0.307,1778,0,0
225274,4.298,5.720,9.658,-0.289,-1.006,-0.451,1778,0,0
225294,4.113,6.385,9.802,-0.075,-1.237,-0.541,1779,0,0
225314,3.936,7.140,10.206,-0.355,-1.446,-0.556,1779,0,0
225334,3.378,7.429,10.429,-0.985,-1.753,-0.577,1779,0,0
225354,3.124,7.400,10.072,-1.351,-2.112,-0.692,1780,0,0
225374,2.744,8.059,9.843,-1.321,-2.314,-0.777,1779,0,0
225394,2.105,8.914,9.493,-1.423,-2.552,-0.816,1779,0,0
225414,1.549,9.706,9.084,-1.560,-2.779,-0.815,1780,0,0
225434,1.183,10.297,8.452,-1.730,-2.996,-0.802,1780,0,0
225454,0.852,10.681,8.064,-1.868,-3.159,-0.762,1779,0,0
225474,-0.007,10.745,7.465,-2.006,-3.358,-0.782,1782,0,0
225494,-0.345,10.752,6.404,-1.773,-3.601,-0.783,1780,0,0
225514,-0.464,11.150,4.820,-1.497,-3.703,-0.736,1780,0,0
225534,-0.357,11.641,3.847,-1.474,-3.629,-0.630,1780,0,0
225554,-0.520,11.832,2.552,-1.790,-3.551,-0.497,1779,0,0
225574,-0.541,11.459,1.290,-2.006,-3.565,-0.418,1779,0,0
225594,-0.204,11.169,0.311,-2.012,-3.448,-0.365,1779,0,0
225614,0.481,10.932,-0.395,-1.955,-3.194,-0.280,1778,0,0
225634,1.032,10.525,-0.824,-1.970,-2.939,-0.216,1777,0,0
225654,1.336,10.120,-1.621,-2.123,-2.840,-0.214,1777,0,0
225674,1.700,9.701,-2.344,-2.199,-2.739,-0.251,1778,0,0
225694,2.325,9.462,-3.646,-2.082,-2.555,-0.298,1776,0,0
225714,3.373,9.428,-4.379,-1.778,-2.296,-0.292,1776,0,0
225734,3.687,9.333,-4.537,-1.713,-1.950,-0.237,1776,0,0
225755,4.290,8.741,-4.712,-1.840,-1.738,-0.243,1779,0,0
225774,4.764,8.274,-4.647,-1.568,-1.578,-0.301,1776,0,0
225794,5.035,8.282,-4.492,-1.211,-1.413,-0.363,1775,0,0
225814,5.425,8.533,-4.499,-0.940,-1.238,-0.357,1776,0,0
225834,5.804,8.617,-4.633,-0.812,-1.091,-0.298,1775,0,0
225854,6.273,8.437,-4.518,-0.729,-0.933,-0.249,1775,0,0
225874,6.404,8.183,-4.173,-0.613,-0.768,-0.210,1774,0,0
225894,6.718,8.047,-3.893,-0.473,-0.624,-0.176,1775,0,0
225914,6.876,7.930,-3.491,-0.353,-0.486,-0.117,1775,0,0
225934,6.984,7.731,-3.098,-0.298,-0.360,-0.079,1774,0,0
225954,7.142,7.496,-2.710,-0.223,-0.241,-0.058,1775,0,0
225974,7.221,7.511,-2.461,-0.140,-0.149,-0.039,1774,0,0
225994,7.168,7.542,-1.832,-0.096,-0.017,-0.002,1774,0,0
226014,7.142,7.513,-1.178,-0.119,0.054,0.026,1775,0,0
226034,7.183,7.482,-0.613,-0.127,0.094,0.067,1774,0,0
226054,7.226,7.350,-0.230,-0.105,0.104,0.103,1775,0,0
226074,7.199,7.147,0.091,-0.108,0.118,0.123,1775,0,0
226094,7.116,6.996,0.431,-0.102,0.143,0.123,1776,0,0
226114,7.082,6.893,0.788,-0.067,0.135,0.121,1775,0,0
226134,7.017,6.831,1.015,0.007,0.120,0.122,1774,0,0
226154,7.008,6.608,1.044,0.035,0.085,0.110,1775,0,0
226174,7.108,6.452,1.001,0.068,0.066,0.084,1776,0,0
226194,7.017,6.531,0.891,0.116,0.082,0.054,1775,0,0
226214,6.914,6.754,0.907,0.092,0.110,0.058,1775,0,0
226234,6.912,6.694,1.221,-0.001,0.117,0.069,1775,0,0
226254,6.960,6.440,1.338,-0.033,0.096,0.062,1776,0,0
226274,7.135,6.357,1.214,0.001,0.070,0.036,1775,0,0
226294,7.183,6.381,1.164,-0.010,0.083,0.011,1776,0,0
226314,7.106,6.404,1.219,-0.046,0.087,-0.016,1775,0,0
226334,7.051,6.534,1.288,-0.042,0.083,-0.030,1776,0,0
226354,7.027,6.644,1.336,-0.062,0.068,-0.033,1776,0,0
226374,7.104,6.706,1.226,-0.068,0.052,-0.039,1776,0,0
226394,7.123,6.771,1.207,-0.079,0.058,-0.032,1775,0,0
226414,7.070,6.797,1.252,-0.102,0.057,-0.029,1776,0,0
226434,7.061,6.747,1.334,-0.110,0.041,-0.028,1774,0,0
226454,7.058,6.697,1.384,-0.094,0.011,-0.034,1776,0,0
226474,7.130,6.766,1.322,-0.056,-0.033,-0.045,1776,0,0
226494,7.180,6.891,1.164,-0.018,-0.047,-0.043,1776,0,0
226514,7.137,6.972,1.020,-0.037,-0.036,-0.037,1775,0,0
226534,7.120,6.981,0.953,-0.066,-0.026,-0.021,1775,0,0
226554,7.029,6.953,1.044,-0.076,-0.027,-0.013,1775,0,0
226574,7.070,6.977,0.927,-0.068,-0.038,-0.007,1775,0,0
226594,7.087,6.989,0.876,-0.051,-0.029,0.010,1775,0,0
226614,7.089,6.931,0.776,-0.058,-0.015,0.027,1775,0,0
226634,7.061,6.821,0.764,-0.077,0.002,0.035,1775,0,0
226654,7.084,6.730,0.773,-0.093,0.019,0.033,1775,0,0
226674,6.977,6.747,0.850,-0.092,0.033,0.029,1775,0,0
226694,6.934,6.744,0.771,-0.077,0.031,0.030,1774,0,0
226714,6.998,6.766,0.824,-0.044,0.041,0.037,1775,0,0
226734,6.996,6.754,0.943,-0.035,0.037,0.042,1775,0,0
226754,7.072,6.692,0.869,-0.023,0.019,0.040,1775,0,0
226774,7.171,6.673,0.836,-0.007,0.027,0.031,1776,0,0
226794,7.149,6.701,0.883,-0.022,0.040,0.028,1775,0,0
226814,7.137,6.709,0.915,-0.013,0.043,0.032,1776,0,0
226834,7.209,6.649,0.986,-0.017,0.048,0.038,1775,0,0
226854,7.178,6.596,1.125,-0.044,0.046,0.030,1776,0,0
226874,7.092,6.536,1.152,-0.039,0.022,0.013,1776,0,0
226894,7.106,6.591,0.994,-0.015,0.011,0.001,1775,0,0
226914,7.051,6.728,0.972,-0.007,0.041,0.004,1774,0,0
226934,6.991,6.790,1.053,-0.042,0.046,0.015,1776,0,0
226954,6.998,6.644,1.049,-0.067,0.031,0.016,1776,0,0
226974,7.053,6.524,0.996,-0.075,0.022,0.004,1776,0,0
226994,7.068,6.527,0.974,-0.041,0.023,-0.010,1775,0,0
227014,7.094,6.644,0.989,-0.020,0.041,-0.006,1775,0,0
227034,7.082,6.651,1.039,-0.052,0.040,-0.004,1775,0,0
227054,7.123,6.589,1.077,-0.070,0.027,-0.013,1775,0,0
227074,7.199,6.589,1.130,-0.072,0.027,-0.029,1776,0,0
227094,7.125,6.665,1.140,-0.054,0.025,-0.039,1775,0,0
227114,7.123,6.802,1.113,-0.034,0.012,-0.037,1775,0,0
227134,7.140,6.859,1.053,-0.063,0.010,-0.024,1775,0,0
227154,7.161,6.864,1.034,-0.095,0.020,-0.015,1775,0,0
227174,7.116,6.831,1.075,-0.085,0.019,-0.011,1775,0,0
227194,7.106,6.845,1.113,-0.078,0.013,-0.008,1775,0,0
227214,7.025,6.850,1.032,-0.059,0.001,-0.005,1775,0,0
227234,7.080,6.864,0.950,-0.057,-0.004,0.002,1775,0,0
227254,7.075,6.831,0.860,-0.056,0.010,0.009,1775,0,0
227274,7.075,6.867,0.802,-0.064,0.021,0.013,1776,0,0
227294,7.084,6.833,0.977,-0.080,0.035,0.025,1775,0,0
227314,7.087,6.740,1.106,-0.090,0.030,0.036,1775,0,0
227334,7.128,6.601,1.085,-0.077,0.007,0.032,1776,0,0
227354,7.221,6.563,0.953,-0.063,0.012,0.022,1776,0,0
227374,7.144,6.606,1.032,-0.082,0.030,0.020,1776,0,0
227394,7.149,6.515,1.075,-0.104,0.019,0.013,1776,0,0
227414,7.123,6.460,1.101,-0.074,0.004,-0.008,1776,0,0
227434,7.154,6.572,1.085,-0.030,-0.006,-0.027,1776,0,0
227454,7.166,6.761,1.030,-0.026,-0.008,-0.023,1776,0,0
227474,7.032,6.785,1.003,-0.052,-0.005,-0.011,1777,0,0
227494,7.020,6.735,0.907,-0.070,-0.006,-0.009,1776,0,0
227514,7.075,6.697,0.828,-0.064,0.009,-0.005,1775,0,0
227534,7.034,6.673,0.821,-0.064,0.021,0.001,1775,0,0
227554,7.101,6.673,0.912,-0.040,0.029,0.003,1776,0,0
227574,7.096,6.692,0.912,-0.052,0.034,-0.002,1775,0,0
227594,7.049,6.718,0.900,-0.062,0.045,-0.002,1775,0,0
227614,7.068,6.670,0.996,-0.059,0.055,0.010,1775,0,0
227634,7.077,6.553,1.080,-0.051,0.044,-0.002,1775,0,0
227654,7.094,6.574,1.025,-0.044,0.029,-0.013,1775,0,0
227674,7.108,6.665,0.998,-0.051,0.038,-0.015,1775,0,0
227694,7.106,6.639,1.077,-0.046,0.049,-0.012,1775,0,0
227714,7.106,6.665,1.156,-0.043,0.040,-0.013,1775,0,0
227734,7.118,6.668,1.130,-0.056,0.032,-0.015,1775,0,0
227754,7.123,6.620,1.140,-0.075,0.024,-0.017,1775,0,0
227774,7.116,6.615,1.032,-0.050,0.016,-0.024,1775,0,0
227794,7.101,6.737,1.006,-0.031,0.026,-0.027,1777,0,0
227815,7.058,6.835,1.039,-0.052,0.035,-0.026,1775,0,0
227834,7.039,6.809,1.123,-0.063,0.033,-0.018,1776,0,0
227854,7.125,6.759,1.070,-0.067,0.018,-0.010,1776,0,0
227874,7.197,6.697,1.058,-0.070,0.019,-0.009,1775,0,0
227894,7.166,6.642,1.070,-0.068,0.026,-0.013,1776,0,0
227914,7.183,6.653,1.046,-0.051,0.021,-0.018,1775,0,0
227934,7.178,6.699,1.063,-0.064,0.022,-0.021,1777,0,0
227954,7.120,6.725,1.061,-0.083,0.023,-0.024,1776,0,0
227974,7.080,6.792,0.967,-0.056,0.014,-0.021,1775,0,0
227994,7.116,6.843,0.828,-0.047,0.025,-0.010,1776,0,0
228014,7.063,6.797,0.869,-0.067,0.052,-0.002,1776,0,0
228034,7.022,6.740,0.948,-0.084,0.048,-0.002,1776,0,0
228054,7.075,6.709,0.888,-0.067,0.050,-0.003,1776,0,0
228074,7.077,6.730,0.931,-0.060,0.062,-0.005,1775,0,0
228094,7.049,6.756,0.974,-0.048,0.063,-0.002,1775,0,0
228114,7.094,6.704,1.113,-0.051,0.060,0.002,1775,0,0
228134,7.094,6.632,1.188,-0.058,0.050,-0.003,1775,0,0
228154,7.120,6.586,1.104,-0.048,0.030,-0.013,1776,0,0
228174,7.151,6.603,0.941,-0.028,0.036,-0.023,1775,0,0
228195,7.092,6.773,0.977,-0.022,0.064,-0.029,1775,0,0
228214,6.996,6.855,1.128,-0.028,0.070,-0.016,1775,0,0
228234,7.015,6.819,1.178,-0.054,0.055,-0.004,1775,0,0
228254,7.075,6.749,1.125,-0.080,0.053,0.001,1775,0,0
228274,7.096,6.680,1.231,-0.055,0.065,0.000,1775,0,0
228295,7.087,6.610,1.305,-0.039,0.054,-0.007,1771,0,0
228314,7.128,6.658,1.264,-0.045,0.047,-0.014,1775,0,0
228334,7.094,6.721,1.219,-0.056,0.042,-0.018,1775,0,0
228354,7.039,6.723,1.211,-0.067,0.038,-0.017,1775,0,0
