640773,7.032,6.835,-0.208,-0.075,0.010,-0.008,1738,0,0
640792,7.056,6.852,-0.237,-0.058,0.012,-0.016,1739,0,0
640813,7.061,6.843,-0.280,-0.052,0.020,-0.016,1739,0,0
640832,7.070,6.840,-0.275,-0.066,0.020,-0.016,1739,0,0
640853,7.063,6.821,-0.254,-0.066,0.029,-0.019,1739,0,0
640873,7.039,6.888,-0.215,-0.054,0.032,-0.022,1739,0,0
640893,7.084,6.895,-0.105,-0.058,0.029,-0.016,1739,0,0
640912,7.118,6.845,-0.124,-0.067,0.023,-0.013,1739,0,0
640932,7.058,6.828,-0.084,-0.049,0.018,-0.022,1739,0,0
640952,7.099,6.902,-0.127,-0.037,0.015,-0.025,1739,0,0
640973,7.084,6.931,-0.146,-0.064,0.019,-0.022,1740,0,0
640992,7.070,6.926,-0.124,-0.074,0.027,-0.020,1739,0,0
641012,7.096,6.948,-0.074,-0.057,0.027,-0.015,1739,0,0
641032,7.106,6.981,0.029,-0.075,0.025,-0.013,1739,0,0
641052,7.125,6.955,0.077,-0.077,0.006,-0.012,1739,0,0
641073,7.130,6.974,0.007,-0.062,-0.008,-0.010,1740,0,0
641092,7.061,6.991,-0.108,-0.057,-0.011,-0.008,1738,0,0
641112,6.993,7.005,-0.141,-0.060,-0.013,-0.003,1739,0,0
641132,7.046,6.924,-0.153,-0.075,-0.015,-0.001,1738,0,0
641152,7.111,6.857,-0.204,-0.068,-0.008,-0.006,1740,0,0
641172,7.108,6.912,-0.225,-0.050,-0.001,-0.007,1739,0,0
641192,7.070,6.953,-0.184,-0.070,-0.001,-0.001,1739,0,0
641212,7.046,6.881,-0.158,-0.080,-0.005,0.002,1739,0,0
641232,7.053,6.864,-0.218,-0.069,-0.008,0.001,1739,0,0
641252,7.020,6.833,-0.314,-0.062,-0.005,0.000,1740,0,0
641273,7.056,6.843,-0.338,-0.056,0.001,-0.005,1740,0,0
641292,7.044,6.852,-0.299,-0.052,0.008,-0.011,1740,0,0
641312,7.034,6.857,-0.266,-0.058,0.009,-0.007,1739,0,0
641332,7.039,6.797,-0.297,-0.068,0.010,-0.008,1740,0,0
641353,7.063,6.780,-0.350,-0.043,0.017,-0.021,1740,0,0
641373,7.058,6.891,-0.314,-0.044,0.025,-0.022,1739,0,0
641393,7.008,6.864,-0.220,-0.067,0.021,-0.023,1739,0,0
641412,7.013,6.926,-0.290,-0.051,0.023,-0.024,1740,0,0
641433,7.003,6.953,-0.280,-0.056,0.025,-0.017,1739,0,0
641452,7.029,6.943,-0.287,-0.066,0.034,-0.012,1740,0,0
641472,7.053,6.883,-0.259,-0.068,0.041,-0.012,1739,0,0
641493,7.068,6.816,-0.187,-0.067,0.043,-0.017,1738,0,0
641513,7.070,6.879,-0.136,-0.051,0.035,-0.024,1740,0,0
641532,7.034,6.934,-0.153,-0.054,0.033,-0.026,1739,0,0
641553,7.049,6.979,-0.182,-0.063,0.034,-0.022,1741,0,0
641572,7.049,6.977,-0.208,-0.072,0.041,-0.014,1739,0,0
641592,7.108,6.893,-0.122,-0.084,0.051,-0.006,1740,0,0
641612,7.061,6.876,0.041,-0.068,0.044,-0.012,1740,0,0
641632,7.049,6.876,0.055,-0.058,0.020,-0.021,1741,0,0
641653,7.065,6.924,-0.065,-0.059,0.006,-0.026,1739,0,0
641672,7.118,7.022,-0.163,-0.044,0.014,-0.019,1741,0,0
641693,7.041,7.032,-0.091,-0.068,0.031,-0.009,1739,0,0
641712,7.058,6.941,0.022,-0.080,0.017,-0.007,1739,0,0
641732,7.094,6.912,-0.045,-0.071,0.001,-0.012,1739,0,0
641752,7.058,6.955,-0.089,-0.060,-0.001,-0.014,1739,0,0
641772,7.017,6.989,-0.199,-0.063,0.006,-0.011,1740,0,0
641792,6.962,6.958,-0.177,-0.084,0.017,-0.008,1739,0,0
641813,7.034,6.936,-0.184,-0.074,0.015,-0.012,1738,0,0
641832,7.099,6.948,-0.132,-0.070,0.014,-0.008,1740,0,0
641852,7.082,6.869,-0.069,-0.082,0.008,-0.011,1740,0,0
641873,7.051,6.879,-0.062,-0.056,0.005,-0.015,1740,0,0
641893,7.001,6.962,-0.136,-0.043,-0.014,-0.020,1741,0,0
641912,7.046,7.032,-0.235,-0.057,-0.016,-0.011,1740,0,0
641933,7.015,7.037,-0.323,-0.067,-0.001,-0.003,1740,0,0
641953,7.017,6.986,-0.309,-0.054,0.017,0.005,1740,0,0
641973,7.008,6.881,-0.187,-0.073,0.027,0.007,1741,0,0
641993,7.022,6.809,-0.108,-0.067,0.015,-0.002,1741,0,0
642013,6.993,6.859,-0.110,-0.058,0.009,-0.009,1741,0,0
642032,7.044,6.862,-0.110,-0.064,0.008,-0.011,1740,0,0
642053,7.056,6.874,-0.160,-0.059,0.015,-0.016,1741,0,0
642073,6.972,6.931,-0.110,-0.063,0.016,-0.016,1741,0,0
642093,6.946,6.886,-0.148,-0.081,0.014,-0.011,1742,0,0
642112,6.984,6.802,-0.134,-0.080,0.012,-0.014,1743,0,0
642132,7.053,6.843,-0.057,-0.059,0.013,-0.023,1742,0,0
642152,6.993,6.891,-0.103,-0.064,0.006,-0.027,1741,0,0
642172,7.015,6.888,-0.182,-0.084,0.003,-0.030,1742,0,0
642192,7.005,6.893,-0.285,-0.077,0.013,-0.032,1742,0,0
642212,7.008,6.958,-0.254,-0.073,0.029,-0.032,1741,0,0
642232,7.027,6.986,-0.103,-0.075,0.038,-0.030,1741,0,0
642252,7.003,6.996,-0.029,-0.075,0.025,-0.025,1742,0,0
642272,7.003,6.972,-0.053,-0.073,0.013,-0.024,1741,0,0
642292,7.053,6.977,-0.177,-0.064,0.009,-0.029,1739,0,0
642313,7.065,7.025,-0.172,-0.066,0.021,-0.024,1741,0,0
642332,6.998,7.051,-0.163,-0.075,0.022,-0.018,1741,0,0
642352,6.953,7.022,-0.072,-0.084,0.023,-0.013,1741,0,0
642372,6.996,7.010,-0.036,-0.069,0.014,-0.015,1741,0,0
642392,7.049,7.051,-0.041,-0.047,0.008,-0.009,1741,0,0
642412,7.017,6.989,-0.084,-0.080,0.010,-0.001,1740,0,0
642432,6.974,6.926,-0.096,-0.083,0.009,-0.009,1742,0,0
642452,6.941,6.972,-0.098,-0.065,0.009,-0.013,1740,0,0
642472,6.991,6.962,-0.029,-0.064,0.007,-0.012,1741,0,0
642492,7.037,6.958,0.000,-0.052,-0.002,-0.014,1741,0,0
642512,7.034,6.929,-0.060,-0.062,-0.007,-0.019,1741,0,0
642532,6.979,6.941,-0.079,-0.061,-0.005,-0.020,1741,0,0
642552,6.977,6.993,-0.153,-0.062,-0.009,-0.018,1741,0,0
642572,7.037,7.032,-0.211,-0.063,-0.001,-0.013,1741,0,0
642592,6.970,7.068,-0.163,-0.065,0.011,-0.002,1741,0,0
642612,6.902,7.013,-0.141,-0.071,0.009,-0.002,1741,0,0
642633,6.948,6.967,-0.184,-0.068,0.010,0.001,1741,0,0
642652,6.972,6.938,-0.192,-0.064,0.009,-0.001,1740,0,0
642672,7.003,6.941,-0.204,-0.063,0.018,-0.000,1741,0,0
642692,6.986,6.893,-0.136,-0.076,0.026,-0.004,1741,0,0
642713,6.962,6.869,-0.098,-0.061,0.026,-0.012,1738,0,0
642732,6.972,6.926,-0.098,-0.045,0.018,-0.015,1741,0,0
642753,7.001,6.919,-0.148,-0.067,0.007,-0.012,1740,0,0
642772,7.013,6.919,-0.189,-0.082,0.013,-0.018,1741,0,0
642792,6.955,6.979,-0.204,-0.054,0.024,-0.020,1740,0,0
642812,6.941,6.972,-0.127,-0.061,0.031,-0.015,1740,0,0
642833,7.022,6.929,-0.026,-0.068,0.025,-0.016,1739,0,0
642852,6.972,6.926,-0.034,-0.049,0.019,-0.027,1740,0,0
642873,6.972,7.029,-0.134,-0.035,0.018,-0.026,1739,0,0
642892,6.941,7.063,-0.206,-0.068,0.024,-0.015,1739,0,0
642913,7.005,7.029,-0.189,-0.074,0.038,-0.011,1739,0,0
642933,6.948,7.053,-0.089,-0.070,0.046,-0.007,1740,0,0
642953,6.919,6.989,-0.019,-0.079,0.030,-0.002,1740,0,0
642972,6.977,6.931,-0.034,-0.060,0.022,-0.004,1740,0,0
642993,6.981,6.926,0.036,-0.041,0.014,-0.012,1741,0,0
643012,7.041,6.977,-0.019,-0.033,0.005,-0.014,1740,0,0
643032,7.044,7.001,-0.036,-0.044,0.006,-0.014,1740,0,0
643052,7.001,6.989,-0.081,-0.057,0.005,-0.014,1741,0,0
643073,7.008,7.022,-0.141,-0.043,0.006,-0.016,1740,0,0
643092,6.996,7.037,-0.122,-0.057,0.017,-0.010,1740,0,0
643113,6.953,7.058,-0.127,-0.058,0.020,-0.006,1739,0,0
643132,6.946,7.017,-0.091,-0.065,0.024,-0.002,1740,0,0
643153,6.960,6.996,-0.038,-0.082,0.023,-0.003,1739,0,0
643172,7.005,6.970,0.041,-0.063,0.015,-0.010,1740,0,0
643193,6.977,7.025,0.029,-0.033,0.004,-0.012,1741,0,0
643212,6.958,7.056,-0.057,-0.037,-0.002,-0.002,1739,0,0
643232,6.974,6.984,-0.215,-0.076,0.005,0.003,1740,0,0
643252,6.953,6.934,-0.199,-0.088,0.020,-0.001,1740,0,0
643273,6.902,6.910,-0.136,-0.063,0.022,-0.001,1741,0,0
643292,6.835,6.902,-0.098,-0.064,0.018,-0.001,1741,0,0
643312,6.900,6.902,-0.184,-0.068,0.016,-0.005,1741,0,0
643332,6.910,6.895,-0.199,-0.068,0.026,-0.006,1740,0,0
643353,6.919,6.907,-0.187,-0.077,0.037,-0.007,1739,0,0
643372,6.938,6.831,-0.036,-0.090,0.037,-0.009,1741,0,0
643392,7.003,6.790,0.072,-0.074,0.025,-0.021,1741,0,0
643412,7.003,6.855,0.048,-0.044,0.008,-0.032,1740,0,0
643432,6.991,6.955,-0.036,-0.048,-0.001,-0.040,1740,0,0
643452,6.991,7.010,-0.091,-0.056,0.002,-0.037,1741,0,0
643472,7.017,7.056,-0.180,-0.058,0.009,-0.034,1740,0,0
643492,7.015,7.075,-0.098,-0.072,0.018,-0.027,1740,0,0
643512,7.005,7.106,-0.034,-0.071,0.017,-0.025,1740,0,0
643532,7.037,7.128,-0.010,-0.060,0.008,-0.018,1740,0,0
643552,7.041,7.118,-0.072,-0.068,0.005,-0.019,1740,0,0
643572,7.025,7.140,-0.072,-0.051,0.010,-0.015,1741,0,0
643592,6.996,7.195,-0.065,-0.047,0.011,-0.002,1740,0,0
643612,6.981,7.144,-0.089,-0.073,0.007,0.011,1742,0,0
643633,6.958,7.087,-0.105,-0.076,0.011,0.009,1741,0,0
643652,6.958,7.075,-0.132,-0.060,0.018,0.010,1741,0,0
643673,6.919,7.058,-0.036,-0.057,0.017,0.014,1741,0,0
643692,6.955,7.010,0.000,-0.057,0.005,0.017,1742,0,0
643713,6.953,6.977,-0.081,-0.058,-0.004,0.008,1740,0,0
643733,6.931,6.989,-0.215,-0.053,-0.001,0.008,1741,0,0
643753,6.847,7.037,-0.256,-0.057,0.011,0.016,1741,0,0
643772,6.831,6.989,-0.242,-0.068,0.018,0.024,1741,0,0
643793,6.919,6.881,-0.168,-0.070,0.028,0.022,1741,0,0
643812,6.965,6.800,-0.089,-0.064,0.025,0.006,1741,0,0
643832,7.029,6.843,-0.139,-0.050,0.025,-0.001,1742,0,0
643852,7.025,6.874,-0.060,-0.059,0.029,-0.007,1742,0,0
643872,6.972,6.891,-0.005,-0.060,0.027,-0.009,1741,0,0
643892,6.965,6.914,0.043,-0.060,0.016,-0.010,1742,0,0
643912,6.953,6.914,-0.024,-0.057,0.003,-0.013,1741,0,0
643932,7.005,6.979,-0.156,-0.052,0.006,-0.013,1741,0,0
643952,7.025,6.970,-0.175,-0.065,0.023,-0.011,1741,0,0
643972,7.046,7.008,-0.072,-0.074,0.034,-0.012,1741,0,0
643992,6.946,7.039,0.031,-0.072,0.027,-0.009,1741,0,0
644012,6.943,7.039,0.005,-0.057,0.009,-0.006,1741,0,0
644032,6.981,6.993,-0.096,-0.053,0.007,-0.004,1740,0,0
644052,6.984,6.986,-0.168,-0.049,0.014,-0.004,1740,0,0
644072,7.013,6.991,-0.146,-0.055,0.024,-0.004,1741,0,0
644092,6.986,6.979,-0.079,-0.080,0.028,-0.003,1741,0,0
644112,6.950,6.955,-0.043,-0.078,0.027,-0.004,1741,0,0
644133,6.967,6.934,-0.041,-0.059,0.027,-0.004,1742,0,0
644153,6.931,6.936,-0.038,-0.057,0.020,-0.013,1742,0,0
644173,6.972,7.025,-0.050,-0.059,0.013,-0.012,1741,0,0
644192,7.003,7.025,-0.101,-0.077,0.021,-0.005,1742,0,0
644212,6.981,6.960,-0.127,-0.075,0.032,-0.002,1742,0,0
644232,6.934,6.958,-0.065,-0.070,0.038,-0.003,1741,0,0
644252,6.953,6.936,0.010,-0.084,0.033,-0.006,1741,0,0
644272,6.996,6.936,0.098,-0.063,0.021,-0.008,1741,0,0
644293,7.029,6.958,0.117,-0.057,0.010,-0.009,1741,0,0
644312,7.032,6.943,-0.024,-0.060,0.001,-0.013,1741,0,0
644333,7.037,7.025,-0.072,-0.068,0.011,-0.014,1741,0,0
644352,6.938,7.089,-0.002,-0.061,0.014,-0.011,1741,0,0
644373,6.936,7.113,0.014,-0.059,0.007,0.003,1741,0,0
644392,7.015,6.998,-0.019,-0.079,0.005,0.011,1742,0,0
644413,7.020,6.948,-0.048,-0.062,0.012,0.007,1741,0,0
644432,6.974,6.965,-0.034,-0.063,0.017,0.007,1741,0,0
644453,6.958,6.914,0.034,-0.095,0.017,0.008,1740,0,0
644473,6.979,6.831,0.045,-0.090,0.006,0.003,1741,0,0
644493,7.037,6.838,0.019,-0.063,0.000,-0.010,1742,0,0
644512,7.003,6.895,-0.010,-0.063,0.002,-0.020,1741,0,0
644532,6.967,7.032,-0.031,-0.060,-0.001,-0.012,1742,0,0
644553,6.910,6.974,-0.050,-0.081,-0.005,-0.009,1742,0,0
644573,6.934,6.934,-0.074,-0.071,-0.007,-0.011,1741,0,0
644592,6.962,6.986,-0.124,-0.055,-0.005,-0.011,1742,0,0
644613,6.970,6.998,-0.163,-0.063,0.002,-0.004,1741,0,0
644633,6.962,6.938,-0.153,-0.080,0.014,0.001,1741,0,0
644652,6.931,6.855,-0.122,-0.084,0.021,-0.006,1741,0,0
644673,6.938,6.845,-0.045,-0.078,0.019,-0.019,1741,0,0
644693,6.996,6.917,-0.067,-0.071,0.010,-0.025,1741,0,0
644712,7.005,6.955,-0.098,-0.068,0.016,-0.022,1741,0,0
644732,6.941,7.001,-0.048,-0.062,0.015,-0.024,1740,0,0
644753,6.914,7.046,-0.034,-0.057,0.009,-0.021,1742,0,0
644772,6.938,7.015,-0.062,-0.071,0.005,-0.018,1741,0,0
644792,6.993,6.998,-0.124,-0.059,0.009,-0.015,1740,0,0
644812,6.981,7.008,-0.072,-0.061,0.020,-0.014,1740,0,0
644832,6.955,7.005,-0.019,-0.067,0.024,-0.011,1741,0,0
644852,6.931,6.948,-0.002,-0.074,0.020,-0.012,1742,0,0
644872,6.991,6.936,0.022,-0.055,0.013,-0.019,1741,0,0
644892,7.008,6.986,-0.062,-0.053,0.015,-0.019,1741,0,0
644912,7.001,7.005,0.002,-0.077,0.020,-0.017,1741,0,0
644932,6.984,6.998,0.060,-0.066,0.020,-0.015,1741,0,0
644952,6.962,7.034,0.045,-0.056,0.012,-0.018,1741,0,0
644972,6.998,7.075,-0.043,-0.067,0.012,-0.011,1741,0,0
644993,6.970,7.061,-0.034,-0.085,0.023,-0.006,1741,0,0
645012,6.926,7.027,0.048,-0.068,0.024,-0.003,1741,0,0
645033,6.924,7.008,0.110,-0.058,0.011,-0.002,1741,0,0
645052,7.001,6.938,0.055,-0.064,-0.004,-0.007,1741,0,0
645072,7.015,6.914,0.019,-0.058,0.000,-0.011,1741,0,0
645092,6.991,6.958,-0.036,-0.055,0.003,-0.011,1741,0,0
645112,6.886,6.965,-0.031,-0.071,0.006,-0.011,1741,0,0
645133,6.819,6.941,-0.024,-0.077,0.002,-0.016,1741,0,0
645152,6.886,6.948,-0.129,-0.068,0.007,-0.019,1740,0,0
645172,6.943,6.924,-0.156,-0.070,0.024,-0.021,1741,0,0
645192,6.931,6.922,-0.084,-0.083,0.036,-0.022,1740,0,0
645212,6.958,6.934,-0.010,-0.088,0.034,-0.022,1741,0,0
645232,6.965,6.960,0.019,-0.088,0.033,-0.025,1741,0,0
645252,7.001,7.013,0.086,-0.064,0.023,-0.030,1741,0,0
645272,6.934,7.140,0.182,-0.043,0.017,-0.024,1742,0,0
645292,6.912,7.149,0.098,-0.059,-0.005,-0.014,1740,0,0
645312,7.001,7.058,-0.050,-0.070,-0.009,-0.007,1741,0,0
645333,7.037,6.991,-0.093,-0.070,0.002,-0.012,1741,0,0
645352,7.063,7.020,-0.065,-0.046,0.013,-0.016,1741,0,0
645373,7.008,7.104,-0.005,-0.066,0.014,-0.015,1742,0,0
645393,6.962,7.173,0.041,-0.067,0.008,-0.009,1741,0,0
645413,6.919,7.171,-0.010,-0.062,0.006,0.002,1742,0,0
645432,6.974,7.130,-0.007,-0.063,0.008,0.014,1741,0,0
645452,6.958,6.979,-0.017,-0.079,0.006,0.015,1742,0,0
645473,6.948,6.929,-0.045,-0.047,0.002,0.004,1742,0,0
645492,6.922,7.010,-0.041,-0.038,0.010,0.003,1741,0,0
645512,6.888,7.046,0.036,-0.049,0.016,0.009,1742,0,0
645532,6.926,6.979,0.022,-0.061,0.013,0.016,1740,0,0
645552,6.946,6.891,0.060,-0.068,0.010,0.010,1741,0,0
645572,6.950,6.900,0.074,-0.056,0.008,-0.002,1742,0,0
645592,6.936,6.965,0.098,-0.045,0.007,-0.002,1742,0,0
645612,6.919,6.934,0.110,-0.058,-0.002,0.003,1742,0,0
645632,6.955,6.893,0.060,-0.062,-0.006,-0.002,1742,0,0
645652,6.946,6.898,0.022,-0.069,-0.003,-0.009,1742,0,0
645672,6.919,6.924,0.019,-0.076,0.001,-0.008,1741,0,0
645692,6.912,6.922,0.005,-0.065,-0.004,-0.007,1741,0,0
645712,6.953,6.926,0.024,-0.066,-0.006,-0.011,1741,0,0
645732,6.955,6.934,0.017,-0.066,-0.007,-0.016,1740,0,0
645752,6.970,6.922,0.000,-0.078,-0.012,-0.018,1741,0,0
645772,6.974,6.922,-0.034,-0.070,-0.014,-0.021,1741,0,0
645792,6.948,6.986,-0.084,-0.055,-0.014,-0.019,1741,0,0
645812,6.886,7.015,-0.165,-0.072,-0.006,-0.021,1741,0,0
645833,6.902,7.027,-0.172,-0.080,0.003,-0.024,1741,0,0
645852,7.015,6.888,-0.108,-0.056,0.014,-0.027,1742,0,0
645873,6.970,7.041,-0.005,-0.008,0.015,-0.035,1741,0,0
645893,6.919,7.116,-0.012,-0.063,-0.003,-0.025,1741,0,0
645913,6.962,7.051,-0.062,-0.076,-0.011,-0.021,1742,0,0
645932,6.929,7.111,-0.199,-0.040,-0.001,-0.017,1742,0,0
645953,6.924,7.130,-0.251,-0.057,0.014,-0.003,1741,0,0
645972,6.938,7.027,-0.208,-0.085,0.022,0.000,1741,0,0
645993,6.948,6.972,-0.168,-0.055,0.025,-0.011,1740,0,0
646012,6.946,7.065,-0.115,-0.040,0.029,-0.008,1741,0,0
646033,6.922,7.068,-0.139,-0.071,0.030,-0.001,1740,0,0
646052,6.946,7.015,-0.172,-0.079,0.036,-0.003,1741,0,0
646072,6.929,7.020,-0.103,-0.055,0.044,-0.009,1741,0,0
646093,6.914,7.070,-0.031,-0.039,0.038,-0.007,1740,0,0
646112,6.946,7.046,-0.002,-0.056,0.041,-0.000,1742,0,0
646133,6.922,7.022,-0.005,-0.057,0.033,-0.002,1741,0,0
646152,6.941,7.051,0.007,-0.050,0.031,0.003,1740,0,0
646172,6.934,7.010,0.053,-0.062,0.028,0.006,1742,0,0
646192,6.972,6.965,0.010,-0.062,0.017,0.003,1742,0,0
646212,6.993,6.941,0.010,-0.052,0.023,0.000,1741,0,0
646232,6.974,6.986,0.029,-0.045,0.024,-0.004,1742,0,0
646252,6.970,7.005,0.012,-0.058,0.022,-0.003,1741,0,0
646272,6.962,6.974,0.069,-0.063,0.015,-0.005,1741,0,0
646293,6.972,7.039,0.050,-0.036,0.014,-0.003,1741,0,0
646312,6.919,7.039,0.067,-0.055,0.013,0.003,1741,0,0
646332,6.974,6.924,0.053,-0.082,0.010,0.007,1741,0,0
646352,6.948,6.857,0.060,-0.067,0.014,-0.004,1741,0,0
646372,6.941,6.931,0.077,-0.051,0.011,-0.012,1742,0,0
646393,6.900,7.015,0.055,-0.067,0.006,-0.007,1741,0,0
646413,6.881,6.946,0.012,-0.086,0.010,-0.002,1741,0,0
646432,6.914,6.879,0.041,-0.074,0.014,-0.005,1742,0,0
646453,6.910,6.891,0.077,-0.059,0.010,-0.011,1740,0,0
646472,6.886,6.891,0.175,-0.071,-0.006,-0.017,1741,0,0
646492,6.907,6.857,0.122,-0.059,-0.023,-0.026,1741,0,0
646513,6.950,6.907,0.031,-0.036,-0.027,-0.041,1740,0,0
646533,6.979,7.013,-0.060,-0.038,-0.026,-0.043,1739,0,0
646552,7.027,7.077,-0.168,-0.057,-0.025,-0.038,1741,0,0
646572,7.092,7.096,-0.208,-0.083,-0.012,-0.033,1741,0,0
646593,7.010,7.180,-0.134,-0.071,-0.003,-0.039,1741,0,0
646612,6.934,7.372,-0.199,-0.035,-0.017,-0.034,1741,0,0
646632,6.974,7.506,-0.390,-0.037,-0.005,-0.007,1741,0,0
646652,7.051,7.420,-0.584,-0.082,0.030,0.016,1740,0,0
646672,7.094,7.290,-0.476,-0.111,0.062,0.042,1741,0,0
646693,7.037,7.072,-0.184,-0.125,0.055,0.038,1741,0,0
646712,6.965,7.077,-0.168,-0.058,0.026,0.022,1741,0,0
646732,6.931,7.151,-0.208,-0.027,0.035,0.027,1742,0,0
646752,6.902,7.120,-0.115,-0.007,0.042,0.038,1741,0,0
646772,6.888,7.027,-0.022,-0.007,0.042,0.041,1742,0,0
646792,6.814,6.962,0.050,-0.043,0.043,0.037,1741,0,0
646813,6.874,6.881,-0.014,-0.054,0.047,0.050,1741,0,0
646832,6.912,6.642,0.096,-0.058,0.068,0.053,1741,0,0
646852,6.934,6.440,0.175,-0.037,0.071,0.029,1740,0,0
646872,7.003,6.455,0.223,-0.037,0.066,-0.006,1741,0,0
646892,6.950,6.555,0.244,-0.077,0.059,-0.025,1742,0,0
646913,6.847,6.601,0.328,-0.058,0.046,-0.035,1741,0,0
646932,6.859,6.713,0.273,-0.043,0.036,-0.045,1741,0,0
646952,6.953,6.740,0.201,-0.093,0.034,-0.049,1741,0,0
646973,6.917,6.728,0.273,-0.107,0.036,-0.061,1741,0,0
646993,6.941,6.850,0.287,-0.075,0.026,-0.078,1741,0,0
647013,6.979,7.015,0.292,-0.108,0.022,-0.069,1741,0,0
647032,6.958,7.041,0.297,-0.123,0.012,-0.062,1742,0,0
647052,6.950,7.037,0.227,-0.111,0.003,-0.063,1741,0,0
647072,6.946,7.108,0.194,-0.120,-0.002,-0.056,1741,0,0
647092,6.938,7.084,0.151,-0.147,-0.009,-0.047,1741,0,0
647112,6.910,7.087,0.158,-0.118,-0.012,-0.043,1741,0,0
647133,6.881,7.089,0.127,-0.091,-0.019,-0.041,1743,0,0
647152,6.802,7.106,0.084,-0.095,-0.029,-0.039,1741,0,0
647173,6.788,7.118,-0.077,-0.107,-0.037,-0.043,1742,0,0
647192,6.902,7.132,-0.287,-0.103,-0.022,-0.032,1741,0,0
647213,6.953,7.099,-0.266,-0.105,0.007,-0.026,1741,0,0
647232,6.912,7.082,-0.199,-0.114,0.022,-0.030,1742,0,0
647252,6.838,7.099,-0.206,-0.111,0.021,-0.029,1741,0,0
647272,6.749,7.056,-0.311,-0.083,0.015,-0.039,1742,0,0
647292,6.754,7.094,-0.464,-0.025,0.018,-0.052,1741,0,0
647312,6.778,7.211,-0.484,0.026,0.039,-0.050,1742,0,0
647333,6.718,7.317,-0.441,0.028,0.054,-0.045,1739,0,0
647352,6.697,7.314,-0.443,0.007,0.075,-0.025,1742,0,0
647372,6.706,7.144,-0.527,-0.013,0.095,-0.005,1741,0,0
647392,6.764,7.027,-0.409,-0.005,0.122,-0.017,1742,0,0
647413,6.893,7.116,-0.287,0.001,0.160,-0.012,1742,0,0
647432,6.840,7.125,-0.096,-0.048,0.176,0.006,1742,0,0
647452,6.819,6.936,0.053,-0.067,0.172,0.009,1742,0,0
647472,6.883,6.910,0.045,-0.054,0.174,-0.012,1742,0,0
647493,6.788,7.053,0.053,-0.076,0.179,-0.018,1742,0,0
647512,6.697,7.070,0.045,-0.081,0.183,-0.013,1743,0,0
647533,6.634,7.041,-0.048,-0.058,0.172,-0.020,1743,0,0
647552,6.663,7.082,-0.261,-0.082,0.175,-0.025,1742,0,0
647573,6.665,7.032,-0.608,-0.089,0.175,-0.031,1742,0,0
647592,6.680,6.955,-0.948,-0.015,0.195,-0.044,1742,0,0
647612,6.625,7.116,-1.319,0.043,0.242,-0.071,1742,0,0
647633,6.689,7.405,-1.693,0.007,0.319,-0.066,1741,0,0
647652,6.558,7.377,-1.834,-0.044,0.389,-0.048,1742,0,0
647672,6.486,7.302,-2.045,0.083,0.428,-0.057,1742,0,0
647693,6.407,7.539,-2.389,0.274,0.496,-0.087,1743,0,0
647713,6.235,7.968,-2.646,0.338,0.598,-0.086,1742,0,0
647732,6.050,8.171,-2.828,0.338,0.737,-0.033,1742,0,0
647752,5.923,8.243,-2.988,0.301,0.889,0.037,1742,0,0
647772,5.823,8.114,-2.717,0.275,1.036,0.077,1742,0,0
647792,5.808,8.169,-2.301,0.380,1.179,0.116,1741,0,0
647812,5.617,8.351,-1.896,0.471,1.286,0.161,1742,0,0
647832,5.294,8.301,-1.860,0.492,1.365,0.193,1743,0,0
647853,5.059,8.294,-2.076,0.580,1.452,0.190,1743,0,0
647872,4.906,8.645,-2.459,0.702,1.598,0.202,1743,0,0
647893,4.908,9.091,-2.377,0.728,1.810,0.272,1743,0,0
647912,4.542,9.184,-1.580,0.653,2.025,0.382,1743,0,0
647933,4.034,8.940,-0.958,0.622,2.119,0.464,1743,0,0
647952,4.044,8.784,-0.891,0.681,2.180,0.512,1743,0,0
647972,4.161,8.856,-0.651,0.767,2.320,0.546,1743,0,0
647992,4.070,8.906,-0.005,0.877,2.458,0.593,1743,0,0
648012,3.888,8.933,0.979,1.004,2.540,0.618,1744,0,0
648033,3.749,8.892,1.580,1.067,2.497,0.630,1744,0,0
648053,4.044,8.954,1.731,1.205,2.408,0.655,1743,0,0
648072,4.357,9.134,1.712,1.336,2.413,0.688,1744,0,0
648093,4.322,9.052,2.411,1.478,2.471,0.667,1744,0,0
648112,4.305,9.352,3.230,1.696,2.430,0.632,1744,0,0
648133,4.156,9.476,3.354,1.705,2.289,0.626,1744,0,0
648152,4.484,9.419,2.636,1.820,2.178,0.606,1744,0,0
648172,4.779,9.979,2.313,2.033,2.224,0.577,1744,0,0
648192,4.393,10.496,3.508,1.801,2.418,0.634,1744,0,0
648213,3.800,10.195,4.326,1.440,2.323,0.760,1744,0,0
648233,3.962,9.287,3.273,1.331,2.087,0.798,1744,0,0
648253,4.630,9.131,2.808,1.388,2.202,0.747,1745,0,0
648272,4.049,9.258,4.472,1.249,2.515,0.733,1745,0,0
648292,3.405,8.978,5.653,1.087,2.411,0.763,1745,0,0
648312,3.591,8.633,5.480,1.100,2.060,0.751,1745,0,0
648332,3.857,8.545,5.320,0.924,1.985,0.742,1745,0,0
648352,3.505,8.188,6.014,0.743,2.003,0.770,1745,0,0
648372,3.428,7.764,6.711,0.832,1.852,0.748,1747,0,0
648393,3.105,7.482,6.622,0.886,1.620,0.707,1746,0,0
648413,3.259,7.254,6.043,0.817,1.439,0.689,1748,0,0
648433,3.512,7.029,6.117,0.659,1.397,0.698,1748,0,0
648452,3.426,6.483,6.555,0.432,1.311,0.666,1746,0,0
648472,3.484,5.988,6.460,0.528,1.171,0.587,1747,0,0
648492,3.723,6.160,6.409,0.607,1.116,0.524,1747,0,0
648512,3.797,6.033,6.579,0.356,1.049,0.473,1747,0,0
648532,3.972,5.775,6.551,0.223,0.915,0.413,1748,0,0
648552,4.125,5.701,6.220,0.172,0.829,0.341,1748,0,0
648572,4.300,5.768,6.129,0.073,0.800,0.273,1749,0,0
648592,4.307,5.792,6.438,0.007,0.751,0.208,1748,0,0
648613,4.604,5.911,6.242,-0.055,0.622,0.172,1751,0,0
648632,5.092,5.916,5.887,-0.118,0.521,0.147,1747,0,0
648653,5.222,5.906,6.041,-0.133,0.473,0.096,1747,0,0
648672,5.109,6.084,6.019,-0.066,0.366,0.066,1747,0,0
648693,5.241,6.122,5.425,-0.065,0.220,0.058,1748,0,0
648712,5.756,6.091,4.719,-0.083,0.126,0.029,1747,0,0
648732,5.792,6.115,4.520,-0.044,0.125,-0.013,1747,0,0
648752,5.801,6.345,4.257,0.014,0.092,-0.041,1746,0,0
648772,5.942,6.522,4.111,0.007,0.075,-0.058,1747,0,0
648792,5.854,6.577,4.161,-0.000,0.055,-0.079,1746,0,0
648813,5.928,6.929,3.922,0.086,0.005,-0.097,1746,0,0
648832,5.899,7.240,3.895,0.068,0.030,-0.083,1747,0,0
648853,5.760,7.441,3.967,0.005,0.055,-0.056,1746,0,0
648872,5.679,7.525,4.003,0.034,0.054,-0.013,1745,0,0
648893,5.619,7.412,4.053,-0.009,0.052,0.038,1745,0,0
648912,5.581,7.175,4.108,-0.048,0.034,0.046,1746,0,0
648932,5.593,7.142,4.003,0.003,0.027,0.028,1746,0,0
648953,5.497,7.204,3.948,0.048,0.059,0.049,1745,0,0
648972,5.377,7.175,4.003,0.003,0.094,0.089,1745,0,0
648993,5.485,6.821,4.111,-0.128,0.078,0.118,1745,0,0
649012,5.665,6.498,4.044,-0.172,0.043,0.100,1745,0,0
649032,5.653,6.352,3.960,-0.123,0.042,0.075,1745,0,0
649052,5.435,6.395,4.027,-0.077,0.047,0.044,1744,0,0
649072,5.380,6.505,3.907,-0.001,0.017,0.014,1745,0,0
649092,5.476,6.665,3.685,0.002,0.014,0.018,1745,0,0
649112,5.516,6.596,3.630,-0.091,0.031,0.022,1745,0,0
649132,5.461,6.481,3.666,-0.114,0.050,0.012,1745,0,0
649152,5.423,6.474,3.816,-0.070,0.060,-0.002,1745,0,0
649172,5.452,6.524,3.881,-0.020,0.032,-0.019,1745,0,0
649193,5.636,6.694,3.519,0.012,0.044,-0.033,1745,0,0
649212,5.789,6.840,3.620,-0.009,0.102,-0.015,1745,0,0
649233,5.756,6.833,4.142,-0.043,0.135,0.002,1744,0,0
649252,5.729,6.728,4.307,-0.037,0.090,0.000,1745,0,0
649273,5.753,6.625,4.137,-0.042,0.049,-0.014,1745,0,0
649292,5.849,6.586,3.946,-0.028,0.055,-0.037,1745,0,0
649313,5.758,6.807,4.058,0.015,0.108,-0.044,1746,0,0
649332,5.598,6.977,4.075,-0.013,0.114,-0.027,1744,0,0
649353,5.531,6.891,3.982,-0.106,0.099,-0.004,1746,0,0
649372,5.473,6.646,3.946,-0.185,0.102,-0.007,1745,0,0
649393,5.442,6.534,4.116,-0.127,0.099,-0.027,1744,0,0
649413,5.437,6.589,4.094,-0.030,0.068,-0.040,1746,0,0
649432,5.377,6.656,3.924,-0.007,0.055,-0.045,1745,0,0
649452,5.332,6.673,3.843,-0.057,0.063,-0.044,1745,0,0
649473,5.370,6.670,3.974,-0.070,0.080,-0.039,1745,0,0
649492,5.471,6.665,4.142,-0.068,0.087,-0.048,1745,0,0
649513,5.624,6.721,4.286,-0.060,0.080,-0.057,1746,0,0
649532,5.672,6.713,4.343,-0.075,0.071,-0.069,1745,0,0
649552,5.701,6.814,4.345,-0.048,0.069,-0.084,1745,0,0
649573,5.679,7.077,4.439,-0.024,0.059,-0.078,1745,0,0
649593,5.722,7.223,4.369,-0.060,0.028,-0.054,1745,0,0
649612,5.727,7.235,4.142,-0.100,0.014,-0.033,1744,0,0
649632,5.629,7.242,4.039,-0.111,0.025,-0.014,1745,0,0
649653,5.526,7.264,4.080,-0.097,0.034,0.011,1744,0,0
649673,5.509,7.216,4.065,-0.082,0.014,0.038,1744,0,0
649692,5.507,7.116,3.879,-0.086,-0.009,0.062,1746,0,0
649713,5.420,6.972,3.740,-0.100,0.003,0.080,1745,0,0
649733,5.351,6.759,3.807,-0.090,0.038,0.093,1746,0,0
649752,5.315,6.620,4.001,-0.079,0.055,0.079,1745,0,0
649773,5.334,6.512,4.017,-0.070,0.060,0.057,1744,0,0
649793,5.418,6.474,4.034,-0.088,0.077,0.039,1745,0,0
649813,5.476,6.414,4.214,-0.108,0.092,0.016,1745,0,0
649832,5.574,6.412,4.276,-0.101,0.086,-0.010,1745,0,0
649852,5.535,6.563,4.389,-0.089,0.072,-0.036,1745,0,0
649872,5.418,6.721,4.391,-0.097,0.046,-0.048,1745,0,0
649892,5.430,6.888,4.326,-0.079,0.023,-0.040,1745,0,0
649913,5.444,6.946,4.322,-0.093,0.015,-0.019,1746,0,0
649932,5.430,6.931,4.247,-0.099,0.001,-0.009,1745,0,0
649952,5.385,6.907,4.214,-0.104,-0.004,0.006,1745,0,0
649972,5.365,6.847,4.245,-0.107,-0.000,0.013,1745,0,0
649992,5.377,6.838,4.341,-0.085,0.003,0.016,1745,0,0
650013,5.490,6.778,4.262,-0.093,-0.009,0.018,1745,0,0
650033,5.638,6.685,4.183,-0.122,0.008,0.021,1745,0,0
650052,5.662,6.606,4.322,-0.176,0.041,0.028,1746,0,0
650072,5.643,6.450,4.604,-0.165,0.029,0.029,1745,0,0
650092,5.665,6.416,4.585,-0.109,-0.026,0.011,1746,0,0
650112,5.681,6.560,4.350,-0.061,-0.073,-0.008,1746,0,0
650133,5.626,6.735,4.290,-0.073,-0.078,0.005,1745,0,0
650152,5.526,6.735,4.319,-0.061,-0.091,0.021,1746,0,0
650173,5.583,6.732,4.185,-0.009,-0.125,0.022,1745,0,0
650192,5.634,6.740,4.017,0.006,-0.131,0.023,1745,0,0
650213,5.567,6.721,3.891,0.021,-0.121,0.027,1745,0,0
650232,5.567,6.709,3.828,0.033,-0.115,0.028,1745,0,0
650252,5.578,6.701,3.725,0.055,-0.093,0.019,1745,0,0
650272,5.543,6.771,3.589,0.067,-0.056,0.020,1745,0,0
650292,5.593,6.747,3.603,0.007,-0.016,0.031,1745,0,0
650312,5.583,6.608,3.735,-0.051,0.003,0.022,1745,0,0
650333,5.562,6.555,3.723,-0.017,0.014,-0.002,1744,0,0
650352,5.559,6.618,3.663,0.026,0.045,-0.013,1745,0,0
650372,5.504,6.651,3.694,0.047,0.083,-0.020,1745,0,0
650392,5.519,6.699,3.883,0.060,0.084,-0.026,1746,0,0
650412,5.547,6.847,3.931,0.038,0.076,-0.012,1745,0,0
650432,5.471,6.800,3.977,-0.037,0.058,0.006,1745,0,0
650452,5.511,6.737,4.020,-0.033,0.043,0.013,1745,0,0
650472,5.432,6.725,4.125,0.007,0.044,0.012,1746,0,0
650493,5.401,6.819,4.135,0.036,0.036,0.022,1744,0,0
650512,5.502,6.761,4.087,0.026,0.028,0.032,1745,0,0
650532,5.610,6.642,4.159,-0.007,0.032,0.028,1745,0,0
650552,5.617,6.558,4.240,-0.009,0.026,0.003,1745,0,0
650572,5.617,6.665,4.211,0.029,0.006,-0.019,1745,0,0
650593,5.564,6.879,4.108,0.025,0.001,-0.022,1745,0,0
650613,5.535,6.953,4.032,-0.007,0.007,-0.011,1746,0,0
650633,5.559,6.974,4.049,-0.010,0.020,-0.011,1746,0,0
650652,5.543,7.017,4.118,-0.010,0.017,-0.004,1745,0,0
650672,5.502,6.965,4.135,-0.026,-0.016,0.014,1746,0,0
650693,5.617,6.895,3.977,0.010,-0.042,0.014,1745,0,0
650712,5.660,6.886,3.895,0.040,-0.038,0.014,1745,0,0
650732,5.559,6.977,3.759,0.036,-0.043,0.018,1745,0,0
650753,5.622,6.946,3.701,0.002,-0.038,0.027,1745,0,0
650773,5.643,6.879,3.704,-0.010,-0.017,0.035,1745,0,0
650792,5.624,6.809,3.757,-0.017,-0.008,0.036,1745,0,0
650812,5.674,6.744,3.737,-0.019,-0.011,0.028,1745,0,0
650833,5.753,6.704,3.721,-0.044,-0.004,0.014,1745,0,0
650853,5.782,6.742,3.716,-0.040,0.007,-0.001,1745,0,0
650872,5.691,6.840,3.891,-0.023,0.026,-0.005,1745,0,0
650893,5.569,6.907,4.013,-0.022,0.004,0.000,1745,0,0
650912,5.624,6.859,3.886,-0.034,-0.033,0.010,1745,0,0
650933,5.650,6.768,3.759,-0.042,-0.039,0.003,1745,0,0
650952,5.576,6.800,3.747,-0.009,-0.031,0.000,1745,0,0
650972,5.598,6.869,3.725,0.002,-0.026,0.011,1744,0,0
650992,5.672,6.814,3.670,-0.047,-0.033,0.012,1744,0,0
651012,5.646,6.747,3.591,-0.061,-0.028,-0.004,1744,0,0
651033,5.634,6.812,3.625,-0.035,-0.005,-0.015,1745,0,0
651052,5.653,6.914,3.792,-0.019,0.013,-0.014,1745,0,0
651072,5.784,6.931,3.757,-0.018,0.001,-0.015,1744,0,0
651092,5.892,6.902,3.807,-0.025,0.011,-0.011,1744,0,0
651113,5.816,6.941,3.936,-0.022,0.027,-0.005,1744,0,0
651132,5.825,6.874,3.938,-0.052,0.006,0.002,1745,0,0
651153,5.899,6.835,3.814,-0.056,-0.007,-0.006,1745,0,0
651172,5.868,6.891,3.783,-0.016,0.013,-0.015,1745,0,0
651192,5.689,7.075,3.828,-0.001,0.013,-0.002,1745,0,0
651213,5.662,7.013,3.807,-0.064,-0.014,0.016,1745,0,0
651232,5.772,6.893,3.689,-0.056,-0.036,0.015,1744,0,0
651253,5.825,6.886,3.543,0.005,-0.027,0.006,1744,0,0
651272,5.794,6.960,3.519,0.025,-0.008,0.014,1744,0,0
651292,5.744,6.922,3.496,0.010,-0.013,0.022,1745,0,0
651312,5.820,6.955,3.462,0.008,-0.014,0.024,1744,0,0
651332,5.701,6.984,3.596,0.001,-0.001,0.030,1744,0,0
651352,5.684,7.010,3.582,0.011,-0.022,0.038,1744,0,0
651372,5.796,6.936,3.421,0.004,-0.013,0.044,1744,0,0
651392,5.760,6.816,3.440,-0.011,0.016,0.040,1744,0,0
651412,5.713,6.852,3.462,0.013,0.027,0.036,1744,0,0
651433,5.715,6.819,3.519,-0.035,0.035,0.040,1744,0,0
651452,5.720,6.709,3.505,-0.076,0.033,0.024,1744,0,0
651472,5.732,6.756,3.594,-0.051,0.043,0.005,1745,0,0
651492,5.648,6.864,3.697,-0.053,0.052,0.003,1745,0,0
651512,5.689,6.881,3.670,-0.055,0.027,0.011,1744,0,0
651533,5.770,6.795,3.531,-0.075,0.015,0.010,1745,0,0
651552,5.737,6.687,3.527,-0.083,0.026,-0.006,1744,0,0
651573,5.722,6.701,3.500,-0.042,0.030,-0.022,1744,0,0
651592,5.708,6.833,3.553,-0.026,0.037,-0.033,1744,0,0
651612,5.768,6.958,3.512,-0.033,0.038,-0.030,1744,0,0
651632,5.813,6.996,3.450,-0.053,0.048,-0.018,1744,0,0
651652,5.813,6.979,3.613,-0.100,0.066,-0.001,1744,0,0
651672,5.708,6.919,3.864,-0.086,0.057,0.001,1744,0,0
651692,5.729,6.950,3.821,-0.019,0.011,0.004,1744,0,0
651712,5.770,6.958,3.625,-0.017,-0.004,0.005,1744,0,0
651732,5.787,6.914,3.505,-0.042,0.010,0.002,1744,0,0
651752,5.756,6.953,3.539,-0.035,0.023,0.005,1744,0,0
651772,5.691,6.938,3.639,-0.045,0.026,0.006,1744,0,0
651792,5.739,6.922,3.572,-0.059,0.023,0.011,1744,0,0
651812,5.751,6.857,3.500,-0.080,0.030,0.016,1744,0,0
651833,5.741,6.749,3.534,-0.074,0.048,0.010,1744,0,0
651852,5.693,6.737,3.620,-0.055,0.050,0.001,1744,0,0
651872,5.701,6.771,3.646,-0.046,0.038,-0.007,1744,0,0
651892,5.768,6.816,3.587,-0.058,0.032,-0.011,1744,0,0
651912,5.751,6.764,3.579,-0.064,0.035,-0.018,1744,0,0
651932,5.768,6.764,3.589,-0.044,0.036,-0.023,1745,0,0
651953,5.792,6.871,3.625,-0.035,0.040,-0.034,1745,0,0
651972,5.775,6.998,3.677,-0.029,0.034,-0.032,1744,0,0
651992,5.732,7.039,3.677,-0.032,0.015,-0.019,1744,0,0
652012,5.806,6.948,3.575,-0.047,-0.001,-0.012,1744,0,0
652032,5.777,6.946,3.452,-0.047,0.014,-0.018,1746,0,0
652053,5.725,7.058,3.584,-0.029,0.045,-0.009,1744,0,0
652072,5.684,7.041,3.682,-0.042,0.045,0.007,1744,0,0
652093,5.794,6.922,3.587,-0.067,0.016,0.008,1744,0,0
652112,5.813,6.850,3.534,-0.084,0.015,-0.003,1744,0,0
652133,5.717,6.874,3.591,-0.046,0.034,-0.012,1744,0,0
652152,5.634,7.029,3.677,-0.003,0.041,-0.006,1744,0,0
652173,5.693,7.053,3.613,-0.046,0.033,0.016,1745,0,0
652192,5.806,6.852,3.536,-0.101,0.031,0.021,1744,0,0
652213,5.856,6.730,3.594,-0.098,0.042,0.007,1744,0,0
652232,5.698,6.759,3.728,-0.038,0.035,-0.011,1744,0,0
652253,5.610,6.948,3.620,0.004,0.008,-0.012,1745,0,0
652272,5.600,7.008,3.474,-0.034,0.007,-0.003,1744,0,0
652292,5.653,6.869,3.402,-0.080,0.023,0.002,1744,0,0
652313,5.717,6.802,3.505,-0.059,0.042,-0.010,1745,0,0
652332,5.669,6.838,3.563,-0.047,0.048,-0.017,1744,0,0
652352,5.648,6.874,3.632,-0.053,0.044,-0.015,1744,0,0
652372,5.698,6.828,3.689,-0.070,0.031,-0.021,1745,0,0
652392,5.751,6.852,3.668,-0.059,0.029,-0.030,1744,0,0
652412,5.622,6.934,3.701,-0.023,0.033,-0.031,1745,0,0
652432,5.631,7.056,3.689,-0.027,0.027,-0.015,1745,0,0
652452,5.708,6.967,3.697,-0.073,0.017,-0.009,1744,0,0
652473,5.787,6.883,3.601,-0.064,0.018,-0.010,1745,0,0
652492,5.725,6.876,3.716,-0.057,0.029,-0.012,1744,0,0
652512,5.674,6.867,3.812,-0.060,0.015,-0.017,1744,0,0
652533,5.705,6.910,3.701,-0.046,-0.018,-0.031,1744,0,0
652552,5.703,6.991,3.572,-0.038,-0.019,-0.033,1744,0,0
652572,5.662,6.991,3.575,-0.065,0.006,-0.020,1744,0,0
652592,5.720,6.879,3.687,-0.084,0.002,-0.021,1744,0,0
652613,5.708,6.855,3.649,-0.069,-0.017,-0.036,1746,0,0
652632,5.693,6.924,3.632,-0.069,-0.016,-0.043,1745,0,0
652653,5.631,6.953,3.668,-0.078,-0.018,-0.041,1744,0,0
652672,5.605,6.926,3.606,-0.072,-0.032,-0.039,1744,0,0
652693,5.595,6.907,3.570,-0.085,-0.026,-0.039,1744,0,0
652712,5.624,6.967,3.524,-0.075,-0.017,-0.041,1744,0,0
652732,5.698,7.020,3.582,-0.074,-0.009,-0.041,1745,0,0
652753,5.701,7.075,3.515,-0.078,-0.015,-0.034,1744,0,0
652772,5.581,7.041,3.529,-0.087,-0.013,-0.029,1744,0,0
652792,5.555,7.005,3.558,-0.052,-0.020,-0.034,1744,0,0
652812,5.710,7.175,3.407,-0.006,-0.018,-0.021,1744,0,0
652832,5.715,7.111,3.338,-0.064,0.005,-0.007,1744,0,0
652853,5.696,6.981,3.388,-0.094,0.027,0.000,1745,0,0
652873,5.679,6.950,3.543,-0.080,0.041,-0.002,1744,0,0
652892,5.696,6.984,3.606,-0.051,0.023,-0.003,1744,0,0
652912,5.720,7.020,3.534,-0.043,0.010,0.002,1744,0,0
652933,5.636,6.934,3.443,-0.057,0.014,0.007,1744,0,0
652953,5.624,6.977,3.426,-0.070,0.021,0.010,1744,0,0
652972,5.693,6.862,3.543,-0.097,0.025,0.008,1744,0,0
652992,5.763,6.804,3.591,-0.060,0.031,-0.003,1744,0,0
653013,5.717,6.859,3.656,-0.041,0.038,-0.014,1744,0,0
653032,5.763,6.891,3.754,-0.049,0.028,-0.018,1744,0,0
653052,5.710,6.953,3.828,-0.035,0.002,-0.027,1744,0,0
653073,5.679,7.111,3.627,-0.020,-0.019,-0.028,1744,0,0
653092,5.636,7.214,3.515,-0.066,0.002,-0.005,1744,0,0
653112,5.653,7.075,3.582,-0.114,0.026,0.013,1744,0,0
653133,5.657,6.886,3.783,-0.084,0.016,0.009,1745,0,0
653153,5.648,6.902,3.733,-0.055,-0.004,-0.000,1744,0,0
653173,5.643,6.879,3.675,-0.080,-0.018,-0.006,1745,0,0
653192,5.703,6.845,3.725,-0.077,-0.016,-0.009,1744,0,0
653213,5.634,6.819,3.831,-0.054,-0.027,-0.013,1745,0,0
653233,5.590,6.766,3.924,-0.079,-0.054,-0.014,1745,0,0
653253,5.528,6.713,4.262,-0.124,-0.074,-0.009,1744,0,0
653272,5.552,6.680,4.918,-0.217,-0.114,0.008,1745,0,0
653292,5.722,6.263,5.624,-0.286,-0.179,-0.018,1745,0,0
653312,5.792,5.964,6.634,-0.176,-0.205,-0.064,1746,0,0
653333,5.392,5.672,8.006,0.003,-0.248,-0.081,1745,0,0
653353,4.911,5.485,9.237,0.156,-0.424,-0.132,1746,0,0
653372,4.511,5.820,9.917,0.110,-0.739,-0.217,1745,0,0
653392,4.334,6.404,10.149,-0.385,-1.117,-0.239,1745,0,0
653413,3.970,6.225,10.781,-0.999,-1.388,-0.312,1745,0,0
653432,3.512,5.988,11.478,-1.107,-1.633,-0.451,1747,0,0
653452,3.484,6.615,11.861,-0.844,-1.926,-0.584,1746,0,0
653473,2.813,7.429,11.815,-0.912,-2.307,-0.687,1746,0,0
653492,2.421,8.313,11.171,-1.146,-2.713,-0.731,1746,0,0
653512,2.157,9.103,10.563,-1.455,-3.013,-0.746,1746,0,0
653532,1.504,9.625,9.869,-1.826,-3.190,-0.768,1746,0,0
653553,0.883,10.058,9.527,-1.984,-3.324,-0.819,1746,0,0
653572,0.196,10.661,9.208,-2.109,-3.478,-0.834,1746,0,0
653592,-0.223,10.992,8.464,-2.309,-3.672,-0.849,1746,0,0
653612,-0.733,11.176,7.745,-2.380,-3.771,-0.894,1747,0,0
653633,-1.504,11.705,7.503,-2.295,-3.842,-0.934,1751,0,0
653652,-2.224,12.165,6.716,-2.305,-3.946,-0.931,1748,0,0
653672,-2.433,12.481,5.318,-2.441,-4.152,-0.881,1749,0,0
653692,-2.547,12.146,4.568,-2.643,-4.256,-0.847,1748,0,0
653712,-3.242,11.815,3.634,-2.540,-4.315,-0.926,1749,0,0
653732,-3.467,12.170,1.925,-2.092,-4.325,-0.994,1749,0,0
653752,-3.673,12.728,-0.536,-1.912,-4.274,-0.884,1748,0,0
653772,-3.127,12.895,-2.986,-2.170,-4.124,-0.726,1747,0,0
653793,-2.002,12.256,-4.508,-2.449,-3.825,-0.614,1746,0,0
653812,-1.077,11.207,-5.368,-2.462,-3.424,-0.605,1745,0,0
653833,-0.218,10.769,-6.115,-1.912,-3.054,-0.679,1746,0,0
653852,0.414,11.509,-7.207,-1.247,-2.795,-0.639,1744,0,0
653872,1.161,11.669,-7.707,-1.091,-2.587,-0.497,1744,0,0
653892,1.865,11.107,-8.454,-1.104,-2.357,-0.388,1744,0,0
653913,2.883,10.568,-9.122,-0.868,-2.112,-0.318,1743,0,0
653932,3.476,10.266,-9.694,-0.632,-1.778,-0.252,1743,0,0
653952,4.075,10.013,-9.974,-0.433,-1.443,-0.135,1743,0,0
653973,4.685,9.867,-9.754,-0.439,-1.119,0.021,1741,0,0
653992,5.353,9.273,-8.909,-0.790,-0.803,0.132,1742,0,0
654012,5.698,8.454,-7.700,-0.966,-0.516,0.181,1742,0,0
654032,5.715,7.982,-6.369,-0.744,-0.321,0.175,1741,0,0
654053,5.753,7.887,-5.358,-0.489,-0.198,0.136,1742,0,0
654072,5.861,8.076,-4.726,-0.418,-0.113,0.108,1743,0,0
654092,6.134,8.193,-4.049,-0.416,-0.023,0.112,1743,0,0
654112,6.251,8.145,-3.481,-0.391,0.086,0.132,1742,0,0
654132,6.144,8.016,-2.919,-0.335,0.173,0.146,1743,0,0
654153,6.316,7.875,-2.174,-0.228,0.225,0.150,1742,0,0
654172,6.481,7.817,-1.480,-0.107,0.232,0.151,1743,0,0
654192,6.519,7.815,-0.994,-0.002,0.208,0.163,1743,0,0
654212,6.586,7.839,-0.917,0.002,0.186,0.184,1743,0,0
654233,6.723,7.772,-0.697,-0.071,0.206,0.221,1740,0,0
654252,6.718,7.468,-0.476,-0.180,0.223,0.251,1742,0,0
654272,6.735,7.159,-0.283,-0.132,0.220,0.248,1742,0,0
654292,6.807,6.998,-0.206,-0.038,0.223,0.221,1743,0,0
654313,6.876,6.912,-0.067,0.002,0.247,0.212,1743,0,0
654332,6.812,6.816,0.034,0.014,0.252,0.196,1743,0,0
654352,6.740,6.673,0.235,0.013,0.241,0.171,1743,0,0
654372,6.668,6.558,0.405,-0.009,0.208,0.142,1743,0,0
654393,6.749,6.426,0.266,-0.009,0.167,0.108,1743,0,0
654412,6.807,6.361,0.151,-0.003,0.165,0.063,1743,0,0
654432,6.792,6.450,0.283,0.037,0.186,0.013,1743,0,0
654452,6.630,6.658,0.445,0.062,0.181,-0.007,1743,0,0
654472,6.613,6.759,0.450,-0.004,0.151,-0.013,1743,0,0
654492,6.749,6.687,0.462,-0.056,0.144,-0.018,1743,0,0
654513,6.713,6.680,0.532,-0.033,0.131,-0.045,1742,0,0
654532,6.709,6.835,0.457,0.005,0.102,-0.077,1743,0,0
654553,6.773,7.068,0.330,-0.005,0.087,-0.072,1742,0,0
654572,6.821,7.144,0.359,-0.032,0.097,-0.057,1743,0,0
654593,6.862,7.142,0.613,-0.053,0.104,-0.052,1742,0,0
654612,6.788,7.185,0.716,-0.042,0.071,-0.053,1743,0,0
654632,6.816,7.259,0.620,-0.036,0.021,-0.046,1743,0,0
654652,6.871,7.245,0.397,-0.041,-0.002,-0.043,1742,0,0
654672,7.022,7.300,0.227,-0.042,0.011,-0.047,1741,0,0
654693,7.017,7.355,0.369,-0.051,0.039,-0.041,1743,0,0
654712,6.831,7.374,0.491,-0.052,0.012,-0.037,1741,0,0
654732,6.831,7.460,0.381,-0.038,-0.041,-0.021,1742,0,0
654752,6.857,7.381,0.103,-0.060,-0.054,-0.009,1742,0,0
654773,6.859,7.345,0.010,-0.022,-0.038,-0.002,1742,0,0
654793,6.795,7.389,-0.043,-0.010,-0.024,0.012,1742,0,0
654812,6.632,7.336,-0.043,-0.077,-0.024,0.024,1742,0,0
654833,6.615,7.214,-0.110,-0.080,-0.030,0.030,1743,0,0
654852,6.653,7.111,-0.273,-0.030,-0.017,0.032,1742,0,0
654872,6.685,7.082,-0.378,-0.024,0.007,0.037,1742,0,0
654892,6.658,6.979,-0.378,-0.056,0.021,0.033,1741,0,0
654912,6.718,6.900,-0.278,-0.088,0.026,0.028,1741,0,0
654932,6.744,6.821,-0.182,-0.095,0.025,0.012,1741,0,0
654953,6.747,6.850,-0.077,-0.066,0.022,-0.013,1741,0,0
654973,6.718,6.950,-0.129,-0.044,0.020,-0.026,1741,0,0
654992,6.785,7.013,-0.182,-0.038,0.027,-0.033,1741,0,0
655012,6.795,7.125,-0.110,-0.046,0.040,-0.044,1742,0,0
655033,6.665,7.235,0.022,-0.064,0.037,-0.044,1741,0,0
655052,6.699,7.233,0.022,-0.057,0.019,-0.027,1742,0,0
655073,6.716,7.195,-0.141,-0.040,0.006,-0.029,1742,0,0
655092,6.814,7.235,-0.304,-0.045,0.022,-0.037,1742,0,0
655113,6.816,7.233,-0.069,-0.047,0.063,-0.037,1741,0,0
655132,6.821,7.321,0.124,0.013,0.059,-0.039,1741,0,0
655153,6.788,7.518,0.086,0.008,0.031,-0.014,1741,0,0
655172,6.869,7.470,0.079,-0.067,0.037,0.015,1742,0,0
655193,6.809,7.324,0.105,-0.078,0.038,0.021,1741,0,0
655212,6.852,7.336,0.081,-0.042,0.025,0.022,1741,0,0
655232,6.864,7.350,0.077,-0.054,0.027,0.033,1741,0,0
655252,6.711,7.331,0.139,-0.041,0.025,0.046,1742,0,0
655272,6.699,7.281,0.029,-0.031,0.003,0.058,1742,0,0
655293,6.833,7.144,-0.067,-0.061,0.001,0.062,1743,0,0
655312,6.888,7.072,-0.096,-0.059,0.016,0.049,1741,0,0
655332,6.864,7.077,0.077,-0.039,0.029,0.040,1741,0,0
655352,6.740,7.111,0.084,-0.018,0.008,0.044,1741,0,0
655372,6.764,7.113,-0.031,-0.024,-0.006,0.051,1741,0,0
655392,6.847,7.080,-0.105,-0.057,0.000,0.050,1741,0,0
655412,6.876,7.070,-0.057,-0.066,0.010,0.048,1741,0,0
655433,6.780,7.041,-0.072,-0.063,0.014,0.046,1741,0,0
655453,6.780,6.998,-0.098,-0.047,0.013,0.051,1741,0,0
655472,6.845,6.953,-0.084,-0.055,0.012,0.047,1741,0,0
655492,6.905,6.895,-0.110,-0.058,0.014,0.032,1741,0,0
655513,6.898,6.891,-0.084,-0.039,0.023,0.018,1739,0,0
655532,6.881,6.852,-0.038,-0.034,0.012,0.006,1741,0,0
655553,6.914,6.898,-0.136,-0.045,0.009,0.007,1742,0,0
655572,6.835,6.862,-0.098,-0.066,0.014,-0.004,1742,0,0
655593,6.780,6.900,-0.079,-0.046,0.017,-0.022,1742,0,0
655612,6.804,6.998,-0.089,-0.040,0.012,-0.020,1741,0,0
655632,6.800,6.972,-0.091,-0.069,0.006,-0.022,1742,0,0
655653,6.879,6.938,-0.122,-0.049,0.010,-0.028,1741,0,0
655672,6.852,7.010,-0.163,-0.034,0.021,-0.033,1741,0,0
655693,6.859,7.025,-0.139,-0.081,0.030,-0.034,1741,0,0
655713,6.888,7.022,0.012,-0.083,0.034,-0.036,1741,0,0
655733,6.869,7.154,0.079,-0.051,0.030,-0.037,1741,0,0
655753,6.840,7.259,0.043,-0.047,0.014,-0.028,1742,0,0
655772,6.900,7.230,-0.045,-0.088,0.012,-0.009,1741,0,0
655792,6.917,7.056,-0.002,-0.099,0.025,-0.007,1741,0,0
655813,6.936,7.034,0.024,-0.040,0.021,-0.022,1741,0,0
655832,6.871,7.072,0.053,-0.039,0.010,-0.025,1741,0,0
655852,6.826,7.087,0.007,-0.054,0.001,-0.025,1741,0,0
655872,6.843,7.137,-0.072,-0.059,-0.004,-0.025,1740,0,0
655892,6.795,7.113,-0.175,-0.080,-0.001,-0.013,1741,0,0
655913,6.792,7.044,-0.309,-0.104,-0.002,-0.013,1741,0,0
655932,6.816,6.998,-0.294,-0.094,0.024,-0.022,1741,0,0
655952,6.709,7.020,-0.124,-0.028,0.043,-0.028,1741,0,0
655973,6.735,7.106,-0.079,-0.011,0.028,-0.023,1741,0,0
655992,6.819,7.061,-0.098,-0.056,0.017,-0.022,1741,0,0
656012,6.833,7.017,-0.113,-0.059,0.025,-0.026,1741,0,0
656032,6.823,7.070,-0.036,-0.042,0.035,-0.027,1741,0,0
656052,6.857,7.022,-0.034,-0.058,0.034,-0.031,1741,0,0
656072,6.859,7.029,0.010,-0.046,0.027,-0.041,1741,0,0
656093,6.838,7.092,-0.029,-0.043,0.016,-0.050,1741,0,0
656112,6.847,7.204,-0.036,-0.033,0.023,-0.053,1742,0,0
656133,6.778,7.295,0.029,-0.045,0.026,-0.047,1741,0,0
656152,6.766,7.396,0.074,-0.054,0.022,-0.031,1740,0,0
656172,6.761,7.321,0.074,-0.062,0.014,-0.015,1740,0,0
656193,6.826,7.240,-0.019,-0.067,-0.000,-0.008,1741,0,0
656212,6.855,7.154,-0.089,-0.076,0.010,-0.009,1740,0,0
656233,6.845,7.135,-0.055,-0.067,0.020,-0.014,1741,0,0
656252,6.876,7.209,0.007,-0.046,0.026,-0.009,1742,0,0
656272,6.800,7.192,0.184,-0.059,0.015,-0.003,1740,0,0
656292,6.804,7.149,0.201,-0.065,-0.024,-0.008,1741,0,0
656312,6.845,7.128,-0.048,-0.046,-0.037,-0.014,1740,0,0
656333,6.826,7.230,-0.215,-0.045,-0.020,-0.010,1736,0,0
656352,6.759,7.230,-0.053,-0.077,0.010,0.010,1740,0,0
656373,6.764,7.094,0.007,-0.082,0.000,0.009,1738,0,0
656393,6.845,7.013,-0.010,-0.061,-0.004,-0.002,1738,0,0
656412,6.831,7.005,-0.014,-0.051,-0.002,-0.013,1740,0,0
656432,6.800,7.092,-0.036,-0.051,-0.009,-0.017,1740,0,0
656453,6.792,7.125,-0.050,-0.070,-0.016,-0.013,1740,0,0
656472,6.768,7.187,-0.108,-0.066,-0.018,-0.021,1739,0,0
656492,6.689,7.257,-0.141,-0.057,-0.014,-0.023,1739,0,0
656512,6.692,7.264,-0.139,-0.047,-0.012,-0.007,1741,0,0
