1781252,3.934,1.980,8.411,0.026,0.006,-0.025,1627,0,0
1781272,3.881,2.133,8.478,0.042,0.003,-0.033,1627,0,0
1781292,3.876,2.188,8.492,0.020,-0.013,-0.028,1627,0,0
1781312,3.891,2.222,8.449,0.031,-0.019,-0.010,1626,0,0
1781332,3.893,2.248,8.353,0.028,-0.028,-0.009,1627,0,0
1781352,3.926,2.246,8.315,-0.021,-0.013,-0.008,1629,0,0
1781372,3.924,2.248,8.298,-0.000,0.018,-0.001,1628,0,0
1781392,3.946,2.279,8.337,-0.003,0.039,0.001,1628,0,0
1781412,3.943,2.301,8.416,-0.029,0.042,0.003,1628,0,0
1781432,3.972,2.274,8.428,-0.031,0.046,-0.003,1628,0,0
1781452,3.984,2.308,8.408,-0.029,0.054,0.005,1628,0,0
1781472,3.977,2.251,8.401,-0.027,0.062,0.013,1627,0,0
1781492,4.010,2.260,8.389,0.017,0.081,0.013,1627,0,0
1781512,4.017,2.334,8.337,0.030,0.103,0.016,1627,0,0
1781532,4.001,2.368,8.411,0.003,0.106,0.008,1627,0,0
1781552,3.982,2.296,8.566,-0.040,0.093,-0.013,1626,0,0
1781572,3.938,2.274,8.626,-0.013,0.081,-0.031,1626,0,0
1781592,3.836,2.339,8.633,0.040,0.058,-0.029,1627,0,0
1781612,3.788,2.327,8.645,0.021,0.035,-0.026,1626,0,0
1781632,3.721,2.274,8.588,0.025,0.021,-0.029,1626,0,0
1781652,3.752,2.322,8.538,0.054,0.010,-0.038,1626,0,0
1781672,3.759,2.368,8.456,0.040,0.010,-0.048,1625,0,0
1781692,3.742,2.382,8.408,0.029,0.011,-0.046,1624,0,0
1781712,3.761,2.440,8.416,0.035,0.009,-0.043,1622,0,0
1781732,3.814,2.492,8.377,0.010,0.007,-0.044,1622,0,0
1781752,3.845,2.476,8.308,-0.007,0.017,-0.047,1622,0,0
1781772,3.867,2.478,8.188,0.029,0.038,-0.052,1621,0,0
1781792,3.881,2.526,8.222,0.042,0.064,-0.052,1620,0,0
1781812,3.847,2.591,8.262,0.035,0.098,-0.040,1620,0,0
1781832,3.812,2.698,8.404,0.041,0.104,-0.026,1619,0,0
1781852,3.778,2.732,8.514,-0.028,0.089,-0.011,1618,0,0
1781872,3.783,2.634,8.526,-0.030,0.076,-0.014,1618,0,0
1781892,3.783,2.667,8.459,0.026,0.066,-0.018,1618,0,0
1781912,3.761,2.698,8.380,0.013,0.069,-0.012,1618,0,0
1781932,3.735,2.622,8.432,0.013,0.079,-0.006,1616,0,0
1781952,3.716,2.686,8.473,0.043,0.081,-0.005,1616,0,0
1781972,3.677,2.734,8.578,-0.015,0.069,-0.001,1616,0,0
1781992,3.649,2.662,8.622,-0.029,0.047,0.002,1616,0,0
1782012,3.625,2.691,8.636,-0.004,0.015,0.000,1616,0,0
1782032,3.603,2.610,8.581,-0.023,-0.007,-0.004,1615,0,0
1782052,3.613,2.569,8.495,0.019,-0.019,-0.012,1614,0,0
1782072,3.656,2.591,8.389,0.026,-0.015,-0.025,1614,0,0
1782092,3.699,2.550,8.337,0.021,0.002,-0.043,1612,0,0
1782112,3.701,2.607,8.282,0.063,0.019,-0.060,1612,0,0
1782132,3.699,2.768,8.329,0.023,0.022,-0.060,1612,0,0
1782152,3.699,2.768,8.351,-0.061,0.019,-0.054,1612,0,0
1782172,3.709,2.722,8.315,-0.029,0.018,-0.055,1612,0,0
1782192,3.697,2.784,8.231,0.008,0.034,-0.059,1612,0,0
1782212,3.666,2.897,8.217,0.002,0.055,-0.057,1611,0,0
1782232,3.658,2.947,8.236,-0.014,0.075,-0.047,1612,0,0
1782252,3.639,2.981,8.296,-0.048,0.090,-0.028,1612,0,0
1782272,3.634,2.947,8.375,-0.061,0.091,-0.010,1612,0,0
1782292,3.639,2.952,8.447,-0.060,0.083,0.000,1612,0,0
1782312,3.630,2.921,8.480,-0.066,0.075,0.008,1612,0,0
1782332,3.610,2.887,8.430,-0.057,0.074,0.014,1613,0,0
1782352,3.582,2.880,8.509,-0.062,0.072,0.020,1611,0,0
1782372,3.558,2.890,8.502,-0.051,0.063,0.023,1612,0,0
1782392,3.524,2.895,8.490,-0.091,0.048,0.029,1612,0,0
1782412,3.519,2.768,8.569,-0.096,0.024,0.029,1613,0,0
1782432,3.522,2.789,8.526,-0.058,0.003,0.017,1612,0,0
1782452,3.563,2.816,8.449,-0.076,-0.013,0.011,1613,0,0
1782472,3.551,2.751,8.365,-0.123,-0.015,0.009,1613,0,0
1782492,3.558,2.698,8.351,-0.122,-0.009,0.003,1613,0,0
1782512,3.548,2.705,8.260,-0.104,0.002,-0.004,1613,0,0
1782532,3.594,2.823,8.164,-0.115,0.018,0.001,1614,0,0
1782552,3.448,2.749,8.289,-0.208,0.044,0.006,1615,0,0
1782572,3.431,2.619,8.394,-0.264,0.037,-0.015,1616,0,0
1782592,3.881,2.684,8.291,-0.240,0.010,-0.031,1616,0,0
1782612,3.996,2.804,8.224,-0.171,0.029,-0.046,1617,0,0
1782632,3.900,3.302,7.882,-0.182,-0.010,-0.046,1618,0,0
1782652,4.037,3.802,7.709,-0.329,0.005,0.063,1621,0,0
1782672,4.367,3.934,7.963,-0.539,0.265,0.282,1623,0,0
1782692,4.137,3.247,8.464,-0.709,0.575,0.464,1627,0,0
1782712,3.903,2.598,8.892,-0.737,0.751,0.551,1630,0,0
1782732,3.472,2.160,9.380,-0.646,0.708,0.541,1632,0,0
1782753,3.297,2.126,9.893,-0.529,0.562,0.468,1635,0,0
1782772,3.213,2.342,10.226,-0.393,0.506,0.371,1636,0,0
1782792,3.218,2.456,10.278,-0.455,0.451,0.336,1637,0,0
1782821,3.306,2.277,9.744,-0.371,0.465,0.361,1636,0,0
1782833,3.072,2.344,9.716,-0.216,0.440,0.386,1636,0,0
1782852,2.679,2.559,9.876,-0.294,0.399,0.437,1636,0,0
1782872,2.799,2.442,10.281,-0.576,0.250,0.456,1638,0,0
1782892,2.816,1.946,10.412,-0.557,0.112,0.465,1638,0,0
1782912,2.792,1.532,10.223,-0.342,0.095,0.442,1638,0,0
1782932,2.610,1.511,10.254,-0.168,0.045,0.427,1639,0,0
1782952,2.456,1.262,9.893,-0.197,-0.016,0.383,1638,0,0
1782972,2.279,1.269,9.491,-0.078,-0.106,0.353,1639,0,0
1782992,2.212,1.408,9.220,-0.005,-0.196,0.343,1641,0,0
1783012,2.143,1.286,9.050,-0.051,-0.262,0.339,1642,0,0
1783032,2.195,1.128,8.918,0.013,-0.324,0.350,1640,0,0
1783052,2.454,1.008,8.624,0.137,-0.350,0.349,1641,0,0
1783072,2.698,1.020,8.317,0.203,-0.329,0.341,1641,0,0
1783092,2.804,0.953,8.267,0.187,-0.279,0.359,1639,0,0
1783112,2.871,1.010,8.337,0.135,-0.245,0.396,1642,0,0
1783132,2.971,0.994,8.353,-0.032,-0.258,0.423,1641,0,0
1783152,3.189,0.814,8.351,-0.211,-0.260,0.447,1641,0,0
1783172,3.428,0.541,8.387,-0.265,-0.201,0.451,1642,0,0
1783192,3.546,0.259,8.502,-0.225,-0.120,0.427,1640,0,0
1783212,3.572,0.256,8.557,-0.170,-0.056,0.405,1641,0,0
1783232,3.531,0.283,8.636,-0.195,-0.035,0.384,1641,0,0
1783252,3.486,0.235,8.612,-0.277,-0.082,0.374,1640,0,0
1783272,3.524,0.127,8.545,-0.338,-0.130,0.363,1641,0,0
1783292,3.560,-0.045,8.528,-0.374,-0.128,0.302,1642,0,0
1783312,3.508,0.036,8.538,-0.289,-0.114,0.221,1642,0,0
1783332,3.438,0.464,8.406,-0.109,-0.129,0.195,1643,0,0
1783352,3.551,0.816,8.262,-0.059,-0.134,0.222,1642,0,0
1783372,3.711,0.824,8.059,-0.137,-0.127,0.236,1643,0,0
1783392,3.941,0.721,8.011,-0.242,-0.102,0.236,1641,0,0
1783412,4.269,0.448,7.942,-0.271,-0.072,0.229,1642,0,0
1783432,4.465,0.170,7.875,-0.233,0.012,0.208,1640,0,0
1783452,4.554,-0.055,7.784,-0.148,0.099,0.162,1641,0,0
1783472,4.614,-0.299,7.786,-0.076,0.180,0.095,1642,0,0
1783492,4.671,-0.733,7.805,-0.066,0.286,0.005,1640,0,0
1783512,4.647,-0.922,7.681,0.047,0.422,-0.155,1642,0,0
1783532,4.211,-0.498,7.807,0.240,0.596,-0.345,1640,0,0
1783552,3.517,0.057,8.365,0.408,0.697,-0.425,1642,0,0
1783572,3.091,0.481,8.976,0.556,0.778,-0.369,1640,0,0
1783592,2.593,0.591,9.577,0.625,0.814,-0.338,1639,0,0
1783612,1.956,0.953,9.519,0.711,0.716,-0.418,1639,0,0
1783632,1.575,1.834,9.400,0.665,0.471,-0.449,1638,0,0
1783652,1.705,2.291,9.313,0.456,0.203,-0.321,1638,0,0
1783672,1.865,2.037,9.096,0.127,0.094,-0.179,1638,0,0
1783692,2.136,1.614,8.928,0.142,0.051,-0.097,1638,0,0
1783712,2.411,1.547,8.669,0.265,0.060,-0.031,1638,0,0
1783732,2.516,1.642,8.698,0.268,0.088,0.036,1638,0,0
1783752,2.629,1.511,8.839,0.143,0.107,0.056,1638,0,0
1783772,2.710,1.338,8.993,0.072,0.111,0.039,1638,0,0
1783792,2.653,1.271,9.244,0.052,0.132,0.032,1638,0,0
1783812,2.519,1.252,9.469,0.110,0.136,0.014,1640,0,0
1783832,2.562,1.372,9.560,0.145,0.088,0.002,1639,0,0
1783852,2.693,1.477,9.536,0.105,0.037,0.016,1641,0,0
1783872,2.804,1.257,9.589,-0.003,0.005,0.011,1640,0,0
1783893,2.806,1.087,9.527,-0.002,-0.026,-0.037,1640,0,0
1783912,2.947,1.231,9.337,0.118,-0.019,-0.070,1640,0,0
1783932,2.950,1.549,9.306,0.152,0.010,-0.056,1640,0,0
1783952,2.859,1.724,9.359,0.029,0.010,-0.032,1640,0,0
1783972,2.734,1.602,9.359,-0.083,-0.015,-0.031,1641,0,0
1783992,2.713,1.547,9.419,-0.110,-0.019,-0.035,1641,0,0
1784012,2.701,1.496,9.469,-0.104,-0.018,-0.041,1641,0,0
1784032,2.691,1.549,9.371,-0.043,-0.024,-0.053,1642,0,0
1784052,2.650,1.877,9.110,0.045,-0.043,-0.050,1642,0,0
1784072,2.667,2.095,8.990,-0.054,-0.061,-0.020,1642,0,0
1784092,2.643,1.939,9.012,-0.188,-0.064,-0.009,1643,0,0
1784112,2.631,1.743,9.029,-0.188,-0.078,-0.021,1642,0,0
1784132,2.751,1.776,8.859,-0.048,-0.100,-0.029,1642,0,0
1784152,2.842,2.073,8.650,0.028,-0.088,-0.012,1642,0,0
1784172,2.861,2.124,8.605,-0.076,-0.072,0.014,1642,0,0
1784192,2.878,1.906,8.696,-0.190,-0.064,0.019,1642,0,0
1784212,2.931,1.657,8.746,-0.161,-0.062,-0.005,1644,0,0
1784232,2.993,1.611,8.768,-0.114,-0.043,-0.044,1642,0,0
1784252,2.957,1.726,8.705,-0.035,-0.003,-0.067,1643,0,0
1784272,2.909,1.961,8.768,0.001,0.041,-0.055,1643,0,0
1784292,2.830,2.042,8.935,-0.051,0.064,-0.021,1642,0,0
1784312,2.741,1.966,9.038,-0.147,0.058,0.001,1643,0,0
1784332,2.684,1.796,9.210,-0.180,0.028,0.005,1644,0,0
1784352,2.686,1.745,9.254,-0.139,0.014,0.005,1644,0,0
1784372,2.679,1.815,9.196,-0.074,0.003,0.017,1644,0,0
1784393,2.705,1.882,9.079,-0.078,-0.020,0.043,1644,0,0
1784412,2.765,1.808,8.978,-0.114,-0.025,0.060,1643,0,0
1784432,2.837,1.693,8.947,-0.133,-0.017,0.055,1643,0,0
1784452,2.883,1.578,8.971,-0.128,-0.007,0.042,1644,0,0
1784472,2.887,1.506,8.914,-0.096,-0.030,0.027,1643,0,0
1784492,2.969,1.516,8.760,-0.054,-0.040,0.009,1643,0,0
1784512,2.942,1.623,8.626,-0.007,-0.020,-0.010,1644,0,0
1784532,2.909,1.765,8.734,-0.027,0.014,-0.019,1643,0,0
1784552,2.880,1.731,8.933,-0.058,0.036,-0.011,1643,0,0
1784572,2.861,1.683,8.914,-0.033,0.036,-0.012,1642,0,0
1784592,2.859,1.788,8.942,-0.035,0.035,-0.002,1643,0,0
1784612,2.804,1.726,9.120,-0.101,0.030,0.009,1643,0,0
1784632,2.818,1.537,9.225,-0.141,0.009,-0.001,1643,0,0
1784652,2.887,1.484,9.208,-0.096,-0.003,-0.011,1644,0,0
1784672,2.926,1.539,9.029,-0.041,0.004,-0.014,1645,0,0
1784692,2.892,1.623,9.038,-0.038,0.017,-0.018,1645,0,0
1784712,2.935,1.563,9.110,-0.085,0.006,-0.011,1645,0,0
1784732,2.919,1.432,9.155,-0.127,-0.009,-0.014,1644,0,0
1784752,2.957,1.350,9.084,-0.102,-0.046,-0.047,1644,0,0
1784772,3.026,1.458,8.882,-0.049,-0.052,-0.075,1644,0,0
1784792,2.947,1.662,8.859,-0.030,-0.015,-0.074,1645,0,0
1784812,2.825,1.669,8.966,-0.061,0.007,-0.067,1644,0,0
1784832,2.782,1.681,8.957,-0.030,-0.017,-0.081,1645,0,0
1784852,2.856,1.796,8.832,-0.021,-0.025,-0.084,1645,0,0
1784872,2.856,1.887,8.827,-0.058,0.005,-0.065,1644,0,0
1784892,2.897,1.851,8.969,-0.098,0.022,-0.039,1645,0,0
1784912,2.902,1.695,9.026,-0.094,0.022,-0.014,1644,0,0
1784933,2.974,1.628,9.017,-0.067,0.018,-0.009,1642,0,0
1784952,2.919,1.590,9.072,-0.086,0.011,-0.019,1644,0,0
1784972,2.854,1.583,9.036,-0.132,-0.003,-0.035,1645,0,0
1784992,2.878,1.542,9.017,-0.127,-0.011,-0.038,1645,0,0
1785013,2.957,1.559,8.916,-0.063,-0.019,-0.039,1644,0,0
1785032,3.019,1.638,8.744,-0.033,-0.002,-0.046,1645,0,0
1785052,2.959,1.662,8.827,-0.063,0.021,-0.054,1645,0,0
1785072,2.974,1.657,8.973,-0.095,0.011,-0.054,1644,0,0
1785092,2.964,1.638,9.038,-0.080,-0.007,-0.053,1645,0,0
1785112,2.931,1.695,9.105,-0.041,-0.013,-0.058,1645,0,0
1785132,2.828,1.803,9.052,0.005,-0.016,-0.062,1645,0,0
1785152,2.749,1.937,9.012,-0.007,-0.035,-0.052,1645,0,0
1785172,2.734,1.918,8.990,-0.053,-0.040,-0.037,1645,0,0
1785192,2.804,1.867,8.957,-0.050,-0.039,-0.027,1646,0,0
1785212,2.816,1.882,8.890,-0.025,-0.030,-0.008,1645,0,0
1785232,2.792,1.786,8.820,-0.018,-0.015,0.012,1646,0,0
1785252,2.813,1.693,8.849,-0.056,-0.001,0.019,1645,0,0
1785272,2.780,1.614,8.930,-0.107,0.007,0.014,1645,0,0
1785292,2.792,1.566,8.983,-0.108,0.002,0.014,1645,0,0
1785312,2.828,1.458,8.950,-0.082,-0.007,0.011,1645,0,0
1785332,2.911,1.372,8.880,-0.066,-0.006,0.001,1646,0,0
1785352,2.921,1.405,8.842,-0.044,0.003,-0.018,1644,0,0
1785372,2.976,1.544,8.811,-0.045,-0.002,-0.027,1645,0,0
1785392,3.000,1.583,8.818,-0.071,-0.006,-0.032,1646,0,0
1785412,3.048,1.537,8.844,-0.079,-0.010,-0.041,1645,0,0
1785432,3.067,1.585,8.871,-0.059,0.002,-0.058,1646,0,0
1785452,3.014,1.690,8.866,-0.037,0.004,-0.072,1645,0,0
1785472,3.041,1.779,8.861,-0.009,0.001,-0.078,1645,0,0
1785492,2.988,1.887,8.847,0.015,0.000,-0.078,1646,0,0
1785512,2.875,2.021,8.902,-0.014,-0.006,-0.077,1646,0,0
1785532,2.904,2.064,8.904,-0.023,-0.007,-0.068,1647,0,0
1785552,2.873,2.105,8.906,0.016,0.011,-0.056,1646,0,0
1785572,2.794,2.116,8.954,0.019,0.029,-0.034,1645,0,0
1785592,2.789,2.059,8.966,-0.004,0.022,-0.011,1646,0,0
1785612,2.856,1.975,8.964,-0.039,0.019,0.017,1645,0,0
1785632,2.933,1.793,9.048,-0.088,0.036,0.035,1645,0,0
1785652,2.978,1.638,9.120,-0.073,0.043,0.041,1645,0,0
1785672,3.021,1.587,9.146,-0.045,0.038,0.042,1646,0,0
1785692,3.069,1.571,9.199,-0.063,0.033,0.043,1645,0,0
1785712,3.041,1.484,9.273,-0.104,0.016,0.032,1645,0,0
1785732,3.010,1.480,9.268,-0.116,-0.019,0.016,1646,0,0
1785752,3.072,1.448,9.136,-0.113,-0.047,-0.002,1646,0,0
1785772,3.086,1.563,9.041,-0.056,-0.041,-0.027,1646,0,0
1785792,3.002,1.681,9.005,-0.041,-0.036,-0.047,1646,0,0
1785812,2.974,1.834,8.928,-0.048,-0.058,-0.056,1646,0,0
1785832,3.002,1.944,8.823,-0.062,-0.067,-0.048,1646,0,0
1785852,2.959,1.946,8.796,-0.059,-0.055,-0.042,1647,0,0
1785872,2.909,1.956,8.811,-0.032,-0.046,-0.036,1647,0,0
1785892,2.926,1.913,8.818,-0.011,-0.041,-0.029,1646,0,0
1785912,2.933,1.956,8.763,-0.011,-0.043,-0.026,1647,0,0
1785932,2.909,1.973,8.859,-0.049,-0.039,-0.014,1645,0,0
1785952,2.871,1.853,8.851,-0.058,-0.043,-0.009,1645,0,0
1785972,2.883,1.772,8.801,-0.017,-0.034,-0.006,1646,0,0
1785992,2.947,1.779,8.765,0.018,-0.015,-0.003,1646,0,0
1786012,3.038,1.800,8.823,-0.010,0.003,-0.002,1645,0,0
1786032,3.036,1.719,8.990,-0.059,0.009,0.006,1646,0,0
1786052,3.077,1.590,9.175,-0.065,-0.002,0.013,1646,0,0
1786072,3.086,1.472,9.194,-0.053,-0.018,-0.011,1646,0,0
1786092,3.165,1.571,9.093,-0.042,-0.042,-0.041,1645,0,0
1786112,3.196,1.755,9.041,-0.049,-0.039,-0.046,1646,0,0
1786132,3.146,1.695,9.208,-0.077,-0.020,-0.044,1645,0,0
1786152,2.976,1.539,9.400,-0.083,-0.022,-0.064,1646,0,0
1786172,2.825,1.645,9.278,-0.026,-0.074,-0.094,1645,0,0
1786192,2.940,1.911,8.918,-0.006,-0.126,-0.090,1645,0,0
1786212,3.038,1.990,8.722,-0.075,-0.085,-0.064,1645,0,0
1786233,3.005,1.839,8.839,-0.128,-0.037,-0.040,1644,0,0
1786252,3.019,1.690,8.923,-0.113,-0.045,-0.034,1646,0,0
1786272,3.160,1.690,8.863,-0.082,-0.077,-0.044,1645,0,0
1786292,3.294,1.741,8.662,-0.103,-0.075,-0.059,1645,0,0
1786312,3.371,1.731,8.674,-0.106,-0.043,-0.076,1645,0,0
1786332,3.354,1.812,8.665,-0.082,-0.020,-0.082,1646,0,0
1786352,3.309,1.856,8.622,-0.082,-0.011,-0.080,1646,0,0
1786372,3.292,1.848,8.669,-0.080,-0.009,-0.085,1647,0,0
1786392,3.273,1.896,8.724,-0.075,-0.009,-0.098,1646,0,0
1786412,3.256,1.990,8.712,-0.116,-0.019,-0.106,1646,0,0
1786432,3.280,1.985,8.705,-0.135,-0.020,-0.097,1645,0,0
1786452,3.314,1.951,8.701,-0.073,-0.006,-0.081,1647,0,0
1786472,3.335,2.030,8.768,-0.041,0.009,-0.080,1646,0,0
1786492,3.244,2.116,8.736,-0.101,-0.009,-0.076,1645,0,0
1786512,3.249,2.054,8.701,-0.113,-0.041,-0.063,1646,0,0
1786532,3.242,1.978,8.653,-0.064,-0.019,-0.078,1646,0,0
1786552,3.156,2.102,8.741,-0.021,0.014,-0.094,1646,0,0
1786572,3.043,2.207,8.775,-0.011,0.007,-0.082,1647,0,0
1786592,3.031,2.155,8.823,-0.009,-0.010,-0.058,1647,0,0
1786612,3.036,2.121,8.803,-0.031,-0.006,-0.042,1647,0,0
1786632,3.010,2.071,8.947,-0.077,0.014,-0.031,1647,0,0
1786652,2.966,1.884,9.052,-0.100,0.019,-0.013,1647,0,0
1786672,3.024,1.652,9.103,-0.086,0.005,-0.006,1647,0,0
1786692,3.072,1.468,9.136,-0.072,-0.007,-0.023,1647,0,0
1786712,3.100,1.482,9.057,-0.066,-0.010,-0.042,1648,0,0
1786732,3.055,1.518,9.033,-0.073,-0.007,-0.043,1646,0,0
1786752,3.115,1.489,8.995,-0.116,-0.021,-0.047,1646,0,0
1786772,3.239,1.348,8.973,-0.143,-0.035,-0.057,1646,0,0
1786792,3.299,1.317,8.938,-0.102,-0.034,-0.077,1646,0,0
1786812,3.247,1.432,8.890,-0.065,-0.030,-0.105,1646,0,0
1786832,3.285,1.611,8.815,-0.070,-0.037,-0.107,1647,0,0
1786852,3.254,1.688,8.777,-0.098,-0.060,-0.096,1647,0,0
1786872,3.323,1.618,8.681,-0.125,-0.072,-0.106,1646,0,0
1786892,3.335,1.647,8.571,-0.106,-0.067,-0.128,1647,0,0
1786912,3.412,1.753,8.550,-0.074,-0.061,-0.135,1647,0,0
1786932,3.428,1.798,8.562,-0.040,-0.051,-0.142,1646,0,0
1786952,3.400,1.930,8.531,-0.005,-0.035,-0.158,1646,0,0
1786972,3.314,2.085,8.547,-0.027,-0.038,-0.156,1647,0,0
1786992,3.371,2.172,8.538,-0.066,-0.043,-0.134,1647,0,0
1787012,3.393,2.148,8.543,-0.077,-0.041,-0.113,1647,0,0
1787032,3.419,2.112,8.454,-0.034,-0.040,-0.111,1647,0,0
1787052,3.407,2.222,8.339,-0.012,-0.026,-0.112,1645,0,0
1787072,3.330,2.368,8.471,-0.008,0.005,-0.102,1646,0,0
1787092,3.213,2.421,8.679,-0.024,0.022,-0.074,1647,0,0
1787112,3.184,2.354,8.806,-0.015,0.005,-0.046,1647,0,0
1787132,3.361,2.291,8.641,0.006,-0.023,-0.031,1646,0,0
1787152,3.529,2.258,8.468,-0.025,-0.022,-0.018,1646,0,0
1787172,3.539,2.234,8.466,-0.034,-0.009,-0.014,1647,0,0
1787192,3.608,2.346,8.380,0.009,-0.006,-0.007,1647,0,0
1787212,3.752,2.579,8.195,0.086,-0.029,-0.007,1646,0,0
1787232,3.883,2.859,8.088,0.141,-0.030,-0.012,1646,0,0
1787252,3.740,3.036,8.143,0.140,0.003,0.000,1646,0,0
1787272,3.543,3.134,8.274,0.149,0.027,0.018,1647,0,0
1787292,3.431,3.191,8.452,0.216,0.046,0.063,1647,0,0
1787312,3.282,3.163,8.607,0.238,0.066,0.108,1647,0,0
1787332,3.134,3.108,8.686,0.189,0.076,0.155,1647,0,0
1787352,3.100,2.928,8.873,0.112,0.098,0.207,1647,0,0
1787372,3.012,2.533,9.146,0.045,0.111,0.241,1646,0,0
1787392,3.065,2.176,9.297,0.029,0.102,0.250,1647,0,0
1787412,3.141,1.923,9.345,0.003,0.100,0.245,1647,0,0
1787432,3.163,1.676,9.560,-0.049,0.106,0.222,1647,0,0
1787452,3.014,1.437,9.720,-0.074,0.086,0.195,1647,0,0
1787472,3.007,1.362,9.637,-0.068,0.023,0.159,1647,0,0
1787492,3.086,1.381,9.349,-0.089,-0.038,0.120,1647,0,0
1787512,3.230,1.408,9.043,-0.136,-0.048,0.087,1647,0,0
1787532,3.242,1.381,8.973,-0.167,-0.013,0.054,1647,0,0
1787552,3.201,1.386,9.007,-0.165,-0.013,0.014,1647,0,0
1787572,3.287,1.571,8.768,-0.173,-0.045,-0.016,1647,0,0
1787592,3.378,1.733,8.492,-0.187,-0.057,-0.047,1647,0,0
1787612,3.407,1.903,8.377,-0.182,-0.028,-0.080,1647,0,0
1787632,3.357,2.138,8.387,-0.159,0.002,-0.088,1647,0,0
1787652,3.287,2.291,8.389,-0.144,0.015,-0.080,1647,0,0
1787672,3.254,2.296,8.396,-0.138,0.024,-0.075,1647,0,0
1787692,3.230,2.342,8.406,-0.126,0.022,-0.081,1647,0,0
1787712,3.177,2.385,8.370,-0.120,0.046,-0.078,1647,0,0
1787732,3.144,2.411,8.492,-0.105,0.074,-0.060,1647,0,0
1787752,3.127,2.334,8.617,-0.108,0.081,-0.038,1647,0,0
1787772,3.182,2.176,8.724,-0.120,0.082,-0.019,1647,0,0
1787792,3.117,2.016,8.827,-0.154,0.092,-0.025,1647,0,0
1787812,3.012,1.891,9.045,-0.141,0.097,-0.033,1647,0,0
1787832,2.940,1.858,9.182,-0.125,0.080,-0.037,1647,0,0
1787852,2.976,1.839,9.163,-0.115,0.046,-0.037,1646,0,0
1787872,3.038,1.765,9.117,-0.126,0.035,-0.030,1647,0,0
1787892,3.091,1.650,9.041,-0.141,0.028,-0.022,1646,0,0
1787912,3.220,1.573,8.921,-0.168,0.006,-0.032,1646,0,0
1787932,3.500,1.554,8.756,-0.180,-0.012,-0.039,1647,0,0
1787952,3.680,1.518,8.657,-0.167,-0.002,-0.056,1647,0,0
1787972,3.692,1.590,8.715,-0.124,0.007,-0.092,1647,0,0
1787992,3.654,1.817,8.746,-0.092,0.001,-0.117,1647,0,0
1788012,3.618,2.069,8.732,-0.073,-0.022,-0.127,1647,0,0
1788032,3.500,2.289,8.722,-0.029,-0.040,-0.141,1647,0,0
1788052,3.359,2.490,8.679,-0.001,-0.050,-0.136,1647,0,0
1788072,3.179,2.655,8.648,0.017,-0.058,-0.119,1647,0,0
1788092,3.077,2.739,8.686,0.026,-0.055,-0.080,1647,0,0
1788112,3.017,2.715,8.696,0.033,-0.046,-0.039,1647,0,0
1788132,2.995,2.622,8.657,0.020,-0.043,0.008,1647,0,0
1788152,3.057,2.373,8.660,-0.034,-0.044,0.050,1647,0,0
1788172,3.175,2.076,8.679,-0.079,-0.037,0.077,1646,0,0
1788192,3.345,1.827,8.662,-0.062,-0.031,0.088,1647,0,0
1788212,3.527,1.671,8.631,-0.055,-0.024,0.089,1647,0,0
1788233,3.675,1.618,8.626,-0.090,-0.011,0.065,1647,0,0
1788252,3.718,1.616,8.641,-0.097,-0.004,0.038,1646,0,0
1788272,3.845,1.786,8.607,-0.071,-0.013,0.025,1646,0,0
1788292,3.943,1.908,8.610,-0.081,-0.009,0.015,1646,0,0
1788312,3.926,2.014,8.701,-0.118,-0.008,-0.016,1647,0,0
1788332,3.826,2.191,8.813,-0.117,-0.004,-0.038,1647,0,0
1788352,3.847,2.313,8.842,-0.103,-0.001,-0.042,1646,0,0
1788372,3.800,2.550,8.799,-0.055,0.003,-0.041,1647,0,0
1788392,3.649,2.801,8.839,-0.040,0.007,-0.019,1647,0,0
1788412,3.345,2.883,9.043,-0.087,0.017,0.008,1647,0,0
1788432,3.081,2.899,9.115,-0.113,-0.005,0.038,1648,0,0
1788452,3.024,2.878,8.978,-0.070,-0.033,0.086,1647,0,0
1788472,3.021,2.835,8.827,-0.040,-0.037,0.144,1646,0,0
1788492,2.921,2.557,8.849,-0.093,-0.014,0.187,1647,0,0
1788512,2.820,2.143,8.954,-0.129,-0.016,0.203,1647,0,0
1788532,2.801,1.824,8.859,-0.086,-0.038,0.196,1647,0,0
1788552,2.863,1.650,8.626,-0.024,-0.047,0.184,1647,0,0
1788572,3.057,1.568,8.461,-0.006,-0.027,0.185,1647,0,0
1788593,3.213,1.365,8.466,-0.062,-0.000,0.176,1647,0,0
1788612,3.261,1.171,8.523,-0.089,0.022,0.147,1647,0,0
1788632,3.261,1.085,8.629,-0.089,0.024,0.105,1647,0,0
1788652,3.318,1.109,8.693,-0.062,0.020,0.069,1646,0,0
1788672,3.388,1.164,8.717,-0.025,0.012,0.031,1647,0,0
1788692,3.460,1.401,8.624,0.009,0.013,-0.001,1647,0,0
1788712,3.457,1.599,8.674,-0.005,0.027,-0.017,1647,0,0
1788732,3.354,1.729,8.717,-0.038,0.021,-0.029,1647,0,0
1788752,3.376,1.860,8.614,-0.061,0.005,-0.021,1647,0,0
1788772,3.438,1.911,8.564,-0.052,0.026,-0.012,1647,0,0
1788792,3.448,1.958,8.531,-0.042,0.056,-0.000,1647,0,0
1788812,3.409,1.951,8.660,-0.060,0.073,0.020,1646,0,0
1788832,3.450,1.846,8.780,-0.087,0.067,0.013,1647,0,0
1788852,3.476,1.812,8.861,-0.096,0.050,0.006,1647,0,0
1788872,3.462,1.803,8.894,-0.070,0.036,0.013,1646,0,0
1788892,3.505,1.774,8.792,-0.063,0.024,0.011,1647,0,0
1788912,3.565,1.729,8.748,-0.054,0.030,0.003,1647,0,0
1788933,3.618,1.757,8.744,-0.020,0.043,-0.009,1647,0,0
1788952,3.644,1.887,8.827,-0.015,0.040,-0.020,1647,0,0
1788972,3.697,1.963,8.875,-0.062,0.021,-0.012,1647,0,0
1788992,3.682,1.944,8.983,-0.080,0.015,-0.007,1646,0,0
1789012,3.625,1.894,8.973,-0.043,0.007,-0.012,1648,0,0
1789032,3.589,2.047,8.899,0.012,-0.000,-0.012,1647,0,0
1789052,3.548,2.224,8.859,0.001,-0.005,-0.005,1647,0,0
1789072,3.474,2.294,8.815,-0.063,-0.009,0.019,1646,0,0
1789092,3.419,2.195,8.849,-0.082,-0.019,0.041,1647,0,0
1789112,3.381,2.105,8.851,-0.047,-0.020,0.054,1647,0,0
1789132,3.345,2.052,8.825,-0.029,-0.023,0.065,1647,0,0
1789152,3.424,1.987,8.729,-0.010,-0.032,0.064,1647,0,0
1789172,3.472,1.999,8.645,-0.045,-0.030,0.071,1647,0,0
1789192,3.460,1.889,8.648,-0.094,-0.019,0.075,1647,0,0
1789212,3.443,1.800,8.715,-0.074,-0.019,0.071,1647,0,0
1789232,3.508,1.750,8.684,-0.037,-0.015,0.069,1647,0,0
1789252,3.524,1.803,8.641,-0.037,-0.019,0.060,1647,0,0
1789272,3.536,1.793,8.562,-0.063,-0.030,0.050,1647,0,0
1789292,3.603,1.798,8.478,-0.058,-0.026,0.040,1647,0,0
1789312,3.591,1.793,8.526,-0.030,0.004,0.023,1646,0,0
1789332,3.450,1.899,8.629,-0.008,0.017,0.008,1647,0,0
1789352,3.400,2.028,8.602,-0.011,0.010,0.017,1647,0,0
1789372,3.448,1.958,8.583,-0.072,0.003,0.020,1647,0,0
1789392,3.519,1.863,8.509,-0.089,0.009,0.015,1647,0,0
1789412,3.589,1.891,8.564,-0.033,0.042,0.014,1647,0,0
1789432,3.512,1.963,8.684,-0.018,0.067,0.023,1647,0,0
1789452,3.426,1.963,8.823,-0.045,0.064,0.035,1647,0,0
1789472,3.397,1.899,8.861,-0.098,0.035,0.043,1647,0,0
1789492,3.491,1.753,8.768,-0.132,0.012,0.034,1647,0,0
1789512,3.560,1.621,8.724,-0.095,0.026,0.022,1646,0,0
1789532,3.476,1.652,8.696,-0.042,0.052,0.006,1647,0,0
1789552,3.402,1.762,8.679,-0.037,0.047,-0.003,1647,0,0
1789572,3.484,1.851,8.619,-0.068,0.040,0.004,1647,0,0
1789592,3.548,1.755,8.741,-0.113,0.040,0.001,1647,0,0
1789612,3.646,1.683,8.820,-0.108,0.042,-0.015,1647,0,0
1789632,3.651,1.753,8.808,-0.067,0.038,-0.027,1647,0,0
1789652,3.541,1.877,8.820,-0.065,0.029,-0.032,1647,0,0
1789672,3.539,1.944,8.847,-0.080,0.013,-0.035,1647,0,0
1789692,3.575,2.021,8.820,-0.061,0.006,-0.030,1647,0,0
1789712,3.529,2.090,8.784,-0.046,0.008,-0.027,1647,0,0
1789732,3.474,2.186,8.720,-0.076,0.015,-0.019,1648,0,0
1789752,3.412,2.176,8.686,-0.096,0.022,0.005,1647,0,0
1789772,3.405,2.124,8.715,-0.091,0.026,0.025,1647,0,0
1789792,3.400,2.140,8.748,-0.078,0.027,0.040,1647,0,0
1789812,3.445,2.136,8.768,-0.117,0.023,0.064,1646,0,0
1789832,3.462,2.073,8.691,-0.164,0.016,0.086,1647,0,0
1789852,3.462,1.968,8.703,-0.204,0.026,0.108,1647,0,0
1789872,3.431,1.841,8.720,-0.229,0.025,0.124,1647,0,0
1789892,3.464,1.860,8.629,-0.237,0.019,0.132,1647,0,0
1789912,3.455,1.923,8.519,-0.244,0.033,0.153,1647,0,0
1789932,3.395,1.908,8.442,-0.284,0.048,0.177,1647,0,0
1789952,3.405,1.621,8.696,-0.333,0.071,0.200,1647,0,0
1789972,3.450,1.372,8.849,-0.320,0.049,0.182,1646,0,0
1789992,3.519,1.188,8.887,-0.256,0.023,0.151,1646,0,0
1790012,3.613,1.082,8.938,-0.192,0.012,0.126,1646,0,0
1790032,3.589,1.111,9.014,-0.183,-0.002,0.095,1646,0,0
1790052,3.555,1.228,8.976,-0.220,-0.042,0.059,1645,0,0
1790072,3.591,1.250,8.880,-0.224,-0.063,0.034,1645,0,0
1790092,3.589,1.233,8.844,-0.152,-0.043,0.022,1644,0,0
1790113,3.460,1.276,8.775,-0.033,-0.005,0.013,1643,0,0
1790132,3.378,1.482,8.803,-0.002,-0.010,0.015,1643,0,0
1790152,3.426,1.477,8.803,-0.100,-0.010,0.042,1643,0,0
1790172,3.431,1.286,8.933,-0.219,-0.010,0.055,1643,0,0
1790192,3.500,1.058,8.882,-0.229,-0.009,0.055,1643,0,0
1790212,3.591,0.936,8.909,-0.181,0.006,0.057,1643,0,0
1790232,3.618,0.893,8.911,-0.145,0.039,0.058,1644,0,0
1790252,3.517,0.778,9.069,-0.162,0.047,0.038,1644,0,0
1790273,3.505,0.790,9.062,-0.144,0.002,0.009,1643,0,0
1790292,3.515,0.924,8.923,-0.146,-0.021,-0.005,1643,0,0
1790312,3.498,1.018,8.703,-0.137,-0.011,-0.004,1644,0,0
1790332,3.541,1.070,8.636,-0.112,0.013,0.002,1643,0,0
1790352,3.519,0.994,8.724,-0.104,0.043,0.002,1644,0,0
1790372,3.498,0.948,8.868,-0.088,0.028,-0.027,1644,0,0
1790392,3.474,1.087,8.820,-0.053,-0.002,-0.049,1644,0,0
1790412,3.503,1.243,8.653,-0.041,-0.006,-0.049,1645,0,0
1790433,3.570,1.355,8.619,-0.032,0.006,-0.032,1645,0,0
1790452,3.637,1.362,8.645,-0.050,0.020,-0.015,1645,0,0
1790472,3.558,1.288,8.763,-0.066,0.034,-0.005,1644,0,0
1790492,3.515,1.233,8.871,-0.032,0.023,-0.010,1644,0,0
1790512,3.512,1.262,8.835,-0.015,0.018,-0.013,1646,0,0
1790532,3.541,1.386,8.751,0.001,0.021,0.002,1644,0,0
1790552,3.606,1.420,8.799,-0.048,0.038,0.033,1644,0,0
1790572,3.642,1.257,8.930,-0.145,0.059,0.058,1645,0,0
1790592,3.639,1.125,9.117,-0.191,0.058,0.073,1644,0,0
1790612,3.670,0.955,9.244,-0.233,0.043,0.086,1645,0,0
1790632,3.752,0.785,9.404,-0.295,0.027,0.088,1645,0,0
1790652,3.706,0.682,9.428,-0.332,-0.012,0.066,1644,0,0
1790672,3.716,0.644,9.349,-0.342,-0.049,0.046,1644,0,0
1790692,3.723,0.553,9.301,-0.339,-0.055,0.031,1644,0,0
1790712,3.658,0.393,9.232,-0.252,-0.060,-0.000,1644,0,0
1790732,3.651,0.488,9.093,-0.070,-0.071,-0.037,1644,0,0
1790752,3.603,0.845,8.832,-0.005,-0.077,-0.056,1643,0,0
1790772,3.546,1.008,8.686,-0.090,-0.080,-0.066,1645,0,0
1790792,3.539,1.001,8.622,-0.110,-0.071,-0.061,1645,0,0
1790812,3.517,0.998,8.598,-0.068,-0.051,-0.053,1645,0,0
1790832,3.512,1.089,8.543,-0.022,-0.036,-0.045,1644,0,0
1790852,3.541,1.111,8.473,-0.038,-0.021,-0.029,1645,0,0
1790873,3.515,1.068,8.447,-0.057,0.003,-0.016,1644,0,0
1790892,3.455,1.025,8.540,-0.061,0.026,-0.003,1644,0,0
1790912,3.539,0.943,8.645,-0.089,0.030,0.013,1644,0,0
1790932,3.613,0.754,8.643,-0.095,0.049,0.025,1644,0,0
1790953,3.591,0.646,8.622,-0.047,0.078,0.016,1646,0,0
1790972,3.527,0.670,8.660,-0.010,0.105,0.009,1645,0,0
1790992,3.493,0.692,8.796,-0.052,0.096,0.007,1644,0,0
1791012,3.582,0.627,8.844,-0.108,0.074,-0.006,1645,0,0
1791032,3.654,0.572,8.871,-0.082,0.084,-0.015,1644,0,0
1791052,3.632,0.587,9.033,-0.032,0.102,-0.023,1644,0,0
1791072,3.570,0.639,9.143,0.010,0.087,-0.036,1645,0,0
1791092,3.584,0.836,9.072,0.025,0.055,-0.038,1643,0,0
1791112,3.649,0.941,9.033,-0.052,0.021,-0.039,1644,0,0
1791132,3.661,0.828,9.165,-0.095,0.009,-0.044,1644,0,0
1791152,3.673,0.797,9.167,-0.004,0.003,-0.060,1646,0,0
1791172,3.644,1.003,8.945,0.063,0.001,-0.062,1644,0,0
1791192,3.613,1.243,8.851,0.054,0.007,-0.047,1644,0,0
1791212,3.575,1.281,8.882,-0.017,0.016,-0.018,1645,0,0
1791232,3.539,1.116,9.014,-0.052,0.023,0.001,1645,0,0
1791253,3.484,1.027,8.971,-0.019,0.023,0.005,1644,0,0
1791272,3.515,1.041,8.930,-0.032,-0.001,0.012,1644,0,0
1791292,3.587,0.943,8.909,-0.054,-0.001,0.023,1645,0,0
1791312,3.639,0.759,9.000,-0.039,0.017,0.025,1645,0,0
1791332,3.615,0.754,8.995,0.009,0.016,0.011,1644,0,0
1791353,3.565,0.893,8.868,0.016,0.006,0.007,1646,0,0
1791372,3.543,0.910,8.909,-0.058,-0.004,0.005,1645,0,0
1791392,3.517,0.788,8.918,-0.092,-0.011,-0.011,1645,0,0
1791412,3.498,0.881,8.878,-0.039,-0.009,-0.022,1645,0,0
1791432,3.462,0.998,8.796,-0.019,-0.005,-0.021,1645,0,0
1791452,3.553,1.018,8.739,-0.037,0.002,-0.016,1645,0,0
1791472,3.529,1.003,8.799,-0.062,0.022,-0.010,1645,0,0
1791492,3.517,0.962,8.902,-0.072,0.015,-0.017,1646,0,0
1791512,3.517,1.003,8.897,-0.061,-0.004,-0.020,1645,0,0
1791532,3.517,1.068,8.830,-0.062,-0.007,-0.015,1646,0,0
1791552,3.505,1.030,8.818,-0.080,0.000,-0.013,1646,0,0
1791572,3.517,1.044,8.811,-0.040,0.008,-0.014,1645,0,0
1791592,3.472,1.156,8.837,-0.038,0.005,-0.012,1645,0,0
1791612,3.464,1.156,8.748,-0.085,-0.012,-0.001,1645,0,0
1791632,3.546,0.996,8.679,-0.096,0.001,0.008,1645,0,0
1791652,3.551,0.929,8.724,-0.054,0.023,0.004,1644,0,0
1791672,3.570,0.979,8.722,-0.013,0.035,0.001,1645,0,0
1791692,3.622,1.032,8.744,-0.033,0.039,0.014,1644,0,0
1791712,3.575,0.917,8.878,-0.095,0.044,0.012,1645,0,0
1791732,3.543,0.814,8.952,-0.095,0.029,-0.001,1645,0,0
1791752,3.622,0.848,8.918,-0.039,0.027,-0.013,1645,0,0
1791772,3.634,0.948,8.894,-0.002,0.045,-0.013,1644,0,0
1791792,3.613,1.037,9.002,-0.020,0.057,-0.014,1645,0,0
1791812,3.539,0.994,9.084,-0.069,0.044,-0.013,1645,0,0
1791832,3.508,0.979,9.134,-0.063,0.019,-0.012,1645,0,0
1791852,3.555,1.015,9.002,-0.047,0.011,-0.011,1645,0,0
1791872,3.555,1.085,8.899,-0.027,0.027,-0.011,1644,0,0
1791892,3.527,1.152,8.957,-0.041,0.021,-0.005,1645,0,0
1791912,3.553,1.128,8.997,-0.090,-0.002,0.004,1645,0,0
1791932,3.560,1.020,9.002,-0.119,-0.008,0.005,1645,0,0
1791953,3.555,0.998,8.926,-0.061,-0.008,0.008,1645,0,0
1791972,3.519,1.068,8.839,-0.046,-0.013,0.016,1644,0,0
1791992,3.539,1.049,8.789,-0.110,-0.014,0.023,1645,0,0
1792012,3.594,0.883,8.782,-0.145,-0.010,0.019,1644,0,0
1792032,3.625,0.783,8.875,-0.109,0.006,0.004,1645,0,0
1792052,3.654,0.905,8.856,-0.060,0.014,-0.005,1644,0,0
1792072,3.598,1.046,8.899,-0.081,0.016,-0.001,1645,0,0
1792092,3.582,1.142,8.940,-0.137,-0.003,0.007,1643,0,0
1792112,3.572,1.116,9.017,-0.218,-0.025,0.019,1643,0,0
1792132,3.500,1.113,9.081,-0.293,-0.050,0.037,1643,0,0
1792152,3.450,1.228,8.995,-0.346,-0.088,0.062,1642,0,0
1792172,3.460,1.199,8.942,-0.489,-0.136,0.107,1639,0,0
1792192,3.591,0.804,8.981,-0.733,-0.177,0.141,1634,0,0
1792212,3.764,0.479,9.086,-0.801,-0.225,0.147,1618,0,0
1792232,3.780,0.321,8.938,-0.902,-0.287,0.149,1584,0,0
1792252,3.910,-0.043,8.784,-1.030,-0.332,0.121,1535,0,0
1792272,3.926,-0.414,8.633,-0.773,-0.277,0.078,1518,0,0
1792292,4.085,-0.479,8.938,-0.492,-0.208,0.047,1485,0,0
1792312,4.231,-0.453,9.048,-0.468,-0.211,0.036,1447,0,0
1792332,4.245,-0.467,8.708,-0.458,-0.195,-0.010,1417,0,0
1792352,4.192,-0.093,8.495,-0.430,-0.183,-0.034,1388,0,0
1792372,4.269,-0.211,8.844,-0.441,-0.192,0.006,1355,0,0
1792392,4.568,-0.460,8.954,-0.435,-0.228,0.006,1318,0,0
1792412,4.092,-0.508,8.660,-0.519,-0.212,0.055,1268,0,0
1792432,3.594,-0.745,7.530,-0.500,-0.064,0.007,1237,0,0
1792452,3.563,-0.790,7.599,-0.463,0.176,-0.138,1199,1833,200
1792472,3.831,-1.085,8.966,-0.400,0.156,-0.102,1156,3563,200
1792492,4.077,-1.573,8.751,-0.505,0.104,-0.112,1123,3843,200
1792512,3.766,-1.470,8.600,-0.147,0.156,-0.120,1102,3995,200
1792532,3.699,-1.374,8.844,0.039,0.143,-0.153,1085,4094,200
1792552,4.032,-1.290,9.505,0.209,0.012,-0.152,1073,4095,200
1792572,4.130,-2.916,9.850,0.689,-0.281,-0.275,1064,4095,200
1792592,4.583,-5.277,8.794,2.038,-0.224,-0.788,1052,4095,200
1792612,5.418,-4.597,7.479,4.084,0.325,-1.389,1043,4095,200
1792632,5.006,-2.152,6.948,5.680,0.822,-1.884,1046,4095,200
1792652,3.764,-1.547,6.498,6.757,1.074,-2.386,1056,4095,200
1792672,2.682,0.120,5.490,7.814,1.278,-2.965,1063,4095,200
1792692,2.205,3.783,4.341,8.520,1.442,-3.280,1069,4095,200
1792712,1.348,7.216,3.519,8.269,1.524,-3.148,1072,4095,200
1792732,-0.134,9.244,2.634,7.754,1.333,-2.747,1074,4095,200
1792752,-0.577,9.548,1.824,6.865,0.993,-2.284,1077,4095,200
1792772,0.144,8.408,0.622,6.662,0.838,-2.097,1078,4095,200
1792792,-0.405,7.851,-1.152,6.983,0.889,-2.160,1080,4095,200
1792812,-1.595,7.590,-2.796,7.536,0.827,-2.108,1084,4095,200
1792833,-2.042,10.647,-3.941,7.424,0.587,-1.826,1087,4095,200
1792852,-1.870,9.804,-4.666,6.493,0.191,-1.665,1088,4095,200
1792872,-3.065,8.564,-6.349,5.623,-0.125,-1.606,1089,4095,200
1792892,-3.225,11.935,-7.606,4.290,-0.543,-1.175,1090,4095,200
1792912,-1.731,12.261,-7.934,2.158,-0.557,-0.353,1089,4095,200
1792932,-1.908,8.746,-7.561,0.685,-0.336,0.150,1092,4095,200
1792952,-2.701,6.376,-7.142,0.366,-0.289,0.052,1094,4095,200
1792972,-1.901,7.898,-6.804,0.212,-0.271,-0.031,1097,4095,200
1792992,-2.143,7.669,-7.333,-0.243,-0.233,0.020,1099,4095,200
1793012,-2.102,6.325,-7.578,-0.302,-0.083,0.022,1099,4095,200
1793032,-1.671,7.159,-7.029,-0.116,0.137,-0.060,1102,4095,200
1793052,-1.776,7.444,-6.340,0.002,0.169,-0.108,1102,4095,200
1793072,-2.253,7.386,-6.579,0.098,0.124,-0.105,1104,4081,200
1793092,-1.609,7.456,-6.069,-0.090,0.095,-0.058,1106,3694,200
1793112,-1.537,7.882,-5.813,-0.102,0.068,0.088,1113,2859,200
1793132,-2.059,6.167,-6.826,0.090,0.068,0.035,1131,0,0
1793152,-1.824,7.075,-7.286,0.314,0.301,-0.015,1150,0,0
1793172,-2.294,7.887,-6.938,0.155,0.494,-0.072,1175,0,0
1793192,-2.162,7.721,-7.288,-0.396,0.591,-0.163,1221,0,0
1793212,-1.293,7.353,-7.393,-0.877,0.944,-0.247,1278,0,0
1793232,-0.939,7.621,-7.278,-0.778,1.326,-0.163,1335,0,0
1793252,-1.274,7.609,-6.630,-0.539,1.524,-0.037,1407,0,0
1793272,-1.946,7.695,-5.777,-0.497,1.394,0.060,1486,0,0
1793292,-1.911,8.131,-5.270,-0.637,0.954,0.261,1568,0,0
1793312,-0.915,7.865,-4.379,-0.641,0.344,0.282,1629,0,0
1793332,-0.886,8.588,-5.528,-0.876,0.057,0.256,1682,0,0
1793352,-0.661,7.666,-5.547,-1.276,0.071,0.253,1730,0,0
1793372,-0.551,7.441,-5.353,-0.855,0.039,0.199,1766,0,0
1793392,-0.807,8.107,-5.646,-0.369,0.111,0.138,1792,0,0
1793412,-1.140,8.545,-5.186,-0.582,-0.011,0.079,1817,0,0
1793432,-0.776,7.709,-5.064,-0.893,-0.097,0.079,1827,0,0
1793452,-0.596,7.870,-5.253,-0.427,-0.066,0.134,1839,0,0
1793472,-0.620,8.392,-5.191,-0.080,-0.041,0.101,1846,0,0
1793492,-0.936,8.614,-5.181,-0.369,0.012,0.058,1852,0,0
1793512,-1.013,8.435,-5.167,-0.504,-0.052,0.062,1853,0,0
1793532,-0.874,8.337,-5.057,-0.490,-0.102,0.084,1853,0,0
1793552,-0.637,8.088,-5.052,-0.466,-0.053,0.056,1852,0,0
1793572,-0.508,8.049,-4.922,-0.264,0.027,0.014,1849,0,0
1793592,-0.654,8.246,-4.788,-0.094,0.075,-0.020,1847,0,0
1793612,-0.881,8.255,-4.798,-0.145,0.049,-0.044,1842,0,0
1793632,-0.855,8.370,-4.863,-0.139,0.001,-0.036,1840,0,0
1793652,-0.668,8.430,-4.899,-0.130,-0.017,-0.021,1838,0,0
1793672,-0.589,8.466,-4.779,-0.160,-0.013,-0.009,1825,0,0
1793692,-0.656,8.478,-4.800,-0.140,-0.018,-0.020,1812,0,0
1793712,-0.752,8.514,-4.860,-0.136,-0.010,-0.025,1800,0,0
1793732,-0.773,8.581,-4.891,-0.144,-0.004,-0.023,1793,0,0
1793752,-0.721,8.626,-4.831,-0.169,-0.005,0.009,1792,0,0
1793772,-0.730,8.602,-4.772,-0.201,0.003,0.023,1791,0,0
1793792,-0.754,8.641,-4.669,-0.185,-0.007,0.016,1790,0,0
1793812,-0.800,8.607,-4.695,-0.194,-0.025,0.002,1788,0,0
1793832,-0.713,8.614,-4.630,-0.145,-0.034,0.002,1784,0,0
1793852,-0.644,8.722,-4.647,-0.109,-0.036,0.017,1779,0,0
1793872,-0.713,8.837,-4.638,-0.211,-0.021,0.036,1778,0,0
1793892,-0.891,8.794,-4.645,-0.364,-0.044,0.031,1778,0,0
1793913,-0.881,8.799,-4.616,-0.443,-0.098,0.015,1778,0,0
1793932,-0.718,8.631,-4.487,-0.485,-0.127,0.017,1776,0,0
1793952,-0.594,8.545,-4.398,-0.416,-0.071,0.056,1776,0,0
1793972,-0.630,8.464,-4.360,-0.229,0.004,0.041,1775,0,0
1793993,-0.740,8.569,-4.214,-0.120,0.044,-0.004,1772,0,0
1794012,-0.728,8.698,-4.164,-0.071,0.039,-0.007,1769,0,0
1794032,-0.804,8.712,-4.178,-0.097,0.023,0.011,1767,0,0
1794052,-0.713,8.650,-4.190,-0.146,-0.006,0.002,1765,0,0
1794072,-0.658,8.655,-4.164,-0.159,-0.012,-0.006,1762,0,0
1794092,-0.678,8.703,-4.111,-0.130,-0.005,0.001,1755,0,0
1794112,-0.800,8.633,-4.120,-0.135,-0.016,-0.001,1745,0,0
1794132,-0.745,8.629,-4.238,-0.088,-0.021,-0.018,1743,0,0
1794152,-0.721,8.681,-4.202,-0.041,-0.021,-0.018,1738,0,0
1794172,-0.675,8.746,-4.168,-0.020,-0.011,0.001,1730,0,0
1794192,-0.692,8.746,-4.044,-0.049,-0.027,0.002,1728,0,0
1794212,-0.773,8.665,-4.099,-0.087,-0.054,-0.021,1726,0,0
1794232,-0.816,8.669,-4.252,-0.039,-0.076,-0.032,1720,0,0
1794252,-0.713,8.756,-4.422,0.009,-0.061,-0.017,1712,0,0
1794272,-0.742,8.746,-4.398,-0.014,-0.031,-0.002,1708,0,0
1794292,-0.800,8.722,-4.372,-0.029,-0.013,-0.003,1702,0,0
1794312,-0.888,8.708,-4.396,-0.048,-0.018,-0.020,1700,0,0
1794332,-0.783,8.736,-4.463,-0.050,-0.014,-0.013,1698,0,0
1794353,-0.773,8.789,-4.405,-0.054,0.009,0.007,1693,0,0
1794372,-0.871,8.760,-4.269,-0.085,0.015,-0.010,1686,0,0
1794392,-0.924,8.799,-4.329,-0.077,0.008,-0.033,1683,0,0
1794412,-0.804,9.045,-4.424,-0.074,0.018,-0.014,1680,0,0
1794432,-0.826,9.076,-4.290,-0.178,0.034,0.010,1680,0,0
1794452,-0.888,8.918,-4.173,-0.261,0.023,0.035,1680,0,0
1794472,-0.795,8.878,-4.087,-0.213,0.010,0.066,1680,0,0
1794492,-0.737,8.808,-4.044,-0.205,0.009,0.072,1680,0,0
1794512,-0.723,8.703,-4.056,-0.160,0.007,0.056,1681,0,0
1794532,-0.704,8.629,-4.077,-0.140,-0.001,0.026,1680,0,0
1794552,-0.654,8.727,-4.101,-0.130,0.001,0.017,1679,0,0
1794572,-0.637,8.799,-4.010,-0.159,0.008,0.025,1673,0,0
1794592,-0.740,8.679,-3.946,-0.198,-0.013,0.026,1668,0,0
1794612,-0.757,8.571,-3.994,-0.182,-0.035,0.020,1667,0,0
1794632,-0.692,8.519,-4.152,-0.120,-0.034,0.000,1667,0,0
1794652,-0.627,8.605,-4.166,-0.081,0.012,-0.010,1666,0,0
1794672,-0.713,8.717,-4.061,-0.073,0.050,-0.014,1665,0,0
1794692,-0.893,8.751,-3.919,-0.092,0.046,-0.007,1667,0,0
1794712,-0.800,8.808,-3.907,-0.088,0.010,-0.012,1666,0,0
1794732,-0.658,8.885,-3.962,-0.059,0.011,-0.008,1666,0,0
1794752,-0.608,8.892,-3.926,-0.070,0.026,0.006,1665,0,0
1794772,-0.699,8.832,-3.888,-0.083,0.020,0.006,1665,0,0
1794792,-0.680,8.844,-3.946,-0.068,0.005,0.002,1665,0,0
1794812,-0.716,8.878,-4.029,-0.046,0.010,0.006,1665,0,0
1794832,-0.728,8.861,-4.051,-0.038,0.016,0.017,1665,0,0
1794852,-0.725,8.784,-4.063,-0.054,0.016,0.022,1665,0,0
1794872,-0.737,8.672,-4.041,-0.096,-0.001,0.012,1664,0,0
1794892,-0.704,8.689,-4.075,-0.080,-0.010,-0.005,1664,0,0
1794912,-0.670,8.727,-4.068,-0.053,0.012,-0.019,1664,0,0
1794932,-0.680,8.775,-4.025,-0.047,0.025,-0.026,1665,0,0
1794953,-0.742,8.856,-3.950,-0.059,0.016,-0.034,1665,0,0
1794972,-0.781,8.928,-3.931,-0.078,0.004,-0.044,1664,0,0
1794992,-0.723,9.029,-3.941,-0.088,0.010,-0.038,1663,0,0
1795012,-0.735,8.978,-3.893,-0.095,0.009,-0.023,1659,0,0
1795032,-0.733,8.921,-3.867,-0.110,0.003,-0.001,1658,0,0
1795052,-0.702,8.899,-3.936,-0.069,0.004,-0.005,1655,0,0
1795072,-0.718,8.964,-3.907,-0.058,0.018,-0.019,1657,0,0
1795092,-0.781,8.997,-3.857,-0.064,0.017,0.000,1658,0,0
1795112,-0.766,8.909,-3.898,-0.062,-0.009,0.029,1655,0,0
1795132,-0.661,8.806,-4.022,-0.074,-0.022,0.024,1656,0,0
1795152,-0.596,8.811,-4.113,-0.055,-0.003,0.002,1656,0,0
