1872803,-0.235,8.480,-4.197,-0.086,0.006,0.014,1678,0,0
1872823,-0.314,8.509,-4.271,-0.041,-0.006,-0.001,1678,0,0
1872843,-0.321,8.629,-4.362,-0.038,-0.015,-0.007,1679,0,0
1872864,-0.292,8.645,-4.432,-0.058,-0.017,-0.006,1679,0,0
1872884,-0.266,8.569,-4.417,-0.065,-0.014,-0.011,1679,0,0
1872903,-0.254,8.610,-4.365,-0.052,-0.012,-0.019,1679,0,0
1872923,-0.333,8.696,-4.432,-0.043,-0.015,-0.030,1679,0,0
1872943,-0.304,8.811,-4.542,-0.037,-0.010,-0.030,1679,0,0
1872964,-0.306,8.882,-4.523,-0.037,0.008,-0.022,1677,0,0
1872984,-0.314,8.873,-4.477,-0.041,0.012,-0.007,1679,0,0
1873003,-0.371,8.808,-4.539,-0.063,0.012,-0.001,1679,0,0
1873024,-0.292,8.753,-4.556,-0.075,0.019,-0.010,1679,0,0
1873043,-0.251,8.818,-4.460,-0.064,0.049,-0.030,1678,0,0
1873063,-0.385,8.894,-4.281,-0.058,0.067,-0.028,1679,0,0
1873083,-0.460,8.995,-4.216,-0.047,0.036,-0.009,1679,0,0
1873103,-0.395,8.957,-4.278,-0.104,0.008,0.008,1679,0,0
1873123,-0.259,8.851,-4.338,-0.094,0.014,0.013,1679,0,0
1873143,-0.321,8.863,-4.307,-0.043,0.026,0.017,1679,0,0
1873163,-0.376,8.873,-4.276,-0.070,0.021,0.029,1679,0,0
1873183,-0.378,8.765,-4.307,-0.082,0.012,0.038,1679,0,0
1873203,-0.357,8.708,-4.302,-0.074,0.008,0.042,1679,0,0
1873223,-0.292,8.684,-4.290,-0.074,0.002,0.044,1679,0,0
1873243,-0.314,8.571,-4.322,-0.077,-0.005,0.039,1679,0,0
1873264,-0.297,8.557,-4.444,-0.044,-0.005,0.035,1680,0,0
1873283,-0.261,8.557,-4.432,-0.060,0.005,0.030,1679,0,0
1873303,-0.273,8.519,-4.369,-0.077,0.006,0.018,1679,0,0
1873323,-0.283,8.521,-4.367,-0.063,-0.001,0.005,1679,0,0
1873343,-0.237,8.581,-4.432,-0.052,-0.002,0.001,1679,0,0
1873363,-0.192,8.600,-4.451,-0.059,0.007,0.006,1679,0,0
1873383,-0.192,8.523,-4.389,-0.055,0.016,-0.005,1679,0,0
1873403,-0.223,8.552,-4.381,-0.054,0.007,-0.021,1679,0,0
1873424,-0.249,8.679,-4.460,-0.045,0.001,-0.033,1679,0,0
1873443,-0.239,8.777,-4.451,-0.054,0.015,-0.034,1679,0,0
1873463,-0.304,8.777,-4.362,-0.068,0.025,-0.026,1678,0,0
1873483,-0.299,8.729,-4.350,-0.058,0.023,-0.019,1679,0,0
1873504,-0.247,8.729,-4.413,-0.062,0.023,-0.033,1679,0,0
1873523,-0.201,8.832,-4.345,-0.065,0.024,-0.051,1678,0,0
1873543,-0.316,8.971,-4.223,-0.063,0.030,-0.049,1679,0,0
1873563,-0.407,9.074,-4.228,-0.055,0.009,-0.021,1679,0,0
1873584,-0.381,9.048,-4.350,-0.080,-0.005,0.010,1679,0,0
1873603,-0.285,8.854,-4.429,-0.111,0.006,0.017,1679,0,0
1873623,-0.323,8.756,-4.293,-0.079,0.018,0.012,1679,0,0
1873643,-0.359,8.796,-4.269,-0.058,0.009,0.015,1679,0,0
1873663,-0.393,8.820,-4.343,-0.069,-0.004,0.022,1679,0,0
1873684,-0.342,8.744,-4.410,-0.074,0.005,0.033,1679,0,0
1873703,-0.232,8.648,-4.350,-0.073,0.015,0.030,1679,0,0
1873723,-0.261,8.583,-4.305,-0.075,0.012,0.013,1678,0,0
1873743,-0.256,8.629,-4.264,-0.054,-0.002,0.007,1679,0,0
1873763,-0.278,8.677,-4.286,-0.074,-0.013,0.001,1679,0,0
1873784,-0.175,8.710,-4.372,-0.072,-0.015,0.002,1679,0,0
1873803,-0.172,8.660,-4.384,-0.068,0.001,0.005,1679,0,0
1873823,-0.213,8.653,-4.286,-0.055,0.000,0.004,1679,0,0
1873843,-0.266,8.674,-4.283,-0.039,-0.013,-0.000,1679,0,0
1873863,-0.230,8.689,-4.401,-0.057,-0.032,-0.006,1679,0,0
1873883,-0.220,8.844,-4.501,-0.107,-0.028,-0.014,1680,0,0
1873903,-0.247,9.043,-4.420,-0.226,-0.045,-0.002,1679,0,0
1873923,-0.373,9.548,-4.480,-0.452,-0.112,0.064,1679,0,0
1873943,-0.385,9.560,-4.228,-0.913,-0.203,0.100,1680,0,0
1873963,-0.287,9.445,-4.070,-1.214,-0.264,0.076,1683,0,0
1873983,-0.302,9.543,-3.881,-1.388,-0.289,0.053,1682,0,0
1874003,-0.405,9.572,-3.814,-1.631,-0.289,0.089,1683,0,0
1874023,-0.362,9.902,-3.747,-1.767,-0.270,0.198,1683,0,0
1874043,-0.476,10.432,-3.424,-1.956,-0.304,0.345,1683,0,0
1874063,-0.618,11.073,-3.079,-2.477,-0.390,0.573,1682,0,0
1874083,-0.761,11.806,-2.713,-3.379,-0.510,0.855,1682,0,0
1874103,-0.828,11.523,-2.380,-4.431,-0.725,1.083,1681,0,0
1874123,-0.620,10.795,-2.011,-5.500,-0.841,1.260,1682,0,0
1874143,-0.098,10.230,-1.662,-6.014,-0.957,1.486,1682,0,0
1874163,0.455,10.017,-0.261,-6.399,-0.962,1.808,1680,0,0
1874183,0.838,9.591,0.594,-6.877,-1.045,2.082,1679,0,0
1874203,1.298,8.243,1.690,-7.804,-1.020,2.241,1676,0,0
1874224,1.805,5.981,2.753,-8.195,-1.012,2.294,1671,0,0
1874243,2.097,3.776,4.118,-7.827,-0.950,2.263,1664,0,0
1874264,2.957,1.939,5.461,-6.925,-0.931,2.126,1663,0,0
1874283,3.598,0.359,6.819,-6.101,-0.734,1.809,1661,0,0
1874303,3.955,-1.326,7.827,-4.866,-0.613,1.460,1656,0,0
1874323,4.274,-2.291,8.226,-3.411,-0.396,1.083,1653,0,0
1874343,4.415,-2.507,8.447,-1.986,-0.110,0.683,1649,0,0
1874363,4.226,-1.492,8.607,-0.863,0.085,0.419,1648,0,0
1874383,4.111,-0.646,8.739,-0.666,0.200,0.252,1647,0,0
1874403,4.046,-0.400,8.739,-0.763,0.250,0.156,1647,0,0
1874424,3.737,-0.285,8.744,-0.871,0.227,0.132,1645,0,0
1874443,3.637,-0.496,8.945,-0.981,0.163,0.144,1646,0,0
1874464,3.673,-1.149,9.146,-0.869,0.145,0.126,1645,0,0
1874483,3.699,-1.245,9.117,-0.579,0.154,0.074,1645,0,0
1874504,3.673,-0.893,8.978,-0.436,0.175,0.036,1647,0,0
1874523,3.644,-0.824,8.971,-0.511,0.207,0.015,1646,0,0
1874543,3.567,-1.120,9.232,-0.500,0.184,-0.001,1646,0,0
1874563,3.567,-1.432,9.270,-0.311,0.139,-0.023,1647,0,0
1874583,3.642,-1.408,9.160,0.014,0.116,-0.059,1647,0,0
1874603,3.670,-1.001,8.995,0.183,0.127,-0.092,1647,0,0
1874623,3.596,-0.642,8.981,0.164,0.135,-0.105,1647,0,0
1874643,3.527,-0.491,9.041,0.101,0.107,-0.088,1648,0,0
1874663,3.517,-0.472,9.017,0.046,0.068,-0.062,1648,0,0
1874683,3.548,-0.484,8.909,0.062,0.042,-0.049,1648,0,0
1874703,3.606,-0.505,8.777,0.073,0.044,-0.045,1648,0,0
1874724,3.563,-0.342,8.763,0.096,0.087,-0.033,1649,0,0
1874743,3.445,-0.242,8.878,0.133,0.120,-0.016,1649,0,0
1874763,3.450,-0.249,8.990,0.092,0.086,-0.004,1649,0,0
1874783,3.536,-0.328,8.914,0.079,0.048,-0.003,1649,0,0
1874803,3.658,-0.302,8.914,0.077,0.034,-0.005,1650,0,0
1874823,3.697,-0.393,8.976,0.031,0.063,0.001,1650,0,0
1874843,3.630,-0.539,9.175,0.089,0.085,0.005,1651,0,0
1874863,3.541,-0.496,9.256,0.189,0.076,0.005,1650,0,0
1874883,3.472,-0.357,9.273,0.192,0.056,0.003,1651,0,0
1874903,3.321,-0.132,9.258,0.088,0.029,0.020,1652,0,0
1874923,3.326,-0.108,9.246,-0.094,-0.011,0.043,1652,0,0
1874943,3.385,-0.417,9.232,-0.205,-0.017,0.071,1651,0,0
1874963,3.436,-0.546,9.206,-0.083,0.000,0.091,1652,0,0
1874983,3.452,-0.469,9.120,-0.029,0.016,0.087,1651,0,0
1875003,3.524,-0.493,9.069,-0.091,0.001,0.061,1652,0,0
1875023,3.555,-0.603,9.122,-0.108,0.002,0.043,1652,0,0
1875043,3.527,-0.685,9.199,-0.040,0.006,0.028,1652,0,0
1875063,3.407,-0.608,9.182,0.042,-0.012,0.002,1652,0,0
1875083,3.366,-0.340,9.019,0.069,-0.051,-0.018,1652,0,0
1875103,3.378,-0.036,8.796,0.026,-0.067,-0.016,1652,0,0
1875123,3.395,-0.031,8.717,-0.099,-0.046,0.007,1652,0,0
1875143,3.414,-0.304,8.820,-0.136,-0.022,0.016,1653,0,0
1875163,3.424,-0.462,8.859,-0.054,-0.008,0.006,1653,0,0
1875184,3.419,-0.405,8.863,0.041,0.008,-0.001,1651,0,0
1875203,3.457,-0.306,8.873,0.009,0.028,-0.004,1652,0,0
1875224,3.455,-0.314,9.029,-0.080,0.018,-0.003,1653,0,0
1875243,3.510,-0.498,9.098,-0.136,-0.001,0.002,1652,0,0
1875263,3.527,-0.539,9.067,-0.049,-0.003,0.001,1653,0,0
1875283,3.524,-0.385,8.988,-0.018,0.014,-0.002,1652,0,0
1875303,3.591,-0.369,8.995,-0.113,0.028,0.003,1653,0,0
1875324,3.534,-0.532,9.151,-0.163,0.050,0.003,1653,0,0
1875343,3.402,-0.572,9.285,-0.102,0.047,-0.008,1654,0,0
1875363,3.390,-0.448,9.266,-0.063,0.003,-0.013,1653,0,0
1875383,3.543,-0.385,9.122,-0.072,-0.013,-0.005,1652,0,0
1875404,3.579,-0.381,9.081,-0.123,0.011,-0.005,1653,0,0
1875423,3.536,-0.390,9.115,-0.156,0.012,-0.007,1653,0,0
1875444,3.519,-0.505,9.129,-0.151,-0.006,-0.019,1652,0,0
1875463,3.500,-0.493,9.074,-0.124,-0.026,-0.040,1653,0,0
1875483,3.500,-0.366,9.036,-0.080,-0.052,-0.057,1653,0,0
1875503,3.496,-0.141,8.839,-0.045,-0.067,-0.049,1653,0,0
1875524,3.548,0.000,8.686,-0.043,-0.042,-0.029,1654,0,0
1875543,3.512,-0.077,8.758,-0.101,-0.010,-0.018,1654,0,0
1875563,3.472,-0.199,8.760,-0.102,-0.005,-0.014,1654,0,0
1875583,3.551,-0.199,8.660,-0.088,-0.012,-0.005,1654,0,0
1875603,3.603,-0.273,8.744,-0.097,-0.002,0.002,1654,0,0
1875623,3.613,-0.350,8.859,-0.098,0.009,0.004,1654,0,0
1875644,3.610,-0.402,8.950,-0.105,0.010,0.005,1654,0,0
1875664,3.560,-0.362,8.952,-0.047,0.024,0.005,1655,0,0
1875683,3.503,-0.223,8.940,-0.008,0.025,0.014,1654,0,0
1875703,3.503,-0.285,8.964,-0.082,-0.002,0.023,1654,0,0
1875723,3.587,-0.505,9.033,-0.145,-0.006,0.024,1655,0,0
1875744,3.606,-0.560,8.990,-0.076,0.005,0.020,1653,0,0
1875764,3.582,-0.436,8.902,-0.023,0.029,0.027,1654,0,0
1875783,3.493,-0.395,8.887,-0.082,0.043,0.031,1654,0,0
1875803,3.476,-0.541,9.000,-0.157,0.034,0.039,1654,0,0
1875823,3.479,-0.716,9.110,-0.150,0.019,0.040,1655,0,0
1875844,3.505,-0.742,9.155,-0.122,-0.007,0.019,1655,0,0
1875863,3.510,-0.613,9.017,-0.123,-0.023,0.000,1654,0,0
1875883,3.481,-0.517,8.811,-0.118,-0.029,-0.013,1653,0,0
1875903,3.551,-0.467,8.739,-0.107,-0.017,-0.003,1654,0,0
1875923,3.527,-0.577,8.717,-0.126,0.010,-0.005,1653,0,0
1875943,3.498,-0.577,8.830,-0.128,0.008,-0.020,1655,0,0
1875964,3.498,-0.517,8.832,-0.090,0.002,-0.016,1654,0,0
1875983,3.565,-0.517,8.928,-0.051,0.007,0.001,1650,0,0
1876004,3.591,-0.515,8.976,-0.009,0.014,0.000,1651,0,0
1876023,3.591,-0.594,9.036,-0.033,0.024,-0.008,1649,0,0
1876043,3.555,-0.594,9.062,-0.024,0.007,-0.022,1649,0,0
1876063,3.598,-0.529,9.043,-0.020,-0.014,-0.032,1650,0,0
1876083,3.622,-0.457,8.954,-0.030,-0.006,-0.020,1649,0,0
1876103,3.582,-0.441,8.993,-0.019,0.016,-0.008,1648,0,0
1876123,3.575,-0.450,9.038,-0.027,0.013,-0.005,1648,0,0
1876143,3.618,-0.558,8.993,-0.062,0.023,-0.007,1649,0,0
1876163,3.551,-0.599,9.017,-0.019,0.036,-0.008,1650,0,0
1876184,3.551,-0.486,9.021,0.001,0.023,-0.007,1651,0,0
1876203,3.567,-0.476,9.002,-0.042,0.024,0.001,1649,0,0
1876223,3.591,-0.546,9.079,-0.084,0.026,0.010,1649,0,0
1876243,3.591,-0.656,9.131,-0.075,0.018,0.009,1649,0,0
1876263,3.613,-0.675,9.146,-0.059,0.010,0.006,1650,0,0
1876283,3.610,-0.702,9.153,-0.028,0.014,-0.011,1651,0,0
1876303,3.555,-0.661,9.167,-0.030,0.001,-0.043,1649,0,0
1876323,3.500,-0.496,9.079,-0.027,-0.036,-0.056,1650,0,0
1876344,3.524,-0.402,8.950,-0.075,-0.057,-0.048,1650,0,0
1876363,3.613,-0.464,8.928,-0.083,-0.044,-0.040,1651,0,0
1876383,3.637,-0.472,8.880,-0.012,-0.018,-0.042,1651,0,0
1876403,3.589,-0.385,8.873,0.027,0.006,-0.036,1651,0,0
1876424,3.539,-0.318,8.894,-0.012,-0.004,-0.029,1650,0,0
1876443,3.615,-0.342,8.916,-0.070,-0.036,-0.038,1650,0,0
1876463,3.723,-0.326,8.878,-0.089,-0.028,-0.033,1651,0,0
1876484,3.658,-0.371,8.954,-0.053,0.008,-0.017,1651,0,0
1876503,3.577,-0.345,9.017,-0.021,0.006,-0.001,1651,0,0
1876523,3.560,-0.338,8.983,0.001,-0.024,0.004,1651,0,0
1876543,3.596,-0.242,8.906,-0.030,-0.041,-0.002,1651,0,0
1876563,3.613,-0.323,8.882,-0.076,-0.041,0.001,1652,0,0
1876584,3.615,-0.407,8.792,-0.054,-0.033,0.012,1650,0,0
1876604,3.637,-0.419,8.782,-0.003,-0.015,0.011,1652,0,0
1876623,3.687,-0.448,8.799,0.003,0.007,0.001,1651,0,0
1876643,3.725,-0.491,8.859,-0.001,0.026,-0.005,1652,0,0
1876664,3.682,-0.491,8.909,-0.006,0.038,-0.006,1651,0,0
1876683,3.618,-0.520,8.988,-0.056,0.021,-0.019,1651,0,0
1876703,3.618,-0.524,9.000,-0.070,0.002,-0.031,1652,0,0
1876723,3.656,-0.419,8.930,-0.052,0.003,-0.035,1651,0,0
1876744,3.598,-0.314,8.928,-0.042,0.020,-0.034,1653,0,0
1876763,3.563,-0.302,8.983,-0.046,0.015,-0.040,1651,0,0
1876783,3.577,-0.316,8.964,-0.039,0.007,-0.037,1651,0,0
1876804,3.644,-0.350,8.928,-0.052,-0.001,-0.031,1651,0,0
1876824,3.670,-0.321,8.839,-0.041,0.002,-0.035,1651,0,0
1876843,3.687,-0.306,8.868,-0.047,0.009,-0.032,1652,0,0
1876863,3.718,-0.326,8.887,-0.047,0.019,-0.028,1651,0,0
1876883,3.721,-0.345,8.976,-0.048,0.026,-0.022,1651,0,0
1876904,3.666,-0.369,8.961,-0.008,0.026,-0.033,1652,0,0
1876923,3.644,-0.204,8.928,-0.005,0.011,-0.039,1651,0,0
1876943,3.685,-0.124,8.902,-0.058,0.006,-0.021,1651,0,0
1876963,3.728,-0.261,8.938,-0.115,0.015,-0.012,1651,0,0
1876984,3.735,-0.409,8.995,-0.080,0.022,-0.022,1653,0,0
1877004,3.654,-0.366,9.067,-0.026,0.022,-0.034,1653,0,0
1877023,3.601,-0.148,9.000,0.004,-0.003,-0.030,1652,0,0
1877043,3.644,-0.034,8.861,-0.039,-0.013,-0.006,1650,0,0
1877063,3.692,-0.211,8.871,-0.112,0.007,0.004,1652,0,0
1877083,3.675,-0.397,8.942,-0.085,0.018,0.004,1652,0,0
1877103,3.685,-0.338,8.935,-0.015,0.014,0.000,1652,0,0
1877123,3.689,-0.251,9.012,-0.053,0.011,0.005,1652,0,0
1877143,3.642,-0.366,9.091,-0.103,0.006,0.002,1653,0,0
1877164,3.663,-0.450,9.045,-0.071,-0.018,-0.013,1651,0,0
1877183,3.716,-0.362,8.892,-0.026,-0.026,-0.024,1651,0,0
1877203,3.701,-0.213,8.818,-0.034,-0.001,-0.015,1650,0,0
1877223,3.601,-0.271,8.988,-0.088,0.015,-0.007,1650,0,0
1877243,3.594,-0.395,9.108,-0.078,-0.003,-0.011,1651,0,0
1877264,3.663,-0.314,9.012,-0.038,-0.029,-0.018,1649,0,0
1877283,3.730,-0.256,8.964,-0.062,-0.030,-0.018,1650,0,0
1877303,3.725,-0.352,9.021,-0.097,-0.018,-0.017,1650,0,0
1877324,3.745,-0.369,8.978,-0.074,-0.026,-0.021,1651,0,0
1877343,3.838,-0.294,8.861,-0.053,-0.030,-0.022,1649,0,0
1877363,3.814,-0.211,8.847,-0.071,0.007,-0.010,1650,0,0
1877383,3.687,-0.256,8.966,-0.117,0.022,-0.005,1652,0,0
1877404,3.716,-0.373,9.048,-0.153,-0.002,-0.009,1650,0,0
1877424,3.694,-0.455,9.048,-0.096,-0.004,-0.017,1650,0,0
1877443,3.733,-0.426,8.947,-0.078,-0.015,-0.032,1651,0,0
1877463,3.768,-0.491,8.794,-0.128,-0.021,-0.034,1651,0,0
1877483,3.814,-0.414,8.645,-0.087,-0.014,-0.036,1653,0,0
1877504,3.812,-0.381,8.581,-0.131,0.008,-0.043,1654,0,0
1877523,3.728,-0.436,8.768,-0.148,0.043,-0.050,1654,0,0
1877543,3.627,-0.407,8.892,-0.104,0.052,-0.051,1654,0,0
1877563,3.620,-0.316,8.911,-0.080,0.047,-0.049,1654,0,0
1877583,3.642,-0.294,8.902,-0.100,0.049,-0.049,1654,0,0
1877604,3.577,-0.290,8.964,-0.124,0.066,-0.046,1654,0,0
1877623,3.426,-0.345,9.069,-0.138,0.066,-0.038,1653,0,0
1877643,3.388,-0.373,9.048,-0.093,0.047,-0.038,1654,0,0
1877663,3.407,-0.390,8.928,-0.073,0.040,-0.041,1653,0,0
1877684,3.431,-0.479,8.815,-0.114,0.054,-0.041,1652,0,0
1877703,3.457,-0.543,8.825,-0.122,0.069,-0.037,1653,0,0
1877723,3.455,-0.622,8.861,-0.141,0.087,-0.043,1653,0,0
1877743,3.488,-0.881,9.000,-0.153,0.097,-0.049,1652,0,0
1877763,3.476,-0.955,9.103,-0.112,0.094,-0.080,1653,0,0
1877784,3.488,-0.879,9.086,-0.118,0.064,-0.110,1653,0,0
1877803,3.524,-0.685,8.926,-0.111,0.050,-0.124,1653,0,0
1877823,3.582,-0.543,8.753,-0.086,0.041,-0.114,1652,0,0
1877843,3.630,-0.596,8.815,-0.099,0.056,-0.099,1653,0,0
1877863,3.608,-0.606,8.873,-0.099,0.062,-0.102,1653,0,0
1877883,3.610,-0.553,8.914,-0.125,0.044,-0.105,1653,0,0
1877915,3.685,-0.608,8.938,-0.062,0.027,-0.128,1652,0,0
1877927,3.673,-0.520,8.923,-0.032,0.025,-0.126,1652,0,0
1877943,3.663,-0.373,8.916,-0.049,0.018,-0.117,1652,0,0
1877963,3.658,-0.359,8.849,-0.078,0.013,-0.111,1652,0,0
1877983,3.673,-0.366,8.830,-0.051,0.027,-0.110,1653,0,0
1878003,3.646,-0.369,8.945,-0.041,0.034,-0.108,1652,0,0
1878023,3.625,-0.333,9.005,-0.030,0.022,-0.108,1652,0,0
1878043,3.591,-0.239,8.971,-0.007,0.017,-0.108,1652,0,0
1878063,3.539,-0.172,8.964,-0.018,0.015,-0.101,1652,0,0
1878084,3.522,-0.175,9.041,-0.040,0.018,-0.089,1654,0,0
1878103,3.479,-0.235,9.155,-0.056,0.002,-0.082,1653,0,0
1878123,3.558,-0.285,9.084,-0.051,-0.036,-0.084,1654,0,0
1878143,3.682,-0.261,8.887,-0.008,-0.057,-0.092,1652,0,0
1878164,3.742,-0.081,8.765,0.036,-0.038,-0.095,1654,0,0
1878184,3.735,0.096,8.794,0.052,-0.019,-0.085,1652,0,0
1878203,3.716,0.242,8.801,0.079,-0.010,-0.062,1652,0,0
1878223,3.687,0.280,8.902,0.048,-0.009,-0.049,1653,0,0
1878243,3.658,0.340,8.918,-0.005,-0.020,-0.055,1652,0,0
1878263,3.771,0.366,8.801,0.006,-0.041,-0.050,1652,0,0
1878284,3.922,0.596,8.633,0.148,-0.036,-0.048,1653,0,0
1878303,3.891,0.881,8.696,0.170,0.013,-0.015,1653,0,0
1878323,3.682,0.989,8.878,0.103,0.036,0.038,1653,0,0
1878343,3.613,0.800,9.079,0.034,0.011,0.093,1654,0,0
1878363,3.651,0.472,9.072,0.042,-0.015,0.128,1653,0,0
1878383,3.682,0.249,8.954,0.072,-0.010,0.131,1654,0,0
1878403,3.587,0.247,8.973,0.070,0.017,0.132,1654,0,0
1878424,3.464,0.196,9.072,0.029,0.040,0.157,1655,0,0
1878443,3.486,-0.093,9.246,-0.015,0.027,0.180,1654,0,0
1878463,3.598,-0.543,9.244,-0.011,0.027,0.169,1653,0,0
1878483,3.589,-0.778,9.234,0.011,0.033,0.119,1653,0,0
1878503,3.536,-0.649,9.266,0.019,0.030,0.087,1652,0,0
1878523,3.481,-0.577,9.313,-0.030,0.027,0.063,1653,0,0
1878544,3.414,-0.532,9.383,-0.032,0.017,0.047,1654,0,0
1878563,3.342,-0.558,9.438,-0.027,0.009,0.033,1653,0,0
1878583,3.273,-0.594,9.378,-0.081,-0.019,0.022,1654,0,0
1878603,3.354,-0.740,9.275,-0.144,-0.047,0.002,1653,0,0
1878623,3.464,-0.821,9.120,-0.130,-0.052,-0.029,1654,0,0
1878644,3.508,-0.687,9.062,-0.099,-0.049,-0.060,1654,0,0
1878663,3.572,-0.589,8.959,-0.122,-0.059,-0.077,1653,0,0
1878683,3.661,-0.436,8.739,-0.138,-0.074,-0.086,1654,0,0
1878704,3.778,-0.314,8.562,-0.146,-0.056,-0.086,1653,0,0
1878723,3.855,-0.165,8.535,-0.158,-0.018,-0.080,1654,0,0
1878743,3.855,-0.148,8.588,-0.192,-0.002,-0.083,1653,0,0
1878763,3.862,-0.120,8.554,-0.189,-0.008,-0.092,1653,0,0
1878783,3.915,0.026,8.511,-0.134,0.000,-0.098,1653,0,0
1878804,3.874,0.283,8.452,-0.101,0.027,-0.096,1652,0,0
1878823,3.847,0.467,8.514,-0.122,0.049,-0.067,1651,0,0
1878843,3.819,0.412,8.593,-0.146,0.057,-0.032,1653,0,0
1878863,3.852,0.316,8.645,-0.127,0.051,-0.023,1652,0,0
1878883,3.819,0.321,8.751,-0.104,0.072,-0.022,1653,0,0
1878903,3.742,0.311,8.868,-0.064,0.079,-0.017,1653,0,0
1878924,3.682,0.359,8.899,-0.007,0.062,-0.009,1654,0,0
1878943,3.560,0.467,8.906,-0.001,0.059,0.012,1655,0,0
1878963,3.438,0.412,9.036,-0.036,0.058,0.037,1655,0,0
1878983,3.393,0.230,9.172,-0.044,0.032,0.057,1655,0,0
1879004,3.438,0.062,9.060,-0.025,0.019,0.072,1654,0,0
1879024,3.498,-0.057,8.971,0.018,0.022,0.067,1655,0,0
1879043,3.543,-0.055,8.966,0.021,0.034,0.067,1654,0,0
1879063,3.515,-0.170,9.122,-0.011,0.048,0.079,1655,0,0
1879084,3.500,-0.321,9.218,-0.039,0.025,0.082,1657,0,0
1879103,3.601,-0.450,9.124,-0.009,0.005,0.077,1655,0,0
1879123,3.651,-0.472,9.084,0.009,0.008,0.056,1656,0,0
1879144,3.642,-0.457,9.048,-0.015,0.008,0.030,1655,0,0
1879163,3.603,-0.318,9.014,0.009,0.008,0.021,1655,0,0
1879183,3.543,-0.153,8.938,0.020,0.002,0.018,1654,0,0
1879203,3.553,-0.110,8.933,-0.024,0.006,0.029,1654,0,0
1879223,3.553,-0.163,8.961,-0.034,0.007,0.027,1655,0,0
1879244,3.654,-0.215,8.973,-0.037,0.006,0.015,1655,0,0
1879263,3.711,-0.189,8.969,0.009,0.026,0.015,1654,0,0
1879283,3.701,-0.139,9.041,0.010,0.032,0.014,1654,0,0
1879304,3.632,-0.105,9.098,-0.026,0.014,0.009,1655,0,0
1879324,3.656,-0.050,9.072,-0.050,-0.003,0.014,1654,0,0
1879343,3.670,-0.043,9.002,-0.049,-0.005,0.013,1654,0,0
1879363,3.656,-0.041,8.969,-0.036,0.000,0.015,1656,0,0
1879383,3.589,-0.043,8.978,-0.031,0.019,0.017,1655,0,0
1879403,3.575,-0.031,9.057,-0.026,0.017,0.011,1655,0,0
1879423,3.563,0.034,9.057,-0.016,0.001,0.014,1655,0,0
1879443,3.584,0.034,8.923,-0.056,-0.009,0.021,1655,0,0
1879463,3.649,-0.050,8.859,-0.083,0.005,0.026,1654,0,0
1879483,3.668,-0.060,8.902,-0.053,0.024,0.025,1655,0,0
1879503,3.663,-0.072,9.017,-0.049,0.021,0.030,1655,0,0
1879524,3.658,-0.206,9.019,-0.065,0.016,0.026,1656,0,0
1879544,3.666,-0.184,9.002,-0.050,-0.002,0.006,1654,0,0
1879563,3.694,-0.062,8.911,-0.062,-0.016,-0.002,1655,0,0
1879583,3.677,0.048,8.792,-0.050,-0.013,0.006,1656,0,0
1879603,3.666,0.055,8.792,-0.059,0.004,0.009,1657,0,0
1879623,3.591,0.055,8.878,-0.057,0.014,0.006,1655,0,0
1879643,3.575,0.069,8.890,-0.063,-0.010,0.003,1656,0,0
1879663,3.622,0.060,8.818,-0.069,-0.020,0.001,1656,0,0
1879683,3.639,0.096,8.789,-0.031,0.003,0.002,1654,0,0
1879703,3.584,0.201,8.854,-0.005,0.024,0.004,1654,0,0
1879724,3.491,0.177,8.928,-0.052,0.011,0.008,1655,0,0
1879744,3.546,0.115,8.856,-0.058,-0.003,0.013,1656,0,0
1879763,3.663,0.062,8.784,-0.050,0.007,0.022,1655,0,0
1879783,3.701,0.026,8.789,-0.060,0.038,0.039,1655,0,0
1879803,3.610,-0.060,8.894,-0.071,0.057,0.052,1655,0,0
1879823,3.584,-0.206,8.993,-0.082,0.046,0.048,1655,0,0
1879843,3.601,-0.273,9.019,-0.056,0.034,0.023,1655,0,0
1879863,3.639,-0.194,9.000,-0.060,0.039,0.009,1655,0,0
1879883,3.613,-0.103,9.009,-0.080,0.039,0.018,1657,0,0
1879903,3.627,-0.117,8.947,-0.074,0.029,0.021,1656,0,0
1879923,3.670,-0.163,8.990,-0.074,0.029,0.010,1656,0,0
1879943,3.718,-0.192,8.990,-0.098,0.023,-0.012,1656,0,0
1879963,3.685,-0.158,9.021,-0.070,0.018,-0.029,1656,0,0
1879983,3.596,0.048,8.985,-0.024,0.012,-0.029,1656,0,0
1880003,3.567,0.266,8.897,-0.018,-0.005,-0.025,1656,0,0
1880024,3.589,0.335,8.808,-0.066,0.007,-0.007,1654,0,0
1880043,3.548,0.285,8.906,-0.098,0.021,0.017,1655,0,0
1880063,3.563,0.062,9.017,-0.112,0.009,0.019,1656,0,0
1880083,3.553,0.026,8.952,-0.051,-0.001,0.005,1656,0,0
1880103,3.570,0.182,8.849,-0.011,0.007,0.010,1655,0,0
1880123,3.551,0.285,8.861,-0.035,0.024,0.033,1656,0,0
1880143,3.598,0.074,8.973,-0.100,0.035,0.058,1657,0,0
1880164,3.608,-0.218,9.122,-0.112,0.045,0.070,1656,0,0
1880183,3.577,-0.400,9.194,-0.098,0.019,0.054,1656,0,0
1880203,3.606,-0.362,9.081,-0.066,-0.005,0.031,1656,0,0
1880223,3.582,-0.225,9.029,-0.062,0.006,0.027,1656,0,0
1880244,3.551,-0.242,9.072,-0.118,0.008,0.025,1656,0,0
1880263,3.560,-0.292,9.036,-0.127,-0.006,0.016,1657,0,0
1880283,3.575,-0.261,8.988,-0.101,-0.018,0.007,1656,0,0
1880303,3.587,-0.153,8.854,-0.088,-0.012,-0.004,1657,0,0
1880323,3.555,-0.089,8.861,-0.090,0.003,-0.007,1657,0,0
1880343,3.560,-0.060,8.897,-0.091,-0.004,-0.013,1656,0,0
1880363,3.606,-0.022,8.837,-0.106,-0.011,-0.019,1656,0,0
1880383,3.642,-0.038,8.792,-0.104,-0.006,-0.018,1656,0,0
1880404,3.644,-0.022,8.815,-0.098,0.005,-0.024,1656,0,0
1880423,3.658,-0.084,8.957,-0.097,-0.012,-0.044,1656,0,0
1880443,3.682,-0.017,8.887,-0.077,-0.013,-0.036,1656,0,0
1880463,3.658,0.122,8.803,-0.048,0.000,-0.012,1655,0,0
1880483,3.711,0.081,8.923,-0.090,0.010,0.007,1656,0,0
1880504,3.740,-0.048,8.940,-0.086,0.017,0.016,1656,0,0
1880523,3.725,-0.117,9.062,-0.097,0.019,0.018,1658,0,0
1880544,3.668,-0.115,9.086,-0.105,0.003,0.022,1657,0,0
1880563,3.697,-0.134,9.045,-0.125,-0.018,0.026,1656,0,0
1880583,3.745,-0.184,8.933,-0.138,-0.018,0.039,1656,0,0
1880603,3.675,-0.165,9.019,-0.153,-0.001,0.058,1657,0,0
1880623,3.598,-0.230,9.110,-0.200,-0.017,0.060,1656,0,0
1880644,3.560,-0.309,9.038,-0.211,-0.044,0.052,1655,0,0
1880663,3.613,-0.311,8.978,-0.166,-0.055,0.050,1656,0,0
1880683,3.654,-0.412,8.914,-0.144,-0.029,0.042,1655,0,0
1880703,3.627,-0.429,8.861,-0.132,-0.008,0.038,1656,0,0
1880723,3.637,-0.426,8.789,-0.116,-0.003,0.046,1655,0,0
1880743,3.610,-0.532,8.832,-0.140,0.006,0.042,1654,0,0
1880764,3.651,-0.539,8.832,-0.122,-0.002,0.033,1654,0,0
1880783,3.713,-0.431,8.770,-0.113,0.003,0.030,1654,0,0
1880803,3.733,-0.491,8.820,-0.140,0.013,0.017,1653,0,0
1880823,3.658,-0.488,8.847,-0.133,0.011,0.002,1653,0,0
1880844,3.694,-0.479,8.827,-0.085,0.006,-0.004,1649,0,0
1880863,3.737,-0.385,8.985,-0.045,-0.010,-0.003,1637,0,0
1880883,3.721,-0.314,8.933,-0.040,-0.030,0.013,1608,0,0
1880903,3.620,-0.285,8.904,-0.059,-0.050,0.031,1576,0,0
1880923,3.807,-0.350,9.196,-0.033,-0.125,0.059,1534,0,0
1880944,3.850,-0.448,9.517,-0.054,-0.222,0.088,1494,0,0
1880963,3.946,-0.515,9.764,0.040,-0.388,0.127,1453,0,0
1880984,4.113,-0.553,8.940,0.105,-0.427,0.143,1417,0,0
1881003,4.389,-0.215,8.799,0.203,-0.357,0.143,1387,0,0
1881023,4.233,-0.247,8.571,0.136,-0.263,0.212,1350,0,0
1881043,3.929,-0.175,8.212,-0.052,-0.205,0.241,1331,0,0
1881063,3.795,-0.177,8.466,-0.038,-0.179,0.194,1310,0,0
1881083,4.017,-0.014,8.681,-0.184,-0.230,0.218,1281,0,0
1881103,4.156,-0.340,8.871,-0.409,-0.281,0.234,1246,0,0
1881123,4.223,-0.579,9.052,-0.398,-0.296,0.246,1221,0,0
1881143,4.178,-0.575,8.966,-0.293,-0.334,0.240,1202,0,0
1881164,4.338,-0.493,7.760,-0.470,-0.242,0.136,1176,0,0
1881183,4.345,-0.737,8.109,-0.537,-0.088,0.052,1144,2988,200
1881203,4.482,-0.831,8.121,-0.467,0.044,0.039,1111,3576,200
1881223,4.214,-0.639,8.495,-0.437,0.096,0.047,1087,4010,200
1881243,4.307,-0.630,8.619,-0.352,0.119,0.104,1067,4095,200
1881264,3.912,-0.979,8.384,-0.533,0.021,0.113,1050,4095,200
1881283,4.247,-1.475,8.459,-0.694,0.026,0.134,1026,4095,200
1881303,4.748,-1.405,8.703,-0.589,0.087,0.114,1009,4095,200
1881324,3.929,-1.683,8.485,-0.462,0.031,0.069,1004,4095,200
1881343,4.197,-2.274,8.578,-0.481,-0.025,0.039,993,4095,200
1881364,5.109,-2.540,8.423,-0.178,0.144,-0.077,986,4095,200
1881383,4.499,-2.143,8.473,0.244,0.271,-0.192,979,4095,200
1881403,3.833,-2.423,8.600,0.308,0.211,-0.263,976,4095,200
1881423,4.609,-3.170,9.203,0.910,0.282,-0.539,975,4095,200
1881443,4.609,-4.731,9.029,2.219,0.375,-0.971,973,4095,200
1881463,4.293,-3.898,7.989,4.023,0.593,-1.367,966,4095,200
1881484,4.319,-0.862,7.822,4.970,0.812,-1.640,962,4095,200
1881503,3.527,-0.335,7.877,4.997,0.729,-1.815,961,4095,200
1881524,3.086,0.196,7.614,5.269,0.580,-2.048,962,4095,200
1881543,3.316,1.879,6.776,5.856,0.602,-2.344,960,4095,200
1881563,2.464,2.684,5.298,6.458,0.713,-2.622,953,4095,200
1881583,1.841,3.524,3.979,7.206,0.994,-2.817,944,4095,200
1881603,1.056,6.036,2.938,8.076,1.174,-2.962,942,4095,200
1881623,-0.053,7.053,1.111,8.352,1.205,-2.923,946,4095,200
1881643,-0.649,8.428,-0.634,8.731,1.185,-2.844,953,4095,200
1881663,-1.161,11.100,-2.619,8.669,1.042,-2.631,951,4095,200
1881683,-2.332,10.992,-3.572,7.690,0.693,-2.104,945,4095,200
1881703,-1.973,9.098,-4.745,7.528,0.383,-1.779,946,4095,200
1881723,-2.380,10.707,-5.638,6.845,-0.014,-1.659,954,4095,200
1881743,-3.093,13.800,-6.347,4.595,-0.504,-1.142,959,4095,200
1881763,-1.293,11.325,-7.331,2.032,-0.669,-0.467,957,4095,200
1881783,-2.057,6.814,-7.362,1.115,-0.458,-0.294,957,4095,200
1881803,-2.167,8.171,-6.843,1.278,-0.357,-0.320,958,4095,200
1881823,-2.169,9.776,-6.883,0.752,-0.350,-0.128,960,4095,200
1881843,-2.018,8.289,-6.958,-0.146,-0.356,0.167,962,4095,200
1881863,-0.939,7.326,-6.704,-0.123,-0.152,0.108,964,4095,200
1881883,-2.069,7.468,-6.778,0.016,0.024,0.057,966,4095,200
1881903,-1.288,7.640,-6.452,-0.124,0.126,0.119,971,4095,200
1881923,-1.767,7.456,-6.258,0.016,0.167,0.054,974,4095,200
1881943,-2.093,7.626,-6.086,-0.123,0.117,0.055,978,4095,200
1881963,-1.451,8.535,-5.825,-0.305,0.072,0.109,986,4095,200
1881984,-1.611,6.938,-6.069,-0.360,0.057,0.080,998,3896,200
1882003,-1.537,6.321,-6.223,0.015,0.210,-0.027,1012,2961,200
1882023,-1.408,8.147,-6.117,0.320,0.405,-0.067,1040,0,0
1882043,-1.927,8.169,-5.672,0.132,0.413,-0.065,1075,0,0
1882063,-2.131,8.191,-6.388,-0.100,0.373,0.148,1119,0,0
1882084,-1.286,7.817,-6.328,-0.320,0.471,0.051,1176,0,0
1882103,-1.008,8.040,-6.299,-0.571,0.590,-0.128,1234,0,0
1882123,-1.276,7.664,-6.443,-0.803,0.687,-0.175,1307,0,0
1882143,-1.616,8.179,-6.996,-0.828,0.903,0.012,1399,0,0
1882163,-0.977,8.231,-7.171,-0.594,1.174,0.184,1499,0,0
1882184,-1.302,8.911,-6.062,-0.633,1.484,0.305,1600,0,0
1882203,-0.950,7.254,-3.357,-0.851,0.708,0.299,1679,0,0
1882223,-0.934,7.319,-4.087,-1.055,0.324,0.240,1743,0,0
1882243,-0.692,8.485,-5.619,-0.800,0.175,0.198,1797,0,0
1882263,-0.311,9.005,-5.298,-0.549,0.107,0.251,1835,0,0
1882283,-0.208,8.574,-4.980,-1.022,0.120,0.325,1857,0,0
1882304,-0.596,8.203,-5.485,-1.245,0.191,0.338,1877,0,0
1882324,-0.520,7.865,-4.877,-0.778,0.105,0.212,1891,0,0
1882343,-0.309,7.946,-4.633,-0.423,0.088,0.083,1904,0,0
1882363,-0.251,8.183,-4.413,-0.294,0.054,0.021,1912,0,0
1882384,-0.227,8.358,-4.441,-0.201,0.027,0.008,1917,0,0
1882403,-0.323,8.547,-4.518,-0.232,0.014,0.032,1921,0,0
1882423,-0.318,8.672,-4.578,-0.262,0.024,0.045,1925,0,0
1882443,-0.314,8.784,-4.530,-0.265,0.021,0.021,1927,0,0
1882463,-0.321,8.655,-4.391,-0.334,-0.000,-0.013,1928,0,0
1882483,-0.280,8.373,-4.403,-0.339,0.002,-0.009,1929,0,0
1882503,-0.345,8.509,-4.341,-0.134,0.027,0.008,1928,0,0
1882523,-0.328,8.679,-4.369,-0.054,0.033,-0.010,1929,0,0
1882543,-0.326,8.784,-4.343,-0.095,0.044,-0.024,1928,0,0
1882563,-0.441,8.799,-4.386,-0.125,0.041,-0.013,1925,0,0
1882583,-0.378,8.746,-4.391,-0.135,0.031,0.001,1922,0,0
1882604,-0.280,8.715,-4.384,-0.111,0.033,-0.011,1915,0,0
1882623,-0.271,8.705,-4.429,-0.066,0.059,-0.025,1906,0,0
1882643,-0.357,8.806,-4.391,-0.025,0.079,-0.020,1904,0,0
1882663,-0.378,8.854,-4.156,-0.107,0.043,0.004,1903,0,0
1882683,-0.342,8.758,-4.276,-0.178,0.008,0.023,1901,0,0
1882704,-0.268,8.751,-4.381,-0.100,0.013,0.021,1900,0,0
1882723,-0.254,8.792,-4.302,-0.066,0.039,0.023,1896,0,0
1882743,-0.275,8.784,-4.240,-0.074,0.040,0.016,1893,0,0
1882763,-0.321,8.751,-4.235,-0.094,0.013,0.006,1893,0,0
1882783,-0.292,8.732,-4.343,-0.091,0.007,-0.008,1890,0,0
1882804,-0.287,8.780,-4.357,-0.043,0.013,-0.002,1887,0,0
1882824,-0.342,8.830,-4.302,-0.041,0.016,0.003,1879,0,0
1882843,-0.297,8.777,-4.341,-0.086,0.009,0.002,1873,0,0
1882863,-0.266,8.756,-4.408,-0.088,0.030,0.015,1871,0,0
1882883,-0.254,8.741,-4.317,-0.053,0.050,0.021,1870,0,0
1882904,-0.283,8.818,-4.286,-0.043,0.054,0.013,1870,0,0
1882923,-0.321,8.799,-4.281,-0.056,0.042,0.005,1869,0,0
1882943,-0.345,8.780,-4.355,-0.072,0.029,0.008,1868,0,0
1882963,-0.187,8.753,-4.374,-0.074,0.032,0.012,1865,0,0
1882983,-0.208,8.653,-4.298,-0.087,0.041,0.005,1861,0,0
1883003,-0.225,8.672,-4.262,-0.047,0.042,0.004,1859,0,0
1883023,-0.273,8.708,-4.240,-0.040,0.039,0.012,1857,0,0
1883043,-0.342,8.736,-4.209,-0.041,0.030,0.009,1855,0,0
1883064,-0.247,8.691,-4.216,-0.040,0.013,0.003,1852,0,0
1883083,-0.194,8.712,-4.250,-0.027,0.015,0.006,1849,0,0
1883103,-0.225,8.729,-4.288,-0.060,0.017,0.006,1842,0,0
1883123,-0.263,8.712,-4.317,-0.061,0.017,0.005,1841,0,0
1883143,-0.273,8.770,-4.341,-0.056,0.014,-0.008,1841,0,0
1883163,-0.247,8.756,-4.357,-0.031,0.024,0.001,1841,0,0
1883183,-0.280,8.756,-4.317,-0.033,0.030,0.020,1840,0,0
1883204,-0.326,8.691,-4.329,-0.069,0.017,0.013,1839,0,0
1883223,-0.283,8.717,-4.381,-0.062,-0.001,-0.014,1836,0,0
1883243,-0.227,8.780,-4.334,-0.042,0.009,-0.026,1834,0,0
1883264,-0.247,8.801,-4.278,-0.049,0.012,-0.010,1834,0,0
1883283,-0.165,8.746,-4.235,-0.063,0.012,0.008,1833,0,0
1883303,-0.165,8.669,-4.202,-0.055,0.009,-0.001,1831,0,0
1883323,-0.199,8.748,-4.219,-0.018,-0.003,-0.017,1829,0,0
1883343,-0.237,8.811,-4.348,-0.005,-0.019,-0.021,1827,0,0
1883363,-0.206,8.849,-4.379,-0.016,-0.014,0.008,1825,0,0
1883383,-0.242,8.772,-4.427,-0.047,-0.003,0.021,1824,0,0
1883404,-0.259,8.734,-4.417,-0.066,-0.008,-0.004,1822,0,0
1883423,-0.208,8.744,-4.472,-0.065,-0.003,-0.005,1823,0,0
1883443,-0.215,8.763,-4.451,-0.025,0.013,0.009,1822,0,0
1883463,-0.177,8.751,-4.391,-0.025,0.019,0.018,1821,0,0
1883483,-0.266,8.727,-4.377,-0.054,0.012,0.010,1820,0,0
1883503,-0.314,8.770,-4.506,-0.090,-0.006,0.003,1817,0,0
1883524,-0.172,8.724,-4.551,-0.106,0.003,0.013,1818,0,0
1883544,-0.124,8.691,-4.434,-0.090,0.033,0.017,1816,0,0
