2001393,0.120,8.995,-3.814,-0.066,0.007,-0.017,1718,0,0
2001413,0.153,8.957,-3.809,-0.080,0.009,-0.008,1717,0,0
2001433,0.148,8.902,-3.812,-0.067,0.012,-0.004,1718,0,0
2001453,0.055,8.942,-3.867,-0.047,0.007,-0.015,1718,0,0
2001473,0.043,9.076,-3.977,-0.039,0.011,-0.019,1717,0,0
2001493,0.045,9.127,-3.953,-0.060,0.028,-0.011,1717,0,0
2001513,0.074,9.057,-3.857,-0.072,0.044,-0.002,1716,0,0
2001533,0.120,8.981,-3.778,-0.080,0.047,-0.007,1717,0,0
2001553,0.144,9.021,-3.771,-0.079,0.054,-0.018,1718,0,0
2001573,0.084,9.100,-3.666,-0.078,0.056,-0.026,1717,0,0
2001593,-0.024,9.163,-3.539,-0.094,0.033,-0.022,1718,0,0
2001613,-0.007,9.153,-3.582,-0.113,0.012,0.003,1717,0,0
2001633,0.010,9.041,-3.711,-0.099,0.014,0.017,1717,0,0
2001653,0.034,9.000,-3.773,-0.063,0.030,0.022,1718,0,0
2001674,-0.017,8.969,-3.701,-0.059,0.034,0.024,1718,0,0
2001693,-0.012,8.906,-3.527,-0.088,0.010,0.025,1717,0,0
2001713,0.019,8.741,-3.575,-0.107,-0.017,0.023,1718,0,0
2001733,0.072,8.636,-3.709,-0.070,-0.020,0.013,1717,0,0
2001753,0.096,8.684,-3.833,-0.041,-0.003,-0.006,1718,0,0
2001773,0.079,8.777,-3.761,-0.046,0.011,-0.025,1717,0,0
2001793,0.060,8.811,-3.733,-0.057,0.007,-0.030,1717,0,0
2001814,0.072,8.832,-3.694,-0.059,-0.008,-0.034,1717,0,0
2001833,0.108,8.868,-3.699,-0.064,-0.023,-0.035,1717,0,0
2001853,0.117,8.887,-3.812,-0.048,-0.012,-0.029,1716,0,0
2001873,0.084,8.844,-3.859,-0.035,0.005,-0.026,1717,0,0
2001894,0.048,8.882,-3.847,-0.027,0.014,-0.034,1717,0,0
2001913,0.062,8.942,-3.833,-0.032,0.010,-0.046,1718,0,0
2001933,0.057,9.002,-3.804,-0.036,0.002,-0.048,1716,0,0
2001953,0.072,9.086,-3.852,-0.040,0.012,-0.043,1717,0,0
2001973,0.074,9.115,-3.788,-0.033,0.027,-0.040,1717,0,0
2001993,0.091,9.158,-3.843,-0.030,0.035,-0.034,1717,0,0
2002013,0.019,9.208,-3.752,-0.048,0.037,-0.038,1717,0,0
2002033,0.062,9.244,-3.711,-0.065,0.026,-0.033,1718,0,0
2002053,0.050,9.263,-3.651,-0.068,0.026,-0.011,1718,0,0
2002073,-0.029,9.184,-3.682,-0.077,0.023,0.001,1719,0,0
2002094,-0.022,9.122,-3.718,-0.054,0.023,0.010,1719,0,0
2002113,-0.062,9.110,-3.737,-0.055,0.025,0.016,1718,0,0
2002133,-0.029,9.064,-3.713,-0.076,0.015,0.022,1717,0,0
2002153,-0.029,8.918,-3.663,-0.089,0.006,0.030,1718,0,0
2002173,-0.055,8.832,-3.685,-0.077,-0.003,0.023,1718,0,0
2002193,-0.034,8.823,-3.761,-0.045,-0.008,0.021,1718,0,0
2002213,-0.079,8.808,-3.852,-0.047,-0.002,0.017,1718,0,0
2002233,0.036,8.796,-3.950,-0.072,-0.003,0.006,1717,0,0
2002253,0.091,8.729,-3.845,-0.072,0.011,-0.003,1717,0,0
2002274,0.101,8.760,-3.785,-0.051,0.010,-0.020,1718,0,0
2002293,0.120,8.947,-3.833,-0.037,0.006,-0.024,1717,0,0
2002313,0.103,9.005,-3.836,-0.052,0.008,-0.019,1718,0,0
2002333,0.148,9.002,-3.812,-0.056,0.009,-0.010,1717,0,0
2002353,0.117,9.019,-3.792,-0.055,0.005,-0.018,1716,0,0
2002373,0.077,9.043,-3.843,-0.046,-0.006,-0.016,1716,0,0
2002393,0.110,9.074,-3.886,-0.045,0.001,0.001,1717,0,0
2002413,0.089,8.964,-3.929,-0.066,0.003,-0.007,1717,0,0
2002434,0.120,9.000,-3.953,-0.063,0.019,-0.018,1716,0,0
2002453,0.072,8.990,-3.898,-0.060,0.030,-0.021,1716,0,0
2002473,0.069,9.074,-3.747,-0.065,0.031,-0.025,1717,0,0
2002493,0.084,9.072,-3.651,-0.083,0.022,-0.022,1716,0,0
2002513,0.022,9.143,-3.668,-0.070,0.013,-0.016,1717,0,0
2002533,-0.007,9.160,-3.723,-0.089,0.002,-0.004,1717,0,0
2002553,0.002,9.086,-3.740,-0.071,0.008,0.023,1718,0,0
2002573,-0.057,8.993,-3.689,-0.073,0.002,0.017,1717,0,0
2002593,-0.024,8.964,-3.795,-0.087,-0.006,0.014,1717,0,0
2002613,-0.014,8.871,-3.819,-0.099,0.004,0.018,1718,0,0
2002633,0.055,8.756,-3.826,-0.093,0.007,0.009,1718,0,0
2002653,0.101,8.811,-3.725,-0.096,0.006,-0.013,1718,0,0
2002673,0.069,8.966,-3.814,-0.138,0.000,-0.023,1718,0,0
2002694,0.010,9.230,-3.800,-0.277,-0.020,-0.016,1719,0,0
2002713,-0.093,9.297,-3.788,-0.541,-0.082,-0.007,1722,0,0
2002733,-0.060,9.443,-3.661,-0.789,-0.145,0.032,1723,0,0
2002753,0.060,9.531,-3.584,-0.921,-0.171,0.112,1723,0,0
2002774,0.050,9.912,-3.474,-1.078,-0.173,0.203,1723,0,0
2002793,-0.113,10.379,-3.326,-1.489,-0.260,0.287,1724,0,0
2002813,-0.275,10.441,-3.146,-2.144,-0.372,0.330,1724,0,0
2002833,-0.330,10.649,-2.959,-2.737,-0.506,0.361,1725,0,0
2002853,-0.333,11.274,-2.784,-3.420,-0.717,0.523,1725,0,0
2002873,-0.297,11.428,-2.373,-4.313,-0.834,0.996,1724,0,0
2002893,-0.093,11.262,-1.544,-5.256,-0.907,1.434,1724,0,0
2002913,-0.005,11.600,-1.085,-5.958,-1.073,1.677,1726,0,0
2002933,0.661,10.961,-0.302,-7.153,-1.240,1.822,1725,0,0
2002953,1.487,8.720,0.608,-8.731,-1.262,1.903,1725,0,0
2002974,1.942,5.902,2.219,-8.731,-1.236,1.947,1727,0,0
2002993,2.581,2.959,4.108,-8.622,-0.981,1.947,1734,0,0
2003013,3.230,1.281,6.230,-6.577,-0.912,1.819,1742,0,0
2003033,3.857,-0.002,7.321,-4.249,-0.467,1.450,1744,0,0
2003053,4.207,-0.680,8.250,-2.345,0.034,0.893,1744,0,0
2003073,4.003,-0.256,8.562,-0.557,0.379,0.377,1744,0,0
2003093,3.529,1.463,8.526,0.601,0.470,0.103,1744,0,0
2003113,3.211,2.940,8.423,0.604,0.436,0.040,1744,0,0
2003133,2.909,3.546,8.382,0.089,0.292,0.065,1744,0,0
2003153,2.794,3.701,8.255,-0.397,0.123,0.086,1744,0,0
2003173,2.892,3.364,8.186,-0.804,-0.007,0.111,1743,0,0
2003193,3.132,2.780,8.389,-0.912,-0.002,0.160,1744,0,0
2003213,3.191,2.334,8.578,-0.679,0.043,0.166,1744,0,0
2003234,3.184,2.083,8.624,-0.422,0.061,0.112,1744,0,0
2003253,3.218,2.284,8.578,-0.157,0.060,0.046,1744,0,0
2003273,3.225,2.667,8.557,-0.038,0.082,0.016,1743,0,0
2003294,3.148,2.787,8.724,-0.106,0.103,0.019,1744,0,0
2003313,3.160,2.737,8.823,-0.115,0.095,0.038,1743,0,0
2003333,3.141,2.832,8.727,-0.066,0.058,0.064,1743,0,0
2003353,3.182,3.139,8.696,-0.289,-0.008,0.103,1743,0,0
2003373,3.230,3.038,8.748,-0.684,-0.060,0.159,1742,0,0
2003393,3.299,2.741,8.763,-0.887,-0.087,0.247,1743,0,0
2003413,3.349,2.729,8.736,-1.029,-0.144,0.327,1743,0,0
2003433,3.527,1.961,8.782,-1.296,-0.108,0.352,1741,0,0
2003453,3.579,1.188,8.882,-1.166,-0.017,0.305,1741,0,0
2003473,3.551,0.948,9.115,-0.934,0.017,0.234,1743,0,0
2003493,3.558,0.845,9.117,-0.723,0.003,0.207,1742,0,0
2003513,3.479,1.013,9.033,-0.596,-0.013,0.176,1743,0,0
2003533,3.464,1.075,9.062,-0.561,-0.042,0.123,1742,0,0
2003553,3.484,0.785,9.005,-0.560,-0.032,0.079,1741,0,0
2003573,3.462,0.745,8.918,-0.314,-0.015,0.056,1742,0,0
2003593,3.378,0.809,8.806,-0.091,0.022,0.033,1741,0,0
2003613,3.352,1.063,8.746,0.012,0.033,0.023,1742,0,0
2003634,3.376,1.192,8.763,-0.030,0.038,0.031,1741,0,0
2003653,3.376,1.037,8.859,-0.090,0.058,0.035,1742,0,0
2003673,3.333,0.917,8.947,-0.018,0.074,0.030,1742,0,0
2003693,3.357,0.831,8.990,0.124,0.078,0.014,1742,0,0
2003713,3.419,0.814,8.990,0.218,0.087,0.005,1743,0,0
2003733,3.412,1.039,8.923,0.294,0.104,0.000,1742,0,0
2003753,3.302,1.300,8.969,0.197,0.087,-0.004,1742,0,0
2003773,3.237,1.221,9.012,-0.051,0.050,-0.005,1742,0,0
2003793,3.256,1.118,9.024,-0.060,0.016,-0.005,1743,0,0
2003813,3.326,1.195,8.928,0.000,0.003,0.001,1743,0,0
2003833,3.421,1.123,8.945,-0.022,0.040,0.013,1743,0,0
2003853,3.431,1.032,9.017,0.051,0.099,0.022,1743,0,0
2003873,3.321,1.125,9.096,0.146,0.106,0.019,1742,0,0
2003893,3.247,1.341,9.141,0.061,0.041,0.015,1742,0,0
2003913,3.261,1.240,9.115,-0.098,-0.004,0.017,1742,0,0
2003934,3.242,1.130,9.017,-0.077,-0.025,0.011,1742,0,0
2003953,3.266,1.245,8.923,-0.037,-0.024,0.011,1742,0,0
2003973,3.285,1.228,8.799,-0.025,0.002,0.016,1743,0,0
2003993,3.304,1.178,8.820,0.026,0.029,0.016,1743,0,0
2004013,3.273,1.235,8.823,0.059,0.029,0.001,1742,0,0
2004033,3.239,1.300,8.827,-0.009,0.024,-0.011,1742,0,0
2004054,3.237,1.384,8.768,-0.051,0.019,-0.002,1742,0,0
2004073,3.263,1.343,8.863,-0.059,0.028,0.013,1743,0,0
2004093,3.287,1.319,8.856,-0.005,0.033,0.020,1743,0,0
2004113,3.309,1.286,8.942,0.047,0.050,0.010,1743,0,0
2004133,3.244,1.348,8.928,0.027,0.040,-0.002,1742,0,0
2004153,3.232,1.396,8.873,-0.064,-0.004,-0.006,1743,0,0
2004173,3.304,1.310,8.863,-0.115,-0.026,0.000,1743,0,0
2004193,3.292,1.350,8.780,-0.033,0.002,-0.002,1743,0,0
2004213,3.242,1.516,8.772,0.024,0.022,0.000,1743,0,0
2004233,3.259,1.518,8.851,-0.039,0.034,0.016,1742,0,0
2004253,3.280,1.295,8.899,-0.071,0.044,0.019,1743,0,0
2004273,3.294,1.176,8.957,0.006,0.054,0.010,1742,0,0
2004293,3.261,1.381,8.902,0.071,0.047,0.014,1743,0,0
2004313,3.287,1.530,8.904,-0.004,0.047,0.026,1743,0,0
2004333,3.311,1.396,9.041,-0.124,0.066,0.042,1743,0,0
2004353,3.275,1.135,9.117,-0.106,0.068,0.039,1742,0,0
2004373,3.213,1.123,9.194,-0.024,0.030,0.016,1742,0,0
2004393,3.225,1.204,9.105,-0.014,0.009,-0.006,1741,0,0
2004413,3.203,1.290,9.024,-0.005,0.013,-0.014,1743,0,0
2004433,3.199,1.350,8.981,0.029,0.010,-0.009,1742,0,0
2004453,3.203,1.542,8.849,0.026,0.003,-0.001,1742,0,0
2004473,3.239,1.542,8.892,-0.084,-0.002,0.009,1742,0,0
2004493,3.266,1.413,8.954,-0.129,0.001,-0.004,1742,0,0
2004513,3.270,1.369,8.878,-0.059,-0.009,-0.022,1742,0,0
2004533,3.292,1.525,8.734,0.012,-0.000,-0.020,1741,0,0
2004553,3.318,1.638,8.753,0.011,0.027,-0.013,1742,0,0
2004573,3.273,1.681,8.796,-0.053,0.031,-0.002,1741,0,0
2004593,3.249,1.566,8.878,-0.103,0.023,0.013,1742,0,0
2004613,3.215,1.456,8.959,-0.087,0.001,0.026,1742,0,0
2004633,3.203,1.530,8.923,-0.014,-0.030,0.037,1741,0,0
2004653,3.278,1.549,8.863,-0.011,-0.025,0.039,1741,0,0
2004673,3.347,1.544,8.782,-0.014,0.007,0.045,1740,0,0
2004693,3.304,1.468,8.851,-0.016,0.024,0.058,1740,0,0
2004713,3.316,1.367,8.978,-0.039,0.001,0.059,1740,0,0
2004733,3.378,1.348,8.983,-0.080,-0.005,0.048,1739,0,0
2004753,3.393,1.190,9.057,-0.080,0.017,0.032,1740,0,0
2004773,3.354,1.190,9.081,-0.054,0.030,0.027,1740,0,0
2004793,3.294,1.202,9.064,-0.045,0.019,0.018,1740,0,0
2004813,3.244,1.219,9.038,-0.062,-0.010,-0.007,1740,0,0
2004833,3.249,1.262,8.935,-0.073,-0.028,-0.016,1739,0,0
2004854,3.266,1.314,8.921,-0.079,-0.026,-0.009,1740,0,0
2004873,3.235,1.372,8.916,-0.064,-0.016,-0.021,1740,0,0
2004893,3.196,1.386,8.863,-0.061,-0.019,-0.033,1740,0,0
2004913,3.244,1.410,8.758,-0.009,-0.036,-0.041,1739,0,0
2004933,3.316,1.511,8.679,0.023,-0.022,-0.047,1740,0,0
2004953,3.290,1.602,8.660,-0.023,0.005,-0.042,1739,0,0
2004973,3.259,1.592,8.650,-0.044,0.004,-0.029,1739,0,0
2004994,3.282,1.544,8.748,-0.052,0.003,-0.018,1739,0,0
2005013,3.290,1.537,8.796,-0.047,0.023,-0.024,1738,0,0
2005033,3.282,1.609,8.780,-0.006,0.025,-0.028,1739,0,0
2005053,3.282,1.700,8.736,0.022,0.009,-0.023,1738,0,0
2005074,3.333,1.678,8.756,-0.035,0.011,-0.013,1738,0,0
2005093,3.338,1.525,8.827,-0.072,0.024,-0.006,1739,0,0
2005113,3.333,1.506,8.849,-0.030,0.024,-0.003,1739,0,0
2005133,3.381,1.535,8.875,-0.035,0.023,-0.007,1738,0,0
2005153,3.407,1.530,8.871,-0.041,0.049,-0.013,1739,0,0
2005173,3.354,1.566,8.983,0.003,0.054,-0.010,1739,0,0
2005193,3.311,1.580,9.084,-0.041,0.040,0.007,1738,0,0
2005213,3.335,1.472,9.139,-0.066,0.020,0.013,1739,0,0
2005233,3.314,1.506,9.151,-0.010,0.008,0.006,1738,0,0
2005253,3.294,1.585,9.079,-0.014,-0.010,0.005,1737,0,0
2005273,3.259,1.590,9.005,-0.051,-0.029,0.006,1739,0,0
2005293,3.263,1.528,8.940,-0.060,-0.038,0.013,1738,0,0
2005313,3.275,1.456,8.942,-0.062,-0.036,0.014,1738,0,0
2005333,3.282,1.398,8.973,-0.054,-0.040,-0.001,1738,0,0
2005353,3.333,1.401,8.854,-0.012,-0.042,-0.023,1738,0,0
2005373,3.304,1.528,8.722,0.022,-0.037,-0.039,1738,0,0
2005393,3.306,1.688,8.753,-0.014,-0.039,-0.033,1737,0,0
2005413,3.328,1.664,8.724,-0.081,-0.029,-0.022,1738,0,0
2005433,3.342,1.544,8.777,-0.096,-0.017,-0.020,1737,0,0
2005453,3.395,1.551,8.748,-0.051,-0.013,-0.025,1736,0,0
2005473,3.405,1.604,8.734,-0.038,0.001,-0.026,1736,0,0
2005493,3.378,1.618,8.753,-0.058,0.010,-0.027,1736,0,0
2005513,3.371,1.650,8.765,-0.055,0.002,-0.036,1736,0,0
2005533,3.400,1.714,8.756,-0.051,-0.002,-0.036,1735,0,0
2005553,3.393,1.765,8.799,-0.065,0.010,-0.031,1734,0,0
2005573,3.378,1.762,8.890,-0.062,0.017,-0.018,1733,0,0
2005593,3.378,1.755,8.873,-0.046,0.009,-0.007,1733,0,0
2005613,3.443,1.700,8.818,-0.067,0.004,-0.001,1733,0,0
2005633,3.484,1.621,8.837,-0.063,0.025,-0.001,1733,0,0
2005653,3.464,1.604,8.930,-0.058,0.039,0.001,1732,0,0
2005673,3.409,1.571,8.976,-0.078,0.025,0.001,1734,0,0
2005694,3.414,1.554,8.966,-0.064,0.004,0.001,1734,0,0
2005713,3.397,1.571,8.933,-0.052,-0.001,-0.005,1733,0,0
2005733,3.393,1.630,8.873,-0.079,-0.010,-0.012,1733,0,0
2005753,3.378,1.623,8.871,-0.094,-0.006,-0.008,1732,0,0
2005773,3.338,1.609,8.839,-0.050,-0.012,-0.006,1732,0,0
2005793,3.361,1.635,8.732,-0.007,-0.026,-0.012,1733,0,0
2005814,3.397,1.707,8.650,-0.025,-0.017,-0.015,1732,0,0
2005833,3.364,1.686,8.717,-0.082,0.001,-0.020,1732,0,0
2005853,3.373,1.623,8.770,-0.092,0.002,-0.021,1733,0,0
2005873,3.407,1.635,8.734,-0.022,0.008,-0.017,1733,0,0
2005893,3.419,1.681,8.784,-0.005,0.023,-0.007,1733,0,0
2005913,3.409,1.657,8.914,-0.032,0.025,-0.005,1733,0,0
2005933,3.361,1.719,8.928,-0.038,0.009,-0.003,1733,0,0
2005953,3.400,1.614,8.918,-0.071,-0.014,-0.001,1733,0,0
2005973,3.378,1.583,8.942,-0.038,-0.013,-0.010,1732,0,0
2005993,3.381,1.630,8.844,-0.002,-0.017,-0.012,1732,0,0
2006013,3.369,1.669,8.770,-0.005,-0.018,-0.002,1732,0,0
2006033,3.371,1.621,8.756,-0.007,-0.005,0.001,1732,0,0
2006053,3.390,1.630,8.746,-0.022,0.005,-0.001,1731,0,0
2006073,3.440,1.549,8.866,-0.063,0.005,-0.002,1731,0,0
2006093,3.445,1.480,8.952,-0.072,0.003,-0.013,1731,0,0
2006113,3.421,1.504,9.002,-0.045,-0.000,-0.031,1732,0,0
2006133,3.433,1.618,8.882,-0.012,-0.011,-0.040,1730,0,0
2006153,3.546,1.683,8.839,0.000,-0.010,-0.037,1731,0,0
2006173,3.534,1.815,8.863,-0.024,0.003,-0.040,1731,0,0
2006194,3.460,1.846,8.933,-0.124,-0.005,-0.040,1731,0,0
2006213,3.460,1.695,8.921,-0.182,-0.012,-0.029,1732,0,0
2006233,3.519,1.583,8.868,-0.143,-0.025,-0.022,1732,0,0
2006253,3.625,1.566,8.758,-0.117,-0.025,-0.025,1731,0,0
2006273,3.630,1.638,8.626,-0.121,-0.003,-0.034,1731,0,0
2006293,3.524,1.669,8.636,-0.161,0.015,-0.040,1731,0,0
2006313,3.496,1.592,8.667,-0.195,0.014,-0.051,1730,0,0
2006333,3.455,1.547,8.784,-0.126,0.025,-0.064,1732,0,0
2006353,3.369,1.757,8.899,-0.071,0.036,-0.065,1732,0,0
2006373,3.297,1.834,8.842,-0.119,0.027,-0.053,1731,0,0
2006393,3.297,1.788,8.765,-0.144,0.022,-0.038,1732,0,0
2006413,3.292,1.760,8.724,-0.123,0.039,-0.030,1732,0,0
2006433,3.191,1.757,8.871,-0.157,0.070,-0.019,1732,0,0
2006453,3.065,1.664,9.029,-0.200,0.080,-0.001,1734,0,0
2006473,3.043,1.465,9.103,-0.176,0.069,0.006,1733,0,0
2006494,3.098,1.343,8.985,-0.140,0.046,0.000,1731,0,0
2006513,3.165,1.264,8.863,-0.169,0.050,-0.017,1733,0,0
2006533,3.208,1.123,9.048,-0.218,0.069,-0.026,1732,0,0
2006553,3.230,1.003,9.098,-0.158,0.053,-0.047,1733,0,0
2006573,3.278,1.125,8.918,-0.078,0.012,-0.076,1732,0,0
2006593,3.338,1.298,8.856,-0.096,-0.002,-0.081,1732,0,0
2006613,3.349,1.286,8.950,-0.170,0.003,-0.065,1733,0,0
2006633,3.373,1.130,9.029,-0.163,-0.024,-0.074,1732,0,0
2006654,3.450,1.173,8.930,-0.068,-0.043,-0.092,1731,0,0
2006673,3.484,1.307,8.851,-0.065,-0.057,-0.090,1733,0,0
2006693,3.493,1.245,8.835,-0.111,-0.081,-0.099,1731,0,0
2006714,3.543,1.269,8.681,-0.038,-0.083,-0.111,1731,0,0
2006733,3.551,1.499,8.566,0.031,-0.062,-0.108,1731,0,0
2006753,3.534,1.650,8.617,-0.002,-0.044,-0.098,1730,0,0
2006773,3.563,1.618,8.641,-0.054,-0.055,-0.099,1732,0,0
2006793,3.519,1.650,8.598,-0.025,-0.060,-0.092,1732,0,0
2006813,3.455,1.772,8.653,-0.012,-0.040,-0.075,1731,0,0
2006833,3.395,1.702,8.724,-0.057,-0.037,-0.067,1732,0,0
2006853,3.381,1.721,8.614,0.000,-0.053,-0.060,1732,0,0
2006873,3.349,1.820,8.566,0.029,-0.045,-0.058,1731,0,0
2006893,3.335,1.848,8.564,-0.049,-0.031,-0.049,1732,0,0
2006913,3.431,1.800,8.514,-0.037,-0.035,-0.028,1732,0,0
2006933,3.543,1.798,8.428,0.022,-0.026,-0.013,1732,0,0
2006953,3.591,1.834,8.456,0.012,0.008,-0.012,1731,0,0
2006974,3.584,1.767,8.605,-0.014,0.027,-0.013,1732,0,0
2006993,3.627,1.793,8.660,0.011,0.014,-0.011,1731,0,0
2007013,3.694,1.872,8.626,0.045,0.005,-0.012,1731,0,0
2007033,3.646,1.944,8.712,0.046,0.021,-0.015,1731,0,0
2007053,3.603,1.994,8.727,0.033,0.026,-0.008,1730,0,0
2007073,3.598,2.088,8.768,0.047,0.034,0.006,1731,0,0
2007093,3.620,2.143,8.849,0.053,0.036,0.027,1731,0,0
2007113,3.555,2.090,8.892,0.047,0.043,0.042,1731,0,0
2007133,3.457,2.011,8.985,0.006,0.059,0.051,1732,0,0
2007153,3.376,1.951,9.067,-0.031,0.053,0.060,1731,0,0
2007173,3.419,1.803,9.208,-0.010,0.049,0.074,1733,0,0
2007193,3.405,1.726,9.297,0.012,0.058,0.081,1733,0,0
2007214,3.345,1.599,9.345,-0.015,0.043,0.078,1733,0,0
2007233,3.297,1.482,9.383,-0.048,0.005,0.069,1733,0,0
2007253,3.304,1.374,9.335,-0.074,-0.032,0.054,1734,0,0
2007273,3.345,1.298,9.153,-0.117,-0.044,0.039,1733,0,0
2007293,3.366,1.298,8.978,-0.091,-0.053,0.017,1733,0,0
2007313,3.457,1.403,8.799,-0.085,-0.039,0.003,1734,0,0
2007333,3.448,1.465,8.744,-0.123,-0.022,-0.009,1735,0,0
2007353,3.431,1.460,8.689,-0.163,-0.025,-0.019,1733,0,0
2007373,3.472,1.386,8.645,-0.143,-0.013,-0.027,1734,0,0
2007393,3.469,1.468,8.698,-0.106,-0.006,-0.047,1735,0,0
2007413,3.474,1.556,8.686,-0.118,-0.018,-0.057,1733,0,0
2007519,3.603,1.781,8.459,-0.064,0.006,-0.039,1732,0,0
2007669,3.610,1.990,8.796,-0.037,0.039,-0.042,1731,0,0
2007688,3.584,2.105,8.842,-0.026,0.025,-0.017,1732,0,0
2007708,3.539,1.939,8.811,-0.102,0.018,-0.011,1732,0,0
2007729,3.539,1.875,8.815,-0.085,-0.039,-0.036,1732,0,0
2007748,3.589,1.908,8.657,-0.066,-0.066,-0.026,1732,0,0
2007768,3.646,1.954,8.667,-0.040,-0.003,0.022,1731,0,0
2007788,3.498,1.937,8.765,-0.010,0.056,0.055,1731,0,0
2007808,3.373,1.884,8.820,-0.006,0.067,0.070,1732,0,0
2007834,3.364,1.738,8.894,-0.014,0.042,0.077,1732,0,0
2007848,3.393,1.607,8.988,-0.026,0.037,0.073,1732,0,0
2007970,3.419,1.238,8.641,-0.034,-0.003,0.041,1733,0,0
2007990,3.443,1.247,8.689,-0.010,0.034,0.025,1734,0,0
2008010,3.405,1.434,8.753,0.013,0.067,0.028,1735,0,0
2008030,3.388,1.516,8.789,0.022,0.063,0.034,1734,0,0
2008050,3.402,1.618,8.746,-0.005,0.046,0.031,1733,0,0
2008070,3.481,1.607,8.782,-0.087,0.032,0.026,1735,0,0
2008090,3.536,1.501,8.806,-0.113,0.042,0.011,1733,0,0
2008110,3.529,1.554,8.923,-0.032,0.052,0.002,1734,0,0
2008130,3.479,1.688,9.026,-0.005,0.042,0.014,1733,0,0
2008150,3.505,1.693,8.988,-0.026,0.012,0.019,1733,0,0
2008170,3.505,1.702,8.918,-0.042,-0.013,0.018,1735,0,0
2008190,3.479,1.750,8.839,-0.002,-0.019,0.014,1734,0,0
2008210,3.474,1.774,8.787,-0.000,-0.025,0.016,1733,0,0
2008230,3.531,1.702,8.662,-0.021,-0.022,0.023,1735,0,0
2008250,3.567,1.635,8.645,-0.005,-0.005,0.022,1734,0,0
2008271,3.555,1.642,8.662,0.007,0.014,0.033,1735,0,0
2008292,3.541,1.748,8.648,0.005,0.027,0.047,1734,0,0
2008310,3.546,1.695,8.756,-0.043,0.024,0.037,1733,0,0
2008330,3.630,1.571,8.835,-0.095,0.014,0.017,1734,0,0
2008429,3.436,1.805,8.938,-0.092,0.002,0.023,1733,0,0
2008441,3.438,1.736,8.873,-0.085,-0.014,0.015,1735,0,0
2008452,3.450,1.719,8.844,-0.059,-0.023,0.009,1733,0,0
2008463,3.472,1.757,8.696,-0.021,-0.025,0.007,1732,0,0
2008475,3.479,1.808,8.636,-0.004,-0.018,0.012,1733,0,0
2008486,3.508,1.863,8.581,-0.022,-0.008,0.021,1734,0,0
2008497,3.496,1.853,8.612,-0.048,0.005,0.030,1732,0,0
2008508,3.488,1.822,8.614,-0.070,0.013,0.040,1734,0,0
2008583,3.575,1.662,8.614,-0.051,0.007,-0.001,1731,0,0
2008595,3.548,1.697,8.626,-0.064,0.018,-0.009,1733,0,0
2008606,3.503,1.731,8.679,-0.062,0.030,-0.015,1732,0,0
2008617,3.474,1.776,8.710,-0.056,0.035,-0.012,1732,0,0
2008628,3.450,1.853,8.729,-0.050,0.035,-0.003,1731,0,0
2008639,3.409,1.913,8.727,-0.054,0.037,0.005,1732,0,0
2008650,3.405,1.925,8.701,-0.067,0.033,0.012,1730,0,0
2008662,3.438,1.903,8.720,-0.088,0.027,0.015,1732,0,0
2008731,3.519,1.717,8.832,0.014,0.032,0.006,1731,0,0
2008744,3.503,1.760,8.789,0.012,0.031,0.011,1732,0,0
2008758,3.484,1.796,8.811,-0.026,0.027,0.012,1732,0,0
2008769,3.450,1.784,8.820,-0.056,0.021,0.009,1732,0,0
2008780,3.428,1.760,8.794,-0.077,0.017,0.006,1731,0,0
2008791,3.407,1.731,8.787,-0.081,0.010,0.003,1732,0,0
2008802,3.426,1.688,8.803,-0.069,0.010,0.005,1733,0,0
2008813,3.448,1.662,8.732,-0.053,0.015,0.007,1733,0,0
2008878,3.481,1.772,8.655,-0.064,0.038,0.007,1733,0,0
2008890,3.472,1.729,8.710,-0.071,0.051,0.010,1731,0,0
2008902,3.481,1.707,8.799,-0.083,0.060,0.013,1731,0,0
2008913,3.508,1.659,8.861,-0.084,0.058,0.011,1731,0,0
2008924,3.508,1.604,8.873,-0.072,0.052,0.004,1734,0,0
2008935,3.522,1.592,8.856,-0.062,0.047,-0.005,1734,0,0
2008950,3.505,1.604,8.825,-0.052,0.045,-0.018,1732,0,0
2008970,3.476,1.712,8.758,-0.039,0.032,-0.017,1731,0,0
2009019,3.462,1.879,8.825,-0.097,0.051,0.018,1731,0,0
2009031,3.469,1.808,8.859,-0.102,0.047,0.022,1731,0,0
2009043,3.476,1.726,8.952,-0.089,0.036,0.025,1732,0,0
2009054,3.443,1.681,8.768,-0.079,0.043,0.025,1732,0,0
2009070,3.476,1.736,8.914,-0.062,0.020,0.016,1732,0,0
2009172,3.486,1.743,8.815,-0.071,-0.005,0.010,1729,0,0
2009184,3.440,1.724,8.751,-0.079,-0.002,0.012,1730,0,0
2009196,3.405,1.808,8.760,-0.076,-0.006,0.015,1731,0,0
2009207,3.407,1.810,8.732,-0.063,-0.015,0.017,1731,0,0
2009217,3.445,1.793,8.672,-0.075,-0.020,0.022,1729,0,0
2009228,3.438,1.743,8.669,-0.096,-0.009,0.027,1730,0,0
2009240,3.440,1.712,8.645,-0.095,0.007,0.034,1731,0,0
2009251,3.424,1.652,8.715,-0.071,0.021,0.034,1730,0,0
2009319,3.443,1.549,8.617,-0.077,0.034,0.013,1730,0,0
2009332,3.452,1.549,8.679,-0.069,0.044,0.010,1731,0,0
2009344,3.412,1.554,8.734,-0.070,0.056,0.010,1730,0,0
2009355,3.388,1.571,8.796,-0.083,0.059,0.006,1729,0,0
2009367,3.369,1.544,8.844,-0.083,0.052,0.007,1730,0,0
2009379,3.402,1.532,8.892,-0.071,0.042,0.010,1730,0,0
2009390,3.424,1.508,8.899,-0.058,0.041,0.008,1730,0,0
2009401,3.431,1.487,8.933,-0.053,0.038,-0.001,1731,0,0
2009470,3.428,1.666,8.792,-0.032,0.055,-0.027,1730,0,0
2009483,3.426,1.721,8.832,-0.046,0.066,-0.017,1729,0,0
2009494,3.433,1.702,8.878,-0.076,0.059,-0.008,1730,0,0
2009505,3.421,1.683,8.935,-0.099,0.047,-0.002,1731,0,0
2009517,3.448,1.671,8.973,-0.105,0.037,-0.001,1729,0,0
2009529,3.448,1.654,8.969,-0.103,0.033,0.003,1729,0,0
2009540,3.460,1.628,9.048,-0.102,0.028,0.002,1728,0,0
2009551,3.457,1.654,9.103,-0.086,0.005,-0.001,1729,0,0
2009630,3.594,1.595,9.117,-0.019,-0.107,0.034,1623,0,0
2009642,3.644,1.597,8.930,0.042,-0.116,0.051,1591,0,0
2009654,3.608,1.650,8.859,0.058,-0.107,0.059,1569,0,0
2009665,3.587,1.683,9.103,0.085,-0.159,0.063,1534,0,0
2009679,3.642,1.784,9.072,0.149,-0.243,0.077,1502,0,0
2009690,3.675,1.887,8.679,0.155,-0.256,0.101,1481,0,0
2009701,3.694,1.973,8.373,0.123,-0.246,0.135,1466,0,0
2009712,3.807,2.306,8.310,0.124,-0.227,0.175,1454,0,0
2009770,3.496,1.724,8.042,-0.474,-0.135,0.224,1384,0,0
2009782,3.598,1.709,8.499,-0.427,-0.182,0.208,1366,0,0
2009795,3.778,1.590,9.002,-0.401,-0.286,0.204,1342,0,0
2009806,3.790,1.635,8.880,-0.453,-0.326,0.232,1312,0,0
2009817,3.711,1.585,8.734,-0.512,-0.361,0.258,1288,0,0
2009830,3.620,1.633,8.514,-0.549,-0.346,0.261,1263,0,0
2009851,4.029,1.645,8.698,-0.632,-0.379,0.233,1225,0,0
2009870,4.243,1.367,8.847,-0.814,-0.371,0.225,1185,0,0
2009921,4.317,0.551,8.124,-0.814,-0.186,0.170,1087,0,0
2009933,4.594,0.206,8.308,-0.706,-0.039,0.183,1064,0,0
2009945,4.604,0.038,8.375,-0.630,0.080,0.115,1040,0,0
2009956,4.262,0.139,8.464,-0.563,0.194,0.056,1014,1636,200
2009970,4.080,0.230,8.598,-0.506,0.187,0.041,998,2218,200
2009990,4.266,0.136,9.017,-0.594,0.107,0.068,974,3117,200
2010010,4.192,-0.496,8.959,-0.645,0.019,0.055,948,3537,200
2010030,4.154,-0.431,8.768,-0.496,0.094,0.038,931,3714,200
2010050,4.444,0.194,8.789,-0.473,0.135,0.012,922,3824,200
2010077,4.508,0.055,8.729,-0.516,0.099,-0.027,912,3932,200
2010092,4.120,-0.359,8.710,-0.471,0.086,-0.007,904,3994,200
2010110,4.283,-0.158,8.545,-0.328,0.148,-0.036,905,4049,200
2010130,4.343,-0.318,8.562,-0.252,0.225,-0.063,910,4095,200
2010150,3.625,-1.288,8.739,-0.071,0.233,-0.139,912,4095,200
2010170,3.752,-1.283,9.306,0.315,0.142,-0.284,914,4095,200
2010191,4.096,-1.590,9.225,0.841,0.007,-0.543,917,4095,200
2010211,4.082,-3.261,8.435,1.689,0.068,-0.894,921,4095,200
2010230,4.547,-3.462,8.133,3.424,0.387,-1.306,927,4095,200
2010250,3.778,0.034,7.628,4.860,0.532,-1.627,932,4095,200
2010270,2.689,2.162,7.173,4.793,0.424,-1.679,937,4095,200
2010291,2.885,3.330,7.233,4.741,0.295,-1.718,940,4095,200
2010310,2.832,2.875,6.541,4.682,0.218,-1.894,943,4095,200
2010330,2.612,2.140,5.270,5.528,0.459,-2.236,945,4095,200
2010350,2.373,6.426,4.235,6.400,0.753,-2.486,947,4095,200
2010370,1.183,8.578,3.828,5.720,0.783,-2.320,951,4095,200
2010390,1.041,6.074,3.148,5.576,0.680,-2.196,953,4095,200
2010520,-1.762,11.303,-4.659,4.784,0.079,-1.835,974,4095,200
2010540,-3.010,11.480,-4.946,3.595,-0.128,-1.411,975,4095,200
2010560,-1.891,11.150,-5.423,2.158,-0.363,-0.933,975,4095,200
2010580,-2.365,8.835,-6.093,1.542,-0.293,-0.725,977,4095,200
2010600,-2.447,10.317,-5.679,1.015,-0.265,-0.468,979,4095,200
2010620,-2.365,9.467,-5.717,0.311,-0.262,-0.180,980,4095,200
2010640,-2.207,8.241,-5.696,0.125,-0.196,0.005,984,4095,200
2010660,-1.776,8.480,-5.689,0.062,0.002,-0.060,983,4095,200
2010680,-2.610,8.396,-5.638,-0.087,0.092,0.019,986,4095,200
2010700,-2.126,8.684,-5.092,-0.374,0.037,0.132,987,4095,200
2010720,-2.361,7.784,-5.344,-0.494,0.007,0.184,990,4095,200
2010740,-1.482,7.733,-5.083,-0.413,0.114,0.139,994,4095,200
2010760,-1.760,7.597,-5.021,-0.153,0.235,-0.063,995,4095,200
2010780,-2.296,8.212,-5.121,-0.226,0.270,-0.106,999,4095,200
2010800,-1.812,9.436,-4.831,-0.602,0.295,0.052,999,3475,200
2010820,-2.006,8.514,-4.681,-0.792,0.234,0.175,1010,2528,200
2010840,-2.492,7.412,-4.633,-0.712,0.176,0.141,1040,0,0
2010860,-2.174,8.045,-4.673,-0.548,0.187,0.119,1073,0,0
2010880,-2.076,8.641,-5.088,-0.597,0.431,0.076,1104,0,0
2010900,-2.133,8.940,-5.035,-0.829,0.645,0.027,1150,0,0
2010920,-2.411,9.074,-4.432,-1.159,0.745,-0.017,1218,0,0
2010940,-1.188,8.744,-4.204,-1.230,0.681,0.042,1297,0,0
2010960,-0.898,8.408,-3.764,-1.022,0.770,0.153,1391,0,0
2010980,-1.046,8.866,-4.508,-0.754,0.917,0.169,1497,0,0
2011000,-1.128,8.590,-4.154,-0.630,1.036,0.365,1601,0,0
2011020,-1.530,9.266,-2.974,-0.459,0.958,0.416,1682,0,0
2011040,-1.650,9.550,-2.239,-0.734,0.576,0.318,1746,0,0
2011060,-1.599,9.685,-2.741,-1.381,0.236,0.361,1793,0,0
2011080,-0.929,9.596,-2.406,-1.831,-0.054,0.497,1830,0,0
2011100,-0.460,9.165,-2.832,-1.678,-0.045,0.655,1859,0,0
2011120,-0.654,8.593,-2.588,-1.241,0.050,0.637,1881,0,0
2011140,-0.618,8.250,-2.172,-0.754,0.140,0.372,1903,0,0
2011160,-0.223,8.437,-1.946,-0.148,0.144,0.145,1919,0,0
2011180,-0.098,8.825,-1.939,0.068,0.184,0.133,1929,0,0
2011200,-0.426,8.993,-2.629,0.031,0.248,0.167,1934,0,0
2011220,-0.912,9.249,-2.435,0.011,0.197,0.078,1937,0,0
2011240,-0.737,9.325,-2.140,-0.150,-0.011,-0.019,1940,0,0
2011260,-0.512,9.313,-2.140,-0.385,-0.062,0.007,1941,0,0
2011280,-0.175,9.256,-2.157,-0.277,-0.077,0.058,1941,0,0
2011300,-0.333,9.131,-2.258,-0.262,0.051,0.054,1942,0,0
2011428,-0.558,9.486,-2.172,0.033,0.083,-0.033,1939,0,0
2011447,-0.460,9.596,-1.994,-0.029,0.029,-0.039,1937,0,0
2011467,-0.400,9.517,-2.018,-0.140,0.011,-0.018,1936,0,0
2011487,-0.421,9.385,-1.932,-0.130,-0.013,-0.001,1933,0,0
2011507,-0.395,9.342,-2.152,-0.071,-0.010,-0.007,1924,0,0
2011527,-0.409,9.359,-2.085,-0.038,0.017,-0.019,1919,0,0
2011547,-0.342,9.357,-2.172,-0.016,0.018,-0.027,1909,0,0
2011568,-0.467,9.357,-2.157,-0.101,0.066,-0.008,1906,0,0
2011587,-0.524,9.342,-2.047,-0.087,0.048,-0.012,1906,0,0
2011607,-0.441,9.409,-2.011,-0.082,0.027,-0.013,1906,0,0
2011627,-0.419,9.390,-1.985,-0.087,0.032,0.009,1907,0,0
2011737,-0.429,9.378,-2.059,-0.076,0.013,0.008,1903,0,0
2011748,-0.405,9.354,-2.085,-0.057,0.017,0.009,1901,0,0
2011759,-0.393,9.371,-2.049,-0.050,0.032,0.012,1902,0,0
2011770,-0.464,9.371,-1.982,-0.058,0.038,0.014,1900,0,0
2011781,-0.532,9.328,-1.951,-0.066,0.031,0.010,1899,0,0
2011791,-0.596,9.325,-1.932,-0.056,0.012,0.001,1898,0,0
2011867,-0.426,9.330,-1.908,-0.090,0.005,0.012,1894,0,0
2011879,-0.424,9.340,-1.963,-0.095,-0.007,-0.001,1894,0,0
2011891,-0.407,9.328,-1.982,-0.088,-0.009,-0.007,1892,0,0
2011902,-0.436,9.340,-1.999,-0.064,-0.009,-0.005,1891,0,0
2011913,-0.441,9.347,-2.102,-0.025,-0.004,0.007,1891,0,0
2011925,-0.409,9.369,-2.145,-0.000,-0.004,0.019,1890,0,0
2011936,-0.352,9.354,-2.219,-0.004,0.005,0.031,1889,0,0
2011947,-0.338,9.376,-2.246,-0.024,0.013,0.038,1889,0,0
2011957,-0.323,9.366,-2.219,-0.053,0.019,0.037,1888,0,0
2012018,-0.350,9.323,-2.030,-0.039,0.048,-0.001,1887,0,0
2012166,-0.378,9.467,-1.973,-0.079,0.026,0.010,1877,0,0
2012186,-0.318,9.335,-1.942,-0.066,0.025,0.019,1873,0,0
2012325,-0.400,9.471,-2.107,-0.038,0.020,0.006,1858,0,0
2012345,-0.285,9.457,-2.097,-0.054,0.026,0.017,1858,0,0
2012365,-0.283,9.349,-1.970,-0.083,0.026,0.026,1858,0,0
2012385,-0.283,9.369,-1.963,-0.069,0.019,0.022,1857,0,0
2012405,-0.354,9.412,-2.059,-0.059,0.017,0.021,1857,0,0
2012425,-0.364,9.371,-2.138,-0.065,0.018,0.027,1857,0,0
2012445,-0.247,9.304,-2.045,-0.055,0.010,0.018,1858,0,0
2012465,-0.261,9.323,-1.982,-0.059,0.001,0.005,1855,0,0
2012485,-0.306,9.402,-2.090,-0.041,-0.013,0.004,1856,0,0
2012505,-0.321,9.404,-2.191,-0.038,-0.011,0.013,1854,0,0
2012525,-0.242,9.321,-2.265,-0.052,0.008,0.014,1852,0,0
2012545,-0.244,9.292,-2.207,-0.046,0.012,0.015,1852,0,0
2012565,-0.311,9.335,-2.253,-0.052,0.006,0.011,1851,0,0
