1950894,-0.462,8.212,-5.174,-0.055,0.007,0.020,1684,0,0
1950913,-0.472,8.200,-5.212,-0.049,0.002,0.014,1683,0,0
1950933,-0.496,8.246,-5.217,-0.053,-0.001,0.004,1682,0,0
1950953,-0.524,8.238,-5.236,-0.065,-0.012,-0.004,1682,0,0
1950973,-0.484,8.215,-5.313,-0.041,0.000,0.001,1681,0,0
1950994,-0.436,8.236,-5.289,-0.031,0.030,0.004,1680,0,0
1951013,-0.419,8.246,-5.119,-0.042,0.047,-0.006,1681,0,0
1951033,-0.541,8.260,-4.980,-0.048,0.023,-0.019,1681,0,0
1951053,-0.443,8.349,-5.131,-0.045,-0.011,-0.029,1680,0,0
1951073,-0.397,8.375,-5.205,-0.067,-0.010,-0.034,1680,0,0
1951093,-0.369,8.485,-5.181,-0.043,0.019,-0.031,1681,0,0
1951113,-0.515,8.543,-5.045,-0.043,0.019,-0.021,1681,0,0
1951134,-0.500,8.581,-5.136,-0.049,-0.002,-0.002,1681,0,0
1951153,-0.429,8.523,-5.193,-0.080,0.003,-0.000,1681,0,0
1951173,-0.438,8.464,-5.145,-0.090,0.005,-0.011,1680,0,0
1951193,-0.529,8.425,-5.136,-0.084,0.003,-0.005,1681,0,0
1951214,-0.529,8.473,-5.219,-0.049,0.009,0.008,1681,0,0
1951233,-0.529,8.466,-5.217,-0.074,0.024,0.009,1680,0,0
1951253,-0.553,8.428,-5.126,-0.110,0.023,0.007,1680,0,0
1951273,-0.464,8.334,-5.054,-0.099,0.015,0.016,1681,0,0
1951294,-0.503,8.246,-5.045,-0.084,0.015,0.022,1681,0,0
1951313,-0.520,8.222,-5.090,-0.053,0.008,0.015,1680,0,0
1951333,-0.500,8.229,-5.114,-0.049,0.004,0.017,1681,0,0
1951353,-0.424,8.174,-5.080,-0.073,0.001,0.019,1680,0,0
1951373,-0.488,8.076,-5.069,-0.080,-0.003,0.009,1681,0,0
1951393,-0.503,8.056,-5.095,-0.062,-0.021,-0.002,1680,0,0
1951413,-0.450,8.102,-5.243,-0.051,-0.014,-0.008,1681,0,0
1951433,-0.424,8.102,-5.186,-0.042,0.006,-0.018,1681,0,0
1951453,-0.460,8.119,-5.049,-0.062,0.001,-0.037,1680,0,0
1951473,-0.486,8.145,-5.071,-0.053,-0.020,-0.050,1680,0,0
1951493,-0.429,8.277,-5.260,-0.017,-0.026,-0.052,1680,0,0
1951513,-0.426,8.413,-5.298,-0.040,-0.005,-0.055,1681,0,0
1951533,-0.464,8.404,-5.205,-0.062,0.004,-0.056,1680,0,0
1951553,-0.524,8.466,-5.217,-0.034,-0.003,-0.052,1680,0,0
1951574,-0.486,8.495,-5.303,-0.056,-0.005,-0.047,1680,0,0
1951593,-0.462,8.475,-5.298,-0.068,0.011,-0.039,1680,0,0
1951614,-0.582,8.485,-5.181,-0.063,0.017,-0.045,1680,0,0
1951633,-0.587,8.559,-5.219,-0.070,0.016,-0.044,1681,0,0
1951653,-0.601,8.588,-5.243,-0.075,0.024,-0.029,1680,0,0
1951673,-0.529,8.533,-5.222,-0.082,0.040,-0.013,1680,0,0
1951693,-0.567,8.466,-5.073,-0.087,0.039,-0.006,1680,0,0
1951713,-0.577,8.464,-5.088,-0.064,0.025,-0.005,1681,0,0
1951733,-0.570,8.509,-5.121,-0.070,0.014,0.006,1680,0,0
1951753,-0.551,8.461,-5.155,-0.091,0.017,0.021,1680,0,0
1951773,-0.522,8.301,-5.088,-0.092,0.025,0.030,1680,0,0
1951793,-0.543,8.212,-5.071,-0.052,0.018,0.027,1681,0,0
1951814,-0.560,8.224,-5.152,-0.036,0.001,0.017,1680,0,0
1951833,-0.498,8.265,-5.265,-0.067,-0.006,0.007,1680,0,0
1951853,-0.436,8.205,-5.222,-0.082,0.010,0.009,1680,0,0
1951873,-0.522,8.248,-5.231,-0.042,0.021,0.004,1680,0,0
1951893,-0.539,8.310,-5.250,-0.031,0.017,0.000,1680,0,0
1951913,-0.529,8.279,-5.289,-0.058,0.025,-0.001,1680,0,0
1951933,-0.464,8.224,-5.181,-0.074,0.029,-0.008,1681,0,0
1951953,-0.493,8.274,-5.076,-0.058,0.027,-0.022,1680,0,0
1951973,-0.510,8.351,-5.128,-0.054,0.018,-0.033,1680,0,0
1951993,-0.469,8.435,-5.176,-0.059,0.021,-0.029,1680,0,0
1952013,-0.532,8.473,-5.052,-0.070,0.032,-0.017,1680,0,0
1952033,-0.457,8.480,-5.021,-0.090,0.026,-0.014,1680,0,0
1952053,-0.529,8.411,-4.982,-0.100,0.013,-0.023,1681,0,0
1952073,-0.563,8.370,-5.054,-0.079,-0.002,-0.020,1681,0,0
1952093,-0.515,8.420,-5.100,-0.068,-0.001,0.004,1681,0,0
1952114,-0.534,8.384,-5.071,-0.094,0.008,-0.003,1680,0,0
1952133,-0.563,8.301,-5.037,-0.098,0.002,-0.011,1683,0,0
1952153,-0.589,8.392,-5.203,-0.076,-0.014,-0.014,1682,0,0
1952173,-0.524,8.440,-5.239,-0.131,-0.015,-0.023,1682,0,0
1952193,-0.503,8.406,-5.222,-0.175,0.019,-0.018,1682,0,0
1952213,-0.618,8.564,-5.090,-0.217,0.007,0.022,1682,0,0
1952233,-0.517,8.480,-5.097,-0.322,-0.026,0.045,1684,0,0
1952254,-0.476,8.368,-5.078,-0.375,-0.019,0.035,1686,0,0
1952273,-0.488,8.188,-4.915,-0.361,-0.017,-0.011,1686,0,0
1952293,-0.479,7.963,-4.820,-0.233,-0.022,-0.013,1686,0,0
1952313,-0.433,8.272,-5.011,0.025,0.025,0.001,1685,0,0
1952333,-0.539,8.428,-4.949,0.029,0.049,-0.034,1685,0,0
1952353,-0.536,8.454,-4.901,-0.074,0.038,-0.037,1685,0,0
1952373,-0.508,8.404,-4.841,-0.098,0.021,-0.034,1685,0,0
1952393,-0.455,8.365,-4.903,-0.092,0.009,-0.042,1686,0,0
1952413,-0.431,8.519,-4.999,-0.023,0.035,-0.032,1685,0,0
1952433,-0.464,8.540,-4.855,-0.023,0.050,-0.035,1685,0,0
1952453,-0.572,8.569,-4.827,-0.060,0.040,-0.040,1684,0,0
1952473,-0.687,8.610,-4.817,-0.097,0.014,-0.051,1684,0,0
1952493,-0.534,8.511,-4.887,-0.137,-0.008,-0.043,1685,0,0
1952513,-0.491,8.471,-4.918,-0.059,0.026,-0.006,1684,0,0
1952534,-0.599,8.468,-4.820,-0.018,0.044,-0.012,1684,0,0
1952553,-0.663,8.519,-4.764,-0.082,0.021,-0.037,1686,0,0
1952573,-0.637,8.516,-4.851,-0.116,-0.003,-0.039,1686,0,0
1952593,-0.517,8.473,-4.930,-0.083,0.004,-0.013,1686,0,0
1952613,-0.551,8.456,-4.824,-0.050,0.018,-0.004,1686,0,0
1952633,-0.634,8.449,-4.867,-0.059,0.013,-0.018,1686,0,0
1952653,-0.584,8.511,-4.915,-0.055,0.002,-0.015,1685,0,0
1952673,-0.594,8.497,-4.934,-0.082,0.003,-0.012,1686,0,0
1952693,-0.522,8.327,-4.932,-0.096,0.003,-0.014,1686,0,0
1952713,-0.527,8.361,-4.970,-0.019,0.017,-0.002,1685,0,0
1952734,-0.575,8.468,-5.035,-0.001,0.026,-0.002,1684,0,0
1952753,-0.551,8.459,-5.090,-0.058,0.025,-0.010,1684,0,0
1952773,-0.579,8.454,-4.970,-0.075,0.037,-0.018,1685,0,0
1952793,-0.582,8.444,-4.781,-0.070,0.029,-0.027,1685,0,0
1952814,-0.558,8.430,-4.858,-0.047,0.017,-0.022,1685,0,0
1952833,-0.541,8.499,-4.968,-0.023,0.014,-0.012,1687,0,0
1952853,-0.532,8.535,-5.033,-0.048,0.018,-0.020,1683,0,0
1952874,-0.551,8.612,-4.942,-0.075,0.033,-0.034,1686,0,0
1952893,-0.532,8.650,-4.834,-0.101,0.031,-0.038,1684,0,0
1952913,-0.536,8.633,-4.803,-0.119,0.024,-0.041,1684,0,0
1952933,-0.618,8.590,-4.932,-0.124,0.024,-0.050,1684,0,0
1952953,-0.601,8.648,-5.035,-0.122,0.048,-0.030,1684,0,0
1952974,-0.627,8.655,-4.949,-0.140,0.072,-0.031,1686,0,0
1952993,-0.654,8.559,-4.824,-0.213,0.068,-0.045,1685,0,0
1953013,-0.699,8.684,-4.697,-0.236,0.044,-0.021,1685,0,0
1953033,-0.730,8.899,-4.743,-0.333,-0.003,0.025,1685,0,0
1953053,-0.704,8.827,-4.657,-0.572,-0.040,0.064,1687,0,0
1953074,-0.601,8.906,-4.714,-0.702,-0.061,0.066,1686,0,0
1953093,-0.704,9.349,-4.671,-0.917,-0.090,0.011,1687,0,0
1953113,-0.802,9.515,-4.592,-1.467,-0.171,-0.025,1688,0,0
1953134,-1.080,10.161,-4.578,-2.079,-0.285,0.147,1689,0,0
1953153,-1.475,11.878,-4.647,-2.878,-0.515,0.498,1690,0,0
1953173,-1.532,12.582,-4.532,-4.231,-0.749,0.900,1690,0,0
1953193,-1.360,12.141,-4.250,-6.123,-0.948,1.286,1689,0,0
1953213,-1.049,10.963,-3.199,-7.600,-1.176,1.662,1688,0,0
1953233,-0.670,9.311,-1.791,-8.441,-1.336,1.992,1689,0,0
1953253,-0.146,8.313,-0.589,-7.962,-1.253,2.177,1691,0,0
1953273,0.958,7.434,1.063,-7.331,-1.225,2.118,1692,0,0
1953293,1.997,6.426,2.423,-7.058,-1.008,2.008,1692,0,0
1953313,2.559,4.927,3.668,-7.294,-0.681,1.923,1700,0,0
1953333,2.614,2.622,5.442,-7.058,-0.389,1.854,1711,0,0
1953354,2.868,1.453,7.099,-5.727,-0.473,1.678,1717,0,0
1953373,3.263,0.393,7.657,-4.303,-0.400,1.354,1724,0,0
1953393,3.658,0.045,8.243,-3.098,-0.142,0.932,1727,0,0
1953413,3.661,-0.180,8.655,-2.116,0.145,0.545,1729,0,0
1953433,3.333,0.103,8.835,-1.248,0.367,0.323,1731,0,0
1953453,2.962,0.725,8.966,-0.375,0.356,0.237,1733,0,0
1953473,2.768,1.499,9.007,-0.093,0.262,0.207,1734,0,0
1953493,2.816,1.628,9.074,-0.348,0.198,0.166,1734,0,0
1953513,2.926,1.132,9.256,-0.384,0.197,0.103,1735,0,0
1953533,2.935,0.960,9.366,-0.035,0.234,0.072,1735,0,0
1953553,2.811,1.185,9.297,0.287,0.270,0.054,1735,0,0
1953573,2.655,1.774,9.285,0.370,0.199,0.056,1736,0,0
1953593,2.660,2.069,9.254,0.045,0.075,0.062,1736,0,0
1953614,2.784,1.623,9.357,-0.290,0.046,0.075,1736,0,0
1953633,2.878,1.154,9.347,-0.107,0.056,0.070,1736,0,0
1953653,2.887,1.123,9.275,0.300,0.098,0.058,1736,0,0
1953673,2.808,1.633,9.141,0.444,0.128,0.057,1734,0,0
1953693,2.725,1.951,9.131,0.271,0.084,0.060,1734,0,0
1953713,2.758,1.908,9.218,-0.058,0.001,0.061,1732,0,0
1953734,2.844,1.671,9.234,-0.178,-0.042,0.053,1732,0,0
1953753,2.892,1.468,9.239,-0.030,-0.028,0.039,1732,0,0
1953773,2.895,1.451,9.153,0.177,0.017,0.023,1733,0,0
1953794,2.780,1.901,8.995,0.317,0.017,0.016,1732,0,0
1953813,2.761,2.296,8.918,0.178,-0.034,0.023,1732,0,0
1953833,2.806,2.248,8.921,-0.164,-0.068,0.035,1731,0,0
1953853,2.849,1.970,8.930,-0.300,-0.077,0.053,1731,0,0
1953873,2.854,1.717,8.892,-0.197,-0.068,0.048,1731,0,0
1953893,2.866,1.745,8.827,-0.035,-0.052,0.033,1732,0,0
1953913,2.828,1.978,8.748,0.016,-0.033,0.023,1730,0,0
1953933,2.840,2.054,8.825,-0.070,-0.015,0.028,1731,0,0
1953953,2.842,1.915,8.885,-0.117,0.012,0.033,1730,0,0
1953973,2.784,1.834,9.019,-0.059,0.018,0.038,1732,0,0
1953993,2.765,1.817,8.947,0.003,-0.011,0.040,1731,0,0
1954013,2.840,1.879,8.902,0.029,-0.042,0.035,1731,0,0
1954033,2.856,1.925,8.806,-0.014,-0.046,0.030,1730,0,0
1954053,2.861,1.889,8.868,-0.077,-0.053,0.023,1729,0,0
1954073,2.950,1.800,8.811,-0.071,-0.050,0.022,1730,0,0
1954093,2.926,1.791,8.794,-0.007,-0.033,0.025,1729,0,0
1954113,2.914,1.846,8.775,0.016,-0.022,0.026,1728,0,0
1954133,2.959,1.820,8.792,0.006,-0.011,0.020,1727,0,0
1954153,2.995,1.824,8.825,-0.014,0.015,0.009,1727,0,0
1954174,2.976,1.791,8.926,-0.062,0.032,-0.013,1726,0,0
1954193,2.971,1.798,8.995,-0.083,0.031,-0.015,1728,0,0
1954213,3.007,1.772,9.084,-0.018,0.033,-0.007,1728,0,0
1954233,2.947,1.784,9.072,0.051,0.025,-0.013,1727,0,0
1954253,2.926,1.963,9.026,0.098,0.003,-0.030,1727,0,0
1954274,2.959,2.116,8.950,0.084,-0.003,-0.039,1727,0,0
1954293,2.935,2.217,8.894,0.022,0.005,-0.027,1727,0,0
1954313,2.940,2.258,8.914,-0.063,-0.001,-0.006,1727,0,0
1954333,2.935,2.095,8.868,-0.076,-0.023,-0.003,1727,0,0
1954353,2.938,2.105,8.775,-0.009,-0.042,-0.006,1728,0,0
1954373,3.045,2.203,8.633,0.032,-0.036,-0.005,1727,0,0
1954393,3.067,2.222,8.581,-0.022,0.005,0.003,1727,0,0
1954413,3.026,2.157,8.669,-0.080,0.043,0.009,1727,0,0
1954434,2.935,2.081,8.763,-0.046,0.035,-0.002,1727,0,0
1954453,2.950,2.150,8.729,-0.014,0.009,-0.003,1726,0,0
1954473,2.940,2.188,8.710,-0.027,0.023,0.006,1726,0,0
1954493,2.919,2.167,8.789,-0.058,0.043,0.013,1726,0,0
1954514,2.935,2.100,8.815,-0.065,0.049,0.017,1726,0,0
1954533,2.959,2.085,8.765,-0.054,0.055,0.021,1726,0,0
1954553,2.916,1.985,8.808,-0.070,0.067,0.017,1725,0,0
1954573,2.916,1.901,8.961,-0.085,0.059,0.013,1726,0,0
1954593,2.923,1.889,9.033,-0.046,0.052,0.011,1727,0,0
1954613,2.926,1.889,8.961,-0.003,0.054,-0.001,1727,0,0
1954633,2.887,1.982,8.997,0.062,0.055,-0.018,1727,0,0
1954653,2.880,2.203,8.911,0.094,0.040,-0.023,1726,0,0
1954673,2.914,2.325,8.890,-0.005,0.025,-0.018,1727,0,0
1954693,2.902,2.282,8.959,-0.107,0.014,-0.015,1727,0,0
1954713,2.919,2.203,8.882,-0.051,0.011,-0.011,1727,0,0
1954733,2.940,2.284,8.806,0.026,0.018,-0.002,1727,0,0
1954753,2.909,2.399,8.784,0.014,0.023,0.020,1727,0,0
1954773,2.892,2.349,8.856,-0.051,0.018,0.035,1726,0,0
1954793,2.878,2.184,8.868,-0.098,0.012,0.033,1728,0,0
1954813,2.887,2.061,8.854,-0.068,0.019,0.027,1727,0,0
1954833,2.921,2.059,8.796,-0.007,0.010,0.020,1727,0,0
1954853,3.007,2.138,8.748,0.001,0.016,0.020,1727,0,0
1954873,3.048,2.143,8.777,-0.009,0.047,0.028,1726,0,0
1954893,3.002,2.145,8.871,0.002,0.072,0.032,1727,0,0
1954914,2.923,2.191,8.973,-0.041,0.062,0.034,1726,0,0
1954933,2.842,2.107,9.067,-0.127,0.043,0.031,1727,0,0
1954953,2.787,2.033,9.088,-0.105,0.021,0.023,1726,0,0
1954973,2.782,2.059,9.120,-0.054,0.013,0.022,1727,0,0
1954993,2.768,2.064,9.069,-0.028,0.004,0.011,1727,0,0
1955013,2.787,2.066,8.990,-0.042,-0.023,0.008,1726,0,0
1955033,2.837,2.047,8.770,-0.082,-0.039,0.006,1727,0,0
1955053,2.897,2.004,8.672,-0.094,-0.030,-0.013,1726,0,0
1955073,2.907,2.061,8.648,-0.057,-0.011,-0.032,1726,0,0
1955093,2.904,2.188,8.696,-0.021,-0.011,-0.041,1727,0,0
1955113,2.911,2.265,8.691,-0.019,-0.003,-0.042,1726,0,0
1955133,2.926,2.315,8.633,-0.031,0.010,-0.041,1726,0,0
1955154,2.919,2.351,8.705,-0.012,0.017,-0.038,1726,0,0
1955174,2.887,2.437,8.768,-0.019,0.015,-0.029,1726,0,0
1955193,2.907,2.437,8.758,-0.070,0.014,-0.017,1726,0,0
1955213,2.926,2.404,8.758,-0.056,0.009,-0.008,1726,0,0
1955233,2.933,2.425,8.780,-0.027,0.022,-0.005,1726,0,0
1955253,2.923,2.425,8.871,-0.019,0.030,0.000,1725,0,0
1955273,2.933,2.346,8.930,-0.020,0.022,0.014,1725,0,0
1955294,2.988,2.251,8.911,-0.011,0.016,0.020,1724,0,0
1955313,3.007,2.239,8.890,-0.039,0.016,0.020,1726,0,0
1955333,2.945,2.217,8.978,-0.076,0.011,0.025,1725,0,0
1955353,2.909,2.162,9.033,-0.064,0.000,0.028,1725,0,0
1955373,2.931,2.124,8.950,-0.046,-0.007,0.023,1724,0,0
1955394,2.923,2.116,8.890,-0.032,-0.005,0.017,1724,0,0
1955414,2.861,2.176,8.904,-0.017,0.001,0.011,1724,0,0
1955433,2.775,2.263,8.935,-0.054,-0.015,0.008,1725,0,0
1955453,2.768,2.229,8.847,-0.091,-0.052,0.004,1726,0,0
1955473,2.818,2.255,8.693,-0.053,-0.067,-0.002,1725,0,0
1955493,2.871,2.289,8.605,-0.014,-0.047,-0.006,1725,0,0
1955513,2.897,2.349,8.614,-0.020,-0.026,-0.003,1725,0,0
1955533,2.895,2.380,8.638,-0.031,-0.025,0.004,1725,0,0
1955553,2.926,2.322,8.631,-0.073,-0.025,0.002,1725,0,0
1955573,2.947,2.255,8.660,-0.086,-0.024,-0.008,1723,0,0
1955593,2.959,2.270,8.617,-0.046,-0.013,-0.010,1722,0,0
1955613,2.957,2.330,8.629,0.019,0.011,-0.010,1721,0,0
1955633,2.902,2.425,8.701,0.000,0.023,-0.006,1720,0,0
1955653,2.914,2.437,8.756,-0.051,0.012,0.003,1721,0,0
1955673,2.993,2.339,8.736,-0.099,0.009,0.005,1720,0,0
1955693,3.038,2.270,8.724,-0.076,0.031,0.001,1719,0,0
1955713,3.053,2.339,8.837,-0.035,0.055,0.001,1719,0,0
1955733,2.986,2.370,8.887,-0.039,0.067,0.017,1720,0,0
1955753,2.959,2.354,8.890,-0.063,0.046,0.029,1719,0,0
1955773,2.983,2.284,8.940,-0.090,0.030,0.031,1719,0,0
1955793,3.012,2.215,9.000,-0.099,0.028,0.030,1719,0,0
1955813,2.986,2.128,9.050,-0.084,0.012,0.021,1720,0,0
1955833,2.947,2.133,9.017,-0.062,-0.012,0.011,1720,0,0
1955853,2.954,2.229,8.902,-0.026,-0.030,0.004,1718,0,0
1955873,2.969,2.334,8.801,-0.023,-0.034,0.005,1719,0,0
1955893,2.978,2.310,8.799,-0.065,-0.032,0.004,1719,0,0
1955914,2.998,2.217,8.768,-0.090,-0.041,-0.001,1717,0,0
1955933,3.053,2.219,8.775,-0.048,-0.046,-0.014,1716,0,0
1955953,3.093,2.239,8.674,-0.041,-0.035,-0.024,1715,0,0
1955973,3.057,2.306,8.674,-0.025,-0.019,-0.019,1715,0,0
1955993,3.031,2.380,8.686,-0.040,-0.027,-0.016,1715,0,0
1956013,3.072,2.406,8.662,-0.085,-0.034,-0.017,1714,0,0
1956033,3.091,2.377,8.612,-0.082,-0.025,-0.012,1712,0,0
1956053,3.084,2.365,8.588,-0.051,-0.009,-0.008,1712,0,0
1956073,3.089,2.354,8.684,-0.049,0.000,-0.008,1712,0,0
1956093,3.069,2.397,8.705,-0.044,0.011,-0.013,1712,0,0
1956113,3.014,2.456,8.689,-0.027,0.015,-0.017,1712,0,0
1956133,3.053,2.485,8.698,-0.052,0.004,-0.007,1712,0,0
1956153,3.093,2.418,8.756,-0.071,0.012,0.010,1712,0,0
1956174,3.072,2.294,8.811,-0.063,0.023,0.022,1712,0,0
1956193,3.086,2.239,8.847,-0.056,0.021,0.026,1712,0,0
1956213,3.089,2.234,8.844,-0.068,0.013,0.020,1712,0,0
1956233,3.112,2.188,8.871,-0.091,0.007,0.013,1712,0,0
1956253,3.036,2.157,8.866,-0.084,0.003,0.004,1712,0,0
1956273,3.031,2.203,8.878,-0.054,-0.004,0.002,1712,0,0
1956293,3.033,2.255,8.827,-0.061,-0.011,0.002,1711,0,0
1956313,3.021,2.236,8.787,-0.068,-0.016,-0.007,1712,0,0
1956333,3.041,2.234,8.710,-0.047,-0.026,-0.018,1712,0,0
1956353,3.033,2.368,8.712,-0.019,-0.029,-0.016,1712,0,0
1956373,3.010,2.452,8.736,-0.038,-0.023,-0.010,1711,0,0
1956393,2.986,2.375,8.729,-0.074,-0.030,-0.006,1711,0,0
1956413,3.033,2.337,8.619,-0.035,-0.025,0.005,1711,0,0
1956433,3.074,2.327,8.665,-0.004,-0.018,0.007,1711,0,0
1956453,3.074,2.284,8.660,-0.046,-0.025,-0.001,1712,0,0
1956473,3.060,2.272,8.681,-0.049,-0.028,-0.006,1712,0,0
1956493,3.096,2.334,8.712,-0.021,-0.034,-0.010,1711,0,0
1956513,3.129,2.361,8.669,-0.039,-0.025,-0.007,1712,0,0
1956533,3.156,2.274,8.655,-0.065,-0.009,-0.007,1712,0,0
1956553,3.168,2.198,8.770,-0.048,0.000,-0.018,1711,0,0
1956573,3.206,2.200,8.727,-0.011,0.008,-0.025,1711,0,0
1956593,3.187,2.339,8.703,0.001,0.018,-0.015,1712,0,0
1956613,3.141,2.320,8.746,-0.038,0.013,-0.005,1711,0,0
1956633,3.175,2.200,8.739,-0.092,0.013,-0.002,1711,0,0
1956653,3.184,2.124,8.803,-0.093,0.022,-0.018,1711,0,0
1956673,3.156,2.186,8.849,-0.065,0.028,-0.032,1711,0,0
1956693,3.069,2.219,8.880,-0.035,0.017,-0.037,1711,0,0
1956713,3.108,2.346,8.839,-0.010,-0.011,-0.039,1711,0,0
1956733,3.086,2.413,8.722,-0.043,-0.019,-0.043,1711,0,0
1956753,3.041,2.459,8.724,-0.082,-0.022,-0.056,1711,0,0
1956773,3.024,2.502,8.712,-0.061,-0.021,-0.059,1711,0,0
1956793,3.033,2.528,8.574,-0.001,-0.023,-0.052,1711,0,0
1956813,3.117,2.602,8.509,0.015,-0.019,-0.045,1710,0,0
1956833,3.144,2.629,8.531,-0.033,-0.007,-0.041,1711,0,0
1956853,3.163,2.531,8.633,-0.081,0.003,-0.034,1710,0,0
1956873,3.230,2.437,8.717,-0.099,0.003,-0.030,1710,0,0
1956893,3.215,2.354,8.756,-0.068,0.002,-0.040,1709,0,0
1956913,3.213,2.442,8.698,-0.019,0.000,-0.051,1710,0,0
1956933,3.225,2.591,8.739,-0.020,-0.001,-0.046,1711,0,0
1956954,3.225,2.605,8.801,-0.085,-0.010,-0.031,1711,0,0
1956973,3.225,2.502,8.808,-0.104,-0.019,-0.021,1711,0,0
1956993,3.239,2.416,8.732,-0.059,-0.023,-0.025,1711,0,0
1957013,3.278,2.464,8.693,-0.031,-0.019,-0.034,1711,0,0
1957033,3.239,2.533,8.619,-0.041,0.000,-0.027,1711,0,0
1957053,3.189,2.581,8.679,-0.027,0.010,-0.012,1711,0,0
1957073,3.170,2.617,8.674,-0.048,-0.002,0.009,1711,0,0
1957093,3.223,2.485,8.698,-0.106,-0.010,0.023,1711,0,0
1957113,3.256,2.286,8.758,-0.116,-0.009,0.019,1711,0,0
1957134,3.203,2.308,8.770,-0.026,-0.011,-0.002,1710,0,0
1957153,3.208,2.416,8.696,-0.021,-0.027,-0.007,1711,0,0
1957173,3.179,2.454,8.566,-0.065,-0.033,-0.008,1711,0,0
1957193,3.208,2.440,8.554,-0.059,-0.022,-0.008,1711,0,0
1957213,3.179,2.476,8.540,-0.031,-0.004,-0.007,1711,0,0
1957233,3.148,2.531,8.576,-0.054,-0.000,-0.002,1711,0,0
1957253,3.182,2.468,8.564,-0.081,-0.004,-0.003,1711,0,0
1957274,3.208,2.394,8.605,-0.071,0.001,-0.009,1710,0,0
1957293,3.227,2.435,8.629,-0.031,0.014,-0.013,1710,0,0
1957313,3.187,2.512,8.665,-0.040,0.017,-0.013,1711,0,0
1957333,3.199,2.454,8.655,-0.098,0.003,-0.009,1710,0,0
1957353,3.273,2.404,8.607,-0.081,0.007,-0.015,1711,0,0
1957373,3.270,2.449,8.655,-0.035,0.030,-0.020,1711,0,0
1957393,3.211,2.504,8.753,-0.046,0.029,-0.009,1710,0,0
1957413,3.203,2.533,8.813,-0.058,0.005,-0.003,1711,0,0
1957433,3.201,2.495,8.777,-0.066,-0.010,-0.009,1710,0,0
1957453,3.259,2.473,8.717,-0.061,-0.006,-0.011,1711,0,0
1957473,3.294,2.480,8.748,-0.039,-0.003,-0.005,1710,0,0
1957493,3.309,2.516,8.684,-0.038,-0.010,-0.007,1711,0,0
1957513,3.326,2.579,8.547,-0.073,-0.006,-0.003,1710,0,0
1957533,3.333,2.497,8.495,-0.112,0.021,0.012,1710,0,0
1957553,3.335,2.315,8.650,-0.098,0.044,0.012,1711,0,0
1957574,3.302,2.272,8.722,-0.099,0.040,-0.002,1711,0,0
1957593,3.321,2.344,8.633,-0.115,0.018,-0.015,1711,0,0
1957613,3.381,2.442,8.523,-0.113,0.033,-0.015,1711,0,0
1957633,3.407,2.459,8.590,-0.139,0.066,-0.007,1711,0,0
1957654,3.371,2.418,8.689,-0.164,0.071,-0.006,1711,0,0
1957674,3.290,2.397,8.772,-0.152,0.062,-0.017,1711,0,0
1957693,3.201,2.413,8.933,-0.145,0.052,-0.038,1711,0,0
1957713,3.117,2.516,8.940,-0.105,0.042,-0.042,1712,0,0
1957733,3.041,2.612,8.942,-0.085,0.029,-0.020,1710,0,0
1957754,2.976,2.526,8.899,-0.105,0.015,-0.001,1711,0,0
1957773,2.966,2.377,8.813,-0.134,0.013,-0.006,1711,0,0
1957793,2.919,2.258,8.921,-0.154,0.028,-0.009,1711,0,0
1957813,2.851,2.186,9.017,-0.135,0.013,-0.012,1711,0,0
1957833,2.909,2.119,8.950,-0.101,-0.005,-0.007,1711,0,0
1957853,2.966,2.037,8.868,-0.109,0.005,-0.009,1711,0,0
1957873,2.966,1.882,8.978,-0.170,0.012,-0.022,1712,0,0
1957893,2.990,1.738,9.045,-0.196,-0.015,-0.050,1712,0,0
1957913,3.089,1.779,8.887,-0.135,-0.024,-0.073,1711,0,0
1957933,3.117,1.961,8.739,-0.068,-0.023,-0.086,1711,0,0
1957953,3.086,2.071,8.691,-0.109,-0.015,-0.088,1710,0,0
1957973,3.096,2.095,8.744,-0.146,-0.020,-0.084,1711,0,0
1957994,3.160,2.116,8.650,-0.162,-0.044,-0.080,1711,0,0
1958013,3.208,2.064,8.459,-0.135,-0.040,-0.076,1711,0,0
1958033,3.263,2.088,8.408,-0.100,-0.011,-0.076,1711,0,0
1958053,3.314,2.203,8.471,-0.090,0.015,-0.067,1711,0,0
1958073,3.282,2.162,8.540,-0.132,0.001,-0.059,1711,0,0
1958094,3.333,2.052,8.559,-0.159,-0.026,-0.075,1712,0,0
1958114,3.340,2.009,8.657,-0.108,0.010,-0.100,1711,0,0
1958133,3.172,2.100,8.911,-0.028,0.030,-0.112,1711,0,0
1958153,3.074,2.239,8.885,0.008,-0.016,-0.108,1711,0,0
1958174,3.151,2.344,8.715,-0.005,-0.054,-0.096,1711,0,0
1958193,3.213,2.433,8.631,-0.060,-0.044,-0.081,1711,0,0
1958213,3.168,2.385,8.720,-0.127,-0.030,-0.058,1711,0,0
1958233,3.153,2.346,8.612,-0.073,-0.037,-0.037,1711,0,0
1958253,3.266,2.361,8.495,-0.033,-0.040,-0.023,1711,0,0
1958273,3.299,2.322,8.521,-0.069,-0.040,-0.028,1711,0,0
1958293,3.278,2.354,8.492,-0.050,-0.049,-0.035,1710,0,0
1958313,3.294,2.483,8.377,0.003,-0.049,-0.035,1711,0,0
1958333,3.373,2.602,8.224,0.012,-0.042,-0.022,1711,0,0
1958353,3.500,2.583,8.217,0.023,-0.031,-0.020,1711,0,0
1958374,3.512,2.660,8.255,0.059,-0.017,-0.042,1711,0,0
1958393,3.438,2.875,8.291,0.097,-0.005,-0.042,1710,0,0
1958413,3.436,3.067,8.325,0.141,0.004,-0.013,1711,0,0
1958433,3.515,3.179,8.349,0.142,0.013,0.016,1711,0,0
1958453,3.474,3.254,8.435,0.117,0.030,0.052,1711,0,0
1958473,3.393,3.194,8.605,0.055,0.053,0.088,1711,0,0
1958494,3.323,3.017,8.772,0.037,0.056,0.116,1712,0,0
1958513,3.299,2.868,8.914,0.086,0.057,0.141,1711,0,0
1958533,3.311,2.756,8.961,0.095,0.063,0.155,1712,0,0
1958553,3.239,2.665,9.074,0.036,0.058,0.158,1712,0,0
1958573,3.206,2.500,9.131,-0.023,0.045,0.165,1712,0,0
1958594,3.163,2.243,9.254,-0.048,0.045,0.159,1712,0,0
1958613,3.108,2.114,9.239,0.002,0.029,0.144,1711,0,0
1958633,3.146,2.097,9.048,0.024,0.000,0.131,1712,0,0
1958653,3.206,1.956,8.827,-0.074,-0.010,0.113,1712,0,0
1958674,3.191,1.743,8.772,-0.126,-0.002,0.072,1712,0,0
1958693,3.122,1.721,8.736,-0.093,-0.007,0.028,1711,0,0
1958713,3.036,1.841,8.729,-0.076,-0.000,-0.014,1712,0,0
1958733,2.938,1.889,8.724,-0.088,0.001,-0.040,1712,0,0
1958753,2.950,1.970,8.581,-0.068,-0.015,-0.061,1712,0,0
1958773,3.024,2.061,8.514,-0.083,-0.016,-0.078,1712,0,0
1958793,3.129,2.114,8.428,-0.144,0.010,-0.080,1712,0,0
1958813,3.191,2.145,8.363,-0.127,0.033,-0.076,1711,0,0
1958833,3.239,2.239,8.411,-0.096,0.056,-0.068,1713,0,0
1958853,3.232,2.313,8.464,-0.152,0.059,-0.069,1712,0,0
1958873,3.309,2.306,8.490,-0.168,0.053,-0.069,1712,0,0
1958893,3.421,2.389,8.449,-0.140,0.063,-0.055,1711,0,0
1958913,3.388,2.456,8.449,-0.102,0.084,-0.055,1712,0,0
1958933,3.366,2.562,8.502,-0.096,0.082,-0.060,1711,0,0
1958953,3.369,2.677,8.605,-0.098,0.084,-0.047,1711,0,0
1958973,3.366,2.710,8.717,-0.117,0.076,-0.031,1711,0,0
1958994,3.342,2.643,8.724,-0.091,0.053,-0.029,1711,0,0
1959013,3.314,2.720,8.614,-0.053,0.049,-0.019,1711,0,0
1959033,3.326,2.799,8.614,-0.071,0.054,-0.004,1712,0,0
1959053,3.266,2.756,8.701,-0.077,0.059,0.005,1712,0,0
1959073,3.139,2.777,8.768,-0.027,0.050,0.018,1712,0,0
1959093,3.038,2.753,8.815,-0.040,0.038,0.024,1712,0,0
1959113,3.038,2.667,8.811,-0.056,0.022,0.024,1712,0,0
1959133,3.079,2.612,8.780,-0.006,0.023,0.035,1712,0,0
1959153,3.069,2.514,8.827,-0.009,0.034,0.053,1713,0,0
1959173,2.983,2.349,8.988,-0.030,0.037,0.050,1712,0,0
1959193,2.931,2.212,9.088,-0.038,0.004,0.033,1712,0,0
1959213,2.988,2.167,9.029,-0.016,-0.027,0.021,1712,0,0
1959233,3.065,2.184,8.878,-0.003,-0.028,0.019,1712,0,0
1959253,3.129,2.203,8.832,-0.043,-0.024,0.022,1712,0,0
1959273,3.168,2.136,8.789,-0.078,-0.021,0.018,1711,0,0
1959293,3.232,2.136,8.770,-0.064,-0.005,0.019,1712,0,0
1959313,3.223,2.140,8.813,-0.086,-0.006,0.009,1712,0,0
1959333,3.237,2.164,8.753,-0.085,-0.022,-0.000,1712,0,0
1959353,3.287,2.265,8.612,-0.051,-0.019,-0.010,1712,0,0
1959373,3.282,2.401,8.545,-0.055,-0.009,-0.018,1712,0,0
1959393,3.232,2.514,8.504,-0.080,0.002,-0.014,1712,0,0
1959413,3.215,2.519,8.564,-0.087,0.001,-0.004,1712,0,0
1959433,3.263,2.523,8.653,-0.057,0.004,-0.005,1712,0,0
1959453,3.237,2.569,8.662,-0.046,0.013,0.000,1712,0,0
1959473,3.223,2.555,8.698,-0.054,0.006,0.012,1712,0,0
1959493,3.251,2.523,8.667,-0.056,-0.009,0.019,1712,0,0
1959513,3.306,2.459,8.667,-0.062,-0.009,0.028,1713,0,0
1959533,3.309,2.428,8.753,-0.041,-0.001,0.031,1712,0,0
1959553,3.292,2.423,8.693,-0.026,-0.011,0.033,1712,0,0
1959573,3.345,2.377,8.571,-0.034,-0.014,0.031,1711,0,0
1959593,3.361,2.392,8.576,-0.055,-0.001,0.025,1712,0,0
1959614,3.306,2.425,8.645,-0.072,0.016,0.021,1712,0,0
1959633,3.237,2.478,8.765,-0.052,0.013,0.029,1712,0,0
1959653,3.261,2.416,8.746,-0.046,0.006,0.037,1712,0,0
1959673,3.299,2.303,8.727,-0.052,0.008,0.033,1712,0,0
1959693,3.263,2.282,8.796,-0.063,0.006,0.015,1712,0,0
1959713,3.203,2.318,8.861,-0.055,-0.017,0.004,1711,0,0
1959733,3.208,2.382,8.739,-0.036,-0.037,0.005,1712,0,0
1959753,3.261,2.418,8.540,-0.029,-0.034,0.013,1711,0,0
1959773,3.254,2.411,8.442,-0.052,-0.009,0.017,1711,0,0
1959793,3.247,2.387,8.495,-0.063,-0.001,0.011,1712,0,0
1959813,3.275,2.363,8.483,-0.068,0.000,0.007,1712,0,0
1959833,3.275,2.361,8.444,-0.052,0.013,0.010,1711,0,0
1959854,3.251,2.449,8.509,-0.042,0.026,0.009,1711,0,0
1959873,3.249,2.454,8.648,-0.060,0.030,0.012,1712,0,0
1959893,3.251,2.421,8.600,-0.063,0.021,0.016,1712,0,0
1959913,3.292,2.428,8.535,-0.037,0.020,0.014,1712,0,0
1959934,3.261,2.380,8.538,-0.058,0.031,0.010,1712,0,0
1959953,3.237,2.327,8.631,-0.077,0.035,0.010,1712,0,0
1959973,3.225,2.315,8.617,-0.053,0.024,0.003,1712,0,0
1959993,3.254,2.344,8.564,-0.039,0.033,-0.009,1712,0,0
1960013,3.311,2.404,8.514,-0.019,0.058,-0.013,1711,0,0
1960033,3.273,2.433,8.679,-0.035,0.068,-0.009,1712,0,0
1960054,3.247,2.442,8.729,-0.062,0.045,-0.012,1712,0,0
1960073,3.287,2.447,8.708,-0.075,0.034,-0.006,1712,0,0
1960093,3.323,2.397,8.727,-0.061,0.047,-0.002,1712,0,0
1960113,3.285,2.416,8.818,-0.038,0.050,-0.003,1711,0,0
1960133,3.247,2.440,8.823,-0.033,0.029,-0.010,1712,0,0
1960154,3.282,2.488,8.775,-0.063,0.009,-0.013,1712,0,0
1960173,3.266,2.478,8.753,-0.066,0.007,-0.014,1712,0,0
1960193,3.220,2.538,8.722,-0.038,0.013,-0.007,1712,0,0
1960213,3.184,2.564,8.705,-0.035,0.018,0.002,1712,0,0
1960233,3.199,2.547,8.655,-0.061,0.015,0.011,1712,0,0
1960254,3.235,2.476,8.576,-0.067,0.014,0.014,1712,0,0
1960273,3.275,2.471,8.547,-0.056,0.027,0.017,1712,0,0
1960293,3.235,2.404,8.648,-0.068,0.044,0.018,1712,0,0
1960313,3.196,2.399,8.734,-0.074,0.039,0.019,1712,0,0
1960334,3.194,2.368,8.784,-0.076,0.026,0.019,1713,0,0
1960353,3.242,2.296,8.736,-0.071,0.018,0.008,1712,0,0
1960373,3.254,2.322,8.660,-0.047,0.017,-0.003,1712,0,0
1960393,3.275,2.406,8.669,-0.053,0.029,-0.004,1713,0,0
1960414,3.191,2.459,8.782,-0.078,0.036,0.001,1712,0,0
1960433,3.206,2.452,8.815,-0.093,0.011,0.003,1712,0,0
1960453,3.294,2.466,8.751,-0.079,-0.001,0.001,1712,0,0
1960473,3.249,2.437,8.780,-0.074,0.008,-0.003,1711,0,0
1960494,3.208,2.512,8.751,-0.055,0.000,-0.006,1711,0,0
1960513,3.151,2.626,8.717,-0.035,-0.009,0.004,1712,0,0
1960533,3.120,2.701,8.648,-0.067,-0.017,0.014,1712,0,0
1960553,3.158,2.543,8.641,-0.116,-0.019,0.028,1712,0,0
1960573,3.194,2.332,8.655,-0.092,-0.001,0.025,1712,0,0
1960593,3.247,2.277,8.612,-0.012,0.003,0.010,1712,0,0
1960613,3.309,2.337,8.564,-0.015,0.016,0.009,1712,0,0
1960633,3.251,2.310,8.653,-0.081,0.021,0.008,1712,0,0
1960653,3.261,2.162,8.784,-0.127,0.013,0.002,1712,0,0
1960673,3.235,2.093,8.813,-0.082,0.011,-0.014,1712,0,0
1960694,3.247,2.174,8.605,-0.022,-0.001,-0.021,1711,0,0
1960713,3.237,2.344,8.540,-0.042,-0.004,-0.026,1712,0,0
1960733,3.184,2.368,8.617,-0.139,-0.003,-0.029,1712,0,0
1960753,3.179,2.346,8.619,-0.117,0.006,-0.029,1712,0,0
1960773,3.199,2.421,8.507,-0.038,0.018,-0.023,1712,0,0
1960793,3.189,2.483,8.540,-0.076,0.019,-0.031,1712,0,0
1960813,3.225,2.485,8.473,-0.097,0.001,-0.034,1712,0,0
1960833,3.306,2.509,8.454,-0.065,0.017,-0.031,1713,0,0
1960853,3.309,2.562,8.509,-0.056,0.042,-0.026,1712,0,0
1960873,3.232,2.600,8.571,-0.043,0.049,-0.019,1713,0,0
1960893,3.220,2.583,8.617,-0.032,0.027,-0.014,1712,0,0
1960913,3.251,2.581,8.578,-0.045,0.018,-0.013,1712,0,0
1960933,3.220,2.567,8.614,-0.046,0.029,-0.014,1712,0,0
1960953,3.203,2.602,8.665,-0.021,0.047,-0.005,1712,0,0
1960973,3.153,2.638,8.669,-0.004,0.056,0.018,1712,0,0
1960993,3.194,2.557,8.665,-0.061,0.056,0.035,1712,0,0
1961013,3.249,2.361,8.765,-0.126,0.062,0.045,1712,0,0
1961034,3.225,2.224,8.890,-0.104,0.058,0.036,1712,0,0
1961053,3.213,2.212,8.882,-0.081,0.056,0.031,1712,0,0
1961073,3.151,2.267,8.847,-0.080,0.051,0.026,1712,0,0
1961093,3.177,2.308,8.801,-0.119,0.031,0.025,1711,0,0
1961113,3.187,2.222,8.789,-0.147,0.029,0.025,1712,0,0
1961133,3.199,2.172,8.756,-0.122,0.036,0.016,1712,0,0
1961153,3.134,2.188,8.729,-0.091,0.034,-0.005,1712,0,0
1961173,3.096,2.296,8.722,-0.088,0.021,-0.021,1712,0,0
1961193,3.132,2.406,8.619,-0.084,0.003,-0.025,1712,0,0
1961213,3.189,2.471,8.638,-0.106,0.014,-0.015,1712,0,0
1961234,3.165,2.480,8.681,-0.149,0.016,-0.012,1712,0,0
1961253,3.165,2.476,8.734,-0.180,0.007,-0.005,1712,0,0
1961273,3.151,2.423,8.734,-0.208,-0.011,0.003,1712,0,0
1961293,3.206,2.346,8.796,-0.217,-0.025,0.010,1712,0,0
1961314,3.194,2.282,8.856,-0.218,-0.014,0.014,1713,0,0
1961333,3.139,2.267,8.902,-0.195,-0.009,0.015,1712,0,0
1961353,3.146,2.157,8.918,-0.139,-0.004,0.019,1712,0,0
1961373,3.199,2.045,8.839,-0.090,-0.007,0.018,1712,0,0
1961393,3.237,2.006,8.823,-0.078,0.002,0.013,1712,0,0
1961413,3.227,1.951,8.882,-0.124,0.004,0.001,1713,0,0
1961433,3.232,1.999,8.954,-0.165,-0.005,0.007,1712,0,0
1961453,3.206,1.932,8.973,-0.174,-0.003,0.018,1712,0,0
1961473,3.196,1.808,8.935,-0.142,0.001,0.003,1712,0,0
1961493,3.189,1.853,8.890,-0.085,-0.014,-0.014,1712,0,0
1961514,3.206,1.982,8.813,-0.078,-0.027,-0.027,1713,0,0
1961533,3.213,1.990,8.748,-0.113,-0.030,-0.034,1712,0,0
1961553,3.203,2.037,8.722,-0.099,-0.025,-0.043,1712,0,0
1961573,3.189,2.054,8.669,-0.064,-0.038,-0.054,1712,0,0
1961593,3.206,2.195,8.516,-0.037,-0.041,-0.063,1712,0,0
1961614,3.206,2.282,8.507,-0.048,-0.022,-0.053,1712,0,0
1961633,3.163,2.346,8.588,-0.032,-0.008,-0.035,1712,0,0
1961653,3.189,2.349,8.502,-0.045,0.015,-0.019,1712,0,0
1961673,3.199,2.248,8.586,-0.076,0.017,-0.005,1712,0,0
1961693,3.227,2.030,8.669,-0.093,0.027,-0.003,1712,0,0
1961713,3.266,1.999,8.698,-0.039,0.034,-0.006,1712,0,0
1961733,3.285,2.061,8.653,-0.000,0.043,-0.002,1712,0,0
1961753,3.306,2.150,8.653,-0.029,0.062,0.008,1713,0,0
1961773,3.278,2.047,8.756,-0.085,0.063,0.015,1712,0,0
1961793,3.292,1.918,8.921,-0.098,0.059,0.009,1712,0,0
1961813,3.302,1.889,8.985,-0.063,0.053,-0.000,1712,0,0
1961834,3.278,1.961,8.959,-0.032,0.047,-0.018,1712,0,0
1961853,3.215,2.083,8.985,-0.025,0.034,-0.024,1712,0,0
1961873,3.179,2.195,8.938,-0.052,0.015,-0.014,1712,0,0
1961893,3.201,2.212,8.942,-0.107,-0.006,-0.006,1712,0,0
1961913,3.206,2.107,8.854,-0.123,-0.011,-0.012,1712,0,0
1961933,3.196,2.105,8.782,-0.043,-0.002,-0.016,1712,0,0
1961953,3.170,2.219,8.729,-0.013,-0.007,-0.015,1712,0,0
1961973,3.182,2.253,8.736,-0.067,-0.026,-0.010,1712,0,0
1961993,3.218,2.131,8.689,-0.120,-0.023,-0.005,1712,0,0
1962013,3.225,2.064,8.703,-0.073,-0.005,-0.008,1712,0,0
1962033,3.220,2.090,8.717,-0.040,0.005,-0.006,1712,0,0
1962054,3.239,2.119,8.677,-0.046,0.011,0.001,1712,0,0
1962073,3.270,2.085,8.727,-0.083,0.005,0.001,1712,0,0
1962093,3.302,2.042,8.792,-0.116,0.014,0.000,1711,0,0
1962113,3.278,1.951,8.938,-0.090,0.004,-0.008,1712,0,0
1962133,3.266,1.951,8.923,-0.060,-0.008,-0.018,1711,0,0
1962153,3.256,2.102,8.851,-0.046,-0.013,-0.018,1711,0,0
1962173,3.232,2.157,8.792,-0.058,-0.010,-0.015,1712,0,0
1962193,3.215,2.116,8.794,-0.065,-0.008,-0.010,1712,0,0
1962213,3.223,2.136,8.844,-0.059,-0.034,-0.010,1712,0,0
1962234,3.256,1.997,8.782,-0.140,-0.044,-0.020,1710,0,0
1962253,3.273,1.994,8.765,-0.098,-0.044,-0.026,1711,0,0
1962273,3.294,2.107,8.724,-0.023,-0.031,-0.011,1711,0,0
1962293,3.278,2.105,8.708,-0.071,-0.006,-0.002,1711,0,0
1962313,3.244,2.028,8.782,-0.097,-0.011,-0.010,1710,0,0
1962333,3.263,1.985,8.835,-0.091,-0.042,-0.018,1709,0,0
1962353,3.290,1.992,8.794,-0.106,-0.049,-0.017,1708,0,0
1962373,3.352,1.997,8.796,-0.075,-0.062,-0.016,1707,0,0
1962393,3.364,2.035,8.626,-0.044,-0.053,-0.019,1703,0,0
1962413,3.270,2.128,8.600,-0.055,-0.038,-0.025,1692,0,0
1962433,3.292,2.200,8.653,-0.060,-0.067,-0.024,1676,0,0
1962453,3.335,2.207,8.660,-0.179,-0.080,-0.027,1661,0,0
1962473,3.397,2.136,8.753,-0.267,-0.081,-0.029,1648,0,0
1962493,3.452,1.990,8.794,-0.301,-0.071,-0.017,1635,0,0
1962513,3.469,2.021,8.839,-0.262,-0.073,0.002,1620,0,0
1962533,3.486,2.140,8.930,-0.291,-0.111,0.024,1604,0,0
1962553,3.613,2.040,8.933,-0.510,-0.145,0.048,1582,0,0
1962573,3.615,1.721,8.787,-0.664,-0.135,0.048,1560,0,0
1962593,3.687,1.607,8.875,-0.599,-0.136,0.047,1535,0,0
1962613,3.917,1.393,9.052,-0.562,-0.163,0.044,1496,0,0
1962633,4.077,1.422,9.069,-0.528,-0.135,0.045,1467,0,0
1962653,3.910,1.547,8.650,-0.503,-0.080,0.070,1445,0,0
1962673,3.970,1.750,8.947,-0.589,-0.104,0.088,1409,0,0
1962693,3.929,1.518,8.686,-0.732,-0.154,0.120,1360,0,0
1962713,3.649,1.180,7.994,-0.795,-0.089,0.229,1330,0,0
1962733,3.417,1.614,8.408,-0.572,-0.016,0.268,1278,0,0
1962753,2.969,1.654,8.301,-0.724,-0.056,0.408,1229,0,0
1962773,2.746,0.273,7.147,-1.241,0.074,0.189,1169,0,0
1962794,2.892,-0.632,8.856,-0.909,0.217,0.032,1118,3542,200
1962813,3.589,-0.148,9.225,-0.489,0.173,-0.003,1089,3893,200
1962833,3.608,-0.172,9.278,-0.548,0.149,0.005,1072,4095,200
1962853,3.666,-0.244,9.529,-0.473,0.122,-0.007,1060,4095,200
1962874,3.249,-0.369,9.139,-0.480,-0.039,-0.022,1049,4095,200
1962894,3.757,-0.194,9.407,-0.505,-0.075,-0.010,1042,4095,200
1962913,4.063,0.098,9.220,-0.511,-0.119,-0.026,1040,4095,200
1962933,3.716,-0.057,9.072,-0.558,-0.133,-0.026,1039,4095,200
1962953,3.467,-0.819,8.880,-0.640,-0.157,-0.028,1040,4095,200
1962974,4.106,-0.474,9.139,-0.521,-0.129,-0.021,1042,4095,200
1962993,3.946,-0.254,9.249,-0.514,-0.204,-0.012,1043,4095,200
1963013,3.598,-1.073,8.950,-0.533,-0.283,-0.027,1040,4095,200
1963033,3.761,-1.226,8.657,-0.425,-0.268,-0.035,1034,4095,200
1963053,4.298,-1.197,9.019,-0.249,-0.207,-0.102,1022,4095,200
1963073,4.154,-1.805,9.282,0.140,-0.193,-0.279,1012,4095,200
1963093,3.697,-1.733,8.803,0.601,-0.200,-0.396,1003,4095,200
1963113,4.319,-2.172,8.701,1.037,-0.086,-0.500,992,4095,200
1963133,5.164,-3.723,8.715,2.249,0.257,-0.849,978,4095,200
1963153,4.302,-2.234,7.752,3.930,0.532,-1.162,974,4095,200
1963174,3.926,-1.417,7.659,4.731,0.654,-1.412,973,4095,200
1963193,3.821,-0.436,7.436,5.691,0.673,-1.685,972,4095,200
1963213,3.608,1.049,6.814,6.261,0.728,-2.131,969,4095,200
1963233,3.091,-0.256,5.289,7.188,1.055,-2.673,969,4095,200
1963253,2.277,0.972,2.777,8.731,1.628,-3.276,970,4095,200
1963273,1.523,5.210,-0.002,8.731,2.121,-3.624,972,4095,200
1963293,-0.127,7.034,-2.241,8.731,2.446,-3.578,975,4095,200
1963314,-2.919,9.124,-4.130,8.731,2.157,-3.259,977,4095,200
1963333,-3.177,11.729,-5.353,8.731,1.261,-2.765,982,4095,200
1963353,-2.547,12.905,-7.101,8.731,0.397,-2.068,981,4095,200
1963373,-4.568,15.713,-7.372,6.010,-0.355,-1.425,979,4095,200
1963394,-3.467,12.790,-7.784,1.982,-0.990,-0.520,977,4095,200
1963413,-1.513,8.212,-8.396,0.428,-0.897,-0.043,979,4095,200
1963433,-2.049,6.539,-8.030,0.512,-0.506,-0.118,985,4095,200
1963453,-1.946,7.685,-6.936,0.457,-0.224,-0.100,990,4095,200
1963473,-1.939,7.956,-6.551,0.160,-0.105,-0.066,994,4095,200
1963493,-2.449,6.874,-6.855,0.074,-0.091,-0.080,996,4095,200
1963513,-1.724,7.523,-6.450,0.001,-0.024,-0.022,998,4095,200
1963533,-1.216,7.561,-6.227,-0.053,0.058,-0.039,1003,4095,200
1963553,-2.136,7.120,-6.124,0.003,0.074,-0.051,1006,4095,200
1963573,-1.583,7.508,-5.674,-0.115,-0.003,0.007,1007,4095,200
1963593,-1.408,7.420,-5.796,0.090,0.005,-0.084,1009,4095,200
1963613,-2.116,7.501,-6.342,0.163,-0.019,-0.078,1011,4095,200
1963633,-1.652,8.169,-6.122,-0.110,0.004,0.048,1014,4095,200
1963653,-1.513,8.102,-6.005,-0.320,0.004,0.074,1020,4095,200
1963673,-1.966,7.123,-6.773,-0.367,0.119,0.018,1026,4095,200
1963693,-2.162,6.960,-6.608,-0.035,0.288,0.096,1040,3608,200
1963713,-2.710,8.420,-5.818,0.387,0.307,0.311,1064,1438,200
1963733,-2.772,9.292,-5.983,-0.010,0.157,0.509,1132,0,0
1963753,-0.754,8.021,-8.076,-1.116,0.583,0.284,1196,0,0
1963773,-0.124,6.479,-7.489,-1.382,1.300,-0.022,1273,0,0
1963794,-0.881,7.329,-7.582,-0.648,2.009,-0.079,1375,0,0
1963813,-1.415,7.906,-6.852,-0.098,2.271,-0.029,1494,0,0
1963833,-1.913,9.402,-4.350,-0.347,1.820,0.246,1590,0,0
1963853,-1.506,8.054,-3.412,-0.943,0.801,0.168,1666,0,0
1963873,-0.484,7.824,-4.130,-1.360,0.258,0.212,1739,0,0
1963893,0.373,8.315,-4.408,-0.829,0.019,0.254,1790,0,0
1963913,-0.060,8.806,-5.203,-0.531,0.126,0.300,1822,0,0
1963933,-0.778,8.554,-5.155,-0.775,0.102,0.231,1844,0,0
1963953,-0.512,8.066,-4.956,-0.830,-0.019,0.128,1862,0,0
1963973,-0.132,7.956,-4.769,-0.551,-0.100,0.136,1873,0,0
1963993,-0.029,8.380,-4.822,-0.364,-0.057,0.131,1883,0,0
1964013,-0.278,8.499,-4.666,-0.385,0.016,0.081,1890,0,0
1964034,-0.508,8.384,-4.515,-0.370,-0.001,0.040,1895,0,0
1964053,-0.364,8.408,-4.465,-0.307,-0.080,0.004,1899,0,0
1964073,-0.239,8.509,-4.508,-0.274,-0.103,-0.039,1900,0,0
1964093,-0.012,8.454,-4.401,-0.317,-0.073,-0.016,1901,0,0
1964113,-0.182,8.356,-4.288,-0.209,-0.003,0.018,1900,0,0
1964133,-0.424,8.483,-4.460,0.025,0.027,-0.005,1899,0,0
1964153,-0.462,8.760,-4.417,0.040,0.008,-0.020,1897,0,0
1964173,-0.479,8.741,-4.415,-0.107,-0.030,-0.025,1893,0,0
1964193,-0.283,8.631,-4.350,-0.191,-0.072,-0.014,1891,0,0
1964213,-0.259,8.557,-4.470,-0.172,-0.069,0.011,1886,0,0
1964233,-0.328,8.425,-4.468,-0.109,-0.054,0.011,1876,0,0
1964253,-0.472,8.514,-4.573,0.006,-0.012,-0.025,1872,0,0
1964273,-0.426,8.689,-4.513,0.014,-0.052,-0.047,1866,0,0
1964293,-0.400,8.787,-4.571,-0.088,-0.061,-0.039,1863,0,0
1964313,-0.297,8.724,-4.587,-0.138,-0.055,-0.020,1862,0,0
1964333,-0.369,8.626,-4.599,-0.156,-0.026,-0.005,1857,0,0
1964353,-0.397,8.607,-4.609,-0.098,-0.011,-0.011,1855,0,0
1964373,-0.431,8.720,-4.630,-0.046,0.004,-0.014,1847,0,0
1964404,-0.366,8.815,-4.618,-0.031,0.009,-0.002,1836,0,0
1964415,-0.330,8.806,-4.539,-0.060,0.008,0.002,1833,0,0
1964433,-0.302,8.710,-4.499,-0.071,0.001,0.016,1829,0,0
1964453,-0.340,8.698,-4.559,-0.050,0.001,0.017,1825,0,0
1964473,-0.330,8.677,-4.693,-0.045,0.021,0.020,1823,0,0
1964493,-0.335,8.760,-4.695,-0.029,0.050,0.019,1822,0,0
1964514,-0.381,8.712,-4.563,-0.061,0.048,0.012,1822,0,0
1964533,-0.338,8.691,-4.506,-0.074,0.028,0.011,1821,0,0
1964553,-0.314,8.720,-4.537,-0.055,0.009,0.013,1816,0,0
1964573,-0.182,8.799,-4.532,-0.041,0.021,0.014,1811,0,0
1964593,-0.153,8.787,-4.424,-0.069,0.048,0.018,1808,0,0
1964614,-0.385,8.715,-4.334,-0.056,0.036,0.012,1807,0,0
1964633,-0.390,8.746,-4.405,-0.053,-0.017,0.004,1807,0,0
1964653,-0.299,8.720,-4.506,-0.075,-0.038,0.023,1807,0,0
1964673,-0.227,8.631,-4.511,-0.074,-0.007,0.037,1806,0,0
1964694,-0.326,8.552,-4.436,-0.061,0.026,0.039,1805,0,0
1964714,-0.369,8.511,-4.345,-0.048,0.008,0.029,1803,0,0
1964733,-0.397,8.526,-4.446,-0.055,-0.013,0.006,1802,0,0
1964753,-0.340,8.502,-4.492,-0.069,-0.025,-0.010,1797,0,0
1964774,-0.299,8.566,-4.492,-0.053,-0.015,-0.013,1794,0,0
1964793,-0.287,8.595,-4.398,-0.052,-0.006,-0.016,1792,0,0
1964813,-0.376,8.629,-4.417,-0.038,-0.014,-0.015,1791,0,0
1964833,-0.383,8.710,-4.448,-0.031,-0.031,-0.006,1790,0,0
1964853,-0.299,8.681,-4.513,-0.068,-0.039,-0.000,1788,0,0
1964873,-0.299,8.564,-4.518,-0.070,-0.025,0.001,1785,0,0
1964893,-0.338,8.504,-4.475,-0.019,-0.030,-0.001,1781,0,0
1964913,-0.309,8.619,-4.551,0.013,-0.044,-0.006,1777,0,0
1964933,-0.299,8.672,-4.633,-0.030,-0.038,-0.010,1776,0,0
1964953,-0.328,8.667,-4.618,-0.023,-0.030,-0.006,1775,0,0
1964973,-0.424,8.684,-4.736,-0.009,-0.030,-0.009,1772,0,0
1964993,-0.294,8.705,-4.836,-0.037,-0.016,-0.009,1770,0,0
1965013,-0.206,8.705,-4.726,-0.060,0.017,-0.012,1769,0,0
1965033,-0.299,8.672,-4.539,-0.071,0.025,-0.024,1768,0,0
1965053,-0.340,8.744,-4.484,-0.041,0.007,-0.022,1769,0,0
1965073,-0.340,8.756,-4.551,-0.051,-0.008,-0.007,1767,0,0
1965093,-0.314,8.736,-4.599,-0.049,0.010,0.005,1765,0,0
1965113,-0.342,8.720,-4.549,-0.049,0.022,-0.000,1765,0,0
1965134,-0.409,8.665,-4.580,-0.069,0.013,-0.003,1763,0,0
1965153,-0.359,8.648,-4.618,-0.074,0.002,0.004,1762,0,0
1965173,-0.333,8.622,-4.597,-0.069,0.010,0.006,1759,0,0
1965193,-0.335,8.574,-4.530,-0.065,0.014,0.009,1758,0,0
1965213,-0.350,8.571,-4.635,-0.046,0.006,0.014,1757,0,0
1965233,-0.335,8.574,-4.673,-0.055,0.009,0.009,1755,0,0
1965253,-0.283,8.557,-4.669,-0.066,0.017,-0.003,1753,0,0
1965273,-0.388,8.519,-4.659,-0.055,0.021,-0.005,1753,0,0
