1737972,1.231,2.804,8.916,-0.058,0.017,0.002,1755,0,0
1737992,1.226,2.763,8.928,-0.063,0.020,0.007,1755,0,0
1738012,1.223,2.703,8.995,-0.067,0.018,-0.001,1754,0,0
1738032,1.245,2.667,9.009,-0.058,0.013,-0.009,1754,0,0
1738052,1.216,2.722,9.036,-0.039,0.007,-0.020,1754,0,0
1738072,1.226,2.749,8.988,-0.035,-0.002,-0.022,1755,0,0
1738092,1.233,2.768,8.957,-0.039,-0.003,-0.021,1754,0,0
1738112,1.199,2.758,9.002,-0.030,-0.004,-0.020,1756,0,0
1738133,1.195,2.770,8.978,-0.043,-0.007,-0.020,1757,0,0
1738152,1.219,2.770,8.947,-0.055,-0.013,-0.015,1756,0,0
1738172,1.247,2.725,8.973,-0.040,-0.015,-0.017,1757,0,0
1738192,1.267,2.753,8.957,-0.037,-0.009,-0.020,1757,0,0
1738213,1.252,2.813,8.959,-0.028,-0.003,-0.021,1758,0,0
1738232,1.257,2.878,8.966,-0.035,-0.010,-0.019,1758,0,0
1738252,1.329,2.851,8.885,-0.068,-0.007,-0.011,1757,0,0
1738272,1.307,2.799,8.842,-0.068,0.012,-0.001,1758,0,0
1738292,1.259,2.806,8.906,-0.066,0.027,0.005,1756,0,0
1738312,1.235,2.792,8.976,-0.088,0.029,0.007,1755,0,0
1738332,1.235,2.717,9.029,-0.076,0.019,0.009,1756,0,0
1738352,1.262,2.705,9.019,-0.041,0.019,0.005,1756,0,0
1738372,1.216,2.808,8.971,-0.022,0.021,0.001,1756,0,0
1738392,1.255,2.916,8.945,-0.043,0.013,-0.002,1756,0,0
1738413,1.298,2.875,8.856,-0.087,0.015,0.007,1755,0,0
1738432,1.324,2.725,8.914,-0.089,0.023,0.010,1756,0,0
1738452,1.269,2.677,9.002,-0.082,0.028,0.002,1755,0,0
1738472,1.190,2.701,9.081,-0.047,0.020,-0.007,1756,0,0
1738493,1.207,2.806,8.995,-0.021,0.010,-0.012,1755,0,0
1738512,1.223,2.883,8.918,-0.032,0.013,-0.008,1755,0,0
1738532,1.243,2.902,8.875,-0.060,0.022,-0.003,1755,0,0
1738552,1.204,2.818,8.961,-0.090,0.023,0.001,1755,0,0
1738572,1.233,2.713,9.017,-0.106,0.012,-0.004,1755,0,0
1738592,1.252,2.646,9.072,-0.090,-0.001,-0.016,1755,0,0
1738612,1.257,2.660,9.014,-0.051,-0.007,-0.029,1756,0,0
1738632,1.240,2.772,8.954,-0.019,-0.005,-0.040,1755,0,0
1738652,1.197,2.966,8.906,-0.017,-0.008,-0.041,1757,0,0
1738672,1.214,2.990,8.871,-0.074,-0.007,-0.028,1760,0,0
1738692,1.257,2.856,8.914,-0.120,-0.005,-0.014,1757,0,0
1738712,1.302,2.686,8.985,-0.134,-0.005,-0.007,1757,0,0
1738733,1.307,2.581,9.045,-0.096,-0.006,-0.007,1757,0,0
1738752,1.319,2.650,9.002,-0.038,-0.002,-0.010,1757,0,0
1738772,1.276,2.832,8.921,0.006,0.009,-0.011,1758,0,0
1738792,1.274,2.988,8.885,-0.009,0.015,-0.002,1757,0,0
1738812,1.279,2.959,8.854,-0.056,0.029,0.012,1757,0,0
1738832,1.276,2.765,8.904,-0.086,0.033,0.021,1758,0,0
1738852,1.307,2.629,9.041,-0.112,0.029,0.012,1758,0,0
1738872,1.252,2.574,9.072,-0.057,0.026,0.000,1757,0,0
1738892,1.223,2.703,9.076,0.001,0.019,-0.016,1757,0,0
1738912,1.195,2.892,8.995,0.008,0.002,-0.026,1758,0,0
1738933,1.243,3.000,8.839,-0.016,-0.002,-0.021,1756,0,0
1738952,1.276,3.026,8.796,-0.057,0.006,-0.007,1757,0,0
1738972,1.295,2.842,8.926,-0.124,0.008,0.003,1758,0,0
1738992,1.336,2.571,9.000,-0.132,0.010,0.000,1757,0,0
1739012,1.269,2.519,9.096,-0.056,0.013,-0.015,1757,0,0
1739032,1.197,2.713,9.076,0.010,0.007,-0.027,1757,0,0
1739052,1.221,2.947,8.973,0.031,0.000,-0.029,1759,0,0
1739072,1.207,3.067,8.820,-0.005,0.003,-0.018,1756,0,0
1739092,1.269,3.029,8.830,-0.063,-0.000,-0.010,1757,0,0
1739112,1.302,2.842,8.894,-0.132,-0.005,-0.009,1757,0,0
1739132,1.310,2.660,8.969,-0.122,0.002,-0.010,1757,0,0
1739152,1.262,2.641,9.081,-0.061,0.002,-0.016,1758,0,0
1739172,1.252,2.753,9.014,-0.027,-0.007,-0.021,1757,0,0
1739192,1.207,2.897,8.887,-0.019,-0.015,-0.017,1756,0,0
1739212,1.190,3.021,8.878,-0.026,-0.027,0.002,1759,0,0
1739232,1.211,3.096,8.892,-0.076,-0.038,0.029,1758,0,0
1739252,1.269,2.995,8.887,-0.146,-0.045,0.042,1757,0,0
1739272,1.343,2.823,8.911,-0.193,-0.044,0.048,1757,0,0
1739293,1.346,2.792,8.890,-0.184,-0.055,0.055,1757,0,0
1739312,1.312,2.854,9.009,-0.171,-0.098,0.060,1757,0,0
1739332,1.171,2.866,9.052,-0.202,-0.125,0.083,1757,0,0
1739352,1.085,2.749,9.227,-0.220,-0.155,0.122,1759,0,0
1739372,1.267,2.837,9.409,-0.145,-0.234,0.144,1760,0,0
1739392,1.669,3.144,9.237,-0.128,-0.411,0.142,1761,0,0
1739412,1.884,3.014,8.856,-0.278,-0.448,0.191,1760,0,0
1739432,1.587,2.799,8.880,-0.293,-0.389,0.205,1760,0,0
1739452,1.633,2.761,9.175,-0.327,-0.389,0.180,1761,0,0
1739472,1.614,3.235,9.555,-0.407,-0.469,0.246,1761,0,0
1739492,1.549,3.656,9.826,-0.645,-0.346,0.301,1760,0,0
1739512,1.659,4.101,10.190,-0.372,-0.256,0.368,1761,0,0
1739532,1.499,4.982,10.829,-0.452,-0.161,0.551,1761,0,0
1739552,0.977,4.587,10.997,-1.266,-0.135,0.720,1762,0,0
1739572,1.197,3.577,10.939,-1.485,-0.337,0.878,1762,0,0
1739592,1.592,3.012,11.025,-1.603,-0.441,0.908,1761,0,0
1739613,1.743,2.014,10.891,-1.571,-0.499,0.920,1758,0,0
1739632,2.112,1.563,10.525,-1.015,-0.491,0.945,1759,0,0
1739652,2.586,1.551,10.051,-0.524,-0.422,0.922,1759,0,0
1739672,2.763,1.652,9.687,-0.412,-0.273,0.927,1758,0,0
1739692,2.488,1.674,9.574,-0.516,-0.161,0.996,1757,0,0
1739712,2.150,1.286,9.457,-0.884,-0.200,1.096,1757,0,0
1739732,2.059,0.347,9.108,-1.100,-0.413,1.210,1755,0,0
1739752,2.332,-0.321,8.751,-1.190,-0.554,1.302,1753,0,0
1739772,2.722,-1.049,8.519,-1.061,-0.654,1.313,1752,0,0
1739792,3.249,-1.638,8.188,-1.167,-0.647,1.230,1750,0,0
1739812,3.572,-2.239,7.719,-1.223,-0.576,1.116,1748,0,0
1739832,3.958,-2.691,7.465,-1.175,-0.474,1.022,1744,0,0
1739852,4.073,-3.050,7.274,-1.086,-0.315,0.918,1738,0,0
1739872,4.111,-3.299,6.981,-1.014,-0.154,0.753,1727,0,0
1739892,3.938,-3.587,6.984,-0.949,-0.098,0.555,1712,0,0
1739912,3.962,-3.737,7.259,-0.879,-0.227,0.423,1702,0,0
1739932,4.164,-3.539,7.022,-0.852,-0.369,0.366,1692,0,0
1739953,4.348,-3.436,7.058,-1.138,-0.313,0.310,1681,0,0
1739972,4.350,-3.869,7.190,-1.362,-0.144,0.209,1678,0,0
1739992,4.128,-4.585,7.683,-1.292,0.024,0.089,1670,0,0
1740012,3.575,-4.566,8.021,-0.862,0.061,-0.022,1666,0,0
1740032,3.321,-4.322,8.207,-0.389,0.014,-0.103,1662,0,0
1740052,3.306,-3.658,8.097,-0.320,-0.088,-0.144,1658,0,0
1740072,3.340,-3.448,7.884,-0.546,-0.120,-0.156,1652,0,0
1740092,3.381,-3.656,7.896,-0.570,-0.058,-0.167,1650,0,0
1740112,3.311,-3.864,8.289,-0.440,0.009,-0.172,1650,0,0
1740133,3.136,-3.960,8.315,-0.254,-0.002,-0.176,1650,0,0
1740153,3.256,-3.572,8.092,0.031,-0.051,-0.174,1651,0,0
1740172,3.299,-3.100,7.848,0.076,-0.055,-0.141,1651,0,0
1740192,3.373,-3.117,7.781,-0.021,-0.064,-0.087,1652,0,0
1740212,3.582,-3.314,7.822,-0.077,-0.086,-0.056,1652,0,0
1740232,3.757,-3.529,7.721,-0.104,-0.066,-0.020,1652,0,0
1740252,3.807,-3.666,7.726,-0.021,-0.045,0.020,1653,0,0
1740272,3.797,-3.608,7.666,0.044,-0.041,0.047,1653,0,0
1740292,3.912,-3.632,7.638,0.037,-0.059,0.051,1654,0,0
1740312,4.063,-3.790,7.649,-0.046,-0.064,0.032,1655,0,0
1740332,4.120,-3.752,7.628,-0.036,-0.046,0.019,1655,0,0
1740352,4.096,-3.843,7.630,-0.012,-0.007,0.020,1657,0,0
1740372,4.159,-3.874,7.602,0.116,0.025,0.030,1657,0,0
1740392,4.219,-3.709,7.666,0.213,0.042,0.035,1658,0,0
1740413,4.173,-3.651,7.736,0.165,0.070,0.020,1659,0,0
1740432,4.207,-3.579,7.870,0.100,0.072,0.003,1659,0,0
1740453,4.149,-3.613,8.006,0.034,0.076,-0.001,1661,0,0
1740472,4.111,-3.661,8.064,0.048,0.085,0.011,1659,0,0
1740492,4.118,-3.567,8.052,0.108,0.095,0.025,1660,0,0
1740512,4.082,-3.359,8.028,0.122,0.104,0.027,1662,0,0
1740532,3.943,-3.268,8.033,0.077,0.091,0.005,1664,0,0
1740552,4.027,-3.206,8.083,0.024,0.051,-0.006,1664,0,0
1740573,4.075,-3.179,8.073,0.006,0.055,-0.004,1664,0,0
1740592,4.070,-3.170,8.059,0.052,0.093,-0.007,1665,0,0
1740612,3.991,-3.029,8.143,0.101,0.124,-0.022,1665,0,0
1740632,3.950,-2.916,8.248,0.130,0.120,-0.035,1665,0,0
1740653,3.984,-2.818,8.301,0.138,0.098,-0.035,1666,0,0
1740672,4.029,-2.674,8.277,0.128,0.092,-0.020,1666,0,0
1740692,3.936,-2.648,8.277,0.100,0.128,0.005,1667,0,0
1740712,3.814,-2.729,8.428,0.128,0.160,0.015,1667,0,0
1740732,3.689,-2.725,8.612,0.200,0.164,0.017,1668,0,0
1740752,3.601,-2.698,8.756,0.245,0.145,0.005,1669,0,0
1740772,3.529,-2.607,8.803,0.249,0.124,0.014,1670,0,0
1740792,3.436,-2.569,8.808,0.202,0.119,0.038,1670,0,0
1740812,3.395,-2.598,8.906,0.133,0.118,0.069,1671,0,0
1740832,3.314,-2.725,8.969,0.086,0.114,0.095,1672,0,0
1740852,3.275,-2.832,8.983,0.100,0.105,0.114,1674,0,0
1740872,3.278,-2.835,8.947,0.136,0.083,0.126,1674,0,0
1740892,3.314,-2.926,9.041,0.068,0.064,0.139,1674,0,0
1740912,3.326,-3.127,9.084,-0.026,0.034,0.143,1675,0,0
1740932,3.366,-3.311,9.079,-0.058,-0.007,0.142,1675,0,0
1740953,3.409,-3.409,9.012,-0.031,-0.038,0.130,1676,0,0
1740972,3.460,-3.378,8.918,0.018,-0.063,0.107,1674,0,0
1740992,3.496,-3.323,8.928,0.025,-0.074,0.069,1676,0,0
1741012,3.476,-3.199,8.844,-0.005,-0.092,0.023,1675,0,0
1741032,3.551,-3.182,8.777,-0.048,-0.111,-0.002,1676,0,0
1741052,3.634,-3.184,8.626,-0.023,-0.113,-0.024,1674,0,0
1741072,3.651,-3.134,8.562,0.050,-0.093,-0.060,1676,0,0
1741092,3.656,-2.902,8.540,0.099,-0.066,-0.092,1677,0,0
1741112,3.565,-2.696,8.509,0.075,-0.024,-0.100,1677,0,0
1741132,3.452,-2.619,8.574,0.023,0.000,-0.089,1677,0,0
1741152,3.385,-2.698,8.593,-0.011,-0.002,-0.079,1677,0,0
1741172,3.414,-2.722,8.641,0.010,-0.020,-0.083,1677,0,0
1741192,3.405,-2.717,8.629,-0.001,-0.023,-0.091,1677,0,0
1741212,3.359,-2.682,8.523,0.005,-0.021,-0.102,1678,0,0
1741232,3.428,-2.650,8.454,0.025,-0.019,-0.098,1678,0,0
1741252,3.484,-2.619,8.413,0.026,0.002,-0.092,1678,0,0
1741272,3.476,-2.610,8.490,-0.005,0.017,-0.091,1678,0,0
1741292,3.531,-2.550,8.483,-0.015,0.001,-0.086,1678,0,0
1741312,3.689,-2.564,8.418,-0.039,0.000,-0.060,1679,0,0
1741332,3.778,-2.619,8.485,-0.052,0.040,-0.046,1678,0,0
1741352,3.716,-2.653,8.535,-0.044,0.066,-0.055,1678,0,0
1741372,3.634,-2.528,8.516,-0.042,0.053,-0.073,1679,0,0
1741392,3.747,-2.461,8.550,-0.063,0.035,-0.082,1679,0,0
1741412,3.819,-2.533,8.562,-0.085,0.060,-0.083,1679,0,0
1741432,3.757,-2.495,8.626,-0.030,0.068,-0.099,1679,0,0
1741452,3.713,-2.243,8.617,0.007,0.065,-0.105,1679,0,0
1741472,3.685,-2.164,8.547,-0.042,0.071,-0.100,1679,0,0
1741492,3.766,-2.203,8.569,-0.059,0.088,-0.085,1679,0,0
1741512,3.761,-2.263,8.756,-0.017,0.091,-0.084,1679,0,0
1741532,3.737,-2.236,8.892,-0.003,0.070,-0.080,1680,0,0
1741552,3.709,-2.121,8.878,-0.008,0.045,-0.060,1680,0,0
1741572,3.704,-2.112,8.827,-0.034,0.031,-0.042,1679,0,0
1741592,3.723,-2.176,8.868,-0.043,0.014,-0.044,1679,0,0
1741612,3.747,-2.174,8.885,-0.045,0.011,-0.038,1680,0,0
1741632,3.730,-2.174,8.899,-0.021,0.009,-0.029,1680,0,0
1741652,3.713,-2.167,8.882,0.006,0.002,-0.020,1680,0,0
1741672,3.721,-2.119,8.813,-0.000,0.001,-0.007,1679,0,0
1741692,3.709,-2.116,8.832,-0.024,0.000,0.017,1680,0,0
1741713,3.670,-2.248,8.859,-0.051,-0.003,0.034,1680,0,0
1741732,3.606,-2.356,8.827,-0.039,-0.007,0.029,1680,0,0
1741752,3.577,-2.284,8.739,-0.015,-0.013,0.025,1680,0,0
1741772,3.560,-2.258,8.653,-0.032,-0.019,0.035,1680,0,0
1741792,3.577,-2.279,8.581,-0.051,-0.017,0.047,1680,0,0
1741812,3.565,-2.339,8.610,-0.054,0.001,0.051,1680,0,0
1741832,3.508,-2.373,8.629,-0.038,0.013,0.040,1680,0,0
1741852,3.536,-2.356,8.614,-0.031,0.001,0.024,1680,0,0
1741872,3.608,-2.373,8.521,-0.049,-0.001,0.018,1680,0,0
1741892,3.668,-2.325,8.461,-0.023,0.015,0.010,1680,0,0
1741912,3.596,-2.169,8.531,-0.018,0.035,0.017,1680,0,0
1741932,3.591,-2.188,8.638,-0.040,0.041,0.030,1680,0,0
1741952,3.610,-2.294,8.746,-0.039,0.032,0.022,1680,0,0
1741972,3.677,-2.318,8.854,-0.034,0.019,0.005,1681,0,0
1741992,3.658,-2.222,8.803,-0.034,0.015,0.004,1679,0,0
1742012,3.673,-2.150,8.741,-0.022,0.008,0.018,1680,0,0
1742032,3.673,-2.162,8.777,-0.038,0.022,0.042,1680,0,0
1742052,3.632,-2.260,8.851,-0.039,0.029,0.046,1680,0,0
1742072,3.646,-2.277,8.856,-0.033,0.024,0.042,1680,0,0
1742093,3.630,-2.255,8.799,-0.049,0.014,0.040,1681,0,0
1742112,3.689,-2.332,8.830,-0.079,0.019,0.051,1680,0,0
1742132,3.656,-2.485,8.885,-0.068,0.022,0.052,1680,0,0
1742152,3.625,-2.476,8.868,-0.025,0.018,0.039,1680,0,0
1742172,3.558,-2.392,8.801,-0.042,0.001,0.030,1681,0,0
1742192,3.596,-2.418,8.760,-0.063,0.004,0.026,1681,0,0
1742212,3.620,-2.461,8.799,-0.048,0.012,0.023,1681,0,0
1742232,3.567,-2.454,8.801,-0.041,0.013,0.024,1680,0,0
1742252,3.462,-2.442,8.803,-0.056,-0.001,0.022,1681,0,0
1742272,3.474,-2.454,8.724,-0.061,-0.027,0.013,1680,0,0
1742292,3.510,-2.461,8.641,-0.072,-0.033,-0.002,1680,0,0
1742312,3.543,-2.430,8.566,-0.051,-0.019,-0.018,1680,0,0
1742332,3.524,-2.373,8.583,-0.022,-0.003,-0.028,1680,0,0
1742352,3.457,-2.279,8.523,-0.008,0.007,-0.034,1681,0,0
1742372,3.467,-2.186,8.442,-0.030,0.008,-0.036,1682,0,0
1742392,3.551,-2.174,8.480,-0.056,0.016,-0.035,1681,0,0
1742412,3.587,-2.229,8.581,-0.057,0.042,-0.029,1681,0,0
1742432,3.512,-2.313,8.746,-0.035,0.061,-0.024,1681,0,0
1742452,3.512,-2.325,8.760,-0.015,0.043,-0.032,1682,0,0
1742472,3.582,-2.200,8.650,-0.012,0.021,-0.035,1682,0,0
1742492,3.656,-2.152,8.696,-0.067,0.029,-0.028,1682,0,0
1742512,3.622,-2.251,8.753,-0.091,0.049,-0.023,1682,0,0
1742532,3.546,-2.342,8.820,-0.027,0.049,-0.027,1681,0,0
1742552,3.572,-2.181,8.823,0.030,0.044,-0.029,1681,0,0
1742572,3.601,-2.143,8.856,-0.017,0.042,-0.023,1681,0,0
1742592,3.548,-2.186,8.969,-0.067,0.039,-0.009,1681,0,0
1742612,3.503,-2.236,9.064,-0.054,0.021,0.000,1682,0,0
1742632,3.460,-2.203,9.081,-0.052,-0.002,0.006,1682,0,0
1742652,3.455,-2.219,8.978,-0.079,-0.021,0.007,1681,0,0
1742672,3.527,-2.270,8.892,-0.074,-0.035,0.022,1681,0,0
1742692,3.572,-2.303,8.813,-0.066,-0.030,0.031,1682,0,0
1742712,3.567,-2.389,8.823,-0.064,-0.036,0.024,1682,0,0
1742732,3.563,-2.421,8.684,-0.059,-0.040,0.005,1682,0,0
1742752,3.589,-2.401,8.641,-0.055,-0.033,-0.018,1684,0,0
1742772,3.618,-2.358,8.624,-0.057,-0.024,-0.036,1682,0,0
1742793,3.661,-2.332,8.638,-0.033,-0.017,-0.046,1682,0,0
1742812,3.646,-2.315,8.566,-0.026,-0.008,-0.049,1682,0,0
1742832,3.677,-2.241,8.499,-0.005,-0.001,-0.060,1683,0,0
1742852,3.658,-2.152,8.545,-0.025,0.005,-0.067,1683,0,0
1742872,3.642,-2.193,8.672,-0.051,0.011,-0.066,1683,0,0
1742892,3.591,-2.179,8.748,-0.036,0.019,-0.068,1682,0,0
1742912,3.589,-2.088,8.679,-0.011,0.011,-0.071,1683,0,0
1742932,3.637,-1.975,8.650,-0.026,0.004,-0.062,1683,0,0
1742952,3.642,-1.994,8.626,-0.043,0.017,-0.054,1683,0,0
1742972,3.634,-2.040,8.703,-0.047,0.027,-0.054,1683,0,0
1742992,3.632,-1.999,8.775,-0.036,0.039,-0.042,1683,0,0
1743013,3.596,-1.954,8.806,-0.031,0.034,-0.024,1684,0,0
1743032,3.584,-2.023,8.847,-0.063,0.022,-0.022,1682,0,0
1743052,3.663,-2.148,8.823,-0.063,0.011,-0.024,1683,0,0
1743072,3.677,-2.145,8.780,-0.055,0.014,-0.023,1684,0,0
1743092,3.656,-2.143,8.820,-0.063,0.023,-0.016,1683,0,0
1743112,3.582,-2.155,8.803,-0.060,0.023,-0.019,1684,0,0
1743132,3.579,-2.126,8.787,-0.042,0.022,-0.018,1683,0,0
1743152,3.589,-2.128,8.753,-0.043,0.026,-0.017,1683,0,0
1743172,3.579,-2.140,8.777,-0.076,0.012,-0.019,1684,0,0
1743192,3.622,-2.198,8.746,-0.113,-0.008,-0.022,1684,0,0
1743212,3.694,-2.258,8.708,-0.102,0.005,-0.039,1683,0,0
1743232,3.663,-2.248,8.736,-0.032,0.027,-0.058,1683,0,0
1743252,3.610,-2.054,8.722,0.022,0.038,-0.058,1683,0,0
1743273,3.582,-1.832,8.717,0.000,0.027,-0.046,1683,0,0
1743292,3.572,-1.808,8.705,-0.079,0.011,-0.035,1684,0,0
1743312,3.613,-1.973,8.753,-0.121,0.007,-0.023,1684,0,0
1743332,3.620,-2.093,8.780,-0.090,0.012,-0.023,1684,0,0
1743352,3.634,-2.061,8.756,-0.037,0.009,-0.030,1684,0,0
1743372,3.713,-1.951,8.732,-0.017,0.028,-0.025,1683,0,0
1743393,3.677,-1.951,8.825,-0.023,0.040,-0.011,1683,0,0
1743412,3.625,-2.073,9.026,-0.056,0.009,-0.011,1684,0,0
1743432,3.721,-2.128,9.009,-0.074,-0.028,-0.016,1684,0,0
1743452,3.819,-2.193,9.012,-0.067,-0.030,-0.022,1684,0,0
1743472,3.795,-2.229,9.017,-0.009,-0.020,-0.031,1684,0,0
1743492,3.697,-2.174,9.057,0.035,-0.028,-0.039,1685,0,0
1743512,3.680,-2.061,8.988,0.025,-0.054,-0.039,1684,0,0
1743532,3.752,-1.992,8.875,-0.036,-0.070,-0.022,1684,0,0
1743552,3.737,-2.131,8.935,-0.104,-0.075,-0.012,1684,0,0
1743572,3.721,-2.310,8.971,-0.098,-0.095,-0.018,1684,0,0
1743592,3.761,-2.387,8.878,-0.044,-0.090,-0.033,1684,0,0
1743612,3.826,-2.239,8.770,-0.017,-0.069,-0.044,1685,0,0
1743632,3.792,-2.112,8.684,-0.048,-0.052,-0.031,1685,0,0
1743653,3.764,-2.128,8.677,-0.094,-0.064,-0.018,1686,0,0
1743672,3.761,-2.119,8.569,-0.148,-0.081,-0.012,1685,0,0
1743692,3.857,-2.136,8.459,-0.189,-0.073,-0.018,1686,0,0
1743712,3.833,-2.184,8.363,-0.171,-0.040,-0.032,1685,0,0
1743732,3.766,-2.076,8.344,-0.103,-0.008,-0.049,1686,0,0
1743752,3.754,-1.937,8.308,-0.112,0.009,-0.045,1686,0,0
1743772,3.730,-1.978,8.363,-0.163,0.035,-0.038,1685,0,0
1743792,3.656,-2.061,8.401,-0.166,0.047,-0.045,1686,0,0
1743812,3.594,-2.066,8.437,-0.130,0.062,-0.067,1685,0,0
1743832,3.587,-2.002,8.490,-0.119,0.082,-0.076,1686,0,0
1743852,3.488,-2.081,8.622,-0.119,0.108,-0.070,1686,0,0
1743872,3.417,-2.143,8.765,-0.082,0.099,-0.073,1685,0,0
1743892,3.467,-2.119,8.792,-0.084,0.082,-0.069,1686,0,0
1743912,3.431,-2.212,8.794,-0.141,0.075,-0.062,1687,0,0
1743932,3.419,-2.433,8.823,-0.157,0.066,-0.070,1687,0,0
1743952,3.452,-2.574,8.753,-0.101,0.066,-0.094,1686,0,0
1743972,3.553,-2.557,8.708,-0.066,0.075,-0.112,1686,0,0
1743992,3.577,-2.442,8.629,-0.060,0.077,-0.123,1686,0,0
1744012,3.680,-2.334,8.593,-0.113,0.076,-0.120,1686,0,0
1744032,3.766,-2.406,8.602,-0.167,0.084,-0.113,1685,0,0
1744052,3.850,-2.483,8.612,-0.142,0.099,-0.125,1686,0,0
1744072,3.864,-2.377,8.669,-0.127,0.103,-0.136,1686,0,0
1744092,3.917,-2.296,8.684,-0.150,0.092,-0.133,1688,0,0
1744112,3.948,-2.248,8.633,-0.124,0.084,-0.131,1685,0,0
1744132,3.962,-2.121,8.550,-0.106,0.080,-0.128,1686,0,0
1744152,3.960,-1.999,8.487,-0.143,0.072,-0.128,1685,0,0
1744172,3.998,-1.963,8.440,-0.145,0.070,-0.128,1685,0,0
1744192,3.986,-1.913,8.459,-0.092,0.095,-0.130,1685,0,0
1744212,3.883,-1.769,8.514,-0.052,0.108,-0.136,1684,0,0
1744232,3.816,-1.626,8.590,-0.031,0.110,-0.126,1689,0,0
1744252,3.757,-1.551,8.645,-0.015,0.106,-0.114,1685,0,0
1744272,3.627,-1.489,8.746,-0.036,0.096,-0.097,1685,0,0
1744292,3.551,-1.537,8.818,-0.054,0.091,-0.078,1686,0,0
1744313,3.548,-1.578,8.837,0.001,0.095,-0.060,1685,0,0
1744332,3.503,-1.494,8.878,0.060,0.114,-0.042,1686,0,0
1744353,3.385,-1.477,9.002,0.061,0.106,-0.012,1686,0,0
1744372,3.412,-1.549,9.017,0.005,0.066,0.019,1685,0,0
1744392,3.476,-1.741,8.966,-0.043,0.044,0.040,1686,0,0
1744412,3.493,-1.923,8.978,-0.016,0.055,0.037,1686,0,0
1744432,3.491,-1.939,8.957,0.044,0.072,0.031,1685,0,0
1744452,3.510,-1.872,8.928,0.067,0.078,0.043,1686,0,0
1744472,3.452,-1.908,9.019,0.036,0.067,0.054,1686,0,0
1744492,3.414,-2.073,9.117,-0.037,0.052,0.050,1686,0,0
1744512,3.414,-2.224,9.127,-0.046,0.031,0.038,1687,0,0
1744532,3.484,-2.246,9.060,0.022,0.018,0.019,1687,0,0
1744552,3.438,-2.207,8.926,0.047,0.031,-0.001,1686,0,0
1744572,3.361,-2.105,8.954,0.029,0.042,-0.012,1686,0,0
1744592,3.254,-2.083,9.009,-0.003,0.035,-0.007,1687,0,0
1744612,3.270,-2.152,8.997,-0.030,0.016,-0.007,1687,0,0
1744632,3.326,-2.251,8.940,-0.036,0.024,-0.020,1686,0,0
1744652,3.299,-2.272,9.005,-0.029,0.052,-0.025,1687,0,0
1744672,3.223,-2.246,9.076,-0.035,0.050,-0.031,1688,0,0
1744692,3.242,-2.229,8.985,-0.034,0.020,-0.039,1687,0,0
1744713,3.361,-2.164,8.899,-0.078,0.013,-0.042,1688,0,0
1744732,3.333,-2.136,8.873,-0.132,0.002,-0.047,1687,0,0
1744752,3.508,-2.069,8.720,-0.143,-0.014,-0.050,1687,0,0
1744772,3.634,-1.975,8.578,-0.142,0.010,-0.039,1687,0,0
1744792,3.630,-1.946,8.602,-0.167,0.033,-0.042,1687,0,0
1744812,3.730,-1.858,8.629,-0.174,0.031,-0.060,1686,0,0
1744832,3.816,-1.693,8.617,-0.145,0.047,-0.060,1688,0,0
1744852,3.809,-1.453,8.689,-0.103,0.079,-0.051,1687,0,0
1744872,3.819,-1.310,8.823,-0.119,0.088,-0.024,1687,0,0
1744892,3.771,-1.350,8.971,-0.128,0.078,-0.004,1687,0,0
1744912,3.701,-1.334,9.131,-0.079,0.053,0.001,1688,0,0
1744932,3.615,-1.305,9.234,-0.076,0.041,0.011,1688,0,0
1744952,3.464,-1.365,9.364,-0.048,0.026,0.026,1690,0,0
1744972,3.369,-1.437,9.431,0.005,-0.010,0.026,1688,0,0
1744992,3.292,-1.425,9.270,0.023,-0.042,0.030,1687,0,0
1745012,3.194,-1.448,9.263,0.009,-0.044,0.058,1687,0,0
1745032,3.127,-1.666,9.251,-0.006,-0.049,0.087,1688,0,0
1745052,3.103,-1.858,9.146,-0.010,-0.058,0.096,1689,0,0
1745072,3.024,-2.069,8.990,-0.016,-0.054,0.102,1689,0,0
1745092,3.021,-2.231,8.904,-0.046,-0.042,0.107,1690,0,0
1745112,2.988,-2.399,8.952,-0.061,-0.031,0.115,1688,0,0
1745132,2.959,-2.610,8.921,-0.061,-0.056,0.102,1688,0,0
1745152,3.091,-2.705,8.681,-0.071,-0.086,0.074,1688,0,0
1745172,3.237,-2.717,8.442,-0.128,-0.085,0.051,1687,0,0
1745192,3.280,-2.705,8.358,-0.222,-0.072,0.042,1686,0,0
1745212,3.357,-2.825,8.368,-0.269,-0.076,0.031,1686,0,0
1745232,3.412,-2.849,8.253,-0.273,-0.044,0.011,1686,0,0
1745252,3.546,-2.828,8.284,-0.260,-0.021,-0.020,1686,0,0
1745272,3.644,-2.679,8.303,-0.277,0.005,-0.053,1682,0,0
1745292,3.632,-2.569,8.408,-0.366,0.035,-0.082,1685,0,0
1745312,3.656,-2.545,8.497,-0.391,0.056,-0.093,1684,0,0
1745332,3.548,-2.492,8.576,-0.364,0.074,-0.094,1684,0,0
1745352,3.500,-2.464,8.701,-0.289,0.087,-0.105,1683,0,0
1745372,3.460,-2.404,8.813,-0.218,0.105,-0.132,1682,0,0
1745392,3.381,-2.258,8.803,-0.145,0.126,-0.148,1682,0,0
1745412,3.287,-2.066,8.818,-0.090,0.141,-0.139,1682,0,0
1745432,3.215,-1.932,8.916,-0.099,0.133,-0.118,1682,0,0
1745452,3.156,-1.980,9.079,-0.134,0.111,-0.098,1684,0,0
1745472,3.187,-2.049,9.129,-0.089,0.090,-0.092,1683,0,0
1745492,3.251,-2.004,9.098,-0.013,0.074,-0.087,1684,0,0
1745512,3.285,-1.939,9.103,0.027,0.080,-0.066,1683,0,0
1745532,3.237,-1.944,9.225,0.007,0.070,-0.045,1684,0,0
1745552,3.199,-2.061,9.349,-0.029,0.044,-0.028,1685,0,0
1745572,3.232,-2.236,9.369,-0.024,0.007,-0.017,1684,0,0
1745592,3.340,-2.234,9.285,0.025,-0.027,-0.015,1685,0,0
1745612,3.388,-2.200,9.148,0.016,-0.042,0.000,1685,0,0
1745632,3.376,-2.322,9.076,-0.027,-0.053,0.013,1686,0,0
1745652,3.409,-2.490,9.146,-0.046,-0.064,0.009,1686,0,0
1745672,3.460,-2.581,9.136,-0.016,-0.084,0.001,1685,0,0
1745692,3.498,-2.533,9.067,0.021,-0.097,-0.012,1687,0,0
1745712,3.531,-2.538,8.990,0.001,-0.113,-0.024,1686,0,0
1745732,3.620,-2.504,8.820,-0.013,-0.131,-0.028,1686,0,0
1745752,3.685,-2.423,8.763,-0.006,-0.123,-0.024,1686,0,0
1745772,3.658,-2.404,8.748,-0.005,-0.108,-0.029,1687,0,0
1745792,3.625,-2.325,8.643,0.022,-0.127,-0.042,1687,0,0
1745812,3.725,-2.095,8.499,0.027,-0.132,-0.034,1686,0,0
1745832,3.752,-1.985,8.401,-0.025,-0.114,-0.005,1686,0,0
1745852,3.766,-2.097,8.447,-0.061,-0.094,0.015,1686,0,0
1745873,3.723,-2.145,8.511,-0.029,-0.075,0.020,1684,0,0
1745892,3.709,-2.133,8.519,-0.010,-0.062,0.013,1685,0,0
1745912,3.680,-2.119,8.523,-0.009,-0.048,0.007,1686,0,0
1745932,3.634,-2.069,8.485,0.010,-0.049,0.011,1686,0,0
1745952,3.622,-2.076,8.521,-0.007,-0.048,0.019,1687,0,0
1745972,3.610,-2.102,8.456,-0.023,-0.038,0.025,1688,0,0
1745992,3.598,-2.114,8.437,-0.047,-0.046,0.025,1686,0,0
1746012,3.687,-2.195,8.394,-0.058,-0.054,0.024,1686,0,0
1746032,3.785,-2.210,8.313,-0.023,-0.029,0.021,1686,0,0
1746052,3.795,-2.152,8.351,0.013,0.015,0.019,1687,0,0
1746072,3.768,-2.081,8.423,0.034,0.041,0.025,1687,0,0
1746092,3.757,-1.997,8.562,0.026,0.039,0.031,1686,0,0
1746112,3.745,-2.049,8.715,-0.038,0.027,0.036,1687,0,0
1746132,3.795,-2.169,8.801,-0.058,0.013,0.030,1687,0,0
1746152,3.752,-2.198,8.859,-0.013,0.013,0.021,1687,0,0
1746172,3.682,-2.145,8.868,0.017,0.004,0.006,1686,0,0
1746192,3.730,-2.018,8.780,0.031,-0.010,0.009,1686,0,0
1746212,3.723,-2.021,8.768,0.011,-0.007,0.013,1687,0,0
1746232,3.694,-2.069,8.746,-0.021,-0.006,0.012,1687,0,0
1746252,3.675,-2.090,8.717,-0.010,-0.006,0.014,1687,0,0
1746272,3.718,-2.066,8.674,-0.011,-0.001,0.019,1688,0,0
1746292,3.761,-2.157,8.708,-0.028,0.013,0.026,1688,0,0
1746312,3.704,-2.193,8.734,-0.029,0.022,0.023,1689,0,0
1746332,3.668,-2.191,8.782,-0.033,0.007,0.012,1688,0,0
1746352,3.682,-2.140,8.765,-0.037,-0.002,0.008,1688,0,0
1746372,3.699,-2.114,8.732,-0.044,0.001,0.009,1687,0,0
1746392,3.661,-2.143,8.703,-0.040,0.019,0.004,1687,0,0
1746412,3.608,-2.143,8.667,-0.007,0.023,-0.007,1687,0,0
1746432,3.649,-2.004,8.600,0.003,0.022,-0.010,1687,0,0
1746452,3.694,-1.987,8.593,-0.047,0.038,0.002,1688,0,0
1746472,3.680,-2.102,8.720,-0.068,0.046,0.001,1688,0,0
1746492,3.649,-2.148,8.803,-0.053,0.038,-0.008,1687,0,0
1746512,3.620,-2.093,8.787,-0.050,0.031,-0.021,1687,0,0
1746532,3.627,-1.987,8.751,-0.048,0.017,-0.033,1689,0,0
1746552,3.651,-1.882,8.693,-0.058,0.019,-0.030,1687,0,0
1746572,3.625,-1.882,8.710,-0.065,0.038,-0.020,1688,0,0
1746592,3.591,-1.915,8.717,-0.047,0.051,-0.012,1686,0,0
1746612,3.543,-1.879,8.744,-0.040,0.045,-0.005,1688,0,0
1746632,3.582,-1.884,8.672,-0.062,0.038,-0.005,1689,0,0
1746652,3.677,-1.865,8.703,-0.083,0.046,0.010,1688,0,0
1746672,3.685,-2.021,8.856,-0.107,0.056,0.023,1688,0,0
1746692,3.682,-2.105,8.880,-0.071,0.045,0.019,1688,0,0
1746712,3.689,-2.040,8.832,-0.047,0.047,0.012,1688,0,0
1746732,3.694,-2.028,8.856,-0.086,0.046,0.007,1687,0,0
1746752,3.718,-2.121,8.911,-0.104,0.025,0.002,1687,0,0
1746772,3.759,-2.093,8.906,-0.074,0.015,-0.005,1687,0,0
1746792,3.745,-2.011,8.837,-0.067,0.019,-0.015,1688,0,0
1746812,3.682,-1.870,8.768,-0.072,0.016,-0.019,1688,0,0
1746832,3.682,-1.829,8.780,-0.081,0.011,-0.010,1688,0,0
1746852,3.677,-1.884,8.813,-0.101,0.010,-0.002,1688,0,0
1746872,3.630,-1.872,8.885,-0.089,0.013,0.001,1687,0,0
1746892,3.529,-1.803,8.882,-0.070,0.005,0.006,1689,0,0
1746912,3.546,-1.712,8.808,-0.087,-0.016,0.022,1689,0,0
1746932,3.577,-1.662,8.698,-0.128,-0.017,0.049,1688,0,0
1746952,3.596,-1.810,8.744,-0.188,-0.004,0.081,1688,0,0
1746972,3.534,-2.090,8.892,-0.201,-0.002,0.089,1687,0,0
1746992,3.546,-2.131,8.837,-0.158,-0.023,0.082,1689,0,0
1747012,3.589,-2.145,8.758,-0.190,-0.026,0.090,1687,0,0
1747032,3.649,-2.263,8.763,-0.223,-0.027,0.096,1688,0,0
1747052,3.725,-2.404,8.739,-0.261,-0.030,0.093,1687,0,0
1747072,3.713,-2.607,8.758,-0.314,-0.033,0.080,1688,0,0
1747092,3.749,-2.794,8.782,-0.315,-0.048,0.052,1687,0,0
1747112,3.807,-2.849,8.689,-0.219,-0.044,0.007,1684,0,0
1747132,3.761,-2.746,8.710,-0.103,-0.012,-0.035,1681,0,0
1747152,3.670,-2.557,8.698,-0.055,0.009,-0.062,1680,0,0
1747172,3.615,-2.392,8.760,-0.066,-0.007,-0.070,1675,0,0
1747192,3.644,-2.363,8.662,-0.096,-0.023,-0.083,1668,0,0
1747212,3.630,-2.286,8.622,-0.094,-0.030,-0.096,1661,0,0
1747232,3.620,-2.212,8.598,-0.098,-0.028,-0.092,1652,0,0
1747252,3.620,-2.251,8.638,-0.108,-0.002,-0.084,1648,0,0
1747272,3.603,-2.255,8.689,-0.071,0.012,-0.062,1644,0,0
1747292,3.598,-2.160,8.578,-0.013,0.009,-0.033,1640,0,0
1747312,3.601,-2.188,8.543,-0.057,0.018,-0.013,1636,0,0
1747332,3.563,-2.274,8.617,-0.088,0.012,-0.003,1633,0,0
1747352,3.591,-2.313,8.622,-0.091,-0.011,0.003,1630,0,0
1747372,3.661,-2.361,8.653,-0.092,-0.017,0.013,1626,0,0
1747392,3.725,-2.382,8.598,-0.091,-0.004,0.028,1618,0,0
1747412,3.752,-2.466,8.631,-0.099,0.013,0.031,1615,0,0
1747432,3.728,-2.550,8.643,-0.118,0.027,0.028,1609,0,0
1747452,3.771,-2.543,8.681,-0.121,0.014,0.019,1599,0,0
1747472,3.740,-2.545,8.751,-0.164,-0.003,0.018,1588,0,0
1747492,3.783,-2.670,8.772,-0.202,-0.033,0.016,1579,0,0
1747512,3.859,-2.732,8.708,-0.184,-0.047,-0.004,1566,0,0
1747532,3.871,-2.741,8.588,-0.159,-0.032,-0.024,1535,0,0
1747552,3.867,-2.672,8.586,-0.143,-0.018,-0.039,1534,0,0
1747572,3.776,-2.638,8.629,-0.161,-0.018,-0.065,1523,0,0
1747592,3.761,-2.588,8.631,-0.170,-0.047,-0.092,1515,0,0
1747612,3.843,-2.476,8.598,-0.192,-0.051,-0.081,1503,0,0
1747633,3.831,-2.521,8.619,-0.248,-0.037,-0.069,1486,0,0
1747652,3.795,-2.638,8.622,-0.262,-0.040,-0.077,1472,0,0
1747672,3.816,-2.619,8.631,-0.239,-0.063,-0.080,1456,0,0
1747692,3.797,-2.672,8.578,-0.273,-0.084,-0.083,1443,0,0
1747713,3.821,-2.715,8.598,-0.319,-0.111,-0.099,1425,0,0
1747732,3.864,-2.739,8.478,-0.320,-0.115,-0.103,1412,0,0
1747752,3.855,-2.739,8.413,-0.321,-0.093,-0.091,1396,0,0
1747772,3.955,-2.851,8.440,-0.326,-0.093,-0.076,1377,0,0
1747792,4.104,-3.010,8.411,-0.303,-0.080,-0.068,1359,0,0
1747812,4.173,-3.093,8.147,-0.270,-0.010,-0.075,1345,0,0
1747832,4.187,-3.144,8.116,-0.208,0.076,-0.086,1332,0,0
1747852,4.384,-3.151,8.411,-0.120,0.089,-0.102,1308,0,0
1747872,4.108,-3.385,8.155,-0.112,0.165,-0.120,1286,0,0
1747892,4.120,-3.213,8.128,0.011,0.196,-0.149,1265,0,0
1747912,4.367,-2.983,8.578,0.057,0.164,-0.191,1240,0,0
1747932,4.077,-3.069,8.552,-0.036,0.067,-0.145,1214,0,0
1747952,3.733,-3.146,8.131,-0.103,0.036,-0.173,1193,0,0
1747972,3.551,-2.526,8.135,0.116,0.043,-0.211,1168,0,0
1747992,3.627,-2.243,8.368,-0.003,0.001,-0.170,1143,0,0
1748012,3.591,-2.643,8.669,-0.241,-0.097,-0.144,1122,0,0
1748032,3.570,-3.141,8.131,-0.254,-0.154,-0.139,1100,0,0
1748052,3.907,-2.887,7.688,-0.260,0.119,-0.250,1081,2127,200
1748072,4.298,-3.251,8.267,-0.168,0.345,-0.252,1058,3184,200
1748092,3.989,-3.859,8.380,0.040,0.480,-0.325,1039,3670,200
1748112,3.455,-3.965,8.617,0.462,0.381,-0.330,1018,3844,200
1748133,3.836,-3.598,9.098,0.864,0.236,-0.351,1007,4048,200
1748152,4.300,-4.583,9.019,1.459,0.156,-0.556,1002,4095,200
1748172,4.377,-5.454,7.999,2.749,0.329,-0.934,1000,4095,200
1748192,4.384,-4.879,7.235,4.128,0.734,-1.386,1007,4095,200
1748212,4.463,-2.950,7.412,5.100,1.158,-1.831,1022,4095,200
1748232,3.938,-3.486,7.635,6.203,1.607,-2.433,1043,4095,200
1748252,1.800,-1.041,6.096,7.942,1.936,-3.122,1053,4095,200
1748272,0.508,5.291,4.867,8.275,1.931,-3.248,1057,4095,200
1748292,0.601,7.209,4.920,7.686,1.892,-2.904,1062,4095,200
1748312,-0.263,8.420,5.097,7.018,1.656,-2.557,1071,4095,200
1748332,-0.809,8.298,4.137,6.407,1.277,-2.277,1078,4095,200
1748352,-0.852,7.187,2.576,6.196,1.223,-2.229,1084,4095,200
1748372,-1.053,7.360,1.367,6.626,1.251,-2.311,1085,4095,200
1748392,-2.152,8.279,-0.060,6.772,1.167,-2.429,1086,4095,200
1748412,-3.627,9.084,-1.341,6.611,0.849,-2.423,1087,4095,200
1748432,-3.110,9.232,-2.708,6.093,0.574,-2.208,1087,4095,200
1748452,-3.452,12.371,-3.539,5.327,0.430,-1.856,1087,4095,200
1748473,-4.408,11.856,-4.152,3.601,0.103,-1.331,1088,4095,200
1748492,-3.766,11.315,-4.120,2.049,-0.117,-0.719,1088,4095,200
1748512,-3.438,9.328,-3.876,1.132,-0.241,-0.379,1090,4095,200
1748532,-3.812,8.497,-4.379,0.768,-0.339,-0.253,1092,4095,200
1748552,-2.593,8.526,-4.329,0.496,-0.226,-0.211,1095,4095,200
1748572,-3.519,7.831,-4.891,0.362,-0.089,-0.273,1097,4095,200
1748592,-3.024,8.619,-4.571,0.323,0.096,-0.233,1098,4095,200
1748612,-4.020,7.927,-4.841,0.263,0.088,-0.219,1101,4095,200
1748632,-3.120,9.436,-4.350,0.130,0.134,-0.116,1103,4095,200
1748652,-3.718,8.265,-4.678,-0.252,0.086,-0.007,1104,4095,200
1748672,-2.519,8.375,-4.154,-0.230,0.173,0.026,1106,4095,200
1748692,-3.330,7.578,-4.460,-0.105,0.165,-0.059,1106,4086,200
1748713,-3.201,8.095,-4.211,-0.023,0.205,-0.067,1109,4013,200
1748732,-3.031,8.131,-4.472,-0.027,0.225,-0.121,1110,3931,200
1748752,-3.405,8.310,-4.645,-0.161,0.252,-0.077,1114,3740,200
1748772,-2.291,8.430,-4.700,-0.283,0.484,-0.006,1119,3260,200
1748792,-3.445,7.362,-4.997,-0.333,0.664,-0.007,1133,1088,200
1748812,-3.249,7.934,-4.135,-0.107,0.784,-0.062,1146,0,0
1748832,-4.120,8.420,-3.929,-0.090,0.557,-0.032,1166,0,0
1748852,-4.152,8.693,-4.254,-0.395,0.441,0.002,1187,0,0
1748872,-3.639,8.423,-4.640,-0.504,0.365,0.034,1215,0,0
1748892,-2.796,9.148,-4.896,-0.541,0.526,0.079,1258,0,0
1748912,-2.241,8.442,-4.707,-0.883,0.829,0.103,1310,0,0
1748932,-2.504,8.073,-4.736,-0.854,1.144,0.233,1380,0,0
1748952,-2.756,8.289,-3.989,-0.487,1.252,0.393,1451,0,0
1748973,-2.698,8.485,-2.320,-0.048,0.859,0.420,1505,0,0
1748992,-2.456,8.399,-2.559,-0.334,0.447,0.234,1556,0,0
1749012,-2.440,8.303,-3.311,-0.673,0.210,0.129,1589,0,0
1749032,-2.210,8.492,-3.627,-0.384,0.094,0.161,1616,0,0
1749052,-2.229,8.607,-3.565,-0.185,0.095,0.193,1641,0,0
1749072,-2.478,8.720,-3.407,-0.230,0.063,0.154,1652,0,0
1749092,-2.344,8.954,-3.203,-0.172,-0.109,0.092,1660,0,0
1749112,-2.169,8.681,-3.244,-0.327,-0.196,0.040,1655,0,0
1749132,-1.913,8.401,-3.531,-0.392,-0.117,0.033,1656,0,0
1749152,-1.994,8.533,-3.553,-0.119,-0.031,0.047,1655,0,0
1749172,-2.308,8.768,-3.488,-0.102,0.037,0.063,1660,0,0
1749192,-2.418,8.835,-3.352,-0.262,-0.014,0.071,1665,0,0
1749212,-2.282,8.583,-3.347,-0.394,-0.087,0.045,1664,0,0
1749232,-2.071,8.396,-3.282,-0.374,-0.093,0.013,1663,0,0
1749252,-2.071,8.440,-3.338,-0.210,-0.054,-0.009,1661,0,0
1749272,-2.229,8.717,-3.354,-0.050,-0.011,0.001,1655,0,0
1749292,-2.468,9.088,-3.359,-0.128,-0.038,0.004,1648,0,0
1749312,-2.416,9.081,-3.256,-0.340,-0.110,0.021,1648,0,0
1749332,-2.246,8.698,-3.215,-0.459,-0.152,0.039,1647,0,0
1749352,-2.093,8.452,-3.292,-0.342,-0.105,0.039,1646,0,0
1749372,-2.061,8.485,-3.275,-0.080,-0.028,0.027,1642,0,0
1749392,-2.251,8.760,-3.280,0.007,0.009,0.006,1634,0,0
1749412,-2.289,8.976,-3.168,-0.089,-0.042,-0.010,1627,0,0
1749432,-2.241,8.837,-3.129,-0.244,-0.067,-0.017,1622,0,0
1749452,-2.136,8.765,-3.021,-0.190,-0.077,-0.025,1617,0,0
1749472,-2.025,8.875,-3.067,-0.056,-0.047,-0.013,1615,0,0
1749492,-2.066,9.110,-3.086,-0.039,0.028,0.039,1615,0,0
1749512,-2.303,8.961,-3.041,-0.152,0.036,0.044,1615,0,0
1749532,-2.289,8.768,-2.966,-0.169,-0.005,0.006,1615,0,0
1749552,-2.219,8.957,-2.964,-0.108,-0.010,-0.007,1614,0,0
1749573,-2.195,9.007,-2.895,-0.140,-0.006,0.017,1610,0,0
1749592,-2.205,8.890,-2.825,-0.172,-0.014,0.040,1608,0,0
1749612,-2.231,8.780,-2.780,-0.183,-0.041,0.028,1606,0,0
1749632,-2.241,8.775,-2.787,-0.205,-0.081,0.009,1606,0,0
1749652,-2.114,8.770,-2.871,-0.214,-0.083,0.012,1605,0,0
1749673,-2.045,8.765,-2.789,-0.136,-0.048,0.015,1604,0,0
1749692,-2.176,8.789,-2.713,-0.100,-0.009,-0.003,1603,0,0
1749712,-2.332,8.878,-2.806,-0.060,-0.016,-0.025,1602,0,0
1749732,-2.313,9.012,-2.885,-0.051,-0.038,-0.001,1601,0,0
1749752,-2.198,9.026,-2.866,-0.127,-0.049,0.033,1600,0,0
1749772,-2.162,8.909,-2.861,-0.181,-0.046,0.051,1599,0,0
1749792,-2.195,8.844,-2.861,-0.188,-0.047,0.040,1600,0,0
1749812,-2.155,8.849,-2.914,-0.184,-0.045,0.025,1598,0,0
1749832,-2.064,8.871,-2.954,-0.158,-0.016,0.019,1599,0,0
1749852,-2.097,8.760,-2.911,-0.134,0.020,0.005,1598,0,0
1749872,-2.109,8.832,-2.847,-0.045,0.049,-0.010,1596,0,0
1749892,-2.109,9.129,-2.823,0.007,0.056,-0.013,1595,0,0
1749912,-2.191,9.160,-2.744,-0.094,0.053,-0.008,1594,0,0
1749932,-2.241,9.093,-2.729,-0.137,0.024,0.012,1594,0,0
1749952,-2.186,9.177,-2.746,-0.154,0.003,0.042,1594,0,0
1749972,-2.143,9.179,-2.768,-0.242,-0.010,0.071,1594,0,0
1749992,-2.093,8.930,-2.713,-0.266,0.009,0.077,1594,0,0
1750012,-2.131,8.825,-2.614,-0.186,0.035,0.043,1592,0,0
1750032,-2.107,8.835,-2.545,-0.083,0.037,0.011,1591,0,0
1750052,-2.040,8.964,-2.617,-0.014,0.046,0.009,1592,0,0
1750072,-2.107,8.950,-2.624,-0.030,0.064,0.016,1590,0,0
1750092,-2.119,9.009,-2.550,-0.025,0.061,0.011,1588,0,0
1750112,-2.162,9.141,-2.464,-0.062,0.028,-0.007,1587,0,0
1750132,-2.093,9.026,-2.483,-0.128,-0.010,-0.004,1587,0,0
1750152,-2.073,8.906,-2.516,-0.105,-0.013,0.011,1584,0,0
1750172,-2.155,8.904,-2.559,-0.028,-0.011,0.014,1584,0,0
1750192,-2.174,9.038,-2.684,-0.025,-0.007,0.017,1583,0,0
1750212,-2.188,9.017,-2.679,-0.085,0.001,0.016,1584,0,0
1750232,-2.191,8.921,-2.583,-0.107,-0.004,0.010,1584,0,0
1750252,-2.205,8.904,-2.581,-0.068,-0.009,0.019,1584,0,0
1750272,-2.155,8.926,-2.705,-0.044,-0.000,0.032,1583,0,0
1750292,-2.093,8.916,-2.713,-0.043,0.019,0.024,1582,0,0
1750312,-2.025,9.002,-2.634,-0.066,0.033,-0.003,1582,0,0
1750332,-2.083,8.976,-2.444,-0.114,0.023,-0.019,1582,0,0
1750352,-2.069,8.983,-2.459,-0.087,-0.001,-0.002,1582,0,0
1750372,-1.985,9.057,-2.509,-0.051,-0.008,0.024,1582,0,0
1750393,-2.006,8.945,-2.586,-0.072,0.002,0.022,1583,0,0
1750412,-2.009,8.916,-2.631,-0.055,0.012,0.010,1582,0,0
1750432,-2.078,8.966,-2.646,-0.026,0.019,0.007,1582,0,0
1750452,-2.085,9.026,-2.665,-0.030,0.015,0.015,1581,0,0
1750472,-2.066,8.993,-2.684,-0.079,-0.003,0.011,1581,0,0
1750492,-1.994,8.926,-2.741,-0.092,-0.003,0.010,1580,0,0
1750512,-1.999,8.942,-2.715,-0.060,0.017,0.004,1579,0,0
1750532,-1.990,9.026,-2.729,-0.041,0.039,0.002,1577,0,0
1750552,-2.071,9.088,-2.689,-0.044,0.057,0.001,1579,0,0
1750572,-2.009,9.064,-2.660,-0.046,0.049,0.007,1580,0,0
1750592,-1.992,8.961,-2.677,-0.067,0.042,0.011,1579,0,0
1750613,-1.982,8.938,-2.717,-0.060,0.046,0.006,1576,0,0
1750633,-2.016,8.926,-2.672,-0.037,0.055,0.006,1580,0,0
1750652,-2.052,8.959,-2.686,-0.035,0.059,0.006,1579,0,0
1750672,-1.990,8.969,-2.693,-0.037,0.058,0.009,1579,0,0
1750692,-1.958,8.981,-2.629,-0.059,0.059,0.013,1580,0,0
1750712,-1.896,8.909,-2.574,-0.089,0.048,0.004,1579,0,0
1750732,-1.930,8.871,-2.607,-0.081,0.044,-0.012,1580,0,0
1750752,-1.913,8.952,-2.593,-0.036,0.043,-0.016,1579,0,0
1750772,-1.913,8.973,-2.552,-0.037,0.054,-0.004,1579,0,0
1750792,-2.037,8.954,-2.579,-0.041,0.049,-0.011,1578,0,0
1750812,-2.078,9.017,-2.588,-0.060,0.020,-0.019,1579,0,0
1750832,-2.011,8.983,-2.626,-0.090,-0.002,-0.010,1580,0,0
1750852,-1.944,8.882,-2.655,-0.087,0.010,-0.006,1580,0,0
1750872,-2.030,8.885,-2.670,-0.044,0.035,-0.023,1580,0,0
