1756512,-1.923,8.863,-2.789,-0.043,-0.019,0.027,1583,0,0
1756532,-1.884,8.861,-2.887,-0.068,-0.025,0.014,1583,0,0
1756552,-1.848,8.847,-2.914,-0.080,-0.017,0.001,1583,0,0
1756572,-1.848,8.894,-2.851,-0.063,-0.005,0.001,1583,0,0
1756592,-1.894,8.914,-2.828,-0.049,-0.008,-0.002,1583,0,0
1756612,-1.896,8.978,-2.892,-0.060,-0.009,-0.005,1583,0,0
1756632,-1.836,8.988,-2.899,-0.060,0.012,-0.001,1583,0,0
1756652,-1.829,8.940,-2.828,-0.060,0.012,0.002,1583,0,0
1756672,-1.872,8.923,-2.804,-0.066,0.001,-0.003,1583,0,0
1756692,-1.882,8.906,-2.904,-0.058,-0.001,-0.009,1583,0,0
1756712,-1.865,8.997,-2.892,-0.042,0.018,-0.017,1583,0,0
1756732,-1.927,8.995,-2.868,-0.057,0.028,-0.021,1583,0,0
1756752,-1.879,9.069,-2.847,-0.072,0.015,-0.032,1583,0,0
1756772,-1.865,9.129,-2.794,-0.092,0.027,-0.030,1583,0,0
1756792,-1.906,9.160,-2.682,-0.078,0.031,-0.023,1581,0,0
1756812,-1.906,9.160,-2.643,-0.071,0.030,-0.002,1583,0,0
1756832,-1.975,9.081,-2.662,-0.090,0.015,0.005,1583,0,0
1756853,-1.915,9.002,-2.741,-0.095,0.007,0.003,1582,0,0
1756872,-1.963,8.997,-2.749,-0.083,0.021,-0.002,1583,0,0
1756892,-1.987,9.043,-2.708,-0.076,0.028,0.003,1582,0,0
1756912,-1.956,9.009,-2.634,-0.080,0.032,0.020,1583,0,0
1756932,-1.956,8.868,-2.600,-0.082,0.020,0.020,1583,0,0
1756952,-1.853,8.844,-2.679,-0.060,-0.000,0.009,1583,0,0
1756972,-1.815,8.820,-2.710,-0.062,-0.001,-0.000,1582,0,0
1756992,-1.827,8.825,-2.749,-0.057,0.004,-0.005,1583,0,0
1757012,-1.891,8.844,-2.772,-0.045,0.007,-0.013,1583,0,0
1757032,-1.927,8.911,-2.811,-0.051,-0.002,-0.018,1582,0,0
1757052,-1.891,8.918,-2.856,-0.056,0.003,-0.016,1583,0,0
1757072,-1.863,8.882,-2.828,-0.046,0.011,-0.017,1583,0,0
1757092,-1.870,8.875,-2.844,-0.047,0.014,-0.023,1583,0,0
1757112,-1.870,8.859,-2.842,-0.066,0.009,-0.031,1583,0,0
1757132,-1.911,8.887,-2.854,-0.066,0.014,-0.047,1582,0,0
1757152,-1.913,9.019,-2.828,-0.051,0.021,-0.054,1583,0,0
1757172,-1.918,9.129,-2.806,-0.060,0.028,-0.043,1583,0,0
1757192,-1.884,9.120,-2.775,-0.082,0.029,-0.040,1583,0,0
1757212,-1.937,9.129,-2.677,-0.077,0.029,-0.044,1583,0,0
1757232,-1.951,9.232,-2.674,-0.067,0.023,-0.031,1583,0,0
1757252,-2.025,9.210,-2.698,-0.079,0.019,-0.018,1582,0,0
1757272,-2.052,9.151,-2.672,-0.068,0.027,-0.007,1583,0,0
1757292,-2.088,9.167,-2.643,-0.051,0.023,0.006,1583,0,0
1757312,-1.997,9.050,-2.708,-0.065,0.014,0.021,1582,0,0
1757332,-1.973,8.930,-2.746,-0.083,0.014,0.013,1583,0,0
1757352,-1.937,8.945,-2.686,-0.064,0.009,-0.007,1583,0,0
1757372,-2.057,9.036,-2.708,-0.060,0.004,-0.003,1584,0,0
1757393,-1.987,9.021,-2.768,-0.065,-0.000,0.017,1583,0,0
1757412,-1.963,8.847,-2.796,-0.083,0.013,0.021,1583,0,0
1757432,-1.920,8.739,-2.732,-0.063,0.023,0.008,1583,0,0
1757452,-1.949,8.763,-2.696,-0.029,0.010,-0.013,1584,0,0
1757473,-1.923,8.916,-2.782,-0.041,-0.010,-0.010,1583,0,0
1757492,-1.920,8.873,-2.842,-0.078,-0.002,-0.008,1582,0,0
1757512,-1.889,8.811,-2.799,-0.064,0.011,-0.019,1584,0,0
1757532,-1.860,8.873,-2.732,-0.034,0.016,-0.030,1583,0,0
1757552,-1.901,9.021,-2.794,-0.037,0.000,-0.039,1583,0,0
1757573,-1.913,9.165,-2.818,-0.054,0.001,-0.037,1582,0,0
1757592,-1.963,9.170,-2.794,-0.067,0.006,-0.022,1583,0,0
1757612,-1.949,9.057,-2.794,-0.073,0.017,-0.002,1583,0,0
1757632,-1.879,8.894,-2.818,-0.059,0.019,-0.009,1584,0,0
1757652,-1.877,8.933,-2.842,-0.039,0.014,-0.030,1584,0,0
1757672,-1.887,9.069,-2.866,-0.066,0.012,-0.036,1583,0,0
1757692,-1.975,9.086,-2.770,-0.091,0.017,-0.031,1584,0,0
1757712,-1.982,9.129,-2.751,-0.080,0.019,-0.018,1584,0,0
1757732,-2.030,9.167,-2.796,-0.071,0.026,-0.005,1584,0,0
1757752,-2.030,9.124,-2.840,-0.074,0.024,-0.003,1583,0,0
1757772,-1.990,9.153,-2.780,-0.068,0.033,0.004,1584,0,0
1757792,-2.009,9.100,-2.696,-0.057,0.035,0.019,1584,0,0
1757812,-1.999,9.019,-2.638,-0.065,0.029,0.031,1583,0,0
1757832,-1.968,8.851,-2.670,-0.083,0.010,0.017,1583,0,0
1757852,-1.944,8.890,-2.715,-0.061,0.017,0.002,1583,0,0
1757872,-1.999,8.935,-2.607,-0.042,0.029,0.002,1583,0,0
1757892,-2.030,8.945,-2.567,-0.046,0.011,0.008,1584,0,0
1757912,-1.875,8.866,-2.701,-0.057,-0.009,0.013,1583,0,0
1757932,-1.829,8.772,-2.701,-0.075,-0.006,-0.005,1584,0,0
1757952,-1.891,8.849,-2.689,-0.049,-0.011,-0.031,1584,0,0
1757973,-1.961,9.045,-2.756,-0.043,-0.024,-0.025,1584,0,0
1757992,-1.932,9.012,-2.873,-0.080,-0.020,-0.009,1583,0,0
1758012,-1.923,8.899,-2.923,-0.084,-0.005,-0.014,1584,0,0
1758032,-1.966,8.959,-2.861,-0.066,0.009,-0.026,1584,0,0
1758052,-2.035,9.064,-2.916,-0.069,0.011,-0.021,1583,0,0
1758072,-1.946,9.079,-2.931,-0.066,0.017,-0.007,1583,0,0
1758092,-1.896,9.036,-2.909,-0.080,0.038,-0.002,1584,0,0
1758112,-1.906,8.990,-2.770,-0.075,0.043,-0.012,1584,0,0
1758132,-1.944,8.997,-2.710,-0.063,0.027,-0.016,1584,0,0
1758152,-1.946,9.072,-2.777,-0.065,0.018,-0.011,1584,0,0
1758172,-1.923,9.048,-2.804,-0.077,0.022,-0.002,1584,0,0
1758192,-1.942,8.983,-2.780,-0.074,0.030,-0.004,1584,0,0
1758212,-1.951,9.000,-2.705,-0.075,0.034,-0.006,1584,0,0
1758232,-1.956,8.988,-2.670,-0.054,0.023,0.003,1584,0,0
1758252,-1.954,8.935,-2.732,-0.065,0.008,0.008,1584,0,0
1758272,-1.942,8.911,-2.828,-0.072,0.003,-0.009,1583,0,0
1758292,-1.985,8.978,-2.818,-0.071,0.017,-0.016,1584,0,0
1758312,-2.023,9.007,-2.808,-0.054,0.032,-0.009,1584,0,0
1758332,-1.973,8.985,-2.710,-0.062,0.034,-0.004,1584,0,0
1758352,-1.968,8.997,-2.653,-0.061,0.030,-0.010,1585,0,0
1758372,-1.990,9.033,-2.638,-0.069,0.024,-0.007,1585,0,0
1758392,-1.975,8.976,-2.715,-0.067,0.019,0.003,1584,0,0
1758412,-1.870,8.940,-2.727,-0.075,0.038,0.003,1585,0,0
1758432,-1.884,8.923,-2.605,-0.067,0.045,-0.008,1584,0,0
1758452,-1.899,9.057,-2.559,-0.049,0.029,-0.008,1584,0,0
1758472,-1.913,9.009,-2.595,-0.076,0.013,-0.002,1584,0,0
1758492,-1.896,8.940,-2.701,-0.072,0.006,0.000,1585,0,0
1758512,-1.992,8.973,-2.677,-0.036,0.010,-0.010,1584,0,0
1758532,-1.982,9.055,-2.746,-0.036,0.010,-0.006,1584,0,0
1758552,-1.958,9.033,-2.782,-0.048,0.013,0.002,1585,0,0
1758572,-1.954,8.995,-2.722,-0.065,0.013,-0.006,1584,0,0
1758592,-1.963,9.026,-2.665,-0.062,0.008,-0.011,1584,0,0
1758612,-1.961,9.045,-2.682,-0.056,0.002,-0.002,1585,0,0
1758632,-1.915,8.990,-2.729,-0.068,-0.001,0.001,1584,0,0
1758652,-1.896,8.976,-2.744,-0.070,0.003,-0.002,1584,0,0
1758672,-1.913,8.928,-2.708,-0.061,0.008,-0.002,1584,0,0
1758692,-1.908,8.964,-2.705,-0.058,0.000,-0.007,1584,0,0
1758712,-1.903,9.002,-2.775,-0.057,-0.008,-0.003,1584,0,0
1758732,-1.920,8.940,-2.813,-0.056,-0.010,0.002,1584,0,0
1758752,-1.877,8.885,-2.873,-0.042,-0.002,0.001,1584,0,0
1758772,-1.884,8.899,-2.880,-0.019,0.003,-0.012,1584,0,0
1758792,-1.927,8.990,-2.904,-0.033,0.005,-0.023,1584,0,0
1758812,-1.906,9.052,-2.851,-0.050,0.010,-0.020,1584,0,0
1758832,-1.927,9.026,-2.820,-0.062,0.018,-0.017,1584,0,0
1758852,-1.930,9.005,-2.734,-0.061,0.021,-0.021,1584,0,0
1758872,-1.942,9.043,-2.756,-0.054,0.014,-0.019,1584,0,0
1758892,-1.925,9.088,-2.746,-0.064,0.006,-0.014,1584,0,0
1758912,-1.932,9.036,-2.677,-0.076,0.006,-0.011,1584,0,0
1758932,-1.923,9.036,-2.739,-0.066,0.006,-0.012,1584,0,0
1758952,-1.918,9.081,-2.818,-0.054,0.009,-0.008,1584,0,0
1758972,-1.879,9.074,-2.830,-0.069,0.012,-0.000,1584,0,0
1758992,-1.882,9.014,-2.792,-0.078,0.013,-0.003,1584,0,0
1759012,-1.908,9.036,-2.799,-0.064,0.010,-0.010,1584,0,0
1759032,-1.918,9.069,-2.863,-0.065,0.002,-0.002,1584,0,0
1759052,-1.865,9.031,-2.969,-0.088,0.007,0.016,1584,0,0
1759072,-1.911,8.863,-2.928,-0.080,0.031,0.011,1584,0,0
1759092,-1.951,8.902,-2.890,-0.040,0.036,-0.002,1584,0,0
1759112,-2.028,8.981,-2.863,-0.052,0.026,0.006,1585,0,0
1759132,-2.002,8.892,-2.921,-0.072,0.017,0.008,1584,0,0
1759152,-1.908,8.842,-2.942,-0.051,0.035,0.000,1585,0,0
1759172,-1.923,8.851,-2.887,-0.041,0.055,-0.019,1585,0,0
1759192,-1.968,8.966,-2.749,-0.059,0.059,-0.034,1585,0,0
1759212,-1.997,9.038,-2.636,-0.072,0.055,-0.036,1584,0,0
1759232,-2.011,9.108,-2.622,-0.085,0.048,-0.032,1584,0,0
1759252,-1.966,9.148,-2.574,-0.097,0.048,-0.022,1584,0,0
1759272,-2.035,9.084,-2.473,-0.105,0.041,-0.011,1584,0,0
1759292,-1.994,9.060,-2.535,-0.085,0.033,0.003,1584,0,0
1759312,-2.018,9.076,-2.516,-0.065,0.027,0.004,1584,0,0
1759332,-1.992,9.093,-2.579,-0.083,0.011,0.009,1584,0,0
1759352,-1.891,8.990,-2.677,-0.082,0.002,0.030,1585,0,0
1759372,-1.836,8.811,-2.720,-0.081,-0.001,0.021,1585,0,0
1759392,-1.817,8.861,-2.801,-0.048,-0.010,-0.005,1584,0,0
1759412,-1.860,8.985,-2.863,-0.045,-0.011,-0.008,1583,0,0
1759432,-1.925,8.978,-2.849,-0.048,-0.013,0.003,1585,0,0
1759452,-1.872,8.971,-2.993,-0.056,-0.010,0.005,1584,0,0
1759472,-1.846,8.916,-2.962,-0.074,0.006,0.002,1584,0,0
1759492,-1.856,8.954,-2.883,-0.047,0.030,0.001,1584,0,0
1759512,-1.911,8.964,-2.828,-0.023,0.030,-0.001,1584,0,0
1759532,-1.896,9.017,-2.837,-0.044,0.023,-0.002,1584,0,0
1759552,-1.844,9.009,-2.820,-0.076,0.025,-0.009,1584,0,0
1759572,-1.824,8.993,-2.761,-0.062,0.037,-0.011,1584,0,0
1759592,-1.863,9.009,-2.631,-0.054,0.038,-0.015,1585,0,0
1759612,-1.839,9.062,-2.634,-0.066,0.023,-0.024,1585,0,0
1759632,-1.896,9.134,-2.631,-0.079,0.020,-0.026,1584,0,0
1759652,-1.966,9.187,-2.607,-0.092,0.013,-0.021,1585,0,0
1759672,-1.973,9.143,-2.653,-0.100,0.011,-0.006,1584,0,0
1759692,-1.961,9.115,-2.641,-0.086,0.021,0.004,1584,0,0
1759712,-1.987,9.069,-2.550,-0.080,0.021,0.008,1584,0,0
1759733,-2.030,9.029,-2.569,-0.070,0.002,0.019,1585,0,0
1759752,-1.985,8.945,-2.655,-0.071,-0.016,0.029,1586,0,0
1759772,-1.884,8.832,-2.717,-0.068,-0.013,0.026,1585,0,0
1759792,-1.872,8.763,-2.717,-0.047,-0.006,0.010,1584,0,0
1759812,-1.918,8.818,-2.751,-0.031,-0.014,0.000,1585,0,0
1759832,-1.901,8.866,-2.842,-0.046,-0.024,-0.001,1584,0,0
1759852,-1.827,8.844,-2.928,-0.056,-0.019,-0.006,1585,0,0
1759872,-1.860,8.815,-2.842,-0.052,-0.001,-0.014,1585,0,0
1759892,-1.925,8.856,-2.835,-0.034,0.006,-0.020,1585,0,0
1759912,-1.856,8.890,-2.842,-0.047,-0.002,-0.022,1584,0,0
1759932,-1.829,8.873,-2.825,-0.064,0.012,-0.029,1584,0,0
1759952,-1.884,8.906,-2.751,-0.047,0.011,-0.044,1584,0,0
1759972,-1.832,9.050,-2.756,-0.045,0.001,-0.042,1583,0,0
1759992,-1.867,9.088,-2.770,-0.059,0.005,-0.042,1585,0,0
1760012,-1.882,9.136,-2.789,-0.052,0.009,-0.044,1584,0,0
1760032,-1.908,9.256,-2.765,-0.047,0.016,-0.039,1584,0,0
1760052,-1.942,9.285,-2.744,-0.076,0.016,-0.027,1584,0,0
1760072,-1.980,9.280,-2.710,-0.066,0.015,-0.013,1584,0,0
1760092,-2.035,9.263,-2.737,-0.061,0.019,0.000,1585,0,0
1760112,-2.042,9.237,-2.811,-0.063,0.014,0.013,1584,0,0
1760133,-1.958,9.196,-2.780,-0.074,0.020,0.025,1585,0,0
1760152,-1.944,9.062,-2.658,-0.076,0.033,0.027,1585,0,0
1760172,-2.004,9.014,-2.535,-0.062,0.019,0.023,1585,0,0
1760192,-1.966,9.000,-2.595,-0.064,0.000,0.030,1584,0,0
1760212,-1.901,8.923,-2.614,-0.060,-0.001,0.035,1584,0,0
1760232,-1.879,8.844,-2.562,-0.053,-0.001,0.033,1585,0,0
1760252,-1.920,8.787,-2.576,-0.051,-0.019,0.027,1585,0,0
1760272,-1.848,8.736,-2.698,-0.057,-0.034,0.016,1585,0,0
1760292,-1.793,8.657,-2.820,-0.058,-0.026,0.006,1585,0,0
1760312,-1.812,8.674,-2.849,-0.036,-0.016,-0.014,1585,0,0
1760332,-1.887,8.753,-2.840,-0.044,-0.018,-0.033,1585,0,0
1760352,-1.913,8.835,-2.861,-0.056,-0.014,-0.035,1585,0,0
1760372,-1.894,8.832,-2.861,-0.046,-0.013,-0.033,1585,0,0
1760392,-1.841,8.861,-2.885,-0.033,-0.002,-0.037,1585,0,0
1760412,-1.889,8.959,-2.880,-0.037,-0.004,-0.055,1586,0,0
1760432,-1.906,9.120,-2.923,-0.038,-0.003,-0.057,1585,0,0
1760452,-1.925,9.165,-2.952,-0.044,0.014,-0.040,1585,0,0
1760472,-1.911,9.141,-2.899,-0.046,0.020,-0.037,1585,0,0
1760492,-1.956,9.179,-2.899,-0.053,0.019,-0.040,1585,0,0
1760513,-1.963,9.266,-2.825,-0.058,0.023,-0.031,1585,0,0
1760533,-1.954,9.282,-2.818,-0.063,0.033,-0.010,1585,0,0
1760552,-2.004,9.208,-2.763,-0.073,0.037,-0.003,1585,0,0
1760572,-1.992,9.206,-2.734,-0.071,0.031,-0.001,1587,0,0
1760592,-1.985,9.163,-2.660,-0.069,0.030,0.011,1586,0,0
1760612,-1.923,9.093,-2.662,-0.064,0.019,0.026,1586,0,0
1760632,-1.935,8.983,-2.698,-0.063,0.009,0.026,1587,0,0
1760652,-1.963,8.950,-2.725,-0.058,0.001,0.018,1585,0,0
1760672,-1.994,8.971,-2.840,-0.057,0.002,0.016,1586,0,0
1760692,-1.987,8.940,-2.816,-0.059,0.011,0.024,1585,0,0
1760712,-1.925,8.880,-2.801,-0.065,0.014,0.024,1585,0,0
1760732,-1.863,8.849,-2.713,-0.055,0.011,0.009,1585,0,0
1760752,-1.927,8.921,-2.682,-0.040,0.001,0.002,1585,0,0
1760772,-1.935,8.981,-2.772,-0.053,-0.016,0.006,1585,0,0
1760792,-1.894,8.957,-2.866,-0.069,-0.011,0.008,1585,0,0
1760812,-1.860,8.973,-2.799,-0.051,0.008,-0.001,1586,0,0
1760832,-1.891,9.064,-2.732,-0.039,0.016,0.001,1586,0,0
1760852,-1.896,9.122,-2.732,-0.043,-0.003,0.011,1585,0,0
1760872,-1.834,9.115,-2.806,-0.066,-0.014,0.011,1584,0,0
1760892,-1.815,9.100,-2.868,-0.072,-0.001,0.008,1587,0,0
1760912,-1.951,9.100,-2.789,-0.055,0.013,0.007,1586,0,0
1760932,-1.951,9.131,-2.844,-0.045,-0.001,0.009,1586,0,0
1760953,-1.738,9.179,-2.947,-0.098,-0.008,0.015,1586,0,0
1760972,-1.666,9.021,-2.792,-0.152,0.015,0.012,1585,0,0
1760992,-1.851,8.930,-2.480,-0.117,0.001,-0.009,1585,0,0
1761012,-1.906,9.100,-2.526,-0.101,-0.041,-0.013,1586,0,0
1761032,-1.858,9.098,-2.734,-0.145,-0.067,0.001,1585,0,0
1761052,-1.822,8.914,-2.861,-0.158,-0.049,-0.000,1586,0,0
1761073,-1.896,8.878,-2.761,-0.121,-0.033,-0.016,1585,0,0
1761092,-1.973,9.009,-2.653,-0.129,-0.054,-0.023,1586,0,0
1761112,-2.018,9.009,-2.713,-0.150,-0.072,-0.019,1586,0,0
1761132,-2.006,8.973,-2.782,-0.120,-0.062,-0.004,1586,0,0
1761153,-2.006,8.902,-2.863,-0.123,-0.048,0.006,1585,0,0
1761172,-2.045,8.803,-2.868,-0.138,-0.043,-0.023,1585,0,0
1761192,-2.119,8.961,-2.811,-0.111,-0.019,-0.039,1586,0,0
1761212,-2.198,9.074,-2.610,-0.105,-0.007,-0.019,1586,0,0
1761232,-2.124,8.926,-2.461,-0.123,-0.015,-0.003,1587,0,0
1761252,-2.126,8.856,-2.399,-0.079,-0.026,-0.017,1585,0,0
1761272,-2.088,8.959,-2.401,-0.086,-0.039,-0.031,1586,0,0
1761292,-2.042,9.000,-2.437,-0.115,-0.036,-0.039,1585,0,0
1761312,-2.054,9.026,-2.294,-0.088,-0.019,-0.043,1585,0,0
1761332,-2.045,9.120,-2.191,-0.044,-0.019,-0.037,1586,0,0
1761352,-1.992,9.165,-2.193,-0.062,-0.046,-0.021,1586,0,0
1761372,-1.863,9.067,-2.361,-0.103,-0.065,-0.003,1586,0,0
1761392,-1.779,8.942,-2.461,-0.105,-0.057,-0.020,1585,0,0
1761412,-1.762,9.088,-2.452,-0.076,-0.033,-0.037,1585,0,0
1761432,-1.810,9.244,-2.416,-0.081,-0.022,-0.021,1586,0,0
1761452,-1.820,9.246,-2.389,-0.102,-0.028,0.001,1586,0,0
1761472,-1.750,9.263,-2.387,-0.094,-0.033,0.009,1587,0,0
1761492,-1.707,9.208,-2.490,-0.109,-0.022,0.035,1587,0,0
1761512,-1.702,8.933,-2.507,-0.103,-0.023,0.048,1586,0,0
1761532,-1.724,8.782,-2.569,-0.078,-0.036,0.027,1586,0,0
1761552,-1.707,8.768,-2.674,-0.075,-0.031,0.008,1586,0,0
1761573,-1.765,8.741,-2.717,-0.075,-0.022,-0.001,1587,0,0
1761592,-1.970,8.691,-2.715,-0.050,-0.018,-0.022,1586,0,0
1761612,-2.071,8.815,-2.808,-0.031,-0.013,-0.032,1587,0,0
1761632,-2.057,8.894,-2.825,-0.062,0.003,-0.024,1588,0,0
1761652,-1.970,8.741,-2.696,-0.078,0.035,-0.015,1586,0,0
1761672,-1.999,8.679,-2.516,-0.044,0.036,-0.042,1586,0,0
1761692,-1.970,8.851,-2.483,-0.046,0.021,-0.067,1586,0,0
1761712,-1.932,9.043,-2.533,-0.039,0.025,-0.060,1587,0,0
1761732,-1.841,9.134,-2.562,-0.044,0.043,-0.033,1587,0,0
1761753,-1.772,8.964,-2.492,-0.062,0.054,-0.014,1586,0,0
1761772,-1.841,8.825,-2.425,-0.038,0.028,-0.034,1586,0,0
1761792,-1.803,8.959,-2.691,-0.023,-0.006,-0.039,1586,0,0
1761812,-1.712,8.906,-2.923,-0.058,0.013,-0.030,1585,0,0
1761832,-1.697,8.770,-3.029,-0.010,0.050,-0.044,1585,0,0
1761852,-1.846,8.904,-3.098,0.032,0.060,-0.068,1587,0,0
1761872,-1.939,9.029,-3.170,-0.008,0.062,-0.076,1587,0,0
1761892,-2.018,9.014,-3.225,-0.027,0.081,-0.074,1587,0,0
1761912,-2.093,9.084,-3.191,0.015,0.117,-0.079,1586,0,0
1761932,-2.205,9.203,-3.086,0.002,0.143,-0.075,1587,0,0
1761952,-2.322,9.246,-2.880,-0.018,0.157,-0.074,1587,0,0
1761972,-2.363,9.352,-2.662,0.006,0.173,-0.062,1586,0,0
1761992,-2.471,9.390,-2.444,-0.006,0.171,-0.046,1586,0,0
1762012,-2.507,9.349,-2.294,-0.053,0.133,-0.030,1587,0,0
1762032,-2.476,9.404,-2.274,-0.084,0.110,-0.021,1588,0,0
1762052,-2.416,9.385,-2.102,-0.137,0.100,-0.003,1587,0,0
1762072,-2.411,9.299,-1.901,-0.171,0.067,0.010,1587,0,0
1762092,-2.284,9.256,-1.798,-0.169,0.022,0.015,1589,0,0
1762112,-2.167,9.232,-1.822,-0.169,-0.005,0.025,1587,0,0
1762132,-2.076,9.131,-1.832,-0.141,-0.028,0.025,1587,0,0
1762152,-2.073,9.163,-2.018,-0.099,-0.044,0.029,1587,0,0
1762172,-2.066,9.086,-2.136,-0.119,-0.063,0.043,1587,0,0
1762192,-2.016,8.897,-2.260,-0.136,-0.081,0.042,1587,0,0
1762212,-2.052,8.825,-2.346,-0.108,-0.083,0.029,1587,0,0
1762232,-2.083,8.837,-2.466,-0.080,-0.079,0.031,1588,0,0
1762252,-2.028,8.746,-2.550,-0.096,-0.073,0.029,1587,0,0
1762273,-1.906,8.691,-2.535,-0.088,-0.071,0.009,1586,0,0
1762292,-1.915,8.729,-2.433,-0.064,-0.058,-0.013,1587,0,0
1762312,-2.018,8.880,-2.416,-0.055,-0.059,-0.025,1588,0,0
1762332,-2.009,8.993,-2.495,-0.059,-0.065,-0.011,1588,0,0
1762352,-1.896,8.945,-2.569,-0.080,-0.045,0.003,1588,0,0
1762372,-1.896,8.880,-2.452,-0.066,-0.031,-0.005,1588,0,0
1762392,-2.014,8.942,-2.380,-0.034,-0.038,-0.009,1588,0,0
1762412,-1.944,9.021,-2.581,-0.039,-0.048,0.016,1588,0,0
1762432,-1.743,8.856,-2.765,-0.048,-0.026,0.035,1589,0,0
1762452,-1.707,8.712,-2.782,-0.013,0.002,0.014,1587,0,0
1762473,-1.824,8.825,-2.808,0.022,-0.004,-0.019,1587,0,0
1762492,-1.858,8.947,-2.897,-0.004,-0.019,-0.029,1586,0,0
1762512,-1.867,8.983,-3.041,0.006,0.001,-0.021,1586,0,0
1762532,-1.942,9.033,-3.103,0.004,0.021,-0.012,1587,0,0
1762552,-2.097,8.978,-3.146,-0.002,0.032,-0.023,1587,0,0
1762572,-2.162,9.002,-3.108,-0.014,0.045,-0.020,1587,0,0
1762592,-2.100,8.976,-3.225,-0.021,0.059,-0.011,1586,0,0
1762612,-2.052,8.930,-3.215,-0.056,0.097,-0.021,1588,0,0
1762632,-2.200,8.966,-2.971,-0.062,0.122,-0.040,1587,0,0
1762652,-2.306,9.160,-2.825,-0.056,0.116,-0.038,1588,0,0
1762672,-2.246,9.292,-2.794,-0.075,0.119,-0.010,1590,0,0
1762692,-2.150,9.304,-2.638,-0.137,0.117,0.001,1589,0,0
1762712,-2.064,9.316,-2.411,-0.185,0.115,0.001,1589,0,0
1762732,-2.150,9.330,-2.133,-0.190,0.112,0.006,1589,0,0
1762752,-2.246,9.345,-2.057,-0.165,0.087,0.024,1590,0,0
1762772,-2.198,9.258,-2.100,-0.129,0.071,0.045,1590,0,0
1762792,-2.045,9.158,-2.167,-0.105,0.075,0.059,1590,0,0
1762812,-2.035,8.995,-2.078,-0.114,0.063,0.049,1590,0,0
1762832,-2.002,8.961,-2.078,-0.139,0.040,0.040,1590,0,0
1762852,-2.049,8.902,-2.078,-0.137,0.032,0.031,1590,0,0
1762872,-2.011,8.902,-2.131,-0.082,0.020,0.025,1589,0,0
1762892,-1.975,8.945,-2.184,-0.038,0.016,0.023,1588,0,0
1762913,-1.942,8.964,-2.248,-0.059,0.013,0.017,1589,0,0
1762932,-1.913,8.906,-2.186,-0.072,-0.001,0.007,1589,0,0
1762952,-1.932,8.904,-2.239,-0.068,-0.020,0.004,1589,0,0
1762972,-1.930,8.863,-2.337,-0.058,-0.039,-0.002,1589,0,0
1762992,-1.870,8.871,-2.468,-0.048,-0.030,-0.009,1589,0,0
1763012,-1.903,8.894,-2.488,-0.044,-0.018,-0.015,1589,0,0
1763033,-1.891,8.969,-2.476,-0.061,-0.021,-0.034,1588,0,0
1763052,-1.906,9.026,-2.514,-0.086,-0.026,-0.039,1588,0,0
1763072,-1.930,9.072,-2.528,-0.061,-0.015,-0.032,1588,0,0
1763092,-1.961,9.093,-2.567,-0.041,-0.006,-0.017,1588,0,0
1763112,-1.865,9.081,-2.605,-0.036,-0.001,-0.012,1588,0,0
1763132,-1.839,9.086,-2.538,-0.055,0.003,-0.022,1589,0,0
1763152,-1.891,9.160,-2.495,-0.054,0.002,-0.027,1590,0,0
1763172,-1.954,9.213,-2.468,-0.041,-0.001,-0.019,1589,0,0
1763192,-1.994,9.244,-2.538,-0.010,-0.002,0.001,1589,0,0
1763212,-1.935,9.172,-2.662,-0.038,-0.001,0.017,1590,0,0
1763232,-1.896,9.084,-2.674,-0.054,0.012,0.015,1589,0,0
1763252,-1.930,9.041,-2.574,-0.056,0.020,-0.004,1589,0,0
1763272,-1.958,9.100,-2.598,-0.053,0.019,-0.003,1590,0,0
1763292,-1.982,9.093,-2.564,-0.055,0.022,0.010,1589,0,0
1763312,-1.951,9.043,-2.600,-0.056,0.031,0.014,1589,0,0
1763332,-1.908,9.050,-2.535,-0.054,0.031,0.003,1589,0,0
1763352,-1.942,9.009,-2.413,-0.068,0.033,-0.002,1589,0,0
1763372,-1.932,9.067,-2.404,-0.047,0.023,0.001,1590,0,0
1763392,-1.911,9.038,-2.452,-0.056,0.017,0.001,1589,0,0
1763412,-1.932,8.988,-2.466,-0.064,0.010,0.000,1589,0,0
1763432,-1.949,9.009,-2.547,-0.064,0.007,-0.006,1589,0,0
1763452,-1.973,9.005,-2.507,-0.066,0.013,-0.013,1588,0,0
1763472,-1.994,8.988,-2.464,-0.058,0.018,-0.012,1590,0,0
1763492,-2.002,9.012,-2.509,-0.055,0.006,-0.009,1589,0,0
1763513,-1.954,8.981,-2.562,-0.077,0.002,-0.012,1590,0,0
1763532,-1.899,8.969,-2.567,-0.073,0.012,-0.019,1589,0,0
1763552,-1.877,9.005,-2.468,-0.066,0.019,-0.033,1589,0,0
1763572,-1.942,9.124,-2.409,-0.046,0.012,-0.031,1589,0,0
1763593,-1.975,9.242,-2.483,-0.044,-0.004,-0.013,1588,0,0
1763612,-1.951,9.199,-2.593,-0.065,0.003,0.005,1588,0,0
1763632,-1.951,9.033,-2.567,-0.082,0.010,0.002,1589,0,0
1763652,-1.951,9.041,-2.579,-0.069,0.006,-0.007,1589,0,0
1763672,-1.954,9.057,-2.626,-0.081,0.014,-0.010,1589,0,0
1763692,-1.935,9.048,-2.612,-0.063,0.029,-0.003,1589,0,0
1763712,-1.973,9.026,-2.521,-0.052,0.033,-0.001,1589,0,0
1763732,-1.978,8.993,-2.559,-0.084,0.019,-0.008,1590,0,0
1763752,-1.985,9.036,-2.636,-0.092,0.019,-0.007,1589,0,0
1763772,-1.935,9.024,-2.619,-0.066,0.041,-0.011,1589,0,0
1763792,-1.980,9.103,-2.485,-0.034,0.059,-0.009,1590,0,0
1763813,-2.011,9.086,-2.375,-0.060,0.040,-0.001,1589,0,0
1763832,-1.966,9.108,-2.377,-0.076,0.022,0.011,1589,0,0
1763852,-1.954,9.033,-2.356,-0.120,0.015,0.017,1590,0,0
1763872,-1.939,9.009,-2.339,-0.131,-0.000,0.019,1589,0,0
1763892,-1.946,9.017,-2.342,-0.158,-0.018,0.017,1589,0,0
1763912,-1.958,8.909,-2.365,-0.145,-0.012,0.009,1591,0,0
1763932,-1.887,8.952,-2.437,-0.069,0.005,-0.015,1589,0,0
1763952,-1.994,9.270,-2.471,-0.058,0.022,-0.006,1590,0,0
1763972,-2.143,9.572,-2.500,-0.213,-0.009,0.050,1590,0,0
1763992,-2.217,9.795,-2.581,-0.474,-0.089,0.159,1591,0,0
1764012,-2.167,9.776,-2.607,-0.826,-0.172,0.266,1589,0,0
1764032,-2.109,9.692,-2.411,-1.088,-0.250,0.339,1592,0,0
1764052,-1.982,9.850,-2.195,-1.218,-0.297,0.426,1591,0,0
1764072,-1.841,10.144,-1.968,-1.358,-0.306,0.556,1592,0,0
1764092,-2.047,10.934,-1.767,-1.624,-0.363,0.740,1593,0,0
1764112,-2.059,11.523,-1.398,-2.324,-0.542,0.999,1593,0,0
1764132,-1.887,10.968,-1.168,-3.138,-0.694,1.225,1593,0,0
1764152,-1.432,10.664,-0.704,-3.754,-0.824,1.387,1594,0,0
1764172,-1.221,10.894,-0.283,-4.122,-0.876,1.644,1593,0,0
1764192,-0.998,11.248,0.079,-4.817,-0.962,1.962,1593,0,0
1764212,-0.754,10.975,0.429,-6.311,-1.141,2.241,1595,0,0
1764232,-0.318,9.270,1.044,-7.914,-1.355,2.389,1597,0,0
1764252,0.570,6.225,2.188,-8.731,-1.533,2.370,1599,0,0
1764272,1.542,3.754,3.831,-8.500,-1.628,2.333,1600,0,0
1764292,2.184,2.289,5.389,-7.507,-1.512,2.312,1602,0,0
1764312,2.725,0.721,6.472,-6.102,-1.264,2.178,1603,0,0
1764332,3.448,-0.781,7.602,-4.693,-0.868,1.798,1603,0,0
1764352,3.926,-1.805,8.200,-3.221,-0.446,1.243,1604,0,0
1764372,4.144,-1.846,8.653,-1.766,-0.066,0.743,1604,0,0
1764392,3.869,-0.848,8.847,-0.733,0.204,0.465,1606,0,0
1764412,3.373,0.371,9.031,-0.496,0.239,0.414,1605,0,0
1764432,3.084,0.840,9.098,-0.862,0.068,0.423,1606,0,0
1764452,3.261,0.306,9.234,-1.260,-0.084,0.407,1605,0,0
1764472,3.428,-0.316,9.206,-1.277,-0.107,0.356,1604,0,0
1764492,3.438,-0.201,8.945,-1.116,-0.084,0.343,1602,0,0
1764512,3.445,-0.223,8.842,-1.164,-0.048,0.375,1602,0,0
1764532,3.541,-0.991,9.268,-1.197,-0.033,0.386,1601,0,0
1764552,3.613,-1.439,9.505,-0.932,-0.050,0.312,1601,0,0
1764572,3.620,-1.365,9.337,-0.686,-0.064,0.220,1601,0,0
1764592,3.644,-1.118,9.175,-0.695,-0.067,0.209,1600,0,0
1764612,3.668,-1.427,9.141,-0.781,-0.045,0.215,1599,0,0
1764632,3.594,-1.714,9.369,-0.685,-0.081,0.180,1599,0,0
1764652,3.591,-1.719,9.390,-0.600,-0.139,0.141,1596,0,0
1764672,3.630,-1.748,9.120,-0.506,-0.137,0.104,1588,0,0
1764692,3.673,-1.820,9.112,-0.424,-0.139,0.068,1582,0,0
1764712,3.603,-1.832,8.906,-0.374,-0.136,0.045,1562,0,0
1764732,3.539,-1.635,8.746,-0.340,-0.130,0.040,1535,0,0
1764752,3.539,-1.700,8.823,-0.349,-0.124,0.063,1527,0,0
1764772,3.620,-1.980,8.823,-0.405,-0.131,0.084,1514,0,0
1764792,3.747,-2.207,8.770,-0.311,-0.136,0.066,1498,0,0
1764812,3.807,-2.289,8.741,-0.213,-0.124,0.054,1481,0,0
1764832,3.780,-2.392,8.803,-0.207,-0.096,0.071,1466,0,0
1764853,3.757,-2.370,8.693,-0.177,-0.109,0.066,1455,0,0
1764872,3.745,-2.289,8.631,-0.138,-0.127,0.028,1443,0,0
1764892,3.733,-2.260,8.574,-0.200,-0.152,-0.012,1429,0,0
1764912,3.804,-2.437,8.607,-0.187,-0.162,-0.027,1411,0,0
1764932,3.828,-2.227,8.528,-0.094,-0.132,-0.025,1400,0,0
1764952,3.852,-1.942,8.452,-0.093,-0.080,-0.039,1392,0,0
1764972,3.778,-1.791,8.353,-0.201,-0.046,-0.021,1387,0,0
1764992,3.596,-1.879,8.401,-0.241,-0.043,-0.004,1382,0,0
1765012,3.682,-1.865,8.523,-0.220,-0.079,0.018,1376,0,0
1765032,3.898,-1.884,8.554,-0.265,-0.088,0.050,1360,0,0
1765052,3.910,-2.006,8.490,-0.353,-0.035,0.095,1351,0,0
1765072,3.905,-2.205,8.440,-0.385,-0.002,0.102,1344,0,0
1765092,3.850,-2.186,8.380,-0.392,0.011,0.102,1343,0,0
1765112,3.814,-2.207,8.641,-0.434,-0.023,0.147,1337,0,0
1765132,3.974,-2.665,8.677,-0.510,-0.059,0.206,1334,0,0
1765152,4.082,-2.892,8.600,-0.418,-0.062,0.197,1332,0,0
1765172,4.164,-3.203,8.686,-0.429,-0.044,0.155,1327,0,0
1765192,4.008,-3.555,8.674,-0.363,-0.037,0.060,1318,0,0
1765212,3.922,-3.112,8.605,-0.199,-0.092,-0.007,1312,0,0
1765232,3.982,-2.957,8.502,-0.249,-0.140,-0.028,1310,0,0
1765252,4.046,-3.168,8.447,-0.287,-0.123,-0.046,1311,0,0
1765272,4.130,-3.263,8.459,-0.178,-0.091,-0.094,1313,0,0
1765292,4.063,-2.976,8.289,-0.078,-0.054,-0.123,1318,0,0
1765312,3.960,-2.770,8.303,-0.044,-0.036,-0.086,1318,0,0
1765332,3.833,-2.667,8.308,-0.079,-0.064,-0.059,1323,0,0
1765352,3.941,-2.715,8.315,-0.140,-0.098,-0.056,1328,0,0
1765372,4.108,-2.643,8.212,-0.144,-0.086,-0.032,1333,0,0
1765392,4.147,-2.835,8.028,-0.152,-0.018,0.011,1340,0,0
1765412,4.192,-2.904,8.097,-0.102,0.036,0.037,1344,0,0
1765432,4.085,-2.919,8.135,-0.107,0.053,0.052,1344,0,0
1765452,4.037,-2.899,8.174,-0.139,0.015,0.087,1345,0,0
1765472,4.085,-3.010,8.210,-0.208,0.002,0.102,1345,0,0
1765492,4.185,-3.371,8.334,-0.252,0.005,0.095,1345,0,0
1765512,4.250,-3.452,8.411,-0.168,-0.001,0.059,1341,0,0
1765532,4.326,-3.455,8.660,-0.043,-0.070,0.044,1312,0,0
1765553,4.235,-3.249,8.701,0.075,-0.187,0.070,1279,0,0
1765572,4.348,-3.235,8.600,0.135,-0.246,0.091,1247,0,0
1765592,4.525,-3.060,8.121,0.114,-0.195,0.091,1221,0,0
1765612,4.235,-3.024,7.714,0.175,-0.003,0.052,1199,0,0
1765632,3.620,-2.725,6.960,0.229,0.243,-0.106,1167,1443,200
1765652,3.771,-3.033,8.313,0.425,0.321,-0.170,1139,3073,200
1765672,4.190,-3.862,8.423,0.544,0.275,-0.300,1123,3423,200
1765692,4.305,-3.847,8.736,1.225,0.325,-0.400,1107,3705,200
1765712,3.795,-2.897,8.131,1.302,0.104,-0.455,1100,3861,200
1765732,4.594,-5.387,8.684,1.658,0.255,-0.798,1089,3985,200
1765752,5.380,-7.444,8.703,3.837,0.621,-1.462,1084,4076,200
1765772,3.907,-1.815,7.096,5.805,0.927,-1.930,1082,4095,200
1765792,2.449,5.229,7.843,4.553,0.707,-1.575,1076,4095,200
1765812,4.120,-0.697,9.409,2.985,0.517,-1.435,1073,4095,200
1765832,4.602,-7.551,7.968,5.605,0.829,-2.506,1075,4095,200
1765852,3.529,-4.211,3.919,8.731,1.606,-3.885,1079,4095,200
1765872,1.413,4.367,1.915,8.731,2.291,-4.357,1081,4095,200
1765892,-0.709,8.818,2.093,8.731,2.208,-3.848,1079,4095,200
1765912,-1.887,7.757,1.037,8.731,1.747,-3.243,1077,4095,200
1765932,-1.647,7.453,-1.367,8.731,1.409,-3.047,1075,4095,200
1765952,-1.592,6.598,-3.893,8.731,1.345,-3.189,1072,4095,200
1765972,-3.364,8.801,-6.053,8.731,1.247,-2.993,1069,4095,200
1765992,-6.007,14.097,-6.065,8.637,0.620,-2.287,1067,4095,200
1766012,-5.092,16.192,-5.653,5.145,-0.515,-0.919,1066,4095,200
1766032,-2.416,9.261,-6.996,2.503,-0.849,-0.247,1067,4095,200
1766052,-2.456,6.448,-7.496,1.795,-0.627,-0.330,1070,4095,200
1766072,-3.041,8.243,-6.941,1.142,-0.426,-0.273,1070,4095,200
1766092,-2.986,7.367,-7.197,0.621,-0.395,-0.117,1071,4095,200
1766112,-3.448,6.962,-7.697,0.314,-0.304,-0.169,1072,4095,200
1766132,-2.787,8.617,-7.245,-0.151,-0.154,-0.040,1073,4095,200
1766153,-2.638,7.391,-6.721,-0.477,-0.028,0.030,1074,4095,200
1766172,-3.306,7.453,-6.840,-0.336,0.025,0.017,1076,4095,200
1766192,-2.535,7.549,-6.076,-0.429,0.095,0.057,1081,4095,200
1766212,-2.365,8.159,-5.976,-0.292,0.108,0.008,1082,4095,200
1766232,-3.007,6.943,-6.309,-0.343,0.100,-0.039,1085,4095,200
1766252,-2.660,7.415,-6.081,-0.080,0.148,-0.069,1083,4095,200
1766272,-2.385,8.657,-5.806,-0.079,0.190,-0.021,1083,4095,200
1766292,-2.569,8.176,-5.997,-0.144,0.228,0.184,1077,3726,200
1766312,-3.948,7.144,-5.397,-0.173,0.168,0.327,1072,2137,200
1766332,-3.632,7.755,-5.009,-0.086,-0.067,0.309,1096,0,0
1766352,-1.508,8.662,-7.908,-0.526,0.369,0.241,1146,0,0
1766372,-0.982,7.173,-7.673,-1.131,1.301,-0.048,1194,0,0
1766392,-2.169,6.950,-7.934,-0.805,2.108,-0.144,1266,0,0
1766412,-2.011,7.606,-5.011,-0.928,2.103,-0.082,1357,0,0
1766432,-2.236,7.298,-3.134,-0.319,1.413,0.044,1455,0,0
1766452,-2.375,7.853,-4.520,-0.065,0.868,0.209,1535,0,0
1766472,-1.846,8.734,-4.623,0.097,0.443,0.216,1620,0,0
1766492,-1.724,8.674,-5.140,-0.291,0.269,0.227,1690,0,0
1766512,-1.420,7.745,-4.867,-0.515,0.073,0.280,1746,0,0
1766532,-1.202,7.326,-5.037,-0.150,-0.077,0.235,1784,0,0
1766552,-1.484,7.918,-5.329,0.078,-0.081,0.147,1815,0,0
1766572,-1.456,8.296,-5.313,0.035,-0.095,0.092,1839,0,0
1766592,-1.513,8.447,-5.207,-0.266,-0.100,0.055,1857,0,0
1766612,-1.446,8.181,-5.195,-0.461,-0.189,0.025,1872,0,0
1766632,-1.209,8.006,-5.480,-0.565,-0.189,0.030,1879,0,0
1766652,-1.290,7.944,-5.459,-0.434,-0.073,0.058,1888,0,0
1766672,-1.506,8.052,-5.306,-0.250,-0.027,0.048,1894,0,0
1766692,-1.501,8.171,-5.253,-0.205,-0.018,0.039,1901,0,0
1766712,-1.403,8.100,-5.289,-0.229,0.011,0.033,1901,0,0
1766732,-1.528,8.212,-5.387,-0.186,0.043,0.026,1903,0,0
1766752,-1.700,8.356,-5.136,-0.285,-0.010,0.024,1902,0,0
1766772,-1.401,8.028,-5.200,-0.405,-0.042,0.032,1901,0,0
1766792,-1.238,7.973,-5.138,-0.279,-0.001,0.016,1902,0,0
1766812,-1.329,8.212,-5.069,-0.160,0.057,0.002,1899,0,0
1766832,-1.513,8.296,-4.901,-0.216,0.063,0.007,1897,0,0
1766852,-1.566,8.523,-4.903,-0.259,0.013,0.030,1893,0,0
1766872,-1.444,8.578,-4.822,-0.401,-0.043,0.050,1889,0,0
1766892,-1.326,8.052,-4.779,-0.500,-0.052,0.038,1881,0,0
1766912,-1.159,7.985,-4.717,-0.253,-0.017,0.016,1876,0,0
1766932,-1.149,8.353,-4.702,-0.039,0.049,-0.001,1873,0,0
1766952,-1.355,8.526,-4.700,-0.089,0.107,0.000,1871,0,0
1766972,-1.556,8.657,-4.616,-0.145,0.069,0.014,1865,0,0
1766992,-1.482,8.693,-4.659,-0.301,-0.009,0.019,1856,0,0
1767012,-1.302,8.313,-4.697,-0.414,-0.021,0.013,1849,0,0
1767032,-1.228,8.255,-4.626,-0.199,0.025,0.009,1843,0,0
1767052,-1.247,8.485,-4.630,-0.031,0.063,0.009,1840,0,0
1767072,-1.365,8.710,-4.606,-0.105,0.056,0.016,1837,0,0
1767092,-1.504,8.830,-4.652,-0.270,0.003,0.028,1830,0,0
1767112,-1.393,8.753,-4.621,-0.370,-0.028,0.044,1820,0,0
1767132,-1.290,8.557,-4.535,-0.359,-0.000,0.057,1811,0,0
1767152,-1.279,8.272,-4.403,-0.220,0.049,0.047,1808,0,0
1767172,-1.216,8.373,-4.348,-0.037,0.066,0.007,1806,0,0
1767192,-1.281,8.705,-4.386,-0.006,0.070,-0.013,1803,0,0
1767212,-1.341,8.787,-4.372,-0.117,0.044,0.007,1803,0,0
1767232,-1.302,8.636,-4.357,-0.186,0.034,0.032,1801,0,0
1767252,-1.288,8.507,-4.403,-0.136,0.035,0.025,1799,0,0
1767272,-1.185,8.535,-4.365,-0.088,0.043,0.013,1795,0,0
1767292,-1.207,8.602,-4.355,-0.034,0.055,0.012,1793,0,0
1767327,-1.329,8.799,-4.312,-0.120,0.032,0.011,1790,0,0
1767338,-1.314,8.712,-4.302,-0.162,0.014,0.009,1790,0,0
1767352,-1.283,8.650,-4.336,-0.158,0.001,0.011,1787,0,0
1767372,-1.267,8.653,-4.336,-0.128,-0.002,0.022,1776,0,0
1767393,-1.243,8.614,-4.329,-0.120,0.008,0.031,1769,0,0
1767412,-1.252,8.645,-4.345,-0.120,0.015,0.039,1767,0,0
1767432,-1.283,8.612,-4.288,-0.138,0.023,0.054,1763,0,0
1767452,-1.247,8.629,-4.262,-0.167,0.027,0.056,1762,0,0
1767472,-1.262,8.497,-4.226,-0.178,0.015,0.037,1762,0,0
1767492,-1.128,8.507,-4.278,-0.100,0.026,0.012,1761,0,0
1767512,-1.123,8.629,-4.269,-0.025,0.053,-0.001,1758,0,0
1767532,-1.180,8.741,-4.192,-0.019,0.059,0.009,1753,0,0
1767552,-1.240,8.789,-4.197,-0.060,0.040,0.015,1749,0,0
1767572,-1.231,8.780,-4.343,-0.107,0.024,0.015,1745,0,0
1767592,-1.195,8.710,-4.365,-0.147,0.030,0.023,1744,0,0
1767612,-1.142,8.559,-4.262,-0.116,0.050,0.019,1744,0,0
1767632,-1.125,8.669,-4.245,-0.034,0.066,0.006,1742,0,0
1767652,-1.188,8.825,-4.192,-0.021,0.068,0.001,1741,0,0
1767672,-1.173,8.827,-4.128,-0.052,0.050,0.023,1741,0,0
1767692,-1.120,8.782,-4.223,-0.085,0.035,0.037,1741,0,0
1767712,-1.056,8.674,-4.233,-0.123,0.037,0.038,1739,0,0
1767732,-1.154,8.667,-4.219,-0.116,0.046,0.040,1738,0,0
1767752,-1.149,8.662,-4.259,-0.070,0.044,0.032,1734,0,0
1767772,-1.041,8.653,-4.257,-0.052,0.034,0.029,1730,0,0
1767792,-1.065,8.641,-4.259,-0.066,0.045,0.029,1729,0,0
1767812,-1.113,8.581,-4.252,-0.073,0.041,0.038,1729,0,0
1767832,-1.132,8.564,-4.266,-0.070,0.034,0.045,1728,0,0
1767852,-1.051,8.538,-4.281,-0.088,0.025,0.036,1727,0,0
1767872,-0.994,8.456,-4.243,-0.113,0.024,0.022,1727,0,0
1767892,-1.001,8.370,-4.202,-0.096,0.018,-0.010,1726,0,0
1767912,-1.034,8.547,-4.178,-0.045,0.014,-0.046,1723,0,0
1767932,-1.073,8.727,-4.207,-0.068,0.021,-0.058,1719,0,0
1767953,-1.051,8.815,-4.085,-0.083,0.025,-0.043,1716,0,0
1767972,-1.089,8.832,-4.094,-0.078,0.030,-0.023,1714,0,0
1767992,-1.130,8.818,-4.068,-0.089,0.025,-0.015,1713,0,0
1768012,-1.123,8.768,-4.077,-0.110,0.006,-0.019,1714,0,0
1768032,-1.097,8.722,-4.128,-0.099,-0.001,-0.017,1714,0,0
1768052,-1.032,8.712,-4.199,-0.074,0.006,-0.003,1713,0,0
