1704852,3.474,-3.014,8.655,-0.139,0.014,0.025,1589,0,0
1704872,3.555,-3.211,8.598,-0.086,-0.008,0.014,1588,0,0
1704892,3.594,-3.132,8.531,0.007,0.009,0.008,1589,0,0
1704912,3.524,-2.931,8.593,0.058,0.047,0.017,1588,0,0
1704932,3.448,-2.851,8.617,0.016,0.043,0.028,1589,0,0
1704952,3.450,-2.916,8.633,-0.033,0.006,0.035,1588,0,0
1704972,3.551,-3.041,8.624,-0.069,-0.027,0.054,1588,0,0
1704992,3.567,-3.108,8.562,-0.119,-0.031,0.071,1586,0,0
1705012,3.613,-3.251,8.538,-0.113,-0.030,0.069,1586,0,0
1705032,3.701,-3.287,8.499,-0.054,0.000,0.056,1587,0,0
1705052,3.687,-3.326,8.602,-0.053,0.046,0.019,1587,0,0
1705072,3.613,-3.275,8.698,-0.050,0.033,-0.002,1587,0,0
1705092,3.630,-3.129,8.643,-0.065,-0.010,0.002,1587,0,0
1705112,3.587,-3.026,8.581,-0.138,-0.037,0.016,1587,0,0
1705132,3.587,-3.053,8.610,-0.206,-0.051,0.024,1586,0,0
1705152,3.610,-3.148,8.552,-0.192,-0.036,0.019,1586,0,0
1705172,3.563,-3.117,8.590,-0.125,-0.007,0.012,1587,0,0
1705192,3.529,-3.093,8.641,-0.120,-0.006,0.015,1587,0,0
1705212,3.503,-3.041,8.610,-0.126,-0.031,0.034,1586,0,0
1705232,3.455,-3.021,8.528,-0.152,-0.048,0.049,1585,0,0
1705252,3.572,-3.249,8.519,-0.193,-0.056,0.056,1586,0,0
1705272,3.677,-3.505,8.526,-0.150,-0.036,0.037,1586,0,0
1705292,3.689,-3.656,8.502,-0.038,-0.011,-0.009,1586,0,0
1705312,3.625,-3.431,8.408,0.060,0.002,-0.038,1586,0,0
1705332,3.587,-3.168,8.296,0.042,0.015,-0.030,1586,0,0
1705352,3.479,-3.084,8.325,-0.055,0.008,-0.008,1586,0,0
1705372,3.524,-3.175,8.447,-0.133,-0.022,0.008,1586,0,0
1705392,3.620,-3.436,8.411,-0.119,-0.031,-0.004,1586,0,0
1705412,3.668,-3.452,8.337,-0.035,-0.000,-0.036,1587,0,0
1705432,3.620,-3.168,8.305,0.044,0.029,-0.039,1586,0,0
1705452,3.582,-2.974,8.353,-0.002,0.039,-0.009,1589,0,0
1705472,3.584,-3.091,8.511,-0.099,0.025,0.002,1586,0,0
1705492,3.589,-3.230,8.588,-0.128,-0.007,-0.008,1586,0,0
1705512,3.630,-3.302,8.531,-0.070,-0.024,-0.020,1586,0,0
1705532,3.666,-3.153,8.444,0.010,0.000,-0.021,1586,0,0
1705552,3.651,-2.995,8.440,-0.006,0.020,-0.005,1586,0,0
1705572,3.627,-2.983,8.492,-0.060,0.011,0.010,1586,0,0
1705592,3.701,-3.230,8.559,-0.123,-0.015,0.009,1585,0,0
1705612,3.747,-3.354,8.540,-0.094,-0.016,-0.001,1585,0,0
1705632,3.701,-3.390,8.521,-0.059,-0.011,-0.009,1584,0,0
1705652,3.661,-3.268,8.471,-0.011,-0.009,-0.015,1585,0,0
1705672,3.670,-3.081,8.399,-0.028,-0.005,-0.015,1586,0,0
1705692,3.634,-3.055,8.377,-0.092,0.003,0.006,1585,0,0
1705712,3.646,-3.218,8.416,-0.124,0.008,0.010,1586,0,0
1705732,3.649,-3.376,8.468,-0.072,0.016,0.004,1585,0,0
1705753,3.642,-3.330,8.413,-0.019,0.007,-0.016,1586,0,0
1705772,3.598,-3.117,8.413,-0.023,0.007,-0.024,1585,0,0
1705792,3.546,-3.065,8.449,-0.063,0.000,-0.014,1585,0,0
1705812,3.548,-3.146,8.432,-0.068,-0.016,-0.007,1585,0,0
1705832,3.620,-3.182,8.334,-0.047,-0.015,-0.003,1585,0,0
1705852,3.666,-3.256,8.327,-0.033,0.002,-0.015,1585,0,0
1705872,3.682,-3.306,8.387,-0.017,0.027,-0.028,1585,0,0
1705892,3.627,-3.227,8.384,0.032,0.032,-0.042,1586,0,0
1705912,3.606,-3.033,8.305,0.031,0.026,-0.035,1585,0,0
1705932,3.656,-3.005,8.346,-0.023,0.030,-0.009,1585,0,0
1705953,3.656,-3.136,8.521,-0.068,0.031,-0.001,1586,0,0
1705972,3.658,-3.287,8.581,-0.077,0.017,-0.002,1586,0,0
1705992,3.706,-3.280,8.523,-0.043,0.011,-0.007,1586,0,0
1706012,3.733,-3.235,8.475,-0.026,0.017,-0.028,1586,0,0
1706032,3.721,-3.175,8.418,-0.016,0.030,-0.032,1586,0,0
1706052,3.639,-3.062,8.418,0.008,0.043,-0.030,1585,0,0
1706072,3.548,-2.986,8.531,-0.033,0.026,-0.022,1586,0,0
1706092,3.548,-2.954,8.538,-0.081,0.001,-0.011,1586,0,0
1706112,3.601,-3.072,8.540,-0.109,-0.015,-0.003,1586,0,0
1706132,3.649,-3.211,8.538,-0.082,-0.011,-0.014,1585,0,0
1706153,3.663,-3.175,8.432,0.007,0.005,-0.028,1585,0,0
1706172,3.639,-2.993,8.394,0.036,0.032,-0.026,1585,0,0
1706192,3.587,-2.981,8.466,-0.011,0.037,-0.007,1586,0,0
1706212,3.591,-3.045,8.521,-0.050,0.019,0.002,1587,0,0
1706232,3.649,-3.074,8.504,-0.089,-0.001,0.008,1587,0,0
1706252,3.677,-3.179,8.511,-0.103,-0.005,0.009,1586,0,0
1706272,3.694,-3.290,8.562,-0.088,0.009,0.002,1586,0,0
1706292,3.668,-3.211,8.574,-0.021,0.017,-0.010,1585,0,0
1706312,3.630,-3.050,8.562,0.001,0.007,-0.007,1586,0,0
1706332,3.618,-2.942,8.519,-0.059,-0.017,-0.003,1586,0,0
1706352,3.737,-3.110,8.492,-0.116,-0.023,0.000,1585,0,0
1706372,3.824,-3.220,8.492,-0.055,-0.002,-0.013,1585,0,0
1706392,3.773,-3.096,8.466,-0.023,0.014,-0.022,1585,0,0
1706412,3.689,-3.112,8.497,-0.009,0.009,-0.030,1585,0,0
1706433,3.637,-2.950,8.487,0.002,-0.005,-0.044,1585,0,0
1706452,3.649,-2.828,8.447,-0.018,-0.017,-0.036,1585,0,0
1706472,3.618,-2.895,8.447,-0.076,-0.019,-0.027,1586,0,0
1706492,3.634,-3.014,8.478,-0.050,-0.009,-0.023,1585,0,0
1706512,3.627,-2.971,8.408,0.040,0.017,-0.023,1586,0,0
1706532,3.584,-2.851,8.406,0.044,0.031,-0.014,1585,0,0
1706552,3.596,-2.837,8.468,-0.012,0.015,0.012,1586,0,0
1706572,3.639,-3.026,8.543,-0.083,0.011,0.029,1585,0,0
1706592,3.687,-3.299,8.569,-0.073,0.014,0.016,1586,0,0
1706612,3.687,-3.290,8.478,0.006,0.026,-0.001,1585,0,0
1706632,3.687,-3.091,8.444,0.043,0.032,-0.005,1585,0,0
1706652,3.692,-3.081,8.523,-0.041,0.018,-0.010,1585,0,0
1706672,3.709,-3.141,8.478,-0.069,0.000,-0.019,1586,0,0
1706692,3.780,-3.117,8.464,-0.071,-0.003,-0.022,1586,0,0
1706712,3.833,-3.189,8.483,-0.081,0.011,-0.039,1585,0,0
1706732,3.764,-3.079,8.502,-0.017,0.027,-0.063,1585,0,0
1706752,3.685,-2.830,8.523,0.006,0.033,-0.070,1585,0,0
1706772,3.651,-2.727,8.547,-0.045,0.023,-0.061,1585,0,0
1706792,3.699,-2.741,8.528,-0.079,0.009,-0.051,1585,0,0
1706812,3.666,-2.820,8.557,-0.082,0.004,-0.048,1585,0,0
1706832,3.649,-2.796,8.540,-0.042,0.010,-0.051,1585,0,0
1706852,3.646,-2.689,8.528,0.007,0.021,-0.047,1584,0,0
1706872,3.613,-2.641,8.521,0.018,0.026,-0.032,1585,0,0
1706892,3.622,-2.602,8.507,-0.012,0.019,-0.007,1585,0,0
1706912,3.646,-2.658,8.581,-0.068,-0.002,0.015,1586,0,0
1706932,3.680,-2.806,8.274,-0.103,0.002,0.031,1586,0,0
1706952,3.706,-3.021,8.483,-0.084,0.052,0.035,1585,0,0
1706972,3.639,-2.983,8.538,0.009,0.063,0.036,1587,0,0
1706992,3.575,-2.976,8.593,-0.046,0.036,0.037,1586,0,0
1707012,3.632,-3.069,8.557,-0.124,0.003,0.042,1586,0,0
1707032,3.716,-3.189,8.516,-0.127,0.006,0.022,1585,0,0
1707052,3.737,-3.187,8.543,-0.076,0.026,0.007,1585,0,0
1707072,3.759,-3.132,8.578,-0.027,0.036,-0.008,1585,0,0
1707092,3.701,-2.974,8.605,-0.021,0.029,-0.017,1585,0,0
1707112,3.694,-2.844,8.614,-0.095,0.005,-0.018,1585,0,0
1707132,3.728,-2.842,8.633,-0.141,-0.007,-0.010,1585,0,0
1707152,3.694,-2.844,8.569,-0.109,0.013,-0.005,1585,0,0
1707172,3.553,-2.705,8.550,-0.068,0.017,-0.005,1587,0,0
1707192,3.572,-2.591,8.519,-0.092,0.008,0.019,1585,0,0
1707213,3.646,-2.717,8.483,-0.150,0.002,0.034,1584,0,0
1707232,3.668,-2.804,8.454,-0.151,0.014,0.039,1585,0,0
1707252,3.644,-2.837,8.485,-0.139,0.025,0.050,1585,0,0
1707298,3.692,-3.067,8.480,-0.081,0.033,0.043,1584,0,0
1707310,3.706,-3.112,8.483,-0.060,0.044,0.036,1584,0,0
1707322,3.673,-3.091,8.502,-0.046,0.051,0.033,1585,0,0
1707332,3.649,-3.053,8.533,-0.050,0.049,0.032,1584,0,0
1707352,3.625,-3.098,8.593,-0.086,0.037,0.038,1584,0,0
1707372,3.594,-3.232,8.626,-0.092,0.025,0.033,1584,0,0
1707392,3.642,-3.259,8.617,-0.071,0.007,0.022,1584,0,0
1707413,3.692,-3.294,8.566,-0.071,0.014,0.017,1584,0,0
1707432,3.615,-3.254,8.576,-0.071,0.019,0.012,1584,0,0
1707452,3.567,-3.266,8.610,-0.102,0.002,0.007,1584,0,0
1707472,3.618,-3.357,8.559,-0.118,-0.006,-0.004,1584,0,0
1707492,3.649,-3.270,8.509,-0.092,-0.003,-0.028,1584,0,0
1707512,3.618,-3.191,8.401,-0.083,-0.001,-0.043,1586,0,0
1707532,3.570,-3.086,8.368,-0.072,0.010,-0.056,1585,0,0
1707552,3.610,-2.998,8.337,-0.056,0.027,-0.059,1584,0,0
1707572,3.579,-2.861,8.286,-0.041,0.052,-0.045,1584,0,0
1707592,3.603,-2.823,8.384,-0.064,0.059,-0.032,1584,0,0
1707612,3.553,-2.942,8.416,-0.085,0.070,-0.030,1586,0,0
1707632,3.565,-2.919,8.377,-0.047,0.061,-0.041,1587,0,0
1707652,3.577,-2.873,8.464,-0.029,0.066,-0.034,1588,0,0
1707672,3.531,-2.926,8.559,-0.036,0.064,-0.030,1589,0,0
1707693,3.563,-2.952,8.590,-0.010,0.049,-0.026,1590,0,0
1707712,3.543,-2.928,8.540,-0.008,0.043,-0.027,1590,0,0
1707732,3.596,-2.923,8.504,-0.011,0.052,-0.025,1591,0,0
1707752,3.579,-2.883,8.504,0.006,0.077,-0.006,1591,0,0
1707772,3.543,-2.976,8.679,-0.036,0.081,0.025,1592,0,0
1707792,3.500,-3.199,8.830,-0.063,0.044,0.028,1590,0,0
1707812,3.527,-3.220,8.753,-0.068,0.010,0.021,1592,0,0
1707832,3.548,-3.201,8.657,-0.081,-0.001,0.023,1592,0,0
1707852,3.531,-3.259,8.674,-0.073,0.003,0.017,1592,0,0
1707872,3.486,-3.292,8.638,-0.050,0.005,0.004,1592,0,0
1707892,3.460,-3.235,8.595,-0.023,-0.006,-0.023,1592,0,0
1707912,3.515,-3.129,8.490,-0.031,-0.012,-0.042,1592,0,0
1707932,3.508,-2.986,8.413,-0.041,-0.000,-0.043,1592,0,0
1707952,3.500,-2.938,8.396,-0.057,0.004,-0.035,1592,0,0
1707972,3.539,-3.014,8.456,-0.051,0.020,-0.036,1591,0,0
1707992,3.555,-3.026,8.507,0.005,0.045,-0.051,1591,0,0
1708012,3.479,-2.868,8.504,0.049,0.049,-0.074,1592,0,0
1708032,3.436,-2.729,8.523,0.005,0.029,-0.065,1592,0,0
1708052,3.476,-2.746,8.538,-0.039,0.016,-0.041,1591,0,0
1708072,3.498,-2.784,8.574,-0.025,0.023,-0.029,1593,0,0
1708092,3.496,-2.780,8.605,-0.027,0.035,-0.021,1592,0,0
1708112,3.539,-2.859,8.669,-0.017,0.036,-0.016,1593,0,0
1708132,3.565,-2.854,8.686,-0.010,0.033,-0.013,1591,0,0
1708152,3.565,-2.832,8.696,-0.041,0.026,-0.006,1592,0,0
1708172,3.594,-2.954,8.765,-0.051,0.027,0.006,1593,0,0
1708192,3.577,-3.062,8.760,-0.022,0.036,0.010,1593,0,0
1708212,3.558,-3.057,8.734,0.010,0.028,-0.004,1592,0,0
1708232,3.553,-2.988,8.672,0.002,0.020,-0.014,1593,0,0
1708252,3.524,-2.942,8.705,-0.032,0.017,-0.009,1593,0,0
1708272,3.515,-3.012,8.708,-0.072,0.000,-0.013,1594,0,0
1708292,3.531,-2.986,8.701,-0.059,-0.021,-0.024,1593,0,0
1708312,3.534,-2.909,8.595,-0.070,-0.023,-0.027,1592,0,0
1708332,3.524,-2.938,8.595,-0.063,-0.016,-0.036,1593,0,0
1708352,3.555,-2.840,8.504,-0.043,-0.013,-0.053,1593,0,0
1708372,3.534,-2.770,8.449,-0.018,0.004,-0.060,1593,0,0
1708392,3.515,-2.619,8.449,-0.003,0.020,-0.051,1593,0,0
1708412,3.519,-2.586,8.480,-0.037,0.019,-0.034,1593,0,0
1708432,3.594,-2.641,8.499,-0.064,0.009,-0.039,1592,0,0
1708452,3.589,-2.605,8.492,-0.029,0.027,-0.033,1593,0,0
1708472,3.558,-2.512,8.543,-0.021,0.044,-0.013,1592,0,0
1708492,3.551,-2.610,8.698,-0.050,0.037,0.001,1594,0,0
1708512,3.505,-2.665,8.772,-0.031,0.015,-0.006,1596,0,0
1708532,3.496,-2.591,8.681,-0.006,0.011,-0.006,1593,0,0
1708552,3.474,-2.550,8.662,-0.002,0.019,0.007,1594,0,0
1708572,3.457,-2.622,8.638,0.014,0.017,0.022,1593,0,0
1708592,3.481,-2.648,8.595,0.024,0.009,0.034,1594,0,0
1708612,3.486,-2.744,8.612,-0.016,0.019,0.042,1594,0,0
1708632,3.474,-2.844,8.653,-0.035,0.026,0.045,1594,0,0
1708652,3.493,-2.887,8.691,-0.035,0.023,0.051,1594,0,0
1708672,3.503,-2.976,8.760,-0.053,0.012,0.047,1594,0,0
1708692,3.467,-3.091,8.803,-0.091,-0.009,0.037,1594,0,0
1708712,3.498,-3.139,8.736,-0.054,-0.025,0.005,1594,0,0
1708732,3.546,-2.988,8.571,-0.003,-0.017,-0.018,1594,0,0
1708752,3.546,-2.820,8.492,0.002,0.005,-0.025,1594,0,0
1708772,3.541,-2.796,8.540,-0.010,0.023,-0.026,1593,0,0
1708792,3.493,-2.727,8.588,-0.029,0.018,-0.022,1593,0,0
1708813,3.515,-2.717,8.557,-0.081,-0.003,-0.032,1593,0,0
1708832,3.563,-2.696,8.569,-0.079,0.004,-0.042,1594,0,0
1708852,3.551,-2.655,8.607,-0.043,0.033,-0.039,1593,0,0
1708872,3.536,-2.576,8.660,-0.017,0.041,-0.037,1593,0,0
1708892,3.493,-2.550,8.717,-0.035,0.029,-0.027,1594,0,0
1708912,3.462,-2.497,8.717,-0.058,0.011,-0.014,1593,0,0
1708932,3.515,-2.626,8.746,-0.132,-0.001,-0.005,1593,0,0
1708952,3.519,-2.772,8.777,-0.111,-0.008,-0.016,1594,0,0
1708972,3.579,-2.727,8.679,-0.018,0.005,-0.024,1594,0,0
1708992,3.555,-2.543,8.624,0.033,0.030,-0.015,1593,0,0
1709012,3.445,-2.473,8.660,-0.043,0.034,0.010,1593,0,0
1709032,3.424,-2.670,8.732,-0.107,0.020,0.019,1594,0,0
1709052,3.445,-2.818,8.736,-0.106,0.003,0.011,1594,0,0
1709072,3.512,-2.825,8.701,-0.087,0.004,0.009,1594,0,0
1709092,3.531,-2.840,8.722,-0.079,0.013,0.017,1594,0,0
1709112,3.534,-2.897,8.696,-0.067,0.015,0.012,1593,0,0
1709132,3.524,-2.919,8.667,-0.071,0.011,-0.004,1593,0,0
1709153,3.517,-2.899,8.698,-0.104,-0.006,-0.025,1590,0,0
1709172,3.555,-2.897,8.641,-0.099,-0.012,-0.039,1594,0,0
1709192,3.598,-2.851,8.583,-0.045,0.002,-0.055,1594,0,0
1709212,3.472,-2.667,8.610,-0.020,0.016,-0.069,1594,0,0
1709232,3.452,-2.447,8.574,-0.046,0.002,-0.061,1595,0,0
1709252,3.484,-2.452,8.531,-0.075,-0.005,-0.041,1593,0,0
1709272,3.508,-2.512,8.511,-0.085,0.005,-0.028,1593,0,0
1709292,3.515,-2.564,8.543,-0.065,0.017,-0.029,1593,0,0
1709312,3.543,-2.531,8.516,-0.034,0.027,-0.024,1594,0,0
1709332,3.527,-2.461,8.624,-0.036,0.034,-0.013,1595,0,0
1709352,3.508,-2.509,8.691,-0.078,0.025,0.002,1594,0,0
1709372,3.560,-2.658,8.722,-0.073,0.016,0.006,1594,0,0
1709392,3.536,-2.672,8.684,-0.027,0.017,0.001,1593,0,0
1709412,3.548,-2.576,8.564,-0.031,0.017,0.002,1595,0,0
1709433,3.563,-2.581,8.588,-0.056,0.027,0.018,1594,0,0
1709452,3.572,-2.650,8.657,-0.052,0.046,0.034,1593,0,0
1709472,3.479,-2.763,8.789,-0.063,0.049,0.041,1594,0,0
1709492,3.445,-2.830,8.806,-0.074,0.026,0.037,1594,0,0
1709512,3.498,-2.856,8.789,-0.086,0.006,0.032,1594,0,0
1709532,3.563,-2.945,8.760,-0.094,0.011,0.024,1594,0,0
1709552,3.534,-3.021,8.782,-0.059,0.014,0.009,1594,0,0
1709572,3.543,-2.971,8.715,-0.039,0.001,-0.007,1595,0,0
1709592,3.548,-2.859,8.638,-0.075,-0.012,-0.025,1594,0,0
1709612,3.515,-2.873,8.645,-0.109,-0.017,-0.043,1594,0,0
1709632,3.512,-2.828,8.576,-0.057,-0.008,-0.063,1595,0,0
1709652,3.531,-2.626,8.531,-0.011,0.014,-0.067,1596,0,0
1709672,3.460,-2.492,8.516,-0.026,0.032,-0.056,1595,0,0
1709692,3.376,-2.413,8.581,-0.063,0.016,-0.043,1595,0,0
1709712,3.419,-2.476,8.624,-0.092,-0.003,-0.031,1595,0,0
1709732,3.534,-2.555,8.581,-0.097,-0.001,-0.027,1594,0,0
1709752,3.570,-2.574,8.550,-0.049,0.022,-0.025,1594,0,0
1709772,3.579,-2.519,8.590,-0.013,0.050,-0.016,1594,0,0
1709792,3.543,-2.531,8.741,-0.013,0.051,-0.011,1593,0,0
1709812,3.488,-2.574,8.868,-0.051,0.027,-0.007,1594,0,0
1709832,3.498,-2.610,8.832,-0.072,-0.005,-0.006,1594,0,0
1709852,3.589,-2.619,8.720,-0.054,-0.012,0.002,1595,0,0
1709872,3.567,-2.648,8.703,-0.029,0.014,0.013,1594,0,0
1709892,3.515,-2.655,8.787,-0.039,0.030,0.030,1594,0,0
1709912,3.474,-2.763,8.832,-0.097,-0.002,0.036,1594,0,0
1709932,3.546,-2.942,8.815,-0.129,-0.024,0.029,1594,0,0
1709952,3.517,-3.002,8.808,-0.130,-0.067,0.024,1593,0,0
1709972,3.596,-3.017,8.665,-0.101,-0.007,-0.001,1594,0,0
1709992,3.543,-2.916,8.631,-0.034,-0.004,-0.015,1594,0,0
1710012,3.534,-2.849,8.554,-0.083,-0.013,-0.029,1594,0,0
1710033,3.579,-2.799,8.535,-0.096,-0.017,-0.039,1593,0,0
1710052,3.555,-2.796,8.531,-0.118,-0.013,-0.053,1595,0,0
1710072,3.560,-2.734,8.540,-0.064,-0.000,-0.063,1595,0,0
1710092,3.553,-2.586,8.583,-0.014,0.016,-0.067,1595,0,0
1710112,3.498,-2.377,8.566,-0.009,0.017,-0.063,1594,0,0
1710132,3.445,-2.217,8.576,-0.075,0.001,-0.036,1596,0,0
1710152,3.486,-2.377,8.638,-0.135,-0.010,-0.007,1594,0,0
1710173,3.548,-2.622,8.667,-0.098,-0.001,-0.005,1592,0,0
1710192,3.582,-2.567,8.662,0.007,0.017,-0.014,1594,0,0
1710212,3.519,-2.382,8.645,-0.003,0.017,-0.001,1594,0,0
1710232,3.488,-2.512,8.717,-0.087,-0.003,0.015,1594,0,0
1710253,3.555,-2.667,8.653,-0.064,-0.013,0.018,1596,0,0
1710272,3.584,-2.677,8.600,-0.035,-0.004,0.018,1595,0,0
1710292,3.606,-2.672,8.559,-0.051,0.007,0.026,1595,0,0
1710312,3.572,-2.854,8.614,-0.060,0.025,0.035,1595,0,0
1710332,3.567,-2.957,8.665,-0.028,0.025,0.021,1596,0,0
1710352,3.534,-2.851,8.588,-0.034,0.007,0.012,1595,0,0
1710372,3.541,-2.875,8.583,-0.107,-0.001,0.010,1595,0,0
1710392,3.589,-2.995,8.619,-0.113,0.019,0.001,1596,0,0
1710412,3.577,-2.993,8.617,-0.040,0.033,-0.021,1595,0,0
1710432,3.567,-2.868,8.701,-0.011,0.035,-0.039,1595,0,0
1710452,3.553,-2.749,8.689,-0.046,0.015,-0.053,1595,0,0
1710472,3.572,-2.710,8.667,-0.070,0.001,-0.059,1596,0,0
1710492,3.539,-2.705,8.624,-0.046,0.005,-0.071,1596,0,0
1710512,3.464,-2.526,8.633,0.003,0.011,-0.082,1596,0,0
1710532,3.414,-2.284,8.526,-0.013,0.007,-0.069,1596,0,0
1710552,3.486,-2.234,8.521,-0.040,0.009,-0.037,1594,0,0
1710572,3.522,-2.356,8.540,-0.058,0.019,-0.014,1594,0,0
1710592,3.565,-2.490,8.593,-0.081,0.007,-0.012,1595,0,0
1710612,3.591,-2.509,8.516,-0.051,0.015,-0.009,1595,0,0
1710632,3.598,-2.464,8.552,-0.023,0.044,0.002,1595,0,0
1710652,3.598,-2.538,8.724,-0.030,0.060,0.006,1595,0,0
1710672,3.587,-2.670,8.851,-0.025,0.040,-0.004,1597,0,0
1710692,3.601,-2.598,8.787,-0.013,0.015,-0.006,1595,0,0
1710712,3.630,-2.602,8.753,-0.077,0.008,0.006,1595,0,0
1710732,3.646,-2.734,8.789,-0.082,0.021,0.012,1595,0,0
1710752,3.587,-2.772,8.818,-0.028,0.027,0.006,1595,0,0
1710772,3.548,-2.684,8.808,-0.032,0.018,0.007,1595,0,0
1710792,3.543,-2.756,8.847,-0.112,-0.008,0.011,1596,0,0
1710812,3.577,-2.923,8.825,-0.108,-0.021,0.001,1595,0,0
1710832,3.613,-2.940,8.679,-0.058,-0.013,-0.025,1595,0,0
1710852,3.575,-2.753,8.610,-0.037,0.007,-0.034,1594,0,0
1710872,3.496,-2.598,8.669,-0.064,0.005,-0.029,1596,0,0
1710892,3.531,-2.643,8.667,-0.105,-0.021,-0.036,1595,0,0
1710912,3.598,-2.658,8.576,-0.094,-0.027,-0.048,1595,0,0
1710932,3.637,-2.612,8.475,-0.048,-0.007,-0.061,1592,0,0
1710952,3.615,-2.456,8.475,-0.002,0.030,-0.054,1596,0,0
1710972,3.505,-2.377,8.650,-0.026,0.036,-0.040,1595,0,0
1710992,3.476,-2.428,8.763,-0.084,-0.001,-0.044,1595,0,0
1711012,3.594,-2.466,8.650,-0.077,-0.016,-0.041,1595,0,0
1711032,3.608,-2.483,8.677,-0.029,0.020,-0.032,1595,0,0
1711052,3.539,-2.478,8.842,-0.002,0.023,-0.027,1596,0,0
1711072,3.567,-2.478,8.935,0.003,-0.006,-0.016,1595,0,0
1711092,3.634,-2.531,8.985,-0.012,-0.019,-0.012,1595,0,0
1711112,3.601,-2.595,8.976,-0.028,-0.037,-0.014,1594,0,0
1711132,3.610,-2.540,8.930,-0.026,-0.054,-0.001,1595,0,0
1711152,3.654,-2.631,8.847,-0.050,-0.064,0.007,1595,0,0
1711172,3.663,-2.607,8.715,-0.041,-0.069,0.025,1595,0,0
1711192,3.654,-2.741,8.698,-0.075,-0.061,0.035,1593,0,0
1711212,3.661,-2.878,8.648,-0.093,-0.060,0.017,1595,0,0
1711232,3.764,-2.696,8.432,-0.075,-0.065,0.012,1594,0,0
1711252,3.795,-2.684,8.392,-0.101,-0.041,0.026,1594,0,0
1711272,3.836,-2.844,8.435,-0.132,-0.017,0.024,1595,0,0
1711292,3.838,-2.938,8.401,-0.126,0.003,0.008,1594,0,0
1711312,3.809,-2.919,8.420,-0.123,0.003,-0.030,1595,0,0
1711332,3.742,-2.756,8.298,-0.127,0.013,-0.060,1594,0,0
1711352,3.697,-2.658,8.308,-0.145,0.038,-0.070,1594,0,0
1711373,3.601,-2.612,8.399,-0.112,0.068,-0.078,1594,0,0
1711392,3.460,-2.454,8.471,-0.062,0.094,-0.083,1594,0,0
1711412,3.316,-2.318,8.569,-0.072,0.103,-0.079,1594,0,0
1711432,3.270,-2.349,8.619,-0.133,0.086,-0.070,1594,0,0
1711452,3.333,-2.416,8.535,-0.098,0.077,-0.055,1594,0,0
1711472,3.361,-2.404,8.452,-0.077,0.102,-0.041,1595,0,0
1711492,3.321,-2.471,8.514,-0.085,0.128,-0.036,1595,0,0
1711512,3.304,-2.591,8.605,-0.063,0.132,-0.035,1594,0,0
1711532,3.347,-2.715,8.701,-0.065,0.113,-0.041,1595,0,0
1711552,3.335,-2.830,8.720,-0.051,0.115,-0.056,1595,0,0
1711572,3.275,-2.772,8.770,0.000,0.099,-0.072,1595,0,0
1711592,3.330,-2.607,8.619,0.018,0.075,-0.065,1594,0,0
1711612,3.443,-2.583,8.543,0.042,0.086,-0.049,1594,0,0
1711632,3.457,-2.595,8.562,0.050,0.095,-0.053,1596,0,0
1711652,3.510,-2.435,8.583,0.051,0.087,-0.039,1595,0,0
1711672,3.618,-2.392,8.583,0.052,0.074,0.005,1594,0,0
1711692,3.730,-2.545,8.684,0.033,0.069,0.026,1595,0,0
1711712,3.790,-2.593,8.792,0.037,0.058,0.025,1595,0,0
1711732,3.802,-2.456,8.691,0.062,0.029,0.017,1594,0,0
1711752,3.869,-2.380,8.667,0.012,0.020,0.029,1595,0,0
1711772,3.867,-2.483,8.789,-0.005,0.036,0.033,1595,0,0
1711793,3.800,-2.528,8.904,0.007,0.020,0.013,1594,0,0
1711812,3.709,-2.394,8.806,0.059,-0.004,-0.012,1595,0,0
1711832,3.716,-2.215,8.705,0.090,-0.011,-0.021,1595,0,0
1711852,3.685,-2.116,8.739,0.085,0.001,-0.016,1595,0,0
1711872,3.570,-2.105,8.772,0.058,0.005,-0.011,1595,0,0
1711893,3.431,-2.145,8.866,0.049,0.019,-0.000,1592,0,0
1711912,3.333,-2.200,8.964,0.066,0.027,0.003,1595,0,0
1711932,3.199,-2.248,9.091,0.061,0.017,-0.007,1595,0,0
1711952,3.189,-2.160,9.103,0.047,-0.028,-0.010,1595,0,0
1711972,3.299,-2.172,8.981,0.030,-0.051,0.012,1595,0,0
1711992,3.297,-2.181,8.897,0.031,-0.058,0.015,1594,0,0
1712012,3.448,-2.112,8.827,0.021,-0.057,0.023,1595,0,0
1712032,3.646,-2.148,8.765,0.008,-0.064,0.014,1594,0,0
1712052,3.845,-2.100,8.631,0.018,-0.072,-0.010,1594,0,0
1712072,3.922,-2.009,8.576,0.038,-0.042,-0.023,1593,0,0
1712092,3.886,-1.896,8.693,0.035,-0.014,-0.026,1593,0,0
1712112,3.919,-1.791,8.815,0.061,-0.022,-0.027,1594,0,0
1712133,3.895,-1.669,8.811,0.085,-0.026,-0.015,1594,0,0
1712152,3.788,-1.695,8.861,0.040,-0.025,-0.012,1593,0,0
1712172,3.733,-1.611,8.856,0.032,-0.039,0.003,1593,0,0
1712192,3.632,-1.611,8.885,0.058,-0.043,0.019,1594,0,0
1712213,3.565,-1.700,8.899,0.068,-0.030,0.029,1593,0,0
1712232,3.455,-1.702,8.954,0.102,-0.018,0.035,1594,0,0
1712252,3.397,-1.607,8.947,0.087,-0.031,0.057,1595,0,0
1712272,3.364,-1.762,8.945,0.002,-0.048,0.081,1595,0,0
1712292,3.426,-2.054,8.930,0.005,-0.041,0.070,1594,0,0
1712312,3.385,-2.136,8.880,0.070,-0.008,0.047,1594,0,0
1712332,3.335,-2.037,8.851,0.082,0.005,0.042,1594,0,0
1712352,3.326,-2.090,8.863,0.025,0.004,0.047,1595,0,0
1712372,3.352,-2.191,8.916,0.021,0.010,0.041,1595,0,0
1712392,3.280,-2.207,8.914,-0.015,0.009,0.024,1595,0,0
1712412,3.282,-2.253,8.878,-0.063,-0.006,0.016,1595,0,0
1712432,3.287,-2.191,8.763,-0.050,-0.017,0.009,1594,0,0
1712452,3.417,-2.136,8.624,-0.051,-0.005,0.007,1593,0,0
1712472,3.529,-2.195,8.574,-0.092,0.028,0.004,1595,0,0
1712492,3.553,-2.389,8.677,-0.163,0.051,-0.005,1593,0,0
1712512,3.613,-2.550,8.811,-0.154,0.054,-0.026,1594,0,0
1712532,3.685,-2.523,8.760,-0.099,0.041,-0.061,1596,0,0
1712552,3.747,-2.322,8.703,-0.096,0.035,-0.091,1595,0,0
1712572,3.735,-2.210,8.744,-0.176,0.037,-0.104,1595,0,0
1712592,3.766,-2.157,8.681,-0.162,0.032,-0.107,1596,0,0
1712612,3.814,-1.994,8.650,-0.107,0.044,-0.105,1595,0,0
1712632,3.783,-1.851,8.626,-0.120,0.047,-0.105,1596,0,0
1712652,3.792,-1.657,8.590,-0.130,0.041,-0.103,1595,0,0
1712672,3.718,-1.487,8.588,-0.159,0.048,-0.087,1595,0,0
1712692,3.711,-1.401,8.631,-0.172,0.054,-0.069,1595,0,0
1712712,3.754,-1.314,8.600,-0.117,0.056,-0.043,1595,0,0
1712732,3.814,-1.199,8.626,-0.095,0.059,-0.030,1595,0,0
1712752,3.864,-1.279,8.722,-0.154,0.070,-0.023,1595,0,0
1712772,3.807,-1.372,8.882,-0.125,0.060,-0.025,1595,0,0
1712792,3.843,-1.391,8.892,-0.057,0.004,-0.036,1594,0,0
1712812,3.800,-1.176,8.751,0.064,0.037,-0.046,1592,0,0
1712832,3.639,-1.147,8.835,0.070,0.078,-0.036,1593,0,0
1712852,3.457,-1.202,9.165,0.001,0.079,-0.036,1592,0,0
1712872,3.273,-1.264,9.196,0.047,0.037,-0.008,1594,0,0
1712892,3.223,-1.209,9.203,0.094,-0.001,0.036,1597,0,0
1712912,3.282,-1.415,9.187,-0.008,-0.022,0.062,1601,0,0
1712932,3.270,-1.760,9.218,-0.055,0.020,0.083,1607,0,0
1712952,3.208,-2.030,9.273,0.006,0.026,0.099,1614,0,0
1712972,3.304,-2.265,9.196,-0.009,-0.009,0.102,1617,0,0
1712992,3.314,-2.370,9.038,-0.026,-0.006,0.083,1625,0,0
1713012,3.321,-2.442,8.976,-0.062,-0.008,0.045,1636,0,0
1713032,3.378,-2.349,8.744,-0.039,0.003,0.051,1652,0,0
1713052,3.428,-2.315,8.770,-0.052,0.005,0.078,1672,0,0
1713072,3.431,-2.375,8.768,-0.125,-0.019,0.090,1693,0,0
1713092,3.570,-2.588,8.820,-0.166,-0.009,0.059,1712,0,0
1713112,3.699,-2.614,8.938,-0.116,0.004,0.010,1729,0,0
1713132,3.663,-2.485,9.009,-0.090,-0.011,-0.013,1743,0,0
1713153,3.508,-2.354,8.882,-0.020,-0.026,-0.050,1757,0,0
1713172,3.464,-1.956,8.641,0.000,-0.013,-0.082,1775,0,0
1713192,3.488,-1.791,8.770,-0.067,0.007,-0.071,1788,0,0
1713212,3.579,-1.822,8.990,-0.080,0.006,-0.027,1798,0,0
1713232,3.551,-1.954,9.009,-0.065,-0.011,-0.014,1808,0,0
1713252,3.553,-2.016,8.873,-0.077,-0.009,-0.017,1819,0,0
1713272,3.488,-1.968,8.911,-0.090,-0.025,-0.034,1827,0,0
1713292,3.519,-2.018,8.899,-0.083,-0.062,-0.040,1835,0,0
1713312,3.625,-1.946,8.851,-0.044,-0.074,-0.035,1839,0,0
1713332,3.723,-2.040,8.744,-0.078,-0.060,-0.038,1840,0,0
1713352,3.677,-2.133,8.629,-0.075,-0.044,-0.044,1841,0,0
1713372,3.587,-1.999,8.540,0.027,-0.026,-0.049,1842,0,0
1713392,3.661,-1.891,8.667,0.027,-0.040,-0.032,1841,0,0
1713412,3.742,-2.083,8.703,-0.036,-0.054,-0.029,1840,0,0
1713432,3.730,-2.064,8.703,-0.035,-0.050,-0.053,1833,0,0
1713452,3.730,-1.810,8.691,-0.007,-0.042,-0.072,1822,0,0
1713472,3.656,-1.839,8.645,-0.030,-0.036,-0.068,1808,0,0
1713492,3.721,-1.786,8.775,-0.025,-0.052,-0.062,1795,0,0
1713512,3.685,-1.702,8.626,-0.039,-0.044,-0.067,1781,0,0
1713532,3.615,-1.647,8.545,-0.041,-0.011,-0.056,1773,0,0
1713552,3.658,-1.709,8.578,-0.049,0.022,-0.030,1766,0,0
1713572,3.680,-1.719,8.617,-0.021,0.038,-0.009,1761,0,0
1713592,3.694,-1.712,8.746,-0.032,0.035,0.016,1757,0,0
1713612,3.613,-1.707,8.839,-0.074,0.030,0.041,1755,0,0
1713633,3.639,-1.803,8.808,-0.113,-0.003,0.055,1748,0,0
1713652,3.701,-1.992,8.847,-0.163,-0.022,0.043,1744,0,0
1713672,3.740,-2.025,8.677,-0.107,-0.018,0.003,1737,0,0
1713692,3.723,-1.844,8.614,-0.031,0.007,-0.007,1730,0,0
1713712,3.764,-1.851,8.655,-0.062,0.023,-0.003,1726,0,0
1713732,3.752,-1.906,8.763,-0.120,0.006,-0.012,1726,0,0
1713752,3.816,-1.860,8.677,-0.092,-0.004,-0.028,1723,0,0
1713772,3.852,-1.762,8.696,-0.072,0.013,-0.031,1719,0,0
1713792,3.816,-1.779,8.760,-0.066,0.031,-0.029,1717,0,0
1713812,3.768,-1.707,8.863,-0.034,0.035,-0.033,1719,0,0
1713832,3.670,-1.578,8.918,-0.026,0.015,-0.030,1718,0,0
1713852,3.656,-1.645,9.029,-0.072,-0.005,-0.027,1720,0,0
1713872,3.658,-1.705,8.957,-0.022,-0.013,-0.032,1719,0,0
1713892,3.658,-1.539,8.806,0.042,-0.031,-0.030,1717,0,0
1713912,3.642,-1.396,8.636,-0.015,-0.041,0.005,1716,0,0
1713932,3.697,-1.539,8.598,-0.088,-0.022,0.043,1714,0,0
1713952,3.711,-1.781,8.722,-0.086,0.001,0.061,1713,0,0
1713972,3.725,-1.903,8.746,-0.051,0.007,0.060,1714,0,0
1713992,3.709,-1.920,8.820,-0.027,0.016,0.058,1713,0,0
1714012,3.692,-1.870,8.806,-0.046,-0.000,0.064,1713,0,0
1714032,3.764,-2.004,8.842,-0.107,-0.009,0.059,1713,0,0
1714052,3.814,-2.140,8.806,-0.105,-0.015,0.037,1713,0,0
1714072,3.780,-2.090,8.832,-0.054,-0.019,0.012,1713,0,0
1714092,3.836,-2.002,8.782,-0.055,-0.026,-0.005,1713,0,0
1714112,3.828,-1.954,8.744,-0.055,-0.010,-0.019,1712,0,0
1714132,3.833,-1.846,8.818,-0.011,0.000,-0.031,1712,0,0
1714152,3.740,-1.750,8.765,-0.031,0.015,-0.029,1712,0,0
1714172,3.627,-1.609,8.681,-0.043,0.005,-0.025,1713,0,0
1714192,3.692,-1.563,8.662,-0.062,-0.010,-0.009,1713,0,0
1714212,3.807,-1.597,8.660,-0.074,0.010,0.002,1712,0,0
1714232,3.802,-1.714,8.796,-0.072,0.042,0.010,1712,0,0
1714252,3.706,-1.772,8.935,-0.054,0.033,0.011,1713,0,0
1714272,3.692,-1.805,8.921,-0.050,0.007,0.001,1713,0,0
1714292,3.747,-1.815,8.868,-0.063,-0.014,-0.002,1712,0,0
1714312,3.716,-1.793,8.837,-0.068,-0.002,0.004,1712,0,0
1714332,3.737,-1.846,8.837,-0.051,0.008,0.016,1712,0,0
1714352,3.711,-1.853,8.885,-0.044,0.006,0.026,1712,0,0
1714372,3.788,-1.918,8.871,-0.084,-0.014,0.031,1712,0,0
1714392,3.855,-2.071,8.861,-0.133,-0.016,0.031,1711,0,0
1714412,3.828,-2.160,8.880,-0.116,-0.016,0.022,1710,0,0
1714432,3.819,-2.145,8.878,-0.090,-0.023,0.013,1711,0,0
1714452,3.845,-2.081,8.813,-0.078,-0.034,0.007,1708,0,0
1714473,3.881,-2.040,8.729,-0.101,-0.037,-0.007,1709,0,0
1714492,3.802,-2.052,8.739,-0.122,-0.046,-0.031,1709,0,0
1714512,3.735,-1.920,8.583,-0.088,-0.062,-0.051,1709,0,0
1714532,3.797,-1.753,8.435,-0.060,-0.048,-0.058,1708,0,0
1714553,3.795,-1.645,8.392,-0.050,-0.007,-0.055,1705,0,0
1714572,3.737,-1.561,8.485,-0.035,0.024,-0.040,1705,0,0
1714592,3.701,-1.520,8.645,-0.054,0.013,-0.018,1705,0,0
1714612,3.740,-1.614,8.677,-0.088,-0.006,-0.008,1704,0,0
1714632,3.757,-1.707,8.629,-0.079,-0.007,-0.012,1704,0,0
1714652,3.749,-1.669,8.657,-0.044,0.001,-0.004,1703,0,0
1714673,3.740,-1.686,8.638,-0.060,0.005,0.011,1704,0,0
1714692,3.768,-1.796,8.612,-0.042,0.013,0.018,1702,0,0
1714712,3.792,-1.841,8.566,0.007,0.030,0.025,1701,0,0
1714732,3.754,-1.791,8.622,-0.000,0.041,0.028,1701,0,0
1714752,3.733,-1.887,8.701,-0.090,0.022,0.023,1701,0,0
1714772,3.845,-2.045,8.667,-0.098,0.008,0.021,1699,0,0
1714792,3.883,-2.081,8.645,-0.042,0.031,0.021,1699,0,0
1714812,3.915,-2.018,8.710,-0.025,0.062,0.026,1699,0,0
1714832,3.891,-2.028,8.875,-0.044,0.054,0.033,1700,0,0
1714852,3.936,-2.047,8.976,-0.081,0.031,0.030,1699,0,0
1714872,3.895,-2.143,9.060,-0.126,0.012,0.011,1701,0,0
1714892,3.893,-2.157,9.120,-0.086,-0.012,-0.023,1698,0,0
1714912,3.874,-1.982,8.966,-0.027,-0.029,-0.050,1700,0,0
1714932,3.859,-1.762,8.787,-0.035,-0.033,-0.051,1698,0,0
1714952,3.821,-1.695,8.775,-0.067,-0.026,-0.035,1699,0,0
1714972,3.795,-1.791,8.792,-0.083,-0.037,-0.031,1698,0,0
1714992,3.855,-1.796,8.686,-0.073,-0.043,-0.042,1699,0,0
1715012,3.876,-1.700,8.564,-0.072,-0.034,-0.040,1698,0,0
1715032,3.859,-1.647,8.499,-0.060,-0.016,-0.025,1697,0,0
1715052,3.888,-1.664,8.562,-0.052,0.002,-0.010,1696,0,0
1715072,3.824,-1.733,8.643,-0.058,0.009,-0.003,1697,0,0
1715092,3.809,-1.705,8.660,-0.072,-0.005,0.002,1697,0,0
1715112,3.836,-1.769,8.641,-0.099,-0.010,0.010,1697,0,0
1715132,3.859,-1.896,8.643,-0.078,0.002,0.002,1697,0,0
1715152,3.864,-1.856,8.554,-0.019,0.013,-0.011,1697,0,0
1715172,3.893,-1.654,8.511,-0.014,0.033,0.005,1697,0,0
1715192,3.881,-1.700,8.643,-0.076,0.052,0.037,1697,0,0
1715212,3.859,-1.889,8.851,-0.123,0.040,0.051,1698,0,0
1715233,3.883,-2.093,8.947,-0.115,0.021,0.035,1696,0,0
1715252,3.958,-2.124,8.945,-0.078,0.013,0.015,1697,0,0
1715272,3.943,-2.016,8.890,-0.039,0.017,0.007,1698,0,0
1715292,3.862,-1.872,8.897,-0.042,0.004,0.012,1698,0,0
1715313,3.847,-1.844,8.863,-0.103,-0.019,0.024,1697,0,0
1715332,3.831,-1.908,8.811,-0.109,-0.034,0.023,1698,0,0
1715352,3.838,-1.879,8.691,-0.085,-0.043,0.004,1698,0,0
1715373,3.874,-1.788,8.595,-0.085,-0.040,-0.001,1698,0,0
1715392,3.843,-1.695,8.543,-0.086,-0.020,0.010,1697,0,0
1715412,3.788,-1.621,8.540,-0.071,-0.012,0.023,1698,0,0
1715432,3.807,-1.549,8.547,-0.083,-0.027,0.043,1698,0,0
1715452,3.886,-1.772,8.657,-0.132,-0.035,0.065,1697,0,0
1715472,3.922,-1.908,8.631,-0.134,-0.030,0.058,1699,0,0
1715492,3.922,-1.894,8.583,-0.096,-0.029,0.049,1695,0,0
1715512,3.977,-1.923,8.559,-0.079,-0.016,0.048,1693,0,0
1715532,3.934,-2.061,8.777,-0.077,0.013,0.035,1691,0,0
1715552,3.843,-2.093,8.825,-0.051,-0.007,0.012,1692,0,0
1715572,3.886,-1.954,8.686,-0.038,-0.021,0.017,1691,0,0
1715592,3.936,-1.935,8.610,-0.076,-0.014,0.037,1691,0,0
1715612,3.948,-2.126,8.677,-0.129,0.003,0.052,1690,0,0
1715632,3.931,-2.279,8.787,-0.119,0.004,0.050,1689,0,0
1715652,3.950,-2.303,8.768,-0.118,-0.004,0.041,1688,0,0
1715672,3.950,-2.298,8.806,-0.132,-0.013,0.041,1685,0,0
1715692,3.965,-2.361,8.794,-0.151,-0.023,0.040,1683,0,0
1715712,3.977,-2.437,8.746,-0.155,-0.023,0.026,1683,0,0
1715732,3.996,-2.473,8.677,-0.168,-0.032,0.005,1681,0,0
1715752,4.010,-2.430,8.610,-0.147,-0.037,-0.021,1680,0,0
1715772,3.998,-2.322,8.509,-0.133,-0.028,-0.048,1675,0,0
1715792,3.979,-2.162,8.468,-0.126,-0.017,-0.057,1667,0,0
1715812,3.979,-2.136,8.471,-0.129,-0.007,-0.053,1663,0,0
1715832,4.013,-2.148,8.471,-0.103,0.001,-0.059,1659,0,0
1715852,3.989,-2.025,8.456,-0.092,0.014,-0.066,1655,0,0
1715872,3.941,-1.956,8.507,-0.106,0.013,-0.066,1655,0,0
1715892,3.943,-1.906,8.459,-0.112,0.008,-0.055,1654,0,0
1715912,3.948,-1.884,8.540,-0.094,0.022,-0.042,1651,0,0
1715932,3.929,-1.958,8.629,-0.073,0.032,-0.029,1649,0,0
1715952,3.874,-1.985,8.600,-0.056,0.027,-0.027,1648,0,0
1715972,3.840,-1.951,8.526,-0.076,0.019,-0.023,1647,0,0
1715992,3.898,-1.992,8.499,-0.077,0.026,-0.016,1645,0,0
1716012,3.938,-2.023,8.485,-0.064,0.054,-0.001,1645,0,0
1716032,3.931,-2.090,8.598,-0.049,0.069,0.016,1647,0,0
1716052,3.893,-2.121,8.617,-0.053,0.067,0.042,1647,0,0
1716072,3.903,-2.229,8.667,-0.095,0.054,0.061,1647,0,0
1716092,3.943,-2.461,8.734,-0.128,0.042,0.053,1647,0,0
1716112,3.962,-2.559,8.782,-0.091,0.040,0.023,1647,0,0
1716132,3.926,-2.456,8.729,-0.049,0.036,-0.005,1647,0,0
1716152,3.929,-2.263,8.681,-0.045,0.022,-0.003,1648,0,0
1716172,3.903,-2.251,8.633,-0.081,0.016,-0.002,1647,0,0
1716192,3.879,-2.193,8.523,-0.067,0.015,-0.014,1648,0,0
1716212,3.989,-2.234,8.610,-0.062,0.027,-0.022,1648,0,0
1716232,3.977,-2.303,8.641,-0.046,0.034,-0.038,1648,0,0
1716252,3.929,-2.107,8.612,0.016,0.026,-0.057,1649,0,0
1716272,3.967,-1.865,8.581,-0.013,0.027,-0.040,1648,0,0
1716292,3.960,-1.915,8.617,-0.067,0.037,-0.014,1649,0,0
1716312,3.869,-1.970,8.756,-0.055,0.022,-0.005,1651,0,0
1716332,3.867,-2.042,8.727,-0.043,0.006,-0.009,1651,0,0
1716352,3.891,-1.994,8.669,-0.016,0.012,-0.012,1652,0,0
1716372,3.859,-1.899,8.696,-0.019,0.023,0.001,1652,0,0
1716392,3.838,-1.968,8.669,-0.041,0.019,0.022,1655,0,0
1716412,3.891,-2.107,8.669,-0.039,0.023,0.042,1654,0,0
1716432,3.943,-2.243,8.715,-0.029,0.025,0.045,1654,0,0
1716452,3.950,-2.344,8.705,-0.050,0.023,0.035,1656,0,0
1716472,3.962,-2.361,8.691,-0.039,0.026,0.026,1656,0,0
1716492,3.886,-2.284,8.722,-0.047,0.030,0.030,1658,0,0
1716512,3.838,-2.380,8.803,-0.100,0.014,0.039,1658,0,0
1716532,3.879,-2.507,8.813,-0.089,-0.010,0.025,1659,0,0
1716552,3.903,-2.464,8.712,-0.083,-0.015,0.004,1659,0,0
1716572,3.883,-2.440,8.679,-0.096,-0.012,-0.015,1660,0,0
1716592,3.859,-2.380,8.631,-0.086,-0.016,-0.042,1661,0,0
1716612,3.891,-2.241,8.552,-0.049,-0.010,-0.052,1660,0,0
1716632,3.871,-2.078,8.543,-0.046,0.004,-0.048,1660,0,0
1716652,3.869,-2.035,8.583,-0.085,0.001,-0.048,1660,0,0
1716672,3.852,-1.990,8.578,-0.105,-0.007,-0.039,1661,0,0
1716692,3.919,-2.047,8.593,-0.094,0.001,-0.037,1661,0,0
1716712,3.891,-2.030,8.574,-0.055,0.012,-0.040,1660,0,0
1716732,3.833,-1.887,8.543,-0.017,0.015,-0.034,1660,0,0
1716752,3.802,-1.851,8.514,-0.045,0.014,-0.023,1662,0,0
1716772,3.850,-1.858,8.564,-0.082,0.018,-0.002,1662,0,0
1716792,3.871,-1.992,8.660,-0.090,0.016,0.018,1661,0,0
1716812,3.857,-2.105,8.648,-0.074,0.004,0.017,1661,0,0
1716832,3.962,-2.184,8.602,-0.061,0.012,0.014,1660,0,0
1716852,3.953,-2.191,8.626,-0.042,0.027,0.013,1661,0,0
1716872,3.910,-2.200,8.648,-0.044,0.027,0.017,1663,0,0
1716892,3.905,-2.236,8.693,-0.061,0.021,0.019,1661,0,0
1716912,3.917,-2.370,8.734,-0.109,0.019,0.023,1662,0,0
1716932,3.905,-2.428,8.693,-0.083,0.006,0.008,1663,0,0
1716952,3.979,-2.392,8.665,-0.055,0.010,0.002,1662,0,0
1716972,3.962,-2.409,8.710,-0.055,0.031,-0.007,1661,0,0
1716992,3.895,-2.409,8.792,-0.066,0.025,-0.023,1662,0,0
1717012,3.864,-2.330,8.770,-0.051,-0.004,-0.035,1663,0,0
1717033,3.893,-2.207,8.650,-0.073,-0.023,-0.044,1661,0,0
1717052,3.881,-2.133,8.576,-0.100,-0.023,-0.046,1662,0,0
1717072,3.917,-2.097,8.430,-0.069,-0.005,-0.043,1662,0,0
1717092,3.907,-2.081,8.483,-0.029,0.033,-0.041,1662,0,0
1717112,3.836,-1.978,8.600,-0.005,0.041,-0.036,1664,0,0
1717132,3.869,-1.903,8.605,-0.031,0.006,-0.030,1662,0,0
1717152,3.955,-1.889,8.554,-0.098,-0.007,-0.017,1663,0,0
1717172,3.929,-2.011,8.595,-0.117,0.012,-0.003,1663,0,0
1717192,3.881,-2.073,8.645,-0.052,0.022,-0.009,1663,0,0
1717212,3.857,-1.935,8.583,-0.003,0.016,-0.005,1663,0,0
1717232,3.934,-1.889,8.588,-0.052,0.014,0.006,1663,0,0
1717252,3.903,-2.016,8.703,-0.107,0.018,0.020,1662,0,0
1717272,3.924,-2.102,8.758,-0.093,0.008,0.031,1663,0,0
1717292,3.970,-2.188,8.724,-0.082,0.006,0.042,1663,0,0
1717313,3.931,-2.313,8.806,-0.090,0.013,0.043,1664,0,0
1717332,3.931,-2.389,8.849,-0.086,-0.007,0.035,1662,0,0
1717352,3.967,-2.416,8.772,-0.093,-0.021,0.031,1661,0,0
1717372,3.991,-2.397,8.768,-0.135,-0.033,0.023,1655,0,0
1717392,3.905,-2.473,8.751,-0.156,-0.033,0.026,1640,0,0
1717412,3.912,-2.547,8.789,-0.110,-0.070,0.011,1616,0,0
1717432,3.986,-2.461,8.660,-0.085,-0.076,-0.005,1590,0,0
1717452,4.008,-2.339,8.552,-0.120,-0.074,-0.024,1570,0,0
1717472,4.108,-2.310,8.758,-0.136,-0.101,-0.035,1534,0,0
1717492,4.003,-2.461,8.856,-0.097,-0.163,-0.047,1493,0,0
1717512,4.245,-2.349,9.201,0.011,-0.266,-0.041,1438,0,0
1717532,4.635,-2.246,9.222,0.053,-0.340,0.014,1377,0,0
1717552,4.571,-2.136,8.449,0.117,-0.299,0.075,1343,0,0
1717572,4.283,-1.585,7.642,0.023,-0.227,0.092,1322,0,0
1717592,4.226,-1.334,8.035,-0.050,-0.197,0.131,1285,0,0
1717612,4.245,-1.460,8.169,-0.225,-0.198,0.222,1235,0,0
1717632,4.075,-1.765,8.296,-0.256,-0.157,0.268,1194,0,0
1717652,3.536,-2.255,8.169,-0.309,-0.148,0.264,1159,0,0
1717672,3.697,-2.380,7.717,-0.442,-0.112,0.074,1120,0,0
1717692,4.302,-2.236,7.824,-0.450,0.019,0.024,1090,1597,200
1717712,4.350,-2.579,8.159,-0.557,0.155,0.035,1062,3367,200
1717732,3.938,-3.163,8.511,-0.547,0.215,0.092,1042,3813,200
1717752,4.046,-3.352,8.619,-0.448,0.002,0.084,1022,3928,200
1717772,4.642,-2.952,8.425,-0.501,-0.013,0.083,1014,4002,200
1717792,5.047,-3.354,8.425,-0.431,0.067,0.051,1003,4092,200
1717812,4.379,-4.216,8.104,-0.218,0.212,-0.049,995,4095,200
1717832,3.984,-3.191,8.483,0.011,0.219,-0.087,993,4095,200
1717852,4.441,-3.203,8.703,0.032,0.124,-0.166,986,4095,200
1717872,4.446,-4.408,8.799,0.382,0.091,-0.285,980,4095,200
1717892,4.381,-5.672,8.358,1.240,0.167,-0.523,976,4095,200
1717912,5.531,-6.268,7.597,2.743,0.640,-1.030,972,4095,200
1717932,4.851,-4.247,7.281,4.307,1.155,-1.521,975,4095,200
1717953,2.969,-0.699,8.001,4.670,1.054,-1.590,979,4095,200
1717972,3.950,-1.317,8.226,4.301,0.818,-1.717,979,4095,200
1717992,4.156,-4.460,7.468,5.676,1.058,-2.306,977,4095,200
1718012,2.909,-1.185,5.344,7.512,1.483,-3.009,976,4095,200
1718032,2.040,4.262,5.025,8.127,1.825,-3.220,972,4095,200
1718052,0.275,6.864,5.140,7.550,1.622,-2.987,973,4095,200
1718072,0.026,6.529,4.520,6.953,1.272,-2.646,975,4095,200
1718092,1.360,4.013,2.236,7.476,1.444,-2.830,975,4095,200
1718112,-0.400,1.271,-1.154,8.731,2.044,-3.466,973,4095,200
1718132,-4.005,7.884,-4.027,8.731,2.152,-3.946,964,4095,200
1718152,-5.114,14.020,-4.638,8.731,1.216,-3.470,964,4095,200
1718172,-4.858,12.620,-6.014,7.698,0.454,-2.506,969,4095,200
1718192,-3.491,12.404,-7.623,5.953,0.143,-1.560,969,4095,200
1718212,-4.293,13.259,-7.178,3.750,0.107,-0.661,968,4095,200
1718232,-4.906,11.114,-6.055,1.243,-0.277,0.024,971,4095,200
1718252,-2.296,7.278,-6.539,0.079,-0.440,0.157,973,4095,200
1718272,-2.935,6.503,-6.874,0.269,-0.179,-0.030,975,4095,200
1718292,-2.255,8.801,-6.388,0.001,-0.035,0.010,976,4095,200
1718312,-3.127,7.360,-6.223,-0.367,0.050,0.078,977,4095,200
1718332,-2.330,8.396,-5.456,-0.364,0.083,0.034,979,4095,200
1718352,-2.880,7.762,-5.296,-0.301,0.112,-0.023,985,4095,200
1718372,-2.184,8.662,-4.695,-0.272,0.071,0.037,987,4095,200
1718392,-2.808,7.884,-4.918,-0.146,0.052,0.017,989,4095,200
1718412,-2.320,8.411,-4.997,-0.129,0.030,0.078,991,4095,200
1718432,-2.557,7.930,-5.152,-0.155,0.067,0.025,992,4095,200
1718452,-2.387,7.470,-5.025,-0.123,0.086,0.010,994,4095,200
1718472,-2.255,8.018,-4.757,0.010,0.125,-0.084,997,4095,200
1718492,-2.880,7.096,-4.834,0.010,0.082,-0.051,1002,4095,200
1718512,-2.356,8.305,-4.779,0.122,0.084,-0.038,1008,3916,200
1718532,-2.722,8.076,-5.365,-0.098,0.070,-0.045,1023,3003,200
1718552,-2.648,7.705,-5.442,-0.324,0.189,-0.081,1042,2411,200
1718572,-2.421,7.865,-4.994,-0.322,0.322,-0.166,1058,0,0
1718592,-3.531,8.303,-4.927,-0.031,0.241,-0.199,1072,0,0
1718612,-3.129,8.418,-5.203,-0.315,0.110,-0.101,1098,0,0
1718632,-3.517,8.320,-5.361,-0.756,0.309,-0.209,1138,0,0
1718652,-2.476,8.976,-5.911,-0.760,0.543,-0.212,1200,0,0
1718672,-1.815,9.009,-5.897,-1.094,0.887,0.066,1264,0,0
1718693,-2.626,8.966,-5.509,-1.262,1.053,0.238,1343,0,0
1718712,-2.284,8.272,-5.344,-1.375,1.185,0.504,1437,0,0
1718732,-2.540,8.210,-2.667,-1.077,0.687,0.559,1523,0,0
1718752,-1.798,7.398,-2.509,-1.149,0.218,0.429,1602,0,0
1718772,-1.618,7.843,-3.232,-1.230,0.057,0.224,1664,0,0
1718792,-1.487,8.564,-3.199,-0.659,-0.038,0.177,1713,0,0
1718812,-1.765,8.894,-3.268,-0.382,-0.109,0.176,1742,0,0
1718832,-1.884,8.871,-3.594,-0.746,-0.142,0.163,1762,0,0
1718852,-1.690,8.401,-3.479,-0.770,-0.150,0.119,1778,0,0
1718872,-1.719,8.349,-3.323,-0.444,-0.120,0.020,1789,0,0
1718892,-1.755,8.684,-3.249,-0.298,-0.058,-0.019,1796,0,0
1718912,-1.824,8.918,-3.290,-0.168,-0.038,0.006,1801,0,0
1718932,-1.975,8.983,-3.330,-0.208,-0.039,0.023,1800,0,0
1718952,-2.025,8.911,-3.395,-0.271,-0.031,-0.007,1800,0,0
1718973,-1.899,8.940,-3.259,-0.248,-0.026,-0.009,1798,0,0
1718992,-1.896,8.880,-3.263,-0.306,-0.008,0.016,1797,0,0
1719012,-1.980,8.756,-3.266,-0.278,0.023,0.040,1795,0,0
1719032,-2.009,8.782,-3.235,-0.169,0.038,0.019,1795,0,0
1719052,-1.872,8.933,-3.120,-0.169,0.027,0.006,1793,0,0
1719072,-1.882,9.062,-2.983,-0.193,0.009,-0.004,1790,0,0
1719092,-1.827,9.007,-2.993,-0.260,-0.032,-0.005,1782,0,0
1719112,-1.686,9.050,-3.112,-0.318,-0.022,0.019,1777,0,0
1719132,-1.671,9.210,-3.043,-0.329,0.017,0.061,1775,0,0
1719152,-1.776,9.306,-2.875,-0.396,0.026,0.106,1770,0,0
1719172,-1.908,9.187,-2.665,-0.484,-0.008,0.129,1764,0,0
1719192,-1.870,9.091,-2.674,-0.491,-0.036,0.126,1755,0,0
1719212,-1.755,9.124,-2.665,-0.439,-0.048,0.099,1744,0,0
1719232,-1.595,9.234,-2.512,-0.369,-0.034,0.088,1730,0,0
1719252,-1.556,9.313,-2.397,-0.335,0.003,0.117,1727,0,0
1719272,-1.652,9.230,-2.203,-0.408,0.021,0.146,1729,0,0
1719293,-1.705,9.052,-2.052,-0.399,-0.022,0.132,1727,0,0
1719312,-1.616,9.043,-2.066,-0.368,-0.048,0.126,1727,0,0
1719332,-1.578,9.067,-1.963,-0.339,-0.042,0.117,1728,0,0
1719352,-1.568,8.916,-1.884,-0.318,-0.040,0.104,1727,0,0
1719372,-1.561,8.801,-1.913,-0.230,-0.035,0.076,1722,0,0
1719392,-1.525,8.844,-1.935,-0.147,-0.022,0.038,1720,0,0
1719412,-1.458,9.076,-1.920,-0.066,-0.026,0.002,1715,0,0
1719432,-1.551,9.086,-1.798,-0.117,-0.019,-0.009,1713,0,0
1719452,-1.630,9.136,-1.906,-0.066,-0.026,-0.019,1711,0,0
1719473,-1.630,9.299,-2.018,-0.017,-0.041,-0.017,1711,0,0
1719492,-1.528,9.345,-2.085,-0.062,-0.038,0.002,1709,0,0
1719512,-1.530,9.189,-2.002,-0.075,-0.024,0.023,1708,0,0
1719532,-1.583,9.165,-2.021,-0.032,-0.027,0.023,1703,0,0
1719552,-1.535,9.234,-2.114,-0.015,-0.048,0.005,1699,0,0
1719572,-1.422,9.357,-2.162,-0.050,-0.034,0.002,1699,0,0
1719592,-1.496,9.275,-2.059,-0.077,-0.005,0.015,1698,0,0
1719612,-1.583,9.258,-1.999,-0.032,-0.004,0.017,1698,0,0
1719632,-1.611,9.335,-2.133,-0.024,-0.010,0.017,1698,0,0
1719652,-1.561,9.366,-2.200,-0.044,-0.005,0.025,1694,0,0
1719673,-1.535,9.258,-2.133,-0.077,0.006,0.032,1692,0,0
1719692,-1.537,9.251,-2.002,-0.099,0.006,0.033,1689,0,0
1719712,-1.583,9.172,-1.992,-0.111,-0.006,0.022,1688,0,0
1719732,-1.556,9.160,-2.114,-0.086,-0.002,0.021,1685,0,0
1719752,-1.484,9.201,-2.172,-0.042,0.029,0.022,1684,0,0
1719772,-1.492,9.242,-2.076,-0.043,0.055,0.021,1686,0,0
1719792,-1.559,9.290,-1.899,-0.057,0.045,0.015,1685,0,0
1719812,-1.563,9.254,-1.805,-0.078,-0.001,0.026,1683,0,0
1719832,-1.429,9.215,-1.939,-0.102,-0.033,0.034,1682,0,0
1719852,-1.377,9.172,-2.025,-0.110,-0.033,0.019,1681,0,0
1719872,-1.379,9.175,-2.088,-0.084,-0.010,0.001,1680,0,0
1719892,-1.458,9.313,-2.102,-0.022,0.015,0.003,1680,0,0
1719912,-1.501,9.371,-2.035,-0.043,0.011,0.015,1680,0,0
1719932,-1.544,9.294,-1.956,-0.091,-0.011,0.017,1679,0,0
1719952,-1.439,9.194,-2.037,-0.075,-0.017,0.022,1680,0,0
1719972,-1.470,9.165,-2.112,-0.047,-0.008,0.025,1679,0,0
1719992,-1.444,9.189,-2.107,-0.046,0.012,0.027,1678,0,0
1720012,-1.506,9.177,-2.037,-0.062,0.024,0.018,1677,0,0
1720032,-1.470,9.167,-1.999,-0.053,0.012,0.008,1677,0,0
1720052,-1.420,9.194,-2.033,-0.065,0.006,0.005,1677,0,0
1720072,-1.429,9.199,-1.923,-0.077,0.013,-0.002,1677,0,0
1720092,-1.427,9.208,-1.901,-0.049,0.009,-0.005,1675,0,0
1720112,-1.463,9.234,-1.903,-0.034,-0.003,0.007,1676,0,0
1720132,-1.499,9.242,-1.968,-0.040,-0.015,0.008,1675,0,0
1720152,-1.448,9.225,-2.052,-0.066,-0.024,-0.002,1673,0,0
1720172,-1.432,9.242,-2.028,-0.065,-0.013,-0.002,1672,0,0
1720192,-1.446,9.268,-2.071,-0.041,-0.008,-0.000,1671,0,0
1720212,-1.470,9.290,-2.119,-0.040,0.009,0.004,1671,0,0
1720232,-1.470,9.266,-2.035,-0.047,0.024,0.009,1670,0,0
1720253,-1.487,9.210,-2.016,-0.061,0.012,-0.003,1668,0,0
1720272,-1.408,9.270,-2.021,-0.079,-0.013,-0.009,1666,0,0
1720293,-1.379,9.251,-2.018,-0.078,-0.013,-0.006,1666,0,0
1720312,-1.413,9.266,-2.025,-0.051,0.011,0.001,1664,0,0
1720332,-1.427,9.270,-2.045,-0.034,0.020,0.007,1664,0,0
1720352,-1.448,9.239,-2.097,-0.035,0.019,0.003,1664,0,0
1720372,-1.377,9.249,-2.057,-0.067,0.009,0.001,1664,0,0
1720392,-1.353,9.167,-1.987,-0.090,0.000,-0.003,1664,0,0
1720412,-1.353,9.151,-1.958,-0.082,0.000,-0.001,1666,0,0
1720432,-1.439,9.100,-2.009,-0.059,0.005,0.001,1665,0,0
1720452,-1.415,9.103,-2.071,-0.045,0.002,-0.005,1665,0,0
1720473,-1.403,9.160,-2.095,-0.051,-0.009,-0.025,1666,0,0
1720493,-1.384,9.237,-2.100,-0.057,0.004,-0.031,1663,0,0
1720512,-1.470,9.246,-2.009,-0.063,0.019,-0.027,1664,0,0
1720532,-1.518,9.234,-2.033,-0.077,0.006,-0.021,1663,0,0
1720552,-1.410,9.230,-2.069,-0.069,-0.002,-0.014,1663,0,0
1720572,-1.398,9.208,-2.121,-0.082,0.006,-0.019,1661,0,0
1720592,-1.403,9.227,-2.124,-0.066,0.021,-0.026,1662,0,0
1720612,-1.523,9.313,-2.018,-0.042,0.030,-0.028,1661,0,0
1720632,-1.542,9.369,-2.025,-0.069,0.021,-0.014,1661,0,0
