3085264,2.983,4.645,7.724,-0.035,0.005,-0.03,1519,0,0
3085283,2.942,4.767,7.717,-0.029,0.005,-0.028,1519,0,0
3085304,2.902,4.879,7.635,-0.03,0.009,-0.018,1519,0,0
3085323,2.899,4.913,7.661,-0.073,0.001,-0.003,1519,0,0
3085344,2.947,4.784,7.726,-0.111,0.001,0.014,1519,0,0
3085363,2.962,4.609,7.752,-0.101,0.001,0.017,1519,0,0
3085384,2.993,4.456,7.815,-0.091,0.002,0.01,1519,0,0
3085404,3.055,4.501,7.793,-0.029,-0.006,-0.012,1519,0,0
3085423,3.038,4.69,7.676,0.007,-0.008,-0.039,1518,0,0
3085443,2.962,4.887,7.614,-0.005,-0.005,-0.037,1519,0,0
3085464,2.942,4.966,7.59,-0.043,0.003,-0.008,1519,0,0
3085484,2.983,4.822,7.582,-0.104,0.008,0.012,1517,0,0
3085504,2.995,4.645,7.642,-0.122,0.022,0.009,1517,0,0
3085523,3.026,4.599,7.796,-0.11,0.016,-0.002,1518,0,0
3085544,2.998,4.587,7.762,-0.089,0.009,-0.009,1516,0,0
3085563,2.954,4.654,7.678,-0.051,0.011,-0.018,1515,0,0
3085584,2.954,4.736,7.626,-0.041,0.02,-0.019,1515,0,0
3085603,2.904,4.853,7.647,-0.05,0.029,-0.012,1515,0,0
3085623,2.866,4.829,7.743,-0.077,0.018,-0.0,1516,0,0
3085643,2.885,4.645,7.805,-0.098,0.004,0.009,1518,0,0
3085663,3.005,4.511,7.798,-0.086,-0.004,0.006,1518,0,0
3085683,3.053,4.458,7.784,-0.048,-0.001,-0.011,1516,0,0
3085704,3.002,4.59,7.719,0.006,0.003,-0.03,1516,0,0
3085723,2.95,4.824,7.69,0.02,-0.0,-0.035,1517,0,0
3085744,2.959,4.901,7.594,-0.019,-0.003,-0.022,1516,0,0
3085763,2.957,4.858,7.549,-0.034,0.006,-0.009,1518,0,0
3085784,2.938,4.836,7.678,-0.082,0.013,0.005,1517,0,0
3085803,2.966,4.623,7.772,-0.095,0.008,0.01,1518,0,0
3085823,3.053,4.511,7.712,-0.063,0.005,-0.003,1518,0,0
3085843,3.065,4.535,7.7,-0.024,0.012,-0.032,1518,0,0
3085864,2.969,4.764,7.669,0.013,0.019,-0.045,1518,0,0
3085883,2.895,4.982,7.666,0.01,0.013,-0.029,1517,0,0
3085904,2.909,4.963,7.535,-0.048,0.013,0.0,1516,0,0
3085923,2.957,4.86,7.58,-0.084,0.025,0.018,1518,0,0
3085943,2.978,4.7,7.731,-0.116,0.034,0.018,1517,0,0
3085963,3.005,4.561,7.812,-0.088,0.028,0.015,1518,0,0
3085984,3.045,4.556,7.757,-0.056,0.019,0.007,1517,0,0
3086003,3.007,4.662,7.738,0.006,0.016,-0.01,1518,0,0
3086023,2.969,4.86,7.661,0.012,0.011,-0.017,1516,0,0
3086043,2.95,4.899,7.527,-0.009,0.018,-0.009,1516,0,0
3086064,2.966,4.915,7.506,-0.056,0.033,0.005,1516,0,0
3086084,2.933,4.865,7.693,-0.111,0.031,0.01,1514,0,0
3086103,2.978,4.714,7.796,-0.128,0.017,0.015,1516,0,0
3086123,3.0,4.59,7.702,-0.094,0.009,0.008,1515,0,0
3086143,3.002,4.571,7.69,-0.056,0.01,-0.009,1514,0,0
3086164,2.966,4.685,7.652,-0.031,0.016,-0.027,1515,0,0
3086183,2.919,4.851,7.633,-0.014,0.019,-0.03,1514,0,0
3086203,2.859,4.958,7.618,-0.042,0.023,-0.019,1514,0,0
3086224,2.875,4.887,7.678,-0.082,0.019,0.003,1514,0,0
3086243,2.931,4.702,7.726,-0.116,0.01,0.014,1515,0,0
3086263,3.067,4.542,7.697,-0.094,0.012,0.006,1514,0,0
3086284,3.057,4.549,7.688,-0.042,0.024,-0.014,1515,0,0
3086304,2.986,4.731,7.705,0.002,0.022,-0.03,1515,0,0
3086324,2.907,4.949,7.652,-0.006,0.016,-0.023,1515,0,0
3086344,2.878,4.994,7.542,-0.035,0.011,-0.006,1515,0,0
3086364,2.942,4.884,7.544,-0.101,0.017,0.011,1515,0,0
3086384,2.952,4.712,7.69,-0.122,0.022,0.011,1513,0,0
3086403,2.95,4.606,7.764,-0.103,0.015,0.001,1513,0,0
3086424,2.942,4.58,7.788,-0.076,0.007,-0.009,1513,0,0
3086443,2.971,4.633,7.681,-0.043,0.005,-0.019,1515,0,0
3086464,2.952,4.712,7.673,-0.03,0.007,-0.027,1514,0,0
3086484,2.938,4.855,7.669,-0.026,0.006,-0.033,1513,0,0
3086503,2.875,4.922,7.633,-0.053,0.005,-0.027,1515,0,0
3086524,2.885,4.901,7.688,-0.072,0.007,-0.007,1515,0,0
3086544,2.921,4.774,7.719,-0.095,0.005,0.003,1514,0,0
3086563,3.014,4.621,7.7,-0.086,0.005,0.006,1515,0,0
3086584,3.065,4.616,7.683,-0.048,0.011,-0.004,1513,0,0
3086603,3.033,4.731,7.669,-0.04,0.018,-0.014,1515,0,0
3086624,2.952,4.865,7.633,-0.028,0.022,-0.013,1515,0,0
3086644,2.907,4.942,7.611,-0.051,0.02,-0.008,1515,0,0
3086664,2.89,4.882,7.688,-0.098,0.018,0.003,1514,0,0
3086683,2.928,4.702,7.719,-0.109,0.013,0.005,1514,0,0
3086704,2.964,4.587,7.748,-0.098,0.014,-0.007,1514,0,0
3086723,2.974,4.602,7.76,-0.058,0.012,-0.014,1514,0,0
3086744,2.988,4.705,7.7,-0.033,0.01,-0.015,1513,0,0
3086763,2.962,4.774,7.623,-0.033,0.011,-0.022,1513,0,0
3086784,2.88,4.901,7.602,-0.04,0.017,-0.015,1514,0,0
3086803,2.866,4.894,7.683,-0.066,0.008,-0.007,1514,0,0
3086824,2.883,4.82,7.671,-0.086,0.001,0.001,1513,0,0
3086844,2.959,4.741,7.69,-0.08,0.006,0.006,1513,0,0
3086863,3.01,4.638,7.681,-0.075,0.016,0.004,1515,0,0
3086883,3.036,4.616,7.7,-0.033,0.011,-0.004,1516,0,0
3086904,3.002,4.764,7.712,-0.044,0.011,-0.007,1516,0,0
3086923,2.99,4.822,7.587,-0.035,0.017,-0.001,1514,0,0
3086944,2.919,4.867,7.582,-0.039,0.03,0.001,1514,0,0
3086963,2.88,4.908,7.671,-0.072,0.031,0.006,1515,0,0
3086983,2.866,4.8,7.736,-0.088,0.018,0.014,1516,0,0
3087003,2.907,4.652,7.786,-0.092,0.009,0.008,1514,0,0
3087024,2.959,4.602,7.74,-0.078,-0.001,-0.005,1514,0,0
3087044,2.988,4.63,7.69,-0.055,0.0,-0.011,1515,0,0
3087064,3.0,4.683,7.633,-0.034,0.013,-0.018,1515,0,0
3087084,2.923,4.8,7.673,-0.03,0.012,-0.026,1515,0,0
3087104,2.851,4.889,7.705,-0.029,0.0,-0.022,1515,0,0
3087123,2.895,4.908,7.599,-0.044,-0.003,-0.006,1516,0,0
3087144,2.945,4.805,7.547,-0.065,0.012,0.005,1515,0,0
3087164,2.966,4.757,7.649,-0.071,0.027,0.01,1515,0,0
3087183,2.962,4.719,7.757,-0.075,0.025,0.015,1516,0,0
3087203,3.005,4.669,7.745,-0.064,0.01,0.014,1515,0,0
3087224,3.038,4.626,7.635,-0.037,0.013,0.002,1515,0,0
3087244,2.978,4.729,7.614,0.004,0.027,-0.016,1515,0,0
3087264,2.89,4.918,7.64,-0.007,0.025,-0.014,1513,0,0
3087283,2.818,4.968,7.635,-0.047,0.018,-0.001,1514,0,0
3087303,2.897,4.887,7.685,-0.084,0.003,0.01,1515,0,0
3087324,2.962,4.697,7.693,-0.096,-0.001,0.014,1514,0,0
3087344,3.041,4.556,7.678,-0.067,0.005,0.006,1514,0,0
3087363,2.998,4.604,7.685,-0.044,0.01,-0.014,1514,0,0
3087384,2.933,4.769,7.695,-0.011,0.008,-0.029,1514,0,0
3087403,2.902,4.934,7.645,-0.018,0.002,-0.023,1515,0,0
3087424,2.928,4.906,7.537,-0.032,0.007,-0.014,1514,0,0
3087444,2.914,4.911,7.527,-0.047,0.016,-0.004,1515,0,0
3087464,2.957,4.834,7.654,-0.072,0.017,0.003,1514,0,0
3087484,2.993,4.764,7.695,-0.084,0.015,0.006,1515,0,0
3087504,3.019,4.695,7.738,-0.06,0.009,0.005,1515,0,0
3087523,3.031,4.662,7.661,-0.041,0.007,0.0,1515,0,0
3087544,3.002,4.767,7.597,-0.003,0.018,-0.013,1515,0,0
3087564,2.89,4.963,7.578,-0.006,0.031,-0.011,1515,0,0
3087584,2.859,5.009,7.618,-0.042,0.024,0.002,1515,0,0
3087603,2.911,4.894,7.616,-0.08,0.013,0.011,1514,0,0
3087623,2.947,4.772,7.666,-0.094,0.011,0.017,1514,0,0
3087643,2.969,4.671,7.726,-0.089,0.009,0.01,1514,0,0
3087664,2.986,4.64,7.755,-0.054,0.003,-0.007,1515,0,0
3087684,2.99,4.673,7.666,-0.029,-0.001,-0.023,1513,0,0
3087703,2.969,4.81,7.57,-0.006,0.002,-0.034,1514,0,0
3087723,2.926,4.956,7.544,-0.01,0.01,-0.034,1515,0,0
3087743,2.892,5.054,7.604,-0.028,0.01,-0.022,1515,0,0
3087763,2.887,5.016,7.568,-0.063,0.012,0.003,1515,0,0
3087783,2.974,4.872,7.609,-0.099,0.014,0.021,1515,0,0
3087803,3.038,4.669,7.647,-0.088,0.015,0.018,1515,0,0
3087823,3.05,4.611,7.685,-0.056,0.019,0.003,1515,0,0
3087843,2.983,4.772,7.666,-0.007,0.024,-0.013,1515,0,0
3087864,2.931,4.966,7.611,0.001,0.022,-0.008,1515,0,0
3087979,3.029,4.652,7.652,-0.04,0.01,-0.023,1516,0,0
3087991,2.974,4.75,7.688,-0.017,0.008,-0.035,1517,0,0
3088002,2.935,4.865,7.647,-0.006,0.004,-0.04,1516,0,0
3088013,2.911,4.944,7.599,-0.016,0.001,-0.039,1515,0,0
3088024,2.899,5.03,7.544,-0.025,0.001,-0.032,1516,0,0
3088034,2.875,5.076,7.506,-0.033,0.002,-0.023,1516,0,0
3088045,2.885,5.061,7.484,-0.049,0.006,-0.012,1516,0,0
3088055,2.933,5.045,7.513,-0.077,0.009,-0.002,1515,0,0
3088123,3.0,4.688,7.707,-0.055,0.011,-0.003,1517,0,0
3088280,3.033,4.609,7.628,-0.051,0.016,-0.03,1516,0,0
3088300,2.935,4.858,7.697,-0.007,0.011,-0.04,1515,0,0
3088320,2.88,5.001,7.69,-0.018,-0.011,-0.036,1514,0,0
3088340,2.909,4.994,7.487,-0.048,-0.007,-0.021,1515,0,0
3088360,2.978,4.975,7.444,-0.061,0.015,-0.006,1515,0,0
3088380,2.986,4.922,7.616,-0.088,0.026,0.0,1515,0,0
3088400,2.966,4.788,7.719,-0.087,0.016,0.002,1515,0,0
3088420,2.993,4.688,7.695,-0.071,0.008,0.004,1516,0,0
3088440,3.041,4.673,7.626,-0.041,0.013,-0.005,1515,0,0
3088460,2.995,4.841,7.539,-0.007,0.022,-0.012,1515,0,0
3088480,2.899,5.001,7.587,-0.018,0.025,-0.014,1516,0,0
3088500,2.847,5.073,7.597,-0.049,0.023,-0.005,1515,0,0
3088520,2.895,4.949,7.592,-0.084,0.009,0.009,1516,0,0
3088540,2.959,4.788,7.606,-0.118,0.0,0.01,1515,0,0
3088560,2.986,4.666,7.618,-0.1,0.004,-0.006,1515,0,0
3088580,3.019,4.681,7.688,-0.063,0.012,-0.018,1514,0,0
3088600,2.962,4.791,7.638,-0.039,0.011,-0.027,1516,0,0
3088620,2.916,4.896,7.614,-0.031,0.01,-0.025,1516,0,0
3088640,2.899,4.978,7.568,-0.037,0.009,-0.015,1516,0,0
3088660,2.921,4.975,7.547,-0.05,0.009,-0.013,1517,0,0
3088680,2.938,4.968,7.525,-0.071,0.019,-0.002,1516,0,0
3088700,2.942,4.925,7.609,-0.078,0.023,0.009,1517,0,0
3088720,2.988,4.767,7.661,-0.101,0.015,0.027,1517,0,0
3088740,3.077,4.606,7.64,-0.072,0.014,0.011,1517,0,0
3088760,3.038,4.693,7.676,-0.031,0.018,-0.017,1517,0,0
3088780,2.907,4.906,7.664,0.007,0.022,-0.026,1517,0,0
3088800,2.83,5.085,7.57,-0.013,0.014,-0.017,1518,0,0
3088820,2.878,5.049,7.501,-0.078,0.008,0.005,1516,0,0
3088840,2.95,4.896,7.532,-0.111,0.01,0.007,1516,0,0
3088860,2.962,4.748,7.714,-0.12,0.007,-0.002,1517,0,0
3088880,2.966,4.642,7.726,-0.088,0.0,-0.014,1517,0,0
3088900,3.0,4.673,7.611,-0.044,-0.002,-0.025,1517,0,0
3088920,2.978,4.846,7.568,-0.023,0.005,-0.027,1517,0,0
3088940,2.907,4.97,7.518,-0.03,0.008,-0.021,1518,0,0
3088960,2.902,5.042,7.558,-0.056,0.006,-0.015,1517,0,0
3089029,3.062,4.666,7.549,-0.098,0.021,0.017,1517,0,0
3089041,3.084,4.618,7.59,-0.061,0.028,0.003,1517,0,0
3089052,3.072,4.654,7.683,-0.037,0.03,-0.013,1518,0,0
3089063,3.014,4.717,7.712,-0.036,0.032,-0.024,1517,0,0
3089074,2.947,4.803,7.717,-0.021,0.026,-0.029,1517,0,0
3089084,2.871,4.954,7.685,0.003,0.02,-0.026,1517,0,0
3089100,2.835,5.085,7.587,-0.007,0.011,-0.013,1517,0,0
3089120,2.854,5.061,7.482,-0.063,0.008,0.005,1516,0,0
3089184,2.959,4.729,7.815,-0.091,0.004,-0.014,1516,0,0
3089321,2.962,4.834,7.573,-0.103,0.017,0.029,1516,0,0
3089341,3.019,4.724,7.597,-0.072,0.029,0.026,1516,0,0
3089361,2.969,4.779,7.671,-0.067,0.036,0.022,1516,0,0
3089381,2.947,4.817,7.733,-0.054,0.019,0.022,1516,0,0
3089401,2.969,4.822,7.614,-0.048,0.006,0.021,1517,0,0
3089421,2.969,4.812,7.506,-0.048,0.015,0.014,1516,0,0
3089441,2.94,4.872,7.515,-0.042,0.033,0.001,1516,0,0
3089461,2.904,4.92,7.683,-0.061,0.021,0.002,1517,0,0
3089481,2.931,4.829,7.678,-0.088,0.001,-0.002,1517,0,0
3089501,3.002,4.707,7.616,-0.075,-0.013,-0.015,1517,0,0
3089521,3.019,4.695,7.597,-0.051,-0.004,-0.025,1518,0,0
3089541,2.952,4.855,7.63,-0.026,0.004,-0.029,1517,0,0
3089561,2.933,4.951,7.604,-0.044,0.003,-0.021,1516,0,0
3089581,2.938,4.951,7.511,-0.041,0.006,-0.012,1516,0,0
3089601,2.962,4.954,7.544,-0.059,0.013,-0.009,1517,0,0
3089621,2.981,4.92,7.532,-0.075,0.022,-0.002,1517,0,0
3089641,2.959,4.877,7.626,-0.07,0.018,-0.004,1516,0,0
3089661,2.962,4.817,7.671,-0.084,0.019,0.001,1515,0,0
3089681,2.974,4.798,7.628,-0.072,0.014,-0.002,1515,0,0
3089701,2.974,4.752,7.621,-0.071,0.02,-0.005,1515,0,0
3089721,2.995,4.748,7.609,-0.048,0.025,-0.011,1515,0,0
3089741,2.902,4.867,7.657,-0.026,0.021,-0.029,1515,0,0
3089761,2.861,4.994,7.7,-0.041,0.003,-0.036,1515,0,0
3089781,2.868,5.004,7.566,-0.062,-0.011,-0.018,1514,0,0
3089801,2.952,4.86,7.508,-0.094,-0.005,-0.006,1513,0,0
3089821,2.983,4.798,7.585,-0.103,0.008,-0.014,1515,0,0
3089841,2.954,4.774,7.762,-0.082,-0.003,-0.025,1515,0,0
3089861,2.916,4.788,7.707,-0.055,-0.015,-0.031,1515,0,0
3089881,2.945,4.843,7.58,-0.043,-0.015,-0.03,1515,0,0
3089901,2.94,4.887,7.515,-0.041,0.0,-0.035,1516,0,0
3089921,2.94,4.999,7.609,-0.043,-0.002,-0.038,1516,0,0
3089941,2.897,5.023,7.58,-0.067,-0.004,-0.028,1517,0,0
3089961,2.957,4.922,7.568,-0.077,-0.006,-0.011,1517,0,0
3089981,3.031,4.791,7.558,-0.091,0.002,-0.009,1516,0,0
3090001,3.041,4.743,7.621,-0.081,0.011,-0.011,1517,0,0
3090021,2.974,4.774,7.661,-0.051,0.014,-0.023,1517,0,0
3090041,2.945,4.841,7.678,-0.039,0.005,-0.026,1517,0,0
3090061,2.921,4.911,7.568,-0.027,-0.003,-0.029,1517,0,0
3090081,2.921,4.954,7.499,-0.042,0.003,-0.025,1517,0,0
3090101,2.904,5.021,7.551,-0.06,0.003,-0.021,1517,0,0
3090121,2.933,4.994,7.604,-0.098,0.001,-0.014,1517,0,0
3090141,3.012,4.863,7.592,-0.106,-0.005,-0.009,1518,0,0
3090161,3.036,4.683,7.609,-0.104,0.0,-0.01,1516,0,0
3090181,2.983,4.707,7.616,-0.053,0.015,-0.022,1517,0,0
3090201,2.933,4.901,7.683,-0.028,0.009,-0.031,1516,0,0
3090221,2.875,5.004,7.58,-0.037,0.006,-0.02,1517,0,0
3090241,2.931,5.049,7.472,-0.04,0.015,0.002,1517,0,0
3090261,2.981,4.966,7.489,-0.09,0.028,0.015,1515,0,0
3090281,2.971,4.824,7.621,-0.088,0.033,0.014,1516,0,0
3090301,2.95,4.822,7.709,-0.068,0.019,0.002,1517,0,0
3090321,2.976,4.757,7.649,-0.076,0.013,0.003,1517,0,0
3090394,2.861,5.009,7.614,-0.039,0.014,-0.022,1516,0,0
3090405,2.863,5.025,7.618,-0.065,0.007,-0.019,1516,0,0
3090417,2.866,5.009,7.582,-0.086,0.005,-0.009,1515,0,0
3090429,2.897,4.949,7.604,-0.098,0.001,-0.0,1515,0,0
3090439,2.914,4.867,7.602,-0.108,0.002,0.004,1515,0,0
3090450,2.95,4.788,7.604,-0.113,-0.0,0.002,1515,0,0
3090461,2.995,4.714,7.63,-0.107,0.006,-0.002,1515,0,0
3090481,2.986,4.719,7.669,-0.074,0.012,-0.013,1516,0,0
3090529,2.94,4.927,7.523,-0.042,-0.001,-0.011,1515,0,0
3090541,2.95,4.982,7.477,-0.054,0.006,-0.009,1516,0,0
3090552,2.954,4.978,7.446,-0.06,0.011,-0.008,1516,0,0
3090562,2.942,4.98,7.506,-0.065,0.016,-0.006,1516,0,0
3090581,2.899,4.946,7.611,-0.086,0.018,-0.006,1516,0,0
3090601,2.938,4.843,7.688,-0.086,0.009,0.002,1517,0,0
3090621,2.993,4.757,7.649,-0.093,0.01,0.008,1515,0,0
3090641,3.026,4.7,7.645,-0.064,0.009,-0.004,1516,0,0
3090681,2.923,4.889,7.683,-0.025,0.012,-0.039,1516,0,0
3090693,2.885,4.911,7.642,-0.021,0.013,-0.041,1517,0,0
3090704,2.863,5.016,7.575,-0.022,0.002,-0.03,1516,0,0
3090721,2.866,5.119,7.503,-0.071,-0.002,-0.015,1517,0,0
3090741,2.907,4.961,7.513,-0.131,0.003,0.003,1517,0,0
3090761,2.964,4.741,7.661,-0.132,0.001,-0.002,1517,0,0
3090781,3.002,4.626,7.719,-0.128,-0.01,-0.019,1516,0,0
3090801,2.962,4.729,7.685,-0.083,-0.01,-0.026,1517,0,0
3090821,2.971,4.853,7.599,-0.048,-0.008,-0.029,1515,0,0
3090841,2.947,4.934,7.525,-0.055,0.006,-0.019,1517,0,0
3090861,2.931,4.939,7.566,-0.064,0.014,-0.008,1517,0,0
3090881,2.938,4.884,7.638,-0.082,0.012,-0.005,1516,0,0
3090901,2.923,4.817,7.657,-0.087,0.01,-0.007,1517,0,0
3090921,2.947,4.8,7.697,-0.076,0.007,-0.005,1517,0,0
3090941,2.988,4.745,7.673,-0.074,0.003,0.005,1515,0,0
3090961,3.048,4.683,7.606,-0.053,0.007,-0.006,1517,0,0
3090981,3.029,4.798,7.59,-0.025,0.018,-0.025,1517,0,0
3091001,2.921,4.958,7.618,-0.022,0.015,-0.037,1517,0,0
3091131,2.926,4.774,7.695,-0.027,-0.0,-0.035,1517,0,0
3091150,2.914,4.939,7.58,-0.021,-0.006,-0.031,1517,0,0
3091170,2.94,5.016,7.491,-0.057,-0.002,-0.016,1517,0,0
3091190,2.942,4.999,7.551,-0.079,0.012,-0.001,1518,0,0
3091210,2.933,4.891,7.616,-0.103,0.018,0.013,1517,0,0
3091230,3.005,4.683,7.7,-0.103,0.019,0.013,1518,0,0
3091250,3.024,4.635,7.7,-0.071,0.018,0.007,1519,0,0
3091278,2.971,4.752,7.695,-0.022,0.019,-0.018,1518,0,0
3091307,2.916,4.939,7.554,-0.022,0.007,-0.021,1517,0,0
3091319,2.88,5.013,7.523,-0.03,0.004,-0.018,1518,0,0
3091331,2.866,5.052,7.532,-0.05,0.004,-0.009,1517,0,0
3091350,2.919,4.944,7.568,-0.092,0.001,0.001,1518,0,0
3091426,3.007,4.748,7.63,-0.024,-0.006,-0.026,1517,0,0
3091438,3.014,4.81,7.558,-0.008,0.002,-0.025,1518,0,0
3091451,2.966,4.901,7.527,-0.006,0.007,-0.018,1517,0,0
3091463,2.959,4.966,7.554,-0.016,0.009,-0.014,1517,0,0
3091474,2.959,4.994,7.535,-0.028,0.013,-0.011,1518,0,0
3091484,2.971,4.997,7.547,-0.035,0.011,-0.007,1517,0,0
3091495,2.945,4.966,7.537,-0.041,0.015,-0.004,1518,0,0
3091510,2.923,4.896,7.594,-0.049,0.018,0.001,1518,0,0
3091576,3.048,4.767,7.566,-0.029,0.026,-0.001,1518,0,0
3091588,2.988,4.824,7.58,-0.02,0.033,-0.008,1518,0,0
3091600,2.947,4.851,7.614,-0.002,0.031,-0.011,1518,0,0
3091611,2.904,4.913,7.635,0.005,0.025,-0.013,1518,0,0
3091622,2.926,4.985,7.585,-0.005,0.018,-0.014,1518,0,0
3091633,2.904,5.023,7.518,-0.021,0.014,-0.01,1518,0,0
3091651,2.899,5.033,7.52,-0.055,0.012,-0.002,1518,0,0
3091671,2.942,4.961,7.578,-0.084,0.014,0.005,1518,0,0
3091725,2.978,4.719,7.669,-0.043,0.011,-0.007,1516,0,0
3091736,2.976,4.764,7.635,-0.022,0.008,-0.016,1518,0,0
3091748,2.962,4.841,7.59,-0.012,0.006,-0.018,1518,0,0
3091759,2.935,4.937,7.539,-0.01,0.006,-0.017,1517,0,0
3091771,2.959,4.944,7.508,-0.014,0.007,-0.014,1518,0,0
3091790,2.974,4.994,7.489,-0.022,0.017,-0.009,1519,0,0
3091810,2.923,5.042,7.561,-0.04,0.022,-0.006,1518,0,0
3091830,2.931,4.958,7.599,-0.054,0.019,0.004,1519,0,0
3091879,3.048,4.788,7.558,-0.038,0.023,0.007,1517,0,0
3091891,3.026,4.808,7.549,-0.022,0.026,0.002,1520,0,0
3091902,2.981,4.879,7.554,-0.006,0.029,-0.001,1519,0,0
3091912,2.933,4.949,7.578,-0.007,0.03,-0.003,1519,0,0
3091930,2.875,5.054,7.59,-0.017,0.021,0.0,1519,0,0
3091951,2.899,5.045,7.52,-0.036,0.015,0.004,1518,0,0
3091970,2.952,4.982,7.482,-0.057,0.018,0.009,1518,0,0
3091991,2.966,4.922,7.551,-0.074,0.019,0.004,1518,0,0
3092027,2.966,4.86,7.647,-0.052,0.001,-0.003,1517,0,0
3092039,2.969,4.853,7.618,-0.052,-0.001,-0.005,1518,0,0
3092051,2.978,4.846,7.479,-0.052,0.004,-0.005,1517,0,0
3092070,2.966,4.961,7.479,-0.031,0.017,-0.008,1519,0,0
3092090,2.933,5.035,7.551,-0.055,0.018,-0.005,1518,0,0
3092110,2.909,5.013,7.547,-0.057,0.013,0.003,1518,0,0
3092130,2.952,4.98,7.515,-0.061,0.015,0.004,1518,0,0
3092150,2.957,4.932,7.523,-0.06,0.025,0.009,1518,0,0
3092175,2.962,4.93,7.59,-0.069,0.025,0.01,1519,0,0
3092190,3.012,4.887,7.602,-0.074,0.024,0.013,1519,0,0
3092210,3.005,4.824,7.594,-0.048,0.022,0.007,1518,0,0
3092230,2.998,4.841,7.578,-0.045,0.025,-0.008,1519,0,0
3092250,2.95,4.961,7.532,-0.013,0.024,-0.014,1518,0,0
3092270,2.873,5.092,7.525,-0.026,0.018,-0.018,1519,0,0
3092290,2.892,5.148,7.506,-0.065,0.009,-0.009,1518,0,0
3092310,2.907,5.042,7.468,-0.101,0.01,0.007,1518,0,0
3092330,2.976,4.848,7.57,-0.122,0.01,0.01,1518,0,0
3092350,3.0,4.721,7.609,-0.112,0.016,0.002,1518,0,0
3092370,3.019,4.738,7.64,-0.047,0.018,-0.018,1517,0,0
3092390,2.94,4.911,7.599,-0.029,0.011,-0.029,1517,0,0
3092410,2.907,5.061,7.475,-0.027,0.007,-0.024,1517,0,0
3092430,2.899,5.124,7.427,-0.051,0.012,-0.013,1516,0,0
3092450,2.928,5.04,7.496,-0.08,0.019,-0.002,1516,0,0
3092471,2.957,4.932,7.587,-0.081,0.022,0.003,1516,0,0
3092490,2.988,4.82,7.602,-0.07,0.021,0.006,1517,0,0
3092510,3.0,4.786,7.604,-0.063,0.018,-0.001,1515,0,0
3092530,3.005,4.853,7.594,-0.04,0.013,-0.011,1516,0,0
3092550,2.94,4.951,7.542,-0.027,0.019,-0.021,1515,0,0
3092571,2.859,5.112,7.52,-0.02,0.014,-0.02,1514,0,0
3092591,2.866,5.143,7.506,-0.072,0.008,-0.005,1517,0,0
3092610,2.928,4.99,7.475,-0.1,0.011,0.005,1516,0,0
3092631,2.986,4.858,7.582,-0.11,0.01,0.003,1515,0,0
3092650,2.983,4.752,7.626,-0.09,0.011,-0.012,1515,0,0
3092671,2.978,4.81,7.626,-0.046,0.008,-0.02,1515,0,0
3092690,2.931,4.942,7.563,-0.037,0.007,-0.024,1516,0,0
3092710,2.897,5.078,7.477,-0.039,0.007,-0.014,1516,0,0
3092730,2.911,5.08,7.46,-0.052,0.01,-0.005,1515,0,0
3092751,2.911,5.037,7.494,-0.075,0.023,0.003,1515,0,0
3092771,2.883,4.999,7.606,-0.075,0.021,0.007,1514,0,0
3092790,2.942,4.872,7.614,-0.081,0.01,0.011,1517,0,0
3092931,2.928,4.982,7.523,-0.09,0.01,0.001,1515,0,0
3092950,2.95,4.872,7.594,-0.089,0.01,-0.003,1515,0,0
3092970,2.95,4.81,7.657,-0.082,0.005,-0.011,1514,0,0
3092990,2.966,4.839,7.59,-0.057,-0.004,-0.014,1515,0,0
3093010,2.978,4.915,7.489,-0.044,0.005,-0.02,1515,0,0
3093030,2.964,5.035,7.446,-0.039,0.014,-0.015,1515,0,0
3093050,2.907,5.076,7.46,-0.048,0.021,-0.01,1515,0,0
3093071,2.892,5.088,7.515,-0.059,0.019,-0.002,1514,0,0
3093090,2.916,5.016,7.535,-0.072,0.013,0.009,1516,0,0
3093110,2.978,4.867,7.537,-0.077,0.017,0.015,1515,0,0
3093130,3.036,4.769,7.573,-0.069,0.034,0.01,1515,0,0
3093150,2.957,4.872,7.542,-0.047,0.035,-0.006,1515,0,0
3093170,2.895,4.987,7.645,-0.011,0.017,-0.01,1515,0,0
3093190,2.885,5.104,7.511,-0.032,0.007,-0.009,1516,0,0
3093210,2.919,5.131,7.412,-0.057,0.013,0.001,1515,0,0
3093230,2.933,5.028,7.501,-0.102,0.018,0.003,1516,0,0
3093250,2.954,4.934,7.618,-0.116,0.009,0.001,1516,0,0
3093270,2.964,4.834,7.623,-0.111,0.003,-0.003,1515,0,0
3093290,2.952,4.779,7.578,-0.084,0.006,-0.005,1514,0,0
3093311,2.947,4.817,7.59,-0.055,0.011,-0.009,1515,0,0
3093330,2.931,4.942,7.532,-0.037,0.015,-0.017,1514,0,0
3093350,2.875,5.073,7.547,-0.032,0.016,-0.019,1514,0,0
3093370,2.866,5.088,7.537,-0.054,0.01,-0.009,1515,0,0
3093391,2.926,5.013,7.494,-0.078,0.009,0.003,1514,0,0
3093410,2.969,4.925,7.506,-0.088,0.018,0.008,1515,0,0
3093430,3.007,4.86,7.59,-0.07,0.023,0.009,1515,0,0
3093450,2.976,4.817,7.654,-0.06,0.026,0.001,1515,0,0
3093470,2.954,4.908,7.63,-0.031,0.019,-0.005,1515,0,0
3093490,2.887,4.994,7.558,-0.025,0.014,-0.008,1514,0,0
3093510,2.878,5.076,7.503,-0.042,0.011,-0.007,1515,0,0
3093530,2.885,5.061,7.513,-0.069,0.009,-0.005,1515,0,0
3093550,2.89,4.97,7.587,-0.087,0.0,-0.003,1514,0,0
3093570,2.935,4.867,7.647,-0.101,-0.01,-0.009,1514,0,0
3093590,2.978,4.824,7.544,-0.077,-0.011,-0.011,1515,0,0
3093610,2.995,4.834,7.53,-0.048,0.003,-0.011,1515,0,0
3093630,2.959,4.903,7.525,-0.037,0.016,-0.017,1516,0,0
3093650,2.933,5.018,7.532,-0.03,0.014,-0.014,1516,0,0
3093670,2.914,5.092,7.518,-0.048,0.014,-0.011,1515,0,0
3093690,2.933,5.073,7.479,-0.056,0.013,-0.002,1516,0,0
3093710,2.959,4.973,7.503,-0.076,0.02,0.007,1516,0,0
3093730,2.974,4.894,7.549,-0.072,0.023,0.008,1516,0,0
3093750,2.978,4.848,7.592,-0.067,0.027,0.002,1516,0,0
3093770,2.959,4.846,7.604,-0.041,0.023,-0.002,1515,0,0
3093790,2.928,4.903,7.59,-0.034,0.016,-0.006,1515,0,0
3093810,2.907,5.013,7.539,-0.03,0.015,-0.005,1514,0,0
3093831,2.89,5.054,7.501,-0.043,0.013,-0.008,1515,0,0
3093850,2.928,5.049,7.511,-0.069,0.008,-0.01,1516,0,0
3093870,2.945,5.03,7.527,-0.095,0.006,-0.006,1515,0,0
3093890,2.931,4.911,7.568,-0.105,0.01,-0.003,1514,0,0
3093910,2.942,4.808,7.649,-0.094,0.012,-0.002,1516,0,0
3093930,2.94,4.796,7.623,-0.059,0.011,-0.009,1514,0,0
3093950,2.954,4.901,7.547,-0.037,0.011,-0.022,1516,0,0
3093970,2.909,5.03,7.508,-0.032,0.01,-0.021,1515,0,0
3093990,2.904,5.092,7.506,-0.053,0.009,-0.013,1515,0,0
3094010,2.94,5.047,7.506,-0.065,0.009,-0.007,1516,0,0
3094030,2.928,4.999,7.396,-0.092,0.017,0.0,1516,0,0
3094050,2.964,4.894,7.556,-0.075,0.018,0.002,1517,0,0
3094070,2.954,4.839,7.63,-0.079,0.019,0.001,1516,0,0
3094090,2.976,4.805,7.626,-0.046,0.016,-0.005,1517,0,0
3094110,2.899,4.925,7.738,-0.005,-0.003,-0.006,1516,0,0
3094130,2.856,5.071,7.494,-0.017,0.005,-0.009,1516,0,0
3094150,2.895,5.107,7.468,-0.058,0.004,-0.006,1516,0,0
3094170,2.907,5.04,7.501,-0.075,0.003,-0.005,1516,0,0
3094191,2.938,4.97,7.585,-0.103,0.0,-0.006,1517,0,0
3094210,2.947,4.848,7.628,-0.099,-0.006,-0.011,1517,0,0
3094230,2.993,4.82,7.575,-0.07,-0.006,-0.016,1516,0,0
3094250,3.0,4.812,7.501,-0.043,0.006,-0.018,1517,0,0
3094270,2.959,4.932,7.525,-0.021,0.016,-0.025,1517,0,0
3094290,2.909,5.066,7.508,-0.021,0.013,-0.025,1518,0,0
3094310,2.878,5.16,7.525,-0.048,0.009,-0.016,1518,0,0
3094330,2.923,5.092,7.479,-0.068,0.006,-0.001,1517,0,0
3094350,2.976,4.927,7.482,-0.082,0.015,-0.0,1519,0,0
3094370,2.99,4.882,7.623,-0.071,0.021,-0.001,1517,0,0
3094390,2.94,4.884,7.616,-0.05,0.021,-0.002,1518,0,0
3094410,2.969,4.927,7.578,-0.04,0.017,-0.0,1518,0,0
3094430,2.942,4.985,7.52,-0.04,0.017,-0.007,1517,0,0
3094451,2.942,5.08,7.439,-0.046,0.019,-0.005,1518,0,0
3094471,2.878,5.109,7.535,-0.065,0.021,-0.005,1518,0,0
3094490,2.863,5.045,7.597,-0.093,0.006,0.004,1518,0,0
3094510,2.931,4.853,7.64,-0.101,-0.007,-0.001,1518,0,0
3094531,2.988,4.764,7.618,-0.076,-0.01,-0.016,1518,0,0
3094551,3.007,4.769,7.554,-0.041,-0.009,-0.03,1518,0,0
3094570,2.986,4.887,7.482,-0.013,0.006,-0.034,1518,0,0
3094590,2.928,5.025,7.532,-0.006,0.011,-0.035,1518,0,0
3094610,2.902,5.119,7.518,-0.014,0.005,-0.027,1517,0,0
3094631,2.911,5.188,7.448,-0.045,0.002,-0.016,1518,0,0
3094650,2.931,5.171,7.429,-0.062,0.002,-0.002,1518,0,0
3094670,2.971,4.985,7.415,-0.094,0.017,0.018,1518,0,0
3094690,3.017,4.865,7.532,-0.077,0.027,0.01,1518,0,0
3094710,2.983,4.829,7.647,-0.058,0.026,-0.002,1519,0,0
3094730,2.942,4.946,7.606,-0.031,0.014,-0.004,1518,0,0
3094750,2.938,5.006,7.494,-0.028,0.014,-0.005,1519,0,0
3094770,2.907,5.09,7.422,-0.023,0.018,-0.006,1518,0,0
3094790,2.928,5.133,7.465,-0.061,0.015,-0.006,1519,0,0
3094810,2.914,5.083,7.537,-0.079,0.005,-0.005,1518,0,0
3094830,2.94,4.982,7.563,-0.099,0.001,-0.002,1518,0,0
3094850,2.995,4.887,7.539,-0.089,0.005,0.001,1518,0,0
3094870,3.005,4.848,7.511,-0.061,0.014,-0.006,1518,0,0
3094890,2.971,4.925,7.539,-0.046,0.017,-0.013,1519,0,0
3094910,2.952,5.011,7.489,-0.037,0.015,-0.013,1519,0,0
3094930,2.902,5.128,7.494,-0.049,0.014,-0.016,1519,0,0
3094950,2.875,5.191,7.484,-0.061,0.011,-0.006,1518,0,0
3094970,2.919,5.066,7.47,-0.079,0.011,0.009,1518,0,0
3094990,2.995,4.942,7.475,-0.09,0.015,0.008,1518,0,0
3095010,3.019,4.87,7.542,-0.076,0.027,0.009,1518,0,0
3095030,2.969,4.887,7.63,-0.052,0.029,-0.002,1517,0,0
3095051,2.928,4.949,7.609,-0.04,0.021,-0.007,1518,0,0
3095070,2.902,5.033,7.479,-0.029,0.017,-0.003,1517,0,0
3095090,2.883,5.121,7.446,-0.046,0.01,-0.004,1517,0,0
3095110,2.916,5.112,7.434,-0.092,0.008,0.0,1517,0,0
3095130,2.942,4.985,7.477,-0.1,0.012,-0.001,1516,0,0
3095150,2.954,4.903,7.599,-0.107,0.012,-0.007,1517,0,0
3095170,2.909,4.896,7.695,-0.095,0.006,-0.005,1518,0,0
3095190,2.959,4.815,7.618,-0.066,-0.003,-0.007,1517,0,0
3095211,2.981,4.848,7.434,-0.041,0.001,-0.017,1517,0,0
3095230,3.002,4.985,7.427,-0.03,0.017,-0.027,1518,0,0
3095250,2.914,5.121,7.491,-0.039,0.023,-0.03,1518,0,0
3095270,2.844,5.193,7.53,-0.062,0.009,-0.017,1519,0,0
3095290,2.899,5.114,7.53,-0.098,0.001,0.003,1516,0,0
3095311,2.993,4.918,7.468,-0.103,0.012,0.014,1517,0,0
3095330,3.019,4.798,7.573,-0.09,0.031,0.009,1517,0,0
3095350,2.957,4.803,7.645,-0.047,0.03,-0.003,1518,0,0
3095370,2.887,4.968,7.621,-0.028,0.014,-0.012,1517,0,0
3095390,2.856,5.138,7.537,-0.031,0.005,-0.013,1516,0,0
3095411,2.904,5.164,7.436,-0.06,0.005,-0.007,1517,0,0
3095430,2.935,5.045,7.468,-0.1,0.009,-0.002,1516,0,0
3095450,2.938,4.901,7.578,-0.117,0.004,-0.005,1516,0,0
3095470,2.981,4.81,7.609,-0.098,-0.002,-0.019,1516,0,0
3095491,2.95,4.843,7.594,-0.056,0.001,-0.026,1517,0,0
3095510,2.926,4.985,7.503,-0.043,0.006,-0.016,1516,0,0
3095530,2.959,5.069,7.482,-0.053,0.01,-0.005,1515,0,0
3095550,2.966,5.009,7.458,-0.071,0.011,-0.007,1514,0,0
3095570,2.935,5.013,7.542,-0.073,0.014,-0.019,1516,0,0
3095590,2.904,5.016,7.592,-0.068,0.006,-0.015,1516,0,0
3095610,2.945,5.021,7.542,-0.071,-0.0,-0.003,1516,0,0
3095630,2.971,4.985,7.479,-0.076,0.014,0.009,1516,0,0
3095651,2.947,4.958,7.582,-0.063,0.022,0.014,1517,0,0
3095670,2.902,4.978,7.705,-0.068,0.01,0.016,1516,0,0
3095690,2.866,4.92,7.788,-0.047,-0.019,0.02,1517,0,0
3095710,2.825,4.903,7.867,-0.016,-0.058,0.014,1517,0,0
3095731,2.761,5.107,8.092,0.058,-0.137,0.007,1517,0,0
3095751,2.674,5.37,8.277,0.091,-0.256,0.07,1519,0,0
3095770,2.5,5.485,8.413,0.176,-0.355,0.173,1519,0,0
3095790,2.538,5.641,8.667,0.25,-0.508,0.254,1520,0,0
3095810,2.423,5.839,9.34,0.223,-0.675,0.308,1520,0,0
3095830,2.042,6.292,9.373,0.434,-0.866,0.382,1520,0,0
3095850,1.896,7.118,9.007,0.594,-1.079,0.479,1521,0,0
3095871,2.081,8.629,8.425,0.437,-1.209,0.685,1522,0,0
3095890,2.124,9.433,7.927,0.016,-1.238,0.978,1522,0,0
3095910,2.44,9.261,7.25,-0.157,-1.232,1.302,1523,0,0
3095930,3.345,9.615,6.426,-0.374,-1.256,1.53,1523,0,0
3095950,3.903,10.039,5.583,-0.529,-1.121,1.663,1525,0,0
3095970,4.523,9.876,4.693,-0.487,-0.913,1.931,1524,0,0
3095990,5.124,9.021,3.591,-0.6,-0.627,2.299,1525,0,0
3096010,5.334,7.561,2.914,-0.645,-0.272,2.606,1525,0,0
3096030,5.004,5.957,2.435,-0.628,0.099,2.732,1525,0,0
3096050,5.26,4.149,2.224,-0.469,0.419,2.662,1528,0,0
3096071,5.918,2.557,1.8,-0.07,0.8,2.531,1535,0,0
3096090,6.369,1.322,1.887,-0.004,1.22,2.362,1562,0,0
3096110,6.436,-0.457,2.243,-0.14,1.682,2.058,1584,0,0
3096130,6.452,-2.423,3.287,-0.157,2.052,1.587,1609,0,0
3096150,6.33,-3.548,4.226,0.212,2.284,0.989,1646,0,0
3096170,6.019,-4.025,5.358,0.314,2.346,0.505,1679,0,0
3096190,5.641,-3.558,6.543,0.363,2.227,0.315,1712,0,0
3096210,5.444,-3.012,7.714,0.093,2.127,0.282,1745,0,0
3096230,5.516,-3.687,8.612,-0.646,2.094,0.077,1775,0,0
3096250,4.949,-4.451,9.038,-1.158,2.187,-0.35,1803,0,0
3096270,4.053,-4.147,9.064,-0.927,2.147,-0.726,1823,0,0
3096290,3.179,-3.275,9.086,-0.197,2.09,-0.845,1842,0,0
3096310,1.815,-1.317,10.324,-0.141,2.162,-0.955,1868,0,0
3096330,0.754,-1.571,11.54,-0.82,2.189,-1.129,1883,0,0
3096350,-0.213,-1.365,12.598,-0.738,2.007,-1.185,1893,0,0
3096370,-0.948,0.393,12.565,0.416,1.558,-0.951,1899,0,0
3096390,-1.453,3.393,11.516,1.175,1.277,-0.726,1902,0,0
3096410,-1.346,4.293,11.009,-0.088,0.933,-0.552,1904,0,0
3096430,-0.771,2.715,10.769,-1.398,0.504,-0.28,1905,0,0
3096450,0.06,1.367,10.151,-0.802,0.212,-0.117,1907,0,0
3096470,0.481,0.948,9.943,0.182,0.091,-0.096,1908,0,0
3096490,0.34,1.585,9.596,0.741,0.018,-0.094,1905,0,0
3096510,0.074,2.629,9.227,0.983,-0.003,0.005,1903,0,0
3096530,-0.385,3.582,9.385,0.93,-0.144,0.216,1894,0,0
3096551,-0.419,3.895,9.522,0.457,-0.432,0.469,1876,0,0
3096570,0.06,3.637,9.131,0.13,-0.662,0.454,1855,0,0
3096590,1.02,2.907,8.226,-0.438,-0.753,0.272,1840,0,0
3096610,1.827,1.697,7.721,-1.034,-0.539,0.143,1831,0,0
3096630,2.286,0.577,7.391,-0.793,-0.306,0.055,1830,0,0
3096650,2.298,0.651,7.463,-0.215,-0.049,-0.052,1832,0,0
3096670,1.963,1.118,7.999,-0.16,0.297,-0.171,1836,0,0
3096690,1.705,1.501,8.272,-0.423,0.546,-0.211,1840,0,0
3096710,1.717,1.147,8.701,-0.733,0.737,-0.275,1843,0,0
3096730,0.235,0.927,10.209,-0.915,1.062,-0.387,1845,0,0
3096750,-0.929,1.906,13.384,-0.298,0.373,-0.197,1844,0,0
3096771,-0.294,2.425,13.226,-0.192,-0.267,0.032,1844,0,0
3096790,0.424,1.638,11.296,-0.551,-0.249,0.073,1848,0,0
3096811,-0.108,1.59,10.479,-0.149,-0.319,0.026,1850,0,0
3096830,0.0,2.399,9.414,0.496,-0.682,0.118,1834,0,0
3096850,0.443,3.096,9.017,0.34,-0.993,0.367,1789,0,0
3096870,1.02,3.057,8.334,0.072,-1.082,0.67,1716,0,0
3096890,1.882,2.71,7.511,-0.075,-0.962,0.809,1665,0,0
3096910,2.595,2.03,7.001,-0.531,-0.534,0.82,1643,0,0
3096930,2.715,1.35,7.204,-0.662,-0.118,0.809,1640,0,0
3096950,2.66,0.824,7.365,-0.419,0.167,0.814,1648,0,0
3096971,2.586,0.484,7.554,-0.355,0.401,0.788,1668,0,0
3096990,2.409,0.268,8.231,-0.396,0.559,0.702,1690,0,0
3097011,2.227,-0.117,9.069,-0.605,0.692,0.582,1705,0,0
3097030,1.932,-0.749,9.862,-0.8,0.781,0.519,1715,0,0
3097050,1.496,-1.106,10.393,-0.424,0.709,0.493,1726,0,0
3097070,1.279,-0.637,10.35,0.278,0.508,0.444,1737,0,0
3097090,1.355,0.101,10.379,0.326,0.262,0.37,1740,0,0
3097110,1.477,0.448,10.341,-0.196,0.166,0.316,1740,0,0
3097130,1.547,-0.029,10.429,-0.537,0.157,0.313,1738,0,0
3097151,1.635,-0.505,9.929,-0.372,0.154,0.248,1727,0,0
3097171,1.686,-0.278,9.323,-0.039,0.211,0.185,1711,0,0
3097191,1.693,-0.034,9.112,0.095,0.338,0.123,1699,0,0
3097210,1.537,0.019,9.208,-0.074,0.397,0.016,1697,0,0
3097230,1.367,-0.12,9.261,-0.376,0.402,-0.028,1697,0,0
3097250,1.286,-0.29,9.21,-0.503,0.374,0.008,1698,0,0
3097270,1.027,-0.34,9.39,-0.332,0.44,0.008,1706,0,0
3097291,0.524,-0.172,9.522,-0.186,0.507,-0.055,1713,0,0
3097310,0.196,-0.093,9.689,-0.103,0.445,-0.09,1715,0,0
3097331,0.204,-0.06,9.572,-0.163,0.261,-0.08,1719,0,0
3097350,0.412,-0.194,9.337,-0.17,0.229,-0.081,1725,0,0
3097370,0.45,-0.56,9.577,-0.362,0.242,-0.13,1728,0,0
3097391,0.28,-0.661,9.519,-0.246,0.266,-0.156,1728,0,0
3097410,0.134,-0.467,8.892,-0.122,0.305,-0.169,1727,0,0
3097430,-0.239,-1.235,11.375,-0.052,0.201,-0.189,1727,0,0
3097450,-0.761,-0.936,10.882,-0.048,0.196,-0.212,1724,0,0
3097470,-0.874,-0.704,10.594,0.13,0.105,-0.178,1723,0,0
3097490,-1.183,-0.35,9.977,0.305,-0.144,-0.084,1719,0,0
3097510,-1.149,-0.639,10.24,0.29,-0.572,-0.026,1715,0,0
3097530,-0.558,-0.864,10.391,0.48,-0.871,-0.109,1705,0,0
3097550,0.136,-0.433,8.923,0.401,-0.964,-0.259,1685,0,0
3097570,0.96,-0.141,8.485,0.314,-0.764,-0.307,1662,0,0
3097591,1.786,0.242,7.839,0.155,-0.381,-0.32,1647,0,0
3097610,2.085,0.237,8.341,0.064,0.02,-0.296,1643,0,0
3097630,2.004,0.529,8.559,0.185,0.197,-0.241,1648,0,0
3097651,1.757,1.448,8.696,0.311,0.298,-0.072,1661,0,0
3097670,1.602,1.927,9.23,0.267,0.333,0.14,1676,0,0
3097691,1.499,2.258,9.972,0.222,0.376,0.337,1687,0,0
3097710,1.434,2.567,10.108,0.154,0.462,0.308,1698,0,0
3097731,0.912,1.07,11.384,-0.158,0.381,0.072,1725,0,0
3097750,0.555,0.429,9.225,-0.358,0.217,-0.043,1744,0,0
3097770,0.271,0.091,9.357,-0.235,0.041,-0.132,1746,0,0
3097791,0.012,-0.053,9.565,-0.017,-0.17,-0.152,1749,0,0
3097810,-0.345,0.127,9.615,0.225,-0.424,-0.185,1750,0,0
3097830,-0.115,0.441,9.711,0.323,-0.832,-0.303,1726,0,0
3097850,0.517,0.472,9.481,0.088,-1.026,-0.546,1680,0,0
3097870,1.53,0.239,9.045,-0.278,-0.926,-0.663,1643,0,0
3097890,2.274,0.189,8.586,-0.378,-0.599,-0.63,1642,0,0
3097910,2.725,0.759,8.064,-0.061,-0.192,-0.563,1662,0,0
3097930,2.789,0.783,7.894,0.033,0.37,-0.487,1673,0,0
3097950,1.374,1.614,8.815,0.226,0.831,-0.259,1701,0,0
3097970,0.297,2.119,11.669,0.544,0.43,-0.001,1707,0,0
3097990,0.766,1.037,11.001,0.096,0.056,0.064,1706,0,0
3098011,0.876,0.055,9.28,0.035,0.027,0.009,1704,0,0
3098030,0.328,0.697,8.794,0.334,-0.026,0.024,1697,0,0
3098050,0.129,1.803,9.124,0.347,-0.223,0.092,1694,0,0
3098070,0.077,2.212,9.608,0.05,-0.497,0.245,1687,0,0
3098090,0.517,1.973,9.646,-0.231,-0.691,0.421,1682,0,0
3098110,1.288,1.523,9.282,-0.368,-0.65,0.504,1680,0,0
3098130,1.896,0.656,9.007,-0.424,-0.458,0.456,1678,0,0
3098150,2.023,-0.108,9.021,-0.351,-0.233,0.352,1679,0,0
3098170,2.167,-0.457,8.976,-0.334,-0.145,0.232,1679,0,0
3098190,2.342,-0.381,8.897,-0.175,-0.085,0.161,1679,0,0
3098210,2.289,-0.438,9.225,-0.233,-0.007,0.096,1680,0,0
3098230,2.16,-0.62,9.457,-0.229,-0.019,-0.024,1681,0,0
3098250,2.076,-0.297,9.694,-0.074,-0.112,-0.171,1684,0,0
3098270,2.167,0.306,9.677,-0.114,-0.176,-0.259,1684,0,0
3098291,2.04,0.397,9.481,-0.173,-0.157,-0.272,1685,0,0
3098310,1.8,0.567,9.567,0.017,-0.125,-0.304,1687,0,0
3098330,1.597,0.86,9.325,0.043,-0.172,-0.322,1688,0,0
3098350,1.633,1.101,9.06,0.05,-0.211,-0.315,1689,0,0
3098370,1.645,1.587,9.014,0.018,-0.228,-0.294,1686,0,0
3098390,1.776,1.899,9.019,0.157,-0.226,-0.267,1688,0,0
3098411,1.958,2.241,9.151,0.161,-0.215,-0.214,1687,0,0
3098430,2.174,2.452,9.222,0.283,-0.24,-0.136,1689,0,0
3098450,2.255,2.392,9.143,0.204,-0.257,-0.039,1688,0,0
3098470,2.167,1.985,9.019,-0.097,-0.333,0.06,1687,0,0
3098490,2.097,1.329,8.921,-0.235,-0.369,0.12,1686,0,0
3098510,2.409,0.821,9.34,-0.172,-0.354,0.141,1685,0,0
3098530,2.334,0.704,9.505,-0.334,-0.282,0.103,1684,0,0
3098550,2.423,0.591,9.421,-0.2,-0.34,0.041,1680,0,0
3098570,2.696,0.795,9.313,0.046,-0.378,0.011,1675,0,0
3098590,3.01,0.848,9.1,-0.066,-0.315,0.038,1669,0,0
3098611,3.089,0.481,8.811,-0.134,-0.149,0.056,1666,0,0
3098630,3.112,0.115,8.892,0.201,-0.023,0.041,1666,0,0
3098650,2.964,0.06,9.014,0.42,0.101,0.005,1666,0,0
3098670,2.799,0.56,9.136,0.447,0.148,-0.039,1666,0,0
3098690,2.598,1.013,9.237,0.445,0.144,-0.075,1666,0,0
3098710,2.464,1.496,9.21,0.48,0.157,-0.078,1667,0,0
3098730,2.468,1.762,9.091,0.406,0.085,-0.06,1665,0,0
3098750,2.586,1.765,8.976,0.383,0.102,-0.03,1664,0,0
3098771,2.502,1.87,8.868,0.308,0.13,0.02,1663,0,0
3098790,2.397,1.994,8.973,0.189,0.144,0.052,1663,0,0
3098810,2.322,1.875,9.213,0.104,0.096,0.07,1663,0,0
3098830,2.377,1.645,9.187,0.09,0.055,0.082,1665,0,0
3098850,2.442,1.607,9.012,0.127,0.041,0.093,1663,0,0
3098870,2.435,1.786,9.005,0.062,0.05,0.104,1663,0,0
3098890,2.444,1.906,8.961,0.015,0.062,0.128,1663,0,0
3098911,2.397,1.937,8.856,0.017,0.078,0.144,1663,0,0
3098930,2.442,1.875,9.017,-0.019,0.06,0.135,1664,0,0
3098950,2.456,1.791,9.16,-0.102,0.038,0.115,1663,0,0
3098970,2.485,1.652,9.21,-0.078,0.003,0.112,1663,0,0
3098990,2.545,1.626,9.005,-0.074,0.013,0.107,1662,0,0
3099010,2.567,1.528,8.844,-0.07,0.057,0.092,1662,0,0
3099030,2.559,1.549,8.966,0.004,0.075,0.065,1661,0,0
3099050,2.547,1.669,9.134,-0.024,0.062,0.033,1657,0,0
3099070,2.488,1.607,9.203,-0.069,0.037,0.006,1655,0,0
3099090,2.461,1.618,9.084,-0.009,0.023,-0.012,1653,0,0
3099110,2.425,1.721,8.973,-0.024,0.038,-0.016,1652,0,0
3099130,2.428,1.836,8.981,-0.06,0.037,-0.039,1651,0,0
3099150,2.461,1.92,9.029,-0.139,0.029,-0.074,1650,0,0
3099170,2.442,1.894,8.947,-0.244,0.051,-0.064,1649,0,0
3099190,2.413,1.853,8.93,-0.219,0.058,-0.049,1649,0,0
3099210,2.404,1.662,9.088,-0.29,0.06,-0.055,1649,0,0
3099230,2.356,1.468,9.153,-0.292,0.062,-0.042,1648,0,0
3099250,2.421,1.312,9.263,-0.179,0.04,-0.036,1648,0,0
3099270,2.444,1.293,9.16,-0.147,0.04,-0.077,1648,0,0
3099290,2.464,1.353,9.074,-0.175,0.074,-0.126,1648,0,0
3099310,2.339,1.348,9.033,-0.137,0.091,-0.139,1648,0,0
3099330,2.239,1.434,9.213,-0.046,0.067,-0.128,1649,0,0
3099350,2.227,1.563,9.321,-0.051,0.027,-0.155,1648,0,0
3099370,2.291,1.494,9.237,-0.157,-0.013,-0.204,1648,0,0
3099390,2.368,1.458,9.036,-0.156,-0.003,-0.221,1648,0,0
3099410,2.356,1.52,8.906,-0.118,0.038,-0.198,1648,0,0
3099431,2.32,1.537,8.969,-0.118,0.092,-0.161,1648,0,0
3099450,2.263,1.566,9.146,-0.083,0.101,-0.152,1648,0,0
3099470,2.184,1.633,9.337,-0.119,0.073,-0.123,1648,0,0
3099490,2.114,1.642,9.285,-0.09,0.039,-0.045,1648,0,0
3099511,2.081,1.697,9.218,-0.048,0.009,0.028,1648,0,0
3099531,2.222,1.405,9.112,-0.122,-0.005,0.035,1648,0,0
3099550,2.313,1.271,9.182,-0.083,-0.004,0.012,1648,0,0
3099570,2.243,1.355,9.203,-0.023,-0.007,0.0,1648,0,0
3099590,2.246,1.472,9.27,-0.013,-0.023,-0.02,1648,0,0
3099610,2.258,1.525,9.079,-0.069,-0.026,-0.038,1648,0,0
3099631,2.253,1.537,9.012,-0.055,-0.037,-0.079,1649,0,0
3099650,2.284,1.398,9.148,-0.118,-0.039,-0.141,1650,0,0
3099670,2.464,1.267,9.256,-0.078,-0.042,-0.197,1651,0,0
3099690,2.507,1.008,8.612,-0.061,0.031,-0.367,1652,0,0
3099710,2.782,0.891,8.863,-0.116,0.123,-0.557,1659,0,0
3099730,2.808,0.742,8.631,-0.309,0.361,-0.682,1668,0,0
3099751,2.693,1.041,7.913,-0.08,0.628,-0.82,1683,0,0
3099770,2.277,1.334,8.394,-0.236,0.866,-0.952,1707,0,0
3099790,1.887,1.544,9.163,-0.243,0.965,-0.909,1734,0,0
3099810,1.396,2.315,9.505,0.137,0.912,-0.749,1773,0,0
3099830,1.307,2.495,8.839,0.11,1.171,-0.558,1819,0,0
3099850,0.991,2.325,9.122,-0.188,1.316,-0.432,1842,0,0
3099870,0.496,1.448,9.155,-0.305,1.394,-0.395,1847,0,0
3099890,-1.283,2.057,12.747,-0.041,0.915,-0.187,1856,0,0
3099910,-1.142,1.894,11.722,-0.071,0.072,0.042,1857,0,0
3099930,-0.251,0.807,9.357,-0.298,-0.234,0.056,1854,0,0
3099950,-0.024,0.464,9.534,0.063,-0.421,0.029,1850,0,0
3099971,0.632,1.791,10.108,0.379,-0.562,0.006,1839,0,0
3099990,1.235,2.04,8.03,0.019,-0.281,-0.031,1817,0,0
3100010,1.633,1.901,7.568,-0.129,0.172,-0.027,1813,0,0
3100030,1.221,1.889,8.983,0.06,0.455,0.009,1816,0,0
3100050,0.151,1.966,11.009,-0.108,0.42,-0.017,1818,0,0
3100070,-0.443,1.958,10.3,-0.233,0.131,-0.033,1815,0,0
3100090,-0.206,1.42,9.44,-0.322,-0.167,0.005,1809,0,0
3100110,0.263,1.03,9.819,-0.152,-0.339,0.032,1805,0,0
3100130,0.536,1.058,9.536,-0.089,-0.362,0.027,1798,0,0
3100151,1.211,1.255,8.396,0.041,-0.164,-0.001,1782,0,0
3100170,1.331,1.781,8.497,0.141,0.16,-0.011,1782,0,0
3100190,0.881,1.927,9.335,0.111,0.341,0.013,1787,0,0
3100210,0.194,2.181,10.187,0.028,0.362,0.022,1790,0,0
3100231,-0.151,2.035,9.79,-0.141,0.09,-0.006,1790,0,0
3100250,-0.036,1.563,9.649,-0.302,-0.166,0.009,1786,0,0
3100270,0.445,1.125,9.682,-0.161,-0.352,0.047,1777,0,0
3100290,0.666,1.475,9.251,-0.008,-0.352,0.051,1764,0,0
3100310,1.154,1.429,8.033,-0.061,-0.139,0.018,1743,0,0
3100330,1.267,1.607,8.471,0.038,0.14,-0.008,1744,0,0
3100351,0.85,1.827,9.522,0.053,0.278,-0.021,1753,0,0
3100370,0.498,1.465,8.727,-0.088,0.298,-0.02,1761,0,0
3100390,0.251,1.719,8.976,-0.081,0.171,-0.002,1765,0,0
3100410,0.129,1.729,9.598,-0.229,0.029,-0.007,1768,0,0
3100430,0.311,1.398,9.529,-0.327,-0.116,0.021,1770,0,0
3100450,0.409,1.329,9.584,-0.17,-0.205,0.045,1771,0,0
3100470,0.393,1.896,9.744,-0.155,-0.333,0.057,1771,0,0
3100490,0.326,2.476,10.487,-0.421,-0.594,0.142,1758,0,0
3100510,0.151,2.207,9.704,-0.63,-0.737,0.201,1734,0,0
3100530,0.666,1.925,9.55,-0.534,-0.871,0.33,1727,0,0
3100550,1.255,1.602,9.335,-0.788,-0.826,0.443,1725,0,0
3100570,1.755,1.08,8.983,-0.702,-0.78,0.573,1726,0,0
3100590,1.937,0.946,8.849,-0.545,-0.641,0.682,1727,0,0
3100610,2.002,0.725,8.796,-0.45,-0.452,0.725,1728,0,0
3100630,2.052,0.62,9.091,-0.382,-0.345,0.639,1728,0,0
3100650,2.215,0.429,9.311,-0.281,-0.294,0.502,1726,0,0
3100670,2.093,0.464,9.258,-0.172,-0.153,0.417,1718,0,0
3100690,1.946,0.912,8.892,0.247,-0.031,0.485,1701,0,0
3100710,1.872,1.458,8.543,0.515,0.063,0.646,1688,0,0
3100731,1.97,1.463,8.648,0.433,0.138,0.679,1682,0,0
3100750,2.093,1.001,9.246,0.075,0.214,0.533,1680,0,0
3100770,1.867,0.436,9.771,-0.382,0.173,0.422,1679,0,0
3100790,1.985,0.18,9.546,-0.288,0.119,0.483,1680,0,0
3100810,2.14,0.393,9.347,0.149,0.18,0.56,1679,0,0
3100830,2.152,0.512,9.026,0.3,0.294,0.578,1680,0,0
3100850,2.184,0.826,8.916,0.307,0.392,0.505,1683,0,0
3100870,2.073,0.91,9.167,0.037,0.471,0.448,1686,0,0
3100890,1.908,0.627,9.325,-0.423,0.553,0.45,1692,0,0
3100910,1.966,0.208,9.436,-0.421,0.571,0.461,1696,0,0
3100930,1.853,-0.218,9.795,-0.135,0.638,0.336,1704,0,0
3100950,1.8,-0.335,9.833,0.083,0.562,0.139,1708,0,0
3100970,1.429,0.431,9.634,-0.035,0.552,0.025,1711,0,0
3100990,0.929,0.613,9.342,-0.282,0.436,0.004,1716,0,0
3101010,0.737,0.785,9.041,-0.222,0.277,0.007,1726,0,0
3101030,0.764,0.816,8.626,-0.285,0.224,-0.036,1739,0,0
3101050,0.694,0.682,9.014,-0.659,0.306,-0.069,1746,0,0
3101071,0.436,0.297,9.658,-0.869,0.358,-0.003,1760,0,0
3101090,0.333,-0.52,9.989,-0.866,0.411,0.052,1767,0,0
3101110,0.165,-1.082,9.656,-0.381,0.513,0.014,1774,0,0
3101130,-0.316,-2.14,11.847,-0.125,0.443,-0.155,1778,0,0
3101150,-0.761,-1.717,11.279,-0.013,0.059,-0.322,1778,0,0
3101170,-0.541,-0.232,9.512,-0.055,-0.152,-0.276,1778,0,0
3101190,-0.735,-0.532,9.342,0.23,-0.331,-0.205,1777,0,0
3101210,-0.788,-0.467,9.522,0.456,-0.653,-0.221,1771,0,0
3101230,-0.211,-0.371,10.003,0.331,-1.084,-0.314,1741,0,0
3101250,0.809,-0.129,9.704,0.45,-1.204,-0.422,1687,0,0
3101270,2.279,0.424,8.466,0.391,-0.799,-0.441,1629,0,0
3101290,2.581,0.63,7.456,-0.029,-0.187,-0.374,1604,0,0
3101310,2.622,0.905,7.69,0.01,0.291,-0.123,1607,0,0
3101330,3.045,1.827,8.442,0.385,0.651,0.113,1606,0,0
3101350,1.001,2.32,8.622,0.288,1.061,0.122,1645,0,0
3101370,0.46,1.216,11.54,0.095,0.404,0.017,1644,0,0
3101390,0.692,0.776,10.436,-0.066,-0.071,-0.092,1644,0,0
3101410,0.445,0.136,8.861,-0.309,-0.197,-0.132,1648,0,0
3101430,-0.223,-0.105,8.947,-0.145,-0.4,-0.135,1649,0,0
3101450,0.259,0.347,10.807,0.283,-0.834,-0.293,1636,0,0
3101470,0.891,0.002,11.131,0.103,-0.959,-0.59,1617,0,0
3101490,1.867,-0.057,9.436,0.16,-1.026,-0.676,1615,0,0
3101510,2.78,0.814,7.745,0.025,-0.626,-0.644,1625,0,0
3101530,3.342,1.015,6.464,-0.156,0.0,-0.586,1628,0,0
3101551,3.33,0.893,6.685,-0.167,0.826,-0.409,1632,0,0
3101570,0.065,2.243,9.826,0.318,1.354,-0.206,1664,0,0
3101591,-0.165,2.157,12.591,0.371,0.56,0.076,1642,0,0
3101611,0.876,0.417,10.02,0.101,-0.025,0.051,1645,0,0
3101630,0.886,-0.043,8.27,0.036,-0.092,-0.048,1645,0,0
3101650,1.039,0.685,9.093,0.416,-0.114,-0.022,1628,0,0
3101670,0.749,1.468,11.14,0.577,-0.266,0.019,1626,0,0
3101690,0.517,1.231,10.568,0.629,-0.454,-0.013,1633,0,0
3101711,1.116,1.458,9.632,0.672,-0.661,-0.003,1638,0,0
3101730,2.03,1.444,8.792,0.36,-0.655,-0.047,1642,0,0
3101750,2.461,0.694,7.942,0.038,-0.331,-0.055,1648,0,0
3101770,2.344,0.134,7.831,-0.096,-0.073,-0.135,1650,0,0
3101790,2.231,0.419,8.906,0.107,0.06,-0.326,1656,0,0
3101810,2.002,1.149,10.005,0.325,0.039,-0.471,1662,0,0
3101830,1.654,1.75,10.015,0.399,-0.091,-0.507,1664,0,0
3101850,1.477,1.856,9.574,0.298,-0.278,-0.485,1666,0,0
3101870,1.504,1.64,9.227,0.335,-0.347,-0.539,1668,0,0
3101890,1.702,2.251,9.577,0.679,-0.428,-0.688,1667,0,0
3101911,1.551,1.793,9.246,0.783,-0.253,-0.792,1665,0,0
3101930,1.693,2.928,9.021,1.343,-0.58,-0.823,1665,0,0
3101950,1.446,3.728,9.151,1.153,-0.675,-0.772,1662,0,0
3101970,1.659,3.462,8.88,0.973,-0.694,-0.678,1652,0,0
3101990,2.243,3.536,8.135,0.723,-0.632,-0.653,1645,0,0
3102010,2.602,3.359,7.934,0.75,-0.46,-0.67,1638,0,0
3102030,2.641,3.397,8.03,0.994,-0.275,-0.644,1618,0,0
3102050,2.689,4.295,7.949,0.812,-0.211,-0.597,1594,0,0
3102070,2.569,4.803,7.367,0.473,-0.054,-0.521,1569,0,0
3102091,2.399,4.776,7.092,0.093,0.148,-0.412,1535,0,0
3102110,2.195,5.009,7.286,0.114,0.319,-0.286,1530,0,0
3102130,1.745,5.337,7.582,-0.058,0.395,-0.132,1523,0,0
3102150,1.724,5.183,7.815,-0.549,0.334,0.038,1519,0,0
3102170,1.551,4.822,7.985,-0.763,0.419,0.177,1517,0,0
3102190,1.355,4.599,8.282,-0.867,0.435,0.294,1514,0,0
3102210,1.374,4.01,8.662,-1.011,0.382,0.382,1515,0,0
3102230,1.566,3.311,8.916,-1.039,0.269,0.356,1516,0,0
3102250,1.796,2.859,8.88,-0.988,0.223,0.268,1516,0,0
3102270,1.899,2.624,8.662,-0.982,0.258,0.226,1517,0,0
3102290,1.877,2.55,8.827,-0.792,0.331,0.291,1518,0,0
3102310,1.607,2.828,8.973,-0.457,0.416,0.488,1519,0,0
3102330,1.384,2.885,9.369,-0.302,0.418,0.663,1527,0,0
3102350,1.398,2.935,8.95,-0.379,0.422,0.834,1535,0,0
3102370,1.425,2.832,8.526,-0.487,0.522,1.034,1559,0,0
3102390,1.528,2.732,8.813,-0.36,0.559,1.173,1583,0,0
3102410,1.513,2.449,8.456,-0.409,0.626,1.16,1607,0,0
3102430,1.645,1.772,8.504,-0.631,0.683,0.799,1640,0,0
3102450,1.939,1.147,8.847,-0.921,0.891,0.395,1681,0,0
3102470,1.595,1.022,8.973,-1.09,1.139,0.116,1728,0,0
3102490,1.302,0.888,9.21,-0.859,1.219,-0.13,1756,0,0
3102510,-1.19,1.757,11.286,-0.56,1.154,-0.115,1772,0,0
3102531,-1.267,0.965,11.097,-0.242,0.178,0.021,1775,0,0
3102550,-0.23,0.493,9.292,-0.135,-0.26,0.022,1776,0,0
3102571,-0.031,0.79,9.424,-0.057,-0.341,0.026,1776,0,0
3102590,-0.369,1.712,11.054,0.289,-0.836,0.038,1770,0,0
3102610,-0.192,1.714,10.343,0.504,-1.321,-0.031,1737,0,0
3102630,1.018,1.982,9.601,0.04,-1.279,-0.019,1713,0,0
3102650,1.59,1.544,8.739,-0.363,-1.041,-0.027,1698,0,0
3102670,2.109,1.547,8.195,0.036,-0.98,-0.021,1681,0,0
3102690,2.478,1.784,8.346,0.282,-0.726,-0.058,1677,0,0
3102710,2.461,1.915,8.593,0.042,-0.521,-0.132,1670,0,0
3102730,2.298,1.822,8.792,-0.236,-0.365,-0.157,1664,0,0
3102750,2.169,1.607,8.981,0.108,-0.296,-0.111,1654,0,0
3102770,2.011,1.788,9.153,0.104,-0.247,-0.058,1645,0,0
3102790,1.927,1.755,9.179,0.046,-0.264,-0.056,1641,0,0
3102811,1.808,1.86,9.424,0.053,-0.288,-0.071,1642,0,0
3102830,1.863,1.669,10.111,0.119,-0.464,-0.023,1642,0,0
3102850,2.033,1.415,9.993,0.327,-0.609,0.054,1641,0,0
3102871,2.253,1.587,9.275,0.499,-0.705,0.029,1636,0,0
3102890,2.533,1.887,8.772,0.331,-0.719,-0.139,1627,0,0
3102910,2.734,1.664,8.727,0.195,-0.655,-0.264,1619,0,0
3102930,2.964,1.721,8.961,0.342,-0.617,-0.221,1617,0,0
3102950,2.974,1.982,8.82,0.664,-0.507,-0.187,1616,0,0
3102970,2.94,2.516,8.633,0.74,-0.504,-0.198,1616,0,0
3102990,3.041,2.636,8.708,0.469,-0.531,-0.259,1616,0,0
3103010,3.136,2.454,8.997,0.444,-0.559,-0.273,1616,0,0
3103030,3.069,2.634,8.748,0.845,-0.519,-0.255,1614,0,0
3103050,3.124,3.218,8.521,0.952,-0.492,-0.235,1613,0,0
3103070,3.335,3.409,8.138,0.312,-0.491,-0.149,1612,0,0
3103090,3.486,2.684,8.009,-0.272,-0.46,0.016,1611,0,0
3103110,3.677,2.387,8.08,-0.468,-0.412,0.096,1602,0,0
3103130,3.958,2.392,8.313,-0.649,-0.277,-0.064,1579,0,0
3103150,3.977,2.351,8.255,-0.521,-0.091,-0.204,1535,0,0
3103170,3.687,2.911,7.642,-0.266,0.08,-0.215,1520,0,0
3103190,3.299,3.445,6.852,-0.377,0.242,-0.11,1506,0,0
3103210,3.067,3.766,6.855,-0.559,0.428,0.028,1497,0,0
3103231,3.014,3.649,7.197,-0.734,0.547,0.121,1491,0,0
3103250,2.983,3.28,7.568,-0.98,0.682,0.213,1489,0,0
3103270,2.26,2.911,8.09,-1.097,0.678,0.307,1488,0,0
3103290,2.255,2.653,8.514,-1.103,0.52,0.412,1487,0,0
3103310,2.557,2.413,8.815,-1.245,0.426,0.49,1487,0,0
3103330,2.859,1.707,9.06,-1.177,0.331,0.505,1487,0,0
3103350,3.112,1.267,9.584,-0.956,0.244,0.367,1489,0,0
3103370,3.907,1.051,10.637,-0.489,0.036,0.177,1493,0,0
3103390,4.389,1.073,10.702,-0.085,-0.163,-0.034,1496,0,0
3103410,4.257,1.554,9.649,0.044,-0.364,-0.139,1493,0,0
3103430,3.998,1.468,8.557,-0.112,-0.432,-0.171,1485,0,0
3103450,3.809,1.343,8.119,-0.18,-0.357,-0.196,1478,0,0
3103470,3.584,1.099,8.224,-0.136,-0.16,-0.28,1474,0,0
3103490,3.699,0.812,8.724,0.003,0.001,-0.353,1472,0,0
3103510,3.694,0.898,9.024,0.352,0.195,-0.377,1470,0,0
3103531,3.28,1.171,9.017,0.422,0.383,-0.394,1469,0,0
3103551,3.031,1.391,8.983,0.426,0.409,-0.345,1468,0,0
3103570,2.895,1.839,8.818,0.553,0.389,-0.2,1467,0,0
3103590,2.538,2.298,8.691,0.368,0.339,-0.041,1469,0,0
3103610,2.581,2.691,8.696,0.227,0.288,0.052,1470,0,0
3103631,2.612,2.67,8.787,0.158,0.235,0.083,1472,0,0
3103650,2.715,2.38,9.117,-0.054,0.221,0.093,1474,0,0
3103670,2.823,2.121,9.335,-0.031,0.183,0.12,1476,0,0
3103690,2.758,1.978,9.249,-0.012,0.133,0.128,1478,0,0
3103710,2.713,1.817,9.108,-0.065,0.115,0.116,1478,0,0
3103730,2.701,1.719,8.959,-0.02,0.105,0.07,1479,0,0
3103750,2.765,1.65,8.99,0.029,0.112,0.022,1481,0,0
3103770,2.705,1.832,8.95,0.083,0.144,-0.003,1482,0,0
3103790,2.622,2.009,8.993,0.117,0.142,-0.006,1483,0,0
3103810,2.543,2.14,8.981,0.099,0.107,0.013,1486,0,0
3103831,2.569,2.272,8.736,0.077,0.102,0.022,1488,0,0
3103850,2.591,2.342,8.655,0.01,0.115,0.036,1488,0,0
3103870,2.595,2.282,8.758,-0.038,0.122,0.073,1488,0,0
3103890,2.583,2.155,8.906,-0.022,0.132,0.09,1489,0,0
3103910,2.528,2.061,8.985,-0.032,0.113,0.065,1490,0,0
3103930,2.521,2.073,9.057,-0.049,0.078,0.048,1491,0,0
3103950,2.567,2.105,8.973,-0.013,0.064,0.046,1493,0,0
3103970,2.535,2.157,8.849,-0.011,0.082,0.038,1494,0,0
3103990,2.471,2.133,8.923,-0.056,0.086,0.02,1495,0,0
3104010,2.459,2.162,8.976,-0.054,0.063,0.019,1498,0,0
3104030,2.454,2.133,8.897,-0.045,0.059,0.023,1498,0,0
3104050,2.476,2.069,8.954,-0.068,0.054,0.019,1498,0,0
3104070,2.512,2.107,9.029,-0.031,0.047,0.021,1500,0,0
3104090,2.49,2.15,9.012,-0.041,0.03,0.016,1502,0,0
3104110,2.5,2.071,8.93,-0.055,0.022,0.002,1502,0,0
3104130,2.507,2.095,8.88,-0.042,0.029,-0.01,1503,0,0
3104150,2.49,2.138,8.921,-0.059,0.033,-0.018,1504,0,0
3104170,2.495,2.1,9.043,-0.066,0.022,-0.012,1504,0,0
3104190,2.442,2.143,9.064,-0.022,0.017,-0.006,1505,0,0
3104210,2.44,2.124,9.009,-0.038,-0.004,-0.005,1505,0,0
3104230,2.5,2.131,8.894,-0.041,-0.004,-0.013,1505,0,0
3104251,2.507,2.128,8.873,-0.033,0.01,-0.023,1506,0,0
3104270,2.466,2.21,8.899,-0.034,0.019,-0.028,1508,0,0
3104290,2.476,2.174,9.019,-0.054,0.004,-0.026,1508,0,0
3104310,2.454,2.188,8.993,-0.049,0.001,-0.024,1508,0,0
3104330,2.49,2.124,8.957,-0.061,-0.007,-0.03,1508,0,0
3104350,2.476,2.152,8.878,-0.037,-0.0,-0.031,1509,0,0
3104370,2.466,2.227,8.887,-0.025,0.012,-0.027,1510,0,0
3104390,2.466,2.251,8.976,-0.065,0.013,-0.017,1510,0,0
3104410,2.411,2.229,9.041,-0.063,0.005,-0.006,1508,0,0
3104430,2.418,2.222,9.031,-0.051,-0.017,0.007,1510,0,0
3104450,2.313,2.207,9.086,-0.067,-0.06,0.018,1511,0,0
3104471,2.119,2.358,9.108,-0.102,-0.149,0.037,1513,0,0
3104490,2.205,2.277,9.747,-0.024,-0.346,0.031,1516,0,0
3104510,2.5,2.035,10.259,0.244,-0.521,0.084,1519,0,0
3104530,2.545,2.294,10.295,0.398,-0.722,0.186,1522,0,0
3104551,2.512,2.425,9.843,0.48,-0.886,0.288,1524,0,0
3104570,2.543,2.114,10.044,0.775,-1.162,0.391,1524,0,0
3104590,3.328,1.75,9.507,1.369,-1.355,0.524,1510,0,0
3104611,3.785,4.113,8.303,1.561,-1.424,0.522,1478,0,0
3104630,3.986,3.984,6.723,0.504,-1.356,0.537,1453,0,0
3104651,4.389,2.88,5.997,-0.124,-0.977,0.628,1428,0,0
3104670,4.599,2.737,5.528,0.345,-0.59,0.729,1415,0,0
3104690,4.829,3.34,5.583,0.376,-0.116,0.901,1409,0,0
3104710,4.709,3.517,6.055,-0.0,0.173,0.78,1409,0,0
3104730,4.755,2.495,6.369,-0.399,0.494,0.59,1410,0,0
3104750,4.678,2.346,7.14,-0.198,0.74,0.496,1413,0,0
3104770,4.484,2.765,8.035,0.034,0.822,0.426,1418,0,0
3104790,4.065,3.144,8.985,-0.128,0.712,0.38,1423,0,0
3104810,3.768,2.713,9.486,-0.306,0.478,0.389,1426,0,0
3104830,3.984,2.377,9.694,-0.159,0.255,0.377,1430,0,0
3104851,3.926,2.253,9.689,-0.115,0.07,0.351,1435,0,0
3104870,3.962,2.047,9.357,-0.027,-0.105,0.352,1437,0,0
3104890,3.979,2.433,8.82,0.183,-0.26,0.391,1436,0,0
3104910,4.187,2.514,8.155,-0.018,-0.344,0.291,1437,0,0
3104930,4.539,2.018,7.594,-0.207,-0.277,0.173,1439,0,0
3104950,4.82,1.978,7.223,-0.031,-0.118,0.087,1439,0,0
3104971,4.822,2.246,6.905,-0.137,0.15,-0.0,1440,0,0
3104990,4.779,2.15,6.78,-0.331,0.429,-0.081,1443,0,0
3105010,4.932,2.085,6.57,-0.39,0.813,-0.159,1449,0,0
3105030,4.398,2.423,7.199,-0.419,1.167,-0.193,1455,0,0
3105050,2.878,2.478,9.565,-0.316,0.994,-0.103,1456,0,0
3105070,3.191,2.892,12.062,0.043,0.277,-0.033,1420,0,0
3105091,3.68,2.749,10.372,-0.22,-0.092,-0.02,1431,0,0
3105110,3.565,1.992,7.819,-0.251,-0.107,0.025,1453,0,0
3105130,3.484,1.992,7.618,0.01,-0.061,0.013,1457,0,0
3105151,3.677,2.294,8.346,-0.005,-0.06,0.003,1462,0,0
3105170,3.917,2.339,8.686,-0.034,-0.087,0.012,1464,0,0
3105190,3.879,2.267,8.837,0.076,-0.156,0.031,1462,0,0
3105210,4.283,2.421,8.226,0.074,-0.173,0.045,1459,0,0
3105231,4.061,2.274,8.025,-0.081,-0.078,0.014,1465,0,0
3105250,3.953,2.27,8.121,-0.006,-0.018,0.0,1470,0,0
3105270,3.941,2.478,8.377,-0.018,-0.014,-0.009,1471,0,0
3105291,3.96,2.363,8.416,-0.06,-0.003,-0.012,1474,0,0
3105310,3.977,2.286,8.492,-0.042,-0.0,-0.009,1473,0,0
3105331,3.864,2.322,8.533,-0.021,-0.013,-0.001,1473,0,0
3105350,3.924,2.377,8.578,-0.023,-0.03,0.001,1474,0,0
3105371,3.924,2.416,8.464,-0.019,-0.04,-0.002,1473,0,0
3105390,3.989,2.461,8.401,-0.045,-0.033,0.003,1474,0,0
3105410,3.953,2.461,8.413,-0.077,-0.034,0.014,1475,0,0
3105430,3.946,2.385,8.49,-0.075,-0.067,0.019,1475,0,0
3105450,3.967,2.344,8.516,-0.05,-0.085,0.02,1475,0,0
3105470,3.967,2.411,8.44,-0.012,-0.114,0.03,1475,0,0
3105490,4.056,2.416,8.492,-0.071,-0.134,0.022,1476,0,0
3105510,4.094,2.27,8.37,-0.095,-0.141,0.008,1477,0,0
3105530,4.25,2.21,7.994,-0.069,-0.108,0.015,1477,0,0
3105550,4.42,2.191,7.52,-0.08,0.047,-0.021,1476,0,0
3105570,4.501,2.126,7.151,-0.087,0.323,-0.153,1473,0,0
3105590,3.881,2.337,7.999,-0.13,0.452,-0.201,1473,0,0
3105610,4.362,2.612,7.927,-0.29,0.616,-0.237,1470,0,0
3105630,3.292,2.507,9.926,-0.371,0.465,-0.211,1441,0,0
3105650,3.282,2.543,10.35,-0.011,-0.035,-0.017,1433,0,0
3105670,3.105,2.476,9.522,-0.021,-0.297,0.103,1451,0,0
3105690,2.902,2.083,9.045,-0.046,-0.652,0.195,1465,0,0
3105710,4.216,2.349,8.583,0.148,-0.82,0.197,1472,0,0
3105730,4.75,2.411,7.539,0.004,-0.565,0.089,1477,0,0
3105750,4.808,2.27,6.642,-0.006,-0.23,0.026,1483,0,0
3105770,4.973,2.253,5.983,-0.143,0.147,-0.007,1486,0,0
3105790,4.803,2.04,5.768,-0.322,0.613,-0.091,1486,0,0
3105810,3.472,2.004,7.554,-0.331,1.0,-0.131,1487,0,0
3105830,3.299,2.337,12.749,0.188,0.274,-0.016,1445,0,0
3105851,3.644,2.84,12.318,-0.021,-0.359,0.072,1452,0,0
3105870,2.993,2.157,9.153,-0.152,-0.589,0.143,1474,0,0
3105890,4.173,2.112,7.362,0.076,-0.604,0.079,1485,0,0
3105910,4.597,2.15,6.345,-0.091,-0.259,-0.023,1487,0,0
3105930,4.932,2.186,5.969,-0.107,0.2,-0.073,1487,0,0
3105950,4.657,2.207,6.081,-0.214,0.656,-0.119,1488,0,0
3105970,3.481,2.155,9.213,-0.239,0.728,-0.119,1482,0,0
3105990,3.326,2.38,12.354,0.005,0.142,-0.014,1446,0,0
3106010,3.445,2.416,10.482,0.04,-0.369,0.092,1464,0,0
3106030,3.196,2.076,8.566,-0.06,-0.555,0.118,1485,0,0
3106050,4.331,2.023,7.434,-0.041,-0.478,0.023,1487,0,0
3106070,4.755,2.162,6.646,-0.07,-0.175,-0.04,1490,0,0
3106091,4.877,2.296,6.385,-0.107,0.24,-0.066,1493,0,0
3106110,4.192,2.248,6.857,-0.225,0.589,-0.091,1495,0,0
3106130,3.563,2.284,9.203,-0.249,0.61,-0.107,1489,0,0
3106150,3.361,2.337,11.624,-0.074,0.171,-0.064,1464,0,0
3106170,3.431,2.294,10.089,0.014,-0.296,0.056,1477,0,0
3106190,3.27,2.085,8.538,-0.036,-0.46,0.112,1490,0,0
3106210,4.243,2.069,7.755,-0.065,-0.429,0.023,1495,0,0
3106230,4.573,2.107,7.168,-0.097,-0.264,-0.026,1499,0,0
3106250,4.906,2.354,6.721,-0.046,0.025,-0.041,1501,0,0
3106270,4.8,2.32,6.534,-0.199,0.402,-0.072,1502,0,0
3106291,4.099,2.322,8.25,-0.165,0.526,-0.056,1501,0,0
3106310,3.768,2.279,11.198,-0.127,0.338,-0.037,1486,0,0
3106330,3.311,2.052,11.009,-0.059,-0.192,0.024,1488,0,0
3106350,3.5,1.987,8.959,0.043,-0.467,0.065,1502,0,0
3106370,4.161,2.095,7.875,-0.026,-0.503,-0.002,1506,0,0
3106390,4.494,2.097,7.13,-0.089,-0.373,-0.047,1506,0,0
3106410,4.954,2.263,6.409,-0.074,-0.017,-0.059,1509,0,0
3106430,4.913,2.313,6.057,-0.188,0.403,-0.073,1512,0,0
3106450,3.958,2.365,6.79,-0.237,0.755,-0.04,1514,0,0
3106470,3.531,2.485,10.755,-0.191,0.628,-0.049,1491,0,0
3106490,3.577,2.105,12.031,-0.148,0.118,-0.023,1470,0,0
3106510,3.5,1.518,9.534,0.027,-0.215,0.026,1487,0,0
3106530,3.345,1.518,8.272,0.192,-0.437,0.035,1502,0,0
3106551,4.231,1.999,8.535,0.276,-0.521,-0.062,1508,0,0
3106570,3.984,2.368,9.052,0.266,-0.605,-0.114,1514,0,0
3106590,4.334,2.33,9.007,0.16,-0.691,-0.108,1513,0,0
3106610,4.616,1.867,8.727,-0.013,-0.747,-0.132,1515,0,0
3106630,4.817,1.52,8.188,0.09,-0.745,-0.261,1518,0,0
3106650,4.97,1.741,7.479,0.176,-0.638,-0.428,1519,0,0
3106670,4.958,2.179,6.677,0.119,-0.43,-0.549,1521,0,0
3106691,4.882,2.456,6.426,-0.039,-0.176,-0.61,1523,0,0
3106710,4.705,2.351,6.977,-0.066,-0.006,-0.6,1524,0,0
3106730,4.748,2.409,7.47,0.076,0.08,-0.62,1525,0,0
3106750,4.717,2.547,7.676,0.22,0.18,-0.706,1526,0,0
3106771,4.432,3.062,7.681,0.356,0.245,-0.783,1527,0,0
3106790,4.314,3.869,7.798,0.207,0.253,-0.756,1528,0,0
3106810,4.209,3.685,8.188,-0.167,0.227,-0.592,1529,0,0
3106830,4.25,3.203,8.425,-0.049,0.184,-0.526,1529,0,0
3106850,4.365,2.729,8.602,0.15,0.146,-0.601,1530,0,0
3106870,4.24,2.456,8.164,0.481,0.105,-0.749,1530,0,0
3106890,4.053,3.057,7.721,0.794,0.105,-0.859,1529,0,0
3106911,3.764,4.164,7.511,0.583,0.076,-0.773,1529,0,0
3106930,3.883,4.051,7.93,0.07,0.055,-0.571,1529,0,0
3106950,4.01,3.405,8.054,0.204,0.058,-0.487,1530,0,0
3106970,3.903,3.469,7.977,0.636,0.083,-0.625,1529,0,0
3106990,3.838,3.754,7.843,0.732,0.102,-0.788,1530,0,0
3107010,3.527,4.906,7.494,0.747,0.086,-0.788,1529,0,0
3107030,3.428,5.648,7.295,0.368,0.042,-0.585,1527,0,0
3107050,3.448,5.325,7.436,-0.113,0.047,-0.32,1527,0,0
3107070,3.598,5.001,7.525,0.044,0.073,-0.165,1529,0,0
3107090,3.565,4.848,7.274,0.236,0.131,-0.162,1528,0,0
3107110,3.172,5.313,6.953,0.269,0.176,-0.167,1528,0,0
3107130,3.158,5.813,7.154,-0.088,0.137,-0.06,1527,0,0
3107150,3.302,5.315,7.137,-0.444,0.149,0.083,1530,0,0
3107170,3.402,4.901,7.039,-0.372,0.255,0.192,1528,0,0
3107190,3.359,4.887,7.025,-0.365,0.382,0.258,1529,0,0
3107211,3.096,5.033,7.034,-0.513,0.494,0.334,1528,0,0
3107230,3.194,4.748,7.645,-0.691,0.479,0.331,1530,0,0
3107250,3.287,4.302,8.243,-0.734,0.35,0.337,1532,0,0
3107270,3.259,4.142,8.301,-0.565,0.292,0.391,1533,0,0
3107290,3.019,4.245,8.61,-0.53,0.201,0.42,1533,0,0
3107310,2.974,4.051,9.057,-0.664,0.065,0.428,1534,0,0
3107331,3.019,3.654,9.208,-0.667,-0.152,0.429,1533,0,0
3107350,3.184,3.464,9.199,-0.501,-0.315,0.435,1534,0,0
3107370,3.199,3.472,8.806,-0.404,-0.401,0.422,1535,0,0
3107390,3.407,3.328,8.459,-0.394,-0.487,0.4,1535,0,0
3107410,3.596,3.153,7.954,-0.519,-0.532,0.346,1535,0,0
3107430,4.013,2.832,7.772,-0.483,-0.453,0.291,1535,0,0
3107450,4.281,2.682,7.609,-0.454,-0.367,0.224,1535,0,0
3107470,4.329,2.598,7.331,-0.428,-0.208,0.147,1535,0,0
3107490,4.458,2.6,7.061,-0.446,-0.006,0.03,1535,0,0
3107510,4.532,2.543,6.728,-0.551,0.289,-0.112,1535,0,0
3107530,4.741,2.607,6.086,-0.63,0.771,-0.259,1535,0,0
3107550,4.48,2.801,5.827,-0.91,1.342,-0.404,1535,0,0
3107570,4.041,2.737,5.906,-1.381,1.802,-0.478,1557,0,0
3107591,3.23,1.492,7.638,-1.524,2.201,-0.496,1566,0,0
3107610,-3.85,1.954,14.281,-0.586,2.028,-0.28,1540,0,0
3107630,0.594,2.753,16.561,0.692,0.231,0.083,1490,0,0
3107651,2.337,2.947,12.407,-0.311,-0.62,0.187,1533,0,0
3107670,1.369,1.427,8.76,-0.534,-0.835,0.152,1557,0,0
3107690,2.234,1.97,7.934,0.64,-1.003,0.123,1535,0,0
3107711,3.158,2.976,8.061,0.314,-0.939,0.108,1534,0,0
3107730,3.153,2.579,7.738,-0.008,-0.681,0.176,1534,0,0
3107750,3.268,2.571,7.626,0.379,-0.542,0.273,1535,0,0
3107770,3.548,2.775,7.678,0.273,-0.367,0.294,1535,0,0
3107790,3.79,2.492,7.884,-0.002,-0.222,0.244,1541,0,0
3107810,3.745,2.356,7.93,0.137,-0.074,0.228,1558,0,0
3107831,3.725,2.61,7.968,0.212,0.051,0.274,1562,0,0
3107850,3.345,2.796,8.037,0.134,0.139,0.351,1563,0,0
3107870,3.393,2.916,8.432,0.085,0.131,0.393,1565,0,0
3107891,3.479,2.957,8.751,0.01,0.101,0.436,1567,0,0
3107910,3.51,2.806,8.94,-0.137,0.07,0.433,1570,0,0
3107930,3.469,2.444,8.928,-0.161,0.051,0.403,1572,0,0
3107950,3.388,2.49,8.832,-0.03,0.05,0.391,1572,0,0
3107971,3.256,2.701,8.777,-0.027,-0.018,0.413,1575,0,0
3107990,3.405,2.373,8.837,-0.216,-0.091,0.474,1573,0,0
3108010,3.646,2.138,8.677,-0.051,-0.101,0.488,1573,0,0
3108031,3.716,1.939,8.49,0.067,-0.076,0.393,1574,0,0
3108050,3.752,1.841,8.531,0.049,-0.039,0.284,1573,0,0
3108070,3.639,1.762,8.566,0.141,-0.037,0.215,1575,0,0
3108090,3.5,1.927,8.811,0.24,-0.063,0.163,1574,0,0
3108110,3.632,2.064,8.78,0.224,-0.133,0.13,1574,0,0
3108130,3.814,2.239,8.679,0.204,-0.167,0.102,1572,0,0
3108150,3.797,2.133,8.873,0.173,-0.152,0.043,1573,0,0
3108170,3.694,2.138,8.976,0.37,-0.179,0.006,1574,0,0
3108190,3.524,2.61,8.612,0.439,-0.216,-0.023,1574,0,0
3108210,3.682,2.969,8.296,0.252,-0.29,-0.03,1573,0,0
3108230,4.001,2.758,8.023,0.051,-0.312,-0.013,1572,0,0
3108250,4.274,2.679,7.848,0.082,-0.25,-0.003,1572,0,0
3108270,4.259,2.624,7.602,0.148,-0.136,-0.031,1572,0,0
3108290,4.207,2.703,7.436,-0.032,-0.033,-0.078,1572,0,0
3108310,4.226,2.863,7.465,-0.009,0.038,-0.091,1573,0,0
3108330,4.329,3.151,7.75,-0.037,0.082,-0.055,1572,0,0
3108350,4.254,3.424,8.071,-0.06,0.103,0.031,1573,0,0
3108370,4.008,3.469,8.095,-0.071,0.115,0.13,1574,0,0
3108390,3.97,3.395,7.958,-0.043,0.137,0.204,1573,0,0
3108410,4.003,3.634,7.882,-0.054,0.175,0.275,1575,0,0
3108430,4.005,3.673,7.93,-0.193,0.218,0.377,1576,0,0
3108450,3.924,3.318,8.224,-0.218,0.269,0.493,1577,0,0
3108470,3.73,2.804,8.449,-0.134,0.281,0.552,1576,0,0
3108490,3.689,2.512,8.76,-0.062,0.233,0.463,1577,0,0
3108510,3.893,1.937,9.184,-0.134,0.094,0.28,1578,0,0
3108531,4.164,1.721,9.199,-0.034,-0.027,0.187,1579,0,0
3108550,4.336,1.587,9.081,0.064,-0.122,0.177,1579,0,0
3108570,4.439,1.257,8.928,0.044,-0.215,0.149,1579,0,0
3108590,4.439,1.24,9.021,0.129,-0.295,0.071,1580,0,0
3108610,4.355,1.257,9.048,0.188,-0.411,-0.029,1580,0,0
3108631,4.08,1.334,8.756,0.245,-0.486,-0.1,1580,0,0
3108651,3.972,1.834,8.684,0.416,-0.524,-0.132,1578,0,0
3108670,3.91,2.313,9.304,0.553,-0.625,-0.128,1579,0,0
3108690,4.362,2.875,9.835,0.709,-0.804,-0.133,1580,0,0
3108710,4.645,2.835,9.843,0.681,-0.949,-0.198,1580,0,0
3108730,5.15,3.05,9.541,0.998,-1.095,-0.321,1582,0,0
3108750,5.717,3.948,9.215,1.063,-1.119,-0.386,1581,0,0
3108770,5.861,4.602,9.297,0.671,-1.129,-0.33,1582,0,0
3108790,5.739,4.41,9.694,0.274,-1.188,-0.227,1583,0,0
3108810,5.686,4.089,9.977,0.281,-1.319,-0.162,1583,0,0
3108830,5.837,3.888,9.886,0.509,-1.378,-0.208,1583,0,0
3108850,5.485,3.373,9.148,0.889,-1.295,-0.371,1584,0,0
3108871,4.709,3.558,8.207,1.349,-1.205,-0.595,1584,0,0
3108890,4.269,3.862,7.281,1.422,-1.158,-0.764,1584,0,0
3108910,3.766,3.948,6.381,1.109,-1.075,-0.888,1583,0,0
3108930,3.361,3.821,5.595,0.714,-0.942,-0.98,1583,0,0
3108950,3.134,3.759,5.143,0.269,-0.773,-1.125,1584,0,0
3108970,2.866,3.618,5.016,-0.06,-0.602,-1.322,1583,0,0
3108990,2.48,3.737,4.719,-0.122,-0.505,-1.49,1583,0,0
3109010,2.224,4.247,4.508,0.156,-0.448,-1.617,1584,0,0
3109030,2.394,4.87,4.302,0.244,-0.398,-1.74,1584,0,0
3109050,2.478,5.346,3.797,0.244,-0.304,-1.845,1584,0,0
3109070,2.157,5.997,3.512,0.429,-0.099,-1.864,1583,0,0
3109090,1.803,6.905,3.548,0.739,0.043,-1.763,1583,0,0
3109110,1.69,8.052,3.527,0.862,0.111,-1.647,1583,0,0
3109130,1.717,8.473,3.361,0.623,0.164,-1.606,1583,0,0
3109150,1.686,8.15,3.057,0.419,0.24,-1.67,1583,0,0
3109170,1.765,8.282,2.519,0.528,0.249,-1.654,1582,0,0
3109190,1.946,8.76,1.956,0.64,0.321,-1.463,1580,0,0
3109210,1.994,9.153,1.721,0.595,0.447,-1.319,1578,0,0
3109230,2.435,9.744,2.109,0.49,0.597,-1.201,1577,0,0
3109250,2.617,9.835,2.658,-0.123,0.714,-1.022,1576,0,0
3109270,2.571,9.237,2.995,-0.642,0.693,-0.852,1578,0,0
3109290,2.435,8.703,3.16,-0.693,0.507,-0.82,1578,0,0
3109310,3.175,8.698,3.23,-0.553,0.41,-0.769,1576,0,0
3109330,3.792,8.988,3.735,-0.652,0.526,-0.644,1574,0,0
3109350,3.764,8.712,4.307,-0.8,0.566,-0.559,1574,0,0
3109370,3.56,8.157,4.389,-0.599,0.392,-0.61,1575,0,0
3109390,3.838,8.219,3.74,-0.199,0.198,-0.738,1574,0,0
3109410,4.616,8.94,3.869,-0.066,0.303,-0.719,1575,0,0
3109430,4.535,8.794,4.429,-0.448,0.483,-0.539,1573,0,0
3109450,4.07,8.071,4.992,-0.464,0.441,-0.33,1573,0,0
3109470,3.725,7.709,5.028,-0.181,0.187,-0.199,1573,0,0
3109490,4.025,7.872,4.731,0.027,-0.022,-0.169,1574,0,0
3109510,4.365,8.004,5.037,-0.161,0.075,-0.154,1574,0,0
3109530,3.994,7.523,5.657,-0.358,0.191,-0.163,1575,0,0
3109550,3.424,7.207,6.208,-0.135,0.086,-0.192,1577,0,0
3109571,2.859,7.506,5.964,0.336,-0.16,-0.228,1578,0,0
3109590,2.789,8.198,5.49,0.476,-0.322,-0.236,1578,0,0
3109610,2.662,8.497,5.061,0.25,-0.319,-0.232,1578,0,0
3109630,2.334,8.325,4.827,0.113,-0.242,-0.26,1579,0,0
3109650,2.114,8.028,4.673,0.245,-0.14,-0.27,1579,0,0
3109670,1.865,7.98,4.53,0.379,-0.009,-0.185,1580,0,0
3109690,1.592,7.975,4.501,0.379,0.079,-0.11,1579,0,0
3109710,1.348,8.006,4.496,0.194,0.098,-0.098,1581,0,0
3109731,1.128,8.121,4.647,-0.022,0.096,-0.116,1580,0,0
3109750,0.996,7.951,4.812,-0.27,0.118,-0.11,1581,0,0
3109770,0.759,7.705,5.009,-0.286,0.162,-0.14,1580,0,0
3109790,0.536,7.494,5.104,-0.072,0.159,-0.173,1580,0,0
3109810,0.5,7.614,5.107,0.175,0.114,-0.156,1581,0,0
3109830,0.457,7.913,4.946,0.241,0.069,-0.168,1581,0,0
3109850,0.366,8.215,4.822,0.061,0.083,-0.217,1580,0,0
3109870,0.29,8.253,4.882,-0.093,0.093,-0.216,1581,0,0
3109890,0.318,8.361,5.013,-0.118,0.108,-0.152,1580,0,0
3109910,0.285,8.191,5.188,-0.11,0.106,-0.101,1581,0,0
3109930,0.299,8.023,5.121,-0.083,0.067,-0.083,1581,0,0
3109950,0.467,7.973,4.934,-0.126,0.042,-0.107,1581,0,0
3109970,0.551,7.966,5.004,-0.253,0.081,-0.142,1582,0,0
3109991,0.402,8.016,5.243,-0.304,0.108,-0.135,1581,0,0
3110010,0.388,8.047,5.344,-0.318,0.083,-0.087,1582,0,0
3110030,0.522,7.851,5.272,-0.303,0.048,-0.088,1582,0,0
3110050,0.639,7.831,5.349,-0.267,0.024,-0.134,1581,0,0
3110071,0.682,7.853,5.447,-0.251,0.011,-0.167,1581,0,0
3110090,0.634,7.848,5.43,-0.226,0.004,-0.171,1581,0,0
3110110,0.448,8.08,5.44,-0.226,0.004,-0.155,1582,0,0
3110130,0.285,8.21,5.552,-0.247,-0.007,-0.143,1580,0,0
3110150,0.184,8.174,5.691,-0.304,-0.022,-0.113,1582,0,0
3110170,0.124,7.982,5.753,-0.356,-0.086,-0.094,1581,0,0
3110190,0.141,7.64,5.612,-0.363,-0.168,-0.105,1582,0,0
3110210,0.038,7.547,5.583,-0.254,-0.22,-0.103,1580,0,0
3110230,0.101,7.673,5.454,-0.164,-0.25,-0.097,1581,0,0
3110250,0.148,7.614,5.318,-0.155,-0.242,-0.152,1581,0,0
3110270,0.129,7.508,5.334,-0.148,-0.248,-0.24,1581,0,0
3110291,0.124,7.556,5.231,-0.07,-0.277,-0.264,1578,0,0
3110310,0.184,7.774,5.128,0.003,-0.296,-0.241,1581,0,0
3110330,0.242,7.882,4.951,-0.066,-0.265,-0.241,1581,0,0
3110350,0.292,7.891,4.975,-0.109,-0.233,-0.25,1581,0,0
3110370,0.414,7.906,4.963,-0.098,-0.196,-0.26,1579,0,0
3110391,0.467,7.781,4.99,-0.126,-0.137,-0.274,1576,0,0
3110410,0.527,7.666,5.155,-0.075,-0.13,-0.273,1576,0,0
3110430,0.618,7.709,5.033,-0.001,-0.133,-0.248,1569,0,0
3110450,0.682,7.762,4.946,-0.005,-0.104,-0.235,1559,0,0
3110470,0.685,7.657,4.956,-0.092,-0.083,-0.25,1542,0,0
3110491,0.596,7.578,5.1,-0.105,-0.11,-0.24,1535,0,0
3110510,0.529,7.628,5.025,-0.013,-0.14,-0.22,1535,0,0
3110530,0.524,7.681,4.93,0.048,-0.144,-0.245,1534,0,0
3110550,0.594,7.728,4.863,0.043,-0.126,-0.284,1530,0,0
3110570,0.508,7.807,4.831,0.025,-0.07,-0.277,1524,0,0
3110590,0.345,7.925,4.884,0.057,-0.038,-0.276,1521,0,0
3110610,0.232,8.011,4.918,0.057,-0.004,-0.286,1521,0,0
3110630,0.148,8.1,4.954,0.044,0.033,-0.26,1519,0,0
3110650,0.065,8.241,4.956,0.069,0.069,-0.19,1511,0,0
3110670,-0.012,8.337,5.025,0.092,0.079,-0.122,1506,0,0
3110690,-0.153,8.332,5.076,0.036,0.072,-0.084,1505,0,0
3110711,-0.168,8.298,5.011,0.005,0.055,-0.064,1503,0,0
3110730,-0.148,8.15,5.001,-0.024,0.051,-0.035,1502,0,0
3110750,-0.103,7.992,5.03,-0.025,0.043,0.008,1502,0,0
3110770,-0.036,7.922,5.073,0.002,0.043,0.038,1503,0,0
3110790,-0.031,7.798,5.088,-0.048,0.046,0.026,1504,0,0
3110810,-0.081,7.707,5.109,-0.066,0.052,-0.015,1506,0,0
3110830,-0.105,7.827,5.183,-0.042,0.056,-0.043,1509,0,0
3110850,-0.101,7.86,5.207,-0.05,0.074,-0.053,1513,0,0
3110870,-0.069,7.779,5.258,-0.055,0.082,-0.032,1516,0,0
3110890,-0.091,7.736,5.234,-0.056,0.067,-0.006,1518,0,0
3110910,-0.122,7.7,5.176,-0.108,0.048,-0.018,1519,0,0
3110930,-0.201,7.719,5.272,-0.125,0.024,-0.064,1520,0,0
3110950,-0.227,7.779,5.294,-0.093,-0.002,-0.094,1521,0,0
3110970,-0.218,7.915,5.193,-0.023,-0.029,-0.066,1524,0,0
3110990,-0.259,7.92,5.064,-0.041,-0.019,-0.052,1524,0,0
3111010,-0.251,7.848,4.973,-0.097,0.019,-0.071,1525,0,0
3111030,-0.302,7.791,5.14,-0.12,0.033,-0.091,1528,0,0
3111050,-0.345,7.776,5.239,-0.113,0.017,-0.098,1529,0,0
3111070,-0.342,7.602,5.155,-0.101,0.02,-0.123,1530,0,0
3111090,-0.28,7.666,5.131,-0.046,0.049,-0.136,1530,0,0
3111110,-0.316,7.661,5.078,-0.028,0.093,-0.119,1531,0,0
3111130,-0.397,7.599,5.085,-0.028,0.112,-0.124,1532,0,0
3111150,-0.424,7.719,5.066,-0.054,0.11,-0.157,1532,0,0
3111170,-0.426,7.796,5.148,-0.063,0.095,-0.145,1532,0,0
3111190,-0.412,7.807,5.121,-0.055,0.079,-0.102,1533,0,0
3111211,-0.393,7.848,5.047,-0.035,0.064,-0.103,1534,0,0
3111230,-0.4,7.819,4.911,-0.104,0.076,-0.124,1533,0,0
3111250,-0.443,7.791,4.934,-0.09,0.072,-0.127,1533,0,0
3111270,-0.393,7.836,4.896,-0.03,0.057,-0.104,1533,0,0
3111290,-0.357,7.898,4.875,-0.027,0.081,-0.078,1534,0,0
3111310,-0.431,7.913,4.899,-0.037,0.098,-0.084,1534,0,0
3111331,-0.503,7.887,4.915,-0.077,0.088,-0.095,1534,0,0
3111350,-0.596,7.879,5.066,-0.046,0.053,-0.105,1535,0,0
3111370,-0.62,7.975,5.045,0.011,0.034,-0.097,1535,0,0
3111391,-0.632,8.085,5.049,0.023,0.059,-0.085,1535,0,0
3111410,-0.718,8.102,5.143,-0.008,0.08,-0.063,1535,0,0
3111431,-0.752,7.973,5.133,-0.039,0.063,-0.03,1535,0,0
3111450,-0.692,7.942,5.203,-0.082,0.048,-0.015,1535,0,0
3111470,-0.637,7.807,5.231,-0.099,0.055,-0.006,1535,0,0
3111490,-0.599,7.719,5.274,-0.078,0.067,0.013,1535,0,0
3111510,-0.639,7.633,5.274,-0.057,0.062,-0.001,1534,0,0
3111530,-0.599,7.647,5.255,-0.064,0.052,-0.025,1535,0,0
3111550,-0.613,7.671,5.176,-0.084,0.052,-0.03,1535,0,0
3111570,-0.632,7.647,5.152,-0.078,0.028,-0.04,1535,0,0
3111590,-0.651,7.719,5.073,-0.074,0.011,-0.058,1535,0,0
3111610,-0.694,7.776,5.066,-0.073,0.006,-0.064,1535,0,0
3111631,-0.725,7.901,4.934,-0.041,-0.006,-0.046,1534,0,0
3111650,-0.8,7.977,4.903,-0.048,0.008,-0.042,1535,0,0
3111670,-0.785,7.951,4.951,-0.043,0.022,-0.021,1535,0,0
3111690,-0.8,7.922,4.925,-0.034,0.014,-0.005,1535,0,0
3111710,-0.773,7.898,4.891,-0.034,0.003,-0.01,1535,0,0
3111730,-0.828,7.942,4.949,-0.03,0.018,-0.012,1535,0,0
3111750,-0.934,7.958,5.047,-0.016,0.03,-0.01,1535,0,0
3111770,-0.886,7.975,5.104,-0.024,0.032,-0.003,1535,0,0
3111790,-0.831,7.898,5.133,-0.057,0.039,0.009,1535,0,0
3111810,-0.848,7.755,5.274,-0.077,0.029,0.009,1535,0,0
3111830,-0.752,7.688,5.339,-0.083,0.011,-0.001,1535,0,0
3111850,-0.654,7.638,5.365,-0.089,0.005,-0.013,1535,0,0
3111870,-0.642,7.673,5.325,-0.096,0.006,-0.013,1535,0,0
3111890,-0.661,7.604,5.306,-0.1,-0.004,-0.021,1535,0,0
3111911,-0.62,7.638,5.231,-0.09,-0.037,-0.039,1535,0,0
3111930,-0.634,7.721,5.114,-0.079,-0.06,-0.049,1535,0,0
3111950,-0.651,7.863,4.978,-0.047,-0.066,-0.05,1535,0,0
3111970,-0.716,7.98,4.877,-0.042,-0.054,-0.048,1534,0,0
3111990,-0.718,8.018,4.81,-0.036,-0.048,-0.037,1535,0,0
3112010,-0.749,8.018,4.743,-0.046,-0.038,-0.025,1535,0,0
3112031,-0.742,7.939,4.733,-0.064,-0.037,-0.016,1535,0,0
3112050,-0.766,7.922,4.755,-0.065,-0.025,-0.007,1535,0,0
3112070,-0.816,7.918,4.822,-0.039,0.0,0.005,1535,0,0
3112090,-0.855,7.925,4.887,-0.035,0.019,0.012,1535,0,0
3112110,-0.833,7.872,4.963,-0.062,0.031,0.011,1535,0,0
3112131,-0.8,7.733,5.083,-0.083,0.042,0.009,1535,0,0
3112150,-0.723,7.647,5.143,-0.051,0.036,0.004,1535,0,0
3112170,-0.649,7.681,5.191,-0.044,0.048,-0.009,1535,0,0
3112190,-0.69,7.678,5.215,-0.056,0.055,-0.021,1535,0,0
3112210,-0.644,7.676,5.203,-0.062,0.047,-0.022,1535,0,0
3112230,-0.668,7.728,5.219,-0.08,0.036,-0.026,1535,0,0
3112250,-0.663,7.726,5.243,-0.084,0.009,-0.039,1535,0,0
3112270,-0.639,7.772,5.121,-0.069,-0.015,-0.035,1535,0,0
3112290,-0.673,7.779,5.04,-0.065,-0.027,-0.034,1535,0,0
3112310,-0.709,7.839,4.946,-0.046,-0.033,-0.044,1535,0,0
3112331,-0.795,7.925,4.872,-0.031,-0.026,-0.049,1535,0,0
3112350,-0.848,8.016,4.855,-0.015,-0.025,-0.041,1535,0,0
3112370,-0.836,8.037,4.755,-0.024,-0.018,-0.032,1535,0,0
3112390,-0.809,8.001,4.815,-0.046,-0.001,-0.021,1535,0,0
3112410,-0.804,7.922,4.867,-0.057,0.026,-0.0,1535,0,0
3112430,-0.807,7.819,4.975,-0.049,0.045,0.009,1535,0,0
3112450,-0.826,7.774,5.069,-0.062,0.053,0.002,1535,0,0
3112471,-0.792,7.764,5.136,-0.068,0.048,-0.011,1535,0,0
3112490,-0.747,7.724,5.169,-0.067,0.043,-0.01,1535,0,0
3112510,-0.675,7.681,5.145,-0.049,0.036,-0.007,1535,0,0
3112530,-0.646,7.616,5.124,-0.075,0.027,-0.019,1535,0,0
3112550,-0.713,7.664,5.119,-0.09,0.012,-0.033,1535,0,0
3112570,-0.747,7.731,5.116,-0.052,-0.013,-0.043,1535,0,0
3112590,-0.764,7.877,5.035,-0.046,-0.012,-0.047,1535,0,0
3112610,-0.778,7.942,4.99,-0.065,-0.005,-0.039,1535,0,0
3112630,-0.828,7.934,4.922,-0.053,-0.006,-0.022,1535,0,0
3112650,-0.86,7.937,4.911,-0.053,-0.009,-0.016,1535,0,0
3112670,-0.905,7.954,4.927,-0.06,0.004,-0.011,1535,0,0
3112690,-0.855,7.951,4.987,-0.045,0.011,-0.001,1535,0,0
3112711,-0.814,7.91,4.987,-0.04,0.021,0.011,1535,0,0
3112730,-0.838,7.824,5.025,-0.071,0.03,0.007,1535,0,0
3112750,-0.8,7.769,5.064,-0.067,0.016,0.006,1535,0,0
3112770,-0.706,7.743,5.052,-0.064,0.015,-0.002,1535,0,0
3112791,-0.675,7.693,5.145,-0.063,0.019,-0.012,1535,0,0
3112810,-0.721,7.7,5.097,-0.057,0.009,-0.025,1535,0,0
3112830,-0.752,7.762,5.037,-0.064,-0.002,-0.028,1535,0,0
3112851,-0.792,7.779,5.047,-0.072,-0.003,-0.028,1534,0,0
3112870,-0.809,7.872,5.018,-0.043,-0.016,-0.019,1535,0,0
3112890,-0.757,7.932,4.961,-0.053,-0.013,-0.02,1535,0,0
3112910,-0.771,7.86,4.894,-0.078,-0.003,-0.022,1535,0,0
3112930,-0.781,7.875,4.879,-0.071,0.007,-0.027,1535,0,0
3112951,-0.812,7.865,4.918,-0.067,0.013,-0.022,1535,0,0
3112970,-0.86,7.882,4.93,-0.038,0.012,-0.011,1535,0,0
3112990,-0.821,7.93,4.932,-0.045,0.015,-0.003,1535,0,0
3113010,-0.776,7.834,4.954,-0.086,0.022,-0.006,1535,0,0
3113030,-0.812,7.736,5.016,-0.078,0.024,-0.01,1535,0,0
3113051,-0.773,7.8,5.03,-0.039,0.022,-0.01,1535,0,0
3113070,-0.73,7.803,5.021,-0.059,0.025,-0.01,1535,0,0
3113090,-0.785,7.805,5.03,-0.065,0.029,-0.009,1535,0,0
3113110,-0.781,7.779,5.021,-0.068,0.018,-0.017,1535,0,0
3113130,-0.824,7.776,5.004,-0.071,0.014,-0.018,1535,0,0
3113150,-0.838,7.798,4.997,-0.058,0.013,-0.013,1535,0,0
3113170,-0.807,7.798,4.915,-0.045,0.011,-0.019,1535,0,0
3113190,-0.836,7.836,4.975,-0.05,0.018,-0.022,1535,0,0
3113210,-0.855,7.848,5.023,-0.045,0.01,-0.023,1535,0,0
3113230,-0.91,7.875,5.061,-0.017,-0.0,-0.018,1535,0,0
3113250,-0.84,7.908,5.15,-0.006,-0.047,0.009,1535,0,0
3113270,-0.67,7.848,5.516,-0.041,-0.133,0.028,1535,0,0
3113290,-0.196,7.822,5.804,-0.154,-0.297,0.075,1492,0,0
3113310,-0.45,7.635,5.339,-0.145,-0.261,0.092,1440,0,0
3113330,-0.596,7.736,4.702,0.139,-0.196,0.077,1414,0,0
3113350,-0.699,8.171,4.911,0.243,-0.188,0.103,1407,0,0
3113371,-0.086,8.497,5.844,-0.054,-0.416,0.217,1385,0,0
3113390,0.656,8.193,6.124,-0.48,-0.655,0.366,1341,0,0
3113410,-0.757,7.063,4.353,-0.282,-0.514,0.418,1322,0,0
3113430,-1.381,7.918,4.073,0.659,-0.374,0.19,1311,0,0
3113450,-0.8,9.11,3.895,0.393,-0.157,0.166,1257,0,0
3113470,-0.429,8.636,4.513,-0.125,-0.105,0.228,1184,0,0
3113491,-0.314,7.621,4.592,-0.276,-0.054,0.158,1132,0,0
3113510,-0.038,7.142,5.346,-0.177,-0.112,0.102,1099,0,0
3113530,0.151,7.161,4.918,-0.117,-0.138,0.017,1073,0,0
3113550,0.077,7.357,4.98,-0.026,-0.1,-0.082,1051,0,0
3113570,-0.022,7.609,4.882,0.038,-0.035,-0.177,1034,0,0
3113590,-0.163,8.016,4.712,0.035,0.031,-0.194,1017,0,0
3113611,0.024,8.116,4.559,-0.037,0.175,-0.177,1014,0,0
3113630,-0.395,7.982,4.554,-0.107,0.277,-0.157,1012,0,0
3113650,-0.455,7.841,4.585,-0.076,0.361,-0.204,1013,0,0
3113670,-0.651,7.76,4.48,0.026,0.472,-0.247,1012,0,0
3113690,-0.819,8.064,4.748,0.106,0.545,-0.264,1016,0,0
3113710,-0.922,8.205,4.817,0.064,0.572,-0.27,1021,0,0
3113730,-1.058,8.097,4.882,0.031,0.581,-0.274,1025,0,0
3113750,-1.281,8.195,5.028,0.035,0.55,-0.313,1037,0,0
3113770,-1.295,8.361,4.93,0.094,0.53,-0.342,1038,0,0
3113790,-1.219,8.179,4.796,0.137,0.558,-0.356,1040,0,0
3113810,-1.197,7.776,4.846,0.281,0.534,-0.369,1040,0,0
3113830,-0.888,7.685,4.808,0.329,0.43,-0.392,1042,0,0
3113850,-0.263,7.274,4.578,0.183,0.358,-0.417,1045,0,0
3113870,0.237,6.438,4.487,0.056,0.296,-0.442,1048,0,0
3113890,1.19,5.121,4.063,0.041,0.217,-0.558,1049,0,0
3113910,2.021,4.132,3.431,0.187,0.239,-0.752,1051,0,0
3113930,2.509,3.917,2.938,0.418,0.292,-0.909,1052,0,0
3113950,2.658,3.46,2.631,0.491,0.223,-0.975,1053,0,0
3113971,2.787,2.703,1.975,0.403,0.152,-1.142,1053,0,0
3113990,2.184,2.112,2.021,0.327,0.255,-1.371,1054,0,0
3114010,0.773,2.863,2.634,0.37,0.354,-1.653,1053,0,0
3114030,-1.183,5.001,3.311,0.384,0.231,-1.706,1052,0,0
3114050,-2.947,6.821,3.546,0.209,0.038,-1.57,1052,0,0
3114070,-5.509,7.898,4.415,-0.354,-0.119,-1.653,1054,0,0
3114090,-6.984,8.286,4.961,-0.766,-0.26,-1.784,1056,0,0
3114110,-8.483,9.294,5.38,-0.384,-0.254,-1.769,1057,0,0
3114130,-10.29,12.158,5.514,0.123,-0.266,-1.59,1058,0,0
3114150,-11.492,14.377,5.756,-0.043,-0.292,-1.184,1062,0,0
3114170,-11.593,14.15,5.933,-0.575,-0.282,-0.691,1067,0,0
3114190,-11.71,13.127,6.268,-0.701,-0.139,-0.355,1070,0,0
3114210,-11.394,12.457,6.448,-0.253,-0.015,0.01,1071,0,0
3114230,-10.506,11.447,6.457,-0.021,0.119,0.291,1072,0,0
3114250,-9.747,10.092,6.701,-0.205,0.138,0.461,1073,0,0
3114270,-9.328,9.304,6.735,-0.468,0.043,0.64,1075,0,0
3114290,-8.691,8.823,6.467,-0.436,0.026,0.875,1077,0,0
3114310,-7.728,7.915,6.076,-0.096,0.176,1.096,1077,0,0
3114330,-7.087,7.286,5.938,0.102,0.296,1.086,1078,0,0
3114350,-6.737,7.12,5.756,0.242,0.303,0.984,1078,0,0
3114370,-5.77,7.673,4.987,0.415,0.197,1.037,1078,0,0
3114391,-4.743,7.901,4.058,0.318,0.105,1.071,1078,0,0
3114410,-3.057,7.578,3.16,0.171,0.081,1.153,1077,0,0
3114430,-0.936,6.069,2.622,-0.019,0.078,1.247,1076,0,0
3114450,0.67,4.314,2.389,-0.097,0.039,1.084,1076,0,0
3114470,2.277,2.892,2.205,-0.024,-0.011,0.876,1077,0,0
3114490,3.191,2.14,2.246,0.081,-0.029,0.551,1077,0,0
3114510,3.852,2.133,2.152,0.114,-0.033,0.265,1078,0,0
3114530,4.051,2.16,1.968,0.048,0.018,-0.017,1078,0,0
3114550,3.752,2.715,2.057,0.035,0.028,-0.249,1079,0,0
3114570,3.649,3.371,2.076,-0.067,-0.069,-0.379,1078,0,0
3114591,3.421,3.144,1.963,-0.234,-0.151,-0.495,1079,0,0
3114610,2.863,2.806,2.002,-0.202,-0.136,-0.684,1081,0,0
3114630,1.851,3.163,2.176,-0.098,-0.06,-0.91,1081,0,0
3114650,1.156,3.886,2.222,0.227,0.049,-1.031,1080,0,0
3114670,-0.328,5.452,2.677,0.608,0.086,-0.962,1081,0,0
3114690,-1.987,6.864,2.787,0.445,-0.02,-0.863,1082,0,0
3114710,-3.139,6.33,2.89,-0.23,-0.054,-0.931,1083,0,0
3114730,-4.587,5.217,3.721,-0.387,0.01,-1.377,1083,0,0
3114750,-7.159,7.654,4.678,0.248,-0.057,-1.685,1083,0,0
3114770,-9.376,11.483,5.253,-0.016,-0.309,-1.345,1086,0,0
3114791,-11.059,11.123,6.179,-1.122,-0.544,-0.999,1087,0,0
3114810,-10.695,9.239,6.182,-0.97,-0.544,-1.018,1087,0,0
3114830,-9.55,9.96,5.545,-0.026,-0.229,-1.015,1088,0,0
3114850,-9.455,10.307,5.562,0.164,0.044,-0.775,1088,0,0
3114870,-9.802,9.969,5.995,-0.125,0.02,-0.56,1089,0,0
3114891,-8.875,8.961,5.686,-0.523,-0.156,-0.36,1089,0,0
3114910,-7.513,7.915,5.042,-0.46,-0.105,-0.184,1091,0,0
3114930,-6.541,6.929,4.82,-0.256,0.087,-0.073,1092,0,0
3114950,-5.911,6.361,4.834,-0.04,0.226,-0.043,1095,0,0
3114970,-5.82,6.385,4.906,0.013,0.223,-0.054,1097,0,0
3114991,-5.72,6.732,4.865,-0.096,0.192,-0.073,1099,0,0
3115010,-5.665,6.857,4.918,-0.166,0.148,-0.044,1100,0,0
3115030,-5.246,6.699,4.714,-0.176,0.09,0.04,1098,0,0
3115050,-4.7,6.189,4.278,-0.176,0.116,0.09,1098,0,0
3115070,-4.597,5.811,4.214,-0.043,0.174,0.076,1101,0,0
3115091,-4.635,6.261,4.247,0.044,0.167,0.005,1099,0,0
3115111,-4.559,6.472,4.247,-0.025,0.125,-0.008,1101,0,0
3115130,-4.312,6.314,4.269,-0.115,0.104,-0.001,1101,0,0
3115150,-4.314,6.122,4.372,-0.113,0.095,-0.029,1102,0,0
3115170,-4.556,6.318,4.396,-0.009,0.088,-0.071,1102,0,0
3115191,-4.927,6.934,4.367,0.069,0.081,-0.057,1102,0,0
3115210,-4.978,6.967,4.386,-0.011,0.053,-0.023,1102,0,0
3115230,-4.887,6.701,4.47,-0.063,0.029,-0.005,1103,0,0
3115250,-4.879,6.512,4.532,-0.091,0.0,-0.005,1103,0,0
3115270,-4.934,6.438,4.525,-0.071,-0.037,-0.009,1103,0,0
3115290,-5.071,6.517,4.508,-0.017,-0.05,0.01,1103,0,0
3115310,-5.171,6.68,4.468,-0.015,-0.054,0.003,1103,0,0
3115330,-5.171,6.658,4.384,-0.056,-0.047,0.019,1103,0,0
3115350,-5.124,6.486,4.377,-0.105,-0.058,0.032,1103,0,0
3115370,-4.99,6.323,4.329,-0.129,-0.077,0.018,1103,0,0
3115390,-4.982,6.282,4.266,-0.093,-0.066,0.004,1104,0,0
3115410,-4.951,6.347,4.14,-0.043,-0.027,-0.007,1104,0,0
3115430,-4.985,6.369,4.061,-0.054,0.018,0.002,1104,0,0
3115450,-5.131,6.457,4.293,-0.062,0.019,0.01,1104,0,0
3115471,-5.059,6.371,4.326,-0.083,-0.022,0.019,1104,0,0
3115490,-4.942,6.189,4.211,-0.079,-0.029,0.002,1104,0,0
3115511,-4.915,6.187,4.101,-0.037,0.0,-0.016,1104,0,0
3115530,-4.982,6.321,4.08,-0.015,0.01,-0.008,1104,0,0
3115550,-5.013,6.361,4.056,-0.057,0.031,-0.008,1104,0,0
3115570,-5.097,6.297,4.154,-0.098,0.044,-0.021,1104,0,0
3115590,-5.088,6.361,4.204,-0.089,0.043,-0.035,1104,0,0
3115610,-5.124,6.503,4.298,-0.068,0.049,-0.026,1105,0,0
3115630,-5.057,6.445,4.365,-0.091,0.047,-0.005,1104,0,0
3115650,-4.982,6.299,4.365,-0.094,0.051,-0.011,1105,0,0
3115670,-4.937,6.364,4.384,-0.083,0.062,-0.027,1105,0,0
3115690,-5.054,6.404,4.477,-0.105,0.055,-0.033,1105,0,0
3115711,-5.198,6.452,4.563,-0.103,0.02,-0.029,1105,0,0
3115730,-5.107,6.467,4.53,-0.073,-0.015,-0.014,1105,0,0
3115750,-5.009,6.416,4.35,-0.049,0.001,-0.003,1106,0,0
3115770,-4.982,6.395,4.29,-0.042,0.025,-0.007,1108,0,0
3115790,-5.025,6.464,4.377,-0.069,0.05,-0.016,1107,0,0
3115810,-5.109,6.424,4.542,-0.096,0.013,-0.005,1106,0,0
3115831,-4.968,6.311,4.444,-0.086,-0.022,-0.001,1107,0,0
3115850,-4.932,6.304,4.312,-0.058,-0.019,-0.011,1107,0,0
3115871,-4.992,6.409,4.199,-0.042,0.019,-0.021,1107,0,0
3115890,-5.112,6.443,4.293,-0.056,0.024,-0.019,1107,0,0
3115911,-5.08,6.46,4.341,-0.078,-0.003,-0.02,1108,0,0
3115930,-5.033,6.397,4.393,-0.092,-0.023,-0.012,1108,0,0
3115950,-5.047,6.304,4.424,-0.068,-0.026,-0.017,1108,0,0
3115970,-5.198,6.548,4.374,-0.04,0.001,-0.031,1109,0,0
3115991,-5.492,6.888,4.503,-0.067,0.001,-0.018,1109,0,0
3116010,-5.476,6.754,4.496,-0.136,-0.01,0.026,1109,0,0
3116030,-5.507,6.584,4.551,-0.127,0.005,0.041,1110,0,0
3116050,-5.816,6.812,4.731,-0.089,0.012,0.029,1111,0,0
3116070,-6.337,7.19,5.045,-0.089,-0.01,0.035,1110,0,0
3116091,-6.737,7.602,5.181,-0.086,-0.004,0.08,1111,0,0
3116110,-6.914,7.791,5.265,-0.055,0.02,0.184,1112,0,0
3116130,-7.077,7.678,5.468,-0.043,0.006,0.309,1112,0,0
3116150,-7.094,7.487,5.629,-0.058,-0.029,0.382,1112,0,0
3116170,-7.111,7.578,5.464,-0.037,-0.047,0.441,1113,0,0
3116190,-7.175,7.575,5.241,0.009,-0.005,0.49,1113,0,0
3116210,-7.053,7.877,4.963,0.18,0.081,0.572,1114,0,0
3116230,-6.589,8.013,4.75,0.214,0.162,0.751,1114,0,0
3116251,-6.428,7.575,4.949,0.09,0.202,0.819,1114,0,0
3116271,-6.218,7.355,5.119,0.095,0.138,0.821,1114,0,0
3116290,-5.442,7.468,4.657,0.128,0.12,0.826,1114,0,0
3116310,-4.645,7.01,4.231,0.121,0.182,0.855,1115,0,0
3116331,-4.348,6.668,4.144,0.26,0.207,0.827,1116,0,0
3116350,-3.457,6.852,3.675,0.316,0.184,0.807,1114,0,0
3116370,-2.327,6.172,3.259,0.128,0.104,0.849,1114,0,0
3116390,-1.314,5.363,2.938,-0.052,0.0,0.76,1114,0,0
3116410,-0.433,5.064,2.794,-0.122,-0.094,0.714,1114,0,0
3116431,0.139,4.405,2.82,-0.218,-0.143,0.608,1114,0,0
3116450,0.079,4.18,2.899,-0.206,-0.126,0.36,1114,0,0
3116470,-0.395,4.958,2.976,0.045,-0.063,0.128,1114,0,0
3116490,-1.106,6.28,3.177,0.13,-0.066,0.035,1115,0,0
3116510,-1.487,6.744,3.23,0.015,-0.134,0.031,1116,0,0
3116530,-1.918,6.574,3.237,-0.084,-0.159,-0.027,1115,0,0
3116551,-2.397,6.752,3.287,-0.08,-0.107,-0.115,1117,0,0
3116570,-2.978,7.29,3.426,0.003,-0.037,-0.172,1117,0,0
3116590,-3.139,7.956,3.426,0.085,0.03,-0.17,1117,0,0
3116610,-3.287,8.176,3.555,0.046,0.082,-0.126,1117,0,0
3116630,-3.493,7.932,3.831,-0.133,0.073,-0.081,1117,0,0
3116650,-3.582,7.499,4.099,-0.203,0.074,-0.104,1117,0,0
3116670,-3.63,7.846,4.204,-0.082,0.102,-0.116,1117,0,0
3116690,-3.63,8.222,4.314,-0.038,0.11,-0.072,1117,0,0
3116710,-3.783,8.286,4.427,-0.069,0.07,-0.017,1117,0,0
3116730,-3.862,8.078,4.391,-0.112,0.023,0.019,1117,0,0
3116750,-3.723,7.827,4.341,-0.101,-0.0,0.027,1118,0,0
3116770,-3.622,7.798,4.334,-0.036,-0.022,0.041,1117,0,0
3116790,-3.596,7.707,4.266,-0.029,-0.05,0.051,1118,0,0
3116810,-3.565,7.525,4.132,-0.042,-0.048,0.046,1118,0,0
3116830,-3.567,7.582,4.056,-0.039,-0.054,0.05,1118,0,0
3116850,-3.428,7.647,3.95,-0.037,-0.059,0.073,1119,0,0
3116870,-3.407,7.623,3.955,-0.022,-0.063,0.106,1119,0,0
3116890,-3.302,7.551,3.788,-0.022,-0.036,0.118,1119,0,0
3116910,-3.371,7.463,3.876,-0.071,0.003,0.06,1119,0,0
3116930,-3.328,7.513,3.91,-0.074,-0.011,0.034,1119,0,0
3116950,-3.282,7.412,3.919,-0.085,-0.019,0.033,1120,0,0
3116970,-3.316,7.453,3.879,-0.056,-0.009,0.012,1120,0,0
3116990,-3.39,7.582,3.876,-0.045,0.014,-0.006,1119,0,0
3117010,-3.452,7.757,3.888,-0.037,0.019,-0.015,1119,0,0
3117030,-3.383,7.784,3.907,-0.082,0.009,-0.009,1119,0,0
3117050,-3.359,7.64,3.979,-0.081,0.003,-0.007,1120,0,0
3117071,-3.354,7.748,4.001,-0.018,0.016,-0.013,1121,0,0
3117090,-3.275,7.793,3.97,0.002,0.054,0.0,1120,0,0
3117110,-3.213,7.626,4.128,-0.025,0.051,0.003,1121,0,0
3117130,-3.27,7.59,4.051,-0.062,0.02,-0.017,1120,0,0
3117151,-3.402,7.743,4.027,-0.07,0.003,-0.025,1120,0,0
3117170,-3.378,7.848,3.962,-0.033,0.018,-0.002,1120,0,0
3117190,-3.318,7.69,3.97,-0.044,0.035,0.015,1121,0,0
3117210,-3.357,7.535,3.965,-0.041,0.02,-0.001,1121,0,0
3117230,-3.347,7.575,3.84,-0.066,0.027,-0.023,1121,0,0
3117250,-3.342,7.527,3.788,-0.071,0.035,-0.016,1121,0,0
3117270,-3.29,7.408,3.84,-0.064,0.033,-0.027,1121,0,0
3117291,-3.29,7.479,3.816,-0.044,0.059,-0.057,1121,0,0
3117310,-3.452,7.774,3.919,-0.019,0.079,-0.069,1122,0,0
3117330,-3.551,8.021,3.941,-0.023,0.06,-0.043,1121,0,0
3117350,-3.481,7.848,3.936,-0.057,0.026,-0.007,1121,0,0
3117371,-3.352,7.609,3.847,-0.063,0.041,-0.014,1121,0,0
3117390,-3.364,7.573,3.917,-0.049,0.058,-0.026,1121,0,0
3117410,-3.364,7.645,3.955,-0.034,0.069,-0.03,1122,0,0
3117430,-3.498,7.743,4.039,-0.048,0.068,-0.033,1121,0,0
3117451,-3.546,7.834,4.025,-0.075,0.056,-0.034,1121,0,0
3117470,-3.395,7.819,3.996,-0.073,0.06,-0.022,1122,0,0
3117490,-3.371,7.784,4.025,-0.064,0.06,-0.015,1122,0,0
3117510,-3.417,7.748,4.053,-0.052,0.023,0.005,1123,0,0
3117530,-3.414,7.659,3.991,-0.056,0.008,0.003,1122,0,0
3117550,-3.452,7.733,3.922,-0.066,0.012,-0.01,1123,0,0
3117570,-3.409,7.772,3.8,-0.072,0.046,-0.002,1123,0,0
3117590,-3.464,7.745,3.898,-0.051,0.047,0.011,1124,0,0
3117610,-3.452,7.666,3.903,-0.054,0.022,0.019,1124,0,0
3117630,-3.397,7.594,3.795,-0.061,0.021,0.01,1123,0,0
3117650,-3.443,7.63,3.816,-0.059,0.04,0.013,1124,0,0
3117670,-3.438,7.506,3.915,-0.068,0.04,0.007,1123,0,0
3117690,-3.421,7.446,3.838,-0.072,0.044,-0.013,1124,0,0
3117710,-3.417,7.575,3.85,-0.062,0.055,-0.033,1124,0,0
3117730,-3.428,7.7,3.838,-0.063,0.058,-0.034,1124,0,0
3117750,-3.553,7.752,3.96,-0.083,0.055,-0.037,1124,0,0
3117770,-3.563,7.824,4.001,-0.058,0.039,-0.02,1125,0,0
3117790,-3.503,7.86,3.991,-0.045,0.042,-0.003,1124,0,0
3117810,-3.543,7.707,4.056,-0.055,0.021,-0.001,1124,0,0
3117830,-3.543,7.578,4.02,-0.051,-0.015,-0.015,1124,0,0
3117850,-3.594,7.611,3.943,-0.047,-0.024,-0.036,1123,0,0
3117870,-3.869,7.535,4.219,-0.075,-0.155,-0.044,1122,0,0
3117890,-3.816,7.293,4.209,-0.076,-0.291,-0.062,1120,0,0
3117910,-4.302,6.78,4.173,-0.07,-0.447,-0.146,1117,0,0
3117930,-4.405,6.917,4.36,0.1,-0.693,-0.388,1123,0,0
3117950,-3.433,7.91,4.391,0.119,-0.801,-0.39,1152,0,0
3117971,-2.938,7.666,4.116,-0.304,-0.689,-0.319,1209,0,0
3117990,-3.472,7.324,3.632,-0.285,-0.434,-0.411,1294,0,0
3118010,-3.349,8.08,2.444,0.236,-0.11,-0.398,1405,0,0
3118030,-2.15,8.701,0.56,0.06,0.704,-0.169,1522,0,0
3118050,-2.215,7.846,0.352,-0.376,1.833,0.14,1640,0,0
3118071,-3.733,7.985,8.018,-0.152,1.136,-0.177,1723,0,0
3118090,-4.037,6.426,5.54,-0.843,0.778,-0.095,1795,0,0
3118110,-4.417,7.259,4.638,-1.049,0.212,-0.082,1844,0,0
3118130,-3.984,7.963,3.491,-0.07,0.307,0.011,1871,0,0
3118150,-3.948,7.812,3.575,0.127,0.445,0.105,1885,0,0
3118170,-4.082,7.374,3.888,-0.215,0.492,0.105,1896,0,0
3118190,-4.082,7.197,3.994,0.13,0.429,0.046,1902,0,0
3118210,-4.013,7.549,4.159,0.282,0.276,-0.01,1903,0,0
3118230,-3.895,7.537,3.929,-0.143,0.221,-0.018,1902,0,0
3118250,-4.063,7.204,3.737,-0.238,0.277,0.009,1900,0,0
3118270,-4.226,7.07,4.094,-0.076,0.231,-0.037,1899,0,0
3118290,-4.183,7.271,4.266,-0.002,0.124,-0.058,1899,0,0
3118310,-4.128,7.384,4.137,-0.074,0.058,-0.027,1896,0,0
3118330,-4.101,7.283,3.941,-0.064,0.083,-0.009,1891,0,0
3118350,-4.204,7.266,4.003,-0.037,0.111,-0.051,1885,0,0
3118370,-4.211,7.319,3.934,-0.048,0.104,-0.084,1879,0,0
3118390,-4.252,7.374,3.958,-0.006,0.092,-0.059,1874,0,0
3118410,-4.314,7.403,3.821,-0.007,0.093,-0.036,1871,0,0
3118430,-4.312,7.523,3.912,0.001,0.039,-0.03,1868,0,0
3118450,-4.216,7.487,3.713,-0.076,0.031,-0.015,1863,0,0
3118470,-4.288,7.532,3.711,-0.076,0.038,-0.002,1857,0,0
3118490,-4.317,7.446,3.608,-0.063,0.046,0.017,1854,0,0
3118510,-4.286,7.355,3.725,-0.027,0.011,0.032,1849,0,0
3118530,-4.111,7.286,3.73,-0.027,-0.004,0.039,1843,0,0
3118551,-4.061,7.29,3.591,0.008,0.026,0.034,1840,0,0
3118571,-4.128,7.343,3.656,0.018,0.055,0.03,1837,0,0
3118590,-4.314,7.345,3.512,-0.013,0.076,0.02,1832,0,0
3118610,-4.324,7.333,3.601,-0.018,0.026,0.01,1829,0,0
3118630,-4.183,7.408,3.625,-0.067,-0.011,0.025,1826,0,0
3118650,-4.147,7.266,3.634,-0.099,0.019,0.029,1823,0,0
3118670,-4.137,7.309,3.771,-0.011,0.026,0.001,1823,0,0
3118690,-4.089,7.393,3.699,-0.047,0.026,-0.007,1822,0,0
3118710,-4.113,7.309,3.587,-0.079,0.05,0.004,1819,0,0
3118730,-4.187,7.307,3.603,0.022,0.057,-0.005,1814,0,0
3118750,-4.266,7.515,3.618,0.053,0.053,-0.015,1809,0,0
3118771,-4.223,7.547,3.575,-0.019,0.055,-0.007,1803,0,0
3118791,-4.18,7.451,3.524,-0.036,0.066,-0.008,1790,0,0
3118811,-4.245,7.439,3.433,-0.009,0.097,-0.019,1776,0,0
3118830,-4.35,7.468,3.508,0.012,0.11,-0.014,1769,0,0
3118850,-4.252,7.525,3.577,0.017,0.084,0.001,1768,0,0
3118870,-4.152,7.41,3.577,-0.093,0.062,0.008,1769,0,0
3118890,-4.187,7.317,3.673,-0.106,0.046,-0.004,1768,0,0
3118910,-4.254,7.422,3.673,-0.018,0.052,-0.011,1767,0,0
3118930,-4.247,7.554,3.608,-0.03,0.048,-0.008,1768,0,0
3118951,-4.274,7.59,3.56,-0.054,0.035,-0.002,1767,0,0
3118970,-4.211,7.527,3.632,-0.059,0.009,0.006,1768,0,0
3118990,-4.207,7.412,3.663,-0.08,-0.015,0.002,1766,0,0
3119010,-4.209,7.436,3.615,-0.056,-0.019,-0.002,1764,0,0
3119030,-4.281,7.518,3.493,-0.017,0.0,-0.0,1761,0,0
3119050,-4.247,7.503,3.481,-0.026,0.01,0.011,1761,0,0
3119070,-4.219,7.46,3.515,-0.055,0.002,0.022,1759,0,0
3119091,-4.18,7.379,3.481,-0.086,-0.004,0.009,1758,0,0
3119110,-4.171,7.393,3.469,-0.06,-0.01,-0.012,1754,0,0
3119130,-4.195,7.446,3.486,-0.049,0.0,-0.014,1754,0,0
3119150,-4.214,7.451,3.491,-0.022,-0.0,-0.007,1752,0,0
3119170,-4.192,7.441,3.402,-0.018,-0.005,0.001,1749,0,0
3119190,-4.204,7.436,3.4,-0.051,0.008,-0.006,1747,0,0
3119210,-4.257,7.434,3.431,-0.041,0.011,-0.017,1745,0,0
3119230,-4.231,7.542,3.397,-0.01,0.009,-0.007,1744,0,0
3119250,-4.187,7.523,3.469,-0.027,0.014,0.003,1743,0,0
3119270,-4.152,7.412,3.45,-0.054,0.002,-0.001,1743,0,0
3119291,-4.185,7.439,3.436,-0.044,0.014,-0.011,1741,0,0
3119310,-4.245,7.535,3.405,-0.023,0.022,-0.014,1740,0,0
3119330,-4.216,7.539,3.474,-0.029,0.022,-0.001,1740,0,0
3119350,-4.156,7.479,3.445,-0.044,0.014,0.004,1739,0,0
3119371,-4.137,7.499,3.433,-0.045,0.019,-0.014,1738,0,0
3119390,-4.207,7.539,3.402,-0.045,0.04,-0.015,1736,0,0
3119411,-4.276,7.58,3.491,-0.039,0.043,-0.006,1736,0,0
3119430,-4.219,7.563,3.486,-0.039,0.016,0.01,1734,0,0
3119450,-4.173,7.537,3.455,-0.062,0.01,0.015,1734,0,0
3119471,-4.159,7.494,3.417,-0.058,0.019,0.001,1732,0,0
3119490,-4.171,7.503,3.436,-0.043,0.026,-0.005,1730,0,0
3119511,-4.209,7.537,3.385,-0.041,0.036,0.009,1729,0,0
3119530,-4.262,7.532,3.407,-0.065,0.011,0.026,1728,0,0
3119550,-4.192,7.489,3.409,-0.096,-0.011,0.031,1727,0,0
3119570,-4.254,7.475,3.388,-0.095,0.013,0.01,1726,0,0
3119590,-4.209,7.494,3.39,-0.019,0.041,-0.012,1726,0,0
3119610,-4.178,7.573,3.417,0.014,0.05,-0.002,1725,0,0
3119630,-4.235,7.489,3.464,-0.049,0.044,0.002,1726,0,0
3119650,-4.238,7.47,3.469,-0.059,0.017,-0.004,1726,0,0
3119670,-4.271,7.53,3.409,-0.043,-0.002,-0.003,1726,0,0
3119690,-4.195,7.511,3.407,-0.059,0.003,0.004,1725,0,0
3119711,-4.178,7.391,3.472,-0.078,0.016,-0.001,1726,0,0
3119730,-4.192,7.439,3.491,-0.044,0.02,-0.014,1726,0,0
3119750,-4.245,7.566,3.505,-0.03,0.007,-0.022,1726,0,0
3119770,-4.214,7.616,3.486,-0.065,-0.014,-0.007,1726,0,0
3119790,-4.204,7.52,3.45,-0.08,-0.016,-0.01,1726,0,0
3119810,-4.159,7.547,3.438,-0.047,-0.023,-0.025,1726,0,0
