3337411,-2.643,8.581,2.157,-0.052,-0.002,-0.002,1768,0,0
3337431,-2.617,8.641,2.145,-0.041,0.009,-0.006,1769,0,0
3337451,-2.765,8.679,2.112,-0.049,0.017,-0.007,1769,0,0
3337471,-2.854,8.732,2.093,-0.053,0.004,-0.012,1767,0,0
3337491,-2.737,8.739,2.097,-0.059,0.006,0.004,1767,0,0
3337511,-2.713,8.681,2.095,-0.05,0.021,0.009,1768,0,0
3337531,-2.674,8.669,2.169,-0.048,0.015,0.003,1765,0,0
3337551,-2.71,8.626,2.148,-0.064,0.014,0.009,1767,0,0
3337571,-2.734,8.578,2.188,-0.053,0.015,0.003,1768,0,0
3337591,-2.758,8.619,2.174,-0.033,0.019,0.0,1767,0,0
3337611,-2.78,8.669,2.179,-0.051,0.015,-0.006,1767,0,0
3337631,-2.792,8.657,2.217,-0.071,0.01,-0.009,1767,0,0
3337651,-2.717,8.602,2.217,-0.055,0.011,-0.003,1766,0,0
3337671,-2.686,8.55,2.2,-0.054,0.007,-0.009,1766,0,0
3337691,-2.705,8.636,2.16,-0.038,0.0,-0.026,1767,0,0
3337711,-2.763,8.792,2.133,-0.049,0.005,-0.023,1766,0,0
3337731,-2.818,8.854,2.119,-0.055,0.008,-0.014,1766,0,0
3337751,-2.758,8.782,2.133,-0.094,0.006,0.002,1766,0,0
3337771,-2.701,8.607,2.195,-0.077,0.005,0.009,1765,0,0
3337791,-2.626,8.605,2.164,-0.037,0.002,0.0,1766,0,0
3337811,-2.722,8.653,2.124,-0.041,-0.002,-0.002,1765,0,0
3337831,-2.804,8.679,2.09,-0.066,-0.014,-0.009,1766,0,0
3337851,-2.799,8.684,2.016,-0.071,-0.008,-0.006,1762,0,0
3337871,-2.758,8.686,1.992,-0.049,0.013,-0.001,1765,0,0
3337891,-2.72,8.626,2.1,-0.051,0.031,0.003,1766,0,0
3337911,-2.746,8.619,2.116,-0.051,0.034,-0.001,1762,0,0
3337931,-2.741,8.612,2.2,-0.071,0.016,-0.013,1763,0,0
3337951,-2.746,8.6,2.26,-0.081,-0.004,-0.024,1764,0,0
3337971,-2.71,8.605,2.239,-0.066,-0.005,-0.017,1763,0,0
3337991,-2.753,8.674,2.243,-0.038,0.005,-0.021,1764,0,0
3338011,-2.871,8.784,2.2,-0.044,0.01,-0.023,1763,0,0
3338031,-2.784,8.784,2.172,-0.066,0.0,-0.007,1763,0,0
3338051,-2.679,8.648,2.205,-0.072,-0.007,-0.0,1764,0,0
3338071,-2.679,8.605,2.164,-0.055,-0.014,-0.013,1764,0,0
3338091,-2.77,8.681,2.131,-0.057,-0.007,-0.013,1763,0,0
3338111,-2.801,8.633,2.176,-0.076,-0.006,-0.005,1763,0,0
3338131,-2.713,8.602,2.133,-0.06,-0.009,-0.001,1763,0,0
3338151,-2.686,8.605,2.155,-0.055,-0.019,-0.014,1762,0,0
3338171,-2.662,8.633,2.078,-0.068,-0.021,-0.018,1763,0,0
3338191,-2.761,8.655,2.102,-0.064,-0.008,-0.027,1763,0,0
3338211,-2.799,8.787,2.071,-0.033,0.004,-0.025,1762,0,0
3338231,-2.722,8.861,2.025,-0.05,0.014,-0.001,1763,0,0
3338251,-2.653,8.717,2.093,-0.079,0.012,0.016,1761,0,0
3338271,-2.71,8.607,2.126,-0.071,0.013,0.014,1764,0,0
3338291,-2.782,8.633,2.184,-0.054,0.014,0.005,1762,0,0
3338311,-2.761,8.641,2.184,-0.062,0.022,0.012,1762,0,0
3338331,-2.715,8.562,2.188,-0.055,0.016,0.01,1764,0,0
3338351,-2.739,8.54,2.172,-0.059,0.007,-0.007,1762,0,0
3338371,-2.787,8.588,2.193,-0.074,-0.002,-0.015,1763,0,0
3338391,-2.796,8.662,2.162,-0.062,0.005,-0.019,1764,0,0
3338411,-2.782,8.712,2.145,-0.048,0.01,-0.022,1763,0,0
3338431,-2.713,8.717,2.121,-0.063,0.008,-0.013,1763,0,0
3338451,-2.713,8.677,2.157,-0.076,0.006,-0.015,1763,0,0
3338471,-2.71,8.643,2.21,-0.076,0.001,-0.016,1762,0,0
3338491,-2.696,8.674,2.191,-0.066,-0.005,-0.021,1763,0,0
3338511,-2.595,8.665,2.126,-0.078,-0.007,-0.016,1763,0,0
3338531,-2.586,8.607,2.042,-0.071,-0.001,-0.019,1763,0,0
3338551,-2.71,8.717,1.954,-0.06,0.008,-0.026,1763,0,0
3338571,-2.808,8.799,2.035,-0.089,0.021,-0.023,1763,0,0
3338591,-2.782,8.77,1.999,-0.079,0.027,-0.013,1761,0,0
3338611,-2.646,8.672,2.083,-0.084,0.037,-0.009,1764,0,0
3338631,-2.607,8.538,2.126,-0.088,0.035,-0.013,1763,0,0
3338651,-2.703,8.55,2.16,-0.069,0.032,-0.028,1763,0,0
3338671,-2.832,8.71,2.136,-0.072,0.043,-0.028,1762,0,0
3338691,-2.861,8.756,2.186,-0.067,0.053,-0.019,1763,0,0
3338711,-2.763,8.744,2.21,-0.067,0.053,-0.014,1764,0,0
3338731,-2.705,8.669,2.234,-0.084,0.044,-0.013,1763,0,0
3338751,-2.811,8.657,2.289,-0.088,0.035,-0.018,1764,0,0
3338771,-2.849,8.701,2.272,-0.074,0.029,-0.011,1765,0,0
3338791,-2.842,8.638,2.279,-0.075,0.027,-0.001,1765,0,0
3338811,-2.825,8.669,2.229,-0.049,0.025,-0.007,1763,0,0
3338831,-2.796,8.65,2.224,-0.083,0.019,-0.004,1763,0,0
3338851,-2.729,8.516,2.193,-0.104,0.012,0.002,1763,0,0
3338871,-2.768,8.459,2.234,-0.099,0.014,-0.019,1763,0,0
3338891,-2.832,8.602,2.212,-0.048,0.02,-0.032,1764,0,0
3338911,-2.993,8.827,2.15,-0.033,0.022,-0.023,1763,0,0
3338931,-2.892,8.844,2.102,-0.074,0.01,0.001,1763,0,0
3338951,-2.648,8.617,2.102,-0.098,0.02,0.018,1764,0,0
3338971,-2.614,8.471,2.16,-0.053,0.047,0.008,1765,0,0
3338991,-2.794,8.619,2.255,-0.038,0.043,-0.011,1767,0,0
3339011,-2.883,8.78,2.217,-0.044,0.034,0.007,1765,0,0
3339031,-2.885,8.71,2.188,-0.067,0.034,0.025,1765,0,0
3339051,-2.715,8.502,2.21,-0.069,0.032,0.027,1765,0,0
3339071,-2.744,8.461,2.27,-0.074,0.03,0.009,1765,0,0
3339091,-2.878,8.595,2.243,-0.029,0.024,-0.009,1766,0,0
3339111,-2.866,8.748,2.215,-0.044,0.004,-0.002,1766,0,0
3339131,-2.78,8.693,2.16,-0.083,-0.008,0.004,1764,0,0
3339151,-2.717,8.617,2.133,-0.046,-0.0,0.001,1765,0,0
3339171,-2.77,8.698,2.107,-0.022,0.018,0.004,1764,0,0
3339191,-2.849,8.765,2.081,-0.046,0.012,0.003,1765,0,0
3339211,-2.713,8.739,2.057,-0.054,0.011,0.018,1764,0,0
3339231,-2.593,8.626,2.121,-0.068,0.017,0.021,1765,0,0
3339251,-2.617,8.557,2.109,-0.083,0.018,0.003,1765,0,0
3339271,-2.749,8.653,2.083,-0.05,0.024,-0.013,1765,0,0
3339291,-2.761,8.641,2.088,-0.031,0.042,-0.013,1764,0,0
3339311,-2.787,8.806,2.066,0.019,0.065,-0.0,1766,0,0
3339331,-2.801,8.772,2.152,-0.067,0.054,0.02,1765,0,0
3339351,-2.693,8.607,2.21,-0.094,0.04,0.018,1766,0,0
3339371,-2.751,8.653,2.26,-0.058,0.039,0.008,1765,0,0
3339391,-2.806,8.684,2.26,-0.052,0.023,0.005,1766,0,0
3339411,-2.808,8.72,2.229,-0.076,0.004,0.012,1765,0,0
3339431,-2.768,8.602,2.227,-0.081,0.003,0.017,1765,0,0
3339451,-2.72,8.581,2.162,-0.056,0.012,0.005,1765,0,0
3339471,-2.772,8.614,2.155,-0.046,0.012,0.002,1766,0,0
3339491,-2.787,8.638,2.184,-0.049,0.002,-0.003,1766,0,0
3339511,-2.799,8.665,2.155,-0.061,-0.004,0.003,1766,0,0
3339531,-2.837,8.626,2.112,-0.068,-0.006,0.002,1765,0,0
3339551,-2.796,8.629,2.09,-0.062,-0.003,-0.003,1765,0,0
3339571,-2.658,8.624,2.009,-0.047,0.01,0.009,1764,0,0
3339591,-2.614,8.475,2.083,-0.07,0.018,0.013,1764,0,0
3339611,-2.717,8.437,2.14,-0.069,0.008,-0.025,1765,0,0
3339631,-2.811,8.674,2.145,-0.051,0.002,-0.047,1764,0,0
3339651,-2.792,8.758,2.126,-0.036,0.009,-0.024,1764,0,0
3339671,-2.665,8.674,2.112,-0.04,0.007,-0.01,1764,0,0
3339691,-2.583,8.607,2.107,-0.063,0.003,-0.017,1763,0,0
3339711,-2.708,8.633,2.085,-0.058,0.003,-0.027,1764,0,0
3339731,-2.808,8.727,2.071,-0.036,0.012,-0.017,1765,0,0
3339751,-2.796,8.708,2.033,-0.043,0.01,-0.01,1764,0,0
3339771,-2.727,8.662,2.078,-0.063,0.013,-0.01,1764,0,0
3339791,-2.732,8.593,2.184,-0.067,0.02,-0.017,1764,0,0
3339811,-2.789,8.696,2.169,-0.027,0.026,-0.018,1764,0,0
3339831,-2.818,8.772,2.176,-0.041,0.018,-0.011,1764,0,0
3339851,-2.727,8.712,2.176,-0.061,0.001,-0.008,1765,0,0
3339871,-2.686,8.65,2.176,-0.066,-0.004,-0.012,1764,0,0
3339891,-2.672,8.672,2.179,-0.037,-0.007,-0.016,1764,0,0
3339911,-2.761,8.72,2.152,-0.056,-0.009,-0.012,1764,0,0
3339931,-2.868,8.76,2.14,-0.04,-0.01,-0.011,1765,0,0
3339951,-2.832,8.82,2.054,-0.039,-0.009,0.001,1764,0,0
3339971,-2.66,8.61,2.028,-0.073,-0.016,0.008,1763,0,0
3339991,-2.636,8.464,2.066,-0.074,-0.021,-0.008,1763,0,0
3340011,-2.784,8.619,2.045,-0.043,-0.007,-0.027,1763,0,0
3340031,-2.883,8.832,2.004,-0.037,0.004,-0.016,1764,0,0
3340051,-2.792,8.806,1.999,-0.052,0.015,0.01,1763,0,0
3340071,-2.66,8.662,2.076,-0.059,0.019,0.012,1764,0,0
3340091,-2.684,8.679,2.155,-0.054,0.014,-0.001,1764,0,0
3340111,-2.77,8.667,2.229,-0.063,0.001,-0.006,1765,0,0
3340131,-2.782,8.698,2.121,-0.042,-0.006,0.003,1764,0,0
3340151,-2.693,8.71,2.059,-0.04,-0.005,0.011,1764,0,0
3340171,-2.636,8.648,2.052,-0.049,0.003,0.009,1764,0,0
3340191,-2.751,8.712,2.093,-0.025,0.002,-0.002,1765,0,0
3340211,-2.787,8.772,2.088,-0.064,0.001,0.004,1764,0,0
3340231,-2.794,8.674,2.105,-0.096,-0.01,0.001,1763,0,0
3340251,-2.648,8.593,2.136,-0.07,-0.011,0.002,1763,0,0
3340271,-2.629,8.543,2.119,-0.051,0.005,0.001,1764,0,0
3340291,-2.715,8.55,2.124,-0.063,-0.001,-0.021,1763,0,0
3340311,-2.818,8.681,2.1,-0.067,-0.015,-0.04,1763,0,0
3340331,-2.811,8.77,2.04,-0.071,-0.017,-0.035,1763,0,0
3340351,-2.703,8.765,1.992,-0.047,-0.007,-0.012,1762,0,0
3340371,-2.708,8.753,2.011,-0.049,0.005,-0.003,1762,0,0
3340391,-2.703,8.703,2.047,-0.068,0.013,-0.006,1762,0,0
3340411,-2.768,8.698,2.128,-0.052,0.014,0.001,1762,0,0
3340431,-2.746,8.705,2.124,-0.041,-0.004,0.0,1762,0,0
3340451,-2.667,8.679,2.09,-0.063,-0.005,0.008,1763,0,0
3340471,-2.655,8.564,2.069,-0.066,0.004,0.006,1762,0,0
3340491,-2.722,8.6,2.057,-0.042,0.017,-0.012,1762,0,0
3340511,-2.758,8.701,2.136,-0.044,0.02,-0.012,1762,0,0
3340531,-2.691,8.667,2.133,-0.062,0.008,-0.001,1763,0,0
3340551,-2.665,8.598,2.181,-0.065,-0.002,-0.019,1762,0,0
3340571,-2.768,8.744,2.167,-0.031,-0.01,-0.037,1762,0,0
3340591,-2.78,8.868,2.09,-0.056,-0.008,-0.012,1762,0,0
3340611,-2.732,8.753,2.15,-0.076,0.001,0.009,1762,0,0
3340631,-2.648,8.607,2.143,-0.045,0.003,0.008,1762,0,0
3340651,-2.629,8.638,2.114,-0.042,-0.008,-0.003,1762,0,0
3340671,-2.739,8.679,2.116,-0.085,-0.024,-0.019,1763,0,0
3340691,-2.727,8.744,2.025,-0.061,-0.022,-0.013,1763,0,0
3340711,-2.703,8.801,1.975,-0.037,-0.001,0.006,1763,0,0
3340731,-2.655,8.703,1.985,-0.061,0.008,0.009,1762,0,0
3340751,-2.667,8.674,2.045,-0.046,0.003,0.002,1762,0,0
3340771,-2.737,8.703,2.016,-0.054,0.005,0.001,1762,0,0
3340791,-2.703,8.65,2.042,-0.053,0.01,0.009,1763,0,0
3340811,-2.65,8.614,2.042,-0.03,0.018,0.014,1762,0,0
3340831,-2.617,8.557,2.037,-0.042,0.022,0.007,1761,0,0
3340851,-2.758,8.638,2.109,-0.035,0.009,-0.011,1762,0,0
3340871,-2.799,8.835,2.116,-0.053,0.001,-0.023,1762,0,0
3340891,-2.77,8.794,2.155,-0.099,0.002,-0.005,1762,0,0
3340911,-2.629,8.631,2.181,-0.045,0.002,0.005,1762,0,0
3340931,-2.643,8.633,2.195,-0.047,0.002,-0.011,1762,0,0
3340951,-2.756,8.698,2.138,-0.046,-0.008,-0.021,1762,0,0
3340971,-2.746,8.837,2.04,-0.044,-0.025,-0.017,1762,0,0
3340991,-2.631,8.712,2.023,-0.089,-0.02,0.007,1763,0,0
3341011,-2.65,8.55,2.076,-0.067,-0.014,0.004,1765,0,0
3341031,-2.693,8.669,2.011,-0.034,-0.003,-0.017,1761,0,0
3341051,-2.727,8.736,2.025,-0.058,-0.003,-0.017,1763,0,0
3341071,-2.722,8.787,1.982,-0.039,-0.002,-0.013,1763,0,0
3341091,-2.646,8.806,1.966,-0.047,0.001,-0.008,1762,0,0
3341111,-2.643,8.768,1.968,-0.073,0.011,-0.002,1762,0,0
3341131,-2.653,8.753,2.054,-0.056,0.015,0.0,1763,0,0
3341151,-2.67,8.78,2.083,-0.054,0.021,0.005,1763,0,0
3341171,-2.662,8.77,2.095,-0.041,0.022,0.012,1762,0,0
3341191,-2.727,8.782,2.045,-0.043,0.013,0.017,1761,0,0
3341211,-2.67,8.744,2.016,-0.066,0.009,0.026,1761,0,0
3341231,-2.636,8.612,2.028,-0.086,0.019,0.022,1763,0,0
3341251,-2.641,8.61,2.047,-0.037,0.031,0.012,1763,0,0
3341271,-2.646,8.629,2.069,-0.034,0.027,0.005,1762,0,0
3341291,-2.689,8.686,2.095,-0.059,0.011,-0.001,1763,0,0
3341311,-2.703,8.677,2.109,-0.074,0.001,-0.012,1762,0,0
3341331,-2.672,8.701,2.057,-0.06,0.006,-0.009,1762,0,0
3341351,-2.619,8.72,2.059,-0.047,0.013,-0.0,1762,0,0
3341371,-2.61,8.653,2.045,-0.053,0.012,0.002,1761,0,0
3341391,-2.708,8.662,2.021,-0.051,0.0,-0.015,1761,0,0
3341411,-2.715,8.839,1.932,-0.041,-0.002,-0.018,1762,0,0
3341431,-2.684,8.837,1.889,-0.056,0.018,0.001,1760,0,0
3341451,-2.646,8.657,2.004,-0.074,0.03,0.007,1760,0,0
3341471,-2.667,8.593,2.095,-0.069,0.023,-0.006,1759,0,0
3341491,-2.667,8.679,2.1,-0.043,0.025,-0.015,1760,0,0
3341511,-2.696,8.796,2.116,-0.021,0.025,-0.006,1760,0,0
3341531,-2.667,8.815,2.138,-0.025,0.009,0.012,1761,0,0
3341551,-2.61,8.751,2.152,-0.035,-0.006,0.017,1759,0,0
3341571,-2.624,8.777,2.093,-0.013,-0.007,0.008,1760,0,0
3341591,-2.569,8.866,2.085,-0.002,-0.011,0.014,1760,0,0
3341611,-2.547,8.856,2.138,-0.031,-0.018,0.028,1760,0,0
3341631,-2.622,8.724,2.205,-0.037,-0.032,0.027,1758,0,0
3341651,-2.648,8.758,2.15,-0.028,-0.055,0.013,1760,0,0
3341671,-2.614,8.729,2.109,-0.034,-0.06,0.008,1758,0,0
3341691,-2.538,8.782,2.021,-0.009,-0.046,0.008,1760,0,0
3341711,-2.689,8.736,2.112,-0.048,-0.04,0.0,1760,0,0
3341731,-2.701,8.717,2.076,-0.075,-0.061,-0.006,1760,0,0
3341751,-2.677,8.681,2.047,-0.095,-0.066,-0.022,1759,0,0
3341771,-2.624,8.744,2.009,-0.068,-0.058,-0.036,1759,0,0
3341791,-2.691,8.847,1.994,-0.055,-0.056,-0.042,1760,0,0
3341811,-2.758,8.83,1.975,-0.063,-0.06,-0.024,1759,0,0
3341831,-2.684,8.77,2.018,-0.076,-0.068,-0.021,1759,0,0
3341851,-2.617,8.617,2.042,-0.095,-0.067,-0.011,1760,0,0
3341871,-2.646,8.554,2.002,-0.047,-0.067,-0.011,1758,0,0
3341891,-2.825,8.681,1.994,-0.033,-0.06,-0.025,1759,0,0
3341911,-2.895,8.796,2.049,-0.028,-0.048,-0.01,1759,0,0
3341931,-2.859,8.674,2.112,-0.055,-0.046,0.005,1759,0,0
3341951,-2.624,8.413,2.243,-0.077,-0.064,-0.009,1759,0,0
3341971,-2.66,8.394,2.368,-0.034,-0.077,-0.044,1759,0,0
3341991,-2.732,8.622,2.301,0.016,-0.087,-0.057,1759,0,0
3342011,-2.823,8.77,2.279,-0.016,-0.092,-0.046,1759,0,0
3342031,-2.751,8.801,2.222,-0.013,-0.104,-0.036,1760,0,0
3342051,-2.648,8.818,2.114,-0.007,-0.118,-0.027,1760,0,0
3342071,-2.459,8.741,2.059,-0.013,-0.134,-0.01,1759,0,0
3342091,-2.327,8.72,1.93,-0.009,-0.124,-0.009,1759,0,0
3342111,-2.342,8.741,1.851,0.018,-0.105,-0.015,1759,0,0
3342131,-2.43,8.914,1.765,0.03,-0.099,-0.013,1759,0,0
3342151,-2.425,8.95,1.743,-0.013,-0.091,0.001,1758,0,0
3342171,-2.327,8.815,1.769,-0.025,-0.072,0.01,1759,0,0
3342191,-2.301,8.772,1.824,0.004,-0.059,-0.007,1759,0,0
3342211,-2.334,8.832,1.824,-0.015,-0.045,-0.005,1759,0,0
3342231,-2.344,8.741,1.858,-0.036,-0.034,0.001,1759,0,0
3342251,-2.337,8.65,1.891,-0.033,-0.018,-0.009,1759,0,0
3342271,-2.322,8.674,1.846,-0.026,-0.007,-0.017,1758,0,0
3342291,-2.421,8.751,1.82,-0.029,-0.012,-0.032,1760,0,0
3342311,-2.55,8.844,1.817,-0.053,-0.014,-0.032,1759,0,0
3342331,-2.619,8.818,1.757,-0.039,-0.0,-0.02,1759,0,0
3342351,-2.521,8.732,1.688,-0.028,0.016,-0.005,1759,0,0
3342371,-2.44,8.552,1.745,-0.036,0.024,-0.011,1758,0,0
3342391,-2.442,8.523,1.776,-0.041,0.032,-0.035,1758,0,0
3342411,-2.54,8.622,1.822,-0.048,0.047,-0.059,1759,0,0
3342431,-2.641,8.732,1.841,-0.025,0.056,-0.061,1759,0,0
3342451,-2.629,8.792,1.827,-0.025,0.06,-0.051,1760,0,0
3342471,-2.593,8.784,1.879,-0.037,0.065,-0.037,1759,0,0
3342491,-2.631,8.739,1.918,-0.048,0.076,-0.033,1760,0,0
3342511,-2.646,8.729,1.954,-0.051,0.073,-0.047,1759,0,0
3342531,-2.67,8.756,1.935,-0.037,0.067,-0.042,1760,0,0
3342551,-2.626,8.792,1.961,-0.041,0.066,-0.039,1760,0,0
3342571,-2.624,8.758,1.963,-0.068,0.065,-0.043,1760,0,0
3342591,-2.734,8.76,2.016,-0.065,0.053,-0.056,1759,0,0
3342611,-2.684,8.911,1.903,-0.025,0.041,-0.046,1760,0,0
3342631,-2.605,8.892,1.848,-0.033,0.046,-0.02,1760,0,0
3342651,-2.629,8.835,1.875,-0.05,0.041,-0.02,1760,0,0
3342671,-2.689,8.861,1.877,-0.056,0.037,-0.033,1759,0,0
3342691,-2.682,8.875,1.86,-0.068,0.036,-0.027,1760,0,0
3342711,-2.631,8.844,1.753,-0.066,0.041,-0.022,1759,0,0
3342731,-2.574,8.847,1.697,-0.072,0.053,-0.027,1759,0,0
3342751,-2.658,8.861,1.741,-0.095,0.063,-0.028,1760,0,0
3342771,-2.734,8.892,1.712,-0.096,0.058,-0.018,1758,0,0
3342791,-2.693,8.878,1.678,-0.088,0.065,-0.01,1758,0,0
3342811,-2.667,8.899,1.597,-0.08,0.079,-0.008,1759,0,0
3342831,-2.71,8.988,1.623,-0.078,0.084,-0.005,1758,0,0
3342851,-2.722,8.993,1.693,-0.114,0.088,0.014,1759,0,0
3342871,-2.753,8.902,1.741,-0.107,0.092,0.023,1759,0,0
3342891,-2.835,8.909,1.791,-0.076,0.102,0.032,1759,0,0
3342911,-2.844,8.921,1.875,-0.059,0.097,0.041,1758,0,0
3342931,-2.78,8.861,1.913,-0.082,0.092,0.057,1758,0,0
3342951,-2.72,8.677,1.982,-0.087,0.085,0.051,1759,0,0
3342971,-2.799,8.636,2.083,-0.087,0.075,0.028,1760,0,0
3342991,-2.911,8.712,2.191,-0.078,0.059,0.018,1758,0,0
3343011,-2.962,8.851,2.186,-0.051,0.037,0.023,1759,0,0
3343031,-2.88,8.871,2.169,-0.073,0.031,0.044,1759,0,0
3343051,-2.708,8.622,2.195,-0.088,0.015,0.052,1759,0,0
3343071,-2.682,8.492,2.203,-0.076,-0.008,0.029,1758,0,0
3343091,-2.768,8.641,2.184,-0.065,-0.021,0.003,1759,0,0
3343111,-2.914,8.792,2.21,-0.071,-0.04,-0.012,1759,0,0
3343131,-2.851,8.847,2.195,-0.097,-0.072,-0.004,1760,0,0
3343151,-2.591,8.681,2.136,-0.101,-0.083,0.009,1759,0,0
3343171,-2.562,8.559,2.172,-0.077,-0.082,0.0,1760,0,0
3343191,-2.66,8.703,2.073,-0.049,-0.101,-0.023,1759,0,0
3343211,-2.739,8.868,2.009,-0.078,-0.127,-0.018,1760,0,0
3343231,-2.705,8.813,1.882,-0.104,-0.132,0.002,1759,0,0
3343251,-2.559,8.71,1.738,-0.061,-0.115,0.005,1759,0,0
3343271,-2.471,8.729,1.616,-0.047,-0.083,0.011,1759,0,0
3343291,-2.38,8.669,1.566,-0.05,-0.063,0.013,1758,0,0
3343311,-2.375,8.578,1.611,-0.082,-0.047,-0.002,1758,0,0
3343331,-2.401,8.614,1.657,-0.073,-0.029,-0.029,1758,0,0
3343351,-2.433,8.859,1.583,-0.033,-0.0,-0.027,1758,0,0
3343371,-2.492,9.0,1.58,-0.041,0.031,-0.001,1758,0,0
3343391,-2.504,8.887,1.633,-0.078,0.05,0.02,1758,0,0
3343411,-2.5,8.782,1.741,-0.081,0.072,0.023,1759,0,0
3343431,-2.557,8.724,1.894,-0.056,0.092,0.027,1758,0,0
3343451,-2.576,8.698,2.054,-0.036,0.072,0.025,1757,0,0
3343471,-2.502,8.617,2.076,-0.059,0.05,0.027,1759,0,0
3343491,-2.5,8.507,2.052,-0.038,0.051,0.014,1759,0,0
3343511,-2.564,8.576,2.002,-0.013,0.041,-0.018,1759,0,0
3343531,-2.579,8.808,1.903,-0.014,0.045,-0.027,1759,0,0
3343551,-2.512,8.861,1.889,-0.044,0.059,-0.013,1760,0,0
3343571,-2.552,8.803,1.92,-0.06,0.074,-0.01,1759,0,0
3343591,-2.667,8.887,1.973,-0.071,0.074,-0.025,1757,0,0
3343611,-2.658,8.961,1.927,-0.085,0.055,-0.028,1760,0,0
3343631,-2.509,8.961,1.875,-0.108,0.055,-0.007,1759,0,0
3343651,-2.497,8.811,1.879,-0.129,0.072,-0.006,1760,0,0
3343671,-2.588,8.851,1.918,-0.099,0.073,-0.014,1760,0,0
3343691,-2.744,9.064,1.853,-0.098,0.066,-0.011,1759,0,0
3343711,-2.713,9.079,1.8,-0.108,0.057,0.018,1759,0,0
3343731,-2.538,8.847,1.76,-0.072,0.093,0.033,1759,0,0
3343751,-2.631,8.914,1.774,-0.029,0.106,0.028,1758,0,0
3343771,-2.744,8.892,1.817,-0.107,0.082,0.027,1759,0,0
3343791,-2.725,8.897,1.748,-0.081,0.069,0.034,1760,0,0
3343811,-2.684,8.868,1.755,-0.095,0.086,0.045,1760,0,0
3343831,-2.586,8.768,1.817,-0.086,0.098,0.058,1761,0,0
3343851,-2.6,8.66,1.937,-0.122,0.1,0.046,1760,0,0
3343871,-2.741,8.667,2.066,-0.108,0.095,0.032,1760,0,0
3343891,-2.811,8.76,2.109,-0.077,0.084,0.044,1761,0,0
3343911,-2.749,8.691,2.133,-0.067,0.066,0.055,1761,0,0
3343931,-2.614,8.552,2.152,-0.078,0.039,0.045,1761,0,0
3343951,-2.547,8.475,2.116,-0.078,0.034,0.026,1761,0,0
3343971,-2.48,8.418,2.054,-0.074,0.023,0.004,1761,0,0
3343991,-2.473,8.523,1.908,-0.071,0.019,-0.024,1761,0,0
3344011,-2.423,8.708,1.839,-0.065,0.031,-0.034,1761,0,0
3344031,-2.468,8.842,1.848,-0.062,0.056,-0.026,1760,0,0
3344051,-2.514,8.88,1.889,-0.079,0.057,-0.015,1760,0,0
3344071,-2.562,8.942,1.846,-0.082,0.039,-0.011,1759,0,0
3344091,-2.523,8.952,1.815,-0.074,0.026,-0.001,1761,0,0
3344111,-2.535,8.909,1.82,-0.07,0.045,0.02,1761,0,0
3344131,-2.5,8.83,1.853,-0.039,0.058,0.024,1760,0,0
3344151,-2.557,8.803,1.891,-0.053,0.07,0.024,1761,0,0
3344171,-2.557,8.744,1.925,-0.067,0.072,0.017,1761,0,0
3344191,-2.545,8.751,1.985,-0.065,0.073,0.006,1761,0,0
3344211,-2.538,8.772,2.069,-0.066,0.071,0.01,1762,0,0
3344231,-2.533,8.806,2.069,-0.056,0.06,0.013,1761,0,0
3344251,-2.646,8.863,2.045,-0.064,0.06,0.013,1760,0,0
3344271,-2.729,8.89,2.078,-0.076,0.05,0.007,1761,0,0
3344291,-2.672,8.847,2.1,-0.112,0.027,0.01,1761,0,0
3344311,-2.533,8.662,2.167,-0.122,0.008,0.017,1760,0,0
3344331,-2.483,8.545,2.088,-0.083,0.001,0.012,1761,0,0
3344351,-2.528,8.569,2.033,-0.074,-0.004,-0.003,1761,0,0
3344371,-2.583,8.633,2.011,-0.084,-0.022,-0.024,1761,0,0
3344391,-2.638,8.751,1.937,-0.079,-0.041,-0.041,1761,0,0
3344411,-2.655,8.827,1.803,-0.068,-0.041,-0.033,1760,0,0
3344431,-2.622,8.823,1.748,-0.058,-0.016,-0.017,1760,0,0
3344451,-2.535,8.751,1.786,-0.066,0.013,-0.005,1760,0,0
3344471,-2.476,8.691,1.87,-0.063,0.015,-0.008,1760,0,0
3344491,-2.502,8.701,1.906,-0.075,0.006,-0.021,1760,0,0
3344511,-2.61,8.772,1.954,-0.06,-0.006,-0.022,1761,0,0
3344531,-2.598,8.82,1.879,-0.034,0.002,-0.007,1760,0,0
3344551,-2.547,8.77,1.872,-0.044,0.016,-0.001,1762,0,0
3344571,-2.483,8.648,1.903,-0.06,0.022,-0.01,1760,0,0
3344591,-2.485,8.669,1.966,-0.053,0.015,-0.034,1760,0,0
3344611,-2.55,8.756,1.961,-0.068,0.002,-0.041,1761,0,0
3344631,-2.538,8.815,1.973,-0.062,0.008,-0.027,1760,0,0
3344651,-2.571,8.799,2.023,-0.054,0.021,-0.023,1761,0,0
3344671,-2.559,8.839,2.006,-0.041,0.018,-0.022,1760,0,0
3344691,-2.586,8.871,1.954,-0.049,-0.005,-0.016,1759,0,0
3344711,-2.547,8.789,1.92,-0.082,-0.018,-0.01,1760,0,0
3344731,-2.569,8.669,1.889,-0.072,-0.008,-0.015,1760,0,0
3344751,-2.614,8.784,1.841,-0.025,0.013,-0.027,1760,0,0
3344771,-2.564,8.875,1.827,-0.031,0.019,-0.022,1759,0,0
3344791,-2.564,8.837,1.858,-0.073,0.022,-0.01,1760,0,0
3344811,-2.598,8.739,1.942,-0.082,0.019,-0.022,1759,0,0
3344831,-2.631,8.772,2.009,-0.066,0.023,-0.023,1759,0,0
3344851,-2.636,8.832,2.016,-0.048,0.015,-0.017,1760,0,0
3344871,-2.531,8.794,1.949,-0.049,0.014,-0.006,1760,0,0
3344891,-2.473,8.701,1.937,-0.061,0.011,-0.013,1760,0,0
3344911,-2.567,8.679,1.906,-0.071,-0.001,-0.036,1760,0,0
3344931,-2.662,8.787,1.877,-0.077,-0.001,-0.04,1759,0,0
3344951,-2.643,8.851,1.875,-0.055,0.009,-0.026,1760,0,0
3344971,-2.562,8.851,1.872,-0.06,0.022,-0.017,1760,0,0
3344991,-2.535,8.799,1.863,-0.066,0.026,-0.021,1761,0,0
3345011,-2.598,8.873,1.884,-0.063,0.015,-0.029,1760,0,0
3345031,-2.761,8.978,1.894,-0.063,0.018,-0.011,1760,0,0
3345051,-2.763,8.954,1.927,-0.059,0.024,0.015,1760,0,0
3345071,-2.602,8.806,1.935,-0.079,0.03,0.035,1760,0,0
3345091,-2.576,8.605,1.994,-0.07,0.026,0.018,1760,0,0
3345111,-2.543,8.588,2.023,-0.07,0.018,-0.001,1760,0,0
3345131,-2.67,8.617,2.071,-0.087,0.025,-0.014,1760,0,0
3345151,-2.777,8.717,2.054,-0.062,0.015,-0.022,1759,0,0
3345171,-2.641,8.799,1.939,-0.055,0.012,0.001,1759,0,0
3345191,-2.519,8.636,1.949,-0.09,0.003,-0.003,1760,0,0
3345211,-2.543,8.595,1.963,-0.066,-0.012,-0.038,1758,0,0
3345231,-2.614,8.859,1.856,-0.041,-0.011,-0.044,1760,0,0
3345251,-2.734,8.959,1.891,-0.076,0.003,-0.019,1759,0,0
3345271,-2.626,8.856,1.942,-0.07,0.006,-0.005,1760,0,0
3345291,-2.502,8.727,2.004,-0.081,0.001,-0.008,1759,0,0
3345311,-2.538,8.665,2.035,-0.077,-0.01,-0.021,1759,0,0
3345331,-2.588,8.815,1.963,-0.051,-0.015,-0.03,1759,0,0
3345351,-2.626,8.863,1.899,-0.066,-0.004,-0.015,1759,0,0
3345371,-2.636,8.765,1.937,-0.083,0.004,-0.01,1758,0,0
3345391,-2.55,8.672,2.023,-0.082,-0.01,-0.022,1758,0,0
3345411,-2.502,8.6,1.973,-0.096,-0.013,-0.029,1759,0,0
3345431,-2.559,8.612,1.978,-0.083,-0.005,-0.047,1759,0,0
3345451,-2.662,8.763,1.949,-0.055,0.0,-0.056,1758,0,0
3345471,-2.67,8.859,1.935,-0.075,0.001,-0.035,1760,0,0
3345491,-2.636,8.768,1.961,-0.1,-0.0,-0.031,1758,0,0
3345511,-2.55,8.686,1.906,-0.076,0.008,-0.029,1759,0,0
3345531,-2.583,8.722,1.901,-0.065,0.02,-0.034,1759,0,0
3345551,-2.672,8.701,1.949,-0.099,0.021,-0.039,1759,0,0
3345571,-2.751,8.784,1.978,-0.072,0.017,-0.046,1759,0,0
3345591,-2.677,8.887,1.935,-0.063,0.015,-0.038,1758,0,0
3345611,-2.67,8.906,1.939,-0.076,0.031,-0.02,1758,0,0
3345631,-2.698,8.78,2.045,-0.09,0.041,-0.017,1759,0,0
3345651,-2.677,8.741,2.105,-0.087,0.038,-0.022,1759,0,0
3345671,-2.674,8.715,2.128,-0.09,0.028,-0.015,1759,0,0
3345691,-2.646,8.708,2.1,-0.072,0.021,-0.006,1759,0,0
3345711,-2.677,8.684,2.066,-0.08,0.017,-0.014,1759,0,0
3345731,-2.734,8.76,2.009,-0.084,0.014,-0.018,1759,0,0
3345751,-2.775,8.787,1.961,-0.088,0.017,-0.01,1758,0,0
3345771,-2.756,8.696,1.97,-0.092,0.028,0.005,1758,0,0
3345791,-2.698,8.636,2.011,-0.084,0.027,0.001,1759,0,0
3345811,-2.684,8.586,2.021,-0.096,0.023,-0.019,1760,0,0
3345831,-2.713,8.6,2.052,-0.083,0.019,-0.031,1759,0,0
3345851,-2.753,8.741,2.021,-0.07,0.023,-0.034,1759,0,0
3345871,-2.777,8.772,2.049,-0.082,0.026,-0.023,1758,0,0
3345891,-2.691,8.741,2.047,-0.076,0.028,-0.003,1759,0,0
3345911,-2.653,8.636,2.09,-0.09,0.02,-0.009,1759,0,0
3345931,-2.595,8.504,2.112,-0.102,0.002,-0.022,1759,0,0
3345951,-2.682,8.547,2.112,-0.077,-0.007,-0.046,1759,0,0
3345971,-2.725,8.657,1.997,-0.061,-0.01,-0.059,1760,0,0
3345991,-2.753,8.722,1.937,-0.087,0.004,-0.047,1761,0,0
3346011,-2.825,8.701,2.028,-0.1,0.009,-0.053,1759,0,0
3346031,-2.772,8.703,2.037,-0.097,0.006,-0.063,1760,0,0
3346051,-2.739,8.686,2.066,-0.12,0.015,-0.059,1760,0,0
3346071,-2.693,8.612,2.102,-0.113,0.019,-0.061,1759,0,0
3346091,-2.761,8.598,2.176,-0.107,0.018,-0.078,1759,0,0
3346111,-2.868,8.784,2.131,-0.072,0.017,-0.068,1760,0,0
3346131,-2.875,8.933,2.112,-0.059,0.018,-0.034,1760,0,0
3346151,-2.863,8.813,2.107,-0.099,0.016,-0.029,1760,0,0
3346171,-2.825,8.724,2.1,-0.086,0.02,-0.027,1760,0,0
3346191,-2.84,8.722,2.09,-0.083,0.02,-0.024,1760,0,0
3346211,-2.775,8.698,2.083,-0.096,0.025,-0.015,1760,0,0
3346231,-2.878,8.655,2.181,-0.099,0.027,-0.023,1761,0,0
3346251,-2.907,8.76,2.169,-0.072,0.025,-0.023,1759,0,0
3346271,-2.825,8.741,2.164,-0.076,0.023,0.0,1759,0,0
3346291,-2.705,8.547,2.188,-0.094,0.016,0.011,1759,0,0
3346311,-2.674,8.43,2.198,-0.092,0.006,-0.006,1759,0,0
3346331,-2.787,8.502,2.195,-0.087,0.006,-0.017,1760,0,0
3346351,-2.863,8.564,2.155,-0.069,-0.003,-0.023,1760,0,0
3346371,-2.842,8.569,2.064,-0.088,-0.003,-0.02,1760,0,0
3346391,-2.794,8.473,2.054,-0.088,0.007,-0.023,1759,0,0
3346411,-2.828,8.531,2.09,-0.06,0.017,-0.031,1762,0,0
3346431,-2.919,8.6,2.124,-0.068,0.012,-0.045,1760,0,0
3346451,-2.837,8.669,2.121,-0.077,0.017,-0.039,1760,0,0
3346471,-2.763,8.581,2.124,-0.083,0.026,-0.028,1760,0,0
3346491,-2.804,8.523,2.263,-0.07,0.029,-0.043,1760,0,0
3346511,-2.813,8.641,2.239,-0.06,0.012,-0.051,1760,0,0
3346531,-2.897,8.732,2.195,-0.08,0.013,-0.042,1760,0,0
3346551,-2.902,8.614,2.205,-0.106,0.008,-0.039,1761,0,0
3346571,-2.866,8.516,2.186,-0.093,0.007,-0.042,1758,0,0
3346591,-2.945,8.507,2.229,-0.071,0.014,-0.048,1759,0,0
3346611,-3.024,8.629,2.483,-0.038,-0.027,-0.057,1760,0,0
3346631,-3.014,8.622,2.258,-0.039,-0.05,-0.067,1760,0,0
3346651,-3.005,8.65,2.303,-0.052,-0.057,-0.053,1761,0,0
3346671,-2.964,8.679,2.306,-0.104,-0.111,-0.051,1760,0,0
3346691,-2.966,8.624,2.416,-0.279,-0.185,-0.055,1757,0,0
3346711,-2.844,8.454,2.77,-0.376,-0.302,-0.035,1750,0,0
3346731,-2.614,8.823,3.112,-0.224,-0.485,0.018,1728,0,0
3346751,-2.969,8.447,2.444,-0.495,-0.437,0.046,1673,0,0
3346771,-2.84,8.495,2.495,-0.46,-0.482,0.015,1587,0,0
3346791,-2.581,8.43,2.239,-0.318,-0.478,0.011,1513,0,0
3346811,-2.253,8.523,2.598,-0.606,-0.492,0.062,1434,0,0
3346831,-2.55,7.867,2.368,-0.716,-0.44,0.031,1385,0,0
3346851,-2.914,7.913,2.567,-0.366,-0.386,-0.062,1327,0,0
3346871,-3.697,7.997,2.358,-0.068,-0.278,-0.104,1271,0,0
3346891,-3.654,9.634,2.042,0.557,-0.206,-0.103,1200,0,0
3346911,-3.481,10.084,3.165,0.289,-0.232,0.056,1129,0,0
3346931,-3.282,8.452,3.23,-0.222,-0.21,0.215,1100,0,0
3346951,-2.083,7.982,2.018,-0.085,0.044,0.03,1104,0,0
3346971,-1.903,7.494,2.236,-0.199,0.473,-0.089,1113,0,0
3346991,-3.342,7.76,2.868,0.097,0.633,-0.212,1123,0,0
3347011,-2.808,8.509,2.421,0.009,0.666,-0.265,1138,0,0
3347031,-3.091,8.576,2.602,-0.153,0.733,-0.275,1152,0,0
3347051,-3.144,8.832,2.933,-0.222,0.666,-0.261,1167,0,0
3347071,-3.225,8.928,3.189,-0.298,0.66,-0.204,1170,0,0
3347091,-3.694,9.086,3.582,-0.187,0.565,-0.157,1174,0,0
3347111,-3.699,9.345,3.354,-0.132,0.44,-0.1,1178,0,0
3347131,-3.63,9.225,3.213,-0.108,0.413,-0.062,1183,0,0
3347151,-3.393,9.392,2.859,-0.115,0.413,-0.025,1189,0,0
3347171,-3.316,8.894,2.911,-0.157,0.4,0.031,1191,0,0
3347191,-2.784,8.243,2.61,-0.124,0.317,0.071,1194,0,0
3347211,-2.095,7.673,2.485,-0.102,0.272,0.07,1196,0,0
3347231,-1.135,7.025,2.349,-0.126,0.271,0.015,1197,0,0
3347251,-0.17,6.474,2.485,-0.112,0.273,-0.087,1199,0,0
3347271,0.905,5.748,2.322,-0.132,0.231,-0.195,1199,0,0
3347291,1.535,4.683,2.255,-0.084,0.13,-0.31,1198,0,0
3347311,2.03,3.821,1.937,-0.046,-0.026,-0.464,1198,0,0
3347331,2.43,2.842,1.702,-0.134,-0.128,-0.726,1196,0,0
3347351,2.433,1.982,1.587,-0.212,-0.103,-1.067,1197,0,0
3347371,1.434,1.255,1.647,0.04,0.048,-1.504,1195,0,0
3347391,-1.504,3.038,1.939,0.676,0.177,-1.845,1193,0,0
3347411,-5.298,6.96,2.282,0.779,0.131,-1.95,1193,0,0
3347431,-7.671,9.309,2.835,-0.227,-0.154,-1.87,1192,0,0
3347451,-10.125,9.45,3.946,-0.813,-0.464,-1.644,1192,0,0
3347471,-11.241,10.678,3.663,-0.636,-0.723,-1.331,1189,0,0
3347491,-12.244,11.406,3.464,-0.474,-0.497,-1.135,1191,0,0
3347511,-13.489,12.316,3.979,-0.466,-0.129,-0.915,1194,0,0
3347531,-15.045,12.661,5.203,-0.365,-0.021,-0.499,1197,0,0
3347551,-14.368,12.945,4.853,-0.325,-0.06,0.046,1198,0,0
3347571,-13.115,11.286,4.99,-0.43,0.06,0.461,1199,0,0
3347591,-11.801,9.397,5.176,-0.43,0.169,0.707,1199,0,0
3347611,-11.236,8.705,5.133,-0.228,0.28,0.853,1200,0,0
3347631,-10.542,9.12,4.75,0.021,0.368,1.049,1201,0,0
3347651,-9.459,8.294,4.458,0.011,0.35,1.249,1202,0,0
3347671,-8.191,7.851,3.847,-0.035,0.219,1.357,1203,0,0
3347691,-6.95,7.427,3.031,-0.092,0.123,1.419,1203,0,0
3347711,-5.459,7.173,2.176,0.022,0.163,1.427,1202,0,0
3347731,-3.548,7.082,1.666,0.213,0.321,1.438,1202,0,0
3347751,-1.448,6.129,1.834,0.171,0.291,1.415,1202,0,0
3347771,0.824,4.86,1.923,-0.024,0.093,1.291,1203,0,0
3347791,2.952,3.048,2.057,-0.13,-0.039,1.064,1202,0,0
3347811,4.343,2.1,2.04,0.039,-0.073,0.754,1201,0,0
3347831,4.834,2.243,1.82,0.193,-0.029,0.42,1202,0,0
3347851,4.81,2.624,1.654,0.291,-0.053,0.131,1203,0,0
3347871,4.63,3.156,1.573,0.198,-0.139,-0.1,1203,0,0
3347891,4.302,2.629,1.573,-0.041,-0.291,-0.358,1204,0,0
3347911,4.13,2.198,1.14,-0.014,-0.369,-0.64,1205,0,0
3347931,3.223,1.686,0.915,0.068,-0.246,-0.979,1205,0,0
3347951,0.883,2.464,1.07,0.346,-0.033,-1.411,1206,0,0
3347971,-1.489,4.76,1.338,0.656,0.123,-1.606,1207,0,0
3347991,-4.039,6.51,2.332,0.636,0.048,-1.593,1208,0,0
3348011,-7.434,8.114,3.168,0.333,-0.312,-1.589,1210,0,0
3348031,-9.117,8.806,2.871,-0.201,-0.556,-1.731,1212,0,0
3348051,-9.912,9.177,2.5,-0.26,-0.287,-1.731,1212,0,0
3348071,-12.242,10.829,4.132,-0.063,-0.21,-1.427,1214,0,0
3348091,-12.989,11.526,4.393,-0.409,-0.549,-1.017,1214,0,0
3348111,-12.565,10.989,3.63,-0.604,-0.482,-0.816,1215,0,0
3348131,-12.388,10.776,3.436,-0.327,-0.12,-0.613,1215,0,0
3348151,-11.71,10.642,3.716,-0.105,0.156,-0.309,1215,0,0
3348171,-10.005,9.357,3.773,-0.218,0.235,0.019,1215,0,0
3348191,-8.736,7.91,3.948,-0.358,0.242,0.182,1216,0,0
3348211,-7.831,6.948,3.879,-0.335,0.22,0.237,1216,0,0
3348231,-6.886,6.823,3.452,-0.196,0.212,0.266,1216,0,0
3348251,-5.811,6.364,2.931,-0.195,0.288,0.293,1216,0,0
3348271,-5.437,6.177,2.892,-0.09,0.33,0.272,1216,0,0
3348291,-5.306,6.443,2.851,-0.107,0.277,0.23,1217,0,0
3348311,-5.042,6.445,2.777,-0.095,0.147,0.226,1217,0,0
3348331,-4.489,6.306,2.421,-0.093,0.091,0.197,1218,0,0
3348351,-4.223,6.093,2.31,-0.062,0.139,0.144,1218,0,0
3348371,-4.372,6.218,2.382,-0.053,0.13,0.075,1219,0,0
3348391,-4.695,6.476,2.535,-0.034,0.053,0.063,1217,0,0
3348411,-5.377,6.711,2.832,0.042,-0.131,0.084,1217,0,0
3348431,-6.249,6.979,3.39,-0.004,-0.484,0.069,1213,0,0
3348451,-6.378,7.439,3.51,-0.071,-0.768,0.132,1199,0,0
3348471,-6.395,7.35,2.995,-0.144,-0.816,0.157,1191,0,0
3348491,-6.567,7.075,3.405,-0.03,-0.815,0.047,1173,0,0
3348511,-5.966,7.573,3.089,0.166,-0.525,0.082,1182,0,0
3348531,-6.22,8.083,3.081,0.142,-0.041,0.112,1224,0,0
3348551,-5.844,7.472,3.163,0.056,0.306,0.149,1297,0,0
3348571,-6.771,6.955,3.508,-0.038,0.382,-0.083,1393,0,0
3348591,-5.921,8.27,1.745,0.054,0.507,0.046,1510,0,0
3348611,-4.673,8.31,0.754,-0.25,0.999,0.232,1639,0,0
3348631,-4.587,8.104,2.09,-0.335,1.375,0.557,1713,0,0
3348651,-4.623,5.969,7.357,-0.369,0.25,0.697,1746,0,0
3348671,-4.393,4.537,4.132,-0.977,0.397,0.539,1780,0,0
3348691,-4.178,6.759,3.134,0.065,-0.021,0.266,1811,0,0
3348711,-4.338,7.803,2.655,0.655,0.071,0.291,1830,0,0
3348731,-4.547,7.7,2.526,0.154,0.097,0.465,1844,0,0
3348751,-4.48,7.482,2.26,0.237,-0.005,0.503,1855,0,0
3348771,-4.264,7.551,1.927,0.452,-0.091,0.33,1862,0,0
3348791,-4.209,8.009,2.148,0.046,-0.16,0.23,1870,0,0
3348811,-3.804,7.673,2.133,-0.321,-0.211,0.269,1871,0,0
3348831,-3.5,7.451,2.011,-0.163,-0.162,0.361,1872,0,0
3348851,-3.51,7.175,1.937,0.109,-0.045,0.352,1872,0,0
3348871,-3.771,7.25,1.932,0.186,0.04,0.242,1873,0,0
3348891,-3.989,7.446,2.239,0.019,-0.062,0.136,1872,0,0
3348911,-3.891,7.245,2.334,-0.194,-0.169,0.128,1873,0,0
3348931,-3.728,7.092,2.349,-0.102,-0.143,0.157,1872,0,0
3348951,-3.725,7.281,2.401,0.018,-0.031,0.152,1871,0,0
3349141,-4.606,7.738,2.684,-0.078,0.004,-0.008,1861,0,0
3349160,-4.508,7.834,2.679,-0.027,0.022,-0.003,1861,0,0
3349180,-4.408,7.855,2.701,-0.035,0.026,0.004,1858,0,0
3349200,-4.413,7.786,2.691,-0.037,-0.006,-0.002,1856,0,0
3349220,-4.403,7.736,2.61,-0.076,-0.037,-0.005,1854,0,0
3349240,-4.369,7.69,2.49,-0.083,-0.032,0.001,1853,0,0
3349260,-4.348,7.693,2.442,-0.072,-0.002,0.009,1853,0,0
3349280,-4.319,7.621,2.583,-0.071,0.012,0.008,1852,0,0
3349301,-4.413,7.611,2.571,-0.059,0.003,-0.015,1851,0,0
3349320,-4.381,7.59,2.567,-0.08,0.001,-0.015,1850,0,0
3349340,-4.259,7.585,2.55,-0.065,0.004,-0.023,1849,0,0
3349436,-4.477,7.824,2.425,-0.03,0.046,-0.015,1840,0,0
3349449,-4.386,7.819,2.428,0.003,0.064,-0.005,1839,0,0
3349460,-4.453,7.913,2.456,0.026,0.08,0.0,1839,0,0
3349471,-4.475,7.918,2.48,0.024,0.075,0.007,1839,0,0
3349482,-4.405,7.889,2.521,-0.013,0.062,0.022,1839,0,0
3349493,-4.381,7.896,2.567,-0.044,0.053,0.032,1839,0,0
3349504,-4.29,7.762,2.583,-0.05,0.038,0.034,1838,0,0
3349515,-4.254,7.681,2.612,-0.057,0.036,0.027,1838,0,0
3349526,-4.422,7.736,2.648,-0.049,0.038,0.011,1837,0,0
3349588,-4.319,7.666,2.588,-0.048,0.051,0.041,1835,0,0
3349606,-4.312,7.633,2.648,-0.014,0.027,0.018,1835,0,0
3349617,-4.278,7.697,2.679,-0.012,0.007,0.013,1835,0,0
3349628,-4.365,7.736,2.631,-0.027,0.002,0.015,1835,0,0
3349638,-4.436,7.779,2.605,-0.028,-0.006,0.017,1834,0,0
3349649,-4.503,7.822,2.571,-0.01,-0.008,0.018,1833,0,0
3349660,-4.53,7.829,2.502,0.009,-0.01,0.019,1832,0,0
3349680,-4.463,7.875,2.418,0.019,-0.009,0.032,1830,0,0
3349700,-4.254,7.724,2.375,-0.02,-0.011,0.043,1828,0,0
3350058,-4.219,7.714,2.289,-0.048,0.019,0.001,1810,0,0
3350077,-4.326,7.858,2.274,-0.043,0.021,-0.02,1808,0,0
3350098,-4.36,7.915,2.301,-0.071,0.033,-0.01,1809,0,0
3350117,-4.377,7.872,2.301,-0.052,0.04,-0.006,1809,0,0
3350138,-4.444,7.963,2.279,-0.027,0.03,-0.007,1809,0,0
3350157,-4.271,7.867,2.325,-0.083,0.027,0.004,1808,0,0
3350178,-4.156,7.652,2.435,-0.098,0.025,-0.003,1808,0,0
3350198,-4.336,7.791,2.447,-0.038,0.025,-0.042,1808,0,0
3350217,-4.609,8.116,2.346,-0.009,0.015,-0.059,1808,0,0
3350237,-4.654,8.282,2.294,-0.031,0.008,-0.018,1808,0,0
3350342,-4.571,8.071,2.277,-0.053,-0.001,0.0,1807,0,0
3350353,-4.566,8.071,2.219,-0.063,0.003,0.018,1807,0,0
3350365,-4.441,8.03,2.248,-0.06,0.008,0.033,1807,0,0
3350376,-4.274,7.908,2.279,-0.053,0.016,0.045,1807,0,0
3350386,-4.183,7.767,2.296,-0.054,0.022,0.046,1807,0,0
3350397,-4.154,7.693,2.318,-0.058,0.025,0.04,1807,0,0
3350408,-4.135,7.621,2.399,-0.06,0.018,0.023,1807,0,0
3350419,-4.207,7.618,2.437,-0.058,0.01,-0.002,1807,0,0
3350499,-4.228,7.875,2.253,-0.062,0.008,0.022,1806,0,0
3350510,-4.207,7.831,2.325,-0.047,0.013,0.008,1806,0,0
3350656,-4.027,7.652,2.267,-0.083,0.015,0.017,1803,0,0
3350676,-4.264,7.822,2.296,0.007,0.031,-0.021,1803,0,0
3350696,-4.415,8.085,2.282,-0.028,0.015,-0.02,1802,0,0
3350716,-4.348,8.028,2.205,-0.075,-0.001,-0.001,1802,0,0
3350736,-4.12,7.853,2.234,-0.084,-0.0,0.007,1802,0,0
3350756,-4.14,7.803,2.289,-0.064,0.021,-0.012,1802,0,0
3350776,-4.381,7.944,2.303,-0.033,0.029,-0.037,1802,0,0
