4070470,7.13,1.525,6.56,-0.02,0.026,-0.055,1659,0,0
4070490,7.025,1.58,6.644,-0.027,0.019,-0.031,1658,0,0
4070510,7.049,1.559,6.56,-0.045,-0.003,0.007,1659,0,0
4070530,7.163,1.439,6.436,-0.074,-0.002,0.057,1659,0,0
4070550,7.238,1.164,6.421,-0.107,0.015,0.079,1658,0,0
4070570,7.281,0.927,6.438,-0.088,0.025,0.049,1658,0,0
4070590,7.35,0.917,6.431,-0.059,0.038,0.0,1659,0,0
4070610,7.262,1.073,6.574,-0.056,0.045,-0.035,1658,0,0
4070630,7.233,1.267,6.665,-0.053,0.019,-0.055,1659,0,0
4070650,7.228,1.427,6.574,-0.069,-0.01,-0.046,1658,0,0
4070670,7.228,1.362,6.5,-0.11,-0.026,-0.035,1659,0,0
4070690,7.29,1.29,6.433,-0.072,-0.018,-0.049,1659,0,0
4070710,7.223,1.422,6.337,-0.041,-0.01,-0.059,1657,0,0
4070730,7.197,1.52,6.373,-0.062,-0.022,-0.046,1659,0,0
4070750,7.219,1.487,6.436,-0.107,-0.02,-0.045,1657,0,0
4070770,7.178,1.463,6.539,-0.072,-0.002,-0.07,1657,0,0
4070914,7.341,1.039,6.424,-0.044,0.035,0.022,1658,0,0
4070934,7.295,1.077,6.371,-0.059,0.015,0.008,1658,0,0
4070954,7.341,1.14,6.294,-0.081,0.02,-0.012,1657,0,0
4070974,7.288,1.219,6.44,-0.074,0.042,-0.043,1656,0,0
4070994,7.202,1.465,6.553,-0.038,0.034,-0.052,1658,0,0
4071014,7.214,1.587,6.436,-0.048,0.019,-0.029,1657,0,0
4071034,7.302,1.53,6.407,-0.076,0.026,-0.004,1657,0,0
4071069,7.207,1.408,6.594,-0.069,0.022,-0.006,1657,0,0
4071080,7.214,1.369,6.63,-0.062,0.012,-0.012,1657,0,0
4071094,7.254,1.453,6.637,-0.046,0.003,-0.016,1658,0,0
4071114,7.228,1.415,6.642,-0.041,0.009,-0.016,1655,0,0
4071134,7.111,1.329,6.594,-0.055,-0.001,-0.022,1658,0,0
4071154,7.106,1.3,6.522,-0.055,-0.018,-0.022,1657,0,0
4071174,7.187,1.264,6.409,-0.068,-0.021,-0.013,1656,0,0
4071194,7.151,1.192,6.414,-0.076,-0.009,-0.019,1656,0,0
4071214,7.214,1.231,6.23,-0.052,-0.017,-0.026,1655,0,0
4071234,7.309,1.274,6.134,-0.064,0.009,-0.025,1656,0,0
4071254,7.269,1.312,6.28,-0.058,0.058,-0.038,1656,0,0
4071274,7.14,1.446,6.548,-0.032,0.053,-0.052,1657,0,0
4071294,7.223,1.547,6.548,-0.033,0.032,-0.042,1657,0,0
4071314,7.242,1.597,6.524,-0.033,0.038,-0.03,1657,0,0
4071334,7.211,1.549,6.608,-0.049,0.044,-0.011,1656,0,0
4071354,7.187,1.518,6.577,-0.039,0.036,0.004,1657,0,0
4071374,7.219,1.451,6.596,-0.056,0.034,0.021,1656,0,0
4071394,7.235,1.295,6.594,-0.063,0.019,0.03,1656,0,0
4071414,7.341,1.209,6.572,-0.055,0.007,0.021,1655,0,0
4071434,7.309,1.144,6.548,-0.068,0.013,-0.007,1655,0,0
4071454,7.195,1.223,6.534,-0.045,0.012,-0.037,1656,0,0
4071474,7.137,1.319,6.512,-0.052,-0.01,-0.054,1656,0,0
4071494,7.13,1.437,6.383,-0.063,-0.033,-0.058,1656,0,0
4071514,7.195,1.53,6.27,-0.065,-0.025,-0.055,1656,0,0
4071534,7.14,1.532,6.158,-0.048,-0.003,-0.053,1656,0,0
4071657,7.226,1.441,6.563,-0.031,0.055,0.033,1656,0,0
4071677,7.276,1.362,6.553,-0.036,0.058,0.047,1657,0,0
4071697,7.29,1.238,6.721,-0.085,0.052,0.067,1657,0,0
4071717,7.379,1.092,6.802,-0.082,0.023,0.059,1658,0,0
4071737,7.417,1.049,6.718,-0.077,0.014,0.032,1656,0,0
4071757,7.307,1.082,6.651,-0.079,0.005,-0.005,1658,0,0
4071776,7.18,1.192,6.68,-0.082,-0.017,-0.036,1655,0,0
4071802,7.156,1.42,6.548,-0.07,-0.06,-0.063,1658,0,0
4071817,7.156,1.508,6.527,-0.084,-0.062,-0.065,1657,0,0
4071837,7.08,1.628,6.369,-0.09,-0.06,-0.054,1657,0,0
4071856,7.053,1.652,6.227,-0.071,-0.063,-0.048,1657,0,0
4071877,7.12,1.664,6.194,-0.08,-0.046,-0.046,1656,0,0
4071896,7.14,1.664,6.335,-0.079,0.0,-0.048,1659,0,0
4071917,7.046,1.731,6.519,-0.007,0.031,-0.049,1656,0,0
4071937,7.029,1.829,6.579,0.011,0.03,-0.014,1656,0,0
4071957,7.084,1.729,6.56,-0.053,0.014,0.052,1656,0,0
4071976,7.219,1.377,6.474,-0.101,0.008,0.089,1657,0,0
4072111,7.202,1.417,6.46,-0.03,-0.016,-0.092,1656,0,0
4072131,7.14,1.645,6.258,-0.034,-0.026,-0.086,1656,0,0
4072151,7.142,1.765,6.215,-0.079,-0.023,-0.053,1659,0,0
4072171,7.137,1.724,6.246,-0.099,-0.02,-0.041,1657,0,0
4072191,7.163,1.678,6.378,-0.051,0.009,-0.042,1656,0,0
4072211,7.087,1.8,6.4,0.01,0.044,-0.037,1656,0,0
4072231,7.046,1.822,6.46,0.007,0.046,-0.016,1657,0,0
4072251,7.111,1.743,6.462,-0.039,0.037,0.035,1657,0,0
4072271,7.187,1.487,6.555,-0.089,0.047,0.076,1658,0,0
4072291,7.281,1.221,6.685,-0.069,0.054,0.078,1659,0,0
4072311,7.312,1.118,6.598,-0.031,0.06,0.06,1658,0,0
4072331,7.367,1.097,6.515,-0.047,0.056,0.066,1658,0,0
4072351,7.341,1.015,6.553,-0.113,0.048,0.063,1658,0,0
4072371,7.422,0.905,6.685,-0.14,0.019,0.024,1659,0,0
4072391,7.367,0.986,6.639,-0.088,0.005,-0.042,1657,0,0
4072411,7.293,1.281,6.539,-0.05,-0.022,-0.083,1657,0,0
4072431,7.216,1.539,6.354,-0.055,-0.037,-0.089,1657,0,0
4072451,7.135,1.695,6.302,-0.103,-0.045,-0.081,1657,0,0
4072471,7.118,1.717,6.33,-0.119,-0.049,-0.076,1658,0,0
4072491,7.13,1.786,6.352,-0.066,-0.027,-0.079,1657,0,0
4072563,7.163,1.834,6.438,-0.059,0.04,0.043,1657,0,0
4072575,7.19,1.688,6.512,-0.049,0.061,0.063,1657,0,0
4072586,7.204,1.587,6.61,-0.027,0.079,0.073,1658,0,0
4072596,7.19,1.504,6.668,-0.012,0.081,0.081,1658,0,0
4072607,7.175,1.434,6.701,-0.004,0.073,0.091,1658,0,0
4072618,7.216,1.365,6.634,-0.008,0.057,0.103,1657,0,0
4072711,7.389,1.099,6.567,-0.06,0.001,-0.031,1658,0,0
4072723,7.276,1.226,6.555,-0.046,-0.009,-0.062,1658,0,0
4072734,7.219,1.393,6.553,-0.03,-0.023,-0.08,1656,0,0
4072744,7.149,1.549,6.464,-0.022,-0.04,-0.083,1658,0,0
4072755,7.116,1.65,6.325,-0.042,-0.052,-0.073,1658,0,0
4072767,7.12,1.683,6.213,-0.068,-0.054,-0.061,1656,0,0
4072778,7.118,1.688,6.165,-0.073,-0.038,-0.057,1656,0,0
4072788,7.087,1.662,6.203,-0.059,-0.016,-0.067,1657,0,0
4072862,7.013,1.822,6.421,-0.042,0.049,0.056,1657,0,0
4072874,7.106,1.686,6.371,-0.044,0.057,0.08,1656,0,0
4072885,7.185,1.554,6.373,-0.032,0.084,0.09,1657,0,0
4072896,7.202,1.422,6.436,-0.022,0.11,0.092,1657,0,0
4072907,7.163,1.346,6.563,-0.011,0.127,0.094,1658,0,0
4072918,7.113,1.341,6.649,0.002,0.121,0.096,1657,0,0
4072929,7.125,1.348,6.692,-0.002,0.1,0.104,1658,0,0
4072940,7.216,1.331,6.665,-0.03,0.076,0.114,1656,0,0
4073019,7.24,1.25,6.881,-0.046,0.002,0.002,1658,0,0
4073030,7.221,1.281,6.843,-0.059,-0.036,-0.015,1656,0,0
4073041,7.254,1.281,6.74,-0.059,-0.066,-0.029,1657,0,0
4073051,7.219,1.35,6.572,-0.053,-0.079,-0.043,1657,0,0
4073062,7.199,1.422,6.476,-0.048,-0.083,-0.055,1657,0,0
4073074,7.168,1.448,6.404,-0.044,-0.072,-0.063,1657,0,0
4073084,7.113,1.46,6.352,-0.032,-0.058,-0.069,1657,0,0
4073095,7.037,1.494,6.316,-0.012,-0.046,-0.073,1657,0,0
4073314,7.329,0.85,6.603,-0.137,0.005,-0.053,1656,0,0
4073334,7.25,1.085,6.572,-0.089,-0.013,-0.122,1657,0,0
4073354,7.151,1.547,6.455,-0.058,-0.025,-0.148,1657,0,0
4073374,7.084,1.776,6.318,-0.105,-0.039,-0.128,1656,0,0
4073394,7.099,1.82,6.352,-0.109,-0.041,-0.115,1656,0,0
4073414,7.063,1.863,6.294,-0.092,-0.03,-0.119,1657,0,0
4073434,7.041,1.987,6.376,-0.019,-0.029,-0.119,1656,0,0
4073454,7.096,2.071,6.275,-0.003,-0.016,-0.091,1656,0,0
4073474,7.106,2.025,6.287,-0.018,0.022,-0.048,1656,0,0
4073494,7.037,1.891,6.455,-0.033,0.04,-0.002,1658,0,0
4073514,7.072,1.664,6.553,-0.037,0.031,0.037,1658,0,0
4073534,7.207,1.417,6.414,-0.029,0.028,0.05,1658,0,0
4073554,7.281,1.334,6.407,-0.016,0.056,0.042,1658,0,0
4073574,7.269,1.312,6.507,-0.028,0.058,0.047,1657,0,0
4073594,7.307,1.29,6.591,-0.046,0.052,0.05,1659,0,0
4073614,7.338,1.171,6.692,-0.09,0.043,0.028,1658,0,0
4073634,7.295,1.199,6.764,-0.068,0.022,-0.017,1659,0,0
4073654,7.242,1.369,6.735,-0.054,-0.02,-0.057,1658,0,0
4073674,7.274,1.504,6.541,-0.05,-0.048,-0.081,1659,0,0
4073694,7.266,1.659,6.357,-0.053,-0.043,-0.096,1657,0,0
4073714,7.178,1.705,6.383,-0.025,-0.021,-0.106,1657,0,0
4073734,7.008,1.884,6.393,0.006,-0.013,-0.103,1659,0,0
4073754,6.991,2.033,6.452,-0.007,-0.028,-0.073,1658,0,0
4073774,7.01,1.966,6.414,-0.036,-0.019,-0.033,1656,0,0
4073794,7.061,1.891,6.448,-0.021,0.025,-0.003,1657,0,0
4073814,6.965,1.812,6.567,-0.021,0.054,0.028,1657,0,0
4073834,6.931,1.63,6.63,-0.032,0.036,0.059,1658,0,0
4073854,7.173,1.463,6.529,-0.062,0.017,0.078,1656,0,0
4073874,7.278,1.305,6.491,-0.086,0.048,0.079,1655,0,0
4073894,7.302,1.152,6.594,-0.074,0.07,0.062,1658,0,0
4073914,7.254,1.109,6.646,-0.07,0.051,0.034,1656,0,0
4073934,7.307,1.137,6.656,-0.084,0.016,0.001,1657,0,0
4073954,7.276,1.305,6.63,-0.122,-0.009,-0.041,1657,0,0
4073974,7.18,1.451,6.601,-0.103,-0.036,-0.078,1657,0,0
4073994,7.183,1.657,6.39,-0.063,-0.058,-0.094,1656,0,0
4074014,7.19,1.808,6.235,-0.065,-0.038,-0.098,1656,0,0
4074034,7.022,1.887,6.244,-0.072,-0.023,-0.097,1656,0,0
4074054,7.032,1.956,6.34,-0.052,-0.03,-0.088,1656,0,0
4074074,7.068,2.078,6.306,-0.048,0.002,-0.067,1656,0,0
4074094,7.013,2.033,6.503,-0.027,0.038,-0.039,1654,0,0
4074114,6.97,2.028,6.522,0.021,0.048,-0.005,1656,0,0
4074134,7.044,1.954,6.536,-0.016,0.046,0.051,1656,0,0
4074154,7.144,1.674,6.646,-0.086,0.036,0.11,1656,0,0
4074174,7.233,1.346,6.697,-0.083,0.027,0.123,1658,0,0
4074194,7.336,1.149,6.584,-0.05,0.018,0.096,1655,0,0
4074214,7.345,1.094,6.486,-0.053,0.032,0.073,1655,0,0
4074234,7.259,1.116,6.539,-0.074,0.014,0.061,1655,0,0
4074254,7.283,1.173,6.61,-0.106,-0.024,0.039,1655,0,0
4074274,7.264,1.094,6.591,-0.156,-0.038,-0.04,1655,0,0
4074294,7.168,1.3,6.421,-0.071,-0.044,-0.117,1655,0,0
4074314,7.12,1.652,6.27,-0.024,-0.034,-0.139,1655,0,0
4074334,7.022,1.815,6.213,-0.062,-0.024,-0.125,1655,0,0
4074354,6.91,1.882,6.211,-0.091,-0.03,-0.117,1654,0,0
4074374,7.051,1.963,6.215,-0.077,-0.02,-0.103,1655,0,0
4074394,7.08,2.047,6.316,-0.05,0.027,-0.081,1655,0,0
4074414,6.998,2.064,6.469,-0.001,0.058,-0.048,1654,0,0
4074434,7.003,2.09,6.596,-0.01,0.064,0.01,1654,0,0
4074454,7.065,1.832,6.601,-0.081,0.05,0.075,1655,0,0
4074474,7.19,1.537,6.577,-0.091,0.044,0.105,1655,0,0
4074494,7.298,1.269,6.591,-0.087,0.052,0.093,1654,0,0
4074514,7.365,1.14,6.584,-0.061,0.064,0.065,1655,0,0
4074534,7.4,1.137,6.613,-0.065,0.057,0.035,1654,0,0
4074554,7.357,1.14,6.675,-0.087,0.031,0.003,1655,0,0
4074574,7.336,1.223,6.74,-0.119,-0.015,-0.032,1655,0,0
4074594,7.345,1.329,6.646,-0.11,-0.046,-0.075,1655,0,0
4074614,7.262,1.496,6.419,-0.068,-0.051,-0.112,1654,0,0
4074634,7.149,1.798,6.28,-0.035,-0.044,-0.126,1654,0,0
4074654,7.046,1.958,6.34,-0.074,-0.064,-0.111,1654,0,0
4074674,7.101,2.018,6.335,-0.092,-0.061,-0.091,1654,0,0
4074694,7.044,1.997,6.29,-0.061,-0.038,-0.086,1654,0,0
4074714,6.955,2.119,6.306,0.009,-0.005,-0.072,1654,0,0
4074734,6.95,2.191,6.342,-0.009,0.009,-0.013,1654,0,0
4074754,7.02,1.973,6.383,-0.057,0.015,0.05,1653,0,0
4074774,7.14,1.707,6.402,-0.069,0.045,0.084,1655,0,0
4074794,7.161,1.525,6.457,-0.033,0.073,0.096,1654,0,0
4074814,7.18,1.41,6.534,-0.026,0.063,0.099,1655,0,0
4074834,7.333,1.271,6.529,-0.068,0.049,0.101,1654,0,0
4074854,7.408,1.125,6.603,-0.115,0.042,0.079,1654,0,0
4074874,7.341,1.027,6.651,-0.102,0.025,0.02,1654,0,0
4074894,7.274,1.195,6.658,-0.058,-0.01,-0.046,1654,0,0
4074914,7.228,1.444,6.618,-0.04,-0.036,-0.088,1654,0,0
4074934,7.118,1.664,6.357,-0.063,-0.063,-0.102,1654,0,0
4074954,7.12,1.748,6.206,-0.099,-0.064,-0.107,1653,0,0
4074974,7.101,1.805,6.211,-0.084,-0.028,-0.114,1653,0,0
4074994,7.027,1.992,6.361,-0.019,0.004,-0.112,1655,0,0
4075014,6.977,2.143,6.419,-0.011,0.014,-0.08,1653,0,0
4075034,7.027,2.138,6.347,-0.052,0.017,-0.025,1654,0,0
4075054,7.058,1.963,6.457,-0.072,0.039,0.025,1654,0,0
4075074,7.077,1.781,6.512,-0.045,0.06,0.061,1654,0,0
4075094,7.12,1.592,6.541,-0.035,0.056,0.069,1652,0,0
4075114,7.223,1.451,6.472,-0.047,0.047,0.08,1653,0,0
4075134,7.271,1.3,6.507,-0.087,0.042,0.089,1655,0,0
4075154,7.381,1.113,6.486,-0.1,0.042,0.062,1653,0,0
4075174,7.415,1.164,6.563,-0.072,0.058,0.003,1654,0,0
4075194,7.266,1.374,6.721,-0.06,0.047,-0.049,1654,0,0
4075214,7.183,1.621,6.776,-0.047,-0.014,-0.071,1654,0,0
4075234,7.247,1.784,6.567,-0.078,-0.065,-0.069,1655,0,0
4075254,7.259,1.841,6.397,-0.086,-0.06,-0.064,1654,0,0
4075274,7.094,1.87,6.333,-0.061,-0.055,-0.072,1653,0,0
4075294,7.113,1.927,6.199,-0.028,-0.06,-0.064,1653,0,0
4075314,7.132,1.956,6.203,-0.045,-0.028,-0.048,1653,0,0
4075333,7.039,1.937,6.325,-0.041,0.006,-0.035,1653,0,0
4075354,6.967,1.913,6.426,-0.019,0.024,-0.015,1654,0,0
4075373,6.996,1.829,6.371,-0.03,0.022,0.026,1653,0,0
4075394,7.046,1.618,6.335,-0.054,0.039,0.048,1654,0,0
4075414,7.154,1.434,6.381,-0.052,0.059,0.045,1654,0,0
4075434,7.228,1.415,6.404,-0.039,0.067,0.051,1655,0,0
4075454,7.252,1.358,6.479,-0.058,0.074,0.053,1655,0,0
4075474,7.233,1.314,6.685,-0.096,0.046,0.033,1655,0,0
4075494,7.348,1.286,6.701,-0.105,0.007,-0.006,1656,0,0
4075514,7.314,1.381,6.586,-0.073,-0.002,-0.053,1655,0,0
4075534,7.185,1.623,6.503,-0.038,-0.019,-0.092,1655,0,0
4075554,7.087,1.925,6.438,-0.039,-0.035,-0.086,1656,0,0
4075574,7.08,1.932,6.304,-0.101,-0.051,-0.06,1655,0,0
4075594,7.089,1.836,6.172,-0.074,-0.039,-0.066,1658,0,0
4075614,7.128,1.954,6.146,-0.019,0.004,-0.081,1654,0,0
4075634,7.039,2.1,6.282,0.003,0.057,-0.061,1654,0,0
4075654,6.891,2.124,6.409,-0.007,0.082,-0.013,1657,0,0
4075674,6.929,1.973,6.551,-0.047,0.062,0.035,1657,0,0
4075694,7.12,1.8,6.505,-0.045,0.054,0.062,1652,0,0
4075714,7.242,1.633,6.503,-0.038,0.078,0.076,1655,0,0
4075734,7.223,1.542,6.598,-0.027,0.091,0.085,1653,0,0
4075754,7.264,1.463,6.747,-0.07,0.055,0.095,1655,0,0
4075774,7.357,1.312,6.728,-0.096,0.02,0.08,1655,0,0
4075794,7.398,1.214,6.685,-0.088,0.003,0.027,1655,0,0
4075814,7.295,1.279,6.649,-0.045,-0.011,-0.027,1654,0,0
4075834,7.228,1.518,6.522,-0.028,-0.034,-0.064,1655,0,0
4075854,7.197,1.702,6.495,-0.064,-0.044,-0.077,1654,0,0
4075874,7.07,1.832,6.404,-0.064,-0.055,-0.091,1654,0,0
4075894,7.07,1.97,6.278,-0.04,-0.063,-0.081,1654,0,0
4075914,7.132,2.073,6.211,-0.063,-0.033,-0.042,1654,0,0
4075934,7.094,1.935,6.297,-0.085,-0.01,-0.015,1654,0,0
4075954,7.123,1.81,6.337,-0.066,0.009,-0.001,1654,0,0
4075974,7.324,1.82,6.364,-0.082,0.027,0.032,1654,0,0
4075994,7.408,1.717,6.531,-0.109,0.068,0.071,1654,0,0
4076014,7.29,1.494,6.886,-0.119,0.069,0.071,1654,0,0
4076034,7.238,1.475,6.857,-0.087,0.017,0.067,1655,0,0
4076054,7.362,1.405,6.613,-0.1,-0.017,0.078,1653,0,0
4076074,7.389,1.274,6.51,-0.166,-0.01,0.083,1655,0,0
4076094,7.242,1.137,6.596,-0.195,-0.006,0.042,1654,0,0
4076114,7.149,1.156,6.507,-0.126,-0.019,-0.019,1655,0,0
4076134,7.118,1.355,6.414,-0.098,-0.037,-0.065,1655,0,0
4076154,7.113,1.513,6.476,-0.17,-0.031,-0.087,1654,0,0
4076174,6.991,1.635,6.632,-0.176,-0.019,-0.103,1654,0,0
4076194,6.852,1.762,6.618,-0.132,-0.017,-0.11,1654,0,0
4076214,6.821,1.836,6.428,-0.126,-0.031,-0.094,1653,0,0
4076234,6.905,1.738,6.297,-0.172,-0.009,-0.059,1654,0,0
4076254,6.946,1.602,6.397,-0.184,0.044,-0.036,1655,0,0
4076274,6.924,1.475,6.646,-0.172,0.069,-0.032,1654,0,0
4076294,6.962,1.458,6.709,-0.174,0.071,-0.03,1654,0,0
4076314,7.087,1.393,6.742,-0.198,0.069,-0.027,1654,0,0
4076334,7.233,1.276,6.704,-0.192,0.062,-0.028,1654,0,0
4076354,7.262,1.18,6.756,-0.213,0.055,-0.037,1653,0,0
4076374,7.242,1.125,6.823,-0.234,0.027,-0.057,1655,0,0
4076394,7.24,1.178,6.766,-0.191,0.013,-0.091,1654,0,0
4076414,7.159,1.329,6.603,-0.163,-0.001,-0.116,1654,0,0
4076434,7.116,1.463,6.455,-0.191,-0.012,-0.116,1654,0,0
4076454,7.135,1.456,6.337,-0.21,-0.005,-0.102,1653,0,0
4076474,7.07,1.401,6.325,-0.209,-0.009,-0.091,1654,0,0
4076493,7.108,1.367,6.22,-0.19,-0.019,-0.094,1654,0,0
4076514,7.173,1.422,6.079,-0.185,0.008,-0.103,1654,0,0
4076534,7.12,1.405,6.235,-0.195,0.041,-0.107,1654,0,0
4076554,7.168,1.46,6.321,-0.147,0.045,-0.106,1653,0,0
4076574,7.168,1.504,6.438,-0.139,0.054,-0.103,1654,0,0
4076594,7.068,1.549,6.553,-0.147,0.038,-0.102,1655,0,0
4076614,7.094,1.616,6.519,-0.13,0.007,-0.095,1654,0,0
4076634,7.242,1.628,6.436,-0.116,0.006,-0.076,1655,0,0
4076654,7.247,1.618,6.548,-0.117,0.031,-0.066,1654,0,0
4076674,7.049,1.544,6.728,-0.097,0.015,-0.072,1654,0,0
4076694,7.017,1.607,6.634,-0.066,-0.032,-0.078,1655,0,0
4076714,7.061,1.623,6.536,-0.094,-0.052,-0.074,1654,0,0
4076734,7.039,1.566,6.505,-0.082,-0.053,-0.082,1653,0,0
4076754,6.972,1.599,6.4,-0.041,-0.052,-0.088,1652,0,0
4076774,7.013,1.697,6.158,-0.011,-0.043,-0.087,1654,0,0
4076794,7.061,1.805,6.067,-0.03,-0.023,-0.077,1653,0,0
4076814,7.147,1.848,6.12,-0.043,0.014,-0.044,1653,0,0
4076834,7.123,1.839,6.225,-0.038,0.035,-0.023,1654,0,0
4076854,7.221,1.815,6.27,-0.015,0.034,-0.023,1653,0,0
4076874,7.295,1.93,6.225,0.025,0.055,-0.036,1656,0,0
4076894,7.283,2.066,6.366,0.03,0.064,-0.026,1654,0,0
4076914,7.396,2.148,6.433,0.036,0.044,0.009,1653,0,0
4076934,7.475,2.14,6.558,0.021,0.047,0.031,1654,0,0
4076954,7.398,2.105,6.694,0.043,0.057,0.033,1654,0,0
4076974,7.29,2.167,6.864,0.111,0.044,0.046,1654,0,0
4076994,7.264,2.169,7.077,0.113,0.022,0.092,1654,0,0
4077014,7.199,1.87,7.171,0.033,-0.022,0.139,1654,0,0
4077034,7.116,1.611,7.221,0.035,-0.048,0.143,1655,0,0
4077054,7.118,1.439,7.077,0.064,-0.052,0.137,1655,0,0
4077074,6.974,1.283,6.974,0.066,-0.055,0.136,1656,0,0
4077094,7.032,1.106,6.809,0.014,-0.068,0.144,1655,0,0
4077114,7.087,0.929,6.867,-0.068,-0.048,0.15,1656,0,0
4077134,6.96,0.673,6.912,-0.115,-0.052,0.132,1657,0,0
4077154,7.027,0.543,6.754,-0.09,-0.086,0.085,1656,0,0
4077174,7.228,0.5,6.431,-0.13,-0.076,0.035,1655,0,0
4077194,7.159,0.52,6.404,-0.169,-0.043,-0.021,1655,0,0
4077214,7.089,0.74,6.409,-0.148,-0.042,-0.071,1656,0,0
4077234,7.056,1.039,6.357,-0.164,-0.048,-0.084,1655,0,0
4077254,7.108,1.211,6.311,-0.207,-0.058,-0.085,1654,0,0
4077274,7.149,1.267,6.151,-0.224,-0.06,-0.096,1657,0,0
4077294,7.18,1.393,6.029,-0.208,-0.027,-0.107,1655,0,0
4077314,7.101,1.554,6.062,-0.184,0.002,-0.129,1656,0,0
4077334,7.096,1.81,6.038,-0.136,0.004,-0.133,1655,0,0
4077354,7.163,2.059,6.024,-0.132,0.008,-0.105,1654,0,0
4077374,7.23,2.119,6.139,-0.157,0.023,-0.079,1654,0,0
4077394,7.254,2.128,6.167,-0.127,0.033,-0.066,1654,0,0
4077414,7.341,2.191,6.187,-0.055,0.052,-0.05,1654,0,0
4077434,7.305,2.267,6.268,-0.001,0.056,-0.031,1654,0,0
4077454,7.245,2.258,6.369,0.003,0.054,-0.007,1654,0,0
4077474,7.262,2.263,6.373,0.022,0.034,0.034,1654,0,0
4077494,7.36,2.148,6.328,-0.01,0.031,0.092,1654,0,0
4077514,7.408,1.899,6.325,0.01,0.042,0.119,1655,0,0
4077534,7.379,1.76,6.472,0.044,0.054,0.118,1654,0,0
4077554,7.286,1.64,6.771,0.03,0.046,0.123,1655,0,0
4077574,7.252,1.508,7.034,0.026,0.013,0.124,1659,0,0
4077594,7.226,1.334,7.084,0.036,-0.024,0.102,1657,0,0
4077614,7.187,1.24,6.902,0.042,-0.043,0.08,1657,0,0
4077634,7.13,1.13,6.704,0.026,-0.048,0.07,1657,0,0
4077654,7.113,1.001,6.622,-0.001,-0.043,0.054,1657,0,0
4077674,7.123,0.941,6.591,-0.021,-0.034,0.033,1657,0,0
4077694,7.063,0.967,6.455,-0.031,-0.032,0.017,1657,0,0
4077714,7.118,1.001,6.244,-0.036,-0.025,0.009,1657,0,0
4077734,7.116,1.152,6.189,-0.045,-0.003,0.006,1657,0,0
4077754,7.101,1.216,6.179,-0.071,0.014,0.003,1657,0,0
4077774,7.132,1.346,6.244,-0.073,0.023,-0.001,1657,0,0
4077794,7.132,1.379,6.376,-0.09,0.027,-0.015,1656,0,0
4077814,7.147,1.506,6.311,-0.038,0.033,-0.024,1656,0,0
4077834,7.132,1.614,6.275,-0.027,0.042,-0.021,1656,0,0
4077854,7.221,1.642,6.34,-0.053,0.04,-0.012,1655,0,0
4077874,7.19,1.683,6.45,-0.061,0.044,-0.007,1656,0,0
4077894,7.24,1.583,6.476,-0.051,0.021,-0.011,1653,0,0
4077914,7.264,1.554,6.373,-0.02,0.016,-0.011,1656,0,0
4077934,7.326,1.547,6.292,-0.026,0.024,-0.012,1656,0,0
4077954,7.35,1.499,6.254,-0.029,0.044,-0.007,1655,0,0
4077974,7.247,1.537,6.409,-0.019,0.05,-0.005,1657,0,0
4077994,7.298,1.523,6.572,-0.044,0.027,-0.001,1657,0,0
4078014,7.369,1.537,6.577,-0.034,0.019,0.014,1657,0,0
4078034,7.252,1.472,6.627,-0.029,0.012,0.014,1657,0,0
4078054,7.276,1.477,6.419,-0.004,-0.007,0.012,1656,0,0
4078074,7.314,1.52,6.376,-0.031,0.008,0.015,1657,0,0
4078094,7.264,1.372,6.376,-0.062,0.013,0.019,1657,0,0
4078114,7.312,1.341,6.433,-0.032,0.019,0.009,1656,0,0
4078134,7.24,1.365,6.46,-0.037,0.024,-0.001,1656,0,0
4078154,7.14,1.427,6.507,-0.035,0.009,-0.013,1656,0,0
4078174,7.223,1.513,6.474,-0.043,-0.01,-0.016,1659,0,0
4078194,7.254,1.556,6.455,-0.05,0.005,-0.009,1658,0,0
4078214,7.187,1.535,6.488,-0.044,0.006,-0.005,1657,0,0
4078234,7.171,1.561,6.349,-0.029,0.001,-0.004,1654,0,0
4078254,7.156,1.563,6.318,-0.068,0.003,-0.003,1656,0,0
4078274,7.23,1.559,6.393,-0.051,0.015,-0.003,1655,0,0
4078293,7.233,1.58,6.536,-0.036,0.029,-0.003,1655,0,0
4078314,7.137,1.611,6.555,-0.017,0.018,-0.006,1655,0,0
4078334,7.108,1.599,6.467,-0.051,-0.009,0.003,1656,0,0
4078354,7.173,1.446,6.309,-0.073,-0.026,0.007,1655,0,0
4078374,7.307,1.374,6.23,-0.062,0.006,-0.009,1655,0,0
4078394,7.25,1.386,6.357,-0.027,0.052,-0.03,1657,0,0
4078414,7.077,1.563,6.462,-0.015,0.041,-0.029,1656,0,0
4078434,7.161,1.556,6.414,-0.071,0.002,-0.011,1658,0,0
4078454,7.326,1.53,6.409,-0.097,0.01,-0.003,1654,0,0
4078474,7.264,1.487,6.448,-0.058,0.033,-0.021,1657,0,0
4078494,7.235,1.59,6.483,-0.013,0.034,-0.03,1655,0,0
4078514,7.18,1.659,6.426,-0.058,0.02,-0.013,1655,0,0
4078534,7.264,1.537,6.388,-0.088,0.002,-0.007,1656,0,0
4078554,7.293,1.468,6.385,-0.069,0.017,-0.022,1656,0,0
4078574,7.175,1.537,6.474,-0.036,0.035,-0.041,1654,0,0
4078594,7.135,1.654,6.469,-0.032,0.016,-0.034,1656,0,0
4078614,7.221,1.693,6.383,-0.047,0.007,-0.02,1656,0,0
4078634,7.245,1.645,6.395,-0.073,0.02,-0.016,1656,0,0
4078654,7.178,1.592,6.469,-0.064,0.031,-0.021,1655,0,0
4078674,7.163,1.616,6.498,-0.029,0.023,-0.022,1655,0,0
4078694,7.187,1.628,6.436,-0.035,0.007,-0.015,1654,0,0
4078714,7.309,1.604,6.416,-0.063,0.009,-0.006,1655,0,0
4078734,7.257,1.463,6.462,-0.077,0.018,-0.008,1656,0,0
4078754,7.219,1.484,6.488,-0.053,0.017,-0.02,1656,0,0
4078774,7.214,1.563,6.493,-0.051,0.009,-0.028,1654,0,0
4078794,7.235,1.628,6.522,-0.041,0.013,-0.027,1656,0,0
4078814,7.168,1.717,6.464,-0.053,0.013,-0.012,1655,0,0
4078834,7.147,1.647,6.457,-0.076,0.009,-0.002,1655,0,0
4078854,7.209,1.578,6.421,-0.078,0.008,-0.001,1655,0,0
4078874,7.226,1.551,6.476,-0.05,0.02,-0.014,1656,0,0
4078894,7.221,1.64,6.488,-0.044,0.021,-0.022,1655,0,0
4078914,7.221,1.712,6.397,-0.046,0.017,-0.007,1655,0,0
4078934,7.228,1.664,6.34,-0.079,0.017,0.011,1655,0,0
4078954,7.24,1.532,6.395,-0.087,0.016,0.009,1656,0,0
4078974,7.235,1.554,6.412,-0.05,0.02,-0.007,1654,0,0
4078994,7.211,1.674,6.421,-0.033,0.032,-0.017,1655,0,0
4079014,7.161,1.803,6.469,-0.034,0.035,-0.005,1654,0,0
4079034,7.094,1.781,6.541,-0.065,0.013,0.025,1655,0,0
4079054,7.202,1.628,6.44,-0.09,-0.007,0.039,1655,0,0
4079074,7.238,1.528,6.333,-0.065,0.009,0.024,1655,0,0
4079094,7.19,1.573,6.251,-0.028,0.034,0.005,1654,0,0
4079114,7.168,1.748,6.182,-0.024,0.056,0.017,1654,0,0
4079134,7.061,1.762,6.323,-0.067,0.057,0.038,1654,0,0
4079154,7.087,1.697,6.412,-0.061,0.041,0.054,1654,0,0
4079174,7.156,1.733,6.433,-0.017,0.042,0.055,1653,0,0
4079194,7.168,1.82,6.416,0.011,0.057,0.052,1654,0,0
4079214,7.12,1.858,6.314,0.006,0.071,0.06,1652,0,0
4079234,7.156,1.779,6.294,-0.018,0.054,0.078,1654,0,0
4079254,7.228,1.717,6.297,-0.037,0.075,0.089,1653,0,0
4079274,7.175,1.611,6.409,-0.008,0.098,0.082,1653,0,0
4079294,7.171,1.676,6.469,0.037,0.112,0.077,1653,0,0
4079314,7.144,1.726,6.546,0.002,0.113,0.111,1654,0,0
4079334,7.094,1.575,6.656,-0.037,0.084,0.12,1655,0,0
4079354,7.242,1.405,6.749,-0.054,0.047,0.113,1654,0,0
4079374,7.331,1.317,6.668,-0.034,0.058,0.091,1654,0,0
4079394,7.211,1.31,6.653,0.017,0.066,0.064,1654,0,0
4079414,7.192,1.391,6.639,-0.004,0.044,0.056,1655,0,0
4079434,7.223,1.295,6.67,-0.063,0.023,0.066,1654,0,0
4079454,7.219,1.231,6.694,-0.072,0.019,0.069,1654,0,0
4079474,7.135,1.19,6.697,-0.048,0.022,0.043,1654,0,0
4079494,7.094,1.324,6.699,-0.017,0.026,0.013,1654,0,0
4079514,7.063,1.458,6.68,-0.053,0.019,0.018,1655,0,0
4079534,7.065,1.389,6.709,-0.087,0.007,0.028,1654,0,0
4079554,7.013,1.448,6.653,-0.096,-0.005,0.031,1654,0,0
4079574,7.065,1.429,6.606,-0.127,-0.011,0.048,1654,0,0
4079594,7.094,1.389,6.479,-0.111,0.005,0.054,1654,0,0
4079614,7.092,1.329,6.474,-0.09,0.023,0.032,1654,0,0
4079634,7.039,1.398,6.543,-0.083,0.028,0.021,1654,0,0
4079654,7.025,1.528,6.574,-0.086,0.026,0.031,1653,0,0
4079674,7.077,1.528,6.589,-0.125,0.017,0.055,1653,0,0
4079694,7.068,1.451,6.507,-0.129,0.015,0.062,1652,0,0
4079714,7.125,1.334,6.474,-0.107,0.016,0.044,1653,0,0
4079734,7.185,1.314,6.421,-0.077,0.037,0.021,1652,0,0
4079754,7.185,1.369,6.539,-0.046,0.053,0.01,1652,0,0
4079774,7.156,1.465,6.591,-0.051,0.06,0.026,1652,0,0
4079794,7.13,1.468,6.591,-0.092,0.039,0.071,1651,0,0
4079814,7.089,1.422,6.596,-0.121,0.009,0.075,1651,0,0
4079834,7.252,1.259,6.524,-0.131,0.002,0.058,1650,0,0
4079854,7.274,1.231,6.445,-0.076,0.035,0.047,1651,0,0
4079874,7.19,1.312,6.541,-0.023,0.076,0.038,1650,0,0
4079894,7.029,1.362,6.601,-0.004,0.042,0.049,1650,0,0
4079914,7.015,1.343,6.596,-0.024,0.002,0.07,1649,0,0
4079934,7.183,1.228,6.572,-0.02,-0.029,0.076,1648,0,0
4079954,7.336,1.238,6.828,0.016,-0.061,0.089,1647,0,0
4079974,7.309,1.286,7.13,0.108,-0.1,0.113,1641,0,0
4079994,7.314,1.252,7.001,0.206,-0.238,0.163,1607,0,0
4080014,7.053,1.393,6.694,0.2,-0.261,0.153,1523,0,0
4080034,7.058,1.626,6.986,0.221,-0.365,0.129,1417,0,0
4080054,7.19,1.743,7.116,0.101,-0.456,0.131,1342,0,0
4080074,7.74,1.623,7.446,0.028,-0.578,0.167,1272,0,0
4080094,7.132,1.334,7.647,0.037,-0.774,0.239,1207,0,0
4080114,6.936,1.743,7.721,0.329,-1.084,0.286,1148,0,0
4080134,7.554,1.75,8.839,0.574,-1.601,0.456,1086,0,0
4080154,7.501,1.753,8.605,0.474,-2.137,0.7,1016,0,0
4080174,8.344,2.176,6.876,0.54,-2.378,0.756,952,0,0
4080194,8.576,1.889,4.855,0.649,-2.091,0.706,904,0,0
4080214,9.148,1.226,5.392,0.431,-1.984,0.653,863,0,0
4080234,9.179,0.742,5.588,0.638,-1.925,0.624,825,0,0
4080254,7.676,1.221,5.298,0.859,-1.984,0.561,816,0,0
4080274,6.802,1.954,4.772,0.705,-2.09,0.703,817,0,0
4080294,8.65,2.045,0.168,0.757,-1.57,0.912,809,0,0
4080314,9.481,0.577,1.087,0.4,-0.714,0.783,787,0,0
4080334,8.459,-0.464,2.758,0.622,-0.253,0.306,774,0,0
4080354,7.42,0.778,2.634,1.016,-0.128,0.038,768,0,0
4080374,7.635,0.644,1.647,0.735,-0.082,0.01,766,0,0
4080394,7.204,0.117,0.168,0.539,0.068,-0.047,768,0,0
4080414,7.211,-0.211,-0.991,0.407,0.319,-0.134,770,0,0
4080434,7.168,-0.366,-1.252,0.436,0.559,-0.242,774,0,0
4080454,8.092,-0.35,-1.393,0.335,0.681,-0.226,778,0,0
4080474,8.566,-1.144,-1.669,0.164,0.726,-0.126,783,0,0
4080493,9.438,-1.851,-1.808,-0.055,0.67,-0.066,784,0,0
4080514,11.143,-1.992,-1.633,-0.371,0.642,-0.043,787,0,0
4080534,12.491,-2.138,-0.84,-0.602,0.697,-0.113,790,0,0
4080554,12.378,-2.057,0.381,-0.607,0.545,-0.111,793,0,0
4080574,13.285,-1.59,0.654,-0.715,0.323,-0.004,796,0,0
4080594,13.961,-1.183,1.583,-0.898,0.164,0.095,798,0,0
4080614,14.224,-1.099,3.036,-1.114,-0.01,0.057,799,0,0
4080634,13.482,-0.534,2.777,-0.942,-0.297,-0.073,800,0,0
4080654,13.791,0.515,1.956,-0.974,-0.256,-0.06,802,0,0
4080674,12.4,1.02,4.089,-1.069,-0.206,0.086,803,0,0
4080694,12.34,1.664,6.713,-0.943,-0.362,0.154,805,0,0
4080714,11.806,2.306,7.453,-0.814,-0.621,0.183,806,0,0
4080734,11.181,2.009,6.9,-0.752,-0.773,0.224,809,0,0
4080754,10.032,1.925,7.326,-0.644,-0.808,0.257,812,0,0
4080774,9.867,2.263,8.147,-0.447,-0.816,0.25,813,0,0
4080794,9.61,2.703,8.981,-0.198,-0.833,0.165,815,0,0
4080814,9.232,3.036,8.416,-0.025,-0.862,0.115,816,0,0
4080834,9.043,2.902,7.276,0.008,-0.757,0.154,816,0,0
4080854,8.413,1.999,6.302,-0.065,-0.506,0.102,818,0,0
4080874,8.734,1.365,5.057,-0.111,0.001,-0.16,820,0,0
4080894,7.142,0.934,6.246,0.133,0.459,-0.37,825,0,0
4080914,2.931,3.359,9.601,0.468,-0.234,-0.149,831,0,0
4080933,5.971,1.427,5.26,0.416,-0.872,0.053,832,0,0
4080954,6.685,1.621,2.622,0.485,-0.61,-0.004,833,0,0
4080974,6.436,1.082,1.923,0.363,-0.204,-0.108,833,0,0
4080994,5.203,1.276,2.631,0.622,-0.087,-0.123,833,0,0
4081014,6.12,1.13,1.144,0.653,-0.153,-0.005,834,0,0
4081034,6.785,0.613,0.005,0.674,-0.013,0.034,835,0,0
4081054,6.852,-0.117,-0.438,0.624,0.162,0.0,835,0,0
4081074,7.563,-0.558,-1.551,0.615,0.281,-0.052,837,0,0
4081094,8.382,-1.223,-2.32,0.569,0.428,-0.09,837,0,0
4081114,8.995,-1.901,-2.38,0.482,0.601,-0.124,838,0,0
4081134,9.266,-2.559,-1.942,0.375,0.66,-0.142,838,0,0
4081154,9.902,-2.768,-2.126,0.267,0.627,-0.217,839,0,0
4081174,10.218,-2.871,-2.468,0.109,0.508,-0.128,841,0,0
4081194,11.933,-3.584,-3.493,-0.238,0.559,0.008,841,0,0
4081214,12.783,-4.152,-2.746,-0.431,0.794,-0.027,842,0,0
4081234,12.658,-3.8,-1.626,-0.427,0.857,-0.132,845,0,0
4081254,13.47,-2.377,-0.594,-0.68,0.771,-0.121,846,0,0
4081274,13.712,-1.961,0.175,-0.986,0.613,-0.036,848,0,0
4081294,15.05,-1.46,0.237,-1.09,0.567,-0.049,850,0,0
4081314,14.145,-0.366,3.457,-1.043,0.6,-0.177,854,0,0
4081334,12.948,0.642,3.496,-0.875,0.181,-0.13,857,0,0
4081354,12.175,1.044,2.124,-0.992,-0.047,0.193,860,0,0
4081374,11.854,0.06,2.294,-1.102,-0.103,0.478,860,0,0
4081394,12.577,0.081,5.478,-1.023,0.072,0.331,862,0,0
4081414,11.552,1.202,9.131,-0.794,-0.082,-0.006,864,0,0
4081434,11.229,2.385,8.528,-0.666,-0.312,-0.132,865,0,0
4081454,9.969,2.72,8.667,-0.643,-0.377,-0.014,866,0,0
4081474,9.282,2.37,9.105,-0.604,-0.566,0.123,867,0,0
4081494,9.266,2.296,9.73,-0.408,-0.677,0.094,868,0,0
4081514,9.024,2.907,10.496,-0.063,-0.835,0.057,867,0,0
4081534,8.384,3.263,9.673,0.136,-0.993,0.179,868,0,0
4081554,7.245,2.274,8.186,0.155,-1.144,0.375,869,0,0
4081574,7.058,0.826,6.687,0.161,-1.192,0.365,869,0,0
4081594,6.795,0.369,6.184,0.347,-1.115,0.199,868,0,0
4081614,6.323,0.783,5.586,0.491,-1.105,0.16,869,0,0
4081634,6.579,0.611,4.305,0.519,-1.078,0.244,869,0,0
4081654,6.756,0.113,3.235,0.499,-0.956,0.253,869,0,0
4081674,6.795,-0.211,2.181,0.537,-0.806,0.204,871,0,0
4081694,7.235,-0.302,0.8,0.537,-0.542,0.153,870,0,0
4081714,7.314,-0.972,0.757,0.435,-0.291,0.106,871,0,0
4081734,7.408,-1.305,0.259,0.509,-0.131,0.027,871,0,0
4081754,7.575,-1.02,-0.915,0.53,0.012,-0.011,873,0,0
4081774,8.392,-1.092,-1.798,0.4,0.203,-0.009,872,0,0
4081794,8.583,-1.602,-1.621,0.318,0.389,-0.034,874,0,0
4081814,9.124,-2.16,-1.76,0.222,0.484,-0.087,874,0,0
4081834,9.979,-2.066,-2.377,0.199,0.659,-0.218,876,0,0
4081854,10.041,-1.539,-1.46,0.074,0.701,-0.246,877,0,0
4081874,10.934,-1.726,-1.075,-0.014,0.62,-0.201,877,0,0
4081894,11.372,-1.767,-0.886,-0.098,0.644,-0.249,878,0,0
4081914,11.236,-1.865,-0.23,-0.133,0.604,-0.32,878,0,0
4081934,11.27,-0.955,0.426,-0.11,0.536,-0.376,878,0,0
4081954,11.514,-0.536,0.946,-0.212,0.442,-0.321,878,0,0
4081974,11.688,-0.333,1.408,-0.262,0.436,-0.325,878,0,0
4081994,11.305,0.127,2.449,-0.274,0.385,-0.341,879,0,0
4082014,11.21,0.682,3.01,-0.181,0.236,-0.308,879,0,0
4082034,11.097,1.053,2.732,-0.12,0.119,-0.206,880,0,0
4082054,10.874,0.735,2.725,-0.114,0.05,-0.127,880,0,0
4082074,10.645,0.467,2.591,-0.081,-0.002,-0.114,880,0,0
4082094,10.214,0.567,2.571,-0.056,-0.011,-0.083,879,0,0
4082114,9.9,0.354,2.614,-0.043,-0.094,-0.012,880,0,0
4082134,10.005,0.148,2.263,-0.044,-0.106,-0.008,880,0,0
4082154,9.871,0.144,2.267,-0.025,-0.045,-0.041,880,0,0
4082174,9.639,0.182,2.253,-0.0,-0.015,-0.051,880,0,0
4082194,9.414,0.304,2.363,-0.014,-0.021,-0.033,880,0,0
4082214,9.459,0.309,2.272,-0.063,-0.047,0.02,879,0,0
4082234,9.618,0.043,2.028,-0.062,-0.027,0.001,880,0,0
4082254,9.673,0.146,2.143,-0.047,0.026,-0.04,880,0,0
4082274,9.704,0.383,2.5,-0.009,0.055,-0.068,880,0,0
4082294,9.708,0.484,2.744,-0.016,0.014,-0.059,880,0,0
4082314,9.773,0.292,2.377,-0.021,-0.022,-0.083,881,0,0
4082334,9.857,0.328,2.263,-0.049,-0.02,-0.126,883,0,0
4082354,9.795,0.646,2.035,-0.099,0.017,-0.108,887,0,0
4082374,9.677,0.426,1.913,-0.211,0.059,-0.077,888,0,0
4082394,9.55,0.318,2.148,-0.238,0.064,-0.088,895,0,0
4082414,9.548,0.419,2.002,-0.268,0.166,-0.114,900,0,0
4082434,9.852,0.101,1.329,-0.377,0.41,-0.258,913,0,0
4082454,9.888,0.22,1.693,-0.459,0.627,-0.426,933,0,0
4082474,9.256,0.299,1.769,-0.705,0.865,-0.518,959,0,0
4082494,8.732,0.237,1.98,-0.75,0.988,-0.541,1002,0,0
4082514,9.172,0.579,1.834,-0.735,1.146,-0.501,1071,0,0
4082534,9.328,0.771,0.766,-0.874,1.617,-0.483,1139,0,0
4082554,10.032,1.027,-1.199,-1.114,2.24,-0.317,1205,0,0
4082574,9.364,0.864,2.555,-1.317,2.958,-0.339,1287,0,0
4082594,8.425,-1.695,6.79,-1.483,2.263,-0.537,1405,0,0
4082614,7.281,-0.886,6.12,-1.518,1.808,-0.453,1554,0,0
4082634,8.09,-0.347,7.156,-0.455,1.187,-0.398,1700,0,0
4082653,8.887,0.886,6.771,0.052,0.849,-0.31,1799,0,0
4082674,8.76,1.233,6.747,-0.355,0.705,-0.184,1849,0,0
4082694,8.279,0.828,6.462,-0.491,0.528,-0.097,1878,0,0
4082714,7.446,0.931,6.594,-0.189,0.479,-0.093,1900,0,0
4082734,7.743,0.864,6.732,0.065,0.212,-0.13,1910,0,0
4082758,8.313,0.97,6.086,-0.018,0.117,-0.031,1918,0,0
4082774,8.109,0.888,5.751,-0.056,0.13,0.033,1919,0,0
4082794,7.848,0.666,5.818,-0.029,0.091,0.047,1920,0,0
4082814,7.824,0.52,5.959,-0.035,0.004,0.018,1919,0,0
4082834,8.035,0.409,6.1,-0.006,-0.106,0.023,1918,0,0
4082854,8.246,0.462,5.94,0.033,-0.132,0.024,1916,0,0
4082874,8.145,0.443,5.701,-0.033,-0.101,0.019,1914,0,0
4082894,8.272,0.362,5.672,-0.024,-0.088,-0.007,1912,0,0
4082914,8.279,0.445,5.523,0.034,-0.056,-0.049,1909,0,0
4082934,8.174,0.508,5.526,0.03,0.019,-0.051,1904,0,0
4082954,7.975,0.476,5.638,0.03,0.032,-0.04,1904,0,0
4082974,7.884,0.551,5.669,0.04,-0.003,-0.022,1901,0,0
4082994,8.121,0.505,5.519,-0.009,-0.023,-0.021,1895,0,0
4083014,8.176,0.448,5.471,-0.019,0.058,-0.033,1890,0,0
4083034,7.879,0.503,5.657,0.025,0.089,-0.069,1887,0,0
4083054,7.898,0.503,5.717,0.025,0.038,-0.097,1885,0,0
4083074,8.047,0.68,5.504,0.05,0.044,-0.082,1884,0,0
4083094,7.851,0.761,5.792,0.018,0.059,-0.087,1880,0,0
4083114,7.954,0.709,5.938,-0.035,0.025,-0.082,1879,0,0
4083134,8.001,0.706,5.818,0.017,0.018,-0.071,1873,0,0
4083154,7.887,0.749,5.677,0.024,0.038,-0.074,1866,0,0
4083174,7.944,0.69,5.708,0.002,0.029,-0.082,1861,0,0
4083194,8.006,0.766,5.581,0.001,0.062,-0.064,1857,0,0
4083214,7.918,0.752,5.677,-0.009,0.09,-0.05,1856,0,0
4083234,7.86,0.812,5.748,-0.009,0.066,-0.048,1855,0,0
4083254,7.997,0.718,5.729,-0.027,0.033,-0.052,1853,0,0
4083274,8.133,0.742,5.669,0.002,0.069,-0.072,1848,0,0
4083294,7.91,0.764,5.82,-0.023,0.081,-0.093,1842,0,0
4083314,7.872,0.795,5.859,-0.014,0.047,-0.1,1836,0,0
4083334,7.968,0.824,5.758,-0.008,0.01,-0.095,1827,0,0
4083354,7.954,0.962,5.698,-0.021,0.038,-0.091,1820,0,0
4083374,7.898,0.948,5.681,-0.032,0.06,-0.085,1814,0,0
4083394,7.913,0.953,5.677,0.008,0.052,-0.08,1811,0,0
4083414,7.968,1.03,5.693,-0.004,0.054,-0.071,1811,0,0
4083434,7.997,1.044,5.76,-0.051,0.039,-0.054,1809,0,0
4083454,7.949,1.087,5.811,-0.033,0.051,-0.046,1808,0,0
4083474,8.018,1.058,5.787,-0.013,0.045,-0.043,1807,0,0
4083494,7.932,1.12,5.72,-0.005,0.07,-0.023,1806,0,0
4083514,7.97,1.03,5.806,-0.013,0.062,-0.016,1806,0,0
4083534,8.018,1.03,5.849,0.006,0.067,-0.028,1803,0,0
4083554,7.882,1.092,5.789,0.035,0.085,-0.026,1796,0,0
4083574,7.812,1.137,5.844,0.03,0.064,-0.023,1779,0,0
4083594,7.784,1.097,5.76,0.0,0.061,-0.016,1756,0,0
4083614,7.776,1.001,5.823,0.009,0.075,-0.012,1744,0,0
4083634,7.798,1.113,5.902,0.052,0.055,-0.001,1743,0,0
4083654,7.853,1.156,5.839,0.011,0.037,0.014,1743,0,0
4083674,7.958,1.058,5.847,-0.015,0.033,0.022,1741,0,0
4083694,7.944,1.022,5.945,-0.02,0.047,0.005,1741,0,0
4083714,7.898,1.025,5.981,0.02,0.033,-0.018,1740,0,0
4083734,7.848,1.113,5.923,0.026,-0.012,-0.027,1741,0,0
4083754,7.961,1.159,5.835,-0.006,-0.031,-0.009,1741,0,0
4083774,8.013,1.092,5.825,-0.035,-0.008,-0.005,1741,0,0
4083794,7.898,1.027,5.923,-0.017,-0.002,-0.023,1740,0,0
4083814,7.855,1.104,5.859,-0.005,-0.024,-0.022,1739,0,0
4083834,7.98,1.053,5.825,-0.014,-0.028,-0.009,1736,0,0
4083854,8.073,1.049,5.827,-0.015,0.012,-0.004,1734,0,0
4083874,7.843,1.053,5.99,-0.036,0.044,-0.006,1732,0,0
4083894,7.812,1.092,5.988,-0.034,-0.004,0.01,1732,0,0
4083914,7.918,1.022,5.935,-0.048,-0.013,0.031,1730,0,0
4083934,8.001,0.972,5.933,-0.036,-0.004,0.021,1729,0,0
4083954,7.927,1.003,5.945,-0.053,0.0,0.003,1729,0,0
4083974,7.939,1.034,5.863,-0.077,-0.015,-0.004,1728,0,0
4083994,7.918,1.027,5.883,-0.084,-0.009,-0.013,1727,0,0
4084014,7.781,1.051,5.871,-0.079,-0.011,-0.027,1727,0,0
4084034,7.764,1.128,5.782,-0.07,-0.038,-0.044,1723,0,0
4084054,7.752,1.243,5.732,-0.096,-0.04,-0.038,1722,0,0
4084074,7.81,1.235,5.662,-0.099,-0.04,-0.031,1719,0,0
4084094,7.805,1.223,5.533,-0.051,-0.034,-0.038,1717,0,0
4084114,7.812,1.314,5.557,-0.034,-0.004,-0.041,1718,0,0
4084134,7.807,1.322,5.631,-0.064,-0.0,-0.033,1717,0,0
4084154,7.87,1.302,5.698,-0.059,0.011,-0.025,1717,0,0
4084174,7.903,1.29,5.648,-0.032,0.022,-0.018,1716,0,0
4084194,7.855,1.262,5.691,-0.035,0.047,0.001,1715,0,0
4084214,7.882,1.19,5.763,-0.031,0.046,0.02,1713,0,0
4084234,8.018,1.147,5.844,-0.039,0.053,0.032,1712,0,0
4084254,8.016,1.015,5.899,-0.058,0.058,0.044,1712,0,0
4084274,7.968,0.919,5.904,-0.054,0.034,0.037,1712,0,0
4084294,8.09,0.879,5.887,-0.07,0.009,0.01,1712,0,0
4084314,8.037,0.962,5.95,-0.058,0.006,-0.025,1711,0,0
4084334,8.001,1.051,5.883,-0.054,-0.018,-0.052,1709,0,0
4084354,7.872,1.14,5.727,-0.029,-0.021,-0.082,1709,0,0
