4190509,7.836,0.888,5.945,-0.087,0.013,-0.009,1789,0,0
4190529,8.035,0.737,5.851,-0.114,-0.017,0.005,1788,0,0
4190549,8.126,0.646,5.782,-0.068,0.01,-0.017,1788,0,0
4190569,8.013,0.754,5.775,-0.017,0.023,-0.038,1788,0,0
4190589,7.956,0.91,5.811,-0.035,0.013,-0.02,1788,0,0
4190609,7.968,0.862,5.866,-0.108,0.004,0.001,1788,0,0
4190629,7.985,0.788,5.899,-0.067,-0.002,-0.006,1789,0,0
4190649,7.973,0.807,5.835,-0.047,-0.003,-0.009,1787,0,0
4190669,7.956,0.761,5.703,-0.031,-0.009,-0.005,1787,0,0
4190689,7.963,0.742,5.634,-0.046,-0.005,-0.002,1787,0,0
4190709,7.954,0.692,5.586,-0.088,0.017,0.001,1787,0,0
4190729,7.92,0.675,5.792,-0.084,0.043,-0.005,1786,0,0
4190749,7.875,0.74,5.916,-0.042,0.032,-0.021,1786,0,0
4190769,7.887,0.828,5.827,-0.031,0.019,-0.015,1787,0,0
4190789,7.942,0.845,5.753,-0.079,0.015,0.002,1787,0,0
4190809,7.968,0.761,5.784,-0.103,0.018,0.002,1787,0,0
4190829,8.004,0.711,5.768,-0.056,0.019,-0.007,1787,0,0
4190889,7.867,0.831,5.902,-0.064,0.031,-0.024,1785,0,0
4190902,7.903,0.843,5.885,-0.07,0.01,-0.014,1786,0,0
4190913,7.949,0.826,5.878,-0.069,0.002,-0.003,1785,0,0
4190924,8.028,0.792,5.823,-0.073,0.011,-0.002,1787,0,0
4190936,8.049,0.709,5.837,-0.075,0.027,-0.012,1786,0,0
4190949,7.989,0.685,5.847,-0.057,0.034,-0.023,1787,0,0
4190969,7.918,0.759,5.825,-0.02,0.021,-0.023,1788,0,0
4190989,7.891,0.764,5.823,-0.086,-0.001,-0.006,1787,0,0
4191009,7.954,0.704,5.839,-0.096,-0.0,-0.01,1787,0,0
4191029,7.882,0.74,5.902,-0.061,0.015,-0.029,1786,0,0
4191049,7.863,0.836,5.878,-0.014,0.01,-0.025,1784,0,0
4191069,7.867,0.86,5.737,-0.042,0.007,-0.004,1785,0,0
4191089,7.865,0.728,5.66,-0.101,0.01,-0.003,1786,0,0
4191109,7.961,0.678,5.684,-0.095,0.021,-0.017,1786,0,0
4191129,7.963,0.723,5.861,-0.054,0.045,-0.031,1786,0,0
4191149,7.906,0.848,6.024,-0.03,0.032,-0.023,1786,0,0
4191169,7.939,0.869,5.921,-0.056,0.006,-0.004,1787,0,0
4191189,7.954,0.747,5.82,-0.106,-0.003,-0.004,1786,0,0
4191209,7.966,0.682,5.758,-0.078,-0.01,-0.022,1785,0,0
4191229,8.009,0.759,5.746,-0.054,0.008,-0.026,1785,0,0
4191249,7.97,0.795,5.851,-0.043,0.03,-0.035,1784,0,0
4191269,7.867,0.869,5.801,-0.01,0.03,-0.037,1785,0,0
4191289,7.836,1.032,5.619,-0.025,0.018,-0.021,1784,0,0
4191309,7.863,0.871,5.744,-0.108,0.012,0.0,1783,0,0
4191329,7.97,0.733,5.763,-0.078,-0.003,0.005,1784,0,0
4191349,8.021,0.69,5.715,-0.043,0.024,-0.007,1783,0,0
4191369,7.961,0.709,5.772,-0.032,0.048,-0.028,1784,0,0
4191389,7.855,0.864,5.861,-0.022,0.031,-0.027,1785,0,0
4191410,7.879,0.869,5.842,-0.095,-0.008,-0.004,1784,0,0
4191429,8.033,0.716,5.782,-0.108,-0.001,-0.001,1784,0,0
4191449,7.999,0.709,5.816,-0.03,0.037,-0.025,1782,0,0
4191469,7.875,0.893,5.854,-0.003,0.034,-0.035,1781,0,0
4191489,7.839,0.989,5.839,-0.063,0.01,-0.011,1783,0,0
4191509,7.954,0.836,5.906,-0.126,0.005,0.005,1784,0,0
4191529,7.997,0.706,5.89,-0.086,0.02,-0.012,1784,0,0
4191549,7.961,0.737,5.784,-0.01,0.027,-0.029,1783,0,0
4191569,7.863,0.883,5.787,-0.023,0.035,-0.017,1783,0,0
4191589,7.817,0.886,5.902,-0.079,0.002,-0.009,1783,0,0
4191609,7.91,0.922,5.88,-0.087,-0.011,-0.002,1783,0,0
4191629,7.961,0.852,5.806,-0.076,0.011,0.002,1784,0,0
4191650,7.884,0.826,5.868,-0.018,0.032,-0.009,1782,0,0
4191669,7.796,0.955,5.911,-0.013,0.015,-0.008,1784,0,0
4191689,7.915,0.943,5.839,-0.071,-0.018,0.016,1784,0,0
4191709,8.021,0.812,5.832,-0.094,-0.003,0.027,1784,0,0
4191729,8.023,0.661,5.871,-0.075,0.017,0.006,1784,0,0
4191749,7.973,0.718,5.818,-0.018,0.018,-0.007,1786,0,0
4191769,7.925,0.809,5.799,-0.046,0.025,0.001,1785,0,0
4191789,7.834,0.797,5.899,-0.096,-0.002,0.001,1785,0,0
4191809,7.954,0.814,5.856,-0.086,-0.011,0.009,1785,0,0
4191829,7.954,0.809,5.851,-0.078,0.008,-0.001,1785,0,0
4191849,7.922,0.785,5.851,-0.056,0.012,-0.017,1786,0,0
4191869,7.915,0.927,5.693,-0.014,0.018,-0.009,1783,0,0
4191889,7.831,0.927,5.703,-0.095,0.009,0.007,1786,0,0
4191909,7.944,0.821,5.686,-0.096,0.005,0.02,1785,0,0
4191929,7.966,0.804,5.713,-0.065,0.035,0.006,1786,0,0
4191949,7.915,0.843,5.811,-0.009,0.065,-0.011,1786,0,0
4191969,7.831,0.972,5.816,-0.001,0.053,0.006,1785,0,0
4191989,7.786,0.888,5.792,-0.069,0.016,0.031,1785,0,0
4192009,7.939,0.666,5.686,-0.102,0.007,0.038,1786,0,0
4192029,8.016,0.596,5.674,-0.054,0.054,0.014,1786,0,0
4192049,7.944,0.646,5.897,-0.018,0.084,-0.018,1784,0,0
4192069,7.762,0.833,5.966,0.013,0.067,-0.015,1785,0,0
4192089,7.772,0.862,5.911,-0.069,0.013,0.0,1785,0,0
4192109,7.966,0.745,5.856,-0.116,0.012,0.005,1786,0,0
4192129,7.956,0.704,5.923,-0.063,0.054,-0.018,1786,0,0
4192149,7.87,0.85,6.055,0.013,0.064,-0.034,1785,0,0
4192169,7.791,0.974,6.014,0.006,0.046,-0.012,1785,0,0
4192189,7.815,0.91,6.012,-0.079,0.002,0.01,1786,0,0
4192209,7.942,0.713,5.95,-0.127,-0.013,0.016,1785,0,0
4192229,7.93,0.654,5.851,-0.046,0.007,-0.001,1783,0,0
4192249,7.86,0.749,5.835,-0.001,0.022,-0.019,1784,0,0
4192269,7.834,0.905,5.856,-0.011,0.023,-0.021,1785,0,0
4192289,7.693,0.867,5.926,-0.053,0.021,-0.017,1786,0,0
4192309,7.697,0.881,5.954,-0.044,-0.01,-0.007,1786,0,0
4192329,7.867,0.769,5.792,-0.062,-0.008,0.006,1786,0,0
4192349,7.915,0.735,5.784,-0.048,0.034,-0.007,1782,0,0
4192369,7.788,0.737,5.847,-0.054,0.04,-0.015,1785,0,0
4192389,7.841,0.785,5.789,-0.039,0.022,-0.015,1785,0,0
4192409,7.937,0.783,5.818,-0.068,0.032,-0.019,1785,0,0
4192429,7.915,0.838,6.036,-0.035,0.06,-0.032,1786,0,0
4192449,7.8,0.974,6.167,-0.004,0.022,-0.034,1785,0,0
4192469,7.865,1.049,5.914,-0.017,-0.02,-0.013,1785,0,0
4192489,7.942,0.929,5.784,-0.084,-0.016,-0.0,1787,0,0
4192509,7.934,0.804,5.768,-0.054,0.008,-0.011,1787,0,0
4192529,7.839,0.871,5.871,-0.009,0.009,-0.022,1787,0,0
4192549,7.829,0.912,5.928,-0.023,0.002,-0.012,1785,0,0
4192569,7.834,0.96,5.933,-0.047,-0.006,0.009,1785,0,0
4192589,7.843,0.814,5.76,-0.076,-0.009,0.019,1787,0,0
4192609,7.918,0.716,5.765,-0.06,0.007,0.006,1785,0,0
4192629,7.882,0.733,5.897,-0.037,0.042,-0.016,1786,0,0
4192649,7.762,0.939,6.024,-0.004,0.035,-0.021,1784,0,0
4192669,7.769,1.034,5.986,-0.064,0.008,0.007,1786,0,0
4192689,7.805,0.886,5.933,-0.086,-0.009,0.026,1786,0,0
4192709,7.906,0.716,5.804,-0.068,-0.001,0.011,1785,0,0
4192729,7.889,0.826,5.885,-0.032,0.034,-0.016,1784,0,0
4192749,7.784,0.915,5.926,-0.041,0.029,-0.015,1785,0,0
4192769,7.8,0.919,5.851,-0.039,0.012,-0.001,1783,0,0
4192789,7.894,0.85,5.82,-0.106,0.014,0.003,1785,0,0
4192809,7.865,0.769,5.945,-0.087,0.031,-0.009,1785,0,0
4192829,7.81,0.833,5.945,-0.045,0.012,-0.021,1784,0,0
4192849,7.877,0.929,5.844,-0.051,0.014,-0.02,1785,0,0
4192869,7.796,0.931,5.835,-0.076,0.033,-0.019,1786,0,0
4192889,7.752,0.924,5.995,-0.063,0.023,-0.018,1785,0,0
4192909,7.781,0.953,5.993,-0.065,0.002,-0.001,1784,0,0
4192929,7.882,0.881,5.859,-0.069,0.002,0.01,1785,0,0
4192949,7.913,0.781,5.851,-0.095,0.032,-0.003,1786,0,0
4192969,7.882,0.8,5.971,-0.052,0.043,-0.021,1785,0,0
4192989,7.846,0.836,5.986,-0.043,0.018,-0.015,1785,0,0
4193009,7.922,0.867,5.997,-0.079,-0.001,-0.002,1785,0,0
4193029,7.966,0.836,6.038,-0.103,0.01,-0.009,1786,0,0
4193049,7.894,0.852,6.005,-0.052,0.011,-0.022,1784,0,0
4193069,7.829,0.876,5.93,-0.039,0.001,-0.017,1784,0,0
4193089,7.843,0.91,5.863,-0.063,-0.017,-0.013,1786,0,0
4193109,7.872,0.874,5.933,-0.11,-0.009,-0.014,1785,0,0
4193129,7.843,0.876,5.952,-0.08,-0.01,-0.018,1785,0,0
4193149,7.796,0.898,5.875,-0.063,-0.01,-0.008,1786,0,0
4193169,7.851,0.915,5.806,-0.051,-0.014,0.003,1784,0,0
4193189,7.879,0.831,5.792,-0.099,0.007,0.008,1786,0,0
4193209,7.822,0.737,5.916,-0.099,0.007,-0.006,1783,0,0
4193229,7.803,0.781,5.981,-0.06,-0.005,-0.027,1784,0,0
4193249,7.827,0.95,5.938,-0.022,-0.011,-0.02,1784,0,0
4193269,7.822,0.958,5.808,-0.075,-0.025,0.0,1785,0,0
4193290,7.91,0.821,5.737,-0.099,-0.016,0.005,1785,0,0
4193309,7.932,0.797,5.715,-0.071,0.016,-0.018,1784,0,0
4193329,7.853,0.864,5.883,-0.031,0.039,-0.034,1783,0,0
4193349,7.784,1.02,5.923,-0.02,0.014,-0.019,1786,0,0
4193369,7.906,0.996,5.899,-0.086,-0.012,0.012,1784,0,0
4193389,7.994,0.814,5.816,-0.108,-0.004,0.019,1784,0,0
4193409,7.942,0.718,5.827,-0.055,0.014,-0.002,1785,0,0
4193429,7.86,0.804,5.847,-0.028,0.003,-0.012,1785,0,0
4193449,7.867,0.891,5.871,-0.058,-0.001,-0.005,1785,0,0
4193469,7.812,0.879,5.981,-0.087,0.002,-0.001,1784,0,0
4193489,7.803,0.855,5.906,-0.055,-0.011,-0.001,1785,0,0
4193509,7.836,0.838,5.775,-0.056,-0.013,-0.003,1783,0,0
4193529,7.86,0.807,5.729,-0.067,0.017,-0.007,1785,0,0
4193549,7.817,0.86,5.871,-0.068,0.033,-0.014,1785,0,0
4193569,7.839,0.893,5.971,-0.061,0.028,-0.006,1785,0,0
4193589,7.858,0.879,5.997,-0.057,0.027,0.001,1784,0,0
4193609,7.836,0.792,5.99,-0.081,0.021,0.005,1785,0,0
4193629,7.86,0.754,5.904,-0.074,0.002,-0.004,1784,0,0
4193649,7.922,0.728,5.873,-0.076,-0.004,-0.02,1784,0,0
4193669,7.932,0.79,5.873,-0.059,0.007,-0.035,1784,0,0
4193689,7.863,0.879,5.868,-0.063,0.009,-0.035,1785,0,0
4193709,7.827,0.931,5.861,-0.057,-0.0,-0.024,1784,0,0
4193729,7.8,0.919,5.744,-0.065,-0.008,-0.014,1784,0,0
4193749,7.875,0.9,5.708,-0.089,0.01,-0.006,1784,0,0
4193769,7.915,0.838,5.871,-0.081,0.034,-0.009,1784,0,0
4193789,7.834,0.869,6.007,-0.034,0.036,-0.013,1784,0,0
4193809,7.815,0.907,5.942,-0.042,0.008,-0.01,1783,0,0
4193829,7.848,0.86,5.866,-0.078,-0.017,-0.005,1783,0,0
4193849,7.934,0.766,5.796,-0.1,-0.018,-0.002,1784,0,0
4193869,7.944,0.702,5.794,-0.067,0.012,-0.018,1782,0,0
4193889,7.86,0.764,5.854,-0.037,0.029,-0.049,1783,0,0
4193909,7.848,0.974,5.887,-0.02,0.034,-0.052,1784,0,0
4193929,7.81,1.135,5.995,-0.064,0.025,-0.023,1784,0,0
4193949,7.853,0.943,6.024,-0.11,-0.009,0.002,1784,0,0
4193969,7.956,0.809,5.83,-0.075,-0.012,0.0,1783,0,0
4193989,7.958,0.711,5.744,-0.071,0.005,-0.014,1784,0,0
4194009,7.898,0.809,5.842,-0.044,0.018,-0.026,1783,0,0
4194029,7.918,0.898,5.863,-0.065,0.007,-0.022,1783,0,0
4194049,7.884,0.927,5.897,-0.075,0.009,-0.014,1785,0,0
4194069,7.793,0.946,5.923,-0.068,0.004,-0.014,1784,0,0
4194089,7.805,0.986,5.823,-0.036,-0.014,-0.006,1785,0,0
4194109,7.867,0.948,5.763,-0.053,-0.001,-0.002,1785,0,0
4194129,7.846,0.893,5.842,-0.085,0.014,-0.001,1785,0,0
4194149,7.86,0.848,5.856,-0.066,0.002,0.002,1785,0,0
4194169,7.977,0.778,5.78,-0.067,0.018,0.0,1783,0,0
4194189,7.906,0.747,5.899,-0.054,0.05,-0.016,1785,0,0
4194209,7.805,0.852,5.988,-0.03,0.03,-0.022,1784,0,0
4194229,7.865,0.893,5.921,-0.071,-0.005,-0.014,1785,0,0
4194249,7.942,0.833,5.95,-0.102,0.003,-0.019,1784,0,0
4194269,7.855,0.869,5.938,-0.041,0.002,-0.043,1784,0,0
4194289,7.827,0.986,5.835,-0.024,-0.009,-0.035,1784,0,0
4194309,7.875,0.96,5.677,-0.066,-0.001,-0.008,1785,0,0
4194329,7.891,0.874,5.732,-0.095,0.018,-0.005,1785,0,0
4194349,7.865,0.85,5.969,-0.08,0.031,-0.015,1784,0,0
4194369,7.822,0.927,6.069,-0.035,0.02,-0.016,1786,0,0
4194389,7.848,0.958,5.947,-0.046,-0.007,-0.002,1785,0,0
4194409,7.889,0.792,5.801,-0.09,-0.01,0.005,1784,0,0
4194429,7.958,0.694,5.72,-0.088,0.001,-0.018,1785,0,0
4194449,7.913,0.728,5.765,-0.054,0.025,-0.035,1785,0,0
4194469,7.851,0.9,5.873,-0.026,0.039,-0.039,1785,0,0
4194489,7.757,1.075,6.06,-0.059,0.024,-0.028,1784,0,0
4194509,7.812,1.101,6.012,-0.088,-0.016,-0.004,1785,0,0
4194529,7.958,0.912,5.89,-0.111,-0.008,0.005,1785,0,0
4194549,7.997,0.74,5.837,-0.055,0.013,-0.017,1783,0,0
4194569,7.937,0.824,5.777,-0.012,0.024,-0.03,1784,0,0
4194589,7.858,0.912,5.856,-0.065,0.013,-0.011,1785,0,0
4194609,7.875,0.833,5.89,-0.108,-0.009,-0.005,1785,0,0
4194629,7.855,0.838,5.921,-0.077,-0.011,-0.017,1785,0,0
4194649,7.843,0.958,5.892,-0.047,-0.005,-0.029,1784,0,0
4194669,7.796,1.034,5.945,-0.04,-0.01,-0.024,1785,0,0
4194689,7.81,1.001,5.789,-0.049,-0.019,-0.007,1785,0,0
4194709,7.822,0.891,5.646,-0.065,-0.007,0.003,1785,0,0
4194729,7.896,0.814,5.669,-0.076,0.016,-0.002,1785,0,0
4194749,7.903,0.766,5.811,-0.066,0.028,-0.017,1782,0,0
4194769,7.913,0.867,5.854,-0.042,0.03,-0.022,1784,0,0
4194789,7.913,0.917,5.945,-0.06,0.03,-0.02,1785,0,0
4194809,7.87,0.946,6.014,-0.061,0.017,-0.019,1785,0,0
4194829,7.891,0.982,5.945,-0.057,-0.019,-0.021,1785,0,0
4194849,7.987,0.962,5.849,-0.062,-0.026,-0.02,1785,0,0
4194869,7.949,0.986,5.904,-0.041,-0.008,-0.022,1785,0,0
4194889,7.894,1.006,5.861,-0.046,-0.014,-0.009,1784,0,0
4194909,7.887,0.845,5.732,-0.064,-0.028,0.002,1784,0,0
4194929,7.985,0.725,5.698,-0.079,-0.018,0.001,1786,0,0
4194949,7.934,0.694,5.768,-0.083,0.003,-0.009,1786,0,0
4194969,7.908,0.737,5.789,-0.082,0.021,-0.002,1785,0,0
4194989,7.846,0.704,5.684,-0.114,0.028,0.014,1785,0,0
4195009,7.891,0.563,5.593,-0.144,0.04,0.007,1785,0,0
4195029,7.872,0.622,5.648,-0.157,0.07,-0.023,1784,0,0
4195049,7.793,0.845,5.739,-0.113,0.084,-0.045,1784,0,0
4195069,7.784,1.109,5.698,-0.091,0.095,-0.035,1785,0,0
4195089,7.791,1.154,5.598,-0.145,0.098,-0.009,1784,0,0
4195109,7.925,0.977,5.588,-0.181,0.106,-0.005,1784,0,0
4195129,8.001,0.821,5.887,-0.143,0.135,-0.032,1785,0,0
4195149,7.946,0.905,6.127,-0.064,0.127,-0.062,1785,0,0
4195169,7.867,1.003,6.263,-0.071,0.098,-0.056,1786,0,0
4195189,7.784,0.965,6.34,-0.119,0.057,-0.035,1785,0,0
4195209,7.803,0.826,6.34,-0.128,0.032,-0.025,1784,0,0
4195229,7.721,0.663,6.304,-0.118,0.041,-0.035,1784,0,0
4195249,7.623,0.577,6.203,-0.106,0.03,-0.051,1783,0,0
4195269,7.635,0.634,6.244,-0.121,0.039,-0.067,1785,0,0
4195289,7.554,0.644,6.419,-0.157,0.047,-0.072,1784,0,0
4195309,7.537,0.67,6.479,-0.138,0.014,-0.066,1786,0,0
4195329,7.561,0.536,6.287,-0.2,-0.004,-0.07,1786,0,0
4195349,7.647,0.362,6.108,-0.2,-0.002,-0.107,1786,0,0
4195369,7.652,0.496,6.026,-0.156,0.023,-0.15,1783,0,0
4195389,7.63,0.797,5.952,-0.141,0.019,-0.169,1784,0,0
4195409,7.709,0.967,5.94,-0.178,0.015,-0.145,1783,0,0
4195429,7.755,0.917,6.074,-0.218,0.018,-0.117,1782,0,0
4195449,7.75,0.836,6.124,-0.2,-0.005,-0.114,1785,0,0
4195469,7.822,0.843,5.892,-0.142,-0.037,-0.112,1783,0,0
4195489,7.913,0.821,5.643,-0.168,-0.027,-0.124,1783,0,0
4195509,7.939,0.848,5.748,-0.135,-0.008,-0.143,1783,0,0
4195529,7.877,1.053,5.775,-0.108,-0.013,-0.141,1784,0,0
4195549,7.915,1.147,5.71,-0.116,-0.017,-0.113,1785,0,0
4195569,7.913,1.156,5.871,-0.106,0.001,-0.091,1783,0,0
4195589,7.762,1.164,6.053,-0.068,-0.019,-0.081,1783,0,0
4195610,7.8,1.183,5.974,-0.047,-0.067,-0.053,1784,0,0
4195629,7.769,1.132,5.909,-0.078,-0.064,-0.033,1784,0,0
4195649,7.681,1.02,5.875,-0.083,-0.062,-0.029,1783,0,0
4195669,7.678,1.013,5.689,-0.025,-0.072,-0.033,1783,0,0
4195689,7.702,1.063,5.689,-0.056,-0.038,-0.047,1783,0,0
4195709,7.57,1.135,5.744,-0.056,-0.003,-0.05,1784,0,0
4195729,7.614,1.252,5.705,-0.001,0.003,-0.031,1783,0,0
4195749,7.647,1.276,5.653,-0.03,0.022,-0.004,1783,0,0
4195769,7.57,1.228,5.727,-0.066,0.048,0.001,1782,0,0
4195789,7.527,1.168,5.701,-0.035,0.025,-0.01,1783,0,0
4195809,7.803,1.267,5.509,0.015,0.027,-0.01,1783,0,0
4195829,7.92,1.331,5.614,-0.002,0.076,-0.013,1784,0,0
4195849,7.767,1.346,5.933,0.013,0.098,-0.035,1783,0,0
4195869,7.774,1.47,6.072,0.074,0.057,-0.043,1784,0,0
4195889,7.858,1.523,6.009,0.076,0.03,-0.015,1783,0,0
4195909,7.975,1.453,5.923,0.056,0.048,0.006,1782,0,0
4195929,7.958,1.288,5.99,0.062,0.088,0.02,1782,0,0
4195949,7.934,1.231,6.1,0.104,0.098,0.041,1784,0,0
4195969,7.954,1.159,6.239,0.068,0.063,0.071,1783,0,0
4195989,8.061,0.912,6.385,-0.009,0.043,0.089,1784,0,0
4196009,8.073,0.718,6.479,-0.001,0.039,0.074,1784,0,0
4196029,8.021,0.69,6.393,0.042,0.029,0.053,1785,0,0
4196049,7.92,0.754,6.462,0.013,0.018,0.044,1784,0,0
4196069,7.87,0.781,6.642,-0.058,-0.003,0.034,1784,0,0
4196089,7.755,0.761,6.721,-0.096,-0.032,0.027,1785,0,0
4196109,7.666,0.716,6.589,-0.107,-0.08,0.033,1784,0,0
4196129,7.685,0.615,6.352,-0.145,-0.1,0.017,1785,0,0
4196149,7.681,0.594,6.211,-0.166,-0.08,-0.015,1784,0,0
4196169,7.554,0.812,6.115,-0.126,-0.069,-0.02,1784,0,0
4196189,7.489,0.898,5.837,-0.177,-0.083,0.011,1785,0,0
4196209,7.554,0.745,5.65,-0.253,-0.059,0.027,1783,0,0
4196229,7.626,0.74,5.636,-0.208,-0.012,0.006,1784,0,0
4196249,7.647,0.843,5.514,-0.156,0.009,0.001,1784,0,0
4196269,7.76,0.929,5.377,-0.169,0.032,0.005,1784,0,0
4196289,7.748,0.891,5.528,-0.214,0.068,-0.009,1783,0,0
4196309,7.697,1.039,5.681,-0.155,0.058,-0.024,1784,0,0
4196329,7.81,1.128,5.6,-0.131,0.043,-0.025,1783,0,0
4196349,7.961,1.195,5.626,-0.11,0.052,-0.03,1782,0,0
4196369,7.951,1.298,5.799,-0.085,0.071,-0.033,1784,0,0
4196389,7.798,1.384,6.05,-0.05,0.052,-0.024,1783,0,0
4196409,7.817,1.415,6.105,-0.015,0.011,0.006,1784,0,0
4196429,7.93,1.329,6.045,-0.011,-0.007,0.031,1785,0,0
4196449,7.932,1.128,6.06,-0.02,0.008,0.045,1786,0,0
4196469,7.848,0.934,6.11,0.004,0.009,0.052,1784,0,0
4196489,7.683,0.831,6.141,0.018,-0.031,0.05,1784,0,0
4196509,7.848,0.723,5.978,-0.021,-0.067,0.064,1785,0,0
4196529,7.908,0.546,5.899,-0.079,-0.035,0.06,1783,0,0
4196549,7.858,0.412,5.954,-0.055,0.001,0.027,1785,0,0
4196569,7.743,0.606,5.952,0.021,0.025,0.002,1785,0,0
4196589,7.705,0.792,6.062,-0.048,0.007,0.011,1785,0,0
4196609,7.769,0.836,6.007,-0.108,-0.005,0.029,1784,0,0
4196629,7.757,0.737,5.959,-0.12,0.003,0.017,1784,0,0
4196649,7.772,0.747,5.804,-0.049,0.005,-0.005,1784,0,0
4196669,7.712,0.895,5.784,-0.039,0.027,-0.01,1785,0,0
4196689,7.657,1.022,5.823,-0.094,0.037,-0.002,1785,0,0
4196709,7.671,0.991,5.897,-0.096,0.015,0.009,1784,0,0
4196729,7.776,1.022,5.837,-0.046,0.022,0.006,1784,0,0
4196749,7.712,1.027,5.816,-0.042,0.033,0.005,1784,0,0
4196769,7.724,1.085,5.725,-0.015,0.033,0.014,1785,0,0
4196790,7.831,0.967,5.732,-0.056,0.051,0.038,1784,0,0
4196809,7.839,0.814,5.844,-0.04,0.074,0.035,1785,0,0
4196829,7.805,0.704,6.014,-0.017,0.067,0.015,1784,0,0
4196849,7.848,0.754,6.172,-0.006,0.043,-0.006,1785,0,0
4196869,7.894,0.745,6.199,-0.022,0.033,-0.019,1785,0,0
4196889,7.805,0.802,6.184,0.009,0.042,-0.02,1784,0,0
4196909,7.767,0.795,6.127,-0.028,0.033,-0.007,1784,0,0
4196929,7.865,0.706,6.16,-0.091,0.035,0.007,1782,0,0
4196949,7.875,0.57,6.431,-0.137,0.039,0.006,1782,0,0
4196969,7.889,0.486,6.644,-0.091,0.029,-0.019,1784,0,0
4196989,7.748,0.627,6.661,-0.072,-0.001,-0.026,1783,0,0
4197009,7.745,0.606,6.632,-0.143,-0.034,0.003,1784,0,0
4197029,7.635,0.287,6.414,-0.212,-0.1,-0.013,1785,0,0
4197049,7.736,0.17,6.1,-0.19,-0.128,-0.074,1786,0,0
4197069,7.657,0.383,5.935,-0.168,-0.089,-0.128,1784,0,0
4197089,7.568,0.67,5.887,-0.131,-0.063,-0.143,1784,0,0
4197109,7.508,0.881,5.837,-0.163,-0.045,-0.131,1784,0,0
4197129,7.477,0.86,5.854,-0.223,-0.058,-0.12,1785,0,0
4197149,7.609,0.833,5.739,-0.212,-0.055,-0.12,1786,0,0
4197169,7.721,0.881,5.634,-0.152,-0.023,-0.134,1784,0,0
4197189,7.75,0.996,5.54,-0.11,0.008,-0.132,1785,0,0
4197209,7.779,1.149,5.483,-0.129,0.015,-0.11,1783,0,0
4197229,7.815,1.161,5.59,-0.184,0.013,-0.084,1783,0,0
4197249,7.879,1.087,5.76,-0.155,0.005,-0.084,1785,0,0
4197269,7.934,1.185,5.839,-0.062,-0.007,-0.106,1784,0,0
4197289,7.954,1.346,5.725,-0.002,-0.005,-0.1,1783,0,0
4197309,7.951,1.413,5.715,-0.02,-0.002,-0.056,1784,0,0
4197329,7.925,1.262,5.851,-0.068,-0.009,-0.021,1783,0,0
4197349,8.001,1.097,6.055,-0.067,-0.018,-0.005,1784,0,0
4197369,7.863,0.845,6.249,-0.036,-0.032,-0.009,1784,0,0
4197389,7.784,0.718,6.163,0.008,-0.067,-0.025,1784,0,0
4197409,7.781,0.69,5.88,-0.03,-0.071,-0.036,1784,0,0
4197429,7.724,0.675,5.662,-0.056,-0.052,-0.048,1784,0,0
4197449,7.688,0.792,5.555,-0.044,-0.032,-0.051,1784,0,0
4197469,7.776,0.907,5.461,-0.043,-0.007,-0.034,1784,0,0
4197489,7.791,0.91,5.423,-0.078,0.041,-0.017,1785,0,0
4197509,7.75,0.991,5.552,-0.06,0.074,-0.032,1784,0,0
4197529,7.752,1.171,5.705,-0.068,0.073,-0.035,1784,0,0
4197549,7.786,1.247,5.72,-0.055,0.062,-0.025,1783,0,0
4197569,7.934,1.262,5.624,-0.021,0.067,-0.023,1784,0,0
4197589,7.946,1.338,5.655,0.007,0.092,-0.015,1784,0,0
4197609,7.877,1.393,5.799,-0.007,0.082,-0.002,1784,0,0
4197629,7.915,1.336,5.909,0.006,0.065,0.016,1784,0,0
4197649,7.999,1.329,5.921,0.047,0.064,0.022,1784,0,0
4197669,7.968,1.302,5.957,0.033,0.077,0.034,1784,0,0
4197689,7.901,1.238,6.088,0.043,0.07,0.047,1783,0,0
4197709,7.937,1.192,6.151,0.051,0.042,0.062,1785,0,0
4197729,7.973,1.013,6.136,0.016,0.027,0.074,1783,0,0
4197749,7.968,0.812,6.132,-0.023,0.017,0.059,1785,0,0
4197769,8.009,0.754,6.155,0.004,0.029,0.03,1785,0,0
4197789,7.91,0.831,6.304,0.038,0.05,0.013,1785,0,0
4197809,7.659,0.929,6.352,0.0,0.006,0.019,1785,0,0
4197829,7.717,0.855,6.141,-0.087,-0.041,0.032,1786,0,0
4197849,7.855,0.737,5.966,-0.124,-0.023,0.033,1784,0,0
4197869,7.817,0.771,6.019,-0.088,0.035,0.006,1785,0,0
4197889,7.649,0.922,6.261,-0.046,0.054,-0.005,1786,0,0
4197909,7.547,1.135,6.299,-0.064,0.021,0.021,1785,0,0
4197929,7.623,1.051,6.251,-0.175,-0.025,0.046,1785,0,0
4197949,7.748,0.757,6.093,-0.204,-0.034,0.046,1783,0,0
4197969,7.752,0.625,6.072,-0.131,-0.017,0.004,1785,0,0
4197989,7.709,0.745,5.962,-0.054,-0.005,-0.034,1785,0,0
4198009,7.661,0.967,5.899,-0.063,-0.014,-0.035,1785,0,0
4198029,7.602,0.97,5.76,-0.149,-0.032,-0.009,1786,0,0
4198049,7.69,0.879,5.705,-0.158,-0.034,-0.009,1785,0,0
4198069,7.764,0.871,5.737,-0.092,0.002,-0.028,1785,0,0
4198089,7.669,1.077,5.717,-0.026,0.016,-0.036,1784,0,0
4198109,7.702,1.188,5.583,-0.045,0.01,-0.018,1784,0,0
4198129,7.779,1.104,5.562,-0.096,0.018,-0.003,1783,0,0
4198149,7.887,1.006,5.662,-0.08,0.04,-0.005,1785,0,0
4198169,7.901,0.946,5.708,-0.044,0.06,-0.011,1785,0,0
4198189,7.846,0.895,5.705,-0.033,0.047,-0.019,1784,0,0
4198209,8.013,0.958,5.559,-0.026,0.043,-0.017,1784,0,0
4198229,8.018,1.018,5.607,-0.058,0.074,-0.002,1785,0,0
4198249,7.975,1.092,5.782,-0.055,0.078,0.018,1785,0,0
4198269,7.987,1.142,5.835,-0.071,0.074,0.043,1784,0,0
4198289,7.961,1.046,5.794,-0.04,0.083,0.051,1784,0,0
4198309,7.961,1.085,5.741,0.019,0.085,0.043,1784,0,0
4198329,7.966,1.3,5.911,0.014,0.087,0.059,1784,0,0
4198349,7.913,1.374,6.086,-0.008,0.081,0.087,1784,0,0
4198369,7.891,1.274,6.17,0.03,0.054,0.097,1784,0,0
4198389,7.922,1.324,6.074,0.08,0.039,0.105,1784,0,0
4198409,7.846,1.132,6.048,0.053,0.03,0.119,1783,0,0
4198429,7.75,0.989,6.1,0.052,0.01,0.113,1786,0,0
4198449,7.733,0.898,5.995,0.085,0.01,0.092,1784,0,0
4198469,7.63,0.867,5.947,0.103,0.03,0.085,1785,0,0
4198489,7.602,0.912,6.017,0.107,0.034,0.087,1785,0,0
4198509,7.599,0.804,6.081,0.046,0.044,0.088,1785,0,0
4198529,7.547,0.745,6.237,0.032,0.049,0.071,1786,0,0
4198550,7.542,0.747,6.385,0.058,0.041,0.043,1785,0,0
4198569,7.482,0.891,6.395,0.117,0.018,0.021,1784,0,0
4198589,7.544,1.027,6.28,0.098,0.005,0.03,1785,0,0
4198609,7.606,1.065,6.129,0.057,0.002,0.059,1785,0,0
4198629,7.693,0.912,6.043,0.039,0.013,0.067,1785,0,0
4198649,7.693,0.855,5.969,0.084,0.031,0.053,1784,0,0
4198669,7.635,0.943,5.947,0.086,0.03,0.056,1784,0,0
4198689,7.709,0.907,6.0,0.023,0.025,0.067,1784,0,0
4198710,7.776,0.778,6.112,-0.016,0.038,0.063,1784,0,0
4198729,7.755,0.781,6.16,0.032,0.048,0.033,1784,0,0
4198749,7.7,0.864,6.16,0.032,0.046,0.01,1783,0,0
4198769,7.724,0.9,6.05,0.022,0.036,0.01,1784,0,0
4198789,7.74,0.9,6.014,-0.0,0.04,0.019,1782,0,0
4198809,7.707,0.895,6.129,-0.037,0.046,0.021,1783,0,0
4198829,7.678,0.941,6.086,-0.03,0.023,0.024,1783,0,0
4198849,7.788,0.958,6.014,-0.045,0.023,0.032,1784,0,0
4198869,7.798,0.905,5.918,-0.057,0.032,0.032,1783,0,0
4198889,7.779,0.934,6.029,-0.038,0.042,0.018,1782,0,0
4198909,7.709,1.03,6.177,-0.054,0.035,0.015,1783,0,0
4198929,7.693,1.044,6.141,-0.039,0.019,0.021,1784,0,0
4198949,7.719,0.96,6.017,-0.065,0.006,0.014,1783,0,0
4198969,7.688,0.943,5.983,-0.074,0.014,0.005,1783,0,0
4198989,7.645,0.934,6.024,-0.072,0.006,-0.01,1783,0,0
4199009,7.676,1.008,5.959,-0.037,0.004,-0.015,1784,0,0
4199029,7.693,1.075,5.875,-0.045,0.018,0.0,1784,0,0
4199049,7.705,1.14,6.009,-0.074,0.052,0.014,1782,0,0
4199070,7.606,1.07,6.306,-0.082,0.049,0.013,1783,0,0
4199089,7.633,1.034,6.294,-0.033,0.012,0.013,1783,0,0
4199109,7.705,0.965,6.098,-0.059,-0.012,0.014,1783,0,0
4199129,7.805,0.761,5.921,-0.079,-0.001,0.012,1784,0,0
4199149,7.76,0.781,5.854,-0.056,0.024,0.002,1783,0,0
4199169,7.731,0.848,6.009,-0.09,0.041,-0.011,1782,0,0
4199189,7.681,0.96,6.175,-0.063,0.046,-0.019,1782,0,0
4199209,7.604,1.082,6.239,-0.047,0.033,-0.013,1784,0,0
4199229,7.654,1.106,6.098,-0.075,0.014,0.009,1782,0,0
4199249,7.685,1.106,6.05,-0.076,0.015,0.015,1783,0,0
4199269,7.705,1.073,6.045,-0.073,0.025,0.017,1781,0,0
4199289,7.669,1.041,5.976,-0.059,0.018,0.017,1782,0,0
4199309,7.7,0.939,5.981,-0.064,0.029,0.002,1781,0,0
4199330,7.678,0.982,5.986,-0.038,0.033,-0.019,1780,0,0
4199349,7.693,1.07,6.033,-0.04,0.032,-0.013,1780,0,0
4199369,7.702,1.089,6.053,-0.061,0.027,0.006,1781,0,0
4199389,7.767,0.974,6.048,-0.07,0.019,0.013,1780,0,0
4199409,7.769,0.931,6.1,-0.055,0.027,0.004,1780,0,0
4199429,7.683,0.977,6.103,-0.04,0.008,-0.008,1781,0,0
4199449,7.714,1.049,5.938,-0.039,0.001,0.002,1780,0,0
4199469,7.767,1.049,5.957,-0.068,0.017,0.014,1780,0,0
4199489,7.707,0.977,6.115,-0.08,0.038,0.011,1780,0,0
4199509,7.64,1.015,6.189,-0.03,0.032,0.006,1781,0,0
4199529,7.638,1.041,6.17,-0.029,0.015,0.019,1780,0,0
4199549,7.649,1.056,6.086,-0.057,-0.003,0.029,1780,0,0
4199569,7.649,0.852,6.041,-0.097,0.005,0.022,1781,0,0
4199589,7.7,0.816,5.947,-0.036,0.01,0.01,1781,0,0
4199609,7.654,0.848,5.83,-0.043,0.029,0.002,1781,0,0
4199629,7.57,0.895,5.93,-0.068,0.045,-0.003,1780,0,0
4199649,7.597,0.991,6.005,-0.074,0.044,0.0,1781,0,0
4199669,7.621,1.001,5.981,-0.061,0.06,0.004,1782,0,0
4199689,7.578,1.022,5.95,-0.049,0.072,0.001,1780,0,0
4199709,7.592,0.996,6.053,-0.061,0.063,-0.002,1781,0,0
4199729,7.666,1.034,6.141,-0.066,0.063,-0.006,1781,0,0
4199750,7.649,1.063,6.246,-0.043,0.078,-0.002,1780,0,0
4199769,7.602,1.065,6.28,-0.034,0.074,0.016,1780,0,0
4199789,7.57,1.02,6.304,-0.042,0.059,0.022,1780,0,0
4199809,7.554,0.934,6.232,-0.056,0.022,0.006,1781,0,0
4199829,7.709,0.948,6.151,-0.041,0.021,0.007,1781,0,0
4199849,7.681,0.874,6.187,-0.056,0.044,0.018,1781,0,0
4199869,7.616,0.781,6.17,-0.044,0.039,0.007,1781,0,0
4199889,7.599,0.812,6.139,-0.051,0.035,-0.008,1781,0,0
4199909,7.609,0.86,6.208,-0.054,0.042,-0.015,1781,0,0
4199929,7.616,0.895,6.266,-0.065,0.041,-0.011,1781,0,0
4199949,7.618,0.9,6.268,-0.071,0.033,-0.013,1781,0,0
4199969,7.592,0.874,6.206,-0.087,0.035,-0.014,1782,0,0
4199989,7.563,0.994,6.191,-0.052,0.039,-0.02,1781,0,0
4200009,7.465,1.106,6.278,-0.054,0.033,-0.017,1781,0,0
4200029,7.494,1.094,6.242,-0.078,0.005,0.003,1781,0,0
4200049,7.616,0.962,6.086,-0.094,0.017,0.013,1781,0,0
4200069,7.626,0.857,6.05,-0.066,0.051,-0.001,1780,0,0
4200089,7.535,0.984,6.146,-0.037,0.072,-0.013,1781,0,0
4200243,7.558,0.991,6.424,-0.08,0.074,-0.013,1779,0,0
4200263,7.523,1.154,6.404,-0.013,0.066,-0.015,1778,0,0
4200283,7.549,1.214,6.333,-0.021,0.046,0.011,1779,0,0
4200303,7.542,1.164,6.249,-0.061,0.037,0.041,1778,0,0
4200323,7.604,1.034,6.349,-0.09,0.036,0.044,1778,0,0
4200343,7.592,0.97,6.381,-0.059,0.048,0.039,1778,0,0
4200363,7.547,1.006,6.309,-0.001,0.06,0.045,1778,0,0
4200383,7.482,1.061,6.347,-0.001,0.054,0.065,1779,0,0
4200403,7.446,0.972,6.292,-0.07,0.026,0.084,1778,0,0
4200535,7.654,0.69,6.306,-0.156,-0.017,0.038,1778,0,0
4200556,7.537,0.692,6.316,-0.105,-0.004,0.015,1777,0,0
4200575,7.506,0.8,6.22,-0.048,-0.015,0.003,1779,0,0
4200595,7.415,0.886,6.194,-0.057,-0.02,0.006,1778,0,0
4200615,7.47,0.936,6.263,-0.107,-0.03,0.018,1779,0,0
4200635,7.525,0.855,6.273,-0.123,-0.011,0.025,1779,0,0
4200656,7.451,0.783,6.266,-0.076,-0.001,0.012,1778,0,0
4200684,7.429,0.781,6.103,-0.06,0.005,-0.004,1778,0,0
4200696,7.468,0.804,6.127,-0.063,0.007,-0.006,1777,0,0
4200715,7.475,0.812,6.225,-0.072,0.019,0.003,1779,0,0
4200735,7.444,0.773,6.242,-0.079,0.014,0.007,1779,0,0
4200755,7.578,0.742,6.23,-0.085,0.014,0.001,1779,0,0
4200775,7.535,0.752,6.337,-0.074,0.026,-0.017,1779,0,0
4200795,7.475,0.86,6.364,-0.038,0.005,-0.027,1779,0,0
4200816,7.573,0.905,6.256,-0.076,-0.011,-0.009,1779,0,0
4200835,7.63,0.749,6.282,-0.102,0.011,-0.001,1779,0,0
4200855,7.57,0.733,6.357,-0.057,0.011,-0.013,1779,0,0
4200875,7.587,0.788,6.297,-0.056,-0.005,-0.002,1779,0,0
4200895,7.582,0.723,6.189,-0.099,-0.003,0.014,1780,0,0
4200915,7.623,0.606,6.282,-0.11,0.007,0.001,1779,0,0
4200935,7.602,0.733,6.357,-0.067,0.029,-0.018,1781,0,0
4200955,7.487,0.888,6.464,-0.045,0.013,-0.012,1779,0,0
4200976,7.475,0.927,6.378,-0.061,-0.017,0.012,1780,0,0
4201003,7.614,0.788,6.196,-0.115,-0.029,0.023,1780,0,0
4201015,7.568,0.716,6.136,-0.111,-0.015,0.01,1780,0,0
4201035,7.582,0.666,6.182,-0.075,0.001,-0.006,1780,0,0
4201055,7.566,0.747,6.165,-0.031,0.01,-0.013,1779,0,0
4201075,7.527,0.836,6.199,-0.064,0.015,-0.014,1781,0,0
4201095,7.463,0.816,6.261,-0.079,0.004,-0.002,1779,0,0
4201115,7.487,0.84,6.206,-0.072,-0.021,0.01,1780,0,0
4201136,7.575,0.754,6.158,-0.082,-0.013,0.01,1780,0,0
4201155,7.527,0.713,6.158,-0.055,0.011,-0.003,1780,0,0
4201175,7.537,0.757,6.182,-0.04,0.011,-0.011,1780,0,0
4201195,7.503,0.769,6.139,-0.058,0.014,0.002,1780,0,0
4201215,7.518,0.69,6.182,-0.062,0.016,0.001,1780,0,0
4201235,7.561,0.682,6.184,-0.072,0.009,-0.009,1781,0,0
4201255,7.609,0.668,6.203,-0.066,0.026,-0.011,1779,0,0
4201276,7.566,0.704,6.273,-0.056,0.04,-0.022,1779,0,0
4201295,7.597,0.821,6.421,-0.046,0.035,-0.022,1779,0,0
4201315,7.561,0.852,6.472,-0.056,0.022,0.001,1779,0,0
4201335,7.547,0.754,6.314,-0.062,-0.014,0.006,1780,0,0
4201355,7.649,0.699,6.127,-0.071,-0.016,0.001,1780,0,0
4201376,7.649,0.668,6.117,-0.079,0.017,-0.003,1780,0,0
4201395,7.585,0.67,6.227,-0.058,0.026,-0.015,1780,0,0
4201415,7.527,0.821,6.333,-0.033,0.029,-0.025,1780,0,0
4201435,7.458,0.929,6.381,-0.041,0.003,-0.017,1781,0,0
4201455,7.52,0.886,6.273,-0.068,-0.023,0.01,1780,0,0
4201476,7.609,0.74,6.136,-0.088,-0.018,0.027,1780,0,0
4201495,7.609,0.563,6.002,-0.069,0.013,0.015,1780,0,0
4201515,7.532,0.565,6.045,-0.042,0.048,-0.006,1781,0,0
4201535,7.499,0.663,6.318,-0.059,0.036,-0.014,1781,0,0
4201555,7.561,0.721,6.349,-0.069,0.015,-0.011,1781,0,0
4201576,7.599,0.785,6.299,-0.062,0.03,-0.024,1781,0,0
4201596,7.491,0.857,6.33,-0.05,0.033,-0.028,1779,0,0
4201615,7.496,0.912,6.215,-0.027,0.007,-0.013,1780,0,0
4201635,7.594,0.826,6.167,-0.076,0.009,0.001,1781,0,0
4201655,7.635,0.675,6.246,-0.101,0.029,-0.003,1780,0,0
4201675,7.582,0.646,6.261,-0.042,0.032,-0.013,1779,0,0
4201695,7.506,0.706,6.218,-0.032,0.02,-0.015,1779,0,0
4201715,7.554,0.773,6.187,-0.059,0.009,-0.015,1779,0,0
4201735,7.542,0.781,6.287,-0.093,0.015,-0.01,1779,0,0
4201755,7.535,0.783,6.309,-0.064,0.026,-0.015,1780,0,0
4201775,7.456,0.785,6.27,-0.043,0.028,-0.01,1780,0,0
4201795,7.446,0.802,6.163,-0.04,0.013,-0.011,1779,0,0
4201815,7.549,0.797,6.122,-0.087,0.019,-0.003,1780,0,0
4201835,7.58,0.725,6.316,-0.097,0.047,-0.001,1780,0,0
4201855,7.556,0.716,6.472,-0.046,0.052,-0.013,1780,0,0
4201875,7.551,0.831,6.433,-0.018,0.023,-0.011,1780,0,0
4201899,7.602,0.757,6.258,-0.087,-0.003,0.009,1780,0,0
4202039,7.518,0.713,6.141,-0.037,0.025,0.002,1779,0,0
4202058,7.511,0.749,6.139,-0.033,0.041,-0.002,1780,0,0
4202078,7.472,0.752,6.299,-0.055,0.033,0.008,1779,0,0
4202098,7.515,0.661,6.28,-0.082,0.019,0.007,1781,0,0
4202118,7.568,0.697,6.306,-0.059,0.033,-0.005,1779,0,0
4202138,7.475,0.785,6.395,-0.038,0.039,-0.008,1779,0,0
4202158,7.424,0.843,6.357,-0.03,0.001,0.004,1780,0,0
4202179,7.537,0.754,6.16,-0.085,-0.015,0.018,1779,0,0
4202199,7.611,0.563,6.091,-0.11,0.023,0.001,1781,0,0
4202218,7.606,0.646,6.223,-0.05,0.062,-0.03,1777,0,0
4202238,7.52,0.857,6.416,-0.014,0.064,-0.025,1779,0,0
4202258,7.424,0.927,6.419,-0.052,0.04,-0.005,1780,0,0
4202278,7.453,0.814,6.347,-0.102,0.006,0.015,1779,0,0
4202298,7.499,0.608,6.155,-0.092,-0.01,0.02,1778,0,0
4202318,7.602,0.587,6.031,-0.115,0.005,0.025,1779,0,0
4202338,7.542,0.553,6.112,-0.157,0.03,0.027,1778,0,0
4202358,7.405,0.572,6.352,-0.128,0.046,0.002,1778,0,0
4202378,7.408,0.649,6.627,-0.043,0.016,-0.02,1778,0,0
4202398,7.494,0.814,6.551,0.001,-0.011,-0.026,1777,0,0
4202418,7.597,0.84,6.598,0.006,-0.029,-0.025,1776,0,0
4202438,7.563,0.804,6.883,0.022,-0.067,-0.009,1775,0,0
4202458,7.69,0.795,6.816,0.064,-0.116,0.03,1755,0,0
4202478,7.887,0.745,7.027,0.135,-0.167,0.061,1722,0,0
4202498,7.815,0.663,7.278,0.269,-0.297,0.067,1630,0,0
4202803,7.041,3.0,0.836,1.026,-0.527,0.811,816,0,0
4202822,8.538,0.488,2.298,0.126,-0.231,0.389,790,0,0
4202842,9.052,-0.855,1.02,0.262,0.288,0.028,777,0,0
4202862,8.679,0.053,0.189,0.547,1.016,-0.272,768,0,0
4202882,6.512,0.541,1.137,0.23,1.408,-0.34,771,0,0
4202902,5.725,-0.11,2.253,-0.016,1.1,-0.363,771,0,0
4202922,6.85,-0.34,0.443,0.214,0.969,-0.489,771,0,0
4202942,6.955,0.127,-0.639,0.234,1.147,-0.556,775,0,0
4203095,9.431,1.276,6.565,-0.772,1.219,-0.592,805,0,0
4203115,8.868,1.441,7.661,-0.656,0.904,-0.499,808,0,0
4203135,8.684,1.796,7.389,-0.725,0.493,-0.35,811,0,0
4203155,9.019,2.43,8.926,-0.999,0.287,-0.103,813,0,0
4203175,9.256,2.392,11.657,-1.143,0.183,0.071,815,0,0
4203195,8.528,1.757,13.149,-0.833,-0.106,0.098,816,0,0
4203215,7.975,1.956,12.799,-0.56,-0.454,0.052,815,0,0
4203235,7.934,2.119,11.547,-0.596,-0.707,0.188,818,0,0
4203255,8.689,1.724,11.677,-0.73,-0.621,0.259,820,0,0
4203275,8.289,1.551,13.953,-0.487,-0.367,0.003,822,0,0
4203295,7.058,3.139,15.641,0.102,-0.434,-0.215,823,0,0
4203315,6.127,4.676,15.407,0.266,-0.812,-0.015,827,0,0
4203335,6.177,3.151,12.809,0.164,-1.154,0.262,829,0,0
4203355,6.565,1.681,10.197,0.215,-1.097,0.298,830,0,0
4203375,6.246,1.252,9.512,0.325,-0.801,0.18,831,0,0
4203395,6.223,1.008,8.432,0.513,-0.545,0.072,832,0,0
4203415,5.744,1.863,7.41,0.55,-0.262,0.169,833,0,0
4203435,5.368,1.422,7.104,0.148,-0.19,0.302,834,0,0
4203455,6.223,0.091,5.784,0.045,0.019,0.174,837,0,0
4203475,6.507,0.891,4.475,0.317,0.602,-0.012,838,0,0
4203495,4.638,2.09,5.344,0.403,1.003,0.174,840,0,0
4203515,3.472,1.829,6.838,0.205,0.578,0.506,842,0,0
4203535,4.341,0.79,6.235,0.295,-0.025,0.414,843,0,0
4203555,5.823,1.034,4.056,0.396,-0.175,0.192,845,0,0
4203683,8.016,-1.475,-0.323,0.548,0.638,-0.025,848,0,0
4203703,7.896,-2.021,-0.414,0.339,0.67,-0.096,849,0,0
4203723,7.843,-2.217,-0.268,0.128,0.646,-0.096,850,0,0
4203743,8.301,-1.867,1.058,-0.279,0.646,-0.115,852,0,0
4203763,8.768,-1.982,2.296,-0.594,0.754,-0.232,854,0,0
4203783,7.793,-1.626,3.543,-0.616,0.565,-0.303,856,0,0
4203803,7.726,-0.972,3.567,-0.646,0.067,-0.158,858,0,0
4203823,9.641,0.603,4.08,-0.867,0.009,-0.033,860,0,0
4203843,10.18,0.484,5.971,-1.157,0.228,0.013,861,0,0
4203863,9.773,0.101,7.982,-1.02,0.134,0.073,864,0,0
4203883,10.161,-0.034,8.588,-0.877,-0.043,0.12,864,0,0
4203903,10.693,-0.098,8.815,-0.855,-0.1,0.165,865,0,0
4203923,9.862,-0.943,9.179,-0.942,-0.126,0.089,866,0,0
4203943,9.95,-1.166,9.093,-0.968,-0.079,-0.055,866,0,0
4203963,9.196,0.579,11.325,-0.725,0.133,-0.234,867,0,0
4203983,8.37,1.776,14.404,-0.732,0.1,-0.325,868,0,0
4204003,7.685,2.078,14.794,-0.476,-0.238,-0.294,868,0,0
4204023,7.345,2.303,13.666,-0.297,-0.51,-0.268,868,0,0
4204043,7.609,2.71,12.962,-0.374,-0.63,-0.18,869,0,0
4204063,6.929,2.811,13.865,-0.217,-0.644,-0.085,869,0,0
4204083,6.062,2.519,13.635,-0.102,-0.918,0.003,869,0,0
4204103,6.151,1.729,11.722,0.032,-1.137,0.049,869,0,0
4204123,6.352,1.551,10.137,0.141,-1.136,0.07,870,0,0
4204143,6.033,1.432,9.761,0.106,-1.053,0.119,872,0,0
4204163,5.868,0.742,8.633,0.099,-1.023,0.146,870,0,0
4204291,6.23,-0.409,2.806,0.181,-0.634,0.284,872,0,0
4204311,6.642,-0.536,2.55,0.329,-0.619,0.206,874,0,0
4204331,7.046,-0.005,1.975,0.459,-0.548,0.204,875,0,0
4204351,7.259,0.026,1.204,0.405,-0.482,0.313,874,0,0
4204371,7.513,-0.63,0.57,0.281,-0.411,0.367,875,0,0
4204391,8.487,-1.451,-0.18,0.235,-0.274,0.306,877,0,0
4204411,8.803,-1.662,0.172,0.208,0.013,0.189,878,0,0
4204431,8.921,-2.028,1.01,0.113,0.113,0.136,879,0,0
4204451,9.424,-2.332,1.386,0.056,0.173,0.021,878,0,0
4204471,9.708,-1.925,1.834,-0.009,0.252,-0.088,880,0,0
4204491,9.694,-1.535,2.607,-0.156,0.299,-0.161,880,0,0
4204511,9.716,-1.092,3.448,-0.222,0.334,-0.218,884,0,0
4204531,9.606,-0.476,4.48,-0.238,0.32,-0.233,883,0,0
4204551,9.426,-0.182,5.004,-0.211,0.216,-0.236,885,0,0
4204571,9.409,0.225,5.1,-0.199,0.097,-0.228,888,0,0
4204591,9.431,0.553,5.128,-0.224,0.051,-0.181,892,0,0
4204611,9.311,0.84,5.674,-0.206,0.034,-0.108,895,0,0
4204782,8.497,-0.409,4.422,-0.323,-0.228,-0.034,1056,0,0
4204802,8.667,-0.12,4.125,-0.236,-0.256,-0.109,1105,0,0
4204822,8.983,0.043,3.639,-0.337,-0.182,-0.09,1158,0,0
4204842,8.942,0.06,3.261,-0.44,0.019,-0.107,1208,0,0
4204862,8.78,0.182,2.516,-0.45,0.294,-0.149,1269,0,0
4204882,9.73,0.072,0.836,-0.498,0.927,0.055,1359,0,0
4204902,8.878,0.745,2.998,-0.492,1.57,0.101,1468,0,0
4204922,7.951,-1.738,6.469,-0.693,1.046,-0.04,1583,0,0
4204942,7.558,-1.635,6.024,-1.332,0.625,-0.222,1700,0,0
4204962,8.66,-1.053,5.425,-0.646,0.186,-0.235,1795,0,0
4204982,9.855,-0.419,5.021,0.293,0.278,-0.16,1850,0,0
4205002,8.993,0.457,4.051,-0.101,0.484,-0.119,1888,0,0
4205022,7.882,-0.036,5.298,-0.557,0.597,-0.131,1915,0,0
4205042,7.563,-0.534,5.883,-0.203,0.322,-0.108,1933,0,0
4205155,8.401,-0.345,5.825,-0.037,-0.04,-0.031,1945,0,0
4205166,8.741,-0.357,5.638,-0.085,-0.046,0.008,1943,0,0
4205177,8.875,-0.383,5.432,-0.09,-0.031,0.033,1943,0,0
4205190,8.825,-0.311,5.186,-0.108,0.016,0.03,1943,0,0
4205202,8.449,-0.429,5.205,-0.125,0.092,0.002,1941,0,0
4205214,8.083,-0.553,5.298,-0.124,0.08,-0.023,1942,0,0
4205225,8.071,-0.601,5.37,-0.061,0.015,-0.042,1942,0,0
4205236,8.21,-0.445,5.471,0.014,-0.039,-0.058,1942,0,0
4205247,8.38,-0.409,5.483,0.028,-0.046,-0.066,1941,0,0
4205258,8.428,-0.371,5.464,-0.02,-0.026,-0.062,1941,0,0
4205269,8.519,-0.292,5.432,-0.015,-0.021,-0.054,1939,0,0
4205282,8.641,-0.223,5.332,0.021,-0.0,-0.041,1938,0,0
4205302,8.423,-0.01,5.102,-0.041,0.062,-0.006,1937,0,0
4205322,8.183,-0.215,5.155,-0.104,0.061,0.005,1936,0,0
4205342,7.975,-0.304,5.332,-0.087,0.048,-0.004,1936,0,0
4205362,8.219,-0.484,5.533,-0.06,-0.03,-0.003,1936,0,0
4205382,8.657,-0.395,5.464,-0.037,0.0,0.005,1935,0,0
4205402,8.717,-0.376,5.365,-0.012,0.109,-0.001,1933,0,0
4205422,8.193,-0.402,5.205,-0.033,0.193,-0.013,1930,0,0
4205442,7.989,-0.493,5.569,0.027,0.05,-0.059,1927,0,0
4205462,8.437,-0.445,5.267,-0.006,-0.008,-0.054,1923,0,0
4205482,8.516,-0.311,5.442,-0.034,0.042,-0.042,1919,0,0
4205502,8.44,-0.287,5.574,-0.094,0.096,-0.034,1914,0,0
4205522,8.047,-0.287,5.557,-0.007,0.072,-0.055,1912,0,0
4205542,8.176,-0.17,5.583,0.038,-0.017,-0.047,1910,0,0
4205562,8.356,-0.093,5.452,-0.043,-0.038,-0.019,1910,0,0
4205582,8.394,-0.225,5.504,-0.078,-0.053,-0.004,1909,0,0
4205602,8.475,-0.33,5.368,-0.033,-0.05,0.001,1906,0,0
4205622,8.526,-0.283,5.21,0.01,-0.01,-0.009,1904,0,0
4205642,8.325,-0.239,5.365,-0.011,0.033,-0.037,1904,0,0
4205662,8.267,-0.271,5.555,-0.012,-0.001,-0.052,1904,0,0
4205682,8.258,-0.172,5.559,0.013,-0.049,-0.046,1903,0,0
4205702,8.332,-0.182,5.375,-0.024,-0.085,-0.019,1901,0,0
4205722,8.464,-0.266,5.088,-0.048,-0.051,-0.004,1897,0,0
4205742,8.416,-0.34,4.922,-0.022,0.017,-0.02,1897,0,0
4205762,8.305,-0.362,5.193,-0.02,0.062,-0.056,1895,0,0
4205782,8.253,-0.168,5.545,0.032,0.061,-0.087,1896,0,0
4205802,8.265,0.002,5.655,0.043,0.015,-0.066,1892,0,0
4205822,8.353,0.005,5.428,-0.027,-0.002,-0.018,1894,0,0
4205842,8.389,-0.11,5.181,-0.071,0.016,-0.005,1893,0,0
4205862,8.291,-0.211,5.413,-0.07,0.033,-0.02,1893,0,0
4205882,8.349,-0.151,5.657,-0.023,0.047,-0.03,1893,0,0
4205902,8.181,0.005,5.698,0.021,0.017,-0.042,1892,0,0
4205922,8.238,0.014,5.516,-0.024,-0.039,-0.033,1891,0,0
4205942,8.428,-0.122,5.224,-0.054,-0.032,-0.007,1889,0,0
4205962,8.411,-0.278,5.188,-0.063,0.013,-0.008,1886,0,0
4205982,8.37,-0.405,5.171,-0.043,0.048,-0.036,1885,0,0
4206002,8.363,-0.306,5.164,0.012,0.072,-0.063,1883,0,0
4206022,8.255,-0.148,5.346,0.008,0.095,-0.092,1882,0,0
4206042,8.162,-0.079,5.423,-0.01,0.07,-0.097,1880,0,0
4206062,8.267,0.113,5.478,-0.008,0.042,-0.076,1881,0,0
4206082,8.298,0.091,5.382,-0.07,0.035,-0.046,1881,0,0
4206102,8.349,0.067,5.377,-0.045,0.047,-0.047,1878,0,0
4206122,8.327,0.045,5.502,-0.049,0.058,-0.072,1877,0,0
4206142,8.334,0.146,5.629,0.005,0.044,-0.063,1877,0,0
4206162,8.339,0.254,5.543,-0.012,-0.002,-0.027,1875,0,0
4206182,8.44,0.012,5.308,-0.088,-0.014,0.004,1872,0,0
4206202,8.475,-0.134,5.291,-0.057,0.02,-0.011,1872,0,0
4206222,8.373,-0.108,5.37,-0.024,0.037,-0.044,1872,0,0
4206242,8.375,-0.024,5.471,-0.001,0.031,-0.058,1871,0,0
4206262,8.344,0.038,5.44,0.021,0.042,-0.051,1870,0,0
4206282,8.327,0.108,5.459,0.044,0.05,-0.056,1870,0,0
4206302,8.217,0.302,5.502,0.029,0.025,-0.05,1869,0,0
4206322,8.234,0.304,5.471,-0.067,0.01,-0.016,1868,0,0
4206342,8.305,0.146,5.523,-0.085,0.009,-0.007,1866,0,0
4206362,8.234,0.127,5.583,-0.021,0.011,-0.011,1865,0,0
4206382,8.291,0.151,5.502,-0.011,0.0,-0.009,1862,0,0
4206402,8.274,0.129,5.37,-0.031,0.008,-0.006,1866,0,0
4206422,8.234,0.084,5.361,-0.038,0.009,-0.012,1861,0,0
4206442,8.205,0.055,5.42,-0.043,0.007,-0.006,1861,0,0
4206462,8.248,0.057,5.449,-0.053,0.006,-0.007,1861,0,0
4206482,8.203,0.062,5.545,-0.049,0.029,-0.028,1860,0,0
4206502,8.174,0.156,5.488,0.007,0.026,-0.039,1860,0,0
4206522,8.215,0.239,5.387,0.015,0.021,-0.041,1858,0,0
4206542,8.222,0.244,5.468,-0.035,0.042,-0.032,1857,0,0
4206562,8.183,0.206,5.607,-0.064,0.026,-0.009,1856,0,0
4206582,8.262,0.151,5.447,-0.059,-0.007,0.008,1856,0,0
4206602,8.42,-0.017,5.346,-0.091,-0.002,0.001,1856,0,0
4206622,8.401,0.026,5.42,-0.048,0.032,-0.019,1855,0,0
4206642,8.308,0.096,5.492,-0.049,0.017,-0.035,1854,0,0
4206662,8.327,0.12,5.452,-0.067,0.005,-0.037,1853,0,0
4206682,8.346,0.127,5.351,-0.049,0.006,-0.044,1851,0,0
4206702,8.248,0.333,5.413,-0.033,0.023,-0.047,1851,0,0
4206722,8.217,0.364,5.514,-0.074,0.006,-0.02,1852,0,0
4206742,8.31,0.323,5.485,-0.058,0.006,0.002,1851,0,0
4206762,8.308,0.271,5.444,-0.058,0.023,-0.001,1850,0,0
4206782,8.222,0.201,5.535,-0.026,0.013,-0.011,1851,0,0
4206802,8.229,0.192,5.411,-0.025,-0.007,-0.005,1850,0,0
4206822,8.332,0.17,5.368,-0.035,-0.007,-0.01,1850,0,0
4206842,8.265,0.153,5.382,-0.039,0.005,-0.014,1848,0,0
4206862,8.215,0.172,5.308,-0.022,0.003,-0.008,1846,0,0
4206882,8.25,0.251,5.308,-0.056,0.009,-0.002,1845,0,0
4206902,8.262,0.204,5.483,-0.08,0.028,-0.01,1845,0,0
4206922,8.191,0.158,5.545,-0.042,0.025,-0.028,1844,0,0
4206942,8.277,0.192,5.464,0.002,0.015,-0.029,1845,0,0
4206962,8.332,0.254,5.356,-0.007,0.014,-0.025,1844,0,0
4206982,8.303,0.266,5.397,-0.06,0.027,-0.009,1843,0,0
4207002,8.226,0.206,5.449,-0.093,0.033,0.001,1843,0,0
4207022,8.243,0.144,5.54,-0.054,0.017,-0.011,1845,0,0
4207042,8.258,0.201,5.49,-0.011,0.01,-0.03,1842,0,0
4207062,8.246,0.239,5.48,-0.01,0.02,-0.036,1842,0,0
4207082,8.21,0.345,5.497,-0.026,0.021,-0.023,1841,0,0
4207102,8.155,0.294,5.473,-0.076,0.012,0.002,1842,0,0
4207122,8.207,0.206,5.478,-0.084,0.001,-0.011,1841,0,0
4207142,8.284,0.199,5.461,-0.04,0.01,-0.026,1840,0,0
4207162,8.294,0.213,5.43,-0.02,0.024,-0.024,1840,0,0
4207182,8.325,0.218,5.356,-0.035,0.03,-0.017,1839,0,0
4207202,8.255,0.211,5.416,-0.074,0.042,-0.016,1839,0,0
4207222,8.203,0.256,5.519,-0.048,0.027,-0.022,1839,0,0
4207242,8.195,0.323,5.516,-0.037,0.014,-0.032,1839,0,0
4207262,8.284,0.306,5.454,-0.051,0.002,-0.04,1838,0,0
4207282,8.305,0.347,5.416,-0.04,0.024,-0.043,1838,0,0
4207302,8.236,0.357,5.447,-0.021,0.036,-0.04,1837,0,0
4207322,8.186,0.426,5.399,-0.025,0.019,-0.021,1837,0,0
4207342,8.279,0.366,5.435,-0.068,0.027,-0.004,1837,0,0
4207362,8.253,0.314,5.614,-0.077,0.042,-0.012,1836,0,0
4207382,8.262,0.285,5.684,-0.045,0.018,-0.021,1835,0,0
4207402,8.305,0.299,5.588,-0.021,0.01,-0.011,1835,0,0
4207422,8.289,0.28,5.48,-0.027,0.001,-0.02,1835,0,0
4207442,8.255,0.316,5.397,-0.055,0.006,-0.013,1834,0,0
4207462,8.229,0.271,5.456,-0.074,0.007,-0.002,1834,0,0
4207482,8.174,0.326,5.471,-0.066,0.021,-0.011,1833,0,0
4207502,8.203,0.333,5.452,-0.039,0.022,-0.028,1832,0,0
4207522,8.267,0.45,5.449,-0.016,0.033,-0.037,1830,0,0
