4283120,8.578,0.215,4.944,-0.108,0.018,0.01,1814,0,0
4283140,8.657,0.223,4.982,-0.034,-0.001,-0.013,1814,0,0
4283160,8.732,0.369,5.04,-0.03,0.006,-0.012,1814,0,0
4283180,8.6,0.335,5.186,-0.058,-0.002,0.007,1814,0,0
4283200,8.65,0.165,4.942,-0.051,-0.039,0.017,1813,0,0
4283220,8.76,0.029,4.736,-0.058,-0.021,0.01,1814,0,0
4283240,8.631,-0.038,4.748,-0.067,0.008,-0.007,1816,0,0
4283260,8.614,0.055,4.824,-0.044,-0.002,-0.01,1816,0,0
4283280,8.617,0.156,4.97,-0.064,0.031,-0.011,1815,0,0
4283301,8.497,0.259,5.157,-0.059,0.026,-0.02,1815,0,0
4283320,8.49,0.357,4.997,-0.026,-0.003,-0.003,1816,0,0
4283340,8.526,0.213,4.745,-0.076,-0.024,0.024,1814,0,0
4283360,8.65,0.127,4.623,-0.09,-0.012,0.03,1814,0,0
4283380,8.722,0.091,4.836,-0.093,0.029,-0.005,1813,0,0
4283400,8.631,0.122,4.992,-0.037,0.043,-0.038,1814,0,0
4283420,8.667,0.345,5.004,-0.001,0.024,-0.035,1814,0,0
4283440,8.679,0.335,4.954,-0.083,0.019,-0.009,1813,0,0
4283460,8.622,0.175,4.87,-0.114,0.015,0.002,1812,0,0
4283480,8.593,0.134,4.934,-0.066,-0.001,-0.02,1813,0,0
4283500,8.746,0.218,4.937,-0.036,0.005,-0.033,1812,0,0
4283520,8.696,0.304,5.021,-0.037,0.021,-0.034,1813,0,0
4283540,8.564,0.311,4.97,-0.03,0.009,-0.025,1811,0,0
4283560,8.586,0.283,4.846,-0.031,-0.018,-0.009,1812,0,0
4283580,8.705,0.196,4.695,-0.08,-0.019,-0.005,1812,0,0
4283600,8.693,0.153,4.841,-0.091,0.021,-0.006,1811,0,0
4283620,8.564,0.146,4.994,-0.047,0.035,-0.015,1812,0,0
4283640,8.547,0.182,4.925,-0.021,0.011,-0.018,1811,0,0
4283660,8.643,0.206,4.793,-0.055,0.009,-0.011,1810,0,0
4283680,8.684,0.213,4.932,-0.103,0.023,-0.018,1812,0,0
4283700,8.631,0.23,5.085,-0.064,0.024,-0.023,1812,0,0
4283720,8.645,0.247,4.937,-0.03,0.019,-0.014,1812,0,0
4283740,8.598,0.225,4.82,-0.041,0.016,-0.018,1811,0,0
4283760,8.66,0.206,4.81,-0.074,0.004,-0.031,1811,0,0
4283780,8.71,0.206,4.815,-0.093,0.013,-0.017,1811,0,0
4283800,8.748,0.206,4.942,-0.098,0.039,-0.019,1812,0,0
4283820,8.624,0.259,5.064,-0.054,0.047,-0.03,1811,0,0
4283840,8.571,0.4,5.138,-0.028,0.008,-0.032,1811,0,0
4283860,8.672,0.39,4.896,-0.054,-0.028,-0.006,1812,0,0
4283880,8.703,0.359,4.863,-0.076,-0.016,0.006,1811,0,0
4283900,8.629,0.318,4.93,-0.08,-0.001,0.008,1811,0,0
4283920,8.526,0.275,4.963,-0.01,-0.004,0.005,1811,0,0
4283940,8.583,0.254,4.908,-0.017,-0.014,0.003,1811,0,0
4283960,8.602,0.266,4.891,-0.043,-0.013,0.008,1810,0,0
4283980,8.593,0.192,4.98,-0.102,-0.013,0.009,1812,0,0
4284000,8.61,0.089,4.863,-0.056,-0.021,-0.002,1811,0,0
4284020,8.693,0.074,4.683,-0.023,0.001,-0.019,1809,0,0
4284040,8.645,0.163,4.69,-0.025,0.035,-0.029,1812,0,0
4284060,8.59,0.199,4.829,-0.084,0.029,-0.017,1810,0,0
4284080,8.605,0.184,4.93,-0.088,0.03,-0.015,1811,0,0
4284100,8.643,0.196,4.994,-0.065,0.015,-0.042,1811,0,0
4284120,8.712,0.385,4.98,-0.025,0.025,-0.052,1811,0,0
4284140,8.617,0.472,4.951,-0.035,0.023,-0.038,1810,0,0
4284160,8.569,0.433,4.815,-0.05,0.004,-0.017,1812,0,0
4284180,8.696,0.366,4.808,-0.077,0.01,-0.002,1810,0,0
4284200,8.645,0.263,5.069,-0.064,0.031,-0.007,1810,0,0
4284220,8.657,0.256,5.049,-0.005,0.006,-0.012,1811,0,0
4284240,8.689,0.345,4.954,-0.035,0.0,0.003,1812,0,0
4284260,8.641,0.156,4.882,-0.094,-0.018,0.003,1812,0,0
4284280,8.691,0.081,4.712,-0.049,-0.013,-0.015,1811,0,0
4284300,8.624,0.141,4.705,-0.052,0.028,-0.032,1811,0,0
4284320,8.547,0.201,4.855,-0.041,0.034,-0.044,1811,0,0
4286705,8.777,0.247,4.762,-0.081,-0.012,-0.015,1803,0,0
4286725,8.712,0.235,4.815,-0.02,0.004,-0.032,1802,0,0
4286745,8.633,0.357,4.755,-0.032,0.021,-0.03,1802,0,0
4286765,8.569,0.417,4.693,-0.073,0.017,-0.02,1802,0,0
4286785,8.645,0.4,4.678,-0.109,0.029,0.0,1802,0,0
4286805,8.708,0.364,4.927,-0.105,0.057,0.009,1802,0,0
4286825,8.595,0.309,5.15,-0.112,0.057,-0.01,1801,0,0
4286845,8.557,0.318,4.875,-0.051,0.03,-0.031,1801,0,0
4286865,8.684,0.385,4.542,-0.085,0.042,-0.027,1800,0,0
4286885,8.705,0.342,4.681,-0.147,0.077,-0.013,1800,0,0
4286905,8.686,0.309,4.961,-0.152,0.095,-0.013,1800,0,0
4286925,8.734,0.338,5.037,-0.11,0.088,-0.018,1800,0,0
4287058,8.588,0.283,4.743,-0.129,0.018,-0.028,1799,0,0
4287078,8.581,0.196,4.764,-0.175,0.066,-0.015,1799,0,0
4287098,8.502,0.194,4.934,-0.177,0.087,-0.018,1799,0,0
4287118,8.444,0.263,5.152,-0.172,0.109,-0.026,1799,0,0
4287138,8.289,0.223,5.411,-0.175,0.074,-0.045,1799,0,0
4287158,8.461,0.247,5.392,-0.161,0.025,-0.076,1802,0,0
4287178,8.581,0.287,5.236,-0.154,0.018,-0.084,1801,0,0
4287198,8.528,0.223,5.207,-0.177,0.015,-0.085,1800,0,0
4287218,8.447,0.11,5.107,-0.182,-0.01,-0.095,1801,0,0
4287238,8.583,0.072,5.028,-0.157,-0.022,-0.114,1801,0,0
4287258,8.66,0.156,5.061,-0.162,-0.023,-0.109,1800,0,0
4287278,8.61,0.172,5.042,-0.179,-0.033,-0.094,1800,0,0
4287298,8.72,0.146,4.906,-0.171,-0.029,-0.092,1800,0,0
4287318,8.66,0.266,4.867,-0.156,-0.012,-0.098,1799,0,0
4287338,8.648,0.309,4.839,-0.124,-0.017,-0.09,1799,0,0
4287358,8.698,0.407,4.831,-0.098,-0.015,-0.071,1799,0,0
4287378,8.578,0.476,4.798,-0.121,-0.007,-0.048,1799,0,0
4287398,8.509,0.436,4.764,-0.132,-0.02,-0.03,1799,0,0
4289168,8.6,0.294,5.155,-0.013,0.077,-0.012,1799,0,0
4289188,8.444,0.366,5.14,-0.019,0.05,-0.014,1798,0,0
4289208,8.399,0.424,5.013,-0.071,0.005,-0.005,1798,0,0
4289228,8.55,0.359,4.987,-0.11,0.003,0.003,1798,0,0
4289249,8.581,0.304,5.028,-0.078,0.037,-0.011,1799,0,0
4289268,8.473,0.417,5.107,-0.014,0.045,-0.029,1797,0,0
4289288,8.368,0.508,5.009,-0.03,0.018,-0.022,1798,0,0
4289308,8.581,0.472,4.93,-0.084,-0.018,-0.009,1798,0,0
4289328,8.693,0.419,4.992,-0.083,0.02,-0.01,1797,0,0
4289348,8.526,0.455,5.124,-0.011,0.033,-0.024,1798,0,0
4289368,8.554,0.553,5.131,0.007,0.0,-0.013,1798,0,0
4289388,8.655,0.498,5.052,-0.074,-0.02,0.011,1798,0,0
4289409,8.696,0.321,4.994,-0.098,-0.019,0.012,1797,0,0
4289428,8.648,0.232,4.927,-0.05,-0.012,-0.007,1798,0,0
4289449,8.648,0.297,4.939,-0.041,0.013,-0.035,1797,0,0
4289468,8.499,0.493,5.104,-0.038,0.014,-0.044,1797,0,0
4289488,8.471,0.618,5.08,-0.065,-0.022,-0.015,1798,0,0
4289508,8.595,0.52,5.037,-0.106,-0.029,0.01,1798,0,0
4289528,8.638,0.333,4.992,-0.092,-0.001,0.004,1797,0,0
4289548,8.519,0.354,4.896,-0.009,0.006,-0.009,1797,0,0
4289568,8.535,0.433,4.848,-0.054,0.015,-0.001,1797,0,0
4289588,8.499,0.424,4.956,-0.098,0.013,0.001,1797,0,0
4289608,8.487,0.373,4.961,-0.068,-0.009,-0.003,1797,0,0
4289628,8.578,0.388,4.831,-0.055,0.002,-0.009,1797,0,0
4289648,8.607,0.417,4.81,-0.04,0.038,-0.03,1798,0,0
4289668,8.49,0.579,4.918,-0.035,0.062,-0.038,1796,0,0
4289688,8.452,0.632,5.016,-0.041,0.047,-0.027,1796,0,0
4289708,8.49,0.532,5.013,-0.066,0.011,-0.015,1796,0,0
4289728,8.665,0.39,4.946,-0.059,0.005,-0.002,1797,0,0
4289749,8.677,0.318,4.961,-0.056,0.034,-0.009,1797,0,0
4289768,8.593,0.33,4.994,-0.034,0.042,-0.022,1796,0,0
4289788,8.49,0.438,5.107,-0.055,0.033,-0.027,1797,0,0
4289808,8.507,0.455,5.145,-0.073,0.001,-0.02,1797,0,0
4289828,8.624,0.491,5.064,-0.067,-0.007,-0.007,1796,0,0
4289848,8.617,0.474,4.975,-0.071,0.017,-0.003,1796,0,0
4289869,8.535,0.469,4.934,-0.046,0.031,-0.007,1797,0,0
4289888,8.562,0.539,4.963,-0.042,0.013,-0.005,1796,0,0
4289908,8.662,0.541,5.011,-0.071,0.015,0.013,1795,0,0
4289928,8.653,0.469,5.033,-0.084,0.025,0.026,1796,0,0
4289948,8.657,0.426,4.982,-0.049,0.009,0.02,1796,0,0
4289968,8.578,0.409,4.987,-0.06,0.004,0.01,1796,0,0
4289989,8.523,0.35,5.023,-0.076,-0.013,-0.006,1796,0,0
4290008,8.578,0.409,5.037,-0.054,-0.02,-0.017,1797,0,0
4290028,8.55,0.51,5.064,-0.049,-0.002,-0.017,1796,0,0
4290048,8.447,0.515,5.028,-0.029,0.005,-0.013,1796,0,0
4290068,8.38,0.527,4.925,-0.04,-0.011,0.003,1796,0,0
4290088,8.535,0.479,4.882,-0.088,-0.008,0.021,1798,0,0
4290109,8.59,0.278,4.911,-0.132,0.025,0.022,1796,0,0
4290128,8.528,0.184,4.915,-0.048,0.049,-0.003,1795,0,0
4290148,8.516,0.373,5.054,-0.008,0.049,-0.023,1796,0,0
4290169,8.516,0.536,5.138,-0.068,0.031,-0.006,1796,0,0
4290189,8.569,0.464,5.078,-0.12,0.013,0.007,1796,0,0
4290208,8.679,0.35,4.978,-0.103,0.019,-0.01,1796,0,0
4290229,8.629,0.412,4.966,-0.024,0.044,-0.031,1797,0,0
4290248,8.583,0.608,5.037,0.001,0.039,-0.026,1796,0,0
4290268,8.598,0.589,5.121,-0.094,0.016,0.007,1797,0,0
4290288,8.622,0.448,5.133,-0.123,-0.002,0.021,1796,0,0
4290308,8.61,0.328,5.045,-0.072,-0.011,0.016,1795,0,0
4290328,8.633,0.333,4.865,-0.037,0.01,0.006,1795,0,0
4290348,8.456,0.34,4.894,-0.051,0.029,-0.012,1795,0,0
4290369,8.459,0.421,4.961,-0.054,0.0,-0.018,1795,0,0
4290389,8.468,0.46,4.92,-0.099,0.004,0.001,1796,0,0
4290408,8.531,0.445,5.059,-0.091,0.026,-0.004,1795,0,0
4290428,8.49,0.479,5.085,-0.031,0.04,-0.019,1796,0,0
4290448,8.475,0.52,4.958,-0.006,0.037,-0.013,1795,0,0
4290469,8.54,0.529,4.954,-0.06,0.044,0.005,1796,0,0
4290488,8.499,0.369,5.016,-0.094,0.032,0.016,1797,0,0
4290508,8.626,0.28,4.973,-0.084,0.029,0.01,1794,0,0
4290529,8.655,0.285,5.04,-0.044,0.076,-0.012,1797,0,0
4290549,8.411,0.45,5.183,0.008,0.083,-0.031,1795,0,0
4290568,8.382,0.625,5.2,-0.016,0.022,-0.023,1796,0,0
4290588,8.576,0.546,5.059,-0.104,-0.013,0.01,1795,0,0
4290608,8.636,0.414,5.037,-0.086,0.022,0.008,1795,0,0
4290628,8.523,0.383,5.057,-0.027,0.042,-0.013,1795,0,0
4290648,8.447,0.527,5.08,0.004,0.023,-0.011,1794,0,0
4290669,8.528,0.467,5.073,-0.078,0.003,0.013,1795,0,0
4290688,8.6,0.342,5.121,-0.098,0.009,0.014,1795,0,0
4290708,8.547,0.335,5.169,-0.061,0.019,0.011,1794,0,0
4290728,8.487,0.335,5.1,-0.04,0.015,0.004,1795,0,0
4290748,8.447,0.35,5.03,-0.066,0.002,-0.012,1796,0,0
4290768,8.581,0.338,5.04,-0.085,0.006,-0.021,1796,0,0
4290788,8.55,0.453,5.124,-0.072,0.037,-0.016,1796,0,0
4290808,8.444,0.551,5.203,-0.031,0.041,-0.007,1796,0,0
4290828,8.444,0.579,5.112,-0.067,0.004,0.014,1796,0,0
4290848,8.581,0.438,5.042,-0.122,-0.007,0.024,1796,0,0
4290868,8.588,0.297,5.148,-0.104,0.013,0.012,1797,0,0
4290888,8.547,0.362,5.155,-0.02,0.01,-0.005,1796,0,0
4290909,8.497,0.551,5.061,-0.024,0.002,0.001,1796,0,0
4290928,8.425,0.546,5.006,-0.099,-0.009,0.021,1797,0,0
4290948,8.466,0.472,5.045,-0.122,-0.015,0.039,1795,0,0
4290968,8.552,0.373,5.052,-0.124,-0.01,0.039,1797,0,0
4290989,8.588,0.323,5.059,-0.061,0.015,0.021,1796,0,0
4291008,8.466,0.395,5.054,-0.021,0.026,0.002,1796,0,0
4291028,8.49,0.455,5.035,-0.034,-0.006,0.012,1797,0,0
4291049,8.605,0.338,5.018,-0.108,-0.011,0.041,1797,0,0
4291069,8.65,0.129,5.033,-0.11,0.003,0.028,1797,0,0
4291088,8.598,0.17,5.061,-0.033,0.03,-0.003,1798,0,0
4291108,8.511,0.364,5.148,-0.014,0.024,-0.012,1796,0,0
4291128,8.461,0.443,5.069,-0.08,-0.02,0.001,1797,0,0
4291148,8.607,0.333,4.994,-0.126,-0.025,0.016,1797,0,0
4291169,8.586,0.259,4.956,-0.09,0.009,0.002,1797,0,0
4291188,8.54,0.357,4.942,-0.005,0.034,-0.017,1796,0,0
4291209,8.432,0.474,5.016,-0.047,0.034,0.004,1796,0,0
4291228,8.478,0.395,5.164,-0.109,-0.002,0.022,1797,0,0
4291248,8.607,0.275,5.107,-0.102,-0.006,0.026,1797,0,0
4291268,8.574,0.232,4.968,-0.042,0.008,0.002,1797,0,0
4291288,8.538,0.316,4.872,-0.017,0.032,-0.009,1796,0,0
4291308,8.401,0.371,4.968,-0.053,0.042,-0.001,1797,0,0
4291329,8.449,0.314,5.085,-0.106,0.016,0.002,1797,0,0
4291348,8.552,0.29,5.136,-0.079,0.021,-0.007,1797,0,0
4291369,8.533,0.357,5.126,-0.028,0.04,-0.026,1797,0,0
4291389,8.514,0.551,5.09,-0.003,0.043,-0.016,1797,0,0
4291409,8.456,0.469,5.001,-0.071,0.026,0.019,1796,0,0
4291428,8.492,0.213,4.93,-0.129,0.017,0.032,1795,0,0
4291448,8.571,0.204,5.114,-0.106,0.033,0.023,1797,0,0
4291468,8.531,0.201,5.215,-0.078,0.046,0.006,1796,0,0
4291489,8.485,0.393,5.181,0.002,0.049,-0.006,1795,0,0
4291509,8.43,0.462,5.114,-0.04,0.048,0.02,1796,0,0
4291528,8.413,0.338,5.078,-0.055,0.036,0.044,1794,0,0
4291549,8.578,0.275,5.114,-0.083,0.031,0.061,1794,0,0
4291569,8.662,0.182,5.406,-0.079,0.061,0.077,1793,0,0
4291588,8.636,0.206,5.59,-0.019,0.053,0.065,1787,0,0
4291608,8.77,0.292,5.727,0.066,0.029,0.074,1776,0,0
4291629,9.017,0.22,5.804,0.175,-0.024,0.109,1753,0,0
4291648,9.045,0.292,6.122,0.359,-0.126,0.159,1688,0,0
4291669,8.475,0.527,5.643,0.357,-0.195,0.199,1568,0,0
4291688,8.373,0.498,5.959,0.263,-0.316,0.254,1474,0,0
4291708,8.559,0.591,5.641,0.247,-0.375,0.249,1392,0,0
4291728,8.461,0.761,5.703,0.159,-0.414,0.213,1321,0,0
4291748,7.834,0.725,5.358,0.008,-0.419,0.229,1257,0,0
4291768,7.968,0.594,5.598,0.073,-0.541,0.211,1190,0,0
4291788,8.042,0.761,5.547,0.121,-0.669,0.237,1124,0,0
4291808,8.48,0.579,5.399,-0.011,-0.79,0.329,1062,0,0
4291828,8.76,0.124,5.076,-0.091,-0.832,0.353,996,0,0
4291848,8.93,-0.486,5.057,0.002,-0.898,0.284,944,0,0
4291868,8.44,-0.52,4.355,0.238,-0.956,0.266,897,0,0
4291888,9.11,-0.17,3.938,0.546,-0.946,0.22,862,0,0
4291908,8.1,0.089,4.436,0.592,-1.129,0.31,833,0,0
4291928,7.07,-0.287,5.236,0.191,-1.87,0.363,813,0,0
4291948,6.981,-1.056,1.908,0.456,-2.231,0.518,798,0,0
4291968,8.76,-0.654,-2.84,1.108,-1.657,0.411,770,0,0
4291988,9.618,-1.7,-5.571,0.613,-0.357,-0.254,751,0,0
4292009,7.786,-1.834,-4.666,0.139,0.82,-0.618,740,0,0
4292028,6.306,-1.7,-3.804,-0.026,1.409,-0.773,738,0,0
4292048,6.771,-1.123,-3.412,-0.163,1.895,-0.854,741,0,0
4292068,7.082,-0.388,-1.563,-0.32,2.322,-0.879,745,0,0
4292088,7.434,-0.235,0.546,-0.331,2.389,-0.879,751,0,0
4292108,8.373,0.247,1.724,-0.374,2.209,-0.851,754,0,0
4292128,9.412,0.347,3.266,-0.462,1.963,-0.758,759,0,0
4292148,10.669,0.338,3.666,-0.399,1.689,-0.604,763,0,0
4292168,11.698,1.113,4.554,-0.412,1.669,-0.623,766,0,0
4292188,10.278,1.35,7.408,-0.503,1.396,-0.596,769,0,0
4292209,9.886,0.692,7.135,-0.461,0.659,-0.33,775,0,0
4292228,10.23,-0.077,5.004,-0.557,0.344,-0.116,777,0,0
4292248,10.867,0.187,5.672,-0.795,0.613,-0.036,781,0,0
4292268,9.704,0.285,9.713,-0.758,0.742,-0.214,783,0,0
4292288,8.48,2.102,13.01,-0.351,0.342,-0.145,784,0,0
4292308,8.966,2.729,13.082,-0.325,-0.19,0.196,788,0,0
4292329,9.929,2.509,12.388,-0.528,-0.403,0.409,790,0,0
4292349,9.96,1.863,13.424,-0.658,-0.43,0.332,794,0,0
4292368,9.199,2.105,14.887,-0.239,-0.54,0.119,796,0,0
4292389,8.396,3.381,15.076,0.082,-0.903,0.121,798,0,0
4292408,8.217,3.184,13.472,0.07,-1.275,0.356,800,0,0
4292428,8.028,1.867,11.195,-0.024,-1.467,0.507,802,0,0
4292448,7.807,0.754,9.376,-0.005,-1.448,0.451,803,0,0
4292468,7.326,0.541,8.789,0.109,-1.304,0.346,805,0,0
4292488,6.764,0.22,8.207,0.214,-1.298,0.303,806,0,0
4292508,6.879,0.625,6.555,0.254,-1.274,0.347,808,0,0
4292528,7.295,0.431,4.956,0.074,-1.009,0.424,810,0,0
4292548,7.046,0.01,4.041,-0.005,-0.617,0.407,811,0,0
4292569,5.83,0.002,4.123,-0.109,-0.449,0.326,812,0,0
4292588,5.562,-0.302,3.661,0.067,-0.501,0.269,813,0,0
4292609,5.662,0.589,2.394,0.156,-0.536,0.296,813,0,0
4292628,6.316,0.122,1.044,-0.072,-0.427,0.373,814,0,0
4292649,6.448,-0.728,0.122,0.076,-0.106,0.234,816,0,0
4292668,5.555,0.397,0.012,0.213,0.045,0.119,816,0,0
4292688,5.526,-0.031,-0.467,0.086,-0.032,0.196,816,0,0
4292708,6.495,-0.974,-1.966,0.203,0.038,0.124,817,0,0
4292728,7.163,-1.288,-2.768,0.33,0.36,-0.104,819,0,0
4292748,7.341,-1.482,-2.883,0.441,0.695,-0.352,820,0,0
4292768,7.439,-1.602,-2.78,0.48,0.857,-0.518,821,0,0
4292788,7.831,-2.016,-2.605,0.357,0.974,-0.614,824,0,0
4292809,8.447,-2.152,-2.653,0.099,1.126,-0.661,825,0,0
4292829,8.581,-2.497,-2.114,-0.144,1.363,-0.806,826,0,0
4292848,8.416,-1.982,-1.111,-0.11,1.463,-0.965,826,0,0
4292869,8.911,-0.895,-0.333,-0.118,1.542,-0.934,828,0,0
4292888,9.232,0.014,2.176,-0.309,1.618,-0.722,829,0,0
4292908,9.517,-0.311,4.211,-0.533,1.355,-0.539,830,0,0
4292928,10.87,-0.314,5.095,-0.515,1.162,-0.486,831,0,0
4292948,11.949,0.385,6.361,-0.55,1.279,-0.445,831,0,0
4292969,10.736,-0.05,8.44,-0.578,1.027,-0.331,832,0,0
4292988,10.764,-0.194,8.159,-0.531,0.591,-0.201,833,0,0
4293008,11.179,0.881,9.131,-0.651,0.555,-0.108,833,0,0
4293028,10.975,1.477,11.748,-0.833,0.478,0.042,834,0,0
4293048,9.95,0.826,13.077,-0.772,0.214,0.009,836,0,0
4293068,9.495,1.283,12.349,-0.583,-0.111,-0.089,835,0,0
4293088,9.989,2.191,12.471,-0.616,-0.081,-0.159,836,0,0
4293109,8.756,3.266,15.476,-0.583,-0.127,-0.153,836,0,0
4293129,7.503,3.56,16.81,-0.298,-0.533,-0.065,840,0,0
4293148,7.044,3.814,15.912,-0.082,-1.116,0.04,841,0,0
4293168,7.01,3.493,13.3,0.012,-1.426,0.224,840,0,0
4293188,6.847,2.198,10.987,-0.001,-1.546,0.357,842,0,0
4293209,6.249,1.302,9.792,0.126,-1.507,0.357,843,0,0
4293229,5.818,1.286,9.23,0.199,-1.569,0.366,843,0,0
4293248,5.873,0.903,8.404,0.184,-1.61,0.406,844,0,0
4293268,5.871,0.658,7.276,0.223,-1.614,0.441,845,0,0
4293288,5.607,0.673,6.613,0.239,-1.629,0.521,845,0,0
4293308,5.885,0.275,5.729,0.206,-1.679,0.564,847,0,0
4293328,6.515,-0.151,4.219,0.203,-1.632,0.524,847,0,0
4293348,6.713,-0.189,3.448,0.247,-1.465,0.465,848,0,0
4293368,6.828,-0.165,2.595,0.276,-1.374,0.495,849,0,0
4293389,7.092,0.048,1.887,0.283,-1.247,0.554,849,0,0
4293408,7.087,-0.22,1.75,0.136,-1.184,0.585,851,0,0
4293429,7.295,-0.723,0.833,0.129,-1.221,0.598,852,0,0
4293448,7.918,-1.276,-0.917,0.19,-1.126,0.528,855,0,0
4293468,8.128,-1.329,-1.784,0.284,-0.837,0.377,859,0,0
4293488,8.14,-1.073,-1.98,0.303,-0.562,0.254,860,0,0
4293508,7.805,-1.355,-1.851,0.213,-0.425,0.237,863,0,0
4293528,8.265,-1.973,-2.028,0.1,-0.398,0.177,865,0,0
4293548,8.715,-2.425,-2.344,0.131,-0.273,0.069,867,0,0
4293569,9.306,-2.234,-2.693,0.199,-0.045,-0.015,871,0,0
4293589,9.5,-2.308,-2.066,-0.018,0.314,-0.145,874,0,0
4293608,9.388,-2.473,-0.543,-0.113,0.393,-0.255,874,0,0
4293629,9.323,-1.999,0.33,-0.089,0.31,-0.317,875,0,0
4293648,9.603,-1.511,0.881,-0.211,0.211,-0.342,878,0,0
4293668,10.645,-0.891,1.379,-0.293,0.229,-0.348,880,0,0
4293688,11.303,-0.577,1.664,-0.322,0.415,-0.376,889,0,0
4293708,10.448,-0.354,2.904,-0.349,0.527,-0.452,898,0,0
4293728,10.987,0.024,3.29,-0.428,0.401,-0.525,911,0,0
4293749,10.496,0.424,3.618,-0.476,0.346,-0.451,929,0,0
4293768,9.984,0.919,3.816,-0.517,0.197,-0.3,966,0,0
4293789,11.775,0.529,2.701,-0.677,0.345,-0.221,1031,0,0
4293808,11.83,0.402,1.693,-0.717,0.887,-0.292,1094,0,0
4293828,10.884,0.29,1.482,-0.646,1.281,-0.238,1148,0,0
4293848,10.206,-0.187,0.816,-0.566,1.803,0.282,1215,0,0
4293868,8.495,0.055,5.595,-0.62,1.332,0.15,1321,0,0
4293888,7.767,-1.195,5.277,-0.833,0.866,0.118,1448,0,0
4293908,8.274,-0.457,4.671,-0.671,0.307,0.009,1590,0,0
4293929,9.096,0.084,4.604,0.106,0.18,-0.008,1714,0,0
4293949,9.21,0.431,4.051,0.06,0.142,0.067,1805,0,0
4293968,8.827,0.022,3.807,-0.43,0.245,0.129,1856,0,0
4293989,8.684,-0.551,3.819,-0.3,0.163,0.111,1891,0,0
4294008,8.866,-0.637,3.759,0.034,0.076,0.056,1911,0,0
4294029,9.213,-0.515,3.9,0.003,0.076,0.03,1927,0,0
4294048,9.136,-0.589,3.814,-0.057,0.093,0.0,1936,0,0
4294068,9.187,-0.69,3.938,-0.048,0.052,-0.042,1940,0,0
4294088,9.519,-0.802,3.907,-0.07,0.046,-0.066,1942,0,0
4294108,9.313,-0.634,3.977,-0.029,0.13,-0.107,1945,0,0
4294129,9.282,-0.445,4.365,0.074,0.127,-0.125,1944,0,0
4294149,9.021,-0.206,4.322,0.024,0.057,-0.096,1943,0,0
4294168,9.143,-0.385,4.322,-0.049,-0.029,-0.064,1943,0,0
4294188,9.577,-0.611,3.955,-0.075,-0.021,-0.026,1941,0,0
4294208,9.359,-0.637,3.891,-0.006,0.084,-0.022,1940,0,0
4294228,9.1,-0.634,3.644,-0.026,0.127,-0.032,1937,0,0
4294249,8.909,-0.294,4.152,-0.013,0.126,-0.034,1937,0,0
4294269,9.014,-0.261,4.46,-0.091,0.047,-0.037,1936,0,0
4294288,9.254,-0.385,4.149,-0.046,-0.008,-0.012,1936,0,0
4294308,9.261,-0.376,3.68,-0.039,0.071,0.004,1932,0,0
4294328,8.873,-0.481,3.689,-0.025,0.105,-0.046,1929,0,0
4294348,9.005,-0.333,3.915,0.004,0.043,-0.086,1926,0,0
4294368,9.16,-0.223,3.974,-0.06,0.065,-0.065,1922,0,0
4294388,9.12,-0.139,4.219,0.012,0.132,-0.055,1920,0,0
4294408,9.036,-0.014,4.144,0.086,0.106,-0.056,1918,0,0
4294428,8.873,-0.151,3.768,0.005,0.113,-0.026,1913,0,0
4294448,9.012,-0.364,3.881,-0.035,0.101,-0.03,1908,0,0
4294468,9.33,-0.395,4.022,0.022,0.129,-0.073,1904,0,0
4294488,9.251,-0.251,4.14,0.061,0.198,-0.08,1903,0,0
4294508,8.894,-0.127,4.12,0.075,0.255,-0.071,1902,0,0
4294528,8.808,-0.093,4.427,0.051,0.157,-0.077,1900,0,0
4294548,9.151,-0.079,4.355,0.01,0.097,-0.064,1898,0,0
4294568,9.316,-0.093,4.369,-0.03,0.127,-0.046,1894,0,0
4294588,9.27,-0.283,4.401,-0.036,0.163,-0.051,1890,0,0
4294609,8.945,-0.081,4.599,0.043,0.169,-0.055,1887,0,0
4294628,8.871,-0.045,4.834,0.024,0.051,-0.076,1885,0,0
4294649,9.227,-0.132,4.654,-0.03,0.003,-0.057,1882,0,0
4294668,9.309,-0.045,4.551,-0.009,0.037,-0.038,1878,0,0
4294688,9.038,-0.103,4.635,-0.052,0.038,-0.039,1878,0,0
4294708,8.973,-0.11,4.623,0.011,-0.041,-0.03,1877,0,0
4294728,9.072,-0.065,4.29,-0.034,-0.066,0.0,1874,0,0
4294748,9.136,-0.134,4.226,-0.097,-0.021,0.002,1874,0,0
4294768,9.029,-0.273,4.175,-0.051,0.016,-0.022,1872,0,0
4294789,8.897,-0.206,4.13,0.063,0.009,-0.06,1872,0,0
4294808,8.954,-0.045,4.185,0.06,0.034,-0.078,1871,0,0
4294829,8.978,0.196,4.398,0.034,0.059,-0.071,1871,0,0
4294848,8.875,0.263,4.48,-0.06,0.045,-0.035,1869,0,0
4294869,8.825,0.093,4.293,-0.079,0.023,0.007,1867,0,0
4294888,8.887,-0.06,4.209,-0.047,0.014,0.003,1865,0,0
4294909,9.026,-0.091,4.302,-0.052,0.034,-0.03,1863,0,0
4294928,8.997,-0.057,4.422,-0.009,0.058,-0.053,1863,0,0
4294948,9.007,-0.012,4.401,0.043,0.072,-0.064,1862,0,0
4294968,8.765,0.136,4.42,0.027,0.068,-0.057,1860,0,0
4294988,8.787,0.182,4.415,-0.058,0.01,-0.032,1860,0,0
4295008,8.904,0.014,4.295,-0.103,-0.003,-0.021,1859,0,0
4295029,9.05,-0.067,4.31,-0.05,0.024,-0.043,1857,0,0
4295048,9.088,0.041,4.465,0.043,0.079,-0.071,1857,0,0
4295068,8.94,0.29,4.59,0.052,0.073,-0.067,1856,0,0
4295088,8.803,0.328,4.496,-0.031,0.006,-0.022,1855,0,0
4295109,8.918,0.091,4.223,-0.094,-0.033,0.019,1855,0,0
4295128,9.194,-0.074,4.214,-0.082,-0.002,0.012,1854,0,0
4295148,9.206,-0.081,4.35,-0.027,0.059,-0.025,1852,0,0
4295168,8.938,0.014,4.314,0.012,0.075,-0.041,1852,0,0
4295188,8.847,0.249,4.453,-0.013,0.06,-0.025,1852,0,0
4295208,8.918,0.259,4.647,-0.107,0.012,-0.004,1851,0,0
4295228,9.002,0.134,4.64,-0.113,-0.013,0.005,1851,0,0
4295248,9.024,0.072,4.477,-0.039,-0.006,-0.005,1848,0,0
4295269,8.978,0.11,4.314,0.0,0.002,-0.012,1847,0,0
4295289,8.971,0.11,4.25,-0.039,-0.001,-0.017,1847,0,0
4295308,8.94,0.065,4.329,-0.074,0.001,-0.013,1846,0,0
4295329,8.993,0.175,4.508,-0.042,0.039,-0.013,1846,0,0
4295348,8.803,0.235,4.597,-0.021,0.03,-0.016,1845,0,0
4295368,8.789,0.275,4.379,-0.024,-0.013,0.001,1844,0,0
4295388,8.971,0.17,4.398,-0.102,-0.01,0.008,1844,0,0
4295408,8.921,-0.014,4.468,-0.076,0.014,-0.01,1844,0,0
4295428,8.863,0.101,4.441,0.029,0.025,-0.04,1843,0,0
4295448,8.933,0.235,4.288,-0.011,0.034,-0.033,1841,0,0
4295468,8.856,0.213,4.413,-0.066,0.03,-0.001,1840,0,0
4295489,8.861,0.091,4.578,-0.111,-0.012,0.007,1841,0,0
4295509,8.969,0.0,4.463,-0.07,-0.023,-0.001,1840,0,0
4295528,8.99,0.055,4.365,-0.031,0.01,-0.03,1839,0,0
4295549,8.914,0.091,4.345,-0.004,0.034,-0.052,1839,0,0
4295568,8.88,0.158,4.259,0.009,0.026,-0.057,1838,0,0
4295588,8.95,0.235,4.278,-0.013,0.036,-0.042,1838,0,0
4295608,8.906,0.311,4.379,-0.075,0.038,-0.012,1837,0,0
4295628,8.89,0.287,4.506,-0.124,0.025,0.002,1837,0,0
