4137955,7.331,0.541,6.759,-0.083,0.024,0.014,1753,0,0
4137975,7.293,0.584,6.821,-0.068,0.019,-0.019,1751,0,0
4137995,7.195,0.807,6.826,-0.063,0.011,-0.033,1752,0,0
4138015,7.029,0.917,6.814,-0.101,-0.027,-0.035,1750,0,0
4138035,7.049,0.982,6.637,-0.093,-0.067,-0.048,1751,0,0
4138055,7.096,1.065,6.479,-0.071,-0.051,-0.06,1751,0,0
4138075,7.025,1.18,6.476,-0.046,-0.011,-0.057,1753,0,0
4138095,6.936,1.243,6.524,-0.022,-0.005,-0.038,1751,0,0
4138115,6.984,1.226,6.445,-0.021,-0.011,-0.012,1751,0,0
4138249,7.336,0.558,7.056,-0.085,0.033,0.052,1751,0,0
4138268,7.35,0.551,6.979,-0.076,0.011,0.029,1751,0,0
4138289,7.305,0.56,6.826,-0.079,-0.015,0.009,1750,0,0
4138308,7.228,0.675,6.742,-0.099,-0.029,-0.023,1750,0,0
4138328,7.099,0.86,6.697,-0.099,-0.049,-0.05,1750,0,0
4138348,7.015,1.044,6.701,-0.088,-0.068,-0.06,1751,0,0
4138369,6.962,1.087,6.563,-0.086,-0.073,-0.051,1752,0,0
4138389,6.922,1.149,6.299,-0.037,-0.066,-0.047,1749,0,0
4138408,6.977,1.164,6.076,-0.045,-0.03,-0.034,1748,0,0
4138428,6.977,1.082,6.172,-0.079,0.028,-0.014,1749,0,0
4138449,7.025,0.953,6.436,-0.064,0.077,0.002,1751,0,0
4138468,7.072,0.96,6.658,-0.002,0.097,0.011,1750,0,0
4138489,7.099,0.893,6.754,-0.03,0.096,0.033,1749,0,0
4138508,7.149,0.773,6.771,-0.038,0.077,0.06,1750,0,0
4138528,7.312,0.62,6.764,-0.058,0.067,0.063,1749,0,0
4138549,7.36,0.508,6.838,-0.075,0.074,0.043,1748,0,0
4138569,7.329,0.546,6.9,-0.042,0.069,0.021,1749,0,0
4138588,7.278,0.632,6.953,-0.056,0.041,-0.001,1749,0,0
4138609,7.202,0.733,6.993,-0.069,-0.005,-0.018,1750,0,0
4138629,7.135,0.876,6.876,-0.063,-0.036,-0.036,1749,0,0
4138648,7.053,0.931,6.704,-0.065,-0.059,-0.051,1749,0,0
4138668,7.003,1.068,6.464,-0.027,-0.045,-0.051,1748,0,0
4138702,6.931,1.13,6.349,-0.052,-0.016,-0.021,1746,0,0
4138715,6.919,1.087,6.416,-0.059,-0.007,-0.014,1748,0,0
4138729,7.003,1.03,6.495,-0.055,0.002,-0.003,1747,0,0
4138748,7.032,0.977,6.591,-0.033,0.03,0.005,1748,0,0
4138769,7.089,0.905,6.701,-0.003,0.054,0.003,1748,0,0
4138789,7.092,0.869,6.704,-0.001,0.062,0.018,1749,0,0
4138809,7.106,0.792,6.697,-0.037,0.057,0.044,1749,0,0
4138829,7.183,0.634,6.773,-0.069,0.055,0.052,1748,0,0
4138849,7.245,0.558,6.943,-0.053,0.048,0.03,1749,0,0
4138868,7.288,0.543,6.881,-0.037,0.042,0.011,1749,0,0
4138889,7.252,0.658,6.893,-0.029,0.036,-0.001,1749,0,0
4138909,7.214,0.702,6.874,-0.079,0.015,-0.005,1750,0,0
4138929,7.101,0.728,6.912,-0.103,-0.017,-0.029,1749,0,0
4138948,7.072,0.785,6.773,-0.08,-0.051,-0.064,1749,0,0
4138969,7.037,1.008,6.558,-0.032,-0.063,-0.077,1749,0,0
4138989,7.029,0.953,6.476,-0.013,-0.025,-0.114,1747,0,0
4139013,6.835,1.341,6.4,0.063,-0.002,-0.1,1748,0,0
4139029,6.809,1.331,6.393,-0.034,-0.01,-0.056,1746,0,0
4139149,7.156,0.752,6.936,-0.058,0.056,0.023,1747,0,0
4139169,7.3,0.687,6.835,-0.107,0.03,0.034,1748,0,0
4139189,7.372,0.563,6.85,-0.112,0.047,0.019,1748,0,0
4139209,7.276,0.634,6.9,-0.074,0.051,-0.022,1748,0,0
4139229,7.147,0.826,6.895,-0.061,0.025,-0.061,1748,0,0
4139249,7.075,1.003,6.754,-0.088,-0.025,-0.084,1747,0,0
4139269,7.003,1.154,6.67,-0.102,-0.035,-0.089,1748,0,0
4139289,6.943,1.334,6.63,-0.077,-0.026,-0.084,1748,0,0
4139309,6.876,1.425,6.551,-0.044,-0.015,-0.065,1747,0,0
4139329,6.845,1.405,6.426,-0.043,-0.013,-0.036,1747,0,0
4139349,6.991,1.257,6.416,-0.041,-0.001,-0.018,1747,0,0
4139369,7.075,1.073,6.483,-0.048,0.041,-0.011,1747,0,0
4139389,7.082,1.015,6.61,-0.009,0.07,-0.009,1747,0,0
4139409,7.113,0.998,6.692,-0.013,0.087,0.014,1747,0,0
4139429,7.044,0.927,6.826,-0.044,0.079,0.035,1747,0,0
4139449,7.178,0.809,7.005,-0.07,0.058,0.045,1748,0,0
4139469,7.266,0.733,7.02,-0.068,0.051,0.04,1748,0,0
4139489,7.281,0.697,7.02,-0.053,0.048,0.024,1747,0,0
4139509,7.226,0.723,6.919,-0.056,0.033,0.011,1748,0,0
4139529,7.204,0.824,6.97,-0.075,0.004,-0.007,1747,0,0
4139549,7.137,0.888,6.953,-0.106,-0.025,-0.029,1748,0,0
4139569,7.053,1.061,6.888,-0.077,-0.051,-0.042,1748,0,0
4139589,6.989,1.223,6.68,-0.051,-0.066,-0.044,1748,0,0
4139609,6.919,1.322,6.553,-0.04,-0.059,-0.042,1748,0,0
4139629,6.823,1.379,6.474,-0.055,-0.051,-0.02,1748,0,0
4139649,6.812,1.312,6.469,-0.054,-0.047,0.007,1748,0,0
4139669,6.922,1.08,6.407,-0.062,-0.036,0.025,1747,0,0
4139689,6.998,0.95,6.424,-0.024,0.015,0.018,1749,0,0
4139709,6.991,0.879,6.567,-0.004,0.068,0.006,1749,0,0
4139729,6.926,0.888,6.697,-0.006,0.087,0.011,1748,0,0
4139749,7.008,0.802,6.845,-0.04,0.06,0.032,1749,0,0
4139769,7.173,0.682,6.869,-0.078,0.055,0.047,1748,0,0
4139789,7.207,0.527,6.934,-0.095,0.065,0.028,1749,0,0
4139809,7.183,0.503,6.9,-0.061,0.052,-0.003,1748,0,0
4139829,7.223,0.687,6.819,-0.043,0.035,-0.035,1749,0,0
4139849,7.092,0.874,6.886,-0.106,0.027,-0.068,1747,0,0
4139869,6.979,1.104,6.993,-0.099,-0.026,-0.079,1748,0,0
4139889,7.001,1.238,6.732,-0.092,-0.073,-0.074,1748,0,0
4139909,7.053,1.188,6.462,-0.09,-0.06,-0.074,1747,0,0
4139929,7.01,1.252,6.419,-0.044,-0.021,-0.079,1748,0,0
4139949,6.946,1.365,6.517,-0.019,0.009,-0.072,1747,0,0
4139969,6.907,1.365,6.637,-0.023,0.005,-0.041,1748,0,0
4139989,7.005,1.243,6.601,-0.052,0.002,-0.004,1749,0,0
4140009,7.101,1.07,6.675,-0.057,0.033,0.01,1748,0,0
4140030,7.063,0.943,6.732,-0.025,0.062,0.015,1751,0,0
4140049,7.037,0.927,6.713,-0.015,0.061,0.027,1748,0,0
4140069,7.089,0.838,6.711,-0.046,0.048,0.038,1749,0,0
4140089,7.221,0.769,6.711,-0.081,0.059,0.041,1749,0,0
4140109,7.171,0.728,6.84,-0.066,0.06,0.024,1749,0,0
4140129,7.163,0.843,6.879,-0.054,0.04,-0.009,1750,0,0
4140149,7.154,0.994,6.898,-0.051,0.021,-0.042,1750,0,0
4140169,7.099,1.149,6.807,-0.031,0.002,-0.07,1749,0,0
4140189,7.017,1.314,6.764,-0.014,-0.006,-0.081,1750,0,0
4140209,6.979,1.413,6.63,-0.008,-0.022,-0.074,1749,0,0
4140229,7.003,1.36,6.483,0.031,-0.013,-0.067,1750,0,0
4140249,6.941,1.441,6.455,0.032,0.01,-0.047,1750,0,0
4140269,6.874,1.425,6.553,-0.009,0.015,-0.014,1749,0,0
4140289,6.943,1.247,6.742,-0.052,0.014,0.01,1749,0,0
4140309,6.97,1.137,6.744,-0.009,0.033,0.016,1749,0,0
4140329,6.97,1.082,6.792,0.006,0.055,0.023,1749,0,0
4140349,6.958,1.058,6.816,-0.001,0.049,0.039,1750,0,0
4140369,7.104,0.965,6.843,-0.06,0.044,0.058,1749,0,0
4140389,7.185,0.769,6.955,-0.102,0.062,0.056,1749,0,0
4140409,7.089,0.704,7.056,-0.072,0.054,0.036,1749,0,0
4140429,7.084,0.769,7.01,-0.049,0.009,0.01,1750,0,0
4140449,7.128,0.845,6.886,-0.091,-0.01,-0.011,1749,0,0
4140469,7.065,0.984,6.802,-0.107,-0.02,-0.035,1748,0,0
4140489,6.95,1.118,6.718,-0.101,-0.029,-0.055,1749,0,0
4140509,6.886,1.267,6.644,-0.075,-0.047,-0.064,1749,0,0
4140529,6.914,1.324,6.527,-0.077,-0.051,-0.067,1749,0,0
4140549,6.989,1.372,6.519,-0.042,-0.013,-0.066,1749,0,0
4140569,6.845,1.451,6.606,-0.018,0.025,-0.055,1751,0,0
4140589,6.802,1.465,6.591,-0.018,-0.003,-0.027,1749,0,0
4140609,7.034,1.386,6.579,-0.057,0.003,0.013,1749,0,0
4140629,7.099,1.149,6.692,-0.084,0.06,0.034,1749,0,0
4140649,6.991,1.006,6.845,-0.007,0.074,0.034,1749,0,0
4140669,7.041,1.008,6.797,-0.004,0.038,0.046,1750,0,0
4140689,7.214,0.924,6.761,-0.078,0.029,0.057,1749,0,0
4140709,7.195,0.785,6.898,-0.108,0.039,0.042,1748,0,0
4140729,7.159,0.845,6.979,-0.063,0.016,0.02,1748,0,0
4140749,7.156,1.025,6.936,-0.05,0.0,0.008,1749,0,0
4140769,7.01,1.049,6.919,-0.076,-0.025,-0.02,1749,0,0
4140789,7.015,1.211,6.735,-0.059,-0.062,-0.04,1749,0,0
4140809,7.008,1.322,6.596,-0.081,-0.063,-0.033,1749,0,0
4140829,6.924,1.286,6.644,-0.067,-0.031,-0.04,1749,0,0
4140849,6.857,1.326,6.603,-0.018,-0.029,-0.047,1749,0,0
4140869,6.931,1.317,6.486,0.007,-0.017,-0.043,1749,0,0
4140889,6.881,1.348,6.433,-0.002,-0.002,-0.019,1749,0,0
4140910,6.938,1.279,6.563,-0.055,0.01,0.022,1750,0,0
4140929,7.034,1.061,6.63,-0.073,0.033,0.035,1750,0,0
4140949,7.049,0.96,6.783,-0.021,0.06,0.021,1749,0,0
4140969,6.991,1.034,6.835,-0.006,0.06,0.026,1750,0,0
4140989,7.02,0.979,6.804,-0.052,0.03,0.043,1749,0,0
4141009,7.216,0.871,6.725,-0.098,0.022,0.045,1749,0,0
4141029,7.235,0.773,6.831,-0.112,0.056,0.019,1749,0,0
4141049,7.166,0.891,6.953,-0.053,0.055,-0.02,1750,0,0
4141069,7.034,1.087,6.955,-0.038,0.011,-0.034,1750,0,0
4141089,7.017,1.233,6.864,-0.082,-0.041,-0.033,1749,0,0
4141109,7.041,1.279,6.737,-0.115,-0.062,-0.037,1751,0,0
4141129,6.979,1.29,6.618,-0.073,-0.052,-0.053,1749,0,0
4141149,6.924,1.405,6.541,-0.014,-0.037,-0.065,1749,0,0
4141169,6.852,1.539,6.491,-0.028,-0.034,-0.043,1749,0,0
4141189,6.881,1.41,6.517,-0.068,-0.031,-0.011,1749,0,0
4141209,7.001,1.171,6.524,-0.072,-0.005,0.009,1750,0,0
4141229,7.037,1.056,6.505,-0.028,0.026,0.006,1749,0,0
4141249,7.022,0.962,6.658,-0.035,0.059,-0.003,1748,0,0
4141269,6.986,0.97,6.879,-0.035,0.065,-0.003,1750,0,0
4141289,7.046,0.974,6.984,-0.066,0.033,0.012,1749,0,0
4141309,7.159,0.845,6.871,-0.099,0.021,0.021,1749,0,0
4141329,7.178,0.759,6.718,-0.095,0.022,-0.001,1749,0,0
4141349,7.197,0.898,6.74,-0.055,0.025,-0.042,1747,0,0
4141369,7.159,1.13,6.768,-0.089,0.016,-0.046,1748,0,0
4141389,7.039,1.255,6.855,-0.092,-0.001,-0.043,1749,0,0
4141409,6.962,1.331,6.759,-0.092,-0.038,-0.046,1749,0,0
4141429,7.013,1.432,6.615,-0.07,-0.045,-0.055,1749,0,0
4141449,6.97,1.458,6.553,-0.069,-0.023,-0.052,1750,0,0
4141469,6.905,1.444,6.551,-0.041,-0.014,-0.039,1748,0,0
4141489,6.965,1.377,6.536,-0.058,-0.014,-0.03,1748,0,0
4141509,7.025,1.305,6.515,-0.059,0.002,-0.012,1748,0,0
4141529,7.039,1.161,6.553,-0.037,0.021,0.002,1748,0,0
4141549,7.053,1.101,6.584,-0.038,0.033,0.008,1748,0,0
4141569,7.106,1.018,6.646,-0.064,0.042,0.013,1749,0,0
4141589,7.147,0.962,6.785,-0.061,0.065,0.015,1750,0,0
4141609,7.116,1.006,6.972,-0.047,0.077,0.015,1749,0,0
4141629,7.068,1.039,7.027,-0.067,0.034,0.013,1748,0,0
4141649,7.214,1.006,6.902,-0.1,-0.007,0.014,1748,0,0
4141669,7.233,0.974,6.871,-0.114,-0.012,-0.012,1750,0,0
4141689,7.166,1.075,6.883,-0.077,-0.026,-0.048,1750,0,0
4141709,7.077,1.286,6.682,-0.049,-0.048,-0.057,1749,0,0
4141729,7.008,1.369,6.524,-0.077,-0.059,-0.051,1748,0,0
4141749,6.946,1.42,6.491,-0.091,-0.051,-0.046,1750,0,0
4141769,6.929,1.446,6.474,-0.058,-0.046,-0.043,1749,0,0
4141789,6.919,1.484,6.428,-0.037,-0.017,-0.03,1750,0,0
4141809,6.893,1.415,6.505,-0.043,0.002,-0.013,1750,0,0
4141829,6.936,1.307,6.534,-0.029,0.015,-0.004,1750,0,0
4141849,7.027,1.214,6.522,-0.044,0.037,0.019,1750,0,0
4141869,7.044,1.034,6.663,-0.064,0.062,0.035,1750,0,0
4141889,7.108,0.891,6.735,-0.052,0.056,0.029,1748,0,0
4141909,7.199,0.862,6.814,-0.052,0.067,0.013,1750,0,0
4141929,7.154,0.903,6.907,-0.072,0.06,0.001,1750,0,0
4141949,7.192,0.967,6.919,-0.073,0.032,-0.005,1749,0,0
4141969,7.187,1.01,6.833,-0.092,0.014,-0.014,1749,0,0
4141989,7.178,1.068,6.776,-0.092,-0.007,-0.041,1749,0,0
4142009,7.113,1.197,6.778,-0.1,-0.011,-0.062,1749,0,0
4142029,6.986,1.377,6.783,-0.066,-0.036,-0.069,1749,0,0
4142049,6.958,1.487,6.589,-0.045,-0.058,-0.057,1750,0,0
4142069,6.974,1.523,6.409,-0.073,-0.044,-0.035,1751,0,0
4142089,6.934,1.427,6.483,-0.095,-0.018,-0.03,1750,0,0
4142109,6.97,1.283,6.517,-0.042,-0.006,-0.03,1750,0,0
4142129,7.044,1.319,6.519,0.006,0.032,-0.021,1749,0,0
4142149,6.996,1.29,6.606,-0.03,0.048,0.005,1749,0,0
4142169,7.058,1.135,6.649,-0.079,0.036,0.036,1751,0,0
4142190,7.18,0.912,6.632,-0.08,0.037,0.038,1748,0,0
4142209,7.209,0.84,6.685,-0.043,0.067,0.012,1749,0,0
4142229,7.132,0.962,6.812,-0.024,0.066,-0.001,1750,0,0
4142249,7.084,1.125,6.917,-0.075,0.033,0.015,1749,0,0
4142269,7.168,1.034,6.831,-0.115,-0.007,0.012,1750,0,0
4142289,7.219,1.068,6.718,-0.071,0.002,-0.024,1748,0,0
4142309,7.075,1.228,6.747,-0.045,0.009,-0.054,1749,0,0
4142329,6.979,1.475,6.795,-0.036,-0.016,-0.051,1750,0,0
4142349,6.948,1.549,6.728,-0.068,-0.041,-0.033,1750,0,0
4142369,6.905,1.499,6.598,-0.071,-0.038,-0.021,1749,0,0
4142389,6.902,1.372,6.551,-0.046,-0.036,-0.011,1748,0,0
4142409,6.981,1.264,6.481,-0.033,-0.016,-0.005,1747,0,0
4142429,6.977,1.135,6.577,-0.046,0.012,-0.012,1748,0,0
4142449,6.991,1.118,6.577,-0.029,0.019,-0.011,1748,0,0
4142469,7.029,1.089,6.618,-0.058,0.042,0.0,1748,0,0
4142489,7.061,1.027,6.773,-0.058,0.044,-0.002,1748,0,0
4142509,7.101,1.082,6.764,-0.041,0.037,-0.002,1747,0,0
4142529,7.161,1.053,6.728,-0.075,0.028,0.003,1748,0,0
4142549,7.197,0.991,6.73,-0.093,0.03,-0.01,1747,0,0
4142569,7.159,1.094,6.804,-0.053,0.019,-0.036,1747,0,0
4142589,7.128,1.283,6.857,-0.051,0.001,-0.042,1747,0,0
4142609,7.056,1.358,6.79,-0.079,-0.022,-0.037,1747,0,0
4142629,7.125,1.365,6.67,-0.09,-0.039,-0.029,1747,0,0
4142649,7.178,1.348,6.625,-0.072,-0.024,-0.022,1747,0,0
4142669,7.051,1.348,6.653,-0.082,0.007,-0.007,1747,0,0
4142689,6.922,1.353,6.73,-0.085,0.003,0.011,1747,0,0
4142709,7.025,1.204,6.61,-0.096,-0.015,0.02,1746,0,0
4142729,7.147,1.037,6.488,-0.123,0.008,0.003,1746,0,0
4142749,7.108,0.979,6.574,-0.133,0.053,-0.016,1746,0,0
4142769,7.065,1.018,6.656,-0.082,0.069,-0.033,1747,0,0
4142789,7.037,1.082,6.704,-0.112,0.046,-0.039,1746,0,0
4142809,7.08,0.986,6.644,-0.191,0.024,-0.041,1745,0,0
4142829,7.142,0.929,6.709,-0.181,0.032,-0.07,1747,0,0
4142849,7.106,1.089,6.859,-0.124,0.051,-0.094,1747,0,0
4142869,6.972,1.286,7.003,-0.122,0.039,-0.091,1747,0,0
4142889,6.871,1.245,6.931,-0.187,0.002,-0.074,1746,0,0
4142909,6.891,1.104,6.859,-0.192,-0.008,-0.077,1748,0,0
4142929,6.891,1.085,6.759,-0.143,0.004,-0.105,1747,0,0
4142949,6.924,1.207,6.766,-0.127,0.029,-0.098,1747,0,0
4142969,6.869,1.199,6.977,-0.178,0.048,-0.075,1747,0,0
4142989,6.855,1.03,7.092,-0.204,0.016,-0.066,1746,0,0
4143009,6.9,0.883,7.041,-0.192,-0.006,-0.075,1747,0,0
4143029,7.001,0.804,6.867,-0.174,-0.008,-0.094,1746,0,0
4143049,7.022,0.907,6.797,-0.165,0.023,-0.103,1747,0,0
4143069,7.008,0.996,6.886,-0.2,0.026,-0.093,1746,0,0
4143089,6.984,0.943,6.895,-0.236,-0.011,-0.089,1746,0,0
4143109,7.125,0.862,6.874,-0.227,-0.037,-0.11,1747,0,0
4143129,7.154,0.994,6.835,-0.176,-0.033,-0.124,1746,0,0
4143149,7.089,1.104,6.78,-0.169,-0.039,-0.123,1746,0,0
4143169,7.013,1.132,6.618,-0.189,-0.057,-0.118,1747,0,0
4143189,7.034,1.118,6.448,-0.183,-0.078,-0.117,1746,0,0
4143209,7.183,1.149,6.388,-0.183,-0.064,-0.106,1746,0,0
4143229,7.128,1.168,6.4,-0.171,-0.028,-0.099,1746,0,0
4143249,7.087,1.19,6.448,-0.116,-0.017,-0.105,1746,0,0
4143269,7.037,1.365,6.395,-0.095,-0.016,-0.1,1746,0,0
4143289,7.049,1.367,6.416,-0.126,-0.025,-0.077,1747,0,0
4143309,7.118,1.312,6.474,-0.099,-0.017,-0.063,1745,0,0
4143329,7.101,1.338,6.515,-0.071,-0.006,-0.058,1745,0,0
4143349,7.015,1.302,6.637,-0.063,-0.005,-0.05,1745,0,0
4143369,6.91,1.252,6.68,-0.047,-0.033,-0.06,1745,0,0
4143389,6.936,1.283,6.582,-0.019,-0.057,-0.062,1745,0,0
4143409,7.034,1.353,6.428,-0.016,-0.035,-0.046,1746,0,0
4143429,7.044,1.271,6.404,-0.026,0.002,-0.039,1745,0,0
4143449,7.005,1.233,6.431,0.008,0.02,-0.042,1745,0,0
4143469,6.962,1.295,6.546,0.008,0.022,-0.035,1745,0,0
4143489,7.025,1.322,6.493,-0.005,0.013,-0.016,1745,0,0
4143509,7.128,1.298,6.491,-0.015,0.027,-0.005,1745,0,0
4143529,7.13,1.334,6.594,-0.002,0.054,-0.002,1745,0,0
4143549,6.986,1.329,6.78,-0.002,0.057,0.002,1745,0,0
4143569,6.991,1.279,6.749,0.015,0.02,-0.002,1745,0,0
4143589,7.123,1.307,6.548,0.019,0.009,-0.007,1745,0,0
4143609,7.187,1.324,6.524,0.015,0.046,-0.008,1745,0,0
4143629,7.18,1.384,6.601,0.011,0.065,0.001,1746,0,0
4143649,7.19,1.456,6.627,0.038,0.07,0.014,1745,0,0
4143669,7.223,1.484,6.658,0.021,0.064,0.036,1746,0,0
4143689,7.235,1.48,6.821,0.003,0.07,0.056,1745,0,0
4143709,7.199,1.458,7.005,-0.005,0.059,0.077,1746,0,0
4143729,7.202,1.389,7.123,0.009,0.036,0.084,1747,0,0
4143749,7.161,1.262,7.135,-0.019,-0.005,0.078,1745,0,0
4143769,7.132,1.135,7.037,-0.04,-0.04,0.074,1745,0,0
4143789,7.192,1.003,6.943,-0.035,-0.039,0.058,1745,0,0
4143809,7.128,1.025,6.907,-0.003,-0.027,0.031,1745,0,0
4143829,6.948,1.147,6.993,-0.021,-0.029,0.029,1745,0,0
4143849,6.936,1.164,6.977,-0.083,-0.059,0.052,1746,0,0
4143869,7.003,0.967,6.895,-0.13,-0.068,0.047,1745,0,0
4143889,6.996,0.941,6.826,-0.08,-0.047,0.026,1745,0,0
4143909,6.962,1.106,6.716,-0.048,-0.037,0.032,1745,0,0
4143929,7.015,1.034,6.67,-0.145,-0.031,0.063,1745,0,0
4143949,7.008,0.764,6.8,-0.212,-0.033,0.058,1746,0,0
4143969,7.005,0.661,6.725,-0.159,-0.051,0.02,1745,0,0
4143989,7.087,0.769,6.517,-0.128,-0.056,0.0,1745,0,0
4144009,7.061,0.788,6.428,-0.175,-0.042,-0.022,1745,0,0
4144029,7.008,0.821,6.424,-0.178,-0.033,-0.057,1746,0,0
4144049,6.977,1.015,6.402,-0.144,-0.04,-0.088,1745,0,0
4144069,7.049,1.173,6.385,-0.141,-0.023,-0.087,1746,0,0
4144089,6.967,1.233,6.4,-0.141,-0.017,-0.081,1745,0,0
4144109,6.972,1.286,6.275,-0.113,-0.033,-0.07,1744,0,0
4144129,7.087,1.317,6.017,-0.111,-0.018,-0.056,1744,0,0
4144149,7.156,1.269,6.043,-0.099,0.02,-0.048,1744,0,0
4144169,7.173,1.358,6.091,-0.05,0.063,-0.053,1745,0,0
4144189,7.132,1.501,6.294,-0.021,0.095,-0.047,1745,0,0
4144209,7.072,1.623,6.481,-0.011,0.087,-0.025,1745,0,0
4144229,7.151,1.573,6.476,0.017,0.054,0.006,1745,0,0
4144249,7.278,1.52,6.419,0.027,0.061,0.017,1746,0,0
4144269,7.317,1.535,6.424,0.031,0.087,0.028,1745,0,0
4144289,7.298,1.511,6.598,0.068,0.116,0.035,1745,0,0
4144309,7.283,1.664,6.792,0.117,0.107,0.048,1745,0,0
4144329,7.281,1.678,7.017,0.099,0.085,0.082,1745,0,0
4144349,7.247,1.549,7.252,0.051,0.049,0.114,1747,0,0
4144369,7.271,1.314,7.259,0.048,0.005,0.128,1746,0,0
4144389,7.178,1.085,7.135,0.08,-0.028,0.125,1747,0,0
4144409,7.168,0.996,6.946,0.068,-0.059,0.119,1748,0,0
4144429,7.137,0.759,6.819,-0.007,-0.054,0.102,1746,0,0
4144449,7.053,0.627,6.74,0.005,-0.036,0.065,1746,0,0
4144469,6.996,0.704,6.656,0.023,-0.018,0.04,1747,0,0
4144489,6.859,0.788,6.61,-0.009,0.003,0.042,1746,0,0
4144509,6.778,0.831,6.618,-0.072,0.004,0.032,1747,0,0
4144529,6.843,0.848,6.486,-0.103,0.007,0.007,1746,0,0
4144549,6.967,0.943,6.273,-0.062,0.046,-0.008,1746,0,0
4144569,6.955,1.065,6.28,-0.054,0.109,-0.014,1748,0,0
4144589,6.891,1.286,6.383,-0.064,0.132,-0.013,1746,0,0
4144609,6.847,1.314,6.404,-0.091,0.114,0.001,1746,0,0
4144629,7.044,1.276,6.479,-0.109,0.103,0.014,1745,0,0
4144649,7.12,1.243,6.63,-0.087,0.122,-0.013,1745,0,0
4144669,7.125,1.365,6.737,-0.01,0.128,-0.036,1747,0,0
4144689,7.116,1.508,6.761,0.018,0.121,-0.026,1746,0,0
4144709,7.094,1.456,6.819,-0.015,0.113,-0.002,1746,0,0
4144729,7.082,1.298,6.874,-0.007,0.074,0.005,1746,0,0
4144750,7.199,1.214,6.934,0.013,0.042,0.005,1745,0,0
4144769,7.18,1.164,6.948,-0.005,0.033,0.006,1745,0,0
4144789,7.111,1.14,6.972,0.023,0.02,0.004,1746,0,0
4144809,7.01,1.161,6.946,0.023,-0.003,0.008,1747,0,0
4144829,6.977,1.144,6.912,0.003,-0.029,0.014,1746,0,0
4144849,6.991,1.135,6.864,-0.03,-0.041,0.018,1746,0,0
4144869,7.005,1.085,6.749,-0.028,-0.035,0.01,1746,0,0
4144889,7.005,1.128,6.646,0.009,-0.009,0.003,1746,0,0
4144909,6.893,1.24,6.73,0.008,0.005,0.001,1746,0,0
4144929,6.981,1.286,6.728,-0.049,-0.004,0.028,1746,0,0
4144949,7.077,1.152,6.747,-0.088,0.024,0.048,1747,0,0
4144969,7.049,0.972,6.828,-0.068,0.048,0.03,1746,0,0
4144989,7.013,1.123,6.814,-0.002,0.034,0.012,1745,0,0
4145009,7.003,1.199,6.74,-0.06,0.011,0.016,1747,0,0
4145029,7.058,1.176,6.74,-0.113,0.003,0.01,1746,0,0
4145049,7.051,1.18,6.668,-0.091,0.003,-0.005,1746,0,0
4145069,7.027,1.259,6.541,-0.071,0.006,-0.012,1747,0,0
4145089,6.993,1.29,6.433,-0.075,0.014,-0.012,1747,0,0
4145109,6.977,1.391,6.534,-0.059,0.029,-0.022,1746,0,0
4145129,6.946,1.477,6.754,-0.085,0.034,-0.022,1747,0,0
4145149,6.919,1.504,6.821,-0.062,0.019,-0.012,1747,0,0
4145169,6.943,1.475,6.78,-0.038,-0.004,-0.005,1746,0,0
4145189,7.017,1.429,6.697,-0.035,0.003,0.004,1747,0,0
4145209,6.986,1.302,6.701,-0.047,0.002,0.011,1747,0,0
4145229,7.099,1.188,6.596,-0.045,0.001,0.017,1747,0,0
4145249,7.099,1.07,6.622,-0.054,0.022,0.015,1747,0,0
4145269,7.039,1.02,6.744,-0.034,0.035,-0.002,1747,0,0
4145289,7.027,1.104,6.845,-0.029,0.025,-0.01,1747,0,0
4145309,6.998,1.204,6.934,-0.05,0.022,-0.011,1747,0,0
4145329,6.967,1.18,6.9,-0.077,0.003,-0.007,1747,0,0
4145349,7.005,1.159,6.68,-0.039,-0.014,-0.008,1747,0,0
4145369,7.072,1.195,6.61,-0.054,0.014,-0.003,1747,0,0
4145389,6.967,1.137,6.651,-0.077,0.03,-0.008,1747,0,0
4145409,6.984,1.24,6.677,-0.053,0.027,-0.005,1746,0,0
4145429,6.929,1.298,6.759,-0.075,0.027,-0.0,1747,0,0
4145449,6.962,1.305,6.785,-0.068,0.015,0.001,1747,0,0
4145470,6.984,1.358,6.776,-0.05,0.02,0.004,1745,0,0
4145489,6.993,1.346,6.725,-0.052,0.017,0.008,1747,0,0
4145509,6.998,1.302,6.697,-0.052,0.012,0.014,1746,0,0
4145529,6.986,1.267,6.704,-0.071,0.012,0.01,1747,0,0
4145549,7.046,1.226,6.732,-0.07,0.004,0.003,1747,0,0
4145569,7.061,1.192,6.694,-0.041,0.006,0.001,1747,0,0
4145589,7.087,1.176,6.665,-0.045,0.018,0.003,1746,0,0
4145609,7.022,1.18,6.653,-0.06,0.015,-0.003,1746,0,0
4145629,7.022,1.24,6.725,-0.066,0.017,-0.019,1746,0,0
4145649,7.003,1.336,6.771,-0.052,0.015,-0.022,1747,0,0
4145669,6.981,1.389,6.73,-0.036,0.008,-0.01,1746,0,0
4145689,6.989,1.415,6.701,-0.06,-0.002,0.008,1747,0,0
4145709,7.029,1.338,6.694,-0.077,0.01,0.011,1747,0,0
4145729,7.013,1.326,6.725,-0.039,0.017,0.006,1746,0,0
4145749,7.039,1.358,6.637,-0.018,0.007,0.025,1746,0,0
4145769,7.123,1.276,6.558,-0.065,0.022,0.039,1746,0,0
4145789,7.053,1.097,6.618,-0.092,0.039,0.033,1747,0,0
4145809,7.005,1.12,6.716,-0.054,0.034,0.023,1746,0,0
4145829,7.017,1.185,6.78,-0.048,0.016,0.018,1746,0,0
4145849,7.032,1.166,6.716,-0.084,0.018,0.012,1745,0,0
4145869,6.998,1.178,6.721,-0.063,0.041,0.002,1744,0,0
4145889,6.91,1.259,6.8,-0.052,0.05,0.008,1745,0,0
4145909,6.833,1.288,6.879,-0.066,0.032,0.021,1746,0,0
4145929,6.835,1.216,6.859,-0.083,0.003,0.014,1745,0,0
4145949,7.003,1.183,6.725,-0.068,0.017,0.009,1745,0,0
4145969,6.981,1.14,6.747,-0.059,0.055,0.011,1744,0,0
4145989,6.881,1.142,6.773,-0.054,0.062,0.009,1745,0,0
4146009,6.833,1.199,6.898,-0.067,0.031,0.001,1745,0,0
4146029,6.931,1.147,6.857,-0.078,0.006,0.002,1745,0,0
4146049,6.998,1.132,6.728,-0.078,0.016,-0.003,1744,0,0
4146069,6.965,1.164,6.661,-0.062,0.035,-0.013,1744,0,0
4146089,6.914,1.197,6.713,-0.064,0.054,-0.01,1744,0,0
4146109,6.833,1.252,6.795,-0.054,0.043,-0.011,1744,0,0
4146129,6.891,1.338,6.838,-0.062,0.03,-0.008,1744,0,0
4146149,6.907,1.286,6.785,-0.079,0.034,0.002,1744,0,0
4146169,6.924,1.204,6.694,-0.05,0.052,-0.002,1744,0,0
4146189,6.886,1.238,6.615,-0.041,0.064,0.0,1746,0,0
4146209,6.859,1.166,6.783,-0.069,0.058,0.013,1744,0,0
4146229,6.948,1.135,6.795,-0.07,0.046,0.014,1744,0,0
4146249,7.001,1.111,6.773,-0.071,0.053,0.002,1744,0,0
4146269,6.95,1.171,6.859,-0.043,0.074,-0.01,1744,0,0
4146289,6.917,1.262,6.948,-0.031,0.058,-0.015,1744,0,0
4146309,6.929,1.3,6.85,-0.056,0.046,0.001,1744,0,0
4146329,6.97,1.176,6.895,-0.081,0.053,0.007,1744,0,0
4146349,6.931,1.154,6.84,-0.054,0.045,0.007,1744,0,0
4146369,6.965,1.149,6.847,-0.05,0.028,0.005,1744,0,0
4146389,6.986,1.14,6.895,-0.067,0.044,0.005,1744,0,0
4146409,6.893,1.178,6.96,-0.062,0.054,-0.005,1744,0,0
4146429,6.857,1.247,6.986,-0.049,0.038,0.0,1744,0,0
4146449,6.879,1.199,6.862,-0.077,0.028,0.015,1744,0,0
4146469,6.917,1.132,6.91,-0.086,0.039,0.008,1745,0,0
4146489,6.826,1.164,6.977,-0.048,0.047,-0.003,1744,0,0
4146509,6.747,1.24,6.912,-0.034,0.019,0.006,1744,0,0
4146529,6.847,1.235,6.74,-0.066,0.004,0.03,1743,0,0
4146549,6.91,1.152,6.608,-0.098,0.054,0.026,1743,0,0
4146569,6.819,1.166,6.756,-0.073,0.082,0.033,1742,0,0
4146589,6.8,1.18,6.833,-0.033,0.08,0.013,1740,0,0
4146609,6.9,1.202,6.823,-0.002,0.094,0.023,1733,0,0
4146629,6.783,1.336,6.898,-0.006,0.129,0.051,1718,0,0
4146649,6.78,1.286,7.051,0.017,0.106,0.072,1700,0,0
4146669,6.948,1.286,7.345,0.065,0.056,0.107,1659,0,0
4146689,6.881,1.211,7.458,0.082,-0.01,0.136,1593,0,0
4146709,6.907,1.226,7.336,0.086,-0.053,0.128,1535,0,0
4146729,6.91,1.279,7.417,0.087,-0.087,0.139,1500,0,0
4146749,6.656,1.322,8.066,0.031,-0.225,0.207,1461,0,0
4146769,6.431,1.075,7.966,0.036,-0.528,0.288,1412,0,0
4146789,6.934,0.95,7.657,0.155,-0.754,0.24,1339,0,0
4146809,7.211,1.116,7.314,0.094,-0.788,0.176,1279,0,0
4146829,7.034,1.147,7.041,-0.001,-0.829,0.191,1225,0,0
4146849,7.168,1.116,6.879,-0.017,-0.881,0.215,1171,0,0
4146869,7.123,1.034,6.656,-0.125,-0.929,0.219,1116,0,0
4146889,7.532,0.819,6.826,-0.078,-0.944,0.173,1064,0,0
4146909,7.621,0.941,6.381,0.063,-0.893,0.195,1010,0,0
4146929,7.558,1.118,5.842,0.228,-0.813,0.168,977,0,0
4146949,7.317,1.41,5.739,0.035,-0.718,0.121,947,0,0
4146969,7.4,0.649,6.472,0.13,-0.797,0.066,911,0,0
4146989,7.539,1.068,5.839,0.338,-0.863,0.115,880,0,0
4147009,7.796,1.851,5.425,0.411,-0.812,0.174,863,0,0
4147029,7.274,1.769,5.25,0.229,-0.762,0.276,854,0,0
4147049,7.075,1.08,5.899,0.079,-1.036,0.321,846,0,0
4147069,6.955,0.761,6.261,0.279,-1.462,0.27,832,0,0
4147089,7.156,1.154,3.742,0.545,-1.553,0.44,832,0,0
4147109,8.406,1.252,-0.759,0.986,-0.928,0.513,833,0,0
4147129,9.747,0.397,-0.936,0.003,0.003,0.282,816,0,0
4147149,7.712,-1.913,0.014,-0.165,0.538,-0.106,809,0,0
4147169,7.602,-1.228,-0.192,0.152,0.802,-0.448,802,0,0
4147189,8.2,-0.206,-0.864,-0.024,1.163,-0.42,799,0,0
4147209,9.306,0.019,0.132,-0.477,1.623,-0.437,799,0,0
4147229,8.758,-0.247,2.701,-0.698,1.794,-0.602,801,0,0
4147249,8.655,-0.165,3.584,-0.596,1.475,-0.663,800,0,0
4147269,10.281,0.63,2.981,-0.45,1.256,-0.602,800,0,0
4147289,11.054,1.551,3.898,-0.656,1.337,-0.56,800,0,0
4147309,9.989,1.326,6.184,-0.76,1.274,-0.576,801,0,0
4147329,8.528,1.7,6.919,-0.456,0.679,-0.323,799,0,0
4147349,10.532,2.035,5.488,-0.51,0.358,-0.093,799,0,0
4147369,9.701,1.884,7.274,-0.657,0.457,0.009,800,0,0
4147389,8.813,1.348,8.162,-0.755,0.19,0.107,801,0,0
4147409,9.009,1.094,8.823,-0.689,-0.013,0.093,801,0,0
4147429,8.042,1.508,9.768,-0.536,-0.311,0.194,803,0,0
4147449,6.713,1.001,9.68,-0.598,-0.799,0.509,805,0,0
4147469,6.924,-0.232,8.669,-0.551,-1.316,0.771,807,0,0
4147489,7.444,-0.041,9.122,-0.411,-1.443,0.755,808,0,0
4147509,7.307,-0.045,11.396,-0.056,-1.722,0.68,811,0,0
4147529,9.333,1.946,10.563,0.341,-1.675,0.523,814,0,0
4147549,9.682,2.557,11.167,0.239,-1.43,0.409,816,0,0
4147569,9.215,2.004,10.93,0.031,-1.487,0.348,817,0,0
4147589,8.875,1.413,9.254,0.215,-1.432,0.198,820,0,0
4147609,8.818,1.274,7.743,0.261,-1.288,0.14,823,0,0
4147629,8.739,0.903,6.85,0.321,-1.018,0.086,825,0,0
4147649,8.317,1.274,5.77,0.255,-0.637,-0.015,827,0,0
4147669,7.879,0.814,5.511,-0.054,-0.373,-0.07,829,0,0
4147689,7.185,0.132,5.914,0.099,-0.318,-0.069,831,0,0
4147709,7.484,0.261,4.669,0.359,-0.195,-0.092,832,0,0
4147729,6.816,0.788,4.01,0.376,-0.045,-0.069,835,0,0
4147749,6.685,0.364,3.333,0.147,0.054,-0.114,836,0,0
4147769,6.867,-0.177,2.428,0.008,0.186,-0.27,839,0,0
4147789,6.838,-0.115,1.786,0.26,0.452,-0.442,838,0,0
4147809,5.816,1.056,2.296,0.457,0.54,-0.371,840,0,0
4147829,6.084,0.927,2.088,0.305,0.397,-0.129,840,0,0
4147849,7.199,0.204,1.19,0.187,0.364,0.003,843,0,0
4147869,8.078,-0.555,0.596,0.079,0.528,-0.089,842,0,0
4147889,8.284,-0.8,0.144,0.198,0.794,-0.335,844,0,0
4147909,7.927,-0.448,0.472,0.25,0.935,-0.481,843,0,0
4147929,7.989,0.206,0.704,0.29,0.881,-0.415,845,0,0
4147949,8.993,-0.46,0.192,0.038,0.817,-0.273,846,0,0
4147969,9.567,-1.441,-0.287,-0.136,0.942,-0.275,847,0,0
4147989,9.452,-1.401,0.103,-0.266,1.026,-0.329,847,0,0
4148009,9.412,-1.085,0.836,-0.328,1.056,-0.378,848,0,0
4148029,9.663,0.122,1.465,-0.403,1.06,-0.277,848,0,0
4148049,9.402,0.555,2.761,-0.682,1.061,-0.066,848,0,0
4148069,9.546,0.771,4.448,-0.809,1.019,0.071,850,0,0
4148089,10.003,1.109,6.014,-0.804,0.951,0.12,851,0,0
4148109,9.517,1.317,7.436,-0.73,0.773,0.207,852,0,0
4148130,9.043,0.895,7.314,-0.709,0.379,0.406,853,0,0
4148149,9.349,0.46,6.134,-0.788,0.164,0.561,854,0,0
4148169,9.95,-0.005,6.958,-0.925,0.263,0.533,857,0,0
4148189,9.948,0.318,10.218,-0.806,0.375,0.309,857,0,0
4148209,8.08,0.819,13.144,-0.509,-0.139,0.218,858,0,0
4148229,8.25,0.555,10.793,-0.328,-0.813,0.355,859,0,0
4148249,8.435,-0.278,7.058,-0.324,-0.954,0.432,860,0,0
4148269,7.906,-0.225,7.913,-0.411,-0.998,0.504,861,0,0
4148289,9.151,-0.294,9.488,-0.355,-0.939,0.389,862,0,0
4148309,8.952,0.63,11.542,-0.044,-0.85,0.116,864,0,0
4148329,8.875,1.626,11.89,0.101,-0.956,0.01,864,0,0
4148349,8.612,1.894,10.858,0.13,-1.084,0.104,864,0,0
4148369,8.088,1.128,9.467,0.06,-1.182,0.193,865,0,0
4148389,8.006,0.453,7.999,0.073,-1.173,0.208,865,0,0
4148409,8.04,0.05,7.23,0.119,-1.029,0.153,865,0,0
4148429,7.635,-0.122,7.36,0.14,-0.92,0.048,867,0,0
4148449,7.666,-0.256,6.941,0.155,-0.89,-0.029,867,0,0
4148469,7.503,-0.251,6.378,0.198,-0.864,-0.058,866,0,0
4148489,7.537,-0.306,5.236,0.236,-0.86,-0.058,867,0,0
4148509,8.052,-0.28,3.747,0.272,-0.653,-0.091,868,0,0
4148529,7.839,-0.311,3.565,0.281,-0.346,-0.098,868,0,0
4148549,7.295,-0.656,4.008,0.39,-0.247,-0.059,869,0,0
4148569,6.649,-0.213,3.907,0.484,-0.324,-0.034,872,0,0
4148589,6.924,-0.491,2.756,0.308,-0.492,-0.004,871,0,0
4148609,7.568,-0.795,1.437,0.235,-0.458,-0.056,871,0,0
4148629,7.587,-0.718,0.852,0.184,-0.287,-0.119,873,0,0
4148649,7.736,-0.769,0.39,0.153,-0.176,-0.126,874,0,0
4148669,7.944,-0.613,0.091,0.115,-0.069,-0.123,873,0,0
4148689,8.461,-0.725,0.105,-0.027,0.05,-0.153,874,0,0
4148709,8.892,-0.618,0.414,-0.038,0.171,-0.194,875,0,0
4148729,9.278,-0.352,0.711,-0.025,0.284,-0.2,874,0,0
4148749,9.237,-0.373,1.341,-0.068,0.319,-0.165,876,0,0
4148769,9.744,-0.601,1.894,-0.156,0.273,-0.156,876,0,0
4148789,10.221,-0.769,2.035,-0.158,0.29,-0.228,877,0,0
4148809,10.209,-0.249,2.741,-0.132,0.357,-0.294,878,0,0
4148829,10.027,0.136,3.488,-0.16,0.311,-0.27,879,0,0
4148849,9.991,0.235,3.847,-0.167,0.194,-0.233,879,0,0
4148869,10.046,0.199,3.807,-0.155,0.124,-0.228,880,0,0
4148889,9.926,0.146,3.675,-0.103,0.118,-0.24,880,0,0
4148909,9.68,0.208,3.958,-0.067,0.145,-0.261,881,0,0
4148929,9.395,0.826,4.235,-0.056,0.129,-0.233,882,0,0
4148949,9.072,1.226,4.64,-0.174,0.099,-0.137,886,0,0
4148969,8.806,0.922,4.827,-0.186,0.052,-0.079,892,0,0
4148989,9.22,0.855,3.785,-0.229,0.118,-0.091,901,0,0
4149009,9.129,0.761,3.335,-0.387,0.375,-0.151,915,0,0
4149029,8.456,0.759,3.768,-0.427,0.536,-0.252,937,0,0
4149049,8.861,0.577,4.113,-0.516,0.659,-0.304,971,0,0
4149069,8.614,1.199,4.865,-0.511,0.719,-0.236,1037,0,0
4149089,8.997,1.219,4.386,-0.559,0.824,-0.156,1107,0,0
4149109,9.16,0.893,3.589,-0.689,1.151,-0.156,1194,0,0
4149129,8.54,0.843,3.002,-0.843,1.485,-0.022,1273,0,0
4149149,8.768,0.441,2.258,-0.87,2.171,0.417,1384,0,0
4149169,7.511,0.101,6.369,-0.648,2.159,0.231,1531,0,0
4149189,7.147,-1.262,8.207,-0.776,1.768,-0.001,1681,0,0
4149209,6.972,-1.209,8.475,-1.068,1.02,-0.151,1791,0,0
4149229,7.197,-0.63,7.547,-0.393,0.616,-0.187,1855,0,0
4149249,7.412,0.17,7.331,0.342,0.44,-0.183,1894,0,0
4149269,7.568,0.46,7.523,-0.178,0.289,-0.149,1919,0,0
4149289,7.635,-0.218,7.412,-0.522,0.171,-0.109,1934,0,0
4149309,7.587,-0.215,6.989,-0.023,0.072,-0.115,1941,0,0
4149329,7.539,0.041,6.673,0.106,0.051,-0.079,1944,0,0
4149349,7.185,0.11,6.536,-0.057,-0.006,-0.052,1946,0,0
4149369,7.429,-0.05,6.78,-0.07,-0.112,-0.052,1947,0,0
4149389,7.707,-0.105,6.318,-0.11,-0.139,-0.03,1946,0,0
4149409,7.53,-0.034,6.189,-0.046,-0.016,-0.019,1945,0,0
4149429,7.276,-0.215,6.438,-0.086,-0.026,0.002,1945,0,0
4149449,7.362,-0.11,6.682,-0.017,-0.121,-0.032,1944,0,0
4149469,7.669,-0.204,6.493,-0.03,-0.15,-0.05,1942,0,0
4149489,8.011,-0.034,6.179,0.029,-0.063,-0.038,1941,0,0
4149509,7.76,0.17,5.873,-0.017,0.113,-0.01,1936,0,0
4149529,7.108,0.045,5.957,-0.085,0.175,-0.023,1935,0,0
4149549,7.025,0.057,6.541,-0.004,0.034,-0.066,1934,0,0
4149569,7.542,0.077,6.639,-0.024,-0.063,-0.05,1933,0,0
4149589,7.693,0.175,6.431,-0.018,0.013,-0.028,1931,0,0
4149609,7.623,0.196,6.462,-0.008,0.06,-0.024,1925,0,0
4149629,7.266,0.101,6.323,-0.06,0.093,-0.021,1922,0,0
4149649,7.314,0.014,6.56,-0.001,-0.003,-0.037,1919,0,0
4149669,7.63,0.029,6.45,0.033,-0.054,-0.049,1914,0,0
4149689,7.793,0.117,6.268,-0.004,-0.002,-0.054,1908,0,0
4149709,7.616,0.007,6.4,-0.008,0.051,-0.069,1904,0,0
4149729,7.389,-0.01,6.29,0.026,0.063,-0.093,1903,0,0
4149749,7.345,-0.012,6.39,0.093,-0.016,-0.119,1903,0,0
4149769,7.618,0.342,6.268,0.091,-0.008,-0.127,1902,0,0
4149789,7.59,0.424,6.235,-0.0,0.058,-0.102,1900,0,0
4149809,7.312,0.371,6.304,-0.022,0.101,-0.084,1897,0,0
4149829,7.235,0.383,6.208,0.042,0.057,-0.072,1892,0,0
4149849,7.362,0.474,6.335,0.017,0.026,-0.058,1890,0,0
4149869,7.59,0.366,6.302,-0.081,0.034,-0.032,1887,0,0
4149889,7.582,0.271,6.536,-0.024,0.093,-0.033,1887,0,0
4149909,7.46,0.323,6.594,0.04,0.089,-0.03,1883,0,0
4149929,7.338,0.378,6.46,0.007,0.055,-0.002,1881,0,0
4149949,7.389,0.292,6.476,-0.06,0.031,0.007,1882,0,0
4149969,7.654,0.057,6.486,-0.06,0.021,-0.023,1878,0,0
4149989,7.683,0.156,6.34,0.027,0.067,-0.054,1876,0,0
4150009,7.566,0.328,6.488,0.024,0.095,-0.061,1873,0,0
4150029,7.374,0.333,6.402,-0.064,0.103,-0.048,1872,0,0
4150049,7.13,0.383,6.481,-0.047,0.049,-0.071,1871,0,0
4150069,7.329,0.541,6.515,-0.045,0.004,-0.076,1871,0,0
4150089,7.42,0.644,6.512,-0.043,0.03,-0.059,1868,0,0
4150109,7.365,0.74,6.546,0.005,0.047,-0.053,1868,0,0
4150129,7.185,0.747,6.448,-0.014,0.036,-0.031,1866,0,0
4150149,7.324,0.567,6.342,-0.047,0.012,0.004,1865,0,0
4150169,7.532,0.486,6.376,-0.033,0.052,-0.001,1863,0,0
4150189,7.472,0.421,6.512,-0.01,0.103,-0.015,1862,0,0
4150209,7.369,0.505,6.596,0.048,0.129,-0.009,1861,0,0
4150229,7.307,0.522,6.606,0.031,0.117,0.018,1859,0,0
4150249,7.226,0.453,6.62,-0.019,0.079,0.039,1857,0,0
4150269,7.357,0.311,6.634,-0.048,0.044,0.055,1857,0,0
4150289,7.477,0.225,6.663,-0.076,0.043,0.051,1857,0,0
4150309,7.436,0.153,6.665,-0.066,0.051,0.02,1856,0,0
4150329,7.247,0.359,6.759,-0.007,0.035,-0.032,1855,0,0
4150349,7.259,0.57,6.682,-0.038,-0.006,-0.05,1854,0,0
4150369,7.29,0.603,6.618,-0.054,-0.015,-0.051,1854,0,0
4150389,7.266,0.577,6.512,-0.046,-0.003,-0.063,1851,0,0
4150409,7.223,0.606,6.414,0.028,-0.008,-0.086,1849,0,0
4150429,7.274,0.742,6.306,0.038,0.007,-0.071,1847,0,0
4150449,7.183,0.761,6.491,-0.035,0.029,-0.031,1848,0,0
4150469,7.317,0.606,6.725,-0.086,0.019,-0.001,1850,0,0
4150489,7.338,0.536,6.644,-0.024,0.04,0.012,1846,0,0
4150509,7.24,0.464,6.601,-0.01,0.05,0.019,1844,0,0
4150529,7.221,0.366,6.577,-0.014,0.042,0.027,1844,0,0
4150549,7.333,0.347,6.687,-0.058,0.037,0.03,1843,0,0
4150569,7.357,0.242,6.699,-0.117,0.041,0.029,1844,0,0
4150589,7.357,0.227,6.749,-0.059,0.023,-0.004,1842,0,0
4150609,7.293,0.378,6.642,-0.048,0.014,-0.039,1841,0,0
4150629,7.324,0.496,6.603,-0.049,0.007,-0.068,1840,0,0
4150649,7.307,0.661,6.563,-0.045,0.014,-0.083,1840,0,0
