4121314,8.023,0.905,5.861,-0.074,0.032,0.004,1709,0,0
4121334,8.004,1.087,5.942,-0.068,0.009,-0.032,1709,0,0
4121354,7.925,1.293,5.918,-0.076,-0.017,-0.051,1708,0,0
4121374,7.901,1.451,5.818,-0.077,-0.04,-0.05,1709,0,0
4121394,7.805,1.508,5.684,-0.067,-0.049,-0.043,1710,0,0
4121414,7.781,1.539,5.643,-0.05,-0.043,-0.029,1710,0,0
4121434,7.781,1.482,5.626,-0.055,-0.036,-0.021,1710,0,0
4121454,7.772,1.439,5.504,-0.04,-0.014,-0.011,1709,0,0
4121474,7.767,1.372,5.519,-0.035,0.013,0.01,1710,0,0
4121494,7.858,1.264,5.581,-0.039,0.049,0.028,1709,0,0
4121514,7.877,1.168,5.746,-0.026,0.084,0.031,1709,0,0
4121534,7.827,1.109,5.89,-0.042,0.079,0.044,1710,0,0
4121554,7.91,1.008,5.993,-0.063,0.043,0.065,1710,0,0
4121574,8.045,0.809,5.878,-0.064,0.023,0.057,1709,0,0
4121594,8.107,0.814,5.76,-0.034,0.042,0.025,1708,0,0
4121614,8.028,0.9,5.739,-0.046,0.05,-0.012,1708,0,0
4121634,7.898,0.955,5.892,-0.08,0.017,-0.046,1709,0,0
4121654,7.951,1.216,5.883,-0.058,-0.006,-0.071,1709,0,0
4121674,7.875,1.482,5.959,-0.075,-0.003,-0.076,1708,0,0
4121694,7.728,1.58,5.981,-0.045,-0.027,-0.078,1709,0,0
4121714,7.719,1.628,5.744,-0.025,-0.066,-0.051,1709,0,0
4121734,7.879,1.53,5.511,-0.045,-0.06,-0.021,1708,0,0
4121754,7.882,1.367,5.444,-0.063,-0.011,-0.009,1707,0,0
4121774,7.827,1.322,5.622,-0.024,0.038,-0.004,1707,0,0
4121794,7.8,1.283,5.777,-0.013,0.047,0.009,1707,0,0
4121814,7.812,1.223,5.796,-0.022,0.033,0.026,1706,0,0
4121834,7.891,1.116,5.813,-0.067,0.021,0.035,1708,0,0
4121854,8.08,0.977,5.808,-0.064,0.017,0.033,1707,0,0
4121874,8.078,0.95,5.832,-0.045,0.043,0.012,1707,0,0
4121894,7.982,1.044,5.875,-0.029,0.037,0.003,1706,0,0
4121914,7.925,1.137,5.863,-0.085,-0.003,0.011,1706,0,0
4121934,7.958,1.037,5.88,-0.148,-0.038,-0.011,1707,0,0
4121954,7.992,1.08,5.82,-0.087,-0.035,-0.059,1704,0,0
4121974,7.872,1.295,5.763,-0.013,-0.024,-0.095,1706,0,0
4121994,7.733,1.575,5.605,-0.019,-0.042,-0.085,1706,0,0
4122014,7.724,1.645,5.538,-0.093,-0.062,-0.046,1704,0,0
4122034,7.793,1.528,5.492,-0.112,-0.044,-0.023,1705,0,0
4122054,7.812,1.379,5.44,-0.043,0.015,-0.029,1705,0,0
4122074,7.784,1.437,5.531,0.024,0.066,-0.026,1706,0,0
4122094,7.733,1.432,5.753,-0.027,0.074,-0.006,1706,0,0
4122114,7.858,1.338,5.878,-0.061,0.06,0.03,1705,0,0
4122134,7.963,1.238,5.863,-0.068,0.056,0.05,1707,0,0
4122154,8.035,1.018,5.725,-0.064,0.064,0.048,1705,0,0
4122174,8.033,0.915,5.737,-0.044,0.067,0.036,1704,0,0
4122194,8.085,0.891,5.82,-0.073,0.049,0.015,1704,0,0
4122214,8.088,1.006,5.986,-0.082,0.04,-0.015,1705,0,0
4122234,7.987,1.257,6.084,-0.084,0.015,-0.038,1704,0,0
4122254,7.851,1.358,6.045,-0.077,-0.034,-0.05,1704,0,0
4122274,7.867,1.429,5.758,-0.047,-0.065,-0.061,1704,0,0
4122294,7.863,1.52,5.689,-0.054,-0.053,-0.069,1702,0,0
4122314,7.764,1.583,5.71,-0.044,-0.043,-0.068,1704,0,0
4122334,7.7,1.659,5.667,-0.031,-0.051,-0.036,1705,0,0
4122354,7.827,1.506,5.523,-0.062,-0.04,-0.002,1701,0,0
4122374,7.839,1.336,5.545,-0.046,0.001,0.006,1703,0,0
4122394,7.827,1.235,5.61,-0.039,0.026,0.013,1705,0,0
4122414,7.839,1.164,5.643,-0.046,0.04,0.025,1705,0,0
4122434,7.961,1.082,5.727,-0.057,0.055,0.027,1705,0,0
4122454,7.898,1.068,5.844,-0.069,0.059,0.025,1705,0,0
4122474,7.934,1.044,5.83,-0.087,0.036,0.023,1704,0,0
4122494,8.052,1.015,5.787,-0.097,0.028,0.012,1705,0,0
4122514,8.059,1.061,5.794,-0.084,0.037,-0.016,1704,0,0
4122534,7.961,1.226,5.911,-0.072,0.034,-0.047,1704,0,0
4122554,7.81,1.396,5.88,-0.083,-0.02,-0.056,1706,0,0
4122574,7.879,1.484,5.679,-0.077,-0.056,-0.047,1705,0,0
4122594,7.901,1.537,5.555,-0.097,-0.031,-0.046,1704,0,0
4122614,7.796,1.487,5.602,-0.065,-0.005,-0.054,1705,0,0
4122634,7.721,1.554,5.555,-0.01,-0.007,-0.059,1705,0,0
4122654,7.752,1.587,5.488,-0.019,-0.002,-0.033,1704,0,0
4122674,7.843,1.539,5.547,-0.061,0.018,0.008,1704,0,0
4122694,7.906,1.326,5.655,-0.066,0.058,0.028,1705,0,0
4122714,7.865,1.223,5.725,-0.019,0.088,0.015,1704,0,0
4122734,7.867,1.188,5.804,-0.003,0.084,0.014,1705,0,0
4122754,8.03,1.207,5.816,-0.032,0.074,0.033,1706,0,0
4122774,8.052,1.073,5.89,-0.087,0.07,0.042,1705,0,0
4122794,8.025,1.018,5.868,-0.074,0.048,0.033,1705,0,0
4122814,8.114,1.022,5.78,-0.083,0.041,0.022,1704,0,0
4122834,8.025,1.104,5.926,-0.075,0.042,-0.021,1705,0,0
4122854,7.86,1.346,6.038,-0.051,0.011,-0.067,1706,0,0
4122874,7.81,1.566,5.906,-0.043,-0.03,-0.064,1705,0,0
4122894,7.798,1.59,5.686,-0.076,-0.043,-0.051,1706,0,0
4122914,7.75,1.528,5.595,-0.041,-0.028,-0.061,1704,0,0
4122934,7.752,1.563,5.535,0.005,-0.002,-0.075,1706,0,0
4122954,7.74,1.614,5.559,0.001,0.023,-0.056,1704,0,0
4122974,7.781,1.602,5.698,-0.025,0.046,-0.018,1705,0,0
4122994,7.786,1.494,5.856,-0.041,0.063,0.019,1706,0,0
4123014,7.848,1.355,5.995,-0.037,0.054,0.035,1706,0,0
4123034,7.939,1.192,5.902,-0.038,0.041,0.045,1704,0,0
4123054,8.001,1.111,5.89,-0.035,0.053,0.044,1707,0,0
4123074,8.001,1.058,5.923,-0.068,0.046,0.04,1706,0,0
4123094,7.968,1.12,5.904,-0.072,0.021,0.032,1706,0,0
4123114,7.999,1.061,5.885,-0.121,-0.006,0.017,1706,0,0
4123134,8.035,1.125,5.83,-0.07,0.003,-0.019,1706,0,0
4123154,7.836,1.3,5.825,-0.052,-0.004,-0.06,1707,0,0
4123174,7.774,1.465,5.748,-0.033,-0.027,-0.086,1705,0,0
4123194,7.74,1.549,5.588,-0.046,-0.047,-0.088,1705,0,0
4123214,7.767,1.604,5.569,-0.021,-0.017,-0.088,1705,0,0
4123234,7.626,1.793,5.629,0.016,0.009,-0.076,1705,0,0
4123254,7.63,1.824,5.607,-0.004,-0.007,-0.031,1705,0,0
4123274,7.76,1.647,5.504,-0.059,0.006,0.015,1705,0,0
4123294,7.81,1.42,5.564,-0.042,0.056,0.022,1705,0,0
4123314,7.786,1.338,5.722,0.011,0.09,0.024,1705,0,0
4123334,7.786,1.358,5.842,-0.002,0.078,0.051,1706,0,0
4123354,7.968,1.235,5.926,-0.074,0.066,0.07,1709,0,0
4123374,8.011,1.075,6.0,-0.086,0.07,0.055,1707,0,0
4123394,8.018,1.022,6.038,-0.046,0.059,0.027,1706,0,0
4123414,8.042,1.07,5.983,-0.037,0.038,0.006,1707,0,0
4123434,8.033,1.137,5.957,-0.081,0.017,-0.019,1706,0,0
4123454,7.927,1.274,6.0,-0.081,-0.003,-0.056,1706,0,0
4123474,7.817,1.484,6.019,-0.052,-0.03,-0.075,1706,0,0
4123494,7.717,1.647,5.873,-0.016,-0.051,-0.078,1706,0,0
4123514,7.664,1.709,5.643,-0.015,-0.057,-0.068,1706,0,0
4123534,7.649,1.724,5.473,-0.026,-0.035,-0.058,1706,0,0
4123554,7.7,1.731,5.514,-0.051,-0.006,-0.021,1704,0,0
4123574,7.7,1.59,5.588,-0.067,0.033,0.021,1706,0,0
4123594,7.74,1.425,5.725,-0.03,0.051,0.025,1706,0,0
4123614,7.779,1.381,5.768,-0.017,0.057,0.018,1706,0,0
4123634,7.872,1.305,5.804,-0.045,0.056,0.025,1706,0,0
4123654,7.961,1.267,5.94,-0.062,0.065,0.042,1707,0,0
4123674,7.942,1.204,5.99,-0.068,0.049,0.043,1706,0,0
4123694,7.973,1.185,5.933,-0.08,0.015,0.038,1706,0,0
4123714,8.028,1.128,5.921,-0.098,0.004,0.002,1706,0,0
4123734,7.982,1.199,5.952,-0.056,-0.011,-0.05,1705,0,0
4123754,7.882,1.477,5.914,-0.021,-0.017,-0.076,1706,0,0
4123774,7.719,1.657,5.842,-0.054,-0.039,-0.072,1705,0,0
4123794,7.635,1.75,5.662,-0.069,-0.071,-0.041,1705,0,0
4123814,7.712,1.633,5.483,-0.104,-0.066,-0.023,1706,0,0
4123834,7.75,1.532,5.461,-0.07,-0.018,-0.04,1706,0,0
4123854,7.661,1.618,5.552,-0.006,0.023,-0.049,1706,0,0
4123874,7.681,1.652,5.61,0.027,0.034,-0.037,1705,0,0
4123894,7.738,1.678,5.693,-0.041,0.041,0.015,1706,0,0
4123914,7.824,1.451,5.794,-0.099,0.045,0.05,1706,0,0
4123934,7.92,1.29,5.782,-0.058,0.06,0.043,1706,0,0
4123954,7.963,1.262,5.823,-0.031,0.079,0.033,1706,0,0
4123974,7.944,1.231,5.959,-0.055,0.083,0.038,1707,0,0
4123994,7.927,1.221,6.136,-0.064,0.042,0.029,1706,0,0
4124014,7.992,1.324,6.045,-0.073,0.007,0.019,1706,0,0
4124034,8.006,1.348,6.002,-0.113,-0.005,0.013,1707,0,0
4124054,7.922,1.329,5.971,-0.085,-0.016,-0.023,1706,0,0
4124074,7.86,1.501,5.871,-0.044,-0.041,-0.059,1707,0,0
4124094,7.76,1.674,5.717,-0.07,-0.058,-0.049,1705,0,0
4124114,7.712,1.657,5.602,-0.096,-0.074,-0.03,1706,0,0
4124134,7.709,1.592,5.533,-0.079,-0.054,-0.035,1707,0,0
4124154,7.64,1.626,5.507,-0.037,-0.021,-0.05,1706,0,0
4124174,7.602,1.633,5.471,-0.021,0.002,-0.038,1707,0,0
4124194,7.63,1.573,5.54,-0.028,0.029,-0.017,1707,0,0
4124214,7.635,1.518,5.717,-0.048,0.05,0.005,1706,0,0
4124234,7.75,1.405,5.784,-0.067,0.051,0.024,1707,0,0
4124254,7.877,1.269,5.832,-0.068,0.072,0.027,1707,0,0
4124274,7.889,1.226,5.909,-0.036,0.087,0.01,1707,0,0
4124294,7.942,1.314,6.005,-0.028,0.076,0.007,1706,0,0
4124314,7.999,1.312,6.065,-0.104,0.038,0.032,1707,0,0
4124334,8.054,1.125,6.002,-0.138,0.01,0.024,1707,0,0
4124354,8.023,1.075,5.906,-0.082,-0.001,-0.037,1707,0,0
4124374,7.898,1.362,5.844,-0.037,-0.01,-0.086,1707,0,0
4124394,7.767,1.657,5.835,-0.054,-0.053,-0.086,1708,0,0
4124414,7.757,1.731,5.722,-0.099,-0.084,-0.066,1707,0,0
4124434,7.784,1.726,5.571,-0.091,-0.066,-0.059,1707,0,0
4124454,7.678,1.686,5.466,-0.049,-0.038,-0.063,1706,0,0
4124474,7.599,1.707,5.476,-0.017,-0.025,-0.058,1706,0,0
4124494,7.728,1.719,5.468,-0.037,-0.009,-0.03,1706,0,0
4124514,7.772,1.607,5.583,-0.057,0.041,0.002,1706,0,0
4124534,7.731,1.501,5.801,-0.05,0.067,0.019,1706,0,0
4124554,7.736,1.415,5.799,-0.035,0.057,0.033,1706,0,0
4124574,7.882,1.314,5.737,-0.056,0.05,0.038,1707,0,0
4124594,7.989,1.156,5.816,-0.095,0.056,0.033,1706,0,0
4124614,8.023,1.171,5.926,-0.075,0.064,0.021,1707,0,0
4124634,7.98,1.243,6.012,-0.078,0.048,-0.0,1707,0,0
4124654,7.937,1.348,5.938,-0.067,0.007,-0.027,1708,0,0
4124674,7.93,1.448,5.813,-0.095,-0.027,-0.054,1707,0,0
4124694,7.946,1.563,5.794,-0.101,-0.021,-0.074,1707,0,0
4124714,7.817,1.75,5.861,-0.049,-0.01,-0.09,1707,0,0
4124734,7.709,1.927,5.789,-0.02,-0.026,-0.079,1706,0,0
4124754,7.673,1.975,5.622,-0.05,-0.046,-0.041,1705,0,0
4124774,7.731,1.784,5.598,-0.079,-0.04,-0.014,1706,0,0
4124794,7.772,1.652,5.636,-0.037,-0.013,-0.004,1707,0,0
4124814,7.75,1.654,5.669,-0.013,0.021,0.013,1707,0,0
4124834,7.752,1.542,5.725,-0.034,0.032,0.038,1707,0,0
4124854,7.781,1.353,5.811,-0.041,0.039,0.05,1707,0,0
4124874,7.86,1.209,5.816,-0.048,0.044,0.047,1707,0,0
4124894,7.918,1.156,5.784,-0.059,0.054,0.038,1707,0,0
4124914,7.934,1.113,5.844,-0.081,0.055,0.025,1707,0,0
4124934,7.918,1.152,5.969,-0.091,0.043,0.002,1706,0,0
4124954,7.889,1.276,6.053,-0.1,0.009,-0.025,1707,0,0
4124974,7.93,1.396,5.954,-0.098,-0.025,-0.058,1707,0,0
4124994,7.901,1.528,5.758,-0.079,-0.035,-0.078,1707,0,0
4125014,7.748,1.724,5.698,-0.063,-0.037,-0.084,1707,0,0
4125034,7.695,1.8,5.607,-0.09,-0.062,-0.068,1708,0,0
4125054,7.762,1.803,5.559,-0.09,-0.048,-0.06,1707,0,0
4125074,7.731,1.8,5.619,-0.067,-0.018,-0.063,1706,0,0
4125094,7.721,1.829,5.641,-0.009,0.003,-0.051,1707,0,0
4125114,7.709,1.877,5.665,-0.017,0.006,-0.001,1708,0,0
4125134,7.807,1.604,5.667,-0.077,0.005,0.044,1707,0,0
4125154,7.92,1.348,5.655,-0.085,0.031,0.049,1707,0,0
4125174,7.934,1.214,5.78,-0.03,0.063,0.027,1707,0,0
4125194,7.927,1.267,5.897,-0.015,0.067,0.023,1708,0,0
4125214,7.98,1.319,5.906,-0.064,0.035,0.043,1707,0,0
4125234,8.047,1.183,5.88,-0.129,0.016,0.039,1708,0,0
4125254,8.016,1.116,5.861,-0.114,-0.002,-0.012,1707,0,0
4125274,8.04,1.312,5.813,-0.055,-0.011,-0.065,1707,0,0
4125294,7.889,1.64,5.818,-0.059,-0.022,-0.072,1706,0,0
4125314,7.757,1.772,5.82,-0.09,-0.049,-0.06,1707,0,0
4125334,7.7,1.853,5.626,-0.096,-0.081,-0.05,1707,0,0
4125354,7.745,1.812,5.459,-0.101,-0.068,-0.045,1709,0,0
4125374,7.788,1.776,5.461,-0.049,-0.025,-0.057,1707,0,0
4125394,7.743,1.851,5.509,0.0,0.016,-0.048,1706,0,0
4125414,7.719,1.844,5.605,-0.013,0.026,-0.004,1706,0,0
4125434,7.786,1.683,5.684,-0.063,0.013,0.041,1705,0,0
4125454,7.913,1.453,5.763,-0.062,0.032,0.052,1706,0,0
4125474,7.958,1.338,5.906,-0.026,0.049,0.043,1707,0,0
4125494,7.958,1.283,5.887,-0.013,0.04,0.042,1707,0,0
4125514,7.992,1.24,5.77,-0.051,0.024,0.052,1706,0,0
4125534,8.049,1.231,5.82,-0.092,0.026,0.05,1707,0,0
4125554,8.033,1.154,5.885,-0.118,0.013,0.03,1707,0,0
4125574,8.004,1.228,5.851,-0.09,0.007,-0.002,1707,0,0
4125594,7.963,1.401,5.847,-0.094,0.015,-0.031,1707,0,0
4125614,7.889,1.602,5.911,-0.1,0.01,-0.03,1706,0,0
4125634,7.724,1.638,5.988,-0.167,-0.025,-0.008,1708,0,0
4125654,7.702,1.401,5.82,-0.196,-0.058,-0.01,1706,0,0
4125674,7.788,1.3,5.54,-0.16,-0.03,-0.057,1707,0,0
4125694,7.738,1.408,5.478,-0.116,0.016,-0.087,1707,0,0
4125714,7.705,1.63,5.375,-0.127,0.036,-0.059,1708,0,0
4125734,7.839,1.551,5.42,-0.199,0.049,-0.019,1708,0,0
4125754,7.898,1.405,5.602,-0.213,0.092,-0.015,1706,0,0
4125774,7.858,1.413,5.938,-0.167,0.109,-0.033,1707,0,0
4125794,7.855,1.513,6.043,-0.14,0.096,-0.025,1706,0,0
4125814,7.858,1.47,6.031,-0.169,0.076,-0.013,1706,0,0
4125834,7.86,1.389,5.981,-0.175,0.056,-0.008,1706,0,0
4125854,7.896,1.326,6.11,-0.205,0.038,-0.003,1706,0,0
4125874,7.898,1.087,6.251,-0.214,0.036,-0.022,1706,0,0
4125894,7.762,1.02,6.306,-0.182,0.024,-0.068,1706,0,0
4125914,7.666,1.07,6.199,-0.18,-0.013,-0.104,1708,0,0
4125934,7.599,1.192,6.129,-0.211,-0.025,-0.113,1708,0,0
4125954,7.558,1.166,6.091,-0.255,-0.038,-0.111,1707,0,0
4125974,7.628,1.073,5.971,-0.238,-0.027,-0.121,1706,0,0
4125994,7.616,0.996,5.854,-0.233,-0.015,-0.138,1707,0,0
4126014,7.69,1.037,5.741,-0.216,0.003,-0.149,1705,0,0
4126034,7.705,1.192,5.832,-0.226,0.021,-0.137,1706,0,0
4126054,7.683,1.199,5.806,-0.251,0.011,-0.116,1705,0,0
4126074,7.786,1.192,5.768,-0.221,-0.011,-0.123,1705,0,0
4126094,7.913,1.279,5.626,-0.225,0.012,-0.126,1705,0,0
4126114,7.913,1.29,5.669,-0.212,0.013,-0.113,1706,0,0
4126134,7.91,1.319,5.657,-0.184,0.009,-0.114,1706,0,0
4126154,7.951,1.391,5.646,-0.181,-0.002,-0.129,1706,0,0
4126174,7.913,1.52,5.693,-0.144,-0.004,-0.133,1706,0,0
4126194,7.817,1.621,5.758,-0.107,-0.023,-0.132,1703,0,0
4126214,7.745,1.748,5.727,-0.085,-0.055,-0.123,1704,0,0
4126234,7.748,1.812,5.626,-0.065,-0.073,-0.098,1704,0,0
4126254,7.764,1.762,5.528,-0.077,-0.069,-0.063,1704,0,0
4126274,7.738,1.695,5.432,-0.039,-0.044,-0.052,1704,0,0
4126294,7.726,1.724,5.32,-0.001,-0.029,-0.052,1704,0,0
4126314,7.774,1.743,5.341,-0.004,0.002,-0.045,1704,0,0
4126334,7.748,1.805,5.437,0.015,0.03,-0.033,1703,0,0
4126354,7.721,1.875,5.478,0.043,0.027,-0.011,1704,0,0
4126374,7.824,1.875,5.38,0.051,0.031,0.023,1705,0,0
4126394,7.819,1.793,5.449,0.026,0.058,0.032,1704,0,0
4126414,7.827,1.741,5.607,0.067,0.056,0.013,1703,0,0
4126434,7.954,1.891,5.643,0.132,0.065,0.007,1703,0,0
4126454,7.922,1.949,5.801,0.111,0.083,0.016,1705,0,0
4126474,7.896,1.927,6.062,0.117,0.068,0.023,1706,0,0
4126494,7.922,1.932,6.182,0.141,0.042,0.045,1706,0,0
4126514,7.989,1.829,6.215,0.118,0.02,0.085,1706,0,0
4126534,7.98,1.568,6.304,0.072,0.011,0.103,1707,0,0
4126554,7.961,1.353,6.278,0.084,-0.006,0.095,1706,0,0
4126574,7.999,1.288,6.148,0.1,-0.013,0.095,1707,0,0
4126594,7.956,1.262,6.1,0.051,-0.013,0.11,1707,0,0
4126614,7.879,1.104,6.139,-0.014,-0.009,0.108,1706,0,0
4126634,7.822,1.013,6.206,-0.022,-0.017,0.088,1706,0,0
4126654,7.817,1.046,6.199,-0.03,-0.031,0.066,1707,0,0
4126674,7.781,1.101,6.115,-0.07,-0.046,0.056,1706,0,0
4126694,7.745,1.171,5.99,-0.108,-0.047,0.045,1706,0,0
4126714,7.649,1.101,5.895,-0.152,-0.042,0.024,1706,0,0
4126734,7.616,1.14,5.636,-0.127,-0.054,0.002,1706,0,0
4126754,7.76,1.211,5.521,-0.145,-0.024,-0.009,1705,0,0
4126774,7.678,1.298,5.753,-0.187,0.009,-0.02,1704,0,0
4126794,7.628,1.35,5.887,-0.17,-0.011,-0.027,1705,0,0
4126814,7.669,1.336,5.789,-0.162,-0.053,-0.026,1705,0,0
4126834,7.834,1.295,5.562,-0.151,-0.035,-0.051,1705,0,0
4126854,7.803,1.377,5.588,-0.108,0.004,-0.077,1706,0,0
4126874,7.738,1.559,5.588,-0.078,0.01,-0.068,1705,0,0
4126894,7.707,1.611,5.466,-0.096,-0.003,-0.041,1704,0,0
4126914,7.714,1.511,5.361,-0.13,0.012,-0.031,1704,0,0
4126934,7.743,1.508,5.353,-0.1,0.025,-0.038,1705,0,0
4126954,7.908,1.681,5.325,-0.061,0.053,-0.023,1704,0,0
4126974,7.889,1.745,5.423,-0.062,0.095,-0.001,1703,0,0
4126994,7.779,1.697,5.459,-0.049,0.088,0.007,1703,0,0
4127014,7.875,1.793,5.38,-0.023,0.078,0.022,1702,0,0
4127034,7.963,1.832,5.385,-0.041,0.087,0.054,1703,0,0
4127054,8.037,1.707,5.464,-0.046,0.099,0.066,1704,0,0
4127074,8.047,1.688,5.567,0.017,0.118,0.041,1704,0,0
4127094,7.958,1.805,5.693,0.037,0.129,0.03,1703,0,0
4127114,7.863,1.879,5.851,0.037,0.112,0.047,1704,0,0
4127134,7.87,1.848,6.108,0.032,0.096,0.065,1703,0,0
4127154,7.831,1.707,6.244,0.031,0.071,0.068,1704,0,0
4127174,7.817,1.587,6.218,0.043,0.047,0.067,1704,0,0
4127194,7.807,1.494,6.23,0.053,0.048,0.059,1706,0,0
4127214,7.714,1.42,6.256,0.063,0.048,0.049,1705,0,0
4127234,7.652,1.482,6.28,0.074,0.045,0.066,1705,0,0
4127254,7.551,1.314,6.299,0.007,0.003,0.08,1704,0,0
4127274,7.721,1.106,6.081,0.011,-0.018,0.072,1705,0,0
4127294,7.781,1.101,5.976,0.033,0.016,0.055,1704,0,0
4127314,7.661,1.061,5.918,0.025,0.033,0.054,1706,0,0
4127334,7.678,1.159,5.89,0.01,0.03,0.066,1706,0,0
4127354,7.733,1.135,5.878,-0.051,0.037,0.066,1705,0,0
4127374,7.7,1.089,5.914,-0.061,0.044,0.037,1706,0,0
4127394,7.676,1.178,5.859,-0.019,0.037,-0.01,1706,0,0
4127414,7.671,1.429,5.813,-0.002,0.029,-0.029,1705,0,0
4127434,7.661,1.518,5.65,-0.014,0.014,-0.019,1705,0,0
4127454,7.683,1.583,5.595,-0.03,0.029,-0.011,1705,0,0
4127474,7.702,1.544,5.684,-0.048,0.043,-0.019,1704,0,0
4127494,7.669,1.633,5.82,0.01,0.053,-0.028,1705,0,0
4127514,7.63,1.693,5.832,0.021,0.04,-0.029,1704,0,0
4127534,7.669,1.712,5.744,0.003,0.043,-0.005,1705,0,0
4127554,7.693,1.623,5.863,-0.011,0.058,0.017,1705,0,0
4127574,7.762,1.492,6.009,-0.005,0.058,0.015,1704,0,0
4127594,7.788,1.448,5.964,0.018,0.063,0.014,1705,0,0
4127614,7.793,1.367,5.978,-0.004,0.051,0.01,1701,0,0
4127634,7.855,1.336,5.926,0.002,0.046,-0.003,1704,0,0
4127654,7.903,1.415,5.851,0.009,0.063,-0.006,1703,0,0
4127674,7.867,1.427,5.952,-0.017,0.075,0.009,1703,0,0
4127694,7.788,1.434,5.988,-0.024,0.067,0.022,1703,0,0
4127714,7.757,1.434,6.072,-0.036,0.043,0.019,1704,0,0
4127734,7.807,1.346,5.986,-0.053,0.011,0.001,1703,0,0
4127754,7.851,1.437,5.935,-0.011,0.024,-0.032,1703,0,0
4127774,7.695,1.674,5.947,-0.003,0.022,-0.031,1703,0,0
4127794,7.693,1.803,5.906,-0.02,0.005,0.005,1704,0,0
4127814,7.681,1.662,5.926,-0.063,-0.007,0.024,1703,0,0
4127834,7.709,1.568,5.892,-0.034,0.003,0.013,1702,0,0
4127854,7.702,1.554,5.897,-0.026,0.012,0.002,1703,0,0
4127874,7.659,1.566,5.904,-0.024,0.022,0.007,1703,0,0
4127894,7.568,1.556,6.069,-0.033,0.009,0.007,1702,0,0
4127914,7.597,1.542,5.962,-0.022,-0.009,0.005,1703,0,0
4127934,7.649,1.559,5.813,-0.023,-0.004,0.002,1702,0,0
4127954,7.623,1.549,5.827,-0.039,0.016,0.002,1702,0,0
4127974,7.597,1.516,5.861,-0.046,0.017,0.009,1702,0,0
4127994,7.673,1.501,5.895,-0.061,0.017,0.006,1703,0,0
4128014,7.671,1.477,5.971,-0.053,0.037,-0.013,1704,0,0
4128034,7.611,1.645,5.969,-0.012,0.041,-0.025,1702,0,0
4128054,7.626,1.678,6.019,-0.041,0.029,-0.002,1703,0,0
4128074,7.657,1.535,5.945,-0.078,0.023,0.015,1703,0,0
4128094,7.731,1.47,5.95,-0.067,0.033,0.01,1702,0,0
4128114,7.697,1.472,6.0,-0.065,0.048,0.001,1703,0,0
4128134,7.681,1.47,5.988,-0.06,0.045,-0.002,1702,0,0
4128154,7.685,1.523,6.017,-0.056,0.033,-0.005,1703,0,0
4128174,7.702,1.513,5.94,-0.082,0.027,-0.002,1702,0,0
4128194,7.64,1.508,5.966,-0.088,0.032,0.003,1703,0,0
4128214,7.642,1.532,5.923,-0.076,0.036,-0.001,1702,0,0
4128234,7.652,1.616,5.916,-0.07,0.042,-0.005,1701,0,0
4128254,7.611,1.585,5.909,-0.096,0.042,0.003,1700,0,0
4128274,7.645,1.549,5.904,-0.087,0.031,0.007,1700,0,0
4128294,7.731,1.597,5.816,-0.082,0.057,0.003,1701,0,0
4128314,7.585,1.638,5.871,-0.081,0.081,0.009,1699,0,0
4128334,7.566,1.664,5.904,-0.069,0.064,0.021,1699,0,0
4128354,7.685,1.623,5.835,-0.091,0.078,0.03,1700,0,0
4128374,7.626,1.559,5.914,-0.09,0.103,0.022,1700,0,0
4128394,7.626,1.633,5.978,-0.042,0.108,0.018,1700,0,0
4128414,7.602,1.731,6.036,-0.062,0.107,0.035,1700,0,0
4128434,7.558,1.599,5.993,-0.079,0.096,0.049,1700,0,0
4128454,7.578,1.568,5.971,-0.054,0.121,0.043,1700,0,0
4128474,7.537,1.583,6.033,-0.042,0.154,0.052,1700,0,0
4128494,7.42,1.578,6.129,-0.044,0.156,0.055,1700,0,0
4128514,7.503,1.535,6.153,-0.05,0.149,0.078,1698,0,0
4128534,7.501,1.434,6.093,-0.074,0.171,0.108,1698,0,0
4128554,7.53,1.331,6.364,-0.059,0.172,0.104,1697,0,0
4128574,7.575,1.286,6.371,-0.042,0.152,0.091,1696,0,0
4128594,7.657,1.271,6.266,-0.006,0.13,0.07,1694,0,0
4128614,7.465,1.331,6.273,-0.063,0.134,0.056,1692,0,0
4128634,7.415,1.283,6.476,-0.071,0.091,0.053,1690,0,0
4128654,7.585,1.343,6.357,-0.087,0.047,0.039,1686,0,0
4128674,7.626,1.348,6.282,-0.093,0.067,0.031,1683,0,0
4128694,7.499,1.336,6.254,-0.088,0.068,0.021,1682,0,0
4128714,7.42,1.451,6.268,-0.078,0.053,0.018,1681,0,0
4128734,7.53,1.434,6.29,-0.112,0.025,0.035,1680,0,0
4128754,7.506,1.369,6.309,-0.127,0.028,0.037,1679,0,0
4128774,7.451,1.448,6.311,-0.079,0.022,0.018,1677,0,0
4128794,7.429,1.487,6.223,-0.064,0.026,0.019,1672,0,0
4128814,7.259,1.494,6.136,-0.084,0.028,0.036,1668,0,0
4128834,7.314,1.386,6.187,-0.1,0.002,0.041,1666,0,0
4128854,7.353,1.293,6.076,-0.118,-0.002,0.048,1662,0,0
4128874,7.374,1.075,6.076,-0.111,0.031,0.029,1658,0,0
4128894,7.381,1.022,6.261,-0.031,0.051,-0.005,1647,0,0
4128914,7.386,1.188,6.45,0.05,0.021,-0.017,1615,0,0
4128934,7.523,1.197,6.594,0.059,-0.027,-0.003,1551,0,0
4128954,7.295,1.319,6.275,0.048,0.025,0.0,1506,0,0
4128974,7.123,1.489,6.551,0.122,0.032,-0.028,1471,0,0
4128994,7.63,1.539,7.281,0.152,-0.097,-0.01,1419,0,0
4129014,8.229,1.214,7.343,0.077,-0.143,0.056,1359,0,0
4129034,8.253,1.202,6.948,0.249,-0.096,0.132,1313,0,0
4129054,7.429,1.796,6.455,0.288,0.006,0.158,1281,0,0
4129074,6.211,2.054,6.383,0.053,0.041,0.177,1248,0,0
4129094,6.589,1.772,7.628,-0.018,-0.185,0.187,1195,0,0
4129114,6.62,1.836,7.731,-0.175,-0.397,0.278,1131,0,0
4129134,7.156,1.609,7.788,-0.254,-0.561,0.282,1060,0,0
4129154,8.298,1.082,7.901,-0.195,-0.645,0.257,988,0,0
4129174,8.236,1.154,7.314,0.003,-0.476,0.341,950,0,0
4129194,6.974,1.657,7.156,0.081,-0.497,0.381,930,0,0
4129214,6.931,1.757,7.611,-0.058,-0.709,0.34,908,0,0
4129234,8.004,1.185,8.016,-0.268,-1.01,0.303,878,0,0
4129254,8.145,1.001,7.113,-0.166,-1.062,0.262,861,0,0
4129274,7.046,1.03,5.126,0.293,-1.002,0.367,853,0,0
4129294,7.242,1.542,2.804,0.693,-0.79,0.426,839,0,0
4129314,8.42,0.819,0.917,0.149,-0.215,0.208,817,0,0
4129334,7.961,-0.156,1.434,0.155,0.347,0.002,801,0,0
4129354,7.357,0.261,1.132,0.214,0.814,-0.159,793,0,0
4129374,7.209,0.91,1.269,0.103,1.095,-0.234,792,0,0
4129394,6.752,0.491,1.573,-0.187,1.143,-0.2,790,0,0
4129414,6.656,-0.036,1.441,-0.217,1.025,-0.149,795,0,0
4129434,7.472,-0.565,0.448,-0.294,0.883,-0.144,801,0,0
4129454,8.183,-0.871,-0.022,-0.408,0.925,-0.176,806,0,0
4129474,8.236,-1.12,1.413,-0.556,0.892,-0.222,811,0,0
4129494,8.935,-0.491,3.311,-0.462,0.831,-0.377,814,0,0
4129514,9.005,0.558,5.143,-0.554,0.569,-0.419,817,0,0
4129534,9.72,0.426,5.083,-0.692,0.254,-0.329,818,0,0
4129554,10.434,0.788,5.567,-0.666,0.232,-0.28,823,0,0
4129574,10.982,1.573,7.214,-0.632,0.404,-0.373,824,0,0
4129594,8.82,2.418,10.02,-0.571,0.247,-0.374,826,0,0
4129614,8.617,1.966,9.402,-0.568,-0.345,-0.117,829,0,0
4129634,9.759,1.348,6.943,-0.586,-0.416,0.141,829,0,0
4129654,9.876,0.484,7.772,-0.831,-0.035,0.15,831,0,0
4129674,8.349,0.017,10.494,-0.664,0.188,-0.009,833,0,0
4129694,7.319,0.611,11.461,-0.389,0.087,-0.122,835,0,0
4129714,6.752,1.192,11.715,-0.281,-0.146,-0.034,836,0,0
4129734,7.154,1.403,10.956,-0.253,-0.207,0.106,838,0,0
4129754,7.183,1.322,11.38,-0.246,-0.013,0.138,840,0,0
4129774,6.062,2.002,12.51,-0.043,0.087,0.217,842,0,0
4129794,4.7,2.078,13.326,-0.069,-0.33,0.466,844,0,0
4129814,5.983,0.457,11.291,-0.102,-0.747,0.534,846,0,0
4129842,6.948,0.022,9.143,0.156,-0.554,0.325,846,0,0
4129854,6.687,0.007,9.021,0.275,-0.394,0.223,847,0,0
4129874,5.672,1.197,9.316,0.368,-0.317,0.19,848,0,0
4129894,5.715,0.986,8.48,0.175,-0.425,0.278,849,0,0
4129914,6.079,0.407,7.111,0.226,-0.34,0.215,849,0,0
4129934,5.837,0.175,5.947,0.341,-0.1,0.091,849,0,0
4129954,4.937,0.761,5.854,0.457,0.01,0.039,851,0,0
4129974,4.527,0.666,5.6,0.484,-0.063,0.068,853,0,0
4129994,4.824,1.003,4.566,0.587,-0.169,0.159,854,0,0
4130014,5.739,0.85,3.146,0.432,-0.138,0.264,856,0,0
4130034,6.227,0.172,2.04,0.392,0.068,0.266,855,0,0
4130054,6.637,-0.453,1.444,0.339,0.28,0.183,856,0,0
4130074,6.979,-0.673,0.962,0.406,0.424,0.14,858,0,0
4130094,7.195,-1.137,0.931,0.345,0.454,0.119,859,0,0
4130114,8.282,-1.958,0.464,0.135,0.383,-0.001,860,0,0
4130134,9.139,-2.138,-0.333,0.002,0.471,-0.152,862,0,0
4130154,9.325,-1.999,-0.287,-0.169,0.539,-0.203,861,0,0
4130174,9.301,-2.009,0.73,-0.342,0.557,-0.262,862,0,0
4130194,9.187,-1.305,2.042,-0.438,0.508,-0.331,863,0,0
4130214,9.036,-0.462,2.437,-0.542,0.311,-0.23,864,0,0
4130234,9.093,0.038,2.799,-0.746,0.209,-0.066,863,0,0
4130254,9.45,0.194,4.113,-0.952,0.219,0.066,864,0,0
4130274,10.166,0.122,6.381,-0.936,0.282,0.035,866,0,0
4130294,9.924,0.091,8.519,-0.572,0.271,-0.13,865,0,0
4130314,9.165,1.104,9.701,-0.344,0.068,-0.153,865,0,0
4130334,9.045,0.824,8.018,-0.536,-0.241,0.138,867,0,0
4130354,8.712,-0.845,6.1,-0.794,-0.282,0.377,867,0,0
4130374,9.476,-1.465,7.377,-0.912,-0.029,0.261,867,0,0
4130394,8.959,-0.771,12.692,-0.604,0.307,-0.182,867,0,0
4130414,7.309,0.807,14.358,-0.223,0.002,-0.376,869,0,0
4130434,7.108,1.164,12.072,-0.144,-0.402,-0.214,869,0,0
4130454,7.355,0.85,9.807,-0.197,-0.512,-0.026,870,0,0
4130474,7.515,0.457,9.926,-0.358,-0.357,0.016,871,0,0
4130494,6.747,0.737,11.827,-0.164,-0.335,0.03,872,0,0
4130514,6.644,0.898,11.957,-0.082,-0.573,0.052,873,0,0
4130534,6.876,0.838,10.716,0.042,-0.715,0.077,874,0,0
4130554,6.835,0.778,9.675,0.037,-0.817,0.17,875,0,0
4130574,6.97,0.081,8.607,0.049,-0.88,0.224,875,0,0
4130594,7.001,-0.232,7.592,0.066,-0.817,0.196,876,0,0
4130614,7.187,-0.632,6.814,0.101,-0.69,0.125,876,0,0
4130634,6.687,-0.146,7.118,0.163,-0.641,0.058,877,0,0
4130654,6.823,-0.467,6.646,0.106,-0.727,0.047,877,0,0
4130674,7.195,-0.29,5.48,0.219,-0.661,0.027,879,0,0
4130694,7.051,-0.175,4.913,0.104,-0.571,0.028,879,0,0
4130714,7.084,-0.273,4.707,0.122,-0.42,-0.03,879,0,0
4130734,6.967,-0.18,4.422,0.18,-0.327,-0.079,880,0,0
4130754,6.766,-0.122,3.907,0.286,-0.247,-0.067,880,0,0
4130774,6.388,-0.041,3.469,0.319,-0.296,-0.002,880,0,0
4130794,6.914,-0.316,2.55,0.279,-0.418,0.072,880,0,0
4130814,7.752,-0.45,1.654,0.23,-0.369,0.106,881,0,0
4130834,8.377,-0.924,1.24,0.151,-0.168,0.057,881,0,0
4130854,8.626,-0.881,1.501,0.161,0.031,-0.026,882,0,0
4130874,8.648,-0.565,2.44,0.096,0.132,-0.039,884,0,0
4130894,8.746,-0.692,3.117,0.103,0.101,-0.039,884,0,0
4130914,9.369,-0.79,3.031,0.044,0.074,-0.079,885,0,0
4130934,9.51,-0.63,3.323,-0.005,0.162,-0.121,886,0,0
4130954,9.5,-0.429,3.9,-0.063,0.242,-0.124,887,0,0
4130974,8.933,-0.419,4.788,-0.085,0.217,-0.123,890,0,0
4130994,8.765,-0.448,5.224,-0.064,0.032,-0.149,891,0,0
4131014,9.234,-0.175,4.829,-0.041,0.017,-0.199,894,0,0
4131034,9.026,0.096,5.219,-0.054,0.1,-0.216,895,0,0
4131054,8.789,0.371,5.464,-0.029,0.086,-0.193,897,0,0
4131074,8.552,0.764,5.667,-0.034,0.047,-0.117,898,0,0
4131094,8.473,0.536,5.794,-0.13,-0.051,-0.054,901,0,0
4131114,8.325,0.498,5.428,-0.127,-0.099,-0.005,906,0,0
4131134,8.258,0.397,5.502,-0.13,-0.089,-0.005,913,0,0
4131154,7.956,0.304,5.334,-0.077,-0.072,-0.044,934,0,0
4131173,8.557,0.194,4.652,-0.214,-0.034,-0.079,957,0,0
4131194,8.629,-0.144,4.228,-0.334,0.162,-0.058,989,0,0
4131214,7.626,0.012,4.393,-0.249,0.276,-0.15,1045,0,0
4131234,7.441,0.646,4.618,-0.371,0.269,-0.177,1126,0,0
4131254,9.098,0.699,3.749,-0.612,0.553,-0.207,1222,0,0
4131274,9.797,0.589,2.239,-0.774,1.213,-0.051,1309,0,0
4131294,8.511,0.503,1.499,-0.843,1.972,0.361,1428,0,0
4131314,7.219,-1.269,7.736,-0.945,1.608,0.074,1580,0,0
4131334,7.154,-1.93,8.89,-0.954,1.044,-0.136,1704,0,0
4131354,7.887,-1.118,8.341,-0.544,0.405,-0.178,1786,0,0
4131374,8.045,-0.12,6.378,-0.031,0.283,-0.181,1835,0,0
4131394,7.925,0.239,6.531,0.135,0.387,-0.173,1867,0,0
4131414,7.75,0.266,6.807,-0.154,0.394,-0.125,1889,0,0
4131434,7.266,-0.031,6.682,-0.179,0.304,-0.071,1903,0,0
4131454,7.185,-0.151,6.723,0.072,0.131,-0.046,1911,0,0
4131474,7.374,-0.072,6.639,0.042,0.035,0.006,1917,0,0
4131494,7.424,-0.321,6.584,-0.083,-0.042,0.037,1922,0,0
4131514,7.618,-0.256,6.606,-0.039,-0.081,0.033,1921,0,0
4131534,7.633,-0.292,6.711,-0.005,-0.035,0.007,1924,0,0
4131554,7.501,-0.362,6.919,0.03,-0.089,-0.011,1925,0,0
4131574,7.429,-0.268,6.517,0.054,-0.165,-0.008,1924,0,0
4131594,7.669,-0.33,6.316,0.032,-0.205,0.029,1924,0,0
4131614,7.745,-0.215,6.153,0.038,-0.168,0.039,1922,0,0
4131634,8.097,-0.177,6.053,0.053,-0.093,-0.001,1921,0,0
4131654,7.664,-0.213,6.012,-0.098,0.062,-0.019,1920,0,0
4131674,7.417,-0.393,6.431,-0.062,0.051,-0.047,1920,0,0
4131694,7.812,-0.321,6.359,0.033,-0.006,-0.031,1919,0,0
4131714,7.865,-0.208,6.012,-0.028,0.102,-0.008,1917,0,0
4131734,7.317,-0.237,6.213,-0.09,0.12,-0.03,1916,0,0
4131754,7.278,-0.292,6.347,-0.077,0.0,-0.053,1915,0,0
4131774,7.736,-0.182,6.352,-0.042,0.015,-0.047,1913,0,0
4131794,7.752,-0.103,6.433,-0.009,0.105,-0.059,1911,0,0
4131814,7.456,0.036,6.335,0.021,0.135,-0.058,1909,0,0
4131834,7.161,0.098,6.345,0.016,0.088,-0.046,1907,0,0
4131854,7.259,-0.069,6.452,-0.05,0.053,-0.041,1907,0,0
4131874,7.59,-0.213,6.524,-0.039,0.015,-0.039,1905,0,0
4131894,7.702,-0.081,6.483,-0.012,0.083,-0.05,1904,0,0
4131914,7.398,-0.029,6.682,-0.023,0.1,-0.065,1903,0,0
4131934,7.283,-0.031,6.744,0.052,0.019,-0.081,1901,0,0
4131954,7.458,-0.01,6.347,0.006,-0.05,-0.078,1896,0,0
4131974,7.676,-0.172,6.096,-0.049,-0.018,-0.073,1891,0,0
4131994,7.659,-0.247,6.127,-0.017,0.074,-0.084,1887,0,0
4132014,7.508,-0.146,6.275,0.075,0.122,-0.121,1881,0,0
4132034,7.336,0.036,6.155,0.098,0.135,-0.139,1879,0,0
4132054,7.238,0.204,6.352,0.092,0.118,-0.142,1876,0,0
4132074,7.286,0.328,6.531,-0.017,0.08,-0.099,1874,0,0
4132094,7.42,0.309,6.551,-0.05,0.062,-0.061,1872,0,0
4132114,7.41,0.249,6.555,-0.05,0.075,-0.059,1871,0,0
4132134,7.365,0.11,6.512,-0.038,0.079,-0.068,1870,0,0
4132154,7.446,0.148,6.56,0.035,0.072,-0.078,1869,0,0
4132174,7.46,0.28,6.709,0.038,0.088,-0.088,1867,0,0
4132194,7.42,0.261,6.773,0.025,0.055,-0.083,1866,0,0
4132214,7.472,0.235,6.551,0.015,0.015,-0.054,1861,0,0
4132234,7.41,0.235,6.407,-0.013,0.03,-0.047,1858,0,0
4132254,7.36,0.268,6.524,-0.022,0.019,-0.067,1855,0,0
4132274,7.46,0.362,6.551,-0.014,0.01,-0.069,1853,0,0
4132294,7.417,0.39,6.534,-0.027,0.017,-0.049,1851,0,0
4132314,7.362,0.366,6.577,-0.016,0.006,-0.023,1850,0,0
4132334,7.403,0.369,6.519,-0.025,-0.021,-0.006,1848,0,0
4132354,7.465,0.287,6.311,-0.051,-0.005,-0.007,1846,0,0
4132374,7.415,0.254,6.33,-0.017,0.022,-0.032,1846,0,0
4132394,7.408,0.352,6.361,0.022,0.05,-0.042,1844,0,0
4132414,7.319,0.417,6.443,0.026,0.078,-0.034,1842,0,0
4132434,7.216,0.426,6.596,-0.006,0.052,-0.023,1841,0,0
4132454,7.245,0.397,6.572,-0.011,0.014,-0.016,1841,0,0
4132474,7.314,0.4,6.507,-0.05,0.007,-0.01,1840,0,0
4132494,7.36,0.347,6.546,-0.071,0.031,-0.023,1840,0,0
4132514,7.3,0.359,6.543,-0.014,0.038,-0.043,1840,0,0
4132534,7.228,0.479,6.436,0.034,0.022,-0.05,1839,0,0
4132554,7.314,0.508,6.266,-0.021,0.006,-0.044,1838,0,0
4132574,7.463,0.462,6.249,-0.065,0.015,-0.028,1838,0,0
4132594,7.415,0.309,6.352,-0.071,0.059,-0.031,1838,0,0
4132614,7.403,0.35,6.488,0.007,0.073,-0.064,1836,0,0
4132634,7.415,0.536,6.57,0.052,0.085,-0.084,1837,0,0
4132654,7.374,0.773,6.764,0.013,0.09,-0.062,1835,0,0
4132674,7.286,0.721,6.845,-0.073,0.043,-0.003,1835,0,0
4132694,7.372,0.512,6.668,-0.067,-0.007,0.023,1834,0,0
4132714,7.52,0.39,6.5,-0.035,0.006,0.021,1833,0,0
4132734,7.535,0.371,6.503,-0.018,0.047,0.001,1830,0,0
4132754,7.389,0.369,6.661,-0.021,0.072,-0.011,1832,0,0
4132774,7.298,0.419,6.771,0.0,0.055,-0.02,1830,0,0
4132794,7.242,0.532,6.694,-0.033,-0.0,-0.01,1829,0,0
4132814,7.357,0.462,6.594,-0.105,-0.027,0.001,1828,0,0
4132834,7.283,0.457,6.536,-0.078,-0.007,-0.02,1826,0,0
4132854,7.211,0.536,6.464,-0.011,-0.002,-0.05,1825,0,0
4132874,7.195,0.718,6.4,0.018,0.019,-0.054,1824,0,0
4132894,7.099,0.769,6.469,-0.03,0.015,-0.037,1824,0,0
4132914,7.199,0.663,6.438,-0.068,-0.0,-0.01,1824,0,0
4132934,7.336,0.57,6.378,-0.061,0.03,-0.002,1823,0,0
4132954,7.324,0.565,6.464,-0.031,0.086,-0.007,1820,0,0
4132974,7.13,0.613,6.771,-0.028,0.083,-0.001,1820,0,0
4132994,7.226,0.543,6.871,-0.055,0.021,0.022,1820,0,0
4133014,7.348,0.393,6.737,-0.078,0.009,0.036,1817,0,0
4133034,7.391,0.254,6.651,-0.058,0.019,0.027,1815,0,0
4133054,7.415,0.261,6.598,-0.041,0.034,0.018,1815,0,0
4133074,7.389,0.318,6.63,-0.062,0.048,0.007,1813,0,0
