2158177,5.674,3.974,6.764,-0.064,0.02,0.005,1832.0,0.0,0.0
2158185,5.679,4.001,6.816,-0.062,0.02,0.008,1833.0,0.0,0.0
2158193,5.667,4.027,6.823,-0.06,0.019,0.008,1832.0,0.0,0.0
2158201,5.665,4.005,6.795,-0.056,0.018,0.006,1833.0,0.0,0.0
2158210,5.677,4.017,6.792,-0.054,0.019,0.006,1831.0,0.0,0.0
2158218,5.669,4.053,6.788,-0.06,0.019,0.005,1832.0,0.0,0.0
2158226,5.629,4.049,6.795,-0.074,0.019,0.005,1832.0,0.0,0.0
2158234,5.641,4.013,6.725,-0.08,0.019,0.009,1831.0,0.0,0.0
2158242,5.677,3.953,6.709,-0.067,0.02,0.01,1833.0,0.0,0.0
2158250,5.705,3.924,6.713,-0.048,0.024,0.005,1832.0,0.0,0.0
2158258,5.705,3.936,6.752,-0.045,0.029,-0.003,1834.0,0.0,0.0
2158267,5.72,3.982,6.792,-0.068,0.029,-0.011,1831.0,0.0,0.0
2158275,5.696,4.003,6.847,-0.088,0.025,-0.017,1832.0,0.0,0.0
2158283,5.689,4.003,6.84,-0.09,0.017,-0.022,1832.0,0.0,0.0
2158291,5.686,3.998,6.783,-0.08,0.01,-0.025,1831.0,0.0,0.0
2158299,5.686,3.979,6.725,-0.075,0.01,-0.027,1831.0,0.0,0.0
2158307,5.681,3.97,6.692,-0.075,0.015,-0.028,1833.0,0.0,0.0
2158315,5.66,3.994,6.677,-0.077,0.022,-0.026,1832.0,0.0,0.0
2158324,5.669,3.998,6.701,-0.079,0.026,-0.023,1831.0,0.0,0.0
2158332,5.667,4.02,6.816,-0.077,0.025,-0.021,1831.0,0.0,0.0
2158340,5.648,4.025,6.84,-0.075,0.022,-0.014,1830.0,0.0,0.0
2158348,5.631,4.013,6.807,-0.078,0.015,-0.006,1832.0,0.0,0.0
2158356,5.655,3.972,6.788,-0.078,0.012,-0.0,1828.0,0.0,0.0
2158364,5.665,3.955,6.735,-0.074,0.013,-0.002,1832.0,0.0,0.0
2158372,5.667,3.938,6.73,-0.064,0.018,-0.002,1832.0,0.0,0.0
2158380,5.655,3.97,6.752,-0.057,0.022,-0.001,1832.0,0.0,0.0
2158388,5.646,4.029,6.79,-0.056,0.026,0.003,1832.0,0.0,0.0
2158397,5.626,4.056,6.833,-0.064,0.024,0.006,1833.0,0.0,0.0
2158405,5.653,4.02,6.812,-0.064,0.022,0.009,1832.0,0.0,0.0
2158413,5.691,4.015,6.809,-0.056,0.019,0.01,1831.0,0.0,0.0
2158421,5.684,3.989,6.802,-0.054,0.021,0.009,1831.0,0.0,0.0
2158429,5.672,3.982,6.785,-0.063,0.019,0.008,1832.0,0.0,0.0
2158438,5.648,3.972,6.802,-0.077,0.018,0.005,1833.0,0.0,0.0
2158446,5.672,3.934,6.785,-0.073,0.019,0.003,1832.0,0.0,0.0
2158454,5.696,3.898,6.78,-0.051,0.022,0.0,1833.0,0.0,0.0
2158462,5.693,3.946,6.795,-0.034,0.024,-0.007,1831.0,0.0,0.0
2158470,5.691,4.025,6.807,-0.044,0.025,-0.013,1834.0,0.0,0.0
2158478,5.681,4.049,6.821,-0.071,0.024,-0.015,1833.0,0.0,0.0
2158486,5.672,4.049,6.768,-0.079,0.022,-0.014,1832.0,0.0,0.0
2158494,5.665,4.049,6.742,-0.076,0.02,-0.013,1832.0,0.0,0.0
2158503,5.665,4.044,6.725,-0.076,0.021,-0.013,1832.0,0.0,0.0
2158511,5.66,4.003,6.709,-0.078,0.025,-0.013,1832.0,0.0,0.0
2158519,5.631,3.984,6.718,-0.075,0.03,-0.01,1828.0,0.0,0.0
2158527,5.643,3.967,6.749,-0.074,0.03,-0.009,1833.0,0.0,0.0
2158535,5.648,3.965,6.785,-0.072,0.031,-0.006,1832.0,0.0,0.0
2158544,5.631,3.984,6.833,-0.066,0.027,-0.006,1831.0,0.0,0.0
2158552,5.588,3.974,6.833,-0.063,0.022,-0.004,1833.0,0.0,0.0
2158560,5.607,3.974,6.838,-0.065,0.019,0.0,1832.0,0.0,0.0
2158568,5.631,3.965,6.835,-0.068,0.014,0.002,1832.0,0.0,0.0
2158576,5.638,3.929,6.833,-0.061,0.011,0.003,1830.0,0.0,0.0
2158584,5.669,3.938,6.792,-0.046,0.009,0.006,1834.0,0.0,0.0
2158592,5.677,3.998,6.778,-0.038,0.009,0.009,1833.0,0.0,0.0
2158600,5.65,3.994,6.788,-0.041,0.011,0.011,1832.0,0.0,0.0
2158609,5.624,3.986,6.79,-0.045,0.011,0.013,1830.0,0.0,0.0
2158617,5.629,3.991,6.8,-0.044,0.01,0.014,1835.0,0.0,0.0
2158625,5.641,3.996,6.768,-0.042,0.011,0.013,1830.0,0.0,0.0
2158633,5.648,3.994,6.776,-0.043,0.014,0.014,1832.0,0.0,0.0
2158641,5.65,3.998,6.761,-0.046,0.015,0.012,1832.0,0.0,0.0
2158649,5.684,4.001,6.773,-0.06,0.015,0.01,1830.0,0.0,0.0
2158657,5.722,3.974,6.754,-0.063,0.019,0.007,1829.0,0.0,0.0
2158666,5.703,3.936,6.78,-0.051,0.023,0.002,1831.0,0.0,0.0
2158674,5.696,3.96,6.797,-0.042,0.023,-0.005,1830.0,0.0,0.0
2158682,5.681,3.996,6.812,-0.051,0.023,-0.011,1832.0,0.0,0.0
2158690,5.646,3.984,6.823,-0.063,0.02,-0.014,1832.0,0.0,0.0
2158698,5.648,3.979,6.828,-0.064,0.014,-0.017,1831.0,0.0,0.0
2158706,5.657,3.974,6.814,-0.062,0.011,-0.021,1833.0,0.0,0.0
2158714,5.646,3.982,6.735,-0.062,0.013,-0.024,1829.0,0.0,0.0
2158722,5.65,3.996,6.735,-0.066,0.015,-0.023,1831.0,0.0,0.0
2158730,5.66,3.998,6.694,-0.069,0.019,-0.022,1831.0,0.0,0.0
2158738,5.679,4.022,6.718,-0.07,0.022,-0.018,1831.0,0.0,0.0
2158746,5.665,4.017,6.761,-0.069,0.025,-0.015,1833.0,0.0,0.0
2158755,5.643,4.01,6.768,-0.066,0.022,-0.01,1831.0,0.0,0.0
2158763,5.629,4.003,6.778,-0.067,0.021,-0.005,1829.0,0.0,0.0
2158771,5.629,3.962,6.795,-0.07,0.018,-0.001,1833.0,0.0,0.0
2158779,5.65,3.931,6.826,-0.068,0.014,0.001,1831.0,0.0,0.0
2158787,5.638,3.929,6.835,-0.06,0.01,0.001,1830.0,0.0,0.0
2158795,5.638,3.943,6.828,-0.051,0.007,0.003,1829.0,0.0,0.0
2158804,5.631,3.943,6.809,-0.048,0.006,0.005,1832.0,0.0,0.0
2158812,5.667,3.965,6.819,-0.046,0.006,0.006,1830.0,0.0,0.0
2158820,5.667,3.984,6.809,-0.045,0.008,0.004,1831.0,0.0,0.0
2158828,5.646,3.984,6.785,-0.042,0.01,0.003,1833.0,0.0,0.0
2158836,5.643,4.01,6.809,-0.039,0.012,0.002,1831.0,0.0,0.0
2158844,5.617,4.034,6.792,-0.041,0.015,0.001,1830.0,0.0,0.0
2158852,5.607,4.07,6.804,-0.054,0.014,0.001,1829.0,0.0,0.0
2158861,5.624,4.065,6.821,-0.066,0.012,0.002,1830.0,0.0,0.0
2158869,5.653,3.994,6.754,-0.061,0.011,0.003,1830.0,0.0,0.0
2158877,5.667,3.943,6.761,-0.05,0.012,0.001,1831.0,0.0,0.0
2158885,5.703,3.958,6.747,-0.049,0.016,-0.007,1829.0,0.0,0.0
2158893,5.708,3.991,6.756,-0.067,0.019,-0.014,1829.0,0.0,0.0
2158901,5.693,3.984,6.761,-0.077,0.023,-0.019,1830.0,0.0,0.0
2158909,5.672,4.005,6.788,-0.07,0.023,-0.023,1829.0,0.0,0.0
2158918,5.669,4.013,6.778,-0.063,0.02,-0.026,1831.0,0.0,0.0
2158926,5.653,4.039,6.744,-0.068,0.02,-0.026,1830.0,0.0,0.0
2158934,5.648,4.025,6.756,-0.073,0.018,-0.024,1830.0,0.0,0.0
2158942,5.66,4.008,6.766,-0.071,0.017,-0.022,1830.0,0.0,0.0
2158950,5.677,3.998,6.761,-0.068,0.016,-0.018,1831.0,0.0,0.0
2158959,5.684,4.003,6.754,-0.07,0.019,-0.015,1827.0,0.0,0.0
2158967,5.669,3.998,6.747,-0.071,0.019,-0.01,1829.0,0.0,0.0
2158975,5.65,3.994,6.749,-0.07,0.019,-0.006,1831.0,0.0,0.0
2158983,5.641,3.97,6.785,-0.068,0.019,-0.003,1829.0,0.0,0.0
2158991,5.643,3.958,6.79,-0.064,0.018,0.002,1830.0,0.0,0.0
2158999,5.648,3.97,6.807,-0.058,0.019,0.006,1829.0,0.0,0.0
2159007,5.638,3.958,6.814,-0.052,0.019,0.009,1831.0,0.0,0.0
2159015,5.605,3.974,6.826,-0.05,0.016,0.015,1829.0,0.0,0.0
2159024,5.636,3.972,6.838,-0.052,0.012,0.016,1830.0,0.0,0.0
2159032,5.641,3.967,6.795,-0.054,0.013,0.014,1830.0,0.0,0.0
2159040,5.631,3.991,6.814,-0.047,0.015,0.012,1829.0,0.0,0.0
2159048,5.655,3.977,6.795,-0.044,0.016,0.008,1829.0,0.0,0.0
2159056,5.641,4.01,6.768,-0.051,0.018,0.005,1829.0,0.0,0.0
2159064,5.646,4.022,6.8,-0.061,0.019,-0.001,1830.0,0.0,0.0
2159073,5.643,4.001,6.804,-0.064,0.019,-0.004,1829.0,0.0,0.0
2159081,5.646,3.991,6.797,-0.059,0.018,-0.004,1828.0,0.0,0.0
2159089,5.669,3.989,6.8,-0.053,0.018,-0.007,1830.0,0.0,0.0
2159097,5.665,4.001,6.819,-0.059,0.018,-0.013,1829.0,0.0,0.0
2159105,5.653,3.982,6.828,-0.066,0.017,-0.016,1830.0,0.0,0.0
2159113,5.634,3.991,6.788,-0.072,0.013,-0.019,1831.0,0.0,0.0
2159121,5.65,3.989,6.771,-0.076,0.009,-0.023,1829.0,0.0,0.0
2159129,5.66,4.001,6.764,-0.077,0.007,-0.025,1830.0,0.0,0.0
2159138,5.684,3.989,6.694,-0.074,0.01,-0.025,1831.0,0.0,0.0
2159146,5.674,3.998,6.658,-0.078,0.015,-0.024,1829.0,0.0,0.0
2159154,5.677,3.986,6.663,-0.08,0.02,-0.021,1828.0,0.0,0.0
2159162,5.689,4.01,6.725,-0.076,0.024,-0.015,1828.0,0.0,0.0
2159170,5.653,4.01,6.795,-0.072,0.025,-0.012,1831.0,0.0,0.0
2159178,5.646,4.01,6.809,-0.07,0.02,-0.007,1828.0,0.0,0.0
2159186,5.648,4.022,6.797,-0.073,0.018,-0.002,1828.0,0.0,0.0
2159195,5.602,4.01,6.812,-0.075,0.015,0.001,1831.0,0.0,0.0
2159203,5.598,3.967,6.852,-0.07,0.011,0.002,1831.0,0.0,0.0
2159211,5.595,3.977,6.826,-0.063,0.01,0.004,1831.0,0.0,0.0
2159219,5.622,3.972,6.812,-0.06,0.009,0.009,1829.0,0.0,0.0
2159228,5.624,3.962,6.773,-0.059,0.011,0.011,1828.0,0.0,0.0
2159236,5.643,3.955,6.785,-0.055,0.012,0.012,1833.0,0.0,0.0
2159244,5.638,3.96,6.826,-0.051,0.014,0.011,1829.0,0.0,0.0
2159252,5.667,3.994,6.838,-0.047,0.012,0.01,1829.0,0.0,0.0
2159260,5.653,4.017,6.869,-0.047,0.011,0.009,1831.0,0.0,0.0
2159268,5.629,4.022,6.843,-0.052,0.009,0.008,1831.0,0.0,0.0
2159276,5.638,4.041,6.792,-0.063,0.007,0.007,1830.0,0.0,0.0
2159284,5.655,4.008,6.778,-0.073,0.009,0.004,1831.0,0.0,0.0
2159292,5.669,3.95,6.771,-0.067,0.011,0.001,1830.0,0.0,0.0
2159301,5.696,3.967,6.8,-0.052,0.012,-0.005,1830.0,0.0,0.0
2159309,5.681,4.001,6.809,-0.062,0.014,-0.012,1829.0,0.0,0.0
2159317,5.662,3.998,6.812,-0.079,0.013,-0.018,1828.0,0.0,0.0
2159325,5.653,3.95,6.823,-0.08,0.009,-0.023,1830.0,0.0,0.0
2159333,5.679,3.962,6.821,-0.072,0.004,-0.029,1832.0,0.0,0.0
2159341,5.674,3.95,6.797,-0.07,0.002,-0.033,1831.0,0.0,0.0
2159350,5.66,3.974,6.788,-0.075,0.001,-0.037,1830.0,0.0,0.0
2159358,5.631,3.972,6.768,-0.078,0.001,-0.038,1829.0,0.0,0.0
2159366,5.643,3.989,6.778,-0.075,0.001,-0.036,1830.0,0.0,0.0
2159374,5.65,4.025,6.756,-0.071,0.004,-0.033,1832.0,0.0,0.0
2159382,5.624,4.015,6.79,-0.069,0.003,-0.027,1830.0,0.0,0.0
2159390,5.634,4.039,6.797,-0.071,0.0,-0.02,1829.0,0.0,0.0
2159398,5.657,4.037,6.747,-0.073,-0.0,-0.011,1828.0,0.0,0.0
2159406,5.674,3.994,6.723,-0.075,0.003,-0.005,1830.0,0.0,0.0
2159414,5.674,3.965,6.742,-0.071,0.008,-0.001,1830.0,0.0,0.0
2159422,5.648,3.982,6.78,-0.066,0.013,0.001,1831.0,0.0,0.0
2159430,5.655,3.998,6.812,-0.063,0.015,0.003,1828.0,0.0,0.0
2159439,5.641,3.998,6.855,-0.063,0.015,0.004,1830.0,0.0,0.0
2159447,5.614,3.967,6.862,-0.061,0.014,0.004,1832.0,0.0,0.0
2159455,5.586,3.962,6.867,-0.056,0.008,0.005,1830.0,0.0,0.0
2159463,5.626,3.96,6.855,-0.058,0.003,0.004,1830.0,0.0,0.0
2159471,5.679,3.965,6.821,-0.058,0.003,-0.001,1830.0,0.0,0.0
2159479,5.669,3.994,6.8,-0.064,0.006,-0.005,1830.0,0.0,0.0
2159487,5.653,3.979,6.78,-0.069,0.008,-0.004,1829.0,0.0,0.0
2159495,5.66,4.001,6.754,-0.064,0.009,-0.001,1830.0,0.0,0.0
2159503,5.701,3.996,6.766,-0.053,0.011,-0.002,1830.0,0.0,0.0
2159511,5.703,3.989,6.773,-0.047,0.014,-0.006,1830.0,0.0,0.0
2159519,5.669,3.972,6.764,-0.06,0.015,-0.01,1831.0,0.0,0.0
2159597,5.538,4.108,6.871,-0.084,0.032,-0.039,1829.0,0.0,0.0
2159605,5.488,4.087,6.8,-0.075,0.033,-0.023,1829.0,0.0,0.0
2159613,5.495,4.056,6.759,-0.078,0.04,-0.011,1830.0,0.0,0.0
2160496,5.684,4.061,6.783,-0.045,-0.013,-0.021,1831.0,0.0,0.0
2160504,5.727,4.053,6.773,-0.039,-0.011,-0.017,1831.0,0.0,0.0
2160512,5.701,4.106,6.742,-0.052,-0.01,-0.019,1831.0,0.0,0.0
2160520,5.646,4.092,6.711,-0.088,-0.011,-0.014,1832.0,0.0,0.0
2160528,5.648,4.046,6.661,-0.102,-0.011,-0.007,1832.0,0.0,0.0
2161503,5.696,4.046,6.737,-0.077,0.017,-0.013,1831.0,0.0,0.0
2163524,5.708,4.01,6.706,-0.051,0.007,-0.008,1832.0,0.0,0.0
2164531,5.677,4.044,6.749,-0.07,0.017,0.001,1833.0,0.0,0.0
2166552,5.737,4.08,6.677,-0.049,0.015,-0.008,1833.0,0.0,0.0
2167559,5.703,4.08,6.689,-0.059,0.011,-0.008,1837.0,0.0,0.0
2169580,5.696,4.132,6.704,-0.071,0.017,-0.009,1838.0,0.0,0.0
2170587,5.617,4.104,6.601,-0.087,0.038,-0.002,1830.0,0.0,0.0
2172608,5.655,4.197,6.718,-0.059,0.015,-0.015,1831.0,0.0,0.0
2173615,5.638,4.278,6.426,-0.121,-0.022,-0.025,1832.0,0.0,0.0
2175636,5.756,4.204,6.476,-0.057,0.008,-0.011,1835.0,0.0,0.0
2176643,5.713,4.18,6.56,-0.072,0.023,-0.003,1837.0,0.0,0.0
2177952,5.722,4.113,6.649,-0.059,-0.017,-0.015,1830.0,0.0,0.0
2177961,5.753,4.132,6.591,-0.052,-0.013,-0.019,1831.0,0.0,0.0
2177969,5.715,4.154,6.574,-0.054,-0.007,-0.02,1832.0,0.0,0.0
2177977,5.693,4.156,6.577,-0.06,-0.001,-0.019,1832.0,0.0,0.0
2177985,5.708,4.171,6.577,-0.067,0.005,-0.016,1829.0,0.0,0.0
2177993,5.741,4.19,6.594,-0.068,0.009,-0.011,1832.0,0.0,0.0
2178001,5.753,4.197,6.618,-0.064,0.014,-0.008,1829.0,0.0,0.0
2178009,5.715,4.195,6.668,-0.062,0.019,-0.005,1831.0,0.0,0.0
2178017,5.674,4.175,6.716,-0.066,0.019,-0.003,1831.0,0.0,0.0
2178025,5.672,4.152,6.725,-0.067,0.014,-0.0,1830.0,0.0,0.0
2178034,5.669,4.118,6.747,-0.063,0.009,-0.002,1830.0,0.0,0.0
2178042,5.691,4.092,6.711,-0.055,0.004,-0.002,1829.0,0.0,0.0
2178050,5.681,4.118,6.68,-0.053,0.002,-0.004,1829.0,0.0,0.0
2178058,5.634,4.101,6.634,-0.054,0.005,-0.006,1830.0,0.0,0.0
2178066,5.65,4.111,6.584,-0.053,0.005,-0.006,1831.0,0.0,0.0
2178074,5.672,4.12,6.565,-0.057,0.006,-0.007,1829.0,0.0,0.0
2178083,5.734,4.161,6.584,-0.061,0.011,-0.009,1829.0,0.0,0.0
2178091,5.751,4.197,6.565,-0.066,0.018,-0.009,1828.0,0.0,0.0
2178099,5.741,4.219,6.608,-0.074,0.026,-0.009,1829.0,0.0,0.0
2178107,5.751,4.209,6.656,-0.079,0.031,-0.01,1828.0,0.0,0.0
2178115,5.734,4.207,6.658,-0.082,0.031,-0.007,1829.0,0.0,0.0
2178123,5.691,4.142,6.704,-0.079,0.028,-0.008,1829.0,0.0,0.0
2178131,5.653,4.096,6.761,-0.07,0.021,-0.009,1830.0,0.0,0.0
2178139,5.662,4.101,6.807,-0.059,0.008,-0.01,1829.0,0.0,0.0
2178147,5.66,4.092,6.766,-0.054,-0.002,-0.013,1828.0,0.0,0.0
2178155,5.686,4.085,6.694,-0.054,-0.007,-0.016,1830.0,0.0,0.0
2178163,5.713,4.099,6.62,-0.056,-0.004,-0.021,1828.0,0.0,0.0
2178171,5.701,4.108,6.608,-0.057,0.004,-0.025,1830.0,0.0,0.0
2178180,5.684,4.159,6.618,-0.054,0.009,-0.025,1830.0,0.0,0.0
2178188,5.665,4.226,6.598,-0.056,0.015,-0.019,1830.0,0.0,0.0
2178196,5.669,4.254,6.601,-0.064,0.017,-0.012,1831.0,0.0,0.0
2178204,5.701,4.278,6.625,-0.067,0.017,-0.006,1830.0,0.0,0.0
2178212,5.691,4.252,6.63,-0.067,0.018,-0.001,1829.0,0.0,0.0
2178220,5.698,4.197,6.649,-0.068,0.016,0.003,1827.0,0.0,0.0
2178228,5.691,4.106,6.682,-0.066,0.015,0.004,1829.0,0.0,0.0
2178236,5.679,4.058,6.697,-0.062,0.013,0.003,1828.0,0.0,0.0
2178245,5.717,4.044,6.718,-0.052,0.006,-0.002,1831.0,0.0,0.0
2178253,5.751,4.053,6.697,-0.046,0.003,-0.01,1830.0,0.0,0.0
2178261,5.734,4.07,6.665,-0.044,0.003,-0.018,1830.0,0.0,0.0
2178269,5.72,4.106,6.61,-0.051,0.007,-0.023,1830.0,0.0,0.0
2178277,5.729,4.168,6.579,-0.056,0.011,-0.026,1827.0,0.0,0.0
2178285,5.715,4.219,6.598,-0.057,0.015,-0.027,1827.0,0.0,0.0
2178293,5.669,4.264,6.637,-0.057,0.016,-0.022,1829.0,0.0,0.0
2178302,5.655,4.278,6.673,-0.064,0.013,-0.014,1830.0,0.0,0.0
2178310,5.66,4.252,6.697,-0.071,0.005,-0.01,1831.0,0.0,0.0
2178318,5.669,4.207,6.646,-0.071,0.001,-0.007,1830.0,0.0,0.0
2178326,5.696,4.14,6.637,-0.073,0.003,-0.005,1831.0,0.0,0.0
2178334,5.689,4.111,6.63,-0.075,0.003,-0.007,1830.0,0.0,0.0
2178342,5.691,4.094,6.673,-0.074,0.002,-0.012,1831.0,0.0,0.0
2178351,5.684,4.094,6.668,-0.067,-0.001,-0.015,1829.0,0.0,0.0
2178359,5.705,4.101,6.656,-0.06,-0.002,-0.015,1829.0,0.0,0.0
2178367,5.715,4.147,6.649,-0.049,-0.002,-0.016,1831.0,0.0,0.0
2178375,5.71,4.192,6.634,-0.047,-0.003,-0.013,1828.0,0.0,0.0
2178383,5.717,4.185,6.644,-0.051,-0.001,-0.01,1831.0,0.0,0.0
2178391,5.715,4.178,6.601,-0.06,0.003,-0.01,1834.0,0.0,0.0
2178399,5.701,4.161,6.613,-0.06,0.004,-0.008,1829.0,0.0,0.0
2178408,5.701,4.18,6.685,-0.056,0.001,-0.007,1833.0,0.0,0.0
2178416,5.691,4.211,6.754,-0.045,-0.008,-0.004,1828.0,0.0,0.0
2178424,5.677,4.219,6.737,-0.035,-0.018,-0.001,1828.0,0.0,0.0
2178432,5.672,4.156,6.701,-0.038,-0.026,0.005,1833.0,0.0,0.0
2178441,5.734,4.094,6.711,-0.029,-0.033,0.002,1830.0,0.0,0.0
2178449,5.72,4.096,6.634,-0.021,-0.033,-0.001,1832.0,0.0,0.0
2178457,5.71,4.125,6.586,-0.021,-0.028,-0.005,1828.0,0.0,0.0
2178465,5.715,4.152,6.579,-0.028,-0.022,-0.008,1829.0,0.0,0.0
2178473,5.691,4.18,6.56,-0.036,-0.018,-0.01,1829.0,0.0,0.0
2178481,5.708,4.195,6.551,-0.041,-0.017,-0.007,1831.0,0.0,0.0
2178490,5.72,4.243,6.56,-0.044,-0.015,-0.003,1830.0,0.0,0.0
2178498,5.748,4.247,6.598,-0.046,-0.017,-0.002,1831.0,0.0,0.0
2178506,5.717,4.247,6.68,-0.04,-0.026,-0.0,1830.0,0.0,0.0
2178514,5.662,4.211,6.749,-0.036,-0.04,0.004,1828.0,0.0,0.0
2178522,5.679,4.197,6.756,-0.034,-0.053,0.01,1831.0,0.0,0.0
2178530,5.739,4.135,6.766,-0.027,-0.066,0.006,1828.0,0.0,0.0
2178538,5.76,4.085,6.709,-0.021,-0.072,-0.002,1830.0,0.0,0.0
2178546,5.76,4.058,6.584,-0.021,-0.067,-0.009,1828.0,0.0,0.0
2178554,5.772,4.075,6.488,-0.03,-0.057,-0.017,1829.0,0.0,0.0
2178563,5.784,4.164,6.462,-0.035,-0.046,-0.02,1827.0,0.0,0.0
2178571,5.777,4.245,6.438,-0.037,-0.034,-0.018,1827.0,0.0,0.0
2178579,5.746,4.336,6.469,-0.035,-0.026,-0.01,1828.0,0.0,0.0
2178587,5.748,4.401,6.61,-0.024,-0.032,0.001,1827.0,0.0,0.0
2178595,5.737,4.408,6.634,-0.029,-0.041,0.017,1829.0,0.0,0.0
2178603,5.76,4.334,6.555,-0.051,-0.045,0.035,1828.0,0.0,0.0
2178611,5.765,4.221,6.61,-0.059,-0.054,0.042,1828.0,0.0,0.0
2178619,5.789,4.147,6.663,-0.043,-0.065,0.039,1829.0,0.0,0.0
2178627,5.751,4.18,6.682,-0.021,-0.072,0.04,1826.0,0.0,0.0
2178636,5.715,4.168,6.744,-0.007,-0.085,0.044,1828.0,0.0,0.0
2178644,5.746,4.152,6.742,0.007,-0.114,0.041,1829.0,0.0,0.0
2178652,5.818,4.147,6.665,0.009,-0.12,0.043,1826.0,0.0,0.0
2178660,5.83,4.087,6.68,0.006,-0.126,0.043,1825.0,0.0,0.0
2178668,5.923,4.13,6.833,-0.026,-0.151,0.053,1832.0,0.0,0.0
2178676,5.895,4.211,6.512,-0.035,-0.151,0.056,1830.0,0.0,0.0
2178685,5.969,4.281,6.376,-0.032,-0.13,0.056,1829.0,0.0,0.0
2178693,6.045,4.448,6.309,-0.015,-0.107,0.072,1828.0,0.0,0.0
2178701,5.94,4.549,6.129,-0.07,-0.075,0.085,1829.0,0.0,0.0
2178709,5.753,4.293,6.256,-0.181,-0.039,0.102,1824.0,0.0,0.0
2178717,5.875,4.233,6.079,-0.209,-0.025,0.094,1824.0,0.0,0.0
2178725,5.969,4.403,6.053,-0.246,0.009,0.069,1827.0,0.0,0.0
2178734,5.964,4.058,6.302,-0.254,0.042,0.044,1825.0,1045.0,200.0
2178742,5.827,3.931,6.433,-0.273,0.064,0.044,1828.0,0.0,0.0
2178750,5.873,3.907,6.565,-0.259,0.064,0.024,1824.0,3043.0,200.0
2178758,6.017,3.809,6.594,-0.272,0.067,-0.006,1825.0,3466.0,200.0
2178766,5.993,3.862,6.606,-0.285,0.072,-0.018,1826.0,3598.0,200.0
2178774,6.069,3.941,6.503,-0.304,0.088,-0.033,1824.0,3740.0,200.0
2178782,5.768,3.754,6.29,-0.318,0.119,-0.054,1826.0,3849.0,200.0
2178790,5.519,3.852,6.285,-0.309,0.12,-0.063,1826.0,3913.0,200.0
2178799,5.914,4.154,6.692,-0.22,0.13,-0.045,1827.0,4021.0,200.0
2178807,6.153,4.451,6.857,-0.198,0.11,-0.026,1825.0,4057.0,200.0
2178815,6.172,4.441,6.936,-0.21,0.091,-0.014,1824.0,4095.0,200.0
2178823,6.132,4.396,6.96,-0.192,0.068,-0.006,1825.0,4095.0,200.0
2178831,5.995,4.216,6.874,-0.167,0.048,-0.003,1825.0,4095.0,200.0
2178839,6.165,4.219,6.835,-0.15,0.031,0.021,1823.0,4095.0,200.0
2178847,6.084,4.082,6.802,-0.162,0.035,0.007,1826.0,4095.0,200.0
2178855,6.026,3.986,6.823,-0.153,0.037,-0.014,1825.0,4095.0,200.0
2178863,5.997,3.967,6.759,-0.135,0.033,-0.032,1825.0,4095.0,200.0
2178871,5.99,3.953,6.704,-0.117,0.041,-0.047,1828.0,4095.0,200.0
2178880,5.89,3.934,6.649,-0.102,0.045,-0.057,1824.0,4095.0,200.0
2178888,5.832,3.984,6.603,-0.072,0.044,-0.064,1827.0,4095.0,200.0
2178896,5.691,4.056,6.51,-0.059,0.056,-0.065,1825.0,4095.0,200.0
2178904,5.562,4.089,6.517,-0.069,0.063,-0.059,1823.0,4095.0,200.0
2178912,5.492,4.02,6.531,-0.088,0.058,-0.055,1823.0,4095.0,200.0
2178920,5.871,4.195,6.543,-0.101,0.056,-0.031,1823.0,4095.0,200.0
2178928,5.775,4.12,6.56,-0.102,0.063,-0.028,1824.0,4095.0,200.0
2178936,5.631,4.068,6.637,-0.092,0.068,-0.028,1822.0,4095.0,200.0
2178944,5.49,3.996,6.749,-0.077,0.062,-0.034,1823.0,4095.0,200.0
2178953,5.459,3.955,6.768,-0.073,0.043,-0.034,1823.0,4095.0,200.0
2178961,5.44,3.907,6.737,-0.078,0.032,-0.039,1824.0,4095.0,200.0
2178969,5.432,3.814,6.725,-0.075,0.024,-0.045,1822.0,4095.0,200.0
2178977,5.394,3.785,6.615,-0.06,0.025,-0.048,1821.0,4095.0,200.0
2178985,5.729,4.02,6.591,-0.063,0.038,-0.037,1823.0,4095.0,200.0
2178993,5.65,4.02,6.517,-0.081,0.05,-0.038,1822.0,4095.0,200.0
2179001,5.535,3.967,6.531,-0.087,0.062,-0.038,1821.0,4095.0,200.0
2179009,5.449,4.003,6.644,-0.075,0.068,-0.034,1821.0,4095.0,200.0
2179017,5.413,4.02,6.677,-0.066,0.062,-0.033,1821.0,4095.0,200.0
2179026,5.404,3.941,6.723,-0.075,0.053,-0.03,1824.0,4095.0,200.0
2179034,5.413,3.871,6.704,-0.079,0.042,-0.03,1821.0,4095.0,200.0
2179042,5.401,3.79,6.649,-0.069,0.038,-0.033,1824.0,4095.0,200.0
2179050,5.768,3.96,6.685,-0.053,0.043,-0.027,1822.0,4095.0,200.0
2179058,5.698,3.948,6.649,-0.043,0.047,-0.036,1821.0,4095.0,200.0
2179066,5.662,3.996,6.658,-0.035,0.052,-0.041,1822.0,4095.0,200.0
2179074,5.629,3.972,6.689,-0.039,0.053,-0.042,1821.0,4095.0,200.0
2179083,5.557,3.974,6.692,-0.041,0.05,-0.043,1818.0,4095.0,200.0
2179091,5.485,4.005,6.622,-0.05,0.048,-0.039,1821.0,4095.0,200.0
2179099,5.49,4.041,6.618,-0.054,0.047,-0.04,1820.0,4095.0,200.0
2179107,5.471,4.008,6.625,-0.062,0.048,-0.043,1820.0,4095.0,200.0
2179115,5.444,3.974,6.625,-0.073,0.051,-0.041,1820.0,4095.0,200.0
2179123,5.909,4.173,6.737,-0.089,0.057,-0.019,1820.0,4095.0,200.0
2179131,5.801,4.12,6.744,-0.096,0.054,-0.014,1821.0,4095.0,200.0
2179139,5.801,4.089,6.792,-0.095,0.042,-0.01,1819.0,4095.0,200.0
2179147,5.844,4.041,6.754,-0.096,0.037,-0.011,1819.0,4095.0,200.0
2179155,5.859,3.948,6.697,-0.094,0.037,-0.02,1821.0,4095.0,200.0
2179164,5.871,3.922,6.68,-0.079,0.04,-0.032,1823.0,4095.0,200.0
2179172,5.796,3.929,6.67,-0.064,0.044,-0.042,1822.0,4095.0,200.0
2179180,5.737,4.027,6.713,-0.057,0.046,-0.046,1822.0,4095.0,200.0
2179188,5.679,4.068,6.692,-0.059,0.045,-0.044,1821.0,4095.0,200.0
2179196,6.117,4.266,6.732,-0.051,0.034,-0.015,1821.0,4095.0,200.0
2179204,6.148,4.288,6.766,-0.044,0.03,-0.014,1822.0,4095.0,200.0
2179212,6.129,4.314,6.778,-0.041,0.029,-0.008,1822.0,4095.0,200.0
2179221,6.112,4.305,6.776,-0.044,0.029,-0.003,1822.0,4095.0,200.0
2179229,6.136,4.226,6.788,-0.055,0.027,-0.001,1821.0,4095.0,200.0
2179237,6.155,4.178,6.709,-0.063,0.027,0.0,1821.0,4095.0,200.0
2179245,6.12,4.144,6.618,-0.076,0.035,0.002,1819.0,4095.0,200.0
2179253,6.421,4.214,6.665,-0.07,0.033,0.023,1822.0,4095.0,200.0
2179261,6.472,4.221,6.721,-0.068,0.038,0.017,1820.0,4095.0,200.0
2179269,6.505,4.25,6.773,-0.067,0.04,0.014,1821.0,4095.0,200.0
2179278,6.5,4.326,6.778,-0.065,0.038,0.012,1819.0,4095.0,200.0
2179286,6.443,4.36,6.79,-0.069,0.035,0.011,1821.0,4095.0,200.0
2179294,6.414,4.278,6.812,-0.071,0.03,0.009,1821.0,4095.0,200.0
2179302,6.4,4.257,6.797,-0.068,0.028,0.007,1821.0,4095.0,200.0
2179310,6.393,4.259,6.852,-0.062,0.023,0.006,1821.0,4095.0,200.0
2179318,6.337,4.228,6.802,-0.045,0.003,0.017,1821.0,4095.0,200.0
2179326,6.352,4.223,6.816,-0.043,-0.001,0.017,1822.0,4095.0,200.0
2179335,6.359,4.226,6.797,-0.039,-0.003,0.016,1821.0,4095.0,200.0
2179343,6.345,4.211,6.768,-0.035,-0.006,0.015,1822.0,4095.0,200.0
2179351,6.354,4.266,6.675,-0.038,-0.004,0.017,1822.0,4095.0,200.0
2179359,6.393,4.254,6.646,-0.053,0.0,0.019,1822.0,4095.0,200.0
2179367,6.019,4.065,6.527,-0.059,-0.001,0.015,1822.0,4095.0,200.0
2179375,6.053,4.049,6.558,-0.062,0.007,0.016,1823.0,4095.0,200.0
2179384,6.033,4.08,6.567,-0.055,0.014,0.017,1822.0,4095.0,200.0
2179392,6.014,4.08,6.622,-0.05,0.017,0.018,1822.0,4095.0,200.0
2179400,5.981,4.082,6.685,-0.047,0.016,0.017,1823.0,4095.0,200.0
2179408,5.978,4.044,6.735,-0.043,0.012,0.013,1823.0,4095.0,200.0
2179416,5.425,3.876,6.658,-0.034,0.006,-0.01,1823.0,4095.0,200.0
2179425,5.375,3.831,6.642,-0.039,0.0,-0.012,1820.0,4095.0,200.0
2179433,5.375,3.857,6.589,-0.044,-0.007,-0.01,1821.0,4095.0,200.0
2179441,5.418,3.852,6.572,-0.049,-0.008,-0.009,1821.0,4095.0,200.0
2179449,5.435,3.862,6.536,-0.045,-0.007,-0.009,1822.0,4095.0,200.0
2179457,5.435,3.879,6.498,-0.047,-0.0,-0.007,1821.0,4095.0,200.0
2179465,5.452,3.917,6.5,-0.052,0.004,-0.007,1820.0,4095.0,200.0
2179473,5.442,3.929,6.541,-0.055,0.007,-0.006,1821.0,4095.0,200.0
2179481,5.416,3.917,6.615,-0.05,0.003,-0.005,1822.0,4095.0,200.0
2179489,5.116,3.819,6.574,-0.06,0.013,-0.026,1822.0,4095.0,200.0
2179498,5.102,3.74,6.56,-0.07,0.014,-0.025,1820.0,4095.0,200.0
2179506,5.1,3.721,6.563,-0.068,0.014,-0.028,1822.0,4095.0,200.0
2179514,5.102,3.716,6.565,-0.055,0.011,-0.034,1823.0,4095.0,200.0
2179522,5.09,3.742,6.553,-0.049,0.007,-0.037,1819.0,4095.0,200.0
2179530,5.131,3.761,6.541,-0.059,0.003,-0.041,1821.0,4095.0,200.0
2179538,5.092,3.78,6.529,-0.067,0.005,-0.04,1822.0,4095.0,200.0
2179546,5.2,3.845,6.61,-0.071,0.023,-0.051,1824.0,4095.0,200.0
2179555,5.219,3.859,6.615,-0.066,0.025,-0.048,1820.0,4095.0,200.0
2179563,5.217,3.898,6.582,-0.07,0.029,-0.046,1819.0,4095.0,200.0
2179571,5.229,3.85,6.565,-0.08,0.032,-0.043,1823.0,4095.0,200.0
2179579,5.217,3.814,6.594,-0.078,0.034,-0.043,1823.0,4095.0,200.0
2179587,5.231,3.831,6.634,-0.061,0.034,-0.069,1820.0,4095.0,200.0
2179595,5.215,3.874,6.685,-0.05,0.03,-0.043,1822.0,4095.0,200.0
2179604,5.672,4.128,6.74,-0.061,0.03,-0.029,1820.0,4095.0,200.0
2179612,5.669,4.108,6.732,-0.075,0.026,-0.024,1821.0,4095.0,200.0
2179620,5.729,4.073,6.653,-0.084,0.022,-0.023,1821.0,4095.0,200.0
2179628,5.782,4.101,6.62,-0.085,0.028,-0.023,1821.0,4095.0,200.0
2179636,5.811,4.087,6.589,-0.092,0.041,-0.024,1821.0,4095.0,200.0
2179644,5.806,4.096,6.658,-0.096,0.048,-0.025,1821.0,4095.0,200.0
2179652,5.823,4.132,6.759,-0.094,0.046,-0.024,1821.0,4095.0,200.0
2179660,5.827,4.164,6.788,-0.092,0.038,-0.023,1823.0,4095.0,200.0
2179668,5.859,4.156,6.792,-0.095,0.031,-0.023,1823.0,4095.0,200.0
2179676,5.854,4.065,6.74,-0.094,0.03,-0.025,1822.0,4095.0,200.0
2179684,5.808,4.005,6.709,-0.082,0.027,-0.029,1821.0,4095.0,200.0
2179693,6.239,4.159,6.749,-0.05,0.02,-0.007,1820.0,4095.0,200.0
2179701,6.235,4.25,6.778,-0.031,0.019,-0.008,1822.0,4095.0,200.0
2179709,6.211,4.269,6.795,-0.029,0.014,-0.007,1821.0,4095.0,200.0
2179718,6.381,4.274,6.764,-0.011,-0.012,0.015,1820.0,4095.0,200.0
2179726,6.388,4.293,6.773,0.0,-0.017,0.02,1820.0,4095.0,200.0
2179734,6.412,4.324,6.704,0.002,-0.018,0.024,1819.0,4095.0,200.0
2179742,6.4,4.305,6.665,-0.016,-0.015,0.025,1819.0,4095.0,200.0
2179750,6.428,4.307,6.732,-0.025,-0.014,0.024,1821.0,4095.0,200.0
2179758,6.438,4.276,6.744,-0.023,-0.011,0.025,1819.0,4095.0,200.0
2179766,6.457,4.274,6.728,-0.022,-0.004,0.026,1821.0,4095.0,200.0
2179775,6.44,4.3,6.716,-0.033,0.004,0.028,1819.0,4095.0,200.0
2179783,6.467,4.266,6.694,-0.04,0.007,0.028,1819.0,4095.0,200.0
2179791,6.215,4.104,6.68,-0.031,-0.005,0.023,1817.0,4095.0,200.0
2179799,6.17,4.106,6.649,-0.033,-0.005,0.019,1816.0,4095.0,200.0
2179807,6.165,4.137,6.689,-0.037,-0.003,0.019,1818.0,4095.0,200.0
2179815,6.141,4.142,6.73,-0.044,0.001,0.021,1818.0,4095.0,200.0
2179823,6.134,4.197,6.792,-0.038,-0.006,0.022,1820.0,4095.0,200.0
2179832,5.619,4.044,6.658,-0.025,-0.02,0.011,1820.0,4095.0,200.0
2179840,5.662,4.034,6.642,-0.026,-0.03,0.017,1820.0,4095.0,200.0
2179848,5.77,3.953,6.663,-0.032,-0.038,0.016,1816.0,4095.0,200.0
2179856,5.844,3.879,6.608,-0.034,-0.033,0.013,1818.0,4095.0,200.0
2179864,5.863,3.891,6.57,-0.03,-0.027,0.011,1817.0,4095.0,200.0
2179872,5.866,3.917,6.529,-0.03,-0.019,0.008,1819.0,4095.0,200.0
2179880,5.868,3.972,6.515,-0.028,-0.012,0.006,1817.0,4095.0,200.0
2179889,5.837,4.02,6.529,-0.027,-0.007,0.006,1816.0,4095.0,200.0
2179897,5.842,4.118,6.57,-0.026,-0.007,0.007,1818.0,4095.0,200.0
2179905,5.392,3.962,6.505,-0.052,0.004,-0.017,1816.0,4095.0,200.0
2179913,5.32,3.943,6.527,-0.062,0.006,-0.011,1816.0,4095.0,200.0
2179921,5.308,3.9,6.591,-0.055,0.001,-0.007,1819.0,4095.0,200.0
2179929,5.277,3.859,6.658,-0.05,-0.007,-0.004,1815.0,4095.0,200.0
2179938,5.325,3.812,6.632,-0.052,-0.018,-0.003,1818.0,4095.0,200.0
2179946,5.411,3.785,6.563,-0.05,-0.026,-0.006,1818.0,4095.0,200.0
2179954,5.205,3.704,6.515,-0.042,-0.005,-0.032,1818.0,4095.0,200.0
2179962,5.143,3.689,6.479,-0.031,0.003,-0.035,1821.0,4095.0,200.0
2179970,5.157,3.766,6.486,-0.027,0.005,-0.035,1817.0,4095.0,200.0
2179978,5.219,3.874,6.433,-0.028,0.012,-0.034,1814.0,4095.0,200.0
2179986,5.15,3.912,6.455,-0.025,0.024,-0.031,1818.0,4095.0,200.0
2179995,5.114,3.955,6.472,-0.026,0.027,-0.025,1818.0,4095.0,200.0
2180003,5.136,3.941,6.469,-0.031,0.026,-0.017,1817.0,4095.0,200.0
2180011,5.188,3.891,6.436,-0.043,0.025,-0.013,1817.0,4095.0,200.0
2180019,5.2,3.824,6.436,-0.059,0.042,-0.025,1816.0,4095.0,200.0
2180027,5.303,3.757,6.455,-0.051,0.044,-0.027,1818.0,4095.0,200.0
2180035,5.365,3.718,6.483,-0.044,0.051,-0.04,1816.0,4095.0,200.0
2180043,5.339,3.687,6.443,-0.044,0.059,-0.056,1817.0,4095.0,200.0
2180051,5.282,3.608,6.467,-0.054,0.061,-0.073,1815.0,4095.0,200.0
2180060,5.246,3.625,6.553,-0.044,0.057,-0.095,1819.0,3970.0,200.0
2180068,5.219,3.84,6.541,-0.005,0.05,-0.104,1819.0,3679.0,200.0
2180076,5.452,4.19,6.445,0.002,0.086,-0.107,1820.0,3156.0,200.0
2180084,5.43,4.187,6.503,-0.026,0.108,-0.099,1821.0,2214.0,200.0
2180092,5.504,4.197,6.503,-0.034,0.126,-0.091,1815.0,820.0,200.0
2180100,5.598,4.204,6.488,-0.054,0.156,-0.086,1818.0,0.0,0.0
2180108,5.617,4.233,6.529,-0.071,0.181,-0.068,1820.0,0.0,0.0
2180117,5.681,4.365,5.964,-0.084,0.284,-0.049,1822.0,0.0,0.0
2180125,5.607,3.977,6.907,-0.086,0.168,-0.086,1820.0,0.0,0.0
2180133,5.619,4.243,7.029,-0.031,0.179,-0.072,1821.0,0.0,0.0
2180141,5.61,4.254,6.601,-0.158,0.102,-0.042,1822.0,0.0,0.0
2180149,5.622,4.101,6.665,-0.163,0.127,-0.046,1821.0,0.0,0.0
2180157,5.758,3.924,6.831,-0.13,0.08,-0.051,1822.0,0.0,0.0
2180166,5.715,3.97,6.847,-0.102,0.066,-0.061,1822.0,0.0,0.0
2180174,5.722,4.085,6.828,-0.115,0.078,-0.062,1822.0,0.0,0.0
2180182,5.607,4.108,6.84,-0.125,0.063,-0.065,1821.0,0.0,0.0
2180190,5.569,4.085,6.898,-0.104,0.05,-0.068,1825.0,0.0,0.0
2180199,5.569,4.096,6.974,-0.071,0.042,-0.064,1823.0,0.0,0.0
2180207,5.576,4.147,6.946,-0.047,0.027,-0.062,1824.0,0.0,0.0
2180215,5.569,4.18,6.91,-0.042,0.007,-0.053,1826.0,0.0,0.0
2180223,5.605,4.118,6.819,-0.045,0.0,-0.043,1824.0,0.0,0.0
2180231,5.636,4.099,6.725,-0.047,0.002,-0.037,1825.0,0.0,0.0
2180239,5.693,4.156,6.63,-0.043,0.003,-0.037,1824.0,0.0,0.0
2180247,5.701,4.226,6.567,-0.045,0.011,-0.036,1822.0,0.0,0.0
2180255,5.689,4.274,6.481,-0.065,0.03,-0.027,1825.0,0.0,0.0
2180264,5.66,4.283,6.551,-0.092,0.046,-0.022,1826.0,0.0,0.0
2180272,5.672,4.281,6.632,-0.106,0.049,-0.018,1827.0,0.0,0.0
2180280,5.655,4.24,6.735,-0.107,0.048,-0.018,1826.0,0.0,0.0
2180288,5.59,4.197,6.855,-0.103,0.041,-0.011,1827.0,0.0,0.0
2180296,5.543,4.144,6.9,-0.091,0.026,0.0,1828.0,0.0,0.0
2180304,5.555,4.14,6.917,-0.076,0.005,0.008,1827.0,0.0,0.0
2180313,5.605,4.096,6.852,-0.071,-0.008,0.012,1828.0,0.0,0.0
2180321,5.626,4.039,6.812,-0.068,-0.011,0.007,1828.0,0.0,0.0
2180329,5.605,3.955,6.792,-0.059,-0.013,0.001,1827.0,0.0,0.0
2180337,5.65,4.003,6.812,-0.042,-0.015,-0.001,1828.0,0.0,0.0
2180345,5.653,4.063,6.749,-0.035,-0.014,-0.006,1826.0,0.0,0.0
2180354,5.674,4.068,6.701,-0.039,-0.007,-0.012,1828.0,0.0,0.0
2180362,5.631,4.075,6.735,-0.03,-0.008,-0.02,1826.0,0.0,0.0
2180370,5.614,4.149,6.673,-0.021,-0.005,-0.021,1827.0,0.0,0.0
2180378,5.641,4.209,6.692,-0.021,-0.006,-0.019,1826.0,0.0,0.0
2180386,5.629,4.238,6.661,-0.034,-0.005,-0.015,1829.0,0.0,0.0
2180394,5.626,4.257,6.644,-0.048,0.002,-0.009,1828.0,0.0,0.0
2180402,5.607,4.262,6.677,-0.056,0.006,-0.003,1829.0,0.0,0.0
2180410,5.617,4.197,6.673,-0.064,0.003,0.005,1829.0,0.0,0.0
2180418,5.674,4.152,6.627,-0.072,0.002,0.013,1829.0,0.0,0.0
2180427,5.722,4.135,6.642,-0.077,0.007,0.011,1829.0,0.0,0.0
2180435,5.703,4.08,6.649,-0.076,0.014,0.006,1828.0,0.0,0.0
2180443,5.691,4.051,6.713,-0.066,0.014,0.001,1827.0,0.0,0.0
2180451,5.732,4.075,6.783,-0.057,0.013,-0.007,1829.0,0.0,0.0
2180459,5.715,4.08,6.795,-0.059,0.013,-0.012,1830.0,0.0,0.0
2180467,5.631,4.075,6.756,-0.062,0.011,-0.015,1826.0,0.0,0.0
2180476,5.641,4.089,6.73,-0.052,0.004,-0.016,1828.0,0.0,0.0
2180484,5.669,4.125,6.735,-0.039,0.001,-0.016,1829.0,0.0,0.0
2180492,5.646,4.161,6.704,-0.04,0.005,-0.018,1827.0,0.0,0.0
2180500,5.593,4.197,6.673,-0.043,0.007,-0.017,1829.0,0.0,0.0
2180508,5.61,4.207,6.656,-0.046,0.003,-0.014,1829.0,0.0,0.0
2180516,5.643,4.209,6.625,-0.056,0.009,-0.006,1829.0,0.0,0.0
2180524,5.677,4.161,6.618,-0.071,0.016,-0.0,1829.0,0.0,0.0
2180533,5.669,4.144,6.618,-0.074,0.024,0.001,1829.0,0.0,0.0
2180541,5.617,4.099,6.665,-0.068,0.026,0.004,1830.0,0.0,0.0
2180549,5.665,4.128,6.689,-0.06,0.023,0.007,1829.0,0.0,0.0
2180557,5.677,4.12,6.713,-0.062,0.024,0.006,1830.0,0.0,0.0
2180565,5.662,4.087,6.732,-0.068,0.026,0.001,1829.0,0.0,0.0
2180574,5.643,4.073,6.725,-0.064,0.026,-0.007,1831.0,0.0,0.0
2180582,5.643,4.106,6.776,-0.051,0.019,-0.011,1828.0,0.0,0.0
2180590,5.646,4.19,6.768,-0.046,0.01,-0.012,1829.0,0.0,0.0
2180598,5.653,4.195,6.735,-0.048,0.005,-0.011,1830.0,0.0,0.0
2180606,5.607,4.159,6.716,-0.051,0.005,-0.01,1830.0,0.0,0.0
2180614,5.588,4.125,6.723,-0.05,0.002,-0.009,1830.0,0.0,0.0
2180622,5.626,4.123,6.704,-0.049,0.0,-0.008,1829.0,0.0,0.0
2180631,5.665,4.118,6.649,-0.048,0.004,-0.009,1830.0,0.0,0.0
2180639,5.662,4.128,6.63,-0.05,0.01,-0.012,1831.0,0.0,0.0
2180647,5.648,4.132,6.63,-0.056,0.017,-0.014,1831.0,0.0,0.0
2180655,5.636,4.096,6.677,-0.062,0.02,-0.017,1828.0,0.0,0.0
2180663,5.653,4.147,6.716,-0.055,0.021,-0.013,1827.0,0.0,0.0
2180671,5.662,4.192,6.704,-0.044,0.02,-0.01,1833.0,0.0,0.0
2180680,5.638,4.214,6.699,-0.044,0.022,-0.007,1830.0,0.0,0.0
2180688,5.614,4.195,6.675,-0.051,0.022,-0.005,1829.0,0.0,0.0
2180696,5.619,4.19,6.692,-0.052,0.016,-0.003,1829.0,0.0,0.0
2180704,5.65,4.149,6.677,-0.054,0.012,-0.0,1829.0,0.0,0.0
2180712,5.629,4.12,6.63,-0.059,0.014,0.001,1830.0,0.0,0.0
2180720,5.646,4.116,6.615,-0.061,0.016,-0.001,1829.0,0.0,0.0
2180728,5.679,4.12,6.646,-0.062,0.019,-0.003,1830.0,0.0,0.0
2180736,5.686,4.092,6.68,-0.063,0.022,-0.005,1831.0,0.0,0.0
2180745,5.655,4.123,6.752,-0.052,0.017,-0.003,1832.0,0.0,0.0
2180753,5.631,4.128,6.771,-0.043,0.007,0.001,1830.0,0.0,0.0
2180761,5.646,4.135,6.668,-0.048,-0.001,0.002,1829.0,0.0,0.0
2180769,5.698,4.147,6.625,-0.053,0.0,-0.0,1830.0,0.0,0.0
2180777,5.753,4.154,6.601,-0.049,0.008,-0.007,1829.0,0.0,0.0
2180786,5.713,4.159,6.594,-0.046,0.02,-0.012,1831.0,0.0,0.0
2180794,5.643,4.202,6.67,-0.051,0.027,-0.013,1831.0,0.0,0.0
2180802,5.626,4.238,6.742,-0.057,0.026,-0.011,1830.0,0.0,0.0
2180810,5.617,4.245,6.761,-0.059,0.024,-0.007,1830.0,0.0,0.0
2180818,5.578,4.197,6.742,-0.059,0.02,-0.004,1830.0,0.0,0.0
2180826,5.578,4.154,6.752,-0.056,0.014,-0.003,1832.0,0.0,0.0
2180834,5.59,4.108,6.792,-0.056,0.009,-0.005,1828.0,0.0,0.0
2180843,5.605,4.07,6.756,-0.058,0.003,-0.008,1830.0,0.0,0.0
2180851,5.629,4.065,6.737,-0.054,0.001,-0.011,1832.0,0.0,0.0
2180859,5.638,4.111,6.697,-0.046,-0.001,-0.013,1828.0,0.0,0.0
2180867,5.638,4.104,6.663,-0.044,0.0,-0.013,1828.0,0.0,0.0
2180875,5.65,4.159,6.618,-0.047,0.003,-0.012,1830.0,0.0,0.0
2180883,5.674,4.187,6.644,-0.048,0.007,-0.011,1829.0,0.0,0.0
2180892,5.665,4.204,6.656,-0.046,0.009,-0.009,1828.0,0.0,0.0
2180900,5.667,4.223,6.673,-0.048,0.005,-0.007,1830.0,0.0,0.0
2180908,5.679,4.19,6.682,-0.052,0.001,-0.003,1830.0,0.0,0.0
2180916,5.677,4.197,6.701,-0.052,-0.002,-0.002,1828.0,0.0,0.0
2180924,5.667,4.161,6.692,-0.049,-0.007,-0.003,1831.0,0.0,0.0
2180932,5.655,4.159,6.673,-0.048,-0.008,-0.006,1830.0,0.0,0.0
2180940,5.641,4.142,6.677,-0.053,-0.006,-0.008,1832.0,0.0,0.0
2180948,5.655,4.137,6.634,-0.056,-0.001,-0.013,1831.0,0.0,0.0
2180956,5.646,4.147,6.637,-0.055,0.006,-0.014,1830.0,0.0,0.0
2180964,5.605,4.171,6.665,-0.052,0.009,-0.011,1828.0,0.0,0.0
2180973,5.6,4.19,6.677,-0.051,0.003,-0.005,1830.0,0.0,0.0
2180981,5.646,4.209,6.68,-0.053,0.001,0.001,1830.0,0.0,0.0
2180989,5.669,4.168,6.68,-0.057,0.0,0.003,1829.0,0.0,0.0
2180997,5.693,4.152,6.694,-0.056,-0.001,0.002,1829.0,0.0,0.0
2181005,5.684,4.156,6.673,-0.053,-0.002,0.0,1828.0,0.0,0.0
2181013,5.693,4.154,6.711,-0.055,-0.003,-0.001,1829.0,0.0,0.0
2181021,5.705,4.12,6.675,-0.054,-0.002,-0.003,1831.0,0.0,0.0
2181029,5.691,4.094,6.646,-0.05,0.001,-0.007,1828.0,0.0,0.0
2181037,5.653,4.108,6.627,-0.044,0.003,-0.01,1829.0,0.0,0.0
2181046,5.65,4.187,6.653,-0.039,0.005,-0.012,1829.0,0.0,0.0
2181054,5.669,4.231,6.649,-0.045,0.007,-0.011,1830.0,0.0,0.0
2181062,5.674,4.216,6.668,-0.051,0.01,-0.011,1830.0,0.0,0.0
2181070,5.667,4.219,6.658,-0.051,0.013,-0.007,1830.0,0.0,0.0
2181078,5.638,4.207,6.63,-0.049,0.015,-0.002,1834.0,0.0,0.0
2181086,5.631,4.216,6.632,-0.052,0.017,0.002,1831.0,0.0,0.0
2181094,5.605,4.202,6.67,-0.058,0.02,0.004,1831.0,0.0,0.0
2181102,5.614,4.159,6.673,-0.058,0.017,0.005,1829.0,0.0,0.0
2181111,5.65,4.156,6.692,-0.053,0.014,0.005,1832.0,0.0,0.0
2181119,5.698,4.164,6.673,-0.055,0.01,0.003,1829.0,0.0,0.0
2181127,5.696,4.101,6.687,-0.057,0.006,-0.002,1829.0,0.0,0.0
2181135,5.674,4.089,6.661,-0.047,0.002,-0.003,1830.0,0.0,0.0
2181143,5.713,4.135,6.603,-0.042,-0.0,-0.002,1832.0,0.0,0.0
2181151,5.751,4.161,6.546,-0.047,0.007,-0.006,1832.0,0.0,0.0
2181159,5.734,4.173,6.543,-0.054,0.015,-0.011,1831.0,0.0,0.0
2181167,5.727,4.216,6.579,-0.051,0.021,-0.015,1831.0,0.0,0.0
2181175,5.691,4.266,6.639,-0.053,0.025,-0.014,1829.0,0.0,0.0
2181183,5.641,4.307,6.644,-0.061,0.025,-0.009,1831.0,0.0,0.0
2181191,5.643,4.3,6.661,-0.073,0.024,-0.001,1830.0,0.0,0.0
2181200,5.626,4.24,6.661,-0.079,0.023,0.002,1831.0,0.0,0.0
2181208,5.6,4.185,6.661,-0.078,0.023,0.006,1830.0,0.0,0.0
2181216,5.607,4.125,6.63,-0.075,0.02,0.011,1831.0,0.0,0.0
2181224,5.665,4.111,6.594,-0.074,0.022,0.011,1829.0,0.0,0.0
2181232,5.717,4.082,6.606,-0.072,0.025,0.007,1829.0,0.0,0.0
2181240,5.746,4.161,6.656,-0.059,0.029,0.004,1829.0,0.0,0.0
2181249,5.71,4.125,6.701,-0.051,0.031,-0.003,1830.0,0.0,0.0
2181257,5.65,4.159,6.694,-0.047,0.026,-0.0,1831.0,0.0,0.0
2181265,5.629,4.226,6.685,-0.048,0.019,0.003,1829.0,0.0,0.0
2181273,5.605,4.243,6.68,-0.05,0.016,0.004,1829.0,0.0,0.0
2181281,5.643,4.221,6.642,-0.056,0.015,0.006,1830.0,0.0,0.0
2181289,5.638,4.161,6.596,-0.062,0.016,0.008,1832.0,0.0,0.0
2181297,5.669,4.14,6.591,-0.067,0.019,0.009,1829.0,0.0,0.0
2181305,5.677,4.164,6.608,-0.072,0.023,0.006,1831.0,0.0,0.0
2181314,5.677,4.142,6.62,-0.075,0.026,0.001,1829.0,0.0,0.0
2181322,5.691,4.149,6.687,-0.068,0.024,-0.002,1830.0,0.0,0.0
2181330,5.698,4.192,6.723,-0.063,0.022,-0.003,1830.0,0.0,0.0
2181338,5.665,4.209,6.706,-0.065,0.021,-0.002,1831.0,0.0,0.0
2181346,5.629,4.209,6.682,-0.071,0.019,0.001,1830.0,0.0,0.0
2181354,5.643,4.18,6.665,-0.074,0.016,-0.0,1831.0,0.0,0.0
2181363,5.655,4.166,6.699,-0.072,0.017,-0.003,1829.0,0.0,0.0
2181371,5.636,4.144,6.728,-0.068,0.019,-0.006,1829.0,0.0,0.0
2181379,5.631,4.144,6.735,-0.064,0.016,-0.006,1832.0,0.0,0.0
2181387,5.638,4.152,6.752,-0.059,0.011,-0.006,1832.0,0.0,0.0
2181395,5.657,4.159,6.747,-0.054,0.007,-0.007,1830.0,0.0,0.0
2181403,5.641,4.156,6.735,-0.052,0.002,-0.009,1830.0,0.0,0.0
2181412,5.641,4.152,6.68,-0.057,0.001,-0.011,1831.0,0.0,0.0
2181420,5.667,4.142,6.61,-0.063,0.003,-0.011,1832.0,0.0,0.0
2181428,5.662,4.147,6.596,-0.066,0.008,-0.01,1831.0,0.0,0.0
2181436,5.674,4.159,6.572,-0.067,0.016,-0.009,1831.0,0.0,0.0
2181444,5.669,4.185,6.591,-0.067,0.023,-0.008,1830.0,0.0,0.0
2181452,5.66,4.219,6.677,-0.064,0.022,-0.003,1832.0,0.0,0.0
2181460,5.66,4.233,6.749,-0.064,0.016,-0.001,1831.0,0.0,0.0
2181469,5.65,4.195,6.749,-0.064,0.006,0.002,1829.0,0.0,0.0
2181477,5.653,4.132,6.716,-0.066,-0.002,0.003,1830.0,0.0,0.0
2181485,5.674,4.106,6.685,-0.063,-0.005,-0.0,1831.0,0.0,0.0
2181493,5.677,4.068,6.639,-0.06,-0.004,-0.006,1832.0,0.0,0.0
2181501,5.684,4.07,6.606,-0.061,-0.0,-0.011,1829.0,0.0,0.0
2181509,5.705,4.106,6.582,-0.062,0.003,-0.016,1829.0,0.0,0.0
2181518,5.713,4.164,6.565,-0.061,0.01,-0.02,1832.0,0.0,0.0
2181526,5.703,4.226,6.61,-0.06,0.017,-0.019,1832.0,0.0,0.0
2181534,5.679,4.257,6.658,-0.061,0.017,-0.016,1830.0,0.0,0.0
2181542,5.655,4.243,6.661,-0.066,0.015,-0.008,1830.0,0.0,0.0
2181550,5.619,4.211,6.692,-0.07,0.011,-0.001,1831.0,0.0,0.0
2181558,5.626,4.187,6.685,-0.071,0.008,0.005,1830.0,0.0,0.0
2181566,5.653,4.144,6.649,-0.071,0.009,0.008,1830.0,0.0,0.0
2181575,5.672,4.108,6.627,-0.071,0.011,0.006,1830.0,0.0,0.0
2181583,5.679,4.092,6.653,-0.067,0.013,0.003,1832.0,0.0,0.0
2181591,5.686,4.094,6.653,-0.061,0.017,0.001,1826.0,0.0,0.0
2181599,5.696,4.137,6.673,-0.059,0.018,-0.0,1830.0,0.0,0.0
2181607,5.701,4.161,6.699,-0.059,0.019,-0.003,1831.0,0.0,0.0
2181615,5.691,4.178,6.653,-0.059,0.02,-0.003,1830.0,0.0,0.0
2181624,5.681,4.18,6.637,-0.061,0.022,-0.0,1828.0,0.0,0.0
2181632,5.679,4.149,6.642,-0.065,0.023,-0.0,1829.0,0.0,0.0
2181640,5.665,4.171,6.646,-0.06,0.026,0.002,1830.0,0.0,0.0
2181648,5.66,4.18,6.668,-0.054,0.024,0.002,1828.0,0.0,0.0
2181656,5.624,4.199,6.685,-0.056,0.021,0.005,1829.0,0.0,0.0
2181664,5.648,4.195,6.694,-0.062,0.016,0.006,1829.0,0.0,0.0
2181672,5.653,4.135,6.704,-0.066,0.013,0.007,1831.0,0.0,0.0
2181681,5.667,4.094,6.665,-0.064,0.012,0.005,1827.0,0.0,0.0
2181689,5.698,4.092,6.639,-0.062,0.014,0.001,1827.0,0.0,0.0
2181697,5.703,4.113,6.61,-0.058,0.019,-0.005,1832.0,0.0,0.0
2181705,5.677,4.154,6.622,-0.058,0.026,-0.009,1831.0,0.0,0.0
2181713,5.662,4.187,6.639,-0.062,0.027,-0.009,1830.0,0.0,0.0
2181721,5.657,4.197,6.692,-0.063,0.027,-0.007,1831.0,0.0,0.0
2181729,5.679,4.228,6.699,-0.06,0.023,-0.003,1830.0,0.0,0.0
2181738,5.691,4.228,6.682,-0.062,0.019,-0.0,1830.0,0.0,0.0
2181746,5.669,4.202,6.658,-0.064,0.019,0.002,1830.0,0.0,0.0
2181754,5.681,4.178,6.673,-0.066,0.017,0.003,1829.0,0.0,0.0
2181762,5.674,4.161,6.682,-0.064,0.017,0.001,1830.0,0.0,0.0
2181770,5.65,4.106,6.697,-0.064,0.016,-0.001,1830.0,0.0,0.0
2181778,5.624,4.096,6.742,-0.061,0.016,-0.004,1829.0,0.0,0.0
2181786,5.629,4.104,6.718,-0.055,0.013,-0.008,1832.0,0.0,0.0
2181794,5.648,4.116,6.677,-0.053,0.014,-0.01,1830.0,0.0,0.0
2181802,5.643,4.132,6.68,-0.054,0.014,-0.012,1831.0,0.0,0.0
2181810,5.655,4.168,6.694,-0.055,0.013,-0.013,1831.0,0.0,0.0
2181819,5.631,4.204,6.697,-0.059,0.012,-0.011,1831.0,0.0,0.0
2181827,5.66,4.195,6.682,-0.063,0.009,-0.009,1830.0,0.0,0.0
2181835,5.655,4.173,6.689,-0.062,0.005,-0.006,1831.0,0.0,0.0
2181843,5.677,4.171,6.689,-0.056,0.002,-0.005,1830.0,0.0,0.0
2181852,5.691,4.152,6.632,-0.054,0.003,-0.005,1831.0,0.0,0.0
2181860,5.681,4.132,6.625,-0.058,0.005,-0.007,1830.0,0.0,0.0
2181868,5.684,4.123,6.661,-0.056,0.005,-0.007,1829.0,0.0,0.0
2181876,5.708,4.13,6.658,-0.054,0.005,-0.01,1832.0,0.0,0.0
2181884,5.705,4.142,6.62,-0.057,0.008,-0.01,1829.0,0.0,0.0
2181892,5.679,4.142,6.591,-0.062,0.009,-0.009,1834.0,0.0,0.0
2181900,5.674,4.175,6.606,-0.063,0.014,-0.009,1831.0,0.0,0.0
2181908,5.679,4.202,6.608,-0.063,0.017,-0.011,1830.0,0.0,0.0
2181916,5.689,4.199,6.668,-0.066,0.02,-0.012,1829.0,0.0,0.0
2181924,5.691,4.18,6.685,-0.066,0.021,-0.012,1829.0,0.0,0.0
2181933,5.679,4.185,6.699,-0.065,0.021,-0.01,1831.0,0.0,0.0
2181941,5.643,4.154,6.747,-0.064,0.019,-0.009,1831.0,0.0,0.0
2181949,5.607,4.156,6.773,-0.058,0.013,-0.01,1831.0,0.0,0.0
2181957,5.624,4.149,6.754,-0.055,0.007,-0.011,1832.0,0.0,0.0
2181965,5.624,4.132,6.766,-0.052,0.002,-0.011,1830.0,0.0,0.0
2181973,5.631,4.128,6.735,-0.048,-0.002,-0.014,1830.0,0.0,0.0
2181981,5.643,4.128,6.675,-0.047,-0.003,-0.015,1830.0,0.0,0.0
2181989,5.657,4.156,6.67,-0.046,-0.004,-0.015,1830.0,0.0,0.0
2181998,5.636,4.183,6.668,-0.044,-0.004,-0.013,1833.0,0.0,0.0
2182006,5.657,4.19,6.634,-0.047,-0.007,-0.01,1829.0,0.0,0.0
2182014,5.691,4.197,6.582,-0.051,-0.006,-0.007,1830.0,0.0,0.0
2182022,5.732,4.202,6.579,-0.054,-0.002,-0.006,1831.0,0.0,0.0
2182030,5.739,4.195,6.558,-0.056,0.007,-0.007,1832.0,0.0,0.0
2182038,5.734,4.219,6.567,-0.058,0.013,-0.008,1832.0,0.0,0.0
2182046,5.701,4.197,6.598,-0.059,0.019,-0.006,1831.0,0.0,0.0
2182055,5.667,4.204,6.653,-0.059,0.023,-0.003,1831.0,0.0,0.0
2182063,5.677,4.192,6.694,-0.058,0.021,-0.001,1830.0,0.0,0.0
2182071,5.657,4.142,6.716,-0.056,0.019,-0.001,1831.0,0.0,0.0
2182079,5.679,4.12,6.716,-0.052,0.015,-0.003,1831.0,0.0,0.0
2182088,5.619,4.12,6.723,-0.047,0.01,-0.006,1830.0,0.0,0.0
2182096,5.612,4.132,6.73,-0.046,0.005,-0.009,1831.0,0.0,0.0
2182104,5.626,4.147,6.713,-0.045,0.0,-0.009,1830.0,0.0,0.0
2182112,5.636,4.137,6.68,-0.043,-0.001,-0.009,1829.0,0.0,0.0
2182120,5.646,4.183,6.67,-0.036,-0.002,-0.008,1832.0,0.0,0.0
2182128,5.638,4.197,6.615,-0.033,0.001,-0.006,1831.0,0.0,0.0
2182136,5.629,4.216,6.625,-0.041,0.003,-0.003,1832.0,0.0,0.0
2182144,5.662,4.204,6.627,-0.05,0.002,-0.001,1832.0,0.0,0.0
2182152,5.703,4.204,6.61,-0.054,0.001,0.0,1831.0,0.0,0.0
2182161,5.739,4.173,6.572,-0.053,0.005,-0.003,1829.0,0.0,0.0
2182169,5.763,4.173,6.594,-0.055,0.009,-0.007,1831.0,0.0,0.0
2182177,5.751,4.173,6.601,-0.057,0.014,-0.01,1831.0,0.0,0.0
2182185,5.717,4.154,6.663,-0.059,0.016,-0.013,1832.0,0.0,0.0
2182193,5.653,4.18,6.713,-0.057,0.013,-0.014,1834.0,0.0,0.0
2182201,5.617,4.204,6.699,-0.056,0.006,-0.015,1830.0,0.0,0.0
2182209,5.602,4.214,6.701,-0.054,-0.001,-0.013,1832.0,0.0,0.0
2182217,5.631,4.207,6.689,-0.052,-0.006,-0.013,1830.0,0.0,0.0
2182226,5.624,4.183,6.687,-0.051,-0.009,-0.011,1830.0,0.0,0.0
2182234,5.614,4.18,6.663,-0.051,-0.012,-0.011,1831.0,0.0,0.0
2182242,5.634,4.164,6.603,-0.054,-0.013,-0.009,1832.0,0.0,0.0
2182250,5.689,4.156,6.541,-0.058,-0.01,-0.008,1831.0,0.0,0.0
2182258,5.753,4.156,6.529,-0.06,-0.002,-0.009,1831.0,0.0,0.0
2182266,5.768,4.18,6.579,-0.058,0.008,-0.013,1829.0,0.0,0.0
2182274,5.71,4.233,6.606,-0.055,0.014,-0.012,1829.0,0.0,0.0
2182282,5.693,4.259,6.651,-0.055,0.014,-0.009,1830.0,0.0,0.0
2182290,5.679,4.276,6.68,-0.06,0.013,-0.006,1831.0,0.0,0.0
2182298,5.677,4.259,6.677,-0.062,0.01,-0.003,1828.0,0.0,0.0
2182307,5.679,4.216,6.685,-0.058,0.007,-0.002,1830.0,0.0,0.0
