2128797,5.569,4.049,6.618,-0.076,0.025,0.03,1826,0.0,0.0
2128805,5.59,3.943,6.642,-0.028,0.036,0.029,1827,0.0,0.0
2128813,5.607,3.895,6.689,-0.002,0.047,0.02,1827,0.0,0.0
2128822,5.622,3.934,6.835,-0.006,0.058,0.012,1827,0.0,0.0
2128830,5.607,4.025,6.967,-0.018,0.059,0.005,1826,0.0,0.0
2128838,5.6,4.147,7.082,-0.037,0.045,-0.005,1827,0.0,0.0
2128846,5.576,4.257,7.07,-0.079,0.022,-0.014,1828,0.0,0.0
2128854,5.528,4.238,6.919,-0.115,0.001,-0.013,1827,0.0,0.0
2128862,5.533,4.18,6.756,-0.105,-0.009,-0.006,1827,0.0,0.0
2128870,5.54,4.089,6.627,-0.073,-0.007,-0.001,1826,0.0,0.0
2128878,5.55,4.017,6.531,-0.06,0.006,-0.001,1826,0.0,0.0
2128887,5.574,4.005,6.582,-0.067,0.019,-0.002,1825,0.0,0.0
2128895,5.629,4.051,6.689,-0.075,0.027,-0.005,1825,0.0,0.0
2128903,5.669,4.08,6.795,-0.078,0.03,-0.009,1827,0.0,0.0
2128912,5.665,4.085,6.886,-0.083,0.023,-0.011,1826,0.0,0.0
2128920,5.626,4.063,6.883,-0.087,0.013,-0.014,1828,0.0,0.0
2128928,5.602,4.058,6.835,-0.085,0.002,-0.017,1826,0.0,0.0
2128936,5.59,4.034,6.78,-0.078,-0.006,-0.02,1826,0.0,0.0
2128944,5.578,4.037,6.754,-0.071,-0.005,-0.019,1827,0.0,0.0
2128953,5.612,4.053,6.728,-0.069,0.001,-0.016,1827,0.0,0.0
2128961,5.602,4.099,6.697,-0.068,0.014,-0.013,1826,0.0,0.0
2128969,5.578,4.111,6.704,-0.065,0.022,-0.007,1825,0.0,0.0
2128977,5.598,4.142,6.759,-0.064,0.026,0.002,1825,0.0,0.0
2128985,5.588,4.154,6.78,-0.068,0.03,0.008,1824,0.0,0.0
2128993,5.622,4.132,6.764,-0.074,0.034,0.01,1827,0.0,0.0
2129002,5.624,4.104,6.773,-0.075,0.036,0.011,1826,0.0,0.0
2129010,5.6,4.077,6.795,-0.077,0.037,0.011,1827,0.0,0.0
2129018,5.619,4.073,6.78,-0.083,0.038,0.008,1826,0.0,0.0
2129026,5.617,4.032,6.809,-0.083,0.038,0.005,1826,0.0,0.0
2129034,5.629,4.027,6.79,-0.078,0.038,0.001,1826,0.0,0.0
2129042,5.624,4.029,6.783,-0.07,0.037,-0.003,1825,0.0,0.0
2129050,5.607,4.073,6.78,-0.071,0.039,-0.003,1825,0.0,0.0
2129059,5.576,4.068,6.773,-0.078,0.04,-0.006,1826,0.0,0.0
2129067,5.617,4.08,6.795,-0.084,0.039,-0.006,1826,0.0,0.0
2129075,5.59,4.087,6.804,-0.083,0.041,-0.008,1827,0.0,0.0
2129083,5.55,4.099,6.852,-0.082,0.037,-0.007,1827,0.0,0.0
2129091,5.516,4.094,6.816,-0.087,0.031,-0.004,1826,0.0,0.0
2129100,5.511,4.051,6.792,-0.09,0.025,-0.001,1828,0.0,0.0
2129108,5.552,4.046,6.749,-0.088,0.022,0.005,1828,0.0,0.0
2129116,5.595,4.022,6.747,-0.084,0.023,0.007,1825,0.0,0.0
2129124,5.598,4.029,6.795,-0.077,0.026,0.009,1825,0.0,0.0
2129132,5.595,4.039,6.864,-0.07,0.025,0.01,1825,0.0,0.0
2129140,5.55,4.046,6.905,-0.066,0.019,0.011,1825,0.0,0.0
2129149,5.547,4.068,6.9,-0.068,0.015,0.011,1827,0.0,0.0
2129157,5.578,4.022,6.881,-0.068,0.012,0.013,1829,0.0,0.0
2129165,5.617,4.063,6.819,-0.073,0.013,0.01,1826,0.0,0.0
2129173,5.61,4.068,6.785,-0.095,0.017,0.007,1828,0.0,0.0
2129181,5.547,4.061,6.754,-0.1,0.023,0.015,1826,0.0,0.0
2129189,5.521,4.029,6.754,-0.074,0.027,0.023,1824,0.0,0.0
2129198,5.538,3.996,6.768,-0.039,0.032,0.025,1824,0.0,0.0
2129206,5.557,3.96,6.795,-0.025,0.036,0.023,1825,0.0,0.0
2129214,5.595,4.005,6.833,-0.034,0.043,0.014,1827,0.0,0.0
2129222,5.629,4.077,6.874,-0.059,0.046,0.004,1826,0.0,0.0
2129230,5.607,4.104,6.926,-0.086,0.042,-0.002,1826,0.0,0.0
2129238,5.578,4.116,6.905,-0.098,0.032,-0.003,1825,0.0,0.0
2129246,5.593,4.096,6.871,-0.092,0.023,-0.003,1827,0.0,0.0
2129254,5.588,4.041,6.802,-0.085,0.019,-0.006,1825,0.0,0.0
2129262,5.576,3.982,6.788,-0.078,0.021,-0.009,1827,0.0,0.0
2129270,5.562,3.953,6.759,-0.076,0.027,-0.012,1827,0.0,0.0
2129278,5.583,3.974,6.778,-0.074,0.034,-0.014,1826,0.0,0.0
2129287,5.54,4.005,6.845,-0.076,0.035,-0.015,1827,0.0,0.0
2129295,5.533,4.017,6.855,-0.081,0.029,-0.012,1827,0.0,0.0
2129303,5.559,4.005,6.862,-0.084,0.021,-0.006,1827,0.0,0.0
2129311,5.598,3.994,6.857,-0.081,0.015,-0.003,1828,0.0,0.0
2129319,5.619,4.003,6.776,-0.071,0.017,-0.003,1826,0.0,0.0
2129327,5.6,4.02,6.783,-0.064,0.021,-0.003,1826,0.0,0.0
2129335,5.593,4.008,6.809,-0.061,0.024,0.001,1828,0.0,0.0
2129343,5.559,4.022,6.833,-0.062,0.025,0.006,1827,0.0,0.0
2129351,5.528,4.053,6.876,-0.062,0.023,0.01,1826,0.0,0.0
2129359,5.511,4.051,6.862,-0.059,0.019,0.011,1826,0.0,0.0
2129368,5.507,4.029,6.859,-0.054,0.015,0.014,1826,0.0,0.0
2129376,5.531,4.005,6.855,-0.05,0.014,0.017,1826,0.0,0.0
2129384,5.555,4.022,6.838,-0.05,0.016,0.018,1826,0.0,0.0
2129392,5.574,4.003,6.816,-0.055,0.019,0.014,1826,0.0,0.0
2129400,5.602,4.02,6.84,-0.057,0.021,0.011,1825,0.0,0.0
2129408,5.59,4.044,6.84,-0.058,0.024,0.008,1825,0.0,0.0
2129417,5.593,4.049,6.823,-0.06,0.025,0.006,1830,0.0,0.0
2129425,5.578,4.049,6.826,-0.063,0.025,0.003,1824,0.0,0.0
2129433,5.574,4.029,6.797,-0.065,0.023,0.001,1827,0.0,0.0
2129441,5.593,4.01,6.761,-0.066,0.021,-0.001,1825,0.0,0.0
2129449,5.588,3.998,6.761,-0.07,0.022,-0.003,1827,0.0,0.0
2129457,5.581,3.967,6.756,-0.072,0.022,-0.005,1825,0.0,0.0
2129465,5.605,4.001,6.788,-0.074,0.023,-0.008,1827,0.0,0.0
2129473,5.605,4.017,6.792,-0.075,0.026,-0.011,1827,0.0,0.0
2129482,5.576,4.013,6.833,-0.072,0.025,-0.012,1825,0.0,0.0
2129490,5.557,4.015,6.886,-0.07,0.02,-0.009,1826,0.0,0.0
2129498,5.557,4.029,6.855,-0.072,0.016,-0.007,1824,0.0,0.0
2129506,5.557,4.001,6.859,-0.074,0.013,-0.004,1827,0.0,0.0
2129514,5.564,3.984,6.845,-0.068,0.013,-0.002,1825,0.0,0.0
2129522,5.564,3.97,6.823,-0.06,0.014,0.0,1827,0.0,0.0
2129530,5.55,3.986,6.84,-0.056,0.016,0.003,1827,0.0,0.0
2129538,5.543,4.01,6.852,-0.056,0.016,0.005,1825,0.0,0.0
2129546,5.564,4.001,6.828,-0.059,0.018,0.005,1826,0.0,0.0
2129554,5.578,4.005,6.845,-0.059,0.019,0.004,1825,0.0,0.0
2129562,5.586,4.034,6.867,-0.054,0.021,0.003,1828,0.0,0.0
2129571,5.567,4.051,6.893,-0.053,0.023,0.005,1826,0.0,0.0
2129579,5.574,4.049,6.886,-0.057,0.023,0.006,1827,0.0,0.0
2129587,5.559,4.051,6.862,-0.06,0.023,0.005,1828,0.0,0.0
2129595,5.559,4.02,6.869,-0.059,0.022,0.001,1826,0.0,0.0
2129604,5.543,4.005,6.855,-0.057,0.022,-0.003,1828,0.0,0.0
2129612,5.528,4.008,6.847,-0.062,0.021,-0.006,1826,0.0,0.0
2129620,5.535,4.01,6.804,-0.071,0.02,-0.009,1826,0.0,0.0
2129628,5.557,4.008,6.766,-0.077,0.019,-0.011,1826,0.0,0.0
2129636,5.593,4.015,6.809,-0.074,0.019,-0.015,1827,0.0,0.0
2129644,5.59,4.022,6.838,-0.067,0.019,-0.018,1825,0.0,0.0
2129652,5.543,4.051,6.833,-0.07,0.016,-0.018,1826,0.0,0.0
2129661,5.545,4.044,6.821,-0.076,0.012,-0.014,1827,0.0,0.0
2129669,5.567,4.005,6.816,-0.077,0.008,-0.013,1826,0.0,0.0
2129677,5.586,3.984,6.857,-0.072,0.006,-0.014,1826,0.0,0.0
2129685,5.564,3.967,6.838,-0.064,0.005,-0.014,1827,0.0,0.0
2129693,5.557,3.967,6.838,-0.062,0.005,-0.014,1828,0.0,0.0
2129701,5.547,3.984,6.85,-0.061,0.004,-0.011,1826,0.0,0.0
2129709,5.576,3.986,6.847,-0.058,0.004,-0.011,1824,0.0,0.0
2129718,5.583,4.02,6.831,-0.051,0.006,-0.01,1827,0.0,0.0
2129726,5.569,4.027,6.814,-0.049,0.01,-0.009,1828,0.0,0.0
2129734,5.562,4.053,6.816,-0.053,0.013,-0.003,1829,0.0,0.0
2129742,5.571,4.073,6.833,-0.055,0.016,0.002,1827,0.0,0.0
2129750,5.559,4.058,6.845,-0.057,0.018,0.009,1828,0.0,0.0
2129758,5.569,4.051,6.828,-0.056,0.021,0.011,1826,0.0,0.0
2129766,5.586,4.01,6.828,-0.058,0.024,0.009,1826,0.0,0.0
2129775,5.574,3.977,6.84,-0.058,0.028,0.007,1828,0.0,0.0
2129783,5.555,3.977,6.852,-0.055,0.03,0.004,1826,0.0,0.0
2129791,5.54,4.022,6.883,-0.056,0.028,-0.001,1827,0.0,0.0
2129799,5.547,4.017,6.876,-0.061,0.024,-0.005,1827,0.0,0.0
2129807,5.569,4.015,6.914,-0.062,0.021,-0.009,1827,0.0,0.0
2129815,5.562,4.02,6.876,-0.062,0.017,-0.013,1827,0.0,0.0
2129824,5.543,4.013,6.862,-0.065,0.014,-0.016,1828,0.0,0.0
2129832,5.533,4.013,6.828,-0.07,0.012,-0.017,1828,0.0,0.0
2129840,5.533,4.01,6.823,-0.07,0.009,-0.016,1827,0.0,0.0
2129848,5.559,4.001,6.814,-0.067,0.006,-0.016,1826,0.0,0.0
2129857,5.531,3.967,6.812,-0.064,0.001,-0.015,1827,0.0,0.0
2129865,5.547,3.97,6.833,-0.063,-0.001,-0.013,1826,0.0,0.0
2129873,5.567,3.972,6.823,-0.062,-0.002,-0.013,1827,0.0,0.0
2129881,5.578,3.97,6.802,-0.063,-0.001,-0.015,1826,0.0,0.0
2129889,5.567,3.977,6.84,-0.062,-0.001,-0.017,1827,0.0,0.0
2129897,5.571,4.013,6.855,-0.06,-0.001,-0.016,1827,0.0,0.0
2129905,5.562,4.039,6.835,-0.058,-0.0,-0.013,1827,0.0,0.0
2129914,5.557,4.029,6.869,-0.054,0.001,-0.009,1826,0.0,0.0
2129922,5.547,4.032,6.862,-0.05,0.001,-0.005,1825,0.0,0.0
2129930,5.562,4.032,6.864,-0.049,0.003,-0.002,1826,0.0,0.0
2129938,5.571,4.015,6.809,-0.053,0.005,0.0,1826,0.0,0.0
2129946,5.598,4.001,6.804,-0.052,0.01,0.001,1827,0.0,0.0
2129954,5.612,4.013,6.783,-0.051,0.015,0.001,1825,0.0,0.0
2129962,5.576,4.025,6.814,-0.05,0.019,-0.0,1824,0.0,0.0
2129970,5.569,4.065,6.814,-0.054,0.02,0.001,1826,0.0,0.0
2129979,5.571,4.065,6.804,-0.06,0.019,0.001,1826,0.0,0.0
2129987,5.6,4.034,6.816,-0.065,0.021,-0.001,1826,0.0,0.0
2129995,5.61,4.022,6.792,-0.066,0.021,-0.003,1827,0.0,0.0
2130003,5.578,4.041,6.819,-0.066,0.019,-0.008,1828,0.0,0.0
2130011,5.569,4.027,6.852,-0.069,0.017,-0.01,1828,0.0,0.0
2130020,5.562,4.02,6.852,-0.074,0.013,-0.016,1825,0.0,0.0
2130028,5.578,3.994,6.876,-0.072,0.007,-0.021,1825,0.0,0.0
2130036,5.557,3.986,6.84,-0.067,0.004,-0.024,1825,0.0,0.0
2130044,5.531,3.989,6.821,-0.065,0.001,-0.024,1825,0.0,0.0
2130052,5.499,3.998,6.835,-0.069,-0.005,-0.023,1826,0.0,0.0
2130060,5.55,4.001,6.84,-0.07,-0.008,-0.021,1826,0.0,0.0
2130068,5.59,4.001,6.874,-0.066,-0.01,-0.018,1825,0.0,0.0
2130076,5.602,4.013,6.833,-0.056,-0.011,-0.014,1826,0.0,0.0
2130084,5.61,4.015,6.838,-0.053,-0.01,-0.009,1826,0.0,0.0
2130092,5.605,4.01,6.819,-0.056,-0.009,-0.007,1824,0.0,0.0
2130100,5.595,4.005,6.804,-0.054,-0.008,-0.007,1826,0.0,0.0
2130109,5.571,4.005,6.771,-0.047,-0.003,-0.005,1826,0.0,0.0
2130117,5.562,4.02,6.788,-0.047,0.004,-0.002,1825,0.0,0.0
2130125,5.547,4.077,6.826,-0.047,0.008,0.0,1827,0.0,0.0
2130132,5.545,4.082,6.845,-0.047,0.009,0.004,1827,0.0,0.0
2130140,5.555,4.068,6.819,-0.051,0.008,0.008,1828,0.0,0.0
2130148,5.6,4.065,6.788,-0.06,0.009,0.009,1826,0.0,0.0
2130156,5.634,4.02,6.79,-0.064,0.013,0.007,18262130227,5.538,4.029
2130234,5.552,4.008,6.8,-0.072,0.001,-0.026,1828,0.0,0.0
2130242,5.598,4.008,6.768,-0.07,-0.0,-0.025,1826,0.0,0.0
2131131,5.578,4.001,6.84,-0.074,0.006,-0.006,1826,0.0,0.0
2131139,5.574,4.039,6.814,-0.079,0.007,-0.008,1827,0.0,0.0
2131147,5.571,4.022,6.819,-0.081,0.01,-0.009,1825,0.0,0.0
2131155,5.578,4.013,6.852,-0.078,0.012,-0.009,1826,0.0,0.0
2131162,5.607,4.034,6.874,-0.073,0.011,-0.009,1826,0.0,0.0
2132138,5.662,4.13,6.713,-0.052,0.002,-0.013,1828,0.0,0.0
2134159,5.655,4.058,6.699,-0.066,0.007,-0.014,1829,0.0,0.0
2135166,5.629,4.159,6.653,-0.075,0.019,-0.017,1829,0.0,0.0
2137187,5.65,4.132,6.694,-0.058,0.014,-0.01,1827,0.0,0.0
2138194,5.531,4.204,6.716,-0.085,0.053,-0.002,1830,0.0,0.0
2140215,5.55,4.219,6.697,-0.068,0.026,0.003,1825,0.0,0.0
2141222,5.499,4.025,6.869,-0.073,0.022,-0.002,1825,0.0,0.0
2143243,5.636,4.147,6.608,-0.049,-0.005,-0.029,1832,0.0,0.0
2144250,5.605,4.175,6.677,-0.074,0.019,0.003,1831,0.0,0.0
2146271,5.514,4.077,6.888,-0.045,0.019,-0.013,1834,0.0,0.0
2147278,5.499,3.879,6.981,-0.072,0.009,-0.006,1834,0.0,0.0
2149299,5.552,3.898,6.898,-0.058,-0.004,-0.023,1834,0.0,0.0
2149442,5.476,3.996,6.919,-0.068,0.019,-0.003,1827,0.0,0.0
2149451,5.473,3.972,6.931,-0.067,0.016,0.004,1829,0.0,0.0
2149459,5.464,3.955,6.953,-0.069,0.014,0.009,1827,0.0,0.0
2149467,5.485,3.898,6.95,-0.072,0.01,0.012,1829,0.0,0.0
2149475,5.507,3.881,6.965,-0.068,0.005,0.01,1828,0.0,0.0
2149483,5.523,3.874,6.958,-0.07,0.002,0.01,1828,0.0,0.0
2149491,5.552,3.838,6.962,-0.073,0.004,0.008,1828,0.0,0.0
2149500,5.555,3.833,6.926,-0.075,0.004,0.003,1828,0.0,0.0
2149508,5.567,3.862,6.876,-0.076,0.008,-0.005,1829,0.0,0.0
2149516,5.55,3.879,6.898,-0.076,0.009,-0.011,1827,0.0,0.0
2149524,5.562,3.91,6.886,-0.079,0.01,-0.015,1828,0.0,0.0
2149532,5.533,3.936,6.902,-0.081,0.009,-0.018,1827,0.0,0.0
2149540,5.531,3.948,6.924,-0.082,0.008,-0.018,1827,0.0,0.0
2149548,5.547,3.941,6.898,-0.082,0.008,-0.015,1828,0.0,0.0
2149556,5.555,3.893,6.922,-0.082,0.009,-0.015,1828,0.0,0.0
2149565,5.543,3.881,6.95,-0.078,0.009,-0.014,1827,0.0,0.0
2149573,5.571,3.886,6.955,-0.069,0.009,-0.013,1828,0.0,0.0
2149581,5.54,3.919,6.905,-0.068,0.01,-0.01,1828,0.0,0.0
2149589,5.528,3.893,6.907,-0.074,0.012,-0.006,1827,0.0,0.0
2149597,5.557,3.867,6.893,-0.074,0.015,-0.003,1828,0.0,0.0
2149605,5.562,3.869,6.9,-0.073,0.021,-0.002,1827,0.0,0.0
2149614,5.557,3.879,6.924,-0.069,0.025,-0.004,1829,0.0,0.0
2149622,5.531,3.912,6.924,-0.064,0.029,-0.004,1827,0.0,0.0
2149630,5.528,3.948,6.991,-0.064,0.027,-0.003,1828,0.0,0.0
2149638,5.511,3.936,7.003,-0.066,0.022,-0.001,1828,0.0,0.0
2149646,5.497,3.926,6.984,-0.067,0.018,-0.001,1829,0.0,0.0
2149654,5.492,3.879,6.965,-0.071,0.017,0.001,1827,0.0,0.0
2149663,5.521,3.871,6.914,-0.071,0.015,-0.001,1828,0.0,0.0
2149671,5.54,3.847,6.917,-0.07,0.018,-0.003,1828,0.0,0.0
2149679,5.528,3.84,6.953,-0.07,0.022,-0.007,1828,0.0,0.0
2149687,5.514,3.869,6.953,-0.069,0.02,-0.008,1828,0.0,0.0
2149695,5.466,3.855,6.977,-0.068,0.016,-0.008,1829,0.0,0.0
2149703,5.507,3.888,7.003,-0.064,0.009,-0.007,1828,0.0,0.0
2149711,5.533,3.888,6.967,-0.062,0.003,-0.009,1831,0.0,0.0
2149719,5.526,3.886,6.967,-0.062,-0.001,-0.01,1827,0.0,0.0
2149727,5.516,3.871,6.941,-0.059,-0.004,-0.014,1828,0.0,0.0
2149735,5.521,3.876,6.967,-0.058,-0.008,-0.014,1828,0.0,0.0
2149744,5.555,3.869,6.967,-0.056,-0.01,-0.015,1827,0.0,0.0
2149752,5.567,3.881,6.929,-0.054,-0.012,-0.017,1829,0.0,0.0
2149760,5.559,3.871,6.924,-0.058,-0.01,-0.018,1827,0.0,0.0
2149768,5.571,3.874,6.883,-0.061,-0.007,-0.019,1827,0.0,0.0
2149776,5.576,3.869,6.871,-0.063,-0.003,-0.018,1828,0.0,0.0
2149784,5.576,3.862,6.879,-0.058,-0.003,-0.017,1829,0.0,0.0
2149792,5.574,3.879,6.871,-0.053,-0.0,-0.015,1829,0.0,0.0
2149801,5.586,3.931,6.912,-0.049,0.001,-0.012,1827,0.0,0.0
2149809,5.555,3.938,6.934,-0.049,0.002,-0.01,1827,0.0,0.0
2149817,5.528,3.934,6.936,-0.052,0.003,-0.008,1829,0.0,0.0
2149825,5.514,3.934,6.907,-0.057,0.005,-0.006,1826,0.0,0.0
2149833,5.49,3.905,6.914,-0.059,0.005,-0.007,1829,0.0,0.0
2149841,5.516,3.883,6.924,-0.056,0.006,-0.008,1828,0.0,0.0
2149849,5.509,3.864,6.914,-0.054,0.007,-0.008,1827,0.0,0.0
2149857,5.538,3.859,6.912,-0.056,0.01,-0.009,1826,0.0,0.0
2149865,5.555,3.869,6.912,-0.059,0.011,-0.012,1827,0.0,0.0
2149874,5.547,3.871,6.922,-0.059,0.009,-0.013,1828,0.0,0.0
2149881,5.571,3.888,6.926,-0.057,0.006,-0.014,1827,0.0,0.0
2149890,5.574,3.936,6.912,-0.055,0.005,-0.016,1828,0.0,0.0
2149898,5.571,3.943,6.91,-0.056,0.003,-0.016,1826,0.0,0.0
2149906,5.547,3.943,6.902,-0.056,0.002,-0.016,1828,0.0,0.0
2149914,5.535,3.915,6.905,-0.055,0.001,-0.014,1829,0.0,0.0
2149922,5.519,3.917,6.917,-0.053,-0.0,-0.012,1825,0.0,0.0
2149930,5.507,3.924,6.943,-0.052,-0.003,-0.011,1828,0.0,0.0
2149938,5.514,3.905,6.958,-0.05,-0.01,-0.01,1826,0.0,0.0
2149946,5.507,3.883,6.986,-0.048,-0.018,-0.007,1827,0.0,0.0
2149955,5.495,3.867,7.017,-0.044,-0.024,-0.008,1824,0.0,0.0
2149963,5.483,3.836,6.981,-0.048,-0.032,-0.007,1829,0.0,0.0
2149971,5.567,3.836,7.044,-0.046,-0.04,-0.011,1825,0.0,0.0
2149979,5.6,3.862,7.037,-0.036,-0.048,-0.02,1827,0.0,0.0
2149987,5.567,3.895,6.977,-0.026,-0.054,-0.022,1826,0.0,0.0
2149995,5.545,3.912,6.919,-0.024,-0.06,-0.021,1826,0.0,0.0
2150003,5.535,3.946,6.953,-0.022,-0.069,-0.018,1829,0.0,0.0
2150011,5.523,3.941,6.936,-0.017,-0.079,-0.015,1826,0.0,0.0
2150019,5.526,3.943,6.891,-0.012,-0.082,-0.01,1829,0.0,0.0
2150027,5.578,3.967,6.862,-0.008,-0.083,-0.011,1827,0.0,0.0
2150036,5.593,4.003,6.883,-0.003,-0.081,-0.011,1828,0.0,0.0
2150044,5.574,4.013,6.881,-0.002,-0.081,-0.002,1827,0.0,0.0
2150052,5.571,3.965,6.802,-0.017,-0.074,0.008,1830,0.0,0.0
2150060,5.61,3.97,6.845,-0.023,-0.072,0.011,1828,0.0,0.0
2150068,5.619,3.991,6.938,-0.012,-0.077,0.01,1827,0.0,0.0
2150076,5.571,4.027,6.962,0.007,-0.088,0.018,1826,0.0,0.0
2150084,5.485,3.938,6.967,0.003,-0.1,0.033,1825,0.0,0.0
2150093,5.59,3.943,6.953,0.004,-0.125,0.04,1826,0.0,0.0
2150101,5.71,3.96,6.938,0.017,-0.139,0.037,1826,0.0,0.0
2150109,5.703,3.96,6.955,0.039,-0.151,0.039,1825,0.0,0.0
2150117,5.667,3.931,6.941,0.042,-0.163,0.047,1827,0.0,0.0
2150125,5.727,3.948,6.979,0.021,-0.186,0.048,1824,0.0,0.0
2150133,5.799,3.991,7.111,-0.011,-0.204,0.043,1824,0.0,0.0
2150141,5.871,4.025,7.238,-0.054,-0.226,0.046,1825,0.0,0.0
2150149,5.775,4.166,6.701,-0.056,-0.228,0.053,1826,0.0,0.0
2150157,5.638,4.293,6.572,-0.08,-0.208,0.082,1826,0.0,0.0
2150166,5.638,4.173,6.541,-0.09,-0.196,0.111,1824,0.0,0.0
2150174,5.753,4.061,6.433,-0.116,-0.152,0.124,1825,0.0,0.0
2150182,5.758,3.929,6.637,-0.115,-0.145,0.115,1824,0.0,0.0
2150190,5.734,4.137,6.304,-0.155,-0.118,0.094,1825,0.0,0.0
2150198,5.947,3.991,6.395,-0.243,-0.106,0.061,1824,0.0,0.0
2150206,6.072,3.603,6.402,-0.273,-0.06,0.032,1823,1727.0,200.0
2150214,5.873,3.701,6.246,-0.297,-0.002,0.034,1825,2435.0,200.0
2150222,5.959,3.675,6.426,-0.305,0.031,0.017,1823,3180.0,200.0
2150230,6.002,3.687,6.603,-0.311,0.067,-0.003,1823,3594.0,200.0
2150238,5.895,3.639,6.673,-0.323,0.085,-0.029,1823,3771.0,200.0
2150247,5.89,3.61,6.63,-0.284,0.083,-0.04,1823,3874.0,200.0
2150255,6.057,4.12,6.761,-0.199,0.115,-0.031,1826,3978.0,200.0
2150263,5.914,3.991,6.771,-0.221,0.123,-0.024,1824,4047.0,200.0
2150271,5.519,3.845,6.783,-0.256,0.131,-0.036,1826,4095.0,200.0
2150279,5.368,3.78,6.859,-0.26,0.107,-0.046,1825,4095.0,200.0
2150287,5.471,3.718,6.749,-0.268,0.103,-0.05,1825,4095.0,200.0
2150295,5.341,3.524,6.663,-0.278,0.103,-0.054,1827,4095.0,200.0
2150304,5.267,3.393,6.677,-0.265,0.095,-0.057,1826,4095.0,200.0
2150312,5.193,3.397,6.692,-0.228,0.092,-0.056,1829,4095.0,200.0
2150320,5.191,3.467,6.78,-0.2,0.085,-0.056,1826,4095.0,200.0
2150328,5.138,3.39,6.862,-0.179,0.076,-0.061,1827,4095.0,200.0
2150336,5.14,3.412,6.941,-0.147,0.061,-0.054,1827,4095.0,200.0
2150344,5.066,3.484,6.993,-0.127,0.052,-0.056,1827,4095.0,200.0
2150353,5.085,3.565,6.948,-0.107,0.027,-0.047,1827,4095.0,200.0
2150361,5.116,3.512,6.869,-0.11,0.004,-0.041,1825,4095.0,200.0
2150369,5.162,3.426,6.78,-0.108,-0.007,-0.038,1825,4095.0,200.0
2150377,5.21,3.385,6.689,-0.102,-0.006,-0.04,1826,4095.0,200.0
2150385,5.236,3.376,6.625,-0.091,0.001,-0.04,1828,4095.0,200.0
2150393,5.236,3.414,6.644,-0.078,0.006,-0.037,1826,4095.0,200.0
2150401,5.198,3.491,6.692,-0.078,0.027,-0.051,1825,4095.0,200.0
2150409,5.181,3.553,6.687,-0.072,0.033,-0.047,1827,4095.0,200.0
2150417,5.145,3.584,6.721,-0.068,0.034,-0.041,1827,4095.0,200.0
2150426,5.131,3.575,6.721,-0.079,0.031,-0.035,1827,4095.0,200.0
2150434,5.171,3.534,6.747,-0.095,0.029,-0.032,1826,4095.0,200.0
2150442,5.183,3.452,6.718,-0.111,0.032,-0.03,1827,4095.0,200.0
2150450,5.124,3.378,6.778,-0.108,0.034,-0.03,1826,4095.0,200.0
2150458,5.071,3.373,6.859,-0.09,0.034,-0.028,1829,4095.0,200.0
2150466,5.069,3.419,6.953,-0.074,0.023,-0.026,1827,4095.0,200.0
2150474,5.102,3.508,7.003,-0.071,0.023,-0.038,1828,4095.0,200.0
2150482,5.126,3.433,6.924,-0.067,0.014,-0.039,1826,4095.0,200.0
2150491,5.145,3.419,6.828,-0.066,0.014,-0.039,1825,4095.0,200.0
2150499,5.16,3.373,6.756,-0.06,0.023,-0.041,1828,4095.0,200.0
2150507,5.157,3.424,6.687,-0.05,0.033,-0.043,1826,4095.0,200.0
2150515,5.121,3.496,6.721,-0.036,0.042,-0.043,1827,4095.0,200.0
2150523,5.109,3.488,6.783,-0.04,0.046,-0.043,1828,4095.0,200.0
2150531,5.169,3.484,6.766,-0.049,0.047,-0.043,1827,4095.0,200.0
2150539,5.188,3.486,6.661,-0.056,0.058,-0.042,1830,4095.0,200.0
2150547,5.143,3.496,6.653,-0.055,0.071,-0.042,1827,4095.0,200.0
2150555,5.069,3.519,6.749,-0.051,0.072,-0.044,1828,4095.0,200.0
2150563,5.136,3.673,6.922,-0.076,0.079,-0.043,1827,4095.0,200.0
2150572,5.131,3.692,7.001,-0.093,0.061,-0.034,1826,4095.0,200.0
2150580,5.205,3.555,6.977,-0.108,0.045,-0.035,1828,4095.0,200.0
2150588,5.253,3.431,6.965,-0.093,0.037,-0.038,1826,4095.0,200.0
2150596,5.265,3.455,6.893,-0.063,0.033,-0.043,1829,4095.0,200.0
2150604,5.227,3.508,6.893,-0.052,0.033,-0.05,1827,4095.0,200.0
2150612,5.174,3.558,6.879,-0.055,0.031,-0.051,1829,4095.0,200.0
2150620,5.186,3.584,6.891,-0.061,0.029,-0.053,1829,4095.0,200.0
2150628,5.662,3.812,6.962,-0.058,0.036,-0.042,1826,4095.0,200.0
2150637,5.686,3.84,7.008,-0.054,0.035,-0.04,1827,4095.0,200.0
2150645,5.696,3.85,6.979,-0.064,0.035,-0.034,1828,4095.0,200.0
2150653,5.689,3.826,6.938,-0.08,0.036,-0.029,1826,4095.0,200.0
2150661,5.737,3.778,6.934,-0.083,0.036,-0.027,1826,4095.0,200.0
2150669,5.794,3.826,6.919,-0.075,0.039,-0.025,1828,4095.0,200.0
2150677,5.811,3.836,6.898,-0.074,0.044,-0.022,1826,4095.0,200.0
2150685,5.787,3.862,6.977,-0.079,0.046,-0.021,1826,4095.0,200.0
2150693,5.772,3.864,7.005,-0.086,0.045,-0.022,1827,4095.0,200.0
2150702,6.225,3.938,7.084,-0.081,0.031,0.003,1829,4095.0,200.0
2150710,6.22,3.907,7.072,-0.075,0.027,0.0,1827,4095.0,200.0
2150718,6.203,3.879,7.099,-0.068,0.026,-0.003,1827,4095.0,200.0
2150726,6.199,3.912,7.053,-0.066,0.029,-0.003,1829,4095.0,200.0
2150734,6.201,3.948,7.034,-0.063,0.029,-0.0,1826,4095.0,200.0
2150742,6.187,3.958,7.065,-0.06,0.02,0.004,1826,4095.0,200.0
2150751,6.299,3.979,6.977,-0.051,-0.004,0.022,1828,4095.0,200.0
2150759,6.347,3.982,6.948,-0.056,-0.003,0.024,1826,4095.0,200.0
2150767,6.366,3.986,6.958,-0.05,0.0,0.027,1829,4095.0,200.0
2150775,6.345,3.96,6.926,-0.046,0.001,0.027,1827,4095.0,200.0
2150783,6.323,3.974,6.979,-0.045,0.003,0.029,1826,4095.0,200.0
2150791,6.321,3.96,7.015,-0.049,-0.001,0.028,1830,4095.0,200.0
2150799,6.347,3.926,7.005,-0.047,-0.003,0.025,1827,4095.0,200.0
2150808,5.909,3.73,6.874,-0.043,-0.01,0.017,1827,4095.0,200.0
2150816,5.854,3.694,6.895,-0.055,-0.007,0.015,1828,4095.0,200.0
2150824,5.763,3.67,6.879,-0.062,-0.006,0.011,1828,4095.0,200.0
2150832,5.727,3.67,6.867,-0.059,-0.008,0.007,1826,4095.0,200.0
2150841,5.71,3.663,6.907,-0.049,-0.012,0.006,1828,4095.0,200.0
2150849,5.25,3.512,6.814,-0.051,-0.006,-0.015,1827,4095.0,200.0
2150857,5.246,3.515,6.737,-0.058,-0.001,-0.015,1830,4095.0,200.0
2150865,5.234,3.515,6.744,-0.061,0.006,-0.015,1829,4095.0,200.0
2150873,5.217,3.512,6.756,-0.059,0.013,-0.018,1827,4095.0,200.0
2150881,5.195,3.498,6.752,-0.065,0.018,-0.02,1828,4095.0,200.0
2150889,5.167,3.46,6.766,-0.076,0.024,-0.023,1827,4095.0,200.0
2150897,5.131,3.44,6.802,-0.077,0.026,-0.027,1826,4095.0,200.0
2150905,5.126,3.414,6.802,-0.071,0.03,-0.03,1827,4095.0,200.0
2150914,5.088,3.46,6.845,-0.076,0.052,-0.051,1828,4095.0,200.0
2150922,5.09,3.464,6.838,-0.074,0.051,-0.052,1827,4095.0,200.0
2150930,5.08,3.539,6.855,-0.07,0.047,-0.051,1828,4095.0,200.0
2150938,5.107,3.563,6.855,-0.071,0.046,-0.05,1826,4095.0,200.0
2150946,5.124,3.575,6.888,-0.071,0.043,-0.046,1829,4095.0,200.0
2150954,5.14,3.639,6.898,-0.077,0.039,-0.04,1828,4095.0,200.0
2150963,5.167,3.666,6.924,-0.084,0.037,-0.035,1827,4095.0,200.0
2150971,5.753,3.852,6.991,-0.093,0.038,-0.018,1830,4095.0,200.0
2150979,5.808,3.8,6.967,-0.094,0.039,-0.015,1827,4095.0,200.0
2150987,5.832,3.795,6.986,-0.086,0.04,-0.016,1829,4095.0,200.0
2150995,5.856,3.828,6.986,-0.08,0.043,-0.015,1826,4095.0,200.0
2151003,5.895,3.886,7.02,-0.08,0.044,-0.014,1831,4095.0,200.0
2151011,5.935,3.883,7.092,-0.079,0.039,-0.013,1829,4095.0,200.0
2151019,5.986,3.903,7.104,-0.076,0.033,-0.011,1828,4095.0,200.0
2151028,6.041,3.905,7.063,-0.079,0.029,-0.007,1827,4095.0,200.0
2151036,6.048,3.917,7.046,-0.081,0.023,-0.002,1827,4095.0,200.0
2151044,6.333,3.979,7.032,-0.074,0.001,0.025,1829,4095.0,200.0
2151052,6.378,3.941,7.01,-0.077,-0.0,0.024,1828,4095.0,200.0
2151060,6.4,3.9,7.001,-0.072,-0.001,0.021,1827,4095.0,200.0
2151068,6.443,3.903,7.005,-0.059,0.001,0.017,1829,4095.0,200.0
2151076,6.402,3.965,6.977,-0.05,0.004,0.017,1829,4095.0,200.0
2151084,6.347,4.003,7.005,-0.051,0.002,0.016,1829,4095.0,200.0
2151092,6.302,3.991,7.017,-0.059,0.001,0.019,1831,4095.0,200.0
2151101,6.249,3.979,7.037,-0.065,-0.002,0.022,1827,4095.0,200.0
2151109,6.256,3.936,7.082,-0.062,-0.01,0.026,1828,4095.0,200.0
2151117,6.261,3.922,7.046,-0.057,-0.015,0.028,1826,4095.0,200.0
2151125,5.794,3.685,6.922,-0.05,-0.024,0.02,1830,4095.0,200.0
2151133,5.76,3.646,6.847,-0.052,-0.023,0.018,1829,4095.0,200.0
2151141,5.744,3.613,6.79,-0.055,-0.019,0.015,1827,4095.0,200.0
2151149,5.727,3.594,6.752,-0.057,-0.012,0.009,1826,4095.0,200.0
2151158,5.71,3.572,6.752,-0.054,-0.003,0.002,1830,4095.0,200.0
2151166,5.636,3.567,6.737,-0.048,0.007,-0.002,1828,4095.0,200.0
2151174,5.586,3.596,6.814,-0.039,0.012,-0.005,1830,4095.0,200.0
2151182,5.133,3.524,6.752,-0.042,0.03,-0.031,1828,4095.0,200.0
2151190,5.035,3.519,6.788,-0.048,0.032,-0.032,1828,4095.0,200.0
2151198,4.994,3.527,6.795,-0.051,0.031,-0.029,1830,4095.0,200.0
2151206,5.037,3.527,6.747,-0.053,0.031,-0.027,1828,4095.0,200.0
2151214,5.045,3.474,6.709,-0.061,0.034,-0.028,1826,4095.0,200.0
2151222,5.009,3.412,6.737,-0.068,0.034,-0.03,1827,4095.0,200.0
2151230,5.066,3.436,6.737,-0.065,0.036,-0.028,1828,4095.0,200.0
2151238,5.064,3.469,6.701,-0.067,0.045,-0.028,1828,4095.0,200.0
2151246,5.059,3.436,6.73,-0.074,0.051,-0.027,1829,4095.0,200.0
2151255,5.037,3.309,6.744,-0.075,0.052,-0.029,1828,4095.0,200.0
2151263,5.069,3.419,6.783,-0.054,0.054,-0.021,1825,4095.0,200.0
2151271,5.521,3.778,6.934,-0.037,0.074,-0.009,1826,4095.0,200.0
2151279,5.571,3.833,6.879,-0.057,0.09,-0.006,1825,4095.0,200.0
2151287,5.598,3.721,6.874,-0.079,0.101,-0.002,1826,4080.0,200.0
2151295,5.71,3.788,6.867,-0.066,0.112,0.002,1825,4009.0,200.0
2151303,5.897,3.838,6.891,-0.059,0.121,0.0,1824,3925.0,200.0
2151312,5.974,3.838,6.84,-0.068,0.137,-0.007,1823,3828.0,200.0
2151320,5.983,3.826,6.862,-0.078,0.162,-0.019,1824,3627.0,200.0
2151328,5.966,3.903,7.017,-0.094,0.203,-0.054,1823,3356.0,200.0
2151336,5.954,3.979,7.096,-0.089,0.211,-0.033,1824,2725.0,200.0
2151344,5.94,4.022,7.242,-0.079,0.208,-0.022,1822,1494.0,200.0
2151352,6.069,4.053,7.295,-0.052,0.197,0.006,1830,0.0,0.0
2151360,6.053,4.085,7.242,-0.075,0.192,-0.001,1822,0.0,0.0
2151368,5.902,3.867,7.135,-0.123,0.188,-0.013,1824,0.0,0.0
2151376,5.696,3.718,7.017,-0.17,0.177,-0.032,1824,0.0,0.0
2151385,5.461,3.519,7.013,-0.208,0.124,-0.064,1823,0.0,0.0
2151393,5.442,3.867,6.874,-0.193,0.169,-0.065,1824,0.0,0.0
2151401,5.526,3.589,6.95,-0.245,0.104,-0.061,1824,0.0,0.0
2151409,5.588,3.596,7.214,-0.182,0.11,-0.075,1822,0.0,0.0
2151417,5.598,3.555,7.393,-0.113,0.089,-0.08,1825,0.0,0.0
2151425,5.504,3.436,7.487,-0.072,0.059,-0.091,1824,0.0,0.0
2151433,5.464,3.352,7.527,-0.056,0.029,-0.096,1825,0.0,0.0
2151441,5.452,3.486,7.47,-0.022,0.001,-0.095,1822,0.0,0.0
2151449,5.401,3.673,7.314,0.006,-0.014,-0.094,1824,0.0,0.0
2151457,5.375,3.716,7.171,0.016,-0.025,-0.088,1823,0.0,0.0
2151465,5.44,3.725,7.099,0.026,-0.039,-0.086,1824,0.0,0.0
2151474,5.586,3.73,7.051,0.047,-0.04,-0.088,1825,0.0,0.0
2151482,5.595,3.78,7.022,0.052,-0.023,-0.083,1826,0.0,0.0
2151490,5.49,3.917,6.931,0.038,0.0,-0.072,1824,0.0,0.0
2151498,5.444,4.022,6.979,0.017,0.003,-0.058,1827,0.0,0.0
2151506,5.444,4.003,7.08,-0.005,-0.004,-0.037,1825,0.0,0.0
2151514,5.48,3.924,7.106,-0.008,-0.007,-0.021,1825,0.0,0.0
2151522,5.497,3.845,7.108,-0.003,-0.007,-0.012,1825,0.0,0.0
2151531,5.476,3.802,7.068,-0.006,-0.007,-0.007,1826,0.0,0.0
2151539,5.509,3.795,7.044,-0.011,-0.011,-0.007,1827,0.0,0.0
2151547,5.559,3.737,7.013,-0.008,-0.012,-0.01,1827,0.0,0.0
2151555,5.605,3.709,6.926,-0.003,-0.003,-0.013,1828,0.0,0.0
2151563,5.602,3.694,6.886,-0.002,0.007,-0.019,1827,0.0,0.0
2151571,5.617,3.737,6.936,-0.002,0.015,-0.022,1827,0.0,0.0
2151579,5.598,3.807,6.967,0.002,0.02,-0.022,1826,0.0,0.0
2151587,5.521,3.843,7.017,-0.002,0.022,-0.021,1827,0.0,0.0
2151596,5.461,3.871,7.041,-0.007,0.015,-0.016,1826,0.0,0.0
2151604,5.478,3.881,7.01,-0.021,0.007,-0.012,1827,0.0,0.0
2151612,5.535,3.893,7.034,-0.031,-0.002,-0.009,1828,0.0,0.0
2151620,5.543,3.85,6.996,-0.039,-0.005,-0.007,1828,0.0,0.0
2151628,5.516,3.785,7.013,-0.043,-0.008,-0.003,1828,0.0,0.0
2151636,5.559,3.802,7.065,-0.041,-0.016,-0.003,1827,0.0,0.0
2151644,5.571,3.785,7.032,-0.039,-0.02,-0.006,1829,0.0,0.0
2151652,5.511,3.716,7.034,-0.03,-0.023,-0.007,1828,0.0,0.0
2151661,5.511,3.773,7.032,-0.015,-0.024,-0.006,1830,0.0,0.0
2151669,5.514,3.814,6.989,-0.008,-0.024,-0.009,1828,0.0,0.0
2151677,5.509,3.831,6.974,-0.013,-0.021,-0.009,1826,0.0,0.0
2151685,5.499,3.864,6.941,-0.017,-0.016,-0.009,1829,0.0,0.0
2151693,5.483,3.869,6.946,-0.018,-0.011,-0.008,1833,0.0,0.0
2151701,5.48,3.876,6.914,-0.023,-0.005,-0.005,1828,0.0,0.0
2151709,5.509,3.891,6.938,-0.022,-0.003,-0.001,1827,0.0,0.0
2151718,5.476,3.891,6.958,-0.018,-0.001,0.001,1830,0.0,0.0
2151726,5.521,3.852,7.037,-0.022,-0.002,0.003,1829,0.0,0.0
2151734,5.576,3.838,7.044,-0.021,-0.011,0.004,1830,0.0,0.0
2151742,5.581,3.812,7.029,-0.023,-0.012,0.003,1827,0.0,0.0
2151750,5.555,3.764,6.979,-0.029,-0.018,0.0,1830,0.0,0.0
2151758,5.576,3.766,6.943,-0.037,-0.019,-0.004,1829,0.0,0.0
2151766,5.617,3.807,6.914,-0.039,-0.013,-0.011,1829,0.0,0.0
2151774,5.555,3.807,6.907,-0.037,-0.009,-0.018,1828,0.0,0.0
2151782,5.521,3.809,6.898,-0.031,-0.008,-0.017,1831,0.0,0.0
2151790,5.559,3.883,6.855,-0.028,-0.004,-0.011,1828,0.0,0.0
2151799,5.576,3.91,6.867,-0.03,0.001,-0.007,1827,0.0,0.0
2151807,5.571,3.891,6.9,-0.029,0.004,-0.004,1828,0.0,0.0
2151815,5.576,3.893,6.905,-0.03,0.005,0.001,1832,0.0,0.0
2151823,5.552,3.883,6.938,-0.036,0.005,0.005,1828,0.0,0.0
2151831,5.586,3.869,6.95,-0.044,-0.0,0.005,1830,0.0,0.0
2151839,5.636,3.828,6.9,-0.048,0.0,-0.0,1831,0.0,0.0
2151847,5.655,3.814,6.893,-0.046,0.005,-0.008,1829,0.0,0.0
2151855,5.624,3.78,6.874,-0.044,0.01,-0.017,1830,0.0,0.0
2151863,5.598,3.814,6.881,-0.046,0.016,-0.022,1828,0.0,0.0
2151872,5.586,3.867,6.91,-0.054,0.021,-0.025,1829,0.0,0.0
2151880,5.533,3.891,6.922,-0.058,0.027,-0.026,1828,0.0,0.0
2151888,5.449,3.883,6.984,-0.054,0.027,-0.021,1829,0.0,0.0
2151896,5.461,3.929,7.02,-0.043,0.017,-0.014,1830,0.0,0.0
2151904,5.497,3.931,7.044,-0.036,0.006,-0.006,1829,0.0,0.0
2151912,5.538,3.936,7.017,-0.038,-0.002,-0.001,1832,0.0,0.0
2151921,5.531,3.874,6.948,-0.046,-0.002,0.002,1829,0.0,0.0
2151929,5.528,3.821,6.902,-0.05,-0.003,0.001,1828,0.0,0.0
2151937,5.559,3.812,6.871,-0.048,-0.001,-0.001,1831,0.0,0.0
2151945,5.569,3.807,6.871,-0.044,0.002,-0.005,1830,0.0,0.0
2151953,5.569,3.836,6.881,-0.035,0.005,-0.006,1832,0.0,0.0
2151961,5.588,3.907,6.883,-0.025,0.007,-0.005,1829,0.0,0.0
2151969,5.61,3.931,6.917,-0.026,0.007,-0.004,1830,0.0,0.0
2151978,5.574,3.924,6.888,-0.034,0.01,-0.001,1827,0.0,0.0
2151986,5.552,3.874,6.862,-0.04,0.011,-0.0,1828,0.0,0.0
2151994,5.6,3.881,6.869,-0.035,0.01,0.0,1829,0.0,0.0
2152002,5.593,3.903,6.867,-0.038,0.016,-0.003,1831,0.0,0.0
2152010,5.569,3.919,6.95,-0.049,0.015,-0.006,1827,0.0,0.0
2152019,5.502,3.895,7.008,-0.055,0.01,-0.006,1828,0.0,0.0
2152027,5.533,3.891,7.022,-0.049,0.001,-0.005,1830,0.0,0.0
2152035,5.576,3.888,7.008,-0.042,-0.008,-0.006,1829,0.0,0.0
2152043,5.578,3.869,6.972,-0.038,-0.009,-0.007,1828,0.0,0.0
2152051,5.559,3.864,6.917,-0.041,-0.008,-0.008,1830,0.0,0.0
2152059,5.547,3.867,6.895,-0.042,-0.006,-0.01,1828,0.0,0.0
2152067,5.543,3.883,6.845,-0.043,-0.003,-0.011,1828,0.0,0.0
2152075,5.55,3.898,6.855,-0.045,0.001,-0.011,1828,0.0,0.0
2152084,5.533,3.9,6.859,-0.044,0.002,-0.01,1829,0.0,0.0
2152092,5.569,3.907,6.857,-0.043,0.002,-0.008,1829,0.0,0.0
2152100,5.581,3.915,6.886,-0.047,0.006,-0.005,1828,0.0,0.0
2152108,5.593,3.91,6.869,-0.052,0.006,-0.005,1831,0.0,0.0
2152117,5.593,3.895,6.859,-0.056,0.007,-0.009,1830,0.0,0.0
2152125,5.595,3.905,6.835,-0.058,0.01,-0.011,1830,0.0,0.0
2152133,5.617,3.912,6.845,-0.053,0.013,-0.01,1830,0.0,0.0
2152141,5.598,3.924,6.902,-0.051,0.017,-0.009,1829,0.0,0.0
2152149,5.559,3.922,6.955,-0.052,0.015,-0.008,1829,0.0,0.0
2152157,5.55,3.91,6.984,-0.051,0.009,-0.006,1831,0.0,0.0
2152165,5.543,3.874,6.972,-0.053,0.003,-0.004,1830,0.0,0.0
2152174,5.574,3.843,6.929,-0.055,0.0,-0.005,1830,0.0,0.0
2152182,5.564,3.819,6.905,-0.051,0.0,-0.007,1830,0.0,0.0
2152190,5.564,3.814,6.867,-0.05,0.001,-0.009,1829,0.0,0.0
2152198,5.571,3.85,6.857,-0.055,0.005,-0.013,1831,0.0,0.0
2152206,5.6,3.874,6.862,-0.055,0.008,-0.016,1830,0.0,0.0
2152214,5.583,3.924,6.871,-0.046,0.012,-0.019,1832,0.0,0.0
2152222,5.564,3.991,6.926,-0.041,0.012,-0.018,1829,0.0,0.0
2152231,5.571,4.008,6.948,-0.046,0.01,-0.016,1829,0.0,0.0
2152238,5.555,3.965,6.974,-0.051,0.007,-0.015,1830,0.0,0.0
2152247,5.543,3.915,6.991,-0.055,0.002,-0.014,1832,0.0,0.0
2152255,5.521,3.898,6.97,-0.052,-0.005,-0.013,1831,0.0,0.0
2152263,5.562,3.9,6.929,-0.048,-0.01,-0.014,1832,0.0,0.0
2152271,5.552,3.855,6.895,-0.049,-0.009,-0.017,1831,0.0,0.0
2152279,5.581,3.857,6.867,-0.048,-0.008,-0.021,1830,0.0,0.0
2152287,5.626,3.881,6.857,-0.044,-0.006,-0.026,1830,0.0,0.0
2152295,5.605,3.907,6.828,-0.042,0.0,-0.027,1830,0.0,0.0
2152303,5.59,3.955,6.802,-0.047,0.006,-0.024,1831,0.0,0.0
2152311,5.583,3.977,6.809,-0.051,0.009,-0.02,1831,0.0,0.0
2152320,5.593,3.986,6.855,-0.052,0.012,-0.017,1830,0.0,0.0
2152328,5.576,3.974,6.862,-0.05,0.014,-0.009,1832,0.0,0.0
2152336,5.555,3.958,6.912,-0.044,0.011,-0.003,1828,0.0,0.0
2152344,5.552,3.946,6.931,-0.037,0.006,0.002,1830,0.0,0.0
2152352,5.557,3.96,6.941,-0.033,-0.002,0.006,1830,0.0,0.0
2152360,5.557,3.912,6.905,-0.038,-0.01,0.01,1831,0.0,0.0
2152368,5.574,3.867,6.843,-0.041,-0.016,0.009,1829,0.0,0.0
2152376,5.619,3.847,6.816,-0.042,-0.014,0.004,1830,0.0,0.0
2152385,5.657,3.843,6.768,-0.046,-0.005,-0.006,1831,0.0,0.0
2152393,5.655,3.891,6.771,-0.048,0.011,-0.015,1830,0.0,0.0
2152401,5.622,3.96,6.814,-0.047,0.023,-0.018,1830,0.0,0.0
2152409,5.588,4.02,6.843,-0.053,0.03,-0.015,1828,0.0,0.0
2152417,5.55,4.008,6.902,-0.06,0.033,-0.01,1827,0.0,0.0
2152426,5.545,3.965,6.91,-0.059,0.027,-0.006,1829,0.0,0.0
2152434,5.543,3.958,6.948,-0.051,0.021,-0.002,1830,0.0,0.0
2152442,5.552,3.948,6.938,-0.05,0.014,-0.001,1831,0.0,0.0
2152450,5.569,3.898,6.91,-0.052,0.014,-0.002,1833,0.0,0.0
2152458,5.55,3.862,6.922,-0.05,0.014,-0.003,1830,0.0,0.0
2152466,5.535,3.886,6.917,-0.043,0.011,-0.005,1830,0.0,0.0
2152474,5.521,3.929,6.924,-0.04,0.006,-0.005,1831,0.0,0.0
2152482,5.547,3.977,6.931,-0.042,0.001,-0.004,1829,0.0,0.0
2152490,5.571,3.974,6.919,-0.043,-0.003,-0.004,1829,0.0,0.0
2152498,5.6,3.946,6.891,-0.043,-0.007,-0.004,1832,0.0,0.0
2152506,5.641,3.929,6.843,-0.045,-0.006,-0.003,1831,0.0,0.0
2152514,5.641,3.929,6.795,-0.051,0.001,-0.005,1832,0.0,0.0
2152523,5.605,3.917,6.783,-0.056,0.008,-0.009,1830,0.0,0.0
2152531,5.583,3.907,6.823,-0.052,0.009,-0.012,1830,0.0,0.0
2152539,5.581,3.946,6.874,-0.044,0.008,-0.012,1828,0.0,0.0
2152547,5.598,3.986,6.912,-0.044,0.007,-0.012,1828,0.0,0.0
2152555,5.571,3.984,6.893,-0.047,0.007,-0.011,1831,0.0,0.0
2152563,5.531,3.972,6.893,-0.048,0.005,-0.01,1829,0.0,0.0
2152571,5.557,3.974,6.893,-0.05,-0.0,-0.007,1831,0.0,0.0
2152579,5.583,3.974,6.898,-0.051,-0.002,-0.006,1830,0.0,0.0
2152588,5.571,3.948,6.85,-0.052,-0.002,-0.005,1832,0.0,0.0
2152596,5.595,3.936,6.819,-0.054,0.0,-0.003,1830,0.0,0.0
2152604,5.619,3.946,6.821,-0.055,0.004,-0.006,1832,0.0,0.0
2152612,5.624,3.907,6.847,-0.056,0.008,-0.008,1831,0.0,0.0
2152620,5.605,3.934,6.828,-0.054,0.009,-0.007,1830,0.0,0.0
2152628,5.612,3.95,6.807,-0.052,0.01,-0.007,1830,0.0,0.0
2152637,5.6,3.943,6.802,-0.055,0.011,-0.008,1829,0.0,0.0
2152645,5.595,3.96,6.828,-0.055,0.009,-0.007,1833,0.0,0.0
2152653,5.624,3.982,6.859,-0.052,0.006,-0.008,1832,0.0,0.0
2152661,5.626,3.979,6.802,-0.056,0.008,-0.012,1828,0.0,0.0
2152669,5.598,3.96,6.802,-0.061,0.013,-0.015,1833,0.0,0.0
2152677,5.588,3.943,6.826,-0.06,0.016,-0.017,1833,0.0,0.0
2152686,5.576,3.967,6.871,-0.057,0.016,-0.015,1832,0.0,0.0
2152694,5.567,3.994,6.893,-0.058,0.016,-0.013,1832,0.0,0.0
2152702,5.567,4.015,6.9,-0.062,0.014,-0.011,1830,0.0,0.0
2152710,5.547,3.994,6.867,-0.065,0.01,-0.007,1830,0.0,0.0
2152718,5.55,3.958,6.874,-0.066,0.006,-0.008,1831,0.0,0.0
2152726,5.574,3.907,6.891,-0.06,0.004,-0.009,1830,0.0,0.0
2152734,5.583,3.9,6.883,-0.054,0.003,-0.009,1831,0.0,0.0
2152742,5.583,3.926,6.871,-0.046,0.0,-0.006,1833,0.0,0.0
2152750,5.595,3.946,6.843,-0.042,0.001,-0.006,1831,0.0,0.0
2152759,5.59,3.953,6.828,-0.046,0.003,-0.005,1831,0.0,0.0
2152767,5.629,3.934,6.778,-0.052,0.006,-0.003,1830,0.0,0.0
2152775,5.677,3.967,6.749,-0.056,0.011,-0.006,1830,0.0,0.0
2152783,5.705,3.984,6.766,-0.056,0.02,-0.009,1830,0.0,0.0
2152791,5.636,3.991,6.838,-0.061,0.023,-0.01,1834,0.0,0.0
2152799,5.588,4.022,6.874,-0.063,0.021,-0.01,1829,0.0,0.0
2152807,5.576,4.025,6.905,-0.066,0.015,-0.007,1832,0.0,0.0
2152815,5.571,3.991,6.917,-0.069,0.009,-0.005,1832,0.0,0.0
2152824,5.578,3.943,6.876,-0.066,0.007,-0.001,1831,0.0,0.0
2152832,5.6,3.922,6.879,-0.056,0.007,-0.002,1831,0.0,0.0
2152840,5.6,3.907,6.855,-0.052,0.009,-0.004,1830,0.0,0.0
2152848,5.576,3.907,6.843,-0.05,0.009,-0.006,1831,0.0,0.0
2152856,5.576,3.926,6.847,-0.05,0.007,-0.007,1830,0.0,0.0
2152864,5.6,3.996,6.84,-0.05,0.008,-0.006,1828,0.0,0.0
2152872,5.612,4.022,6.819,-0.052,0.013,-0.003,1830,0.0,0.0
2152880,5.607,4.017,6.797,-0.056,0.017,-0.001,1831,0.0,0.0
2152889,5.602,4.02,6.795,-0.062,0.021,0.002,1829,0.0,0.0
2152897,5.6,4.015,6.788,-0.063,0.024,0.003,1830,0.0,0.0
2152905,5.6,4.017,6.802,-0.066,0.029,0.005,1831,0.0,0.0
2152913,5.595,3.994,6.847,-0.068,0.03,0.007,1830,0.0,0.0
2152921,5.571,3.955,6.862,-0.072,0.027,0.008,1828,0.0,0.0
2152929,5.586,3.946,6.869,-0.075,0.022,0.008,1831,0.0,0.0
2152937,5.576,3.941,6.862,-0.073,0.018,0.009,1832,0.0,0.0
2152945,5.65,3.924,6.821,-0.068,0.015,0.01,1830,0.0,0.0
2152954,5.672,3.915,6.821,-0.065,0.017,0.005,1830,0.0,0.0
2152962,5.648,3.905,6.84,-0.064,0.019,-0.001,1831,0.0,0.0
