2104867,5.485,3.979,6.953,-0.072,0.025,0.007,1826,0.0,0.0
2104875,5.507,3.903,6.914,-0.077,0.021,0.005,1824,0.0,0.0
2104883,5.533,3.879,6.924,-0.078,0.02,-0.002,1824,0.0,0.0
2104891,5.516,3.912,6.888,-0.075,0.021,-0.012,1827,0.0,0.0
2104899,5.492,3.931,6.926,-0.068,0.021,-0.017,1828,0.0,0.0
2104908,5.43,3.97,6.981,-0.065,0.015,-0.018,1824,0.0,0.0
2104916,5.444,4.02,6.993,-0.065,0.003,-0.016,1826,0.0,0.0
2104924,5.509,4.027,6.955,-0.065,-0.004,-0.015,1826,0.0,0.0
2104932,5.514,3.972,6.914,-0.065,-0.007,-0.014,1825,0.0,0.0
2104940,5.502,3.948,6.919,-0.062,-0.008,-0.014,1826,0.0,0.0
2104949,5.461,3.938,6.924,-0.063,-0.007,-0.014,1827,0.0,0.0
2104957,5.461,3.929,6.859,-0.064,-0.004,-0.013,1826,0.0,0.0
2104965,5.483,3.943,6.852,-0.064,0.0,-0.013,1827,0.0,0.0
2104973,5.483,3.972,6.835,-0.059,0.003,-0.012,1826,0.0,0.0
2104981,5.492,4.01,6.867,-0.058,0.006,-0.009,1825,0.0,0.0
2104989,5.519,4.046,6.91,-0.061,0.009,-0.005,1825,0.0,0.0
2104998,5.528,4.044,6.902,-0.063,0.012,-0.002,1826,0.0,0.0
2105006,5.547,4.027,6.898,-0.064,0.014,-0.001,1826,0.0,0.0
2105014,5.576,3.998,6.919,-0.066,0.019,-0.001,1825,0.0,0.0
2105022,5.567,3.958,6.912,-0.064,0.025,-0.005,1827,0.0,0.0
2105031,5.523,3.955,6.914,-0.062,0.031,-0.008,1826,0.0,0.0
2105039,5.511,3.967,6.898,-0.064,0.034,-0.012,1826,0.0,0.0
2105047,5.502,3.977,6.907,-0.068,0.034,-0.014,1825,0.0,0.0
2105055,5.447,3.977,6.929,-0.07,0.033,-0.012,1825,0.0,0.0
2105063,5.454,3.97,6.948,-0.069,0.028,-0.008,1826,0.0,0.0
2105072,5.449,3.965,6.898,-0.071,0.023,-0.005,1825,0.0,0.0
2105080,5.478,3.97,6.84,-0.074,0.023,-0.003,1824,0.0,0.0
2105088,5.488,3.974,6.859,-0.077,0.023,-0.005,1825,0.0,0.0
2105096,5.502,3.977,6.891,-0.074,0.023,-0.005,1825,0.0,0.0
2105104,5.523,3.972,6.912,-0.071,0.023,-0.006,1824,0.0,0.0
2105112,5.509,3.998,6.953,-0.071,0.021,-0.005,1826,0.0,0.0
2105120,5.485,3.967,6.972,-0.071,0.017,-0.005,1827,0.0,0.0
2105128,5.483,3.946,6.967,-0.067,0.011,-0.004,1826,0.0,0.0
2105136,5.488,3.931,6.91,-0.061,0.009,-0.004,1826,0.0,0.0
2105144,5.466,3.929,6.886,-0.06,0.01,-0.003,1825,0.0,0.0
2105152,5.464,3.953,6.917,-0.059,0.01,-0.001,1824,0.0,0.0
2105161,5.471,3.936,6.902,-0.062,0.011,0.001,1827,0.0,0.0
2105169,5.526,3.943,6.886,-0.061,0.014,-0.001,1826,0.0,0.0
2105177,5.562,3.965,6.893,-0.059,0.019,-0.003,1828,0.0,0.0
2105185,5.545,3.994,6.914,-0.058,0.025,-0.004,1826,0.0,0.0
2105193,5.497,4.046,6.96,-0.06,0.027,-0.002,1826,0.0,0.0
2105201,5.471,4.044,6.972,-0.067,0.027,-0.001,1827,0.0,0.0
2105209,5.466,4.017,6.97,-0.069,0.026,0.001,1829,0.0,0.0
2105217,5.456,3.984,6.936,-0.066,0.026,0.001,1826,0.0,0.0
2105225,5.444,3.982,6.924,-0.063,0.026,0.001,1828,0.0,0.0
2105234,5.454,3.965,6.917,-0.068,0.026,0.001,1825,0.0,0.0
2105242,5.442,3.941,6.91,-0.074,0.026,0.003,1826,0.0,0.0
2105250,5.456,3.924,6.888,-0.074,0.024,0.002,1827,0.0,0.0
2105258,5.468,3.922,6.888,-0.073,0.021,-0.001,1825,0.0,0.0
2105266,5.507,3.941,6.898,-0.076,0.019,-0.002,1825,0.0,0.0
2105274,5.552,3.946,6.895,-0.079,0.021,-0.006,1825,0.0,0.0
2105282,5.552,3.946,6.907,-0.074,0.023,-0.007,1825,0.0,0.0
2105291,5.516,3.986,6.934,-0.069,0.024,-0.007,1828,0.0,0.0
2105299,5.502,4.005,6.934,-0.072,0.021,-0.005,1825,0.0,0.0
2105307,5.492,3.986,6.946,-0.074,0.02,-0.002,1823,0.0,0.0
2105315,5.471,3.967,6.965,-0.071,0.021,-0.0,1825,0.0,0.0
2105323,5.454,3.938,6.938,-0.064,0.018,0.001,1826,0.0,0.0
2105331,5.456,3.924,6.922,-0.06,0.018,0.003,1826,0.0,0.0
2105339,5.452,3.946,6.919,-0.059,0.021,0.006,1824,0.0,0.0
2105347,5.413,3.946,6.9,-0.058,0.023,0.009,1825,0.0,0.0
2105355,5.452,3.955,6.902,-0.055,0.024,0.012,1824,0.0,0.0
2105364,5.492,3.953,6.905,-0.055,0.027,0.015,1827,0.0,0.0
2105372,5.485,3.967,6.948,-0.056,0.03,0.018,1826,0.0,0.0
2105380,5.485,3.974,6.929,-0.059,0.029,0.018,1825,0.0,0.0
2105388,5.519,3.982,6.931,-0.063,0.027,0.017,1825,0.0,0.0
2105396,5.533,3.994,6.967,-0.067,0.026,0.013,1825,0.0,0.0
2105404,5.514,3.97,6.953,-0.068,0.027,0.009,1824,0.0,0.0
2105412,5.473,3.943,6.934,-0.068,0.026,0.002,1824,0.0,0.0
2105420,5.468,3.936,6.941,-0.069,0.026,-0.004,1824,0.0,0.0
2105428,5.459,3.974,6.938,-0.069,0.026,-0.008,1824,0.0,0.0
2105437,5.44,3.982,6.934,-0.069,0.025,-0.011,1824,0.0,0.0
2105445,5.447,3.967,6.948,-0.072,0.023,-0.012,1825,0.0,0.0
2105453,5.461,3.965,6.977,-0.075,0.021,-0.01,1824,0.0,0.0
2105461,5.452,3.948,6.965,-0.078,0.017,-0.007,1825,0.0,0.0
2105469,5.456,3.941,6.938,-0.079,0.015,-0.007,1826,0.0,0.0
2105477,5.471,3.91,6.953,-0.078,0.013,-0.007,1825,0.0,0.0
2105485,5.509,3.888,6.924,-0.076,0.01,-0.009,1824,0.0,0.0
2105493,5.535,3.919,6.876,-0.075,0.01,-0.011,1824,0.0,0.0
2105502,5.555,3.929,6.888,-0.076,0.014,-0.014,1825,0.0,0.0
2105510,5.526,3.934,6.922,-0.069,0.018,-0.014,1826,0.0,0.0
2105518,5.502,3.977,6.958,-0.058,0.02,-0.011,1823,0.0,0.0
2105526,5.471,4.025,6.953,-0.058,0.019,-0.005,1824,0.0,0.0
2105534,5.471,3.994,6.958,-0.06,0.018,0.001,1825,0.0,0.0
2105542,5.464,3.972,6.981,-0.061,0.017,0.006,1826,0.0,0.0
2105551,5.442,3.929,6.941,-0.056,0.019,0.01,1824,0.0,0.0
2105559,5.437,3.924,6.943,-0.053,0.022,0.013,1825,0.0,0.0
2105567,5.449,3.936,6.922,-0.055,0.026,0.016,1823,0.0,0.0
2105575,5.444,3.948,6.934,-0.057,0.029,0.016,1825,0.0,0.0
2105583,5.464,3.965,6.967,-0.058,0.031,0.013,1825,0.0,0.0
2105592,5.468,3.96,6.972,-0.059,0.031,0.009,1826,0.0,0.0
2105600,5.452,3.974,7.013,-0.063,0.031,0.007,1825,0.0,0.0
2105608,5.466,3.962,6.948,-0.07,0.03,0.004,1826,0.0,0.0
2105616,5.485,3.948,6.984,-0.074,0.028,-0.002,1826,0.0,0.0
2105624,5.478,3.919,6.967,-0.073,0.026,-0.007,1825,0.0,0.0
2105632,5.492,3.907,6.941,-0.074,0.024,-0.011,1824,0.0,0.0
2105641,5.483,3.926,6.91,-0.076,0.022,-0.016,1823,0.0,0.0
2105649,5.485,3.929,6.914,-0.076,0.019,-0.02,1826,0.0,0.0
2105657,5.49,3.943,6.958,-0.073,0.018,-0.02,1827,0.0,0.0
2105665,5.442,3.955,6.955,-0.073,0.015,-0.019,1824,0.0,0.0
2105673,5.428,3.941,6.934,-0.076,0.011,-0.017,1823,0.0,0.0
2105681,5.428,3.919,6.907,-0.078,0.009,-0.011,1824,0.0,0.0
2105689,5.449,3.926,6.91,-0.076,0.01,-0.008,1823,0.0,0.0
2105697,5.444,3.9,6.905,-0.071,0.013,-0.004,1826,0.0,0.0
2105705,5.459,3.91,6.936,-0.067,0.013,-0.0,1826,0.0,0.0
2105714,5.476,3.915,6.972,-0.066,0.014,0.001,1825,0.0,0.0
2105722,5.488,3.903,6.979,-0.061,0.015,0.001,1825,0.0,0.0
2105730,5.48,3.917,7.027,-0.054,0.014,0.002,1823,0.0,0.0
2105738,5.461,3.903,6.991,-0.05,0.014,0.005,1824,0.0,0.0
2105746,5.476,3.946,6.948,-0.051,0.016,0.006,1824,0.0,0.0
2105754,5.48,3.943,6.948,-0.052,0.021,0.008,1826,0.0,0.0
2105762,5.444,3.962,6.96,-0.047,0.023,0.009,1824,0.0,0.0
2105771,5.42,3.984,6.972,-0.044,0.024,0.012,1825,0.0,0.0
2105779,5.444,4.003,6.953,-0.051,0.026,0.016,1825,0.0,0.0
2105787,5.454,3.97,6.984,-0.059,0.029,0.016,1825,0.0,0.0
2105795,5.468,3.946,7.032,-0.063,0.028,0.011,1825,0.0,0.0
2105803,5.471,3.946,7.046,-0.063,0.026,0.006,1824,0.0,0.0
2105812,5.447,3.905,7.01,-0.068,0.024,0.002,1826,0.0,0.0
2105820,5.42,3.879,6.979,-0.073,0.022,-0.004,1827,0.0,0.0
2105828,5.44,3.879,6.948,-0.071,0.019,-0.011,1824,0.0,0.0
2105836,5.456,3.898,6.936,-0.07,0.017,-0.019,1826,0.0,0.0
2105844,5.466,3.912,6.934,-0.072,0.015,-0.025,1825,0.0,0.0
2105852,5.485,3.943,6.948,-0.073,0.011,-0.029,1824,0.0,0.0
2105860,5.509,3.946,6.97,-0.077,0.009,-0.03,1825,0.0,0.0
2105868,5.476,3.955,6.977,-0.079,0.008,-0.029,1824,0.0,0.0
2105876,5.471,3.924,6.958,-0.078,0.006,-0.026,1827,0.0,0.0
2105885,5.466,3.917,6.914,-0.076,0.006,-0.022,1826,0.0,0.0
2105893,5.464,3.91,6.895,-0.076,0.009,-0.02,1825,0.0,0.0
2105901,5.471,3.917,6.891,-0.071,0.013,-0.015,1825,0.0,0.0
2105909,5.459,3.924,6.907,-0.065,0.015,-0.008,1826,0.0,0.0
2105917,5.442,3.936,6.917,-0.065,0.019,-0.002,1826,0.0,0.0
2105925,5.442,3.943,6.998,-0.063,0.021,0.003,1824,0.0,0.0
2105933,5.411,3.922,7.025,-0.058,0.017,0.007,1826,0.0,0.0
2105942,5.401,3.91,7.013,-0.055,0.012,0.01,1825,0.0,0.0
2105950,5.452,3.903,7.001,-0.054,0.007,0.015,1826,0.0,0.0
2105958,5.492,3.891,6.977,-0.056,0.01,0.013,1826,0.0,0.0
2105966,5.514,3.888,6.931,-0.053,0.017,0.009,1825,0.0,0.0
2105975,5.514,3.917,6.97,-0.049,0.022,0.004,1826,0.0,0.0
2105983,5.461,3.95,6.941,-0.051,0.025,0.003,1824,0.0,0.0
2105991,5.44,4.008,6.979,-0.056,0.025,0.002,1825,0.0,0.0
2105999,5.437,4.032,7.022,-0.063,0.019,-0.001,1825,0.0,0.0
2106007,5.423,4.008,7.015,-0.065,0.014,0.0,1825,0.0,0.0
2106015,5.459,3.972,7.003,-0.068,0.011,0.001,1825,0.0,0.0
2106023,5.483,3.946,6.986,-0.075,0.011,-0.001,1828,0.0,0.0
2106032,5.468,3.891,6.958,-0.08,0.012,-0.007,1824,0.0,0.0
2106040,5.48,3.876,6.95,-0.08,0.012,-0.015,1825,0.0,0.0
2106048,5.454,3.855,6.96,-0.078,0.013,-0.021,1824,0.0,0.0
2106056,5.447,3.879,6.958,-0.077,0.011,-0.028,1824,0.0,0.0
2106064,5.43,3.903,7.034,-0.075,0.004,-0.032,1824,0.0,0.0
2106072,5.459,3.926,7.053,-0.071,-0.006,-0.034,1825,0.0,0.0
2106080,5.456,3.931,7.003,-0.068,-0.011,-0.034,1825,0.0,0.0
2106088,5.464,3.936,6.981,-0.066,-0.014,-0.032,1825,0.0,0.0
2106097,5.468,3.931,6.9,-0.068,-0.01,-0.029,1826,0.0,0.0
2106105,5.461,3.919,6.855,-0.07,-0.004,-0.023,1824,0.0,0.0
2106113,5.456,3.941,6.852,-0.07,0.004,-0.017,1825,0.0,0.0
2106121,5.442,3.943,6.862,-0.068,0.011,-0.01,1824,0.0,0.0
2106129,5.468,3.958,6.907,-0.068,0.015,-0.004,1824,0.0,0.0
2106137,5.488,3.977,6.981,-0.065,0.015,0.001,1824,0.0,0.0
2106145,5.495,3.953,7.034,-0.062,0.014,0.006,1826,0.0,0.0
2106153,5.499,3.922,7.032,-0.058,0.01,0.011,1823,0.0,0.0
2106161,5.497,3.879,7.008,-0.057,0.007,0.009,1823,0.0,0.0
2106169,5.48,3.855,6.962,-0.055,0.007,0.008,1826,0.0,0.0
2106177,5.459,3.847,6.936,-0.052,0.01,0.005,1825,0.0,0.0
2106185,5.483,3.876,6.898,-0.051,0.017,0.001,1825,0.0,0.0
2106193,5.48,3.912,6.902,-0.051,0.025,-0.003,1825,0.0,0.0
2106200,5.437,3.965,6.96,-0.05,0.029,-0.003,1822106247,5.449,3.876
2106255,5.444,3.871,6.95,-0.077,0.006,-0.019,1827,0.0,0.0
2106263,5.478,3.864,6.96,-0.076,0.006,-0.026,1826,0.0,0.0
2106271,5.495,3.857,6.931,-0.069,0.005,-0.031,1826,0.0,0.0
2106279,5.509,3.91,6.936,-0.062,0.006,-0.033,1825,0.0,0.0
2106287,5.488,3.948,6.936,-0.063,0.007,-0.031,1826,0.0,0.0
2107176,5.588,3.989,6.888,-0.067,0.024,0.014,1826,0.0,0.0
2107184,5.557,3.965,6.929,-0.063,0.02,0.016,1826,0.0,0.0
2107192,5.543,3.941,6.941,-0.06,0.016,0.019,1825,0.0,0.0
2107200,5.552,3.97,6.902,-0.059,0.017,0.021,1826,0.0,0.0
2107207,5.526,3.95,6.914,-0.052,0.019,0.021,1825,0.0,0.0
2108183,5.511,3.998,6.874,-0.085,0.025,-0.007,1828,0.0,0.0
2110204,5.492,4.032,6.905,-0.063,0.006,-0.008,1826,0.0,0.0
2111211,5.502,4.025,6.871,-0.052,0.007,-0.006,1826,0.0,0.0
2113232,5.535,4.077,6.838,-0.062,0.011,-0.01,1826,0.0,0.0
2114239,5.636,4.207,6.685,-0.029,-0.012,-0.022,1827,0.0,0.0
2116260,5.516,4.068,6.768,-0.035,-0.028,-0.029,1825,0.0,0.0
2117267,5.526,4.013,6.761,-0.069,0.011,0.01,1829,0.0,0.0
2119288,5.619,4.132,6.771,-0.066,0.008,-0.006,1830,0.0,0.0
2119955,5.552,4.065,6.802,-0.097,0.039,0.0,1823,0.0,0.0
2119964,5.531,4.058,6.847,-0.092,0.038,-0.001,1823,0.0,0.0
2119972,5.519,4.039,6.864,-0.084,0.036,-0.003,1824,0.0,0.0
2119980,5.507,4.039,6.893,-0.079,0.033,-0.002,1827,0.0,0.0
2119988,5.526,4.053,6.876,-0.076,0.028,-0.003,1824,0.0,0.0
2119996,5.519,4.082,6.871,-0.076,0.025,-0.006,1824,0.0,0.0
2120004,5.519,4.073,6.862,-0.079,0.026,-0.011,1825,0.0,0.0
2120012,5.528,4.053,6.84,-0.084,0.024,-0.013,1823,0.0,0.0
2120020,5.519,4.065,6.814,-0.085,0.023,-0.013,1824,0.0,0.0
2120028,5.49,4.087,6.828,-0.083,0.023,-0.011,1826,0.0,0.0
2120036,5.488,4.106,6.85,-0.082,0.022,-0.006,1823,0.0,0.0
2120044,5.483,4.092,6.833,-0.079,0.02,-0.003,1825,0.0,0.0
2120053,5.488,4.051,6.838,-0.076,0.017,-0.0,1824,0.0,0.0
2120061,5.514,4.027,6.819,-0.075,0.014,0.002,1822,0.0,0.0
2120069,5.576,4.01,6.814,-0.072,0.01,0.002,1824,0.0,0.0
2120077,5.61,4.001,6.783,-0.073,0.012,-0.002,1825,0.0,0.0
2120085,5.624,4.025,6.785,-0.075,0.019,-0.008,1824,0.0,0.0
2120093,5.574,4.039,6.823,-0.075,0.025,-0.012,1824,0.0,0.0
2120101,5.54,4.085,6.838,-0.073,0.028,-0.013,1824,0.0,0.0
2120109,5.519,4.111,6.797,-0.076,0.032,-0.011,1824,0.0,0.0
2120117,5.507,4.096,6.823,-0.082,0.034,-0.007,1824,0.0,0.0
2120125,5.473,4.087,6.816,-0.082,0.036,-0.003,1825,0.0,0.0
2120134,5.473,4.07,6.852,-0.08,0.033,0.002,1825,0.0,0.0
2120142,5.49,4.046,6.888,-0.077,0.029,0.005,1825,0.0,0.0
2120150,5.478,4.029,6.931,-0.073,0.025,0.006,1827,0.0,0.0
2120158,5.464,4.058,6.948,-0.071,0.021,0.007,1824,0.0,0.0
2120166,5.483,3.996,6.96,-0.069,0.014,0.007,1825,0.0,0.0
2120174,5.504,3.974,6.958,-0.062,0.009,0.007,1824,0.0,0.0
2120182,5.523,4.022,6.881,-0.059,0.007,0.006,1825,0.0,0.0
2120190,5.533,4.039,6.84,-0.063,0.011,0.004,1824,0.0,0.0
2120198,5.528,4.01,6.823,-0.068,0.014,0.001,1826,0.0,0.0
2120207,5.552,4.025,6.833,-0.066,0.017,-0.001,1826,0.0,0.0
2120215,5.574,4.044,6.823,-0.066,0.02,-0.002,1825,0.0,0.0
2120223,5.533,4.044,6.831,-0.067,0.02,-0.003,1825,0.0,0.0
2120231,5.533,4.029,6.85,-0.067,0.017,-0.004,1825,0.0,0.0
2120239,5.523,4.022,6.859,-0.064,0.013,-0.003,1825,0.0,0.0
2120247,5.516,4.039,6.855,-0.058,0.013,-0.001,1825,0.0,0.0
2120255,5.521,4.061,6.874,-0.051,0.009,-0.0,1825,0.0,0.0
2120264,5.514,4.063,6.902,-0.053,0.008,-0.0,1827,0.0,0.0
2120272,5.521,4.027,6.891,-0.063,0.007,-0.001,1825,0.0,0.0
2120280,5.516,4.022,6.831,-0.066,0.009,-0.003,1825,0.0,0.0
2120288,5.514,3.998,6.8,-0.064,0.012,-0.004,1826,0.0,0.0
2120296,5.504,4.015,6.812,-0.063,0.014,-0.004,1824,0.0,0.0
2120304,5.516,4.037,6.788,-0.065,0.017,-0.004,1826,0.0,0.0
2120312,5.538,4.056,6.783,-0.067,0.022,-0.005,1824,0.0,0.0
2120320,5.533,4.044,6.85,-0.064,0.025,-0.007,1825,0.0,0.0
2120329,5.504,4.049,6.905,-0.059,0.021,-0.004,1825,0.0,0.0
2120337,5.519,4.08,6.955,-0.059,0.015,-0.001,1825,0.0,0.0
2120345,5.538,4.063,6.912,-0.059,0.012,-0.0,1825,0.0,0.0
2120353,5.528,4.044,6.874,-0.062,0.011,0.002,1826,0.0,0.0
2120361,5.528,4.032,6.826,-0.065,0.012,0.002,1825,0.0,0.0
2120369,5.531,3.989,6.838,-0.066,0.015,-0.002,1823,0.0,0.0
2120378,5.521,3.991,6.855,-0.063,0.02,-0.005,1823,0.0,0.0
2120386,5.49,4.039,6.862,-0.06,0.022,-0.006,1825,0.0,0.0
2120394,5.495,4.051,6.883,-0.062,0.018,-0.003,1825,0.0,0.0
2120402,5.507,4.025,6.888,-0.066,0.011,-0.001,1825,0.0,0.0
2120410,5.528,4.029,6.898,-0.064,0.006,-0.002,1824,0.0,0.0
2120418,5.555,4.025,6.867,-0.06,0.003,-0.005,1827,0.0,0.0
2120426,5.533,4.034,6.902,-0.053,0.001,-0.006,1826,0.0,0.0
2120435,5.507,4.061,6.802,-0.059,0.002,-0.008,1823,0.0,0.0
2120443,5.54,4.058,6.79,-0.066,0.004,-0.009,1823,0.0,0.0
2120451,5.535,4.037,6.852,-0.066,0.007,-0.01,1823,0.0,0.0
2120459,5.509,4.056,6.833,-0.06,0.011,-0.009,1823,0.0,0.0
2120467,5.502,4.065,6.838,-0.062,0.013,-0.006,1823,0.0,0.0
2120475,5.509,4.065,6.864,-0.064,0.013,-0.004,1822,0.0,0.0
2120483,5.535,4.025,6.922,-0.059,0.01,-0.001,1822,0.0,0.0
2120491,5.495,3.986,6.905,-0.051,0.006,0.004,1825,0.0,0.0
2120499,5.497,3.994,6.871,-0.048,0.004,0.009,1824,0.0,0.0
2120507,5.514,4.017,6.883,-0.047,-0.001,0.006,1823,0.0,0.0
2120516,5.533,3.998,6.874,-0.047,-0.002,0.006,1825,0.0,0.0
2120524,5.547,4.01,6.847,-0.046,-0.002,0.003,1824,0.0,0.0
2120532,5.547,4.046,6.867,-0.038,-0.004,0.001,1820,0.0,0.0
2120540,5.531,4.049,6.821,-0.041,-0.004,0.0,1822,0.0,0.0
2120549,5.538,4.044,6.843,-0.052,-0.005,0.001,1822,0.0,0.0
2120557,5.543,4.034,6.886,-0.053,-0.007,-0.004,1822,0.0,0.0
2120565,5.516,4.032,6.886,-0.048,-0.011,-0.004,1824,0.0,0.0
2120573,5.516,4.056,6.917,-0.04,-0.018,-0.002,1820,0.0,0.0
2120581,5.49,4.058,6.893,-0.041,-0.024,-0.002,1825,0.0,0.0
2120589,5.485,4.053,6.898,-0.037,-0.033,-0.0,1822,0.0,0.0
2120597,5.48,4.022,6.924,-0.03,-0.041,0.005,1820,0.0,0.0
2120605,5.502,4.049,6.941,-0.02,-0.05,0.009,1821,0.0,0.0
2120614,5.511,4.037,6.828,-0.025,-0.052,0.011,1821,0.0,0.0
2120622,5.535,4.005,6.821,-0.034,-0.055,0.011,1820,0.0,0.0
2120630,5.567,4.015,6.847,-0.029,-0.06,0.009,1820,0.0,0.0
2120638,5.528,4.032,6.936,-0.014,-0.072,0.011,1820,0.0,0.0
2120646,5.535,4.075,6.934,-0.003,-0.088,0.017,1820,0.0,0.0
2120654,5.514,4.01,6.838,-0.013,-0.093,0.023,1821,0.0,0.0
2120662,5.567,4.008,6.85,-0.022,-0.104,0.021,1821,0.0,0.0
2120670,5.708,4.061,7.08,-0.044,-0.126,0.019,1822,0.0,0.0
2120679,5.653,4.02,6.677,-0.045,-0.122,0.017,1823,0.0,0.0
2120687,5.626,4.058,6.582,-0.042,-0.104,0.01,1821,0.0,0.0
2120695,5.631,4.192,6.723,-0.01,-0.092,0.009,1823,0.0,0.0
2120703,5.617,4.231,6.795,0.003,-0.092,0.014,1823,0.0,0.0
2120711,5.6,4.185,6.883,-0.03,-0.097,0.032,1822,0.0,0.0
2120719,5.686,4.123,6.833,-0.055,-0.106,0.043,1822,0.0,0.0
2120728,5.693,4.156,6.831,-0.037,-0.121,0.044,1822,0.0,0.0
2120736,5.619,4.216,6.835,-0.003,-0.135,0.053,1822,0.0,0.0
2120744,5.614,4.142,6.783,-0.007,-0.148,0.074,1823,0.0,0.0
2120752,5.708,4.089,6.833,-0.042,-0.159,0.086,1824,0.0,0.0
2120760,5.792,4.089,6.833,-0.068,-0.161,0.083,1823,0.0,0.0
2120768,5.748,4.049,6.653,-0.071,-0.16,0.074,1821,0.0,0.0
2120776,5.689,3.953,6.5,-0.074,-0.132,0.071,1821,0.0,0.0
2120785,5.792,3.979,6.68,-0.054,-0.133,0.061,1821,0.0,0.0
2120793,5.856,3.989,6.797,-0.063,-0.132,0.052,1822,0.0,0.0
2120801,5.971,4.005,6.847,-0.095,-0.135,0.052,1821,0.0,0.0
2120809,5.93,4.051,6.603,-0.126,-0.117,0.055,1819,0.0,0.0
2120817,5.777,4.24,6.395,-0.152,-0.086,0.067,1820,0.0,0.0
2120825,5.555,4.46,6.055,-0.217,-0.047,0.07,1819,0.0,0.0
2120833,5.698,4.274,6.17,-0.301,-0.016,0.06,1821,331.0,200.0
2120841,6.05,3.84,6.472,-0.312,0.015,0.031,1820,2072.0,200.0
2120850,5.94,3.931,6.412,-0.315,0.064,0.014,1819,3270.0,200.0
2120858,5.82,3.79,6.522,-0.323,0.083,0.004,1820,3656.0,200.0
2120866,5.725,3.771,6.721,-0.29,0.097,-0.002,1819,3827.0,200.0
2120874,5.746,3.74,6.625,-0.299,0.074,-0.016,1821,3939.0,200.0
2120882,6.065,3.962,6.929,-0.248,0.103,-0.011,1819,4027.0,200.0
2120890,6.06,3.79,6.979,-0.256,0.088,-0.026,1821,4062.0,200.0
2120898,5.66,3.67,6.852,-0.25,0.098,-0.053,1820,4093.0,200.0
2120906,5.411,3.701,6.692,-0.24,0.092,-0.07,1821,4095.0,200.0
2120914,5.246,3.788,6.594,-0.23,0.091,-0.067,1819,4095.0,200.0
2120923,5.21,3.809,6.512,-0.241,0.086,-0.052,1820,4095.0,200.0
2120931,5.298,3.812,6.436,-0.25,0.088,-0.037,1822,4095.0,200.0
2120939,5.37,3.721,6.493,-0.26,0.097,-0.023,1820,4095.0,200.0
2120947,5.236,3.594,6.572,-0.264,0.115,-0.04,1821,4095.0,200.0
2120955,5.222,3.536,6.737,-0.242,0.109,-0.039,1821,4095.0,200.0
2120963,5.219,3.503,6.895,-0.211,0.09,-0.035,1824,4095.0,200.0
2120971,5.243,3.436,7.001,-0.188,0.06,-0.034,1824,4095.0,200.0
2120980,5.303,3.44,7.065,-0.164,0.029,-0.023,1820,4095.0,200.0
2120988,5.437,3.481,6.991,-0.143,0.008,-0.018,1821,4095.0,200.0
2120996,5.578,3.512,6.888,-0.127,0.0,-0.014,1824,4095.0,200.0
2121004,5.291,3.431,6.673,-0.121,0.013,-0.037,1821,4095.0,200.0
2121012,5.313,3.522,6.622,-0.099,0.023,-0.033,1821,4095.0,200.0
2121020,5.365,3.615,6.656,-0.078,0.028,-0.024,1823,4095.0,200.0
2121028,5.444,3.735,6.756,-0.063,0.028,-0.012,1823,4095.0,200.0
2121037,5.543,3.831,6.831,-0.06,0.021,0.002,1821,4095.0,200.0
2121045,5.6,3.898,6.914,-0.062,0.008,0.018,1821,4095.0,200.0
2121053,5.698,3.898,6.931,-0.072,-0.006,0.029,1822,4095.0,200.0
2121061,5.308,3.644,6.914,-0.071,-0.015,0.015,1822,4095.0,200.0
2121069,5.425,3.563,6.914,-0.066,-0.027,0.018,1819,4095.0,200.0
2121077,5.555,3.486,6.855,-0.063,-0.031,0.014,1822,4095.0,200.0
2121086,5.655,3.505,6.843,-0.06,-0.031,0.009,1822,4095.0,200.0
2121094,5.758,3.531,6.804,-0.052,-0.027,0.001,1823,4095.0,200.0
2121102,5.854,3.627,6.766,-0.047,-0.017,-0.006,1821,4095.0,200.0
2121110,5.385,3.606,6.713,-0.05,0.003,-0.025,1820,4095.0,200.0
2121118,5.404,3.651,6.725,-0.057,0.009,-0.017,1822,4095.0,200.0
2121126,5.49,3.733,6.804,-0.066,0.009,-0.01,1824,4095.0,200.0
2121134,5.523,3.745,6.826,-0.073,0.005,-0.002,1821,4095.0,200.0
2121143,5.552,3.778,6.838,-0.066,0.001,0.011,1820,4095.0,200.0
2121151,5.634,3.764,6.862,-0.062,-0.006,0.018,1821,4095.0,200.0
2121159,5.753,3.735,6.857,-0.069,-0.009,0.023,1822,4095.0,200.0
2121167,5.837,3.642,6.835,-0.075,-0.006,0.02,1820,4095.0,200.0
2121175,5.363,3.443,6.732,-0.066,0.008,-0.007,1822,4095.0,200.0
2121183,5.418,3.455,6.79,-0.047,0.011,-0.01,1821,4095.0,200.0
2121191,5.456,3.546,6.783,-0.037,0.014,-0.015,1820,4095.0,200.0
2121200,5.483,3.582,6.804,-0.039,0.016,-0.02,1821,4095.0,200.0
2121208,5.428,3.613,6.859,-0.04,0.014,-0.015,1822,4095.0,200.0
2121216,5.478,3.718,6.941,-0.038,0.001,-0.007,1819,4095.0,200.0
2121224,5.112,3.632,6.867,-0.054,-0.003,-0.021,1821,4095.0,200.0
2121232,5.181,3.579,6.857,-0.059,-0.011,-0.014,1822,4095.0,200.0
2121240,5.258,3.541,6.814,-0.055,-0.017,-0.01,1823,4095.0,200.0
2121249,5.325,3.546,6.713,-0.052,-0.013,-0.008,1820,4095.0,200.0
2121257,5.349,3.524,6.649,-0.055,-0.001,-0.007,1822,4095.0,200.0
2121265,5.356,3.539,6.668,-0.051,0.011,-0.007,1820,4095.0,200.0
2121273,5.356,3.539,6.694,-0.048,0.024,-0.005,1821,4095.0,200.0
2121281,5.375,3.56,6.718,-0.047,0.031,0.0,1823,4095.0,200.0
2121289,5.442,3.601,6.759,-0.047,0.033,0.003,1821,4095.0,200.0
2121297,5.133,3.541,6.764,-0.052,0.05,-0.022,1822,4095.0,200.0
2121305,5.095,3.527,6.84,-0.04,0.044,-0.021,1822,4095.0,200.0
2121313,5.059,3.548,7.027,-0.016,0.017,-0.021,1821,4095.0,200.0
2121321,5.061,3.622,6.864,-0.025,0.002,-0.02,1820,4095.0,200.0
2121330,5.064,3.553,6.845,-0.054,-0.007,-0.017,1821,4095.0,200.0
2121338,5.095,3.426,6.852,-0.063,-0.011,-0.018,1820,4095.0,200.0
2121346,5.171,3.361,6.835,-0.048,-0.017,-0.027,1821,4095.0,200.0
2121354,5.224,3.51,6.792,-0.025,-0.015,-0.033,1820,4095.0,200.0
2121362,5.222,3.601,6.718,-0.029,-0.011,-0.032,1819,4095.0,200.0
2121371,5.061,3.62,6.668,-0.058,0.012,-0.05,1821,4095.0,200.0
2121379,5.03,3.575,6.682,-0.066,0.021,-0.047,1818,4095.0,200.0
2121387,5.025,3.579,6.716,-0.059,0.025,-0.043,1820,4095.0,200.0
2121395,5.033,3.613,6.701,-0.062,0.026,-0.039,1820,4095.0,200.0
2121404,5.121,3.745,6.804,-0.085,0.036,-0.039,1821,4095.0,200.0
2121412,5.157,3.685,6.823,-0.09,0.031,-0.033,1820,4095.0,200.0
2121420,5.2,3.632,6.778,-0.079,0.03,-0.03,1821,4095.0,200.0
2121428,5.246,3.606,6.735,-0.07,0.034,-0.033,1819,4095.0,200.0
2121436,5.222,3.591,6.752,-0.066,0.042,-0.036,1820,4095.0,200.0
2121444,5.581,3.812,6.914,-0.075,0.047,-0.029,1820,4095.0,200.0
2121453,5.533,3.843,6.97,-0.074,0.043,-0.03,1819,4095.0,200.0
2121461,5.48,3.852,6.979,-0.075,0.038,-0.027,1820,4095.0,200.0
2121469,5.495,3.795,6.943,-0.079,0.03,-0.027,1819,4095.0,200.0
2121477,5.483,3.733,6.905,-0.075,0.027,-0.029,1819,4095.0,200.0
2121485,5.485,3.728,6.852,-0.07,0.028,-0.034,1821,4095.0,200.0
2121493,5.48,3.761,6.84,-0.064,0.032,-0.037,1820,4095.0,200.0
2121501,5.993,3.996,6.905,-0.07,0.03,-0.013,1820,4095.0,200.0
2121509,6.014,4.022,6.898,-0.088,0.034,-0.01,1818,4095.0,200.0
2121518,5.983,4.001,6.891,-0.1,0.042,-0.008,1820,4095.0,200.0
2121526,5.99,3.936,6.941,-0.099,0.042,-0.007,1822,4095.0,200.0
2121534,5.962,3.931,7.027,-0.094,0.036,-0.006,1820,4095.0,200.0
2121542,5.962,3.917,7.02,-0.088,0.027,-0.007,1819,4095.0,200.0
2121550,5.974,3.891,7.037,-0.084,0.019,-0.009,1819,4095.0,200.0
2121558,6.354,3.936,7.041,-0.069,0.001,0.012,1820,4095.0,200.0
2121567,6.354,3.974,6.991,-0.066,0.003,0.007,1819,4095.0,200.0
2121575,6.347,3.97,6.967,-0.072,0.009,0.004,1819,4095.0,200.0
2121583,6.321,4.005,6.946,-0.075,0.015,0.003,1824,4095.0,200.0
2121591,6.306,4.044,6.943,-0.071,0.019,0.004,1818,4095.0,200.0
2121599,6.292,4.085,6.958,-0.066,0.02,0.009,1822,4095.0,200.0
2121607,6.275,4.08,7.013,-0.068,0.018,0.015,1820,4095.0,200.0
2121615,6.359,4.027,6.998,-0.062,0.0,0.035,1813,4095.0,200.0
2121624,6.373,3.96,6.998,-0.064,-0.001,0.034,1819,4095.0,200.0
2121632,6.39,3.91,6.991,-0.066,-0.002,0.033,1817,4095.0,200.0
2121640,6.395,3.905,6.946,-0.068,0.001,0.028,1820,4095.0,200.0
2121648,6.366,3.905,6.931,-0.074,0.007,0.025,1820,4095.0,200.0
2121657,6.024,3.742,6.881,-0.064,0.005,0.017,1819,4095.0,200.0
2121665,5.962,3.783,6.902,-0.05,0.006,0.012,1822,4095.0,200.0
2121673,5.954,3.862,6.924,-0.036,0.001,0.012,1822,4095.0,200.0
2121681,5.978,3.895,6.895,-0.034,-0.002,0.012,1825,4095.0,200.0
2121689,5.964,3.864,6.898,-0.041,-0.003,0.017,1819,4095.0,200.0
2121697,5.954,3.828,6.879,-0.047,-0.005,0.023,1820,4095.0,200.0
2121705,5.954,3.814,6.874,-0.054,-0.008,0.029,1821,4095.0,200.0
2121713,5.974,3.773,6.857,-0.053,-0.01,0.027,1822,4095.0,200.0
2121722,5.449,3.572,6.8,-0.05,-0.004,0.004,1818,4095.0,200.0
2121730,5.452,3.563,6.778,-0.051,-0.001,0.0,1821,4095.0,200.0
2121738,5.44,3.584,6.756,-0.056,0.004,-0.002,1822,4095.0,200.0
2121746,5.411,3.584,6.792,-0.058,0.008,-0.005,1822,4095.0,200.0
2121754,5.385,3.625,6.788,-0.058,0.01,-0.006,1823,4095.0,200.0
2121762,5.351,3.601,6.833,-0.06,0.01,-0.007,1820,4095.0,200.0
2121770,5.325,3.61,6.864,-0.061,0.005,-0.003,1819,4095.0,200.0
2121779,5.023,3.579,6.833,-0.069,0.015,-0.026,1818,4095.0,200.0
2121787,5.037,3.524,6.809,-0.069,0.013,-0.026,1820,4095.0,200.0
2121795,5.057,3.508,6.79,-0.063,0.012,-0.025,1820,4095.0,200.0
2121803,5.049,3.469,6.73,-0.064,0.016,-0.025,1820,4095.0,200.0
2121811,5.03,3.462,6.756,-0.062,0.018,-0.026,1822,4095.0,200.0
2121819,5.033,3.481,6.766,-0.062,0.018,-0.03,1819,4095.0,200.0
2121827,5.03,3.503,6.814,-0.06,0.018,-0.031,1819,4095.0,200.0
2121836,5.138,3.627,6.864,-0.074,0.03,-0.044,1820,4095.0,200.0
2121844,5.133,3.618,6.845,-0.072,0.026,-0.045,1819,4095.0,200.0
2121852,5.16,3.608,6.84,-0.073,0.025,-0.046,1820,4095.0,200.0
2121860,5.176,3.61,6.816,-0.071,0.026,-0.047,1820,4095.0,200.0
2121868,5.157,3.584,6.795,-0.069,0.03,-0.049,1821,4095.0,200.0
2121876,5.143,3.634,6.802,-0.064,0.033,-0.048,1821,4095.0,200.0
2121884,5.14,3.685,6.797,-0.068,0.032,-0.046,1821,4095.0,200.0
2121893,5.179,3.687,6.835,-0.072,0.032,-0.042,1820,4095.0,200.0
2121901,5.205,3.704,6.84,-0.076,0.03,-0.039,1821,4095.0,200.0
2121909,5.667,3.91,6.941,-0.086,0.03,-0.022,1820,4095.0,200.0
2121917,5.672,3.883,6.91,-0.093,0.027,-0.018,1821,4095.0,200.0
2121925,5.72,3.838,6.91,-0.099,0.025,-0.017,1819,4095.0,200.0
2121933,5.772,3.804,6.874,-0.096,0.029,-0.02,1821,4095.0,200.0
2121941,5.748,3.759,6.917,-0.082,0.032,-0.026,1821,4095.0,200.0
2121949,5.753,3.809,6.938,-0.065,0.033,-0.032,1821,4095.0,200.0
2121957,5.758,3.864,6.989,-0.058,0.031,-0.033,1820,4095.0,200.0
2121965,5.734,3.862,7.022,-0.062,0.027,-0.032,1823,4095.0,200.0
2121974,6.179,3.974,7.104,-0.052,0.006,-0.005,1820,4095.0,200.0
2121982,6.187,4.022,7.068,-0.043,-0.001,-0.001,1819,4095.0,200.0
2121990,6.203,4.032,6.97,-0.044,0.001,0.003,1766,4095.0,200.0
2121998,6.215,4.015,6.926,-0.051,0.005,0.006,1820,4095.0,200.0
2122006,6.254,3.972,6.881,-0.058,0.012,0.01,1823,4095.0,200.0
2122014,6.263,3.96,6.871,-0.063,0.022,0.011,1820,4095.0,200.0
2122022,6.311,4.003,6.907,-0.061,0.032,0.01,1822,4095.0,200.0
2122030,6.309,4.073,6.938,-0.055,0.036,0.01,1820,4095.0,200.0
2122038,6.225,4.092,6.967,-0.06,0.041,0.01,1821,4095.0,200.0
2122046,6.201,4.015,7.077,-0.058,0.039,0.011,1817,4095.0,200.0
2122055,6.232,3.922,7.252,-0.064,0.023,0.009,1818,4095.0,200.0
2122063,6.244,3.869,7.185,-0.06,0.006,0.004,1819,4095.0,200.0
2122071,6.254,3.924,7.046,-0.052,-0.001,0.001,1819,4095.0,200.0
2122079,6.352,3.941,6.962,-0.023,-0.015,0.009,1819,4095.0,200.0
2122087,6.304,3.972,6.924,-0.023,-0.013,0.006,1818,4095.0,200.0
2122095,6.292,3.986,6.938,-0.03,-0.011,0.005,1818,4095.0,200.0
2122104,6.28,4.003,6.946,-0.023,-0.011,0.004,1818,4095.0,200.0
2122112,6.27,4.013,6.931,-0.01,-0.014,0.005,1821,4095.0,200.0
2122120,6.273,4.015,6.917,-0.005,-0.014,0.005,1819,4095.0,200.0
2122128,5.94,3.74,6.749,-0.004,-0.025,0.0,1818,4095.0,200.0
2122136,5.918,3.701,6.694,0.003,-0.02,0.001,1820,4095.0,200.0
2122144,5.89,3.692,6.699,0.036,-0.011,0.005,1818,4095.0,200.0
2122152,5.93,3.745,6.8,0.081,-0.014,0.005,1819,4095.0,200.0
2122160,5.895,3.766,6.838,0.103,-0.015,0.003,1817,3972.0,200.0
2122168,5.89,3.826,6.785,0.112,-0.011,0.009,1815,3733.0,200.0
2122176,5.914,3.754,6.665,0.124,0.003,0.005,1814,3080.0,200.0
2122184,5.938,3.747,6.57,0.139,0.026,-0.008,1816,1356.0,200.0
2122193,5.926,3.785,6.409,0.104,0.059,-0.023,1816,0.0,0.0
2122201,5.895,3.838,6.239,0.024,0.112,-0.038,1819,0.0,0.0
2122209,5.672,3.977,6.27,-0.095,0.216,-0.078,1820,0.0,0.0
2122217,5.962,3.701,6.891,-0.082,0.224,-0.094,1818,0.0,0.0
2122225,5.507,3.74,6.424,-0.13,0.268,-0.066,1817,0.0,0.0
2122233,5.413,4.128,6.503,-0.218,0.249,-0.113,1818,0.0,0.0
2122241,5.598,3.788,7.041,-0.194,0.265,-0.117,1818,0.0,0.0
2122249,5.442,3.716,7.429,-0.161,0.207,-0.126,1820,0.0,0.0
2122258,5.531,3.663,7.652,-0.099,0.152,-0.12,1819,0.0,0.0
2122266,5.55,3.692,7.633,-0.05,0.092,-0.113,1821,0.0,0.0
2122274,5.502,3.689,7.417,-0.026,0.058,-0.103,1818,0.0,0.0
2122282,5.545,3.809,7.223,-0.002,0.029,-0.087,1819,0.0,0.0
2122290,5.569,3.867,7.046,0.007,0.018,-0.082,1819,0.0,0.0
2122298,5.562,3.917,6.879,0.007,0.03,-0.075,1818,0.0,0.0
2122307,5.545,3.979,6.821,-0.001,0.037,-0.072,1820,0.0,0.0
2122315,5.531,4.061,6.809,-0.003,0.043,-0.069,1819,0.0,0.0
2122323,5.502,4.128,6.816,-0.002,0.055,-0.059,1820,0.0,0.0
2122331,5.471,4.185,6.838,-0.003,0.067,-0.04,1822,0.0,0.0
2122339,5.44,4.175,6.874,-0.0,0.064,-0.022,1822,0.0,0.0
2122347,5.456,4.142,6.917,-0.009,0.051,-0.004,1821,0.0,0.0
2122355,5.499,4.108,7.003,-0.033,0.038,0.008,1822,0.0,0.0
2122364,5.545,4.013,7.034,-0.055,0.026,0.014,1821,0.0,0.0
2122372,5.564,3.883,6.977,-0.062,0.018,0.015,1822,0.0,0.0
2122380,5.619,3.833,6.936,-0.055,0.018,0.007,1822,0.0,0.0
2122388,5.638,3.826,6.845,-0.057,0.026,-0.008,1823,0.0,0.0
2122396,5.631,3.859,6.864,-0.064,0.035,-0.023,1824,0.0,0.0
2122404,5.571,3.852,6.857,-0.065,0.04,-0.035,1821,0.0,0.0
2122412,5.521,3.891,6.962,-0.048,0.035,-0.04,1823,0.0,0.0
2122420,5.492,4.039,7.003,-0.021,0.025,-0.035,1821,0.0,0.0
2122428,5.466,4.147,6.986,-0.012,0.016,-0.028,1822,0.0,0.0
2122437,5.43,4.137,6.958,-0.033,0.006,-0.017,1822,0.0,0.0
2122445,5.452,4.039,6.912,-0.051,0.001,-0.007,1822,0.0,0.0
2122453,5.454,4.005,6.888,-0.053,0.002,0.002,1824,0.0,0.0
2122461,5.461,3.986,6.864,-0.054,0.007,0.006,1822,0.0,0.0
2122469,5.514,3.95,6.859,-0.066,0.014,0.006,1823,0.0,0.0
2122477,5.511,3.879,6.9,-0.076,0.019,0.002,1822,0.0,0.0
2122486,5.531,3.836,6.943,-0.073,0.018,-0.001,1823,0.0,0.0
2122494,5.538,3.881,6.95,-0.06,0.015,-0.002,1825,0.0,0.0
2122502,5.576,3.926,6.926,-0.059,0.014,-0.005,1823,0.0,0.0
2122510,5.555,3.929,6.919,-0.066,0.015,-0.011,1823,0.0,0.0
2122518,5.533,3.891,6.926,-0.062,0.011,-0.017,1824,0.0,0.0
2122526,5.521,3.972,6.946,-0.044,0.007,-0.017,1823,0.0,0.0
2122534,5.514,4.027,6.953,-0.041,0.005,-0.017,1824,0.0,0.0
2122542,5.476,4.02,6.914,-0.052,0.004,-0.016,1825,0.0,0.0
2122550,5.476,3.972,6.934,-0.056,0.002,-0.014,1824,0.0,0.0
2122559,5.485,3.953,6.912,-0.046,-0.001,-0.011,1824,0.0,0.0
2122567,5.509,3.962,6.936,-0.033,-0.004,-0.009,1823,0.0,0.0
2122575,5.495,3.982,6.886,-0.04,-0.002,-0.006,1825,0.0,0.0
2122583,5.476,3.934,6.914,-0.053,0.0,-0.005,1824,0.0,0.0
2122591,5.485,3.934,6.934,-0.054,-0.003,-0.006,1823,0.0,0.0
2122599,5.497,3.946,6.883,-0.053,-0.005,-0.003,1824,0.0,0.0
2122607,5.578,3.96,6.855,-0.058,0.0,-0.001,1824,0.0,0.0
2122615,5.528,3.929,6.881,-0.06,0.006,-0.002,1825,0.0,0.0
2122624,5.514,3.972,6.883,-0.045,0.006,0.001,1824,0.0,0.0
2122632,5.538,4.01,6.907,-0.038,0.002,0.004,1824,0.0,0.0
2122640,5.576,4.008,6.881,-0.051,0.002,0.003,1823,0.0,0.0
2122648,5.586,3.931,6.84,-0.062,0.007,-0.001,1823,0.0,0.0
2122656,5.555,3.941,6.843,-0.056,0.014,-0.004,1824,0.0,0.0
2122665,5.533,3.979,6.867,-0.056,0.02,-0.007,1825,0.0,0.0
2122673,5.538,4.003,6.886,-0.062,0.024,-0.009,1827,0.0,0.0
2122681,5.483,3.962,6.919,-0.065,0.025,-0.011,1824,0.0,0.0
2122689,5.473,3.972,6.977,-0.057,0.021,-0.009,1824,0.0,0.0
2122697,5.497,3.998,6.95,-0.048,0.016,-0.006,1824,0.0,0.0
2122705,5.499,3.984,6.902,-0.052,0.013,-0.003,1823,0.0,0.0
2122713,5.514,3.972,6.874,-0.063,0.011,-0.006,1827,0.0,0.0
2122722,5.519,3.97,6.867,-0.065,0.013,-0.006,1823,0.0,0.0
2122730,5.543,3.967,6.843,-0.061,0.016,-0.006,1824,0.0,0.0
2122738,5.576,3.982,6.84,-0.062,0.021,-0.006,1824,0.0,0.0
2122746,5.567,4.015,6.867,-0.067,0.027,-0.006,1824,0.0,0.0
2122754,5.507,3.979,6.871,-0.073,0.031,-0.006,1825,0.0,0.0
2122762,5.516,3.989,6.907,-0.072,0.031,-0.003,1824,0.0,0.0
2122770,5.543,3.982,6.912,-0.068,0.028,-0.002,1823,0.0,0.0
2122778,5.509,3.922,6.943,-0.067,0.025,-0.001,1826,0.0,0.0
2122786,5.492,3.891,6.948,-0.063,0.017,0.001,1822,0.0,0.0
2122795,5.54,3.926,6.943,-0.054,0.013,0.003,1824,0.0,0.0
2122803,5.533,3.953,6.902,-0.052,0.014,-0.001,1825,0.0,0.0
2122811,5.499,3.931,6.881,-0.054,0.015,-0.006,1825,0.0,0.0
2122819,5.488,3.946,6.888,-0.054,0.015,-0.009,1824,0.0,0.0
2122827,5.488,3.967,6.891,-0.052,0.014,-0.01,1825,0.0,0.0
2122835,5.533,4.005,6.924,-0.055,0.012,-0.009,1826,0.0,0.0
2122843,5.535,4.02,6.958,-0.054,0.01,-0.009,1823,0.0,0.0
2122852,5.519,4.001,6.946,-0.049,0.007,-0.008,1825,0.0,0.0
2122860,5.514,4.013,6.936,-0.048,0.005,-0.006,1823,0.0,0.0
2122868,5.531,3.97,6.922,-0.051,0.004,-0.005,1826,0.0,0.0
2122876,5.543,3.941,6.891,-0.053,0.009,-0.005,1827,0.0,0.0
2122884,5.533,3.907,6.876,-0.051,0.012,-0.007,1825,0.0,0.0
2122892,5.521,3.924,6.876,-0.043,0.016,-0.007,1826,0.0,0.0
2122900,5.495,3.972,6.867,-0.04,0.021,-0.006,1824,0.0,0.0
2122909,5.468,3.982,6.888,-0.042,0.019,-0.005,1824,0.0,0.0
2122917,5.488,3.998,6.938,-0.044,0.011,-0.003,1826,0.0,0.0
2122925,5.478,3.934,6.972,-0.043,0.002,-0.002,1824,0.0,0.0
2122933,5.485,3.9,6.972,-0.037,-0.01,0.003,1826,0.0,0.0
2122941,5.514,3.943,6.941,-0.027,-0.017,0.002,1826,0.0,0.0
2122949,5.531,3.977,6.864,-0.023,-0.017,-0.002,1826,0.0,0.0
2122957,5.535,3.979,6.812,-0.025,-0.011,-0.006,1825,0.0,0.0
2122965,5.538,3.95,6.814,-0.033,-0.005,-0.007,1826,0.0,0.0
2122973,5.533,3.977,6.843,-0.034,0.003,-0.01,1826,0.0,0.0
2122982,5.526,4.017,6.847,-0.034,0.007,-0.011,1827,0.0,0.0
2122990,5.514,4.022,6.879,-0.034,0.009,-0.012,1824,0.0,0.0
2122998,5.504,4.032,6.9,-0.036,0.005,-0.011,1824,0.0,0.0
2123006,5.528,4.039,6.876,-0.041,0.003,-0.009,1826,0.0,0.0
2123014,5.543,4.008,6.864,-0.047,0.004,-0.009,1825,0.0,0.0
2123022,5.538,3.97,6.814,-0.05,0.007,-0.007,1825,0.0,0.0
2123030,5.557,3.979,6.857,-0.042,0.009,-0.007,1827,0.0,0.0
2123038,5.545,3.996,6.874,-0.038,0.011,-0.007,1825,0.0,0.0
2123047,5.531,3.996,6.881,-0.042,0.01,-0.005,1824,0.0,0.0
2123055,5.523,3.998,6.902,-0.04,0.004,-0.002,1825,0.0,0.0
2123063,5.531,4.003,6.905,-0.037,0.002,-0.003,1825,0.0,0.0
2123071,5.507,3.984,6.879,-0.04,0.0,-0.005,1824,0.0,0.0
2123079,5.502,3.986,6.852,-0.047,-0.002,-0.006,1828,0.0,0.0
2123087,5.54,3.982,6.814,-0.055,-0.002,-0.007,1827,0.0,0.0
2123095,5.576,3.982,6.766,-0.059,0.004,-0.012,1826,0.0,0.0
2123103,5.598,3.984,6.797,-0.06,0.009,-0.017,1826,0.0,0.0
2123112,5.578,3.998,6.821,-0.056,0.015,-0.019,1825,0.0,0.0
2123120,5.571,4.037,6.883,-0.051,0.017,-0.018,1824,0.0,0.0
2123128,5.576,4.096,6.912,-0.048,0.017,-0.016,1826,0.0,0.0
2123136,5.547,4.108,6.917,-0.05,0.016,-0.015,1827,0.0,0.0
2123144,5.511,4.032,6.931,-0.054,0.013,-0.015,1824,0.0,0.0
2123152,5.476,3.994,6.917,-0.054,0.007,-0.013,1823,0.0,0.0
2123161,5.488,3.948,6.917,-0.049,0.002,-0.014,1826,0.0,0.0
2123169,5.514,3.938,6.91,-0.043,0.002,-0.014,1826,0.0,0.0
2123177,5.528,3.962,6.84,-0.039,0.006,-0.014,1825,0.0,0.0
2123185,5.516,3.998,6.835,-0.039,0.009,-0.016,1826,0.0,0.0
2123193,5.492,4.027,6.862,-0.041,0.009,-0.013,1824,0.0,0.0
2123201,5.483,4.094,6.871,-0.043,0.006,-0.006,1824,0.0,0.0
2123209,5.504,4.092,6.893,-0.045,0.003,-0.002,1826,0.0,0.0
2123217,5.497,4.039,6.874,-0.047,-0.003,0.003,1825,0.0,0.0
2123226,5.545,4.01,6.874,-0.05,-0.006,0.006,1825,0.0,0.0
2123234,5.581,3.996,6.857,-0.048,-0.003,0.005,1825,0.0,0.0
2123242,5.593,3.984,6.816,-0.047,-0.001,-0.0,1824,0.0,0.0
2123250,5.607,3.994,6.816,-0.044,0.002,-0.006,1826,0.0,0.0
2123258,5.586,4.046,6.797,-0.042,0.007,-0.012,1824,0.0,0.0
2123266,5.574,4.053,6.814,-0.046,0.012,-0.015,1825,0.0,0.0
2123274,5.555,4.053,6.845,-0.053,0.014,-0.014,1826,0.0,0.0
2123282,5.562,4.094,6.823,-0.053,0.013,-0.01,1825,0.0,0.0
2123290,5.571,4.092,6.79,-0.056,0.016,-0.006,1826,0.0,0.0
2123298,5.511,4.056,6.833,-0.061,0.019,-0.003,1825,0.0,0.0
2123307,5.478,4.034,6.852,-0.06,0.013,0.0,1827,0.0,0.0
2123315,5.531,3.996,6.862,-0.056,0.007,0.002,1827,0.0,0.0
2123323,5.569,3.994,6.864,-0.056,0.007,0.002,1825,0.0,0.0
2123331,5.552,3.96,6.874,-0.055,0.008,-0.002,1825,0.0,0.0
2123339,5.526,3.96,6.881,-0.049,0.009,-0.005,1825,0.0,0.0
2123348,5.511,3.994,6.893,-0.043,0.006,-0.009,1825,0.0,0.0
2123356,5.528,4.032,6.891,-0.048,0.002,-0.01,1827,0.0,0.0
2123364,5.547,4.051,6.859,-0.05,-0.0,-0.011,1828,0.0,0.0
2123372,5.547,4.044,6.84,-0.044,-0.001,-0.012,1823,0.0,0.0
2123380,5.552,4.085,6.838,-0.04,0.002,-0.01,1823,0.0,0.0
2123388,5.54,4.094,6.821,-0.045,0.004,-0.009,1827,0.0,0.0
2123397,5.557,4.092,6.807,-0.054,0.008,-0.007,1825,0.0,0.0
2123405,5.557,4.07,6.778,-0.06,0.015,-0.002,1826,0.0,0.0
2123413,5.559,4.039,6.807,-0.06,0.016,0.0,1826,0.0,0.0
2123421,5.569,4.027,6.84,-0.056,0.017,0.002,1825,0.0,0.0
2123429,5.567,4.003,6.862,-0.058,0.017,0.001,1826,0.0,0.0
2123437,5.559,3.977,6.881,-0.06,0.014,-0.002,1827,0.0,0.0
2123445,5.538,3.974,6.85,-0.059,0.013,-0.005,1824,0.0,0.0
2123453,5.55,3.994,6.826,-0.057,0.012,-0.006,1827,0.0,0.0
2123462,5.564,4.027,6.821,-0.059,0.016,-0.01,1825,0.0,0.0
2123470,5.562,4.039,6.838,-0.061,0.022,-0.013,1826,0.0,0.0
2123478,5.531,4.046,6.847,-0.06,0.02,-0.014,1824,0.0,0.0
2123486,5.543,4.089,6.917,-0.053,0.012,-0.012,1825,0.0,0.0
2123494,5.543,4.096,6.902,-0.052,0.005,-0.009,1827,0.0,0.0
2123502,5.559,4.094,6.883,-0.055,0.003,-0.006,1825,0.0,0.0
2123510,5.574,4.039,6.831,-0.06,0.005,-0.004,1827,0.0,0.0
2123518,5.547,4.005,6.797,-0.063,0.008,-0.004,1826,0.0,0.0
2123526,5.559,4.003,6.785,-0.063,0.014,-0.005,1827,0.0,0.0
2123535,5.547,4.034,6.807,-0.061,0.02,-0.005,1825,0.0,0.0
2123543,5.528,4.025,6.862,-0.06,0.023,-0.004,1824,0.0,0.0
2123551,5.497,4.044,6.902,-0.057,0.021,-0.001,1824,0.0,0.0
2123559,5.531,4.07,6.907,-0.052,0.016,0.001,1825,0.0,0.0
2123567,5.533,4.061,6.874,-0.054,0.01,0.0,1828,0.0,0.0
2123575,5.528,4.034,6.859,-0.057,0.009,-0.001,1824,0.0,0.0
2123583,5.519,3.996,6.84,-0.06,0.007,-0.002,1824,0.0,0.0
2123592,5.545,4.008,6.804,-0.06,0.009,-0.005,1826,0.0,0.0
2123600,5.547,4.046,6.797,-0.061,0.011,-0.007,1824,0.0,0.0
2123608,5.578,4.08,6.816,-0.059,0.014,-0.008,1827,0.0,0.0
2123616,5.574,4.082,6.814,-0.059,0.015,-0.008,1824,0.0,0.0
2123624,5.564,4.075,6.807,-0.065,0.014,-0.006,1826,0.0,0.0
2123632,5.54,4.015,6.821,-0.075,0.014,-0.006,1827,0.0,0.0
2123640,5.545,3.972,6.823,-0.076,0.012,-0.006,1825,0.0,0.0
2123649,5.567,3.977,6.828,-0.07,0.011,-0.009,1828,0.0,0.0
2123657,5.578,3.991,6.816,-0.064,0.014,-0.012,1825,0.0,0.0
2123665,5.583,4.017,6.821,-0.061,0.015,-0.013,1827,0.0,0.0
2123673,5.557,4.051,6.852,-0.058,0.015,-0.015,1829,0.0,0.0
2123681,5.538,4.068,6.85,-0.059,0.011,-0.015,1826,0.0,0.0
2123689,5.528,4.082,6.874,-0.063,0.006,-0.014,1825,0.0,0.0
2123698,5.519,4.053,6.883,-0.063,0.002,-0.014,1829,0.0,0.0
2123706,5.521,4.034,6.859,-0.06,0.003,-0.012,1828,0.0,0.0
2123714,5.559,4.013,6.831,-0.057,0.004,-0.01,1827,0.0,0.0
2123722,5.543,4.001,6.797,-0.059,0.01,-0.008,1827,0.0,0.0
2123730,5.523,3.998,6.807,-0.065,0.011,-0.006,1829,0.0,0.0
2123738,5.562,4.025,6.797,-0.065,0.011,-0.006,1827,0.0,0.0
2123747,5.6,4.041,6.823,-0.064,0.014,-0.009,1826,0.0,0.0
2123755,5.593,4.058,6.852,-0.068,0.018,-0.014,1827,0.0,0.0
2123763,5.555,4.061,6.886,-0.067,0.02,-0.015,1827,0.0,0.0
2123771,5.538,4.085,6.898,-0.063,0.019,-0.012,1826,0.0,0.0
2123779,5.507,4.087,6.919,-0.059,0.014,-0.009,1827,0.0,0.0
2123787,5.497,4.049,6.895,-0.058,0.008,-0.008,1828,0.0,0.0
2123795,5.495,4.003,6.857,-0.054,0.005,-0.008,1827,0.0,0.0
2123803,5.523,3.996,6.833,-0.049,0.005,-0.008,1827,0.0,0.0
2123812,5.559,3.998,6.814,-0.05,0.008,-0.01,1826,0.0,0.0
2123820,5.547,4.013,6.795,-0.051,0.013,-0.013,1829,0.0,0.0
2123828,5.523,4.034,6.831,-0.052,0.015,-0.015,1826,0.0,0.0
2123836,5.528,4.089,6.843,-0.054,0.013,-0.013,1827,0.0,0.0
2123844,5.509,4.096,6.845,-0.06,0.013,-0.006,1826,0.0,0.0
2123852,5.495,4.07,6.838,-0.062,0.007,0.0,1827,0.0,0.0
2123860,5.547,4.044,6.838,-0.058,0.004,0.003,1827,0.0,0.0
2123868,5.564,4.022,6.821,-0.05,0.005,0.004,1824,0.0,0.0
2123877,5.581,4.022,6.835,-0.051,0.008,0.002,1826,0.0,0.0
2123885,5.586,3.991,6.797,-0.056,0.011,0.0,1826,0.0,0.0
2123893,5.586,4.001,6.773,-0.058,0.016,-0.004,1824,0.0,0.0
2123901,5.602,4.001,6.785,-0.056,0.021,-0.01,1826,0.0,0.0
2123909,5.59,4.02,6.838,-0.055,0.024,-0.015,1827,0.0,0.0
2123917,5.552,4.07,6.879,-0.051,0.024,-0.015,1827,0.0,0.0
2123925,5.533,4.089,6.919,-0.052,0.019,-0.013,1827,0.0,0.0
2123933,5.504,4.113,6.905,-0.056,0.013,-0.01,1828,0.0,0.0
2123941,5.473,4.094,6.893,-0.058,0.008,-0.007,1824,0.0,0.0
2123950,5.478,4.053,6.869,-0.055,0.005,-0.006,1827,0.0,0.0
2123958,5.499,4.034,6.84,-0.052,0.003,-0.003,1826,0.0,0.0
2123966,5.523,4.027,6.814,-0.05,0.002,-0.003,1826,0.0,0.0
2123974,5.545,4.022,6.804,-0.051,0.005,-0.004,1825,0.0,0.0
2123982,5.567,4.032,6.807,-0.051,0.006,-0.007,1826,0.0,0.0
2123990,5.567,4.034,6.802,-0.054,0.009,-0.008,1823,0.0,0.0
2123998,5.55,4.034,6.776,-0.058,0.011,-0.009,1826,0.0,0.0
2124007,5.535,4.039,6.785,-0.061,0.01,-0.007,1826,0.0,0.0
2124015,5.59,4.073,6.776,-0.06,0.01,-0.005,1826,0.0,0.0
2124023,5.619,4.08,6.785,-0.06,0.013,-0.007,1826,0.0,0.0
2124031,5.624,4.085,6.814,-0.062,0.014,-0.009,1826,0.0,0.0
2124039,5.586,4.08,6.828,-0.061,0.014,-0.012,1826,0.0,0.0
2124047,5.562,4.065,6.876,-0.061,0.012,-0.012,1826,0.0,0.0
2124055,5.523,4.051,6.871,-0.06,0.008,-0.012,1826,0.0,0.0
2124064,5.514,4.039,6.888,-0.055,0.004,-0.012,1826,0.0,0.0
2124072,5.526,4.044,6.855,-0.049,-0.001,-0.011,1825,0.0,0.0
2124080,5.535,4.032,6.804,-0.049,-0.001,-0.013,1826,0.0,0.0
2124088,5.528,4.037,6.792,-0.053,0.002,-0.015,1825,0.0,0.0
2124096,5.531,4.046,6.778,-0.054,0.006,-0.015,1825,0.0,0.0
2124104,5.545,4.077,6.797,-0.052,0.01,-0.014,1828,0.0,0.0
2124112,5.545,4.125,6.795,-0.053,0.012,-0.012,1827,0.0,0.0
2124121,5.543,4.12,6.816,-0.059,0.011,-0.009,1825,0.0,0.0
2124129,5.538,4.13,6.768,-0.068,0.009,-0.004,1824,0.0,0.0
2124137,5.567,4.106,6.718,-0.073,0.012,-0.002,1826,0.0,0.0
2124145,5.569,4.075,6.732,-0.075,0.017,-0.003,1825,0.0,0.0
2124153,5.59,4.068,6.776,-0.068,0.02,-0.0,1826,0.0,0.0
2124162,5.586,4.073,6.833,-0.06,0.021,-0.001,1827,0.0,0.0
2124170,5.569,4.063,6.888,-0.062,0.019,-0.002,1828,0.0,0.0
2124178,5.547,4.029,6.895,-0.062,0.014,-0.004,1825,0.0,0.0
2124186,5.531,4.017,6.902,-0.06,0.008,-0.005,1827,0.0,0.0
2124194,5.535,4.029,6.862,-0.059,0.006,-0.007,1826,0.0,0.0
