3663993,10.065,1.058,0.333,-0.045,-0.005,-0.002,1773,0,0
3664013,10.087,1.063,0.326,-0.046,0.008,0.005,1772,0,0
3664033,10.082,0.991,0.352,-0.06,0.026,0.022,1772,0,0
3664053,10.063,0.843,0.409,-0.094,0.021,0.022,1771,0,0
3664073,10.151,0.733,0.481,-0.052,0.015,0.002,1773,0,0
3664093,10.111,0.86,0.498,-0.012,0.017,-0.018,1773,0,0
3664113,10.113,0.984,0.467,-0.022,0.012,-0.016,1773,0,0
3664133,10.065,1.034,0.457,-0.054,0.012,0.005,1773,0,0
3664153,10.108,0.953,0.534,-0.081,0.013,0.017,1773,0,0
3664174,10.092,0.874,0.539,-0.064,0.012,0.011,1771,0,0
3664193,10.096,0.869,0.551,-0.049,0.001,0.009,1772,0,0
3664213,10.089,0.8,0.445,-0.068,-0.003,-0.001,1772,0,0
3664233,10.123,0.809,0.388,-0.078,0.003,-0.01,1772,0,0
3664253,10.101,0.876,0.378,-0.075,0.01,-0.016,1771,0,0
3664273,10.096,0.903,0.385,-0.082,0.008,-0.017,1772,0,0
3664293,10.068,0.9,0.33,-0.063,0.008,-0.021,1771,0,0
3664313,10.111,0.929,0.352,-0.066,0.016,-0.013,1772,0,0
3664333,10.108,0.962,0.369,-0.059,0.028,-0.002,1770,0,0
3664353,10.142,0.917,0.45,-0.091,0.021,0.003,1770,0,0
3664373,10.113,0.86,0.512,-0.082,0.018,-0.003,1770,0,0
3664393,10.101,0.838,0.488,-0.046,0.005,-0.005,1770,0,0
3664413,10.144,0.962,0.467,-0.02,0.001,-0.004,1771,0,0
3664433,10.108,0.967,0.424,-0.082,0.0,0.006,1770,0,0
3664453,10.125,0.845,0.417,-0.074,0.001,0.017,1770,0,0
3664474,10.077,0.773,0.426,-0.068,0.008,0.003,1771,0,0
3664493,10.025,0.814,0.362,-0.054,0.003,-0.019,1771,0,0
3664513,10.068,0.955,0.34,-0.023,0.01,-0.019,1770,0,0
3664533,10.12,1.022,0.378,-0.038,0.023,0.002,1768,0,0
3664553,10.151,0.895,0.467,-0.092,0.021,0.011,1770,0,0
3664573,10.149,0.807,0.505,-0.086,0.017,0.002,1771,0,0
3664593,10.111,0.855,0.587,-0.031,0.003,-0.002,1770,0,0
3664613,10.108,0.946,0.51,-0.03,-0.011,-0.002,1769,0,0
3664633,10.108,0.917,0.481,-0.091,-0.017,0.0,1771,0,0
3664653,10.089,0.888,0.438,-0.069,-0.009,0.0,1770,0,0
3664673,10.075,0.979,0.409,-0.051,-0.004,0.005,1770,0,0
3664693,10.077,0.934,0.364,-0.069,0.001,0.011,1771,0,0
3664713,10.099,0.845,0.405,-0.092,0.008,0.014,1771,0,0
3664733,10.139,0.766,0.448,-0.098,0.011,0.002,1770,0,0
3664753,10.113,0.814,0.515,-0.07,0.003,-0.013,1772,0,0
3664773,10.144,0.941,0.493,-0.048,-0.005,-0.013,1770,0,0
3664793,10.123,1.039,0.448,-0.055,-0.006,0.002,1771,0,0
3664813,10.135,0.979,0.405,-0.089,-0.014,0.022,1770,0,0
3664833,10.139,0.838,0.409,-0.094,-0.023,0.022,1771,0,0
3664853,10.12,0.84,0.357,-0.051,-0.021,0.013,1771,0,0
3664873,10.135,0.855,0.304,-0.047,-0.017,0.014,1771,0,0
3664893,10.113,0.769,0.275,-0.086,-0.003,0.025,1770,0,0
3664913,10.08,0.654,0.294,-0.114,-0.001,0.019,1771,0,0
3664933,10.056,0.666,0.354,-0.086,0.006,-0.013,1771,0,0
3664954,10.084,0.809,0.385,-0.038,0.008,-0.03,1770,0,0
3664973,10.065,0.934,0.345,-0.059,0.009,-0.014,1770,0,0
3664994,10.118,0.86,0.299,-0.097,0.006,0.001,1769,0,0
3665013,10.132,0.747,0.357,-0.109,0.02,-0.007,1769,0,0
3665033,10.099,0.8,0.436,-0.064,0.017,-0.023,1771,0,0
3665053,10.104,0.891,0.397,-0.047,0.004,-0.023,1770,0,0
3665073,10.116,0.965,0.33,-0.048,0.002,-0.002,1771,0,0
3665094,10.144,0.819,0.311,-0.096,-0.0,0.008,1769,0,0
3665113,10.072,0.718,0.299,-0.101,0.007,-0.007,1770,0,0
3665133,10.147,0.728,0.294,-0.049,0.006,-0.027,1771,0,0
3665153,10.139,0.9,0.292,-0.024,0.015,-0.031,1770,0,0
3665173,10.113,0.929,0.328,-0.075,0.022,-0.015,1770,0,0
3665193,10.108,0.915,0.414,-0.062,0.015,-0.009,1770,0,0
3665213,10.199,0.86,0.424,-0.071,0.004,-0.0,1770,0,0
3665233,10.18,0.807,0.431,-0.068,0.006,-0.005,1771,0,0
3665253,10.125,0.852,0.436,-0.041,-0.008,-0.011,1770,0,0
3665274,10.104,0.931,0.352,-0.025,-0.013,-0.005,1768,0,0
3665293,10.125,0.941,0.314,-0.079,-0.013,0.006,1770,0,0
3665313,10.087,0.855,0.318,-0.073,0.011,0.009,1771,0,0
3665334,10.07,0.814,0.366,-0.059,0.018,0.003,1770,0,0
3665353,10.075,0.778,0.364,-0.063,0.019,-0.004,1769,0,0
3665373,10.118,0.781,0.395,-0.08,0.018,-0.01,1770,0,0
3665393,10.168,0.785,0.488,-0.086,0.015,-0.017,1770,0,0
3665413,10.137,0.876,0.457,-0.057,0.011,-0.015,1770,0,0
3665433,10.127,0.905,0.39,-0.07,-0.002,-0.002,1771,0,0
3665453,10.187,0.893,0.34,-0.083,-0.006,0.001,1770,0,0
3665473,10.137,0.848,0.35,-0.084,-0.004,0.003,1769,0,0
3665493,10.123,0.824,0.294,-0.066,-0.005,0.006,1770,0,0
3665513,10.07,0.807,0.266,-0.069,-0.002,-0.002,1770,0,0
3665533,10.096,0.893,0.23,-0.049,-0.004,-0.002,1770,0,0
3665553,10.118,0.888,0.28,-0.062,0.005,0.011,1770,0,0
3665573,10.132,0.852,0.378,-0.075,0.008,0.019,1770,0,0
3665594,10.116,0.828,0.417,-0.053,0.0,0.011,1770,0,0
3665613,10.096,0.761,0.383,-0.043,-0.013,0.007,1770,0,0
3665633,10.161,0.747,0.283,-0.054,-0.013,0.01,1770,0,0
3665653,10.132,0.728,0.227,-0.059,-0.001,0.002,1769,0,0
3665673,10.099,0.781,0.261,-0.067,0.009,-0.01,1770,0,0
3665693,10.092,0.883,0.311,-0.046,0.013,-0.007,1770,0,0
3665713,10.096,0.955,0.381,-0.041,0.013,-0.001,1770,0,0
3665733,10.089,0.955,0.39,-0.063,0.008,0.009,1770,0,0
3665753,10.183,0.833,0.345,-0.078,-0.002,0.016,1770,0,0
3665773,10.151,0.728,0.381,-0.075,0.006,0.019,1768,0,0
3665793,10.108,0.654,0.347,-0.052,0.003,0.014,1770,0,0
3665813,10.13,0.673,0.29,-0.053,-0.003,0.0,1769,0,0
3665833,10.12,0.704,0.232,-0.076,0.004,-0.016,1769,0,0
3665853,10.106,0.826,0.268,-0.05,0.022,-0.022,1770,0,0
3665873,10.087,0.943,0.338,-0.04,0.019,-0.007,1770,0,0
3665893,10.166,0.905,0.275,-0.053,0.014,0.008,1769,0,0
3665913,10.159,0.771,0.275,-0.076,0.013,0.012,1771,0,0
3665933,10.099,0.67,0.297,-0.045,0.014,0.004,1769,0,0
3665953,10.101,0.766,0.354,-0.036,0.01,-0.005,1769,0,0
3665973,10.099,0.826,0.393,-0.042,-0.002,-0.003,1769,0,0
3665993,10.111,0.855,0.369,-0.031,0.002,0.005,1770,0,0
3666013,10.07,0.79,0.304,-0.059,-0.003,0.007,1769,0,0
3666033,10.096,0.73,0.268,-0.051,0.006,-0.007,1770,0,0
3666053,10.127,0.776,0.271,-0.058,0.018,-0.015,1772,0,0
3666073,10.171,0.8,0.321,-0.037,0.028,-0.007,1770,0,0
3666093,10.151,0.749,0.366,-0.077,0.023,-0.003,1770,0,0
3666113,10.147,0.74,0.46,-0.073,0.016,-0.015,1770,0,0
3666133,10.154,0.879,0.443,-0.043,0.014,-0.02,1770,0,0
3666153,10.132,1.018,0.414,-0.039,0.002,-0.001,1770,0,0
3666174,10.151,0.905,0.292,-0.09,-0.008,0.018,1769,0,0
3666193,10.161,0.706,0.263,-0.093,-0.01,0.012,1770,0,0
3666213,10.149,0.654,0.215,-0.067,0.007,-0.002,1770,0,0
3666233,10.07,0.785,0.232,-0.035,0.017,-0.007,1771,0,0
3666253,10.111,0.862,0.237,-0.05,0.021,0.001,1769,0,0
3666273,10.113,0.833,0.306,-0.091,0.029,0.014,1769,0,0
3666293,10.087,0.694,0.369,-0.084,0.024,0.007,1770,0,0
3666313,10.127,0.752,0.369,-0.041,0.021,-0.008,1769,0,0
3666333,10.108,0.821,0.4,-0.04,0.018,-0.006,1771,0,0
3666353,10.118,0.821,0.395,-0.077,0.006,0.007,1770,0,0
3666373,10.113,0.757,0.397,-0.085,-0.002,0.007,1769,0,0
3666393,10.118,0.711,0.357,-0.062,-0.007,-0.003,1770,0,0
3666413,10.108,0.778,0.261,-0.039,-0.003,-0.006,1769,0,0
3666433,10.118,0.776,0.294,-0.067,0.005,-0.002,1770,0,0
3666453,10.123,0.725,0.275,-0.085,0.008,-0.005,1770,0,0
3666473,10.099,0.713,0.294,-0.08,0.015,-0.022,1770,0,0
3666493,10.123,0.802,0.306,-0.058,0.015,-0.022,1770,0,0
3666513,10.209,0.826,0.292,-0.059,0.023,-0.011,1770,0,0
3666533,10.163,0.711,0.362,-0.106,0.036,-0.004,1770,0,0
3666553,10.151,0.666,0.445,-0.104,0.027,-0.012,1770,0,0
3666573,10.163,0.754,0.433,-0.067,0.01,-0.023,1768,0,0
3666593,10.137,0.871,0.362,-0.054,0.0,-0.017,1767,0,0
3666613,10.151,0.888,0.261,-0.078,-0.008,0.0,1769,0,0
3666633,10.111,0.807,0.251,-0.098,0.001,0.006,1769,0,0
3666653,10.075,0.773,0.263,-0.089,0.011,0.007,1768,0,0
3666673,10.063,0.781,0.278,-0.058,0.011,0.004,1770,0,0
3666693,10.048,0.747,0.292,-0.06,0.006,-0.0,1768,0,0
3666713,10.092,0.702,0.311,-0.086,0.002,-0.01,1769,0,0
3666734,10.082,0.658,0.302,-0.081,0.009,-0.019,1769,0,0
3666753,10.125,0.706,0.309,-0.063,0.009,-0.021,1769,0,0
3666773,10.144,0.764,0.373,-0.071,0.011,-0.028,1770,0,0
3666793,10.116,0.862,0.364,-0.067,0.012,-0.026,1769,0,0
3666813,10.065,0.886,0.419,-0.06,-0.001,-0.014,1771,0,0
3666833,10.175,0.802,0.302,-0.094,-0.009,-0.006,1770,0,0
3666853,10.173,0.721,0.318,-0.1,-0.0,-0.013,1770,0,0
3666873,10.139,0.745,0.359,-0.044,0.004,-0.022,1771,0,0
3666893,10.104,0.828,0.278,-0.054,0.002,-0.011,1770,0,0
3666913,10.135,0.759,0.223,-0.098,0.001,-0.006,1770,0,0
3666933,10.156,0.718,0.268,-0.093,0.015,-0.014,1770,0,0
3666953,10.111,0.781,0.318,-0.066,0.025,-0.02,1770,0,0
3666973,10.116,0.864,0.378,-0.068,0.011,-0.016,1769,0,0
3666993,10.156,0.809,0.314,-0.083,-0.001,-0.01,1771,0,0
3667013,10.214,0.699,0.239,-0.074,0.004,-0.01,1770,0,0
3667033,10.159,0.752,0.309,-0.058,0.019,-0.02,1770,0,0
3667053,10.132,0.888,0.359,-0.065,0.01,-0.013,1770,0,0
3667073,10.175,0.84,0.28,-0.081,0.001,0.002,1769,0,0
3667093,10.154,0.725,0.278,-0.073,0.005,-0.001,1769,0,0
3667113,10.101,0.781,0.254,-0.044,0.007,-0.004,1770,0,0
3667133,10.137,0.852,0.263,-0.055,0.011,-0.002,1770,0,0
3667153,10.18,0.8,0.227,-0.075,0.009,-0.002,1770,0,0
3667173,10.123,0.79,0.239,-0.048,0.014,0.003,1770,0,0
3667193,10.142,0.797,0.316,-0.038,0.015,0.002,1770,0,0
3667213,10.104,0.797,0.352,-0.06,0.015,0.003,1770,0,0
3667233,10.166,0.694,0.362,-0.069,0.008,0.003,1770,0,0
3667254,10.18,0.718,0.359,-0.053,0.006,-0.007,1771,0,0
3667273,10.13,0.79,0.359,-0.056,0.005,-0.009,1770,0,0
3667293,10.149,0.864,0.354,-0.072,0.011,-0.001,1769,0,0
3667313,10.08,0.828,0.39,-0.078,0.01,0.003,1772,0,0
3667333,10.082,0.812,0.352,-0.059,0.006,0.001,1770,0,0
3667353,10.08,0.812,0.366,-0.084,0.013,0.004,1770,0,0
3667373,10.113,0.721,0.34,-0.099,0.015,0.006,1770,0,0
3667393,10.075,0.654,0.326,-0.09,0.015,-0.007,1769,0,0
3667413,10.125,0.725,0.268,-0.063,0.011,-0.017,1770,0,0
3667433,10.12,0.759,0.256,-0.064,0.022,-0.014,1770,0,0
3667453,10.101,0.759,0.318,-0.095,0.017,-0.008,1770,0,0
3667473,10.139,0.721,0.338,-0.101,0.016,-0.01,1771,0,0
3667493,10.118,0.747,0.393,-0.07,0.001,-0.022,1770,0,0
3667514,10.084,0.867,0.335,-0.053,-0.008,-0.023,1771,0,0
3667533,10.101,0.828,0.23,-0.065,-0.013,-0.009,1770,0,0
3667553,10.147,0.704,0.163,-0.092,-0.004,-0.002,1770,0,0
3667573,10.127,0.591,0.223,-0.08,0.013,-0.017,1771,0,0
3667593,10.113,0.733,0.273,-0.038,0.013,-0.027,1771,0,0
3667613,10.137,0.855,0.294,-0.044,0.01,-0.017,1771,0,0
3667633,10.178,0.754,0.292,-0.079,0.007,-0.007,1771,0,0
3667653,10.154,0.709,0.328,-0.069,0.017,-0.018,1770,0,0
3667674,10.13,0.804,0.378,-0.047,0.007,-0.014,1771,0,0
3667693,10.185,0.812,0.318,-0.052,-0.002,-0.01,1770,0,0
3667713,10.211,0.816,0.292,-0.062,0.003,-0.009,1770,0,0
3667733,10.087,0.769,0.268,-0.059,0.01,-0.007,1771,0,0
3667753,10.084,0.735,0.237,-0.052,0.001,-0.012,1770,0,0
3667773,10.096,0.761,0.206,-0.048,0.008,-0.009,1770,0,0
3667793,10.116,0.764,0.302,-0.071,0.015,-0.011,1772,0,0
3667813,10.104,0.73,0.335,-0.063,0.014,-0.018,1771,0,0
3667834,10.151,0.807,0.335,-0.038,0.007,-0.033,1771,0,0
3667853,10.19,1.025,0.417,-0.037,0.011,-0.022,1771,0,0
3667873,10.187,0.994,0.505,-0.063,-0.006,0.002,1770,0,0
3667893,10.235,0.848,0.474,-0.084,-0.029,0.011,1769,0,0
3667913,10.252,0.771,0.467,-0.069,-0.035,0.006,1770,0,0
3667933,10.252,0.797,0.412,-0.039,-0.046,0.003,1770,0,0
3667953,10.187,0.881,0.371,-0.063,-0.046,0.013,1768,0,0
3667973,10.163,0.74,0.33,-0.133,-0.036,0.028,1770,0,0
3667993,10.187,0.555,0.366,-0.14,-0.029,0.015,1770,0,0
3668013,10.202,0.694,0.385,-0.083,-0.023,-0.008,1769,0,0
3668033,10.125,0.85,0.28,-0.101,-0.021,-0.005,1770,0,0
3668053,10.082,0.8,0.199,-0.168,-0.017,0.008,1769,0,0
3668073,10.149,0.634,0.098,-0.213,-0.011,0.005,1769,0,0
3668093,10.168,0.637,0.129,-0.157,0.009,-0.021,1768,0,0
3668113,10.068,0.939,0.091,-0.08,0.006,-0.023,1769,0,0
3668134,10.159,1.092,-0.038,-0.113,-0.001,0.005,1768,0,0
3668153,10.197,0.903,-0.036,-0.172,0.007,0.02,1768,0,0
3668174,10.111,0.776,0.117,-0.132,0.025,0.008,1767,0,0
3668193,10.005,0.845,0.275,-0.079,0.029,-0.002,1768,0,0
3668213,10.068,0.871,0.309,-0.089,0.021,0.004,1769,0,0
3668233,10.168,0.778,0.335,-0.114,0.036,0.01,1768,0,0
3668253,10.166,0.618,0.457,-0.175,0.05,0.001,1769,0,0
3668274,10.113,0.512,0.565,-0.172,0.056,-0.017,1769,0,0
3668293,10.156,0.634,0.649,-0.119,0.05,-0.035,1769,0,0
3668313,10.195,0.828,0.694,-0.167,0.05,-0.04,1770,0,0
3668333,10.139,0.857,0.728,-0.235,0.045,-0.03,1770,0,0
3668353,10.139,0.833,0.658,-0.246,0.043,-0.018,1770,0,0
3668374,10.075,0.766,0.572,-0.244,0.037,-0.017,1771,0,0
3668393,10.108,0.673,0.433,-0.25,0.023,-0.021,1769,0,0
3668413,10.161,0.702,0.378,-0.26,0.041,-0.027,1768,0,0
3668433,10.017,0.718,0.479,-0.3,0.053,-0.024,1769,0,0
3668453,9.993,0.697,0.479,-0.27,0.033,-0.014,1769,0,0
3668473,10.092,0.661,0.378,-0.27,0.026,-0.019,1769,0,0
3668493,10.072,0.608,0.275,-0.281,0.031,-0.035,1770,0,0
3668513,10.089,0.632,0.184,-0.238,0.043,-0.032,1769,0,0
3668533,10.111,0.656,0.18,-0.245,0.048,-0.023,1770,0,0
3668553,10.175,0.584,0.244,-0.26,0.046,-0.022,1769,0,0
3668573,10.161,0.613,0.347,-0.22,0.031,-0.033,1768,0,0
3668593,10.108,0.764,0.431,-0.174,0.003,-0.029,1767,0,0
3668613,10.116,0.802,0.338,-0.165,-0.026,-0.009,1768,0,0
3668633,10.094,0.725,0.266,-0.191,-0.038,-0.004,1768,0,0
3668653,10.015,0.675,0.302,-0.161,-0.052,-0.001,1768,0,0
3668673,9.965,0.666,0.172,-0.129,-0.038,0.006,1768,0,0
3668693,9.955,0.548,0.069,-0.114,-0.056,-0.003,1768,0,0
3668713,10.029,0.405,-0.067,-0.087,-0.053,-0.034,1769,0,0
3668733,10.02,0.546,-0.098,0.01,-0.038,-0.064,1768,0,0
3668753,10.046,0.761,-0.057,0.043,-0.047,-0.061,1768,0,0
3668773,10.048,0.862,-0.108,-0.006,-0.064,-0.046,1767,0,0
3668793,10.034,0.852,-0.156,-0.025,-0.068,-0.032,1768,0,0
3668813,10.144,0.812,-0.113,0.051,-0.082,-0.031,1769,0,0
3668833,10.187,0.821,-0.199,0.09,-0.082,-0.038,1769,0,0
3668853,10.161,0.821,-0.242,0.109,-0.079,-0.043,1768,0,0
3668922,10.374,1.097,-0.192,0.194,-0.042,-0.076,1767,0,0
3668933,10.357,1.228,-0.134,0.197,-0.023,-0.07,1769,0,0
3668944,10.312,1.3,-0.043,0.181,-0.007,-0.052,1768,0,0
3668956,10.367,1.31,0.129,0.143,0.001,-0.027,1769,0,0
3668968,10.369,1.267,0.254,0.098,0.017,-0.008,1769,0,0
3668979,10.314,1.24,0.383,0.057,0.031,0.002,1769,0,0
3668993,10.295,1.147,0.565,0.031,0.039,0.009,1768,0,0
3669014,10.257,1.135,0.713,0.074,0.037,0.017,1768,0,0
3669033,10.285,1.18,0.776,0.055,0.025,0.025,1769,0,0
3669053,10.223,1.073,0.769,-0.043,0.024,0.04,1768,0,0
3669073,10.116,0.886,0.821,-0.107,0.023,0.038,1769,0,0
3669093,10.039,0.766,0.788,-0.112,0.006,0.032,1769,0,0
3669113,10.13,0.697,0.577,-0.102,-0.003,0.011,1769,0,0
3669133,10.185,0.685,0.366,-0.126,0.011,-0.002,1769,0,0
3669153,10.06,0.785,0.237,-0.176,0.038,-0.009,1770,0,0
3669173,9.979,0.764,0.199,-0.177,0.04,0.002,1769,0,0
3669193,10.147,0.876,0.05,-0.116,0.055,0.016,1770,0,0
3669213,10.144,0.836,0.091,-0.15,0.082,0.033,1769,0,0
3669233,10.032,0.716,0.146,-0.178,0.079,0.047,1769,0,0
3669253,9.979,0.481,0.105,-0.176,0.051,0.039,1768,0,0
3669273,10.077,0.4,-0.026,-0.099,0.04,0.025,1769,0,0
3669294,10.065,0.512,-0.017,-0.08,0.043,0.01,1769,0,0
3669313,10.015,0.536,-0.045,-0.082,0.02,-0.009,1767,0,0
3669333,10.022,0.627,-0.11,-0.067,0.008,-0.02,1769,0,0
3669353,10.089,0.591,-0.139,-0.06,0.006,-0.019,1768,0,0
3669373,10.13,0.646,-0.17,0.001,0.013,-0.028,1768,0,0
3669393,10.111,0.816,-0.156,0.047,0.023,-0.033,1768,0,0
3669413,10.108,0.95,-0.115,0.034,0.031,-0.016,1769,0,0
3669433,10.094,0.838,-0.079,0.007,0.034,-0.001,1768,0,0
3669453,10.178,0.69,-0.014,0.021,0.036,-0.01,1768,0,0
3669473,10.13,0.706,0.124,0.076,0.039,-0.029,1769,0,0
3669493,10.123,0.883,0.22,0.107,0.031,-0.045,1769,0,0
3669513,10.106,0.958,0.271,0.075,0.028,-0.04,1768,0,0
3669533,10.092,0.919,0.28,0.032,0.035,-0.025,1769,0,0
3669553,10.149,0.833,0.347,0.035,0.052,-0.029,1768,0,0
3669573,10.104,0.871,0.486,0.026,0.067,-0.044,1769,0,0
3669593,10.051,0.903,0.627,0.01,0.056,-0.049,1770,0,0
3669613,10.094,0.879,0.627,0.005,0.042,-0.052,1768,0,0
3669633,10.111,0.895,0.508,-0.009,0.039,-0.06,1768,0,0
3669653,10.139,0.955,0.373,-0.007,0.053,-0.057,1769,0,0
3669673,10.12,1.02,0.35,-0.015,0.072,-0.035,1769,0,0
3669693,10.199,0.941,0.448,-0.066,0.083,-0.015,1769,0,0
3669713,10.142,0.864,0.587,-0.102,0.085,-0.019,1770,0,0
3669733,10.08,0.804,0.577,-0.083,0.062,-0.041,1770,0,0
3669754,10.046,0.871,0.405,-0.02,0.043,-0.055,1770,0,0
3669773,10.113,0.965,0.232,-0.021,0.039,-0.045,1771,0,0
3669793,10.132,0.953,0.165,-0.069,0.06,-0.03,1770,0,0
3669813,10.123,0.895,0.297,-0.098,0.073,-0.026,1769,0,0
3669833,10.07,0.816,0.438,-0.062,0.054,-0.025,1769,0,0
3669853,10.161,0.828,0.469,-0.002,0.023,-0.023,1769,0,0
3669873,10.209,0.852,0.426,-0.017,0.01,-0.035,1769,0,0
3669893,10.166,0.943,0.357,-0.019,0.012,-0.047,1770,0,0
3669913,10.108,1.142,0.369,-0.008,0.017,-0.038,1768,0,0
3669933,10.08,1.13,0.438,-0.03,0.012,-0.01,1769,0,0
3669953,10.147,1.027,0.443,-0.024,0.009,0.012,1770,0,0
3669973,10.156,0.915,0.431,-0.028,0.015,0.001,1769,0,0
3669993,10.099,0.883,0.431,-0.03,0.018,-0.021,1769,0,0
3670013,10.147,1.006,0.491,-0.001,0.013,-0.021,1768,0,0
3670033,10.116,1.056,0.532,-0.034,0.01,-0.01,1769,0,0
3670053,10.137,1.041,0.529,-0.05,0.011,-0.006,1770,0,0
3670073,10.07,1.03,0.541,-0.041,0.022,-0.004,1769,0,0
3670093,10.06,1.034,0.543,-0.05,0.01,0.001,1768,0,0
3670113,10.087,0.924,0.517,-0.077,-0.009,0.006,1769,0,0
3670133,10.125,0.855,0.491,-0.065,-0.009,-0.004,1769,0,0
3670153,10.096,0.891,0.433,-0.047,-0.011,-0.019,1769,0,0
3670174,10.127,1.008,0.34,-0.048,-0.006,-0.025,1769,0,0
3670193,10.139,1.051,0.314,-0.084,0.008,-0.013,1770,0,0
3670213,10.094,1.008,0.333,-0.066,0.018,0.005,1769,0,0
3670233,10.113,1.03,0.412,-0.061,0.017,0.003,1768,0,0
3670253,10.163,0.982,0.438,-0.086,0.011,0.007,1768,0,0
3670273,10.149,0.917,0.464,-0.078,0.003,0.007,1769,0,0
3670293,10.142,0.876,0.378,-0.073,-0.009,0.011,1769,0,0
3670313,10.173,0.876,0.29,-0.061,-0.009,0.005,1769,0,0
3670333,10.149,0.919,0.292,-0.075,0.004,-0.001,1769,0,0
3670353,10.068,0.953,0.318,-0.062,0.008,0.006,1768,0,0
3670373,10.13,0.9,0.326,-0.076,-0.003,0.02,1769,0,0
3670393,10.142,0.84,0.261,-0.084,0.01,0.013,1768,0,0
3670413,10.058,0.85,0.251,-0.078,0.023,-0.004,1768,0,0
3670434,10.092,0.929,0.333,-0.045,0.007,-0.006,1769,0,0
3670453,10.149,0.946,0.316,-0.054,0.003,-0.003,1769,0,0
3670473,10.159,0.941,0.259,-0.058,0.009,0.008,1769,0,0
3670493,10.111,0.936,0.33,-0.063,0.014,0.005,1769,0,0
3670513,10.058,0.953,0.304,-0.064,0.015,0.009,1769,0,0
3670533,10.036,0.922,0.345,-0.046,0.004,0.01,1769,0,0
3670553,10.087,0.871,0.304,-0.027,-0.001,0.006,1768,0,0
3670574,10.118,0.893,0.278,-0.037,0.007,0.001,1769,0,0
3670593,10.108,0.934,0.364,-0.063,0.022,0.005,1769,0,0
3670613,10.125,0.891,0.409,-0.062,0.015,0.004,1768,0,0
3670633,10.156,0.886,0.338,-0.04,0.006,-0.004,1770,0,0
3670653,10.132,0.941,0.287,-0.039,0.008,-0.0,1768,0,0
3670673,10.139,0.912,0.323,-0.046,0.018,0.011,1770,0,0
3670693,10.139,0.943,0.388,-0.048,0.018,0.011,1769,0,0
3670713,10.147,0.943,0.393,-0.054,0.011,0.016,1766,0,0
3670733,10.108,0.871,0.378,-0.059,0.007,0.021,1768,0,0
3670753,10.089,0.816,0.369,-0.051,-0.003,0.01,1769,0,0
3670773,10.111,0.876,0.328,-0.029,-0.005,0.003,1768,0,0
3670793,10.12,0.941,0.314,-0.049,-0.001,0.002,1770,0,0
3670813,10.125,0.946,0.283,-0.049,0.002,0.01,1770,0,0
3670833,10.135,0.879,0.263,-0.054,0.012,0.015,1769,0,0
3670853,10.111,0.836,0.34,-0.072,0.021,0.014,1768,0,0
3670873,10.123,0.867,0.397,-0.042,0.024,0.007,1768,0,0
3670893,10.116,0.958,0.359,-0.031,0.026,0.007,1770,0,0
3670913,10.127,0.934,0.352,-0.056,0.009,0.015,1768,0,0
3670933,10.175,0.879,0.371,-0.071,0.01,0.02,1769,0,0
3670953,10.154,0.795,0.388,-0.063,0.011,0.013,1768,0,0
3670973,10.154,0.766,0.294,-0.042,0.014,0.007,1768,0,0
3670993,10.116,0.869,0.29,-0.035,0.026,0.01,1767,0,0
3671013,10.07,0.9,0.397,-0.076,0.015,0.019,1768,0,0
3671034,10.094,0.864,0.486,-0.077,-0.002,0.02,1770,0,0
3671053,10.111,0.826,0.455,-0.056,-0.013,0.011,1768,0,0
3671073,10.082,0.812,0.359,-0.031,-0.015,0.0,1769,0,0
3671093,10.068,0.891,0.333,-0.038,-0.007,0.001,1767,0,0
3671113,10.096,0.869,0.373,-0.08,-0.004,0.01,1768,0,0
3671133,10.099,0.802,0.388,-0.082,-0.008,0.014,1767,0,0
3671153,10.099,0.807,0.388,-0.062,-0.01,0.012,1768,0,0
3671173,10.116,0.857,0.342,-0.035,-0.013,0.006,1770,0,0
3671193,10.116,0.939,0.316,-0.048,-0.011,0.012,1768,0,0
3671214,10.089,0.883,0.306,-0.084,-0.004,0.018,1767,0,0
3671233,10.108,0.761,0.297,-0.072,0.011,0.014,1767,0,0
3671253,10.18,0.792,0.345,-0.043,0.022,0.019,1767,0,0
3671273,10.197,0.764,0.4,-0.084,0.01,0.029,1768,0,0
3671293,10.216,0.675,0.409,-0.095,-0.002,0.023,1769,0,0
3671313,10.199,0.713,0.402,-0.08,-0.019,0.003,1768,0,0
3671333,10.149,0.91,0.414,-0.035,-0.028,0.003,1768,0,0
3671353,10.096,1.006,0.359,-0.03,-0.054,0.033,1769,0,0
3671374,10.127,0.907,0.182,-0.077,-0.056,0.059,1769,0,0
3671393,10.084,0.658,0.098,-0.107,-0.038,0.057,1768,0,0
3671413,10.077,0.529,0.11,-0.082,-0.026,0.03,1767,0,0
3671433,10.084,0.618,0.18,-0.038,-0.019,0.004,1769,0,0
3671453,10.058,0.819,0.196,-0.007,-0.013,0.005,1771,0,0
3671473,10.087,0.905,0.206,-0.037,-0.007,0.022,1767,0,0
3671493,10.139,0.757,0.251,-0.111,0.001,0.029,1766,0,0
3671513,10.159,0.57,0.318,-0.103,0.003,0.018,1768,0,0
3671533,10.202,0.644,0.316,-0.022,0.002,0.011,1768,0,0
3671554,10.221,0.764,0.22,-0.039,0.008,0.016,1767,0,0
3671573,10.168,0.73,0.213,-0.107,0.01,0.021,1767,0,0
3671593,10.113,0.627,0.22,-0.112,-0.003,0.018,1768,0,0
3671613,10.187,0.611,0.17,-0.045,-0.014,0.018,1769,0,0
3671633,10.173,0.68,0.077,-0.033,0.003,0.017,1770,0,0
3671653,10.108,0.651,0.103,-0.094,0.018,0.024,1768,0,0
3671673,10.048,0.555,0.101,-0.103,0.016,0.016,1770,0,0
3671693,10.027,0.493,0.098,-0.079,0.014,-0.001,1768,0,0
3671713,10.137,0.558,0.098,-0.043,0.017,-0.02,1769,0,0
3671733,10.173,0.661,0.124,-0.035,0.027,-0.031,1769,0,0
3671754,10.142,0.699,0.141,-0.073,0.039,-0.022,1769,0,0
3671773,10.111,0.67,0.187,-0.091,0.038,-0.014,1767,0,0
3671793,10.147,0.682,0.268,-0.063,0.03,-0.02,1768,0,0
3671813,10.13,0.675,0.251,-0.032,0.022,-0.024,1766,0,0
3671833,10.135,0.737,0.208,-0.027,0.019,-0.019,1767,0,0
3671854,10.139,0.685,0.237,-0.084,0.022,-0.017,1769,0,0
3671873,10.175,0.649,0.273,-0.08,0.032,-0.023,1768,0,0
3671893,10.12,0.699,0.352,-0.06,0.036,-0.021,1768,0,0
3671913,10.111,0.711,0.345,-0.043,0.024,-0.016,1768,0,0
3671933,10.202,0.702,0.16,-0.073,0.026,-0.021,1769,0,0
3671953,10.183,0.656,0.17,-0.106,0.046,-0.031,1769,0,0
3671973,10.111,0.694,0.297,-0.084,0.056,-0.033,1768,0,0
3671993,10.154,0.797,0.297,-0.061,0.055,-0.019,1769,0,0
3672013,10.13,0.821,0.352,-0.051,0.046,-0.002,1768,0,0
3672033,10.159,0.819,0.699,-0.014,-0.027,0.031,1767,0,0
3672053,10.47,0.783,0.807,0.061,-0.1,0.074,1761,0,0
3672074,11.265,0.412,1.401,0.239,-0.397,0.092,1716,0,0
3672093,10.649,0.632,0.141,0.232,-0.456,0.123,1587,0,0
3672113,9.989,0.886,-0.546,0.269,-0.318,0.08,1497,0,0
3672133,10.096,1.173,0.017,0.565,-0.379,0.19,1436,0,0
3672153,10.233,1.75,0.443,0.322,-0.483,0.459,1367,0,0
3672173,10.731,1.568,0.218,-0.4,-0.692,0.804,1313,0,0
3672193,8.643,1.542,-1.247,-0.557,-0.681,0.913,1283,0,0
3672213,8.65,1.63,0.692,-0.252,-1.138,0.832,1203,0,0
3672233,9.074,1.518,-0.63,-0.638,-1.211,1.165,1113,0,0
3672253,10.582,-1.322,-2.253,-0.665,-1.062,1.061,1008,0,0
3672273,11.358,-2.512,-1.25,-0.408,-0.612,0.558,944,0,0
3672293,10.379,-2.258,-0.831,0.212,-0.433,0.321,917,0,0
3672313,9.711,-0.838,-0.45,0.283,-0.619,0.167,901,0,0
3672333,10.278,-0.431,-1.47,0.196,-0.676,0.143,892,0,0
3672353,10.91,-0.206,-2.31,0.155,-0.394,0.066,890,0,0
3672373,10.25,0.041,-1.896,0.129,-0.166,0.118,895,0,0
3672393,9.917,0.51,-2.035,0.362,-0.154,0.186,906,0,0
3672413,9.996,0.68,-2.248,0.355,-0.178,0.299,913,0,0
3672433,9.996,-0.105,-2.449,0.354,-0.076,0.398,923,0,0
3672453,9.946,-1.204,-2.253,0.347,-0.017,0.379,931,0,0
3672473,9.517,-1.834,-1.978,0.388,0.017,0.357,939,0,0
3672493,9.033,-2.641,-1.803,0.289,-0.056,0.303,944,0,0
3672513,9.012,-3.924,-2.184,0.195,-0.161,0.2,949,0,0
3672533,9.177,-5.356,-3.134,0.116,-0.085,-0.059,956,0,0
3672553,8.758,-6.414,-3.687,0.048,0.153,-0.434,958,0,0
3672573,7.915,-7.946,-4.197,-0.073,0.404,-0.857,957,0,0
3672593,6.862,-9.239,-4.432,-0.157,0.534,-1.395,960,0,0
3672613,6.653,-9.957,-4.901,-0.194,0.695,-2.032,963,0,0
3672633,6.625,-9.412,-4.621,-0.121,1.078,-2.732,965,0,0
3672653,6.57,-8.557,-3.608,0.082,1.557,-3.566,968,0,0
3672673,4.417,-5.361,-0.785,0.507,1.784,-4.284,969,0,0
3672693,4.19,0.419,0.773,0.399,1.399,-4.369,970,0,0
3672713,5.89,3.943,0.814,-0.595,1.438,-4.092,972,0,0
3672733,5.77,5.878,2.358,-1.21,1.724,-3.835,973,0,0
3672753,5.136,8.708,4.664,-1.071,1.512,-3.608,975,0,0
3672774,5.241,13.894,6.026,-0.321,0.925,-3.401,975,0,0
3672793,6.352,21.612,5.265,0.043,0.369,-2.645,976,0,0
3672813,8.033,25.915,3.711,-0.353,0.2,-1.313,976,0,0
3672833,8.662,23.585,3.646,-0.373,0.172,-0.127,976,0,0
3672853,9.354,20.585,2.971,0.234,-0.046,0.692,978,0,0
3672873,9.175,18.052,2.89,0.57,-0.2,1.36,979,0,0
3672893,8.859,15.5,2.571,0.856,-0.411,1.949,979,0,0
3672913,8.442,13.113,2.172,1.148,-0.534,2.385,980,0,0
3672933,7.98,11.085,1.738,1.474,-0.565,2.763,982,0,0
3672953,7.281,9.407,1.403,1.543,-0.509,3.201,985,0,0
3672973,6.4,6.701,1.496,1.322,-0.502,3.6,986,0,0
3672993,6.055,3.716,1.08,1.077,-0.544,3.879,987,0,0
3673013,5.789,0.225,0.362,0.81,-0.448,3.978,987,0,0
3673033,5.234,-3.259,0.249,0.633,-0.4,3.846,989,0,0
3673053,5.126,-7.326,-0.053,0.659,-0.492,3.475,990,0,0
3673073,5.792,-11.049,-0.898,0.617,-0.515,2.856,992,0,0
3673093,6.345,-14.056,-1.618,0.581,-0.4,2.037,993,0,0
3673114,6.694,-15.895,-1.975,0.297,-0.281,1.065,994,0,0
3673133,6.962,-15.95,-2.526,-0.119,-0.092,0.144,995,0,0
3673153,6.756,-14.873,-2.433,-0.643,0.162,-0.821,997,0,0
3673173,6.357,-13.388,-2.181,-0.843,0.391,-1.741,1000,0,0
3673193,5.978,-10.989,-1.848,-0.809,0.531,-2.532,1001,0,0
3673213,5.698,-8.116,-1.408,-0.841,0.659,-3.131,1001,0,0
3673233,5.349,-4.927,-0.462,-1.101,0.783,-3.463,1002,0,0
3673253,5.351,-3.572,0.546,-1.465,0.884,-3.718,1002,0,0
3673273,5.32,-2.318,1.65,-1.208,0.96,-4.223,1005,0,0
3673293,4.843,3.268,2.332,-0.578,0.99,-4.573,1005,0,0
3673313,4.446,11.128,3.153,-1.103,0.832,-4.018,1007,0,0
3673333,5.389,12.345,3.84,-2.099,0.63,-3.248,1006,0,0
3673353,5.662,13.393,4.657,-1.341,0.422,-3.033,1007,0,0
3673373,6.211,18.517,3.881,-0.083,0.152,-2.783,1008,0,0
3673393,6.802,23.964,3.014,0.156,0.011,-1.868,1008,0,0
3673413,8.183,25.422,1.776,-0.378,0.037,-0.551,1007,0,0
3673433,8.674,20.899,1.889,-0.653,0.192,0.508,1008,0,0
3673453,8.614,16.719,2.636,-0.191,0.115,1.067,1008,0,0
3673473,8.593,14.849,2.662,0.369,-0.046,1.47,1008,0,0
3673494,8.229,13.384,2.765,0.705,-0.153,1.931,1008,0,0
3673513,7.712,11.861,2.801,0.743,-0.274,2.379,1009,0,0
3673533,7.35,8.82,2.562,0.701,-0.376,2.687,1011,0,0
3673553,7.077,6.117,2.219,0.887,-0.462,2.776,1011,0,0
3673574,6.598,4.839,1.963,1.057,-0.59,2.843,1011,0,0
3673593,6.591,3.534,1.393,0.965,-0.66,2.964,1013,0,0
3673613,6.914,0.924,0.441,0.693,-0.589,3.018,1013,0,0
3673633,6.843,-1.516,0.184,0.497,-0.507,2.877,1015,0,0
3673653,6.665,-2.746,0.192,0.391,-0.588,2.65,1016,0,0
3673673,7.238,-4.046,-0.33,0.285,-0.624,2.372,1018,0,0
3673693,7.903,-5.327,-1.022,0.157,-0.577,2.03,1016,0,0
3673713,8.272,-6.232,-1.42,0.059,-0.491,1.599,1018,0,0
3673733,8.691,-6.519,-1.915,0.044,-0.323,1.082,1019,0,0
3673753,8.792,-5.854,-1.805,0.006,-0.195,0.682,1020,0,0
3673774,9.088,-5.334,-1.664,-0.073,-0.101,0.304,1022,0,0
3673793,9.158,-3.73,-1.504,-0.071,-0.061,0.034,1021,0,0
3673813,9.278,-2.258,-1.25,-0.338,-0.111,-0.087,1019,0,0
3673833,9.294,-1.209,-0.783,-0.614,-0.209,-0.184,1019,0,0
3673853,9.392,-0.414,-0.438,-0.792,-0.43,-0.261,1020,0,0
3673873,9.797,0.022,-1.037,-0.739,-0.519,-0.341,1016,0,0
3673893,10.4,0.754,-1.884,-0.677,-0.262,-0.406,1020,0,0
3673913,10.218,1.372,-1.437,-0.827,0.107,-0.449,1039,0,0
3673933,9.831,1.432,-0.718,-0.851,0.152,-0.414,1072,0,0
3673953,10.053,1.415,-0.836,-0.785,0.091,-0.347,1137,0,0
3673973,9.974,1.472,-1.334,-0.836,0.065,-0.246,1231,0,0
3673993,10.118,1.104,-1.444,-0.946,0.149,-0.183,1328,0,0
3674013,10.175,0.536,-1.664,-1.013,0.24,-0.178,1398,0,0
3674033,10.288,0.237,-2.416,-0.816,0.523,-0.241,1484,0,0
3674053,10.405,0.438,-3.086,-0.383,1.061,-0.369,1565,0,0
3674073,9.984,1.585,-2.018,-0.251,1.667,-0.212,1650,0,0
3674093,9.833,0.539,2.588,-0.356,1.082,-0.267,1724,0,0
3674113,10.048,0.122,1.707,-0.753,0.683,-0.17,1788,0,0
3674133,10.163,0.553,1.149,-1.06,0.363,-0.179,1837,0,0
3674153,10.415,0.864,0.242,-0.64,0.264,-0.043,1869,0,0
3674173,10.556,0.599,0.766,-0.131,0.201,-0.051,1892,0,0
3674193,10.216,0.898,0.244,-0.292,0.157,-0.107,1904,0,0
3674213,10.089,0.96,0.16,-0.201,0.114,-0.156,1909,0,0
3674233,10.168,1.185,0.192,0.021,0.072,-0.112,1914,0,0
3674253,10.101,1.185,0.299,-0.116,0.058,-0.041,1916,0,0
3674273,10.123,1.046,0.373,-0.218,0.054,-0.034,1917,0,0
3674293,10.192,1.061,0.433,-0.106,-0.031,-0.059,1916,0,0
3674313,10.23,1.111,0.553,-0.043,-0.092,-0.061,1913,0,0
3674333,10.266,0.948,0.345,-0.127,-0.046,-0.039,1910,0,0
3674353,10.264,1.123,0.474,-0.122,0.007,-0.021,1907,0,0
3674373,10.032,1.149,0.493,-0.109,0.005,-0.035,1905,0,0
3674393,10.06,1.226,0.563,-0.005,-0.049,-0.041,1904,0,0
3674413,10.235,1.24,0.594,0.01,-0.084,0.006,1900,0,0
3674433,10.235,1.226,0.455,-0.034,-0.058,0.032,1894,0,0
3674453,10.166,1.068,0.491,-0.071,-0.068,0.0,1889,0,0
3674473,10.247,1.039,0.304,-0.026,-0.082,-0.023,1884,0,0
3674493,10.123,1.14,0.132,-0.017,-0.028,-0.02,1881,0,0
3674513,10.142,1.216,0.165,-0.039,0.001,-0.005,1879,0,0
3674533,10.02,1.015,0.294,-0.109,0.037,0.011,1879,0,0
3674553,10.063,1.003,0.381,-0.071,0.036,0.004,1875,0,0
3674573,9.998,1.034,0.347,-0.017,0.023,-0.009,1872,0,0
3674593,10.051,0.955,0.405,-0.015,0.011,0.01,1869,0,0
3674613,10.07,1.037,0.393,-0.03,0.002,0.03,1860,0,0
3674633,10.108,1.03,0.323,-0.071,0.003,-0.004,1860,0,0
3674653,10.101,0.97,0.302,-0.043,0.006,-0.017,1858,0,0
3674673,10.108,1.08,0.242,-0.013,0.01,0.006,1858,0,0
3674693,10.139,0.962,0.261,-0.071,0.013,0.017,1858,0,0
3674713,10.123,0.922,0.271,-0.091,0.027,-0.014,1858,0,0
3674734,10.113,1.025,0.321,-0.035,0.023,-0.026,1856,0,0
3674753,10.139,1.08,0.326,-0.031,0.016,0.003,1855,0,0
3674773,10.156,0.994,0.273,-0.066,0.013,0.019,1854,0,0
3674793,10.163,0.871,0.333,-0.101,-0.002,0.002,1852,0,0
3674813,10.029,0.943,0.342,-0.088,0.016,-0.022,1850,0,0
3674833,9.998,0.934,0.371,-0.061,0.002,-0.03,1848,0,0
3674853,10.027,0.979,0.311,-0.037,-0.001,-0.02,1847,0,0
3674873,10.077,0.977,0.254,-0.037,0.003,-0.022,1845,0,0
3674893,10.053,1.032,0.235,-0.08,0.016,-0.031,1844,0,0
3674913,10.032,1.044,0.357,-0.096,0.013,-0.037,1842,0,0
3674933,10.072,1.063,0.302,-0.041,0.007,-0.033,1842,0,0
3674953,10.084,1.161,0.242,-0.011,0.014,-0.021,1841,0,0
3674973,10.183,1.068,0.287,-0.05,0.014,-0.012,1840,0,0
3674993,10.209,0.95,0.292,-0.083,0.015,-0.009,1839,0,0
3675013,10.159,0.948,0.302,-0.063,0.025,-0.01,1839,0,0
3675033,10.139,0.986,0.338,-0.069,0.012,-0.014,1838,0,0
3675053,10.116,1.006,0.34,-0.052,-0.002,-0.022,1837,0,0
3675073,10.151,1.056,0.208,-0.014,-0.011,-0.02,1838,0,0
3675093,10.149,1.027,0.18,-0.066,-0.002,-0.01,1837,0,0
3675113,10.111,0.97,0.213,-0.099,0.014,-0.011,1834,0,0
3675133,10.034,1.039,0.254,-0.069,0.016,-0.038,1833,0,0
3675153,10.06,1.123,0.268,-0.01,0.009,-0.04,1831,0,0
3675173,10.113,1.183,0.266,-0.009,0.022,-0.004,1831,0,0
3675193,10.156,1.094,0.335,-0.081,0.029,0.009,1831,0,0
3675213,10.063,1.022,0.46,-0.108,0.026,-0.006,1830,0,0
3675233,10.053,1.025,0.46,-0.054,-0.013,-0.031,1830,0,0
3675254,10.092,1.238,0.347,0.008,-0.021,-0.027,1830,0,0
3675273,10.072,1.283,0.263,-0.013,0.001,-0.007,1829,0,0
3675293,10.053,1.123,0.362,-0.092,0.007,0.013,1827,0,0
3675313,10.039,0.996,0.338,-0.127,0.005,0.001,1825,0,0
3675333,10.051,0.922,0.287,-0.071,0.006,-0.01,1823,0,0
3675353,10.082,1.077,0.28,-0.033,0.011,-0.019,1823,0,0
3675373,10.099,1.065,0.362,-0.069,0.01,-0.022,1822,0,0
3675393,10.101,1.046,0.302,-0.087,0.014,-0.013,1822,0,0
3675413,10.113,0.998,0.33,-0.102,0.013,-0.019,1821,0,0
3675433,10.132,1.068,0.345,-0.071,-0.004,-0.04,1821,0,0
3675453,10.204,1.195,0.273,-0.01,-0.007,-0.028,1819,0,0
