3834261,10.171,0.845,0.261,-0.054,-0.003,-0.017,1775,0,0
3834280,10.113,0.931,0.153,-0.047,0.006,-0.019,1775,0,0
3834300,10.127,1.006,0.192,-0.059,0.02,-0.007,1775,0,0
3834320,10.111,0.927,0.29,-0.085,0.02,-0.003,1776,0,0
3834341,10.163,0.876,0.34,-0.035,0.012,-0.004,1773,0,0
3834360,10.187,0.867,0.318,-0.036,0.006,-0.005,1774,0,0
3834380,10.18,0.797,0.287,-0.083,0.006,-0.005,1775,0,0
3834400,10.159,0.778,0.242,-0.071,0.01,-0.013,1775,0,0
3834420,10.159,0.893,0.199,-0.053,0.025,-0.018,1775,0,0
3834440,10.135,1.02,0.273,-0.062,0.039,-0.022,1774,0,0
3834461,10.13,1.12,0.316,-0.072,0.032,-0.004,1775,0,0
3834481,10.166,0.996,0.34,-0.078,0.02,0.023,1775,0,0
3834500,10.118,0.833,0.328,-0.091,0.025,0.02,1774,0,0
3834520,10.089,0.713,0.292,-0.058,0.018,0.005,1774,0,0
3834540,10.084,0.723,0.256,-0.041,0.01,-0.014,1774,0,0
3834560,10.08,0.848,0.285,-0.075,0.011,-0.029,1774,0,0
3834580,10.096,1.027,0.294,-0.032,0.027,-0.027,1774,0,0
3834600,10.068,1.171,0.314,-0.047,0.023,-0.009,1774,0,0
3834621,10.077,1.058,0.33,-0.088,0.022,0.011,1775,0,0
3834640,10.104,0.898,0.405,-0.072,0.011,0.017,1774,0,0
3834660,10.113,0.804,0.453,-0.048,0.001,0.002,1774,0,0
3834681,10.106,0.776,0.283,-0.038,-0.008,-0.008,1773,0,0
3834700,10.092,0.816,0.211,-0.044,0.005,-0.015,1774,0,0
3834720,10.017,0.927,0.23,-0.059,0.022,-0.016,1774,0,0
3834740,10.039,0.974,0.275,-0.065,0.019,-0.015,1774,0,0
3834760,10.147,0.965,0.335,-0.071,0.021,-0.015,1775,0,0
3834781,10.161,0.989,0.345,-0.034,0.028,-0.007,1774,0,0
3834800,10.108,0.936,0.414,-0.053,0.021,0.003,1774,0,0
3834820,10.113,0.812,0.414,-0.097,0.004,0.006,1774,0,0
3834840,10.132,0.74,0.405,-0.088,-0.003,-0.01,1774,0,0
3834860,10.168,0.766,0.381,-0.051,-0.007,-0.023,1774,0,0
3834881,10.173,0.97,0.283,-0.015,-0.002,-0.016,1774,0,0
3834900,10.12,0.943,0.182,-0.081,0.001,-0.005,1775,0,0
3834920,10.072,0.84,0.223,-0.096,0.006,-0.002,1775,0,0
3834940,10.139,0.843,0.256,-0.085,0.004,-0.01,1775,0,0
3834960,10.178,0.9,0.266,-0.046,0.01,-0.019,1775,0,0
3834980,10.187,0.979,0.275,-0.041,0.017,-0.007,1774,0,0
3835001,10.07,0.895,0.275,-0.083,0.02,0.005,1774,0,0
3835020,10.065,0.816,0.309,-0.08,0.002,0.004,1774,0,0
3835040,10.147,0.874,0.285,-0.06,0.0,-0.001,1775,0,0
3835061,10.154,0.941,0.338,-0.045,0.014,-0.005,1775,0,0
3835080,10.087,1.015,0.29,-0.033,0.016,0.006,1775,0,0
3835100,10.113,0.907,0.249,-0.085,0.008,0.015,1774,0,0
3835120,10.106,0.788,0.306,-0.082,0.013,0.007,1775,0,0
3835141,10.084,0.831,0.359,-0.051,0.013,0.002,1774,0,0
3835160,10.044,0.867,0.321,-0.058,0.017,-0.005,1775,0,0
3835180,10.111,0.828,0.33,-0.071,0.02,-0.018,1775,0,0
3835200,10.13,0.86,0.318,-0.071,0.022,-0.028,1775,0,0
3835220,10.142,0.857,0.376,-0.088,0.029,-0.022,1775,0,0
3835240,10.087,0.852,0.433,-0.079,0.02,-0.017,1775,0,0
3835260,10.063,0.905,0.395,-0.086,0.011,-0.023,1774,0,0
3835280,10.065,0.96,0.359,-0.069,-0.001,-0.031,1774,0,0
3835300,10.123,1.065,0.235,-0.053,0.001,-0.029,1775,0,0
3835320,10.08,1.046,0.156,-0.069,0.02,-0.014,1775,0,0
3835341,10.065,0.919,0.237,-0.098,0.023,-0.001,1775,0,0
3835361,10.106,0.864,0.297,-0.07,0.025,-0.005,1775,0,0
3835380,10.149,0.857,0.383,-0.069,0.017,-0.015,1775,0,0
3835400,10.161,0.86,0.424,-0.065,0.014,-0.018,1776,0,0
3835421,10.192,0.836,0.4,-0.069,0.01,-0.012,1775,0,0
3835441,10.111,0.766,0.388,-0.122,0.009,-0.018,1775,0,0
3835460,10.027,0.792,0.388,-0.088,0.003,-0.034,1775,0,0
3835480,10.075,0.958,0.225,-0.021,-0.01,-0.039,1775,0,0
3835500,10.137,1.039,0.172,-0.071,0.004,-0.025,1775,0,0
3835520,10.041,0.955,0.189,-0.106,0.024,-0.022,1776,0,0
3835540,10.111,0.994,0.294,-0.074,0.018,-0.024,1775,0,0
3835560,10.154,1.015,0.328,-0.078,0.016,-0.019,1775,0,0
3835580,10.113,0.922,0.342,-0.065,0.009,-0.012,1775,0,0
3835601,10.089,0.948,0.283,-0.041,0.015,-0.017,1775,0,0
3835620,10.096,0.943,0.311,-0.077,0.014,-0.014,1775,0,0
3835640,10.163,0.879,0.311,-0.09,0.016,-0.011,1776,0,0
3835660,10.159,0.797,0.371,-0.065,0.021,-0.015,1775,0,0
3835680,10.094,0.912,0.409,-0.049,0.017,-0.029,1775,0,0
3835701,10.13,0.991,0.357,-0.088,0.006,-0.037,1776,0,0
3835720,10.156,1.058,0.309,-0.063,0.011,-0.029,1775,0,0
3835740,10.123,1.082,0.294,-0.063,0.017,-0.002,1776,0,0
3835760,10.087,0.965,0.311,-0.099,0.012,-0.001,1776,0,0
3835780,10.12,0.879,0.318,-0.081,0.008,-0.021,1775,0,0
3835801,10.123,0.982,0.254,-0.032,0.018,-0.028,1776,0,0
3835820,10.137,1.113,0.28,-0.038,0.031,-0.014,1776,0,0
3835840,10.166,1.056,0.357,-0.086,0.037,0.001,1776,0,0
3835861,10.127,0.905,0.436,-0.128,0.027,0.008,1774,0,0
3835880,10.12,0.792,0.462,-0.09,0.015,-0.008,1776,0,0
3835901,10.094,0.924,0.455,-0.033,0.009,-0.025,1776,0,0
3835921,10.048,1.132,0.35,-0.028,0.006,-0.013,1776,0,0
3835940,10.063,1.132,0.366,-0.079,0.005,0.006,1776,0,0
3835960,10.094,1.001,0.409,-0.128,0.01,0.012,1775,0,0
3835980,10.044,0.867,0.412,-0.091,0.011,-0.004,1776,0,0
3836001,10.044,0.903,0.381,-0.032,0.001,-0.018,1775,0,0
3836020,10.108,1.022,0.318,-0.045,0.004,-0.014,1776,0,0
3836040,10.137,1.037,0.311,-0.1,0.014,-0.003,1776,0,0
3836061,10.13,0.97,0.357,-0.11,0.012,-0.006,1776,0,0
3836080,10.108,0.948,0.342,-0.071,0.001,-0.005,1776,0,0
3836101,10.125,1.006,0.266,-0.027,0.0,-0.001,1776,0,0
3836120,10.168,0.967,0.285,-0.069,0.005,0.01,1775,0,0
3836140,10.137,0.747,0.256,-0.118,0.009,0.014,1776,0,0
3836161,10.149,0.632,0.33,-0.101,0.01,-0.017,1776,0,0
3836180,10.087,0.831,0.352,-0.036,-0.0,-0.04,1776,0,0
3836200,10.116,1.089,0.328,-0.014,-0.005,-0.031,1775,0,0
3836221,10.113,1.171,0.283,-0.068,0.012,-0.011,1775,0,0
3836240,10.101,1.015,0.302,-0.103,0.022,0.006,1776,0,0
3836260,10.111,0.871,0.426,-0.096,0.026,0.004,1776,0,0
3836280,10.075,0.807,0.546,-0.071,0.011,-0.009,1775,0,0
3836300,10.111,0.864,0.481,-0.054,-0.006,-0.018,1776,0,0
3836320,10.135,0.955,0.354,-0.075,-0.006,-0.026,1775,0,0
3836340,10.092,1.109,0.225,-0.055,0.008,-0.012,1775,0,0
3836360,10.092,1.128,0.182,-0.069,0.015,0.003,1775,0,0
3836380,10.094,0.936,0.235,-0.097,0.012,0.0,1775,0,0
3836400,10.111,0.857,0.254,-0.046,0.012,-0.004,1775,0,0
3836420,10.089,0.855,0.345,-0.038,0.02,-0.014,1775,0,0
3836440,10.046,0.816,0.409,-0.097,0.02,-0.026,1776,0,0
3836461,10.053,0.792,0.505,-0.09,0.006,-0.04,1775,0,0
3836480,10.063,1.039,0.536,-0.044,0.005,-0.046,1775,0,0
3836500,10.029,1.185,0.505,-0.059,-0.01,-0.044,1776,0,0
3836521,10.094,1.207,0.373,-0.087,-0.018,-0.024,1776,0,0
3836541,10.137,1.037,0.266,-0.101,-0.004,-0.006,1775,0,0
3836560,10.127,0.915,0.249,-0.094,0.006,-0.016,1776,0,0
3836580,10.142,1.006,0.261,-0.037,0.017,-0.018,1776,0,0
3836600,10.183,0.989,0.311,-0.067,0.014,-0.007,1775,0,0
3836621,10.214,0.922,0.366,-0.114,0.023,-0.006,1775,0,0
3836640,10.149,0.917,0.438,-0.073,0.019,-0.015,1777,0,0
3836660,10.144,1.02,0.419,-0.067,0.009,-0.016,1775,0,0
3836680,10.127,1.015,0.362,-0.084,0.002,-0.006,1775,0,0
3836700,10.142,1.063,0.304,-0.08,0.004,0.004,1775,0,0
3836721,10.13,1.03,0.318,-0.105,0.008,0.012,1776,0,0
3836740,10.125,0.967,0.338,-0.108,0.003,0.009,1775,0,0
3836760,10.101,0.931,0.321,-0.071,-0.007,0.003,1775,0,0
3836780,10.132,0.936,0.247,-0.06,-0.013,0.011,1776,0,0
3836800,10.092,0.86,0.215,-0.107,-0.009,0.013,1775,0,0
3836820,10.046,0.778,0.201,-0.106,-0.007,-0.009,1775,0,0
3836840,10.087,0.915,0.223,-0.038,-0.008,-0.019,1775,0,0
3836860,10.101,1.058,0.287,-0.04,-0.001,-0.004,1775,0,0
3836880,10.08,1.03,0.297,-0.098,0.005,0.003,1775,0,0
3836900,10.096,0.95,0.33,-0.103,0.007,0.001,1775,0,0
3836921,10.137,0.879,0.335,-0.085,0.001,-0.004,1775,0,0
3836940,10.101,0.874,0.381,-0.054,-0.015,-0.013,1776,0,0
3836960,10.125,0.965,0.311,-0.046,-0.015,-0.014,1775,0,0
3836980,10.116,0.977,0.232,-0.094,-0.004,-0.011,1775,0,0
3837000,10.116,0.953,0.294,-0.104,0.001,-0.013,1775,0,0
3837020,10.07,1.061,0.333,-0.05,-0.004,-0.019,1776,0,0
3837041,10.175,1.199,0.271,-0.03,-0.007,-0.007,1775,0,0
3837060,10.199,1.092,0.223,-0.083,0.007,0.015,1775,0,0
3837081,10.156,0.809,0.29,-0.125,0.012,0.02,1775,0,0
3837101,10.108,0.764,0.321,-0.067,0.007,-0.003,1775,0,0
3837120,10.092,0.967,0.34,-0.02,-0.005,-0.015,1775,0,0
3837140,10.044,1.137,0.28,-0.042,-0.015,-0.002,1775,0,0
3837161,10.07,1.092,0.225,-0.066,-0.008,0.017,1775,0,0
3837180,10.029,0.994,0.249,-0.081,0.0,0.018,1775,0,0
3837200,10.084,0.895,0.235,-0.065,-0.0,0.01,1775,0,0
3837220,10.135,0.781,0.227,-0.055,0.002,-0.0,1775,0,0
3837240,10.166,0.783,0.206,-0.052,0.01,-0.017,1775,0,0
3837260,10.183,0.852,0.249,-0.073,0.022,-0.023,1775,0,0
3837280,10.108,0.958,0.292,-0.076,0.021,-0.021,1775,0,0
3837300,10.116,1.001,0.304,-0.066,0.008,-0.011,1775,0,0
3837320,10.125,1.037,0.273,-0.043,0.009,-0.009,1776,0,0
3837341,10.137,1.075,0.235,-0.053,0.006,-0.003,1775,0,0
3837360,10.106,1.025,0.206,-0.066,0.015,0.006,1775,0,0
3837380,10.101,0.962,0.237,-0.069,0.013,0.006,1775,0,0
3837400,10.106,0.917,0.256,-0.042,0.009,0.01,1775,0,0
3837420,10.118,0.934,0.299,-0.054,0.005,0.002,1775,0,0
3837441,10.106,0.946,0.294,-0.064,0.005,-0.007,1775,0,0
3837460,10.056,1.001,0.259,-0.052,0.007,-0.011,1775,0,0
3837480,10.068,0.989,0.213,-0.063,0.007,-0.005,1775,0,0
3837500,10.108,1.006,0.287,-0.044,0.014,0.009,1774,0,0
3837520,10.113,0.931,0.328,-0.059,0.018,0.012,1774,0,0
3837540,10.072,0.769,0.244,-0.069,0.016,0.005,1774,0,0
3837561,10.065,0.74,0.256,-0.051,0.021,-0.017,1774,0,0
3837580,10.075,0.86,0.275,-0.034,0.02,-0.027,1774,0,0
3837600,10.104,0.994,0.285,-0.051,0.022,-0.025,1775,0,0
3837621,10.113,1.02,0.335,-0.071,0.013,-0.025,1774,0,0
3837640,10.185,1.02,0.254,-0.043,0.011,-0.019,1773,0,0
3837660,10.252,0.996,0.287,-0.055,0.032,0.003,1774,0,0
3837680,10.12,0.845,0.373,-0.115,0.027,0.007,1774,0,0
3837701,10.111,0.804,0.362,-0.067,0.006,-0.012,1774,0,0
3837720,10.072,0.984,0.259,-0.025,0.002,-0.008,1774,0,0
3837740,10.135,1.065,0.206,-0.041,0.008,0.001,1775,0,0
3837761,10.096,1.049,0.182,-0.064,0.014,0.003,1775,0,0
3837780,10.06,1.109,0.22,-0.054,0.021,0.014,1774,0,0
3837800,10.077,0.979,0.271,-0.058,0.015,0.029,1773,0,0
3837820,10.142,0.855,0.323,-0.032,0.013,0.015,1774,0,0
3837840,10.149,0.907,0.373,-0.025,0.011,0.003,1774,0,0
3837861,10.106,0.886,0.419,-0.058,0.008,0.014,1775,0,0
3837880,10.113,0.826,0.474,-0.084,-0.005,0.013,1774,0,0
3837900,10.125,0.85,0.424,-0.061,-0.009,-0.006,1774,0,0
3837920,10.094,0.946,0.271,-0.053,-0.009,-0.006,1774,0,0
3837940,10.118,0.967,0.194,-0.08,0.004,-0.006,1774,0,0
3837960,10.08,0.917,0.206,-0.098,0.018,-0.006,1774,0,0
3837980,10.127,0.924,0.254,-0.091,0.022,-0.002,1774,0,0
3838000,10.075,0.893,0.302,-0.092,0.027,-0.01,1774,0,0
3838021,10.068,0.915,0.304,-0.06,0.016,-0.007,1774,0,0
3838040,10.082,0.943,0.254,-0.068,0.01,-0.002,1775,0,0
3838061,10.116,0.905,0.273,-0.1,0.013,-0.004,1775,0,0
3838081,10.096,0.857,0.335,-0.078,0.01,-0.008,1775,0,0
3838100,10.068,0.893,0.29,-0.056,-0.001,-0.014,1775,0,0
3838120,10.118,0.929,0.199,-0.054,0.002,-0.007,1775,0,0
3838140,10.044,0.86,0.16,-0.089,0.009,-0.007,1774,0,0
3838161,10.106,0.766,0.254,-0.085,0.01,-0.013,1774,0,0
3838180,10.072,0.876,0.338,-0.051,0.021,-0.019,1775,0,0
3838201,10.089,0.871,0.364,-0.06,0.008,-0.021,1775,0,0
3838220,10.123,0.891,0.29,-0.064,-0.003,-0.03,1775,0,0
3838240,10.111,1.006,0.247,-0.055,0.0,-0.031,1774,0,0
3838261,10.125,1.039,0.326,-0.059,0.003,-0.017,1773,0,0
3838280,10.149,0.96,0.354,-0.078,-0.006,-0.011,1775,0,0
3838300,10.178,0.893,0.306,-0.059,-0.012,-0.011,1775,0,0
3838320,10.175,0.9,0.227,-0.06,-0.006,-0.012,1775,0,0
3838340,10.116,0.905,0.239,-0.086,0.0,-0.013,1774,0,0
3838360,10.077,1.018,0.256,-0.045,0.003,-0.013,1774,0,0
3838381,10.065,1.092,0.283,-0.055,0.003,-0.006,1774,0,0
3838400,10.127,0.994,0.316,-0.061,0.002,0.002,1774,0,0
3838420,10.132,0.958,0.247,-0.073,0.001,0.005,1775,0,0
3838440,10.12,0.84,0.244,-0.096,-0.001,-0.001,1774,0,0
3838461,10.096,0.85,0.294,-0.08,0.006,-0.019,1774,0,0
3838480,10.101,0.953,0.311,-0.039,-0.002,-0.021,1774,0,0
3838500,10.156,1.051,0.335,-0.062,-0.004,-0.008,1774,0,0
3838520,10.163,0.977,0.338,-0.1,-0.01,0.004,1774,0,0
3838540,10.156,0.989,0.376,-0.095,-0.017,-0.001,1774,0,0
3838560,10.18,1.032,0.39,-0.064,-0.03,0.002,1774,0,0
3838581,10.283,1.085,0.285,-0.064,-0.04,0.016,1774,0,0
3838601,10.309,0.917,0.218,-0.121,-0.034,0.026,1774,0,0
3838620,10.135,0.713,0.168,-0.154,-0.023,0.009,1774,0,0
3838640,10.108,0.675,0.065,-0.105,-0.014,-0.006,1774,0,0
3838660,10.202,0.828,0.029,-0.067,0.007,-0.024,1774,0,0
3838681,10.161,1.058,0.084,-0.123,0.026,-0.03,1773,0,0
3838700,10.053,1.068,0.192,-0.163,0.039,-0.024,1774,0,0
3838720,10.034,1.053,0.223,-0.16,0.034,-0.022,1774,0,0
3838740,10.202,1.008,0.132,-0.133,0.033,-0.018,1774,0,0
3838760,10.118,1.034,0.144,-0.126,0.052,-0.016,1774,0,0
3838780,10.099,0.96,0.057,-0.17,0.044,-0.004,1773,0,0
3838800,10.209,0.881,0.067,-0.153,0.059,-0.007,1773,0,0
3838820,10.195,0.931,0.278,-0.139,0.057,-0.014,1773,0,0
3838840,10.142,1.013,0.354,-0.113,0.042,-0.024,1774,0,0
3838861,10.12,1.025,0.381,-0.112,0.043,-0.013,1772,0,0
3838880,10.125,0.929,0.357,-0.158,0.054,-0.005,1773,0,0
3838901,10.154,0.814,0.481,-0.188,0.055,-0.023,1773,0,0
3838920,10.08,0.869,0.632,-0.165,0.056,-0.034,1774,0,0
3838940,10.077,0.982,0.68,-0.169,0.051,-0.047,1773,0,0
3838961,10.075,1.049,0.709,-0.187,0.047,-0.045,1773,0,0
3838980,10.092,1.03,0.728,-0.229,0.045,-0.04,1774,0,0
3839000,10.06,1.027,0.721,-0.248,0.044,-0.04,1773,0,0
3839020,10.036,1.034,0.646,-0.248,0.042,-0.033,1773,0,0
3839040,10.113,0.982,0.558,-0.27,0.058,-0.022,1774,0,0
3839061,10.072,0.898,0.611,-0.313,0.074,-0.015,1774,0,0
3839080,10.051,0.828,0.666,-0.321,0.064,-0.023,1774,0,0
3839101,10.087,0.838,0.618,-0.305,0.047,-0.022,1774,0,0
3839120,10.127,0.876,0.491,-0.269,0.041,-0.01,1774,0,0
3839140,10.063,0.862,0.429,-0.285,0.037,-0.001,1773,0,0
3839160,10.063,0.792,0.237,-0.301,0.029,0.003,1774,0,0
3839181,10.053,0.661,0.182,-0.265,0.024,0.005,1772,0,0
3839200,10.084,0.618,0.096,-0.2,0.021,-0.005,1773,0,0
3839220,10.048,0.639,0.06,-0.167,0.014,-0.005,1773,0,0
3839240,10.036,0.666,0.163,-0.148,0.008,-0.02,1772,0,0
3839261,10.003,0.723,0.271,-0.114,-0.014,-0.035,1772,0,0
3839281,10.003,0.857,0.294,-0.06,-0.03,-0.038,1773,0,0
3839300,9.996,0.936,0.247,-0.042,-0.027,-0.03,1772,0,0
3839320,9.977,1.003,0.33,-0.07,-0.017,-0.018,1772,0,0
3839341,9.998,0.888,0.33,-0.089,-0.018,-0.012,1774,0,0
3839360,9.974,0.79,0.33,-0.065,-0.019,-0.02,1773,0,0
3839380,9.962,0.814,0.306,-0.033,-0.022,-0.029,1774,0,0
3839400,10.056,0.876,0.354,-0.011,-0.025,-0.031,1774,0,0
3839420,10.022,0.936,0.283,-0.029,-0.029,-0.035,1774,0,0
3839441,9.95,0.95,0.28,-0.026,-0.039,-0.041,1774,0,0
3839460,10.056,0.965,0.168,0.026,-0.062,-0.039,1774,0,0
3839480,10.149,0.953,0.012,0.075,-0.056,-0.042,1773,0,0
3839500,10.084,0.977,0.005,0.055,-0.065,-0.047,1773,0,0
3839521,10.137,0.922,0.029,0.05,-0.075,-0.043,1772,0,0
3839540,10.25,0.934,0.029,0.14,-0.076,-0.046,1772,0,0
3839560,10.321,1.013,-0.005,0.159,-0.069,-0.046,1772,0,0
3839581,10.264,1.154,0.077,0.155,-0.047,-0.046,1773,0,0
3839600,10.209,1.209,0.163,0.128,-0.032,-0.035,1773,0,0
3839620,10.245,1.235,0.378,0.118,-0.017,-0.034,1773,0,0
3839640,10.283,1.211,0.481,0.1,-0.009,-0.036,1773,0,0
3839660,10.197,1.346,0.567,0.095,-0.001,-0.031,1773,0,0
3839680,10.235,1.401,0.611,0.049,0.002,-0.018,1774,0,0
3839700,10.238,1.427,0.711,-0.001,0.016,-0.008,1773,0,0
3839720,10.185,1.393,0.728,-0.025,0.01,0.009,1773,0,0
3839740,10.183,1.226,0.594,-0.054,0.004,0.021,1773,0,0
3839761,10.125,0.998,0.376,-0.094,0.014,0.016,1772,0,0
3839780,10.104,0.848,0.196,-0.103,0.031,-0.002,1772,0,0
3839800,10.075,0.836,0.28,-0.123,0.066,-0.014,1773,0,0
3839820,9.946,0.917,0.429,-0.122,0.07,-0.032,1773,0,0
3839840,9.996,1.013,0.417,-0.087,0.049,-0.03,1773,0,0
3839860,10.001,0.917,0.347,-0.119,0.041,-0.029,1773,0,0
3839880,9.993,0.769,0.311,-0.142,0.033,-0.041,1773,0,0
3839901,9.993,0.936,0.285,-0.091,0.035,-0.056,1773,0,0
3839920,9.91,1.166,0.249,-0.068,0.022,-0.048,1772,0,0
3839940,10.027,1.195,0.074,-0.064,-0.0,-0.019,1772,0,0
3839960,10.072,1.053,-0.067,-0.046,0.012,-0.002,1773,0,0
3839981,10.087,0.912,-0.038,-0.081,0.023,-0.009,1773,0,0
3840000,10.034,0.869,0.067,-0.021,0.011,-0.028,1773,0,0
3840021,10.034,1.082,0.086,0.073,-0.004,-0.021,1772,0,0
3840041,10.06,1.18,0.129,0.053,-0.011,-0.007,1773,0,0
3840060,10.032,1.027,0.113,-0.004,-0.017,-0.015,1773,0,0
3840080,10.001,0.96,0.029,0.019,-0.013,-0.038,1773,0,0
3840101,10.106,0.989,-0.115,0.082,0.001,-0.032,1773,0,0
3840121,10.197,1.003,-0.048,0.093,0.022,-0.033,1772,0,0
3840141,10.156,1.14,0.16,0.067,0.027,-0.033,1772,0,0
3840161,10.096,1.202,0.297,0.047,0.012,-0.037,1773,0,0
3840180,10.187,1.274,0.318,0.102,0.005,-0.033,1773,0,0
3840200,10.204,1.36,0.376,0.143,-0.004,-0.027,1772,0,0
3840220,10.214,1.362,0.383,0.103,-0.017,-0.017,1772,0,0
3840240,10.192,1.307,0.553,0.046,-0.014,-0.007,1772,0,0
3840260,10.084,1.192,0.658,0.016,-0.026,-0.015,1773,0,0
3840281,10.072,1.183,0.553,0.063,-0.045,-0.03,1772,0,0
3840300,10.116,1.219,0.378,0.046,-0.029,-0.027,1772,0,0
3840320,10.139,1.164,0.223,0.011,0.002,-0.021,1773,0,0
3840340,10.092,1.255,0.187,-0.017,0.043,-0.02,1771,0,0
3840360,10.02,1.279,0.208,-0.068,0.055,-0.014,1770,0,0
3840380,9.984,1.173,0.244,-0.1,0.064,-0.009,1770,0,0
3840400,9.955,1.089,0.273,-0.036,0.052,-0.018,1769,0,0
3840420,10.041,1.132,0.172,-0.006,0.035,-0.03,1766,0,0
3840440,10.027,1.14,0.105,-0.03,0.033,-0.031,1766,0,0
3840460,10.068,1.113,0.081,-0.047,0.034,-0.039,1765,0,0
3840481,10.058,1.219,0.225,-0.02,0.036,-0.043,1764,0,0
3840500,10.036,1.334,0.359,-0.013,0.017,-0.023,1764,0,0
3840520,10.084,1.235,0.378,-0.033,-0.01,-0.003,1763,0,0
3840559,10.092,1.03,0.225,-0.031,-0.017,-0.027,1762,0,0
3840571,10.096,1.077,0.232,-0.032,-0.01,-0.033,1762,0,0
3840581,10.065,1.14,0.249,-0.033,-0.004,-0.037,1761,0,0
3840601,10.089,1.18,0.239,-0.041,-0.01,-0.039,1762,0,0
3840620,10.139,1.314,0.182,-0.013,0.002,-0.035,1760,0,0
3840640,10.135,1.396,0.235,-0.042,0.017,-0.025,1754,0,0
3840661,10.139,1.326,0.292,-0.087,0.037,-0.016,1750,0,0
3840681,10.094,1.245,0.297,-0.074,0.035,-0.02,1749,0,0
3840700,10.111,1.252,0.237,-0.041,0.02,-0.025,1749,0,0
3840720,10.139,1.343,0.206,-0.026,0.027,-0.018,1750,0,0
3840741,10.166,1.276,0.259,-0.071,0.036,-0.006,1749,0,0
3840760,10.104,1.233,0.34,-0.081,0.043,-0.004,1749,0,0
3840780,10.032,1.226,0.421,-0.072,0.026,0.001,1749,0,0
3840800,9.991,1.295,0.419,-0.048,-0.002,-0.004,1749,0,0
3840820,10.034,1.264,0.306,-0.046,-0.01,-0.014,1748,0,0
3840841,10.036,1.403,0.117,-0.013,0.007,-0.014,1747,0,0
3840860,10.046,1.367,0.18,-0.074,0.019,0.005,1747,0,0
3840881,10.005,1.207,0.268,-0.089,0.021,0.022,1745,0,0
3840900,10.041,1.092,0.309,-0.075,-0.005,0.004,1746,0,0
3840921,10.127,1.116,0.268,-0.058,-0.007,-0.021,1745,0,0
3840940,10.08,1.336,0.338,-0.034,-0.015,-0.02,1747,0,0
3840961,10.106,1.338,0.29,-0.067,-0.035,-0.006,1745,0,0
3840980,10.113,1.298,0.175,-0.084,-0.028,0.004,1746,0,0
3841001,10.084,1.24,0.115,-0.073,-0.013,0.005,1746,0,0
3841021,10.072,1.245,0.096,-0.075,-0.002,0.001,1745,0,0
3841040,10.051,1.166,0.187,-0.078,0.0,-0.004,1745,0,0
3841061,10.104,1.173,0.11,-0.042,0.007,-0.001,1745,0,0
3841080,10.132,1.164,0.113,-0.066,0.024,0.001,1745,0,0
3841101,10.087,1.094,0.077,-0.121,0.049,-0.009,1745,0,0
3841120,10.017,1.13,0.115,-0.106,0.07,-0.03,1745,0,0
3841140,9.96,1.293,0.184,-0.051,0.062,-0.033,1746,0,0
3841160,10.051,1.432,0.218,-0.039,0.059,-0.012,1746,0,0
3841180,10.104,1.302,0.287,-0.079,0.056,-0.001,1747,0,0
3841200,10.13,1.171,0.388,-0.071,0.045,-0.005,1747,0,0
3841220,10.149,1.113,0.342,-0.066,0.03,-0.013,1747,0,0
3841240,10.161,1.166,0.316,-0.051,0.018,-0.015,1748,0,0
3841260,10.116,1.233,0.299,-0.051,0.015,-0.01,1748,0,0
3841281,10.111,1.202,0.302,-0.07,0.014,-0.008,1748,0,0
3841300,10.161,1.235,0.311,-0.082,0.009,-0.016,1747,0,0
3841320,10.144,1.314,0.223,-0.044,0.01,-0.014,1747,0,0
3841340,10.18,1.334,0.177,-0.049,0.01,0.005,1747,0,0
3841360,10.089,1.166,0.201,-0.095,0.011,0.009,1748,0,0
3841380,10.017,1.125,0.204,-0.046,0.008,-0.005,1748,0,0
3841400,10.039,1.267,0.165,0.007,0.007,-0.012,1748,0,0
3841420,10.032,1.343,0.072,-0.027,0.018,0.003,1747,0,0
3841440,10.056,1.331,0.136,-0.034,0.038,0.016,1748,0,0
3841461,10.003,1.29,0.259,-0.05,0.048,0.015,1747,0,0
3841480,10.094,1.255,0.366,-0.027,0.043,0.019,1749,0,0
3841500,10.099,1.188,0.395,-0.005,0.033,0.014,1748,0,0
3841520,10.118,1.149,0.464,-0.028,0.024,0.01,1749,0,0
3841541,10.132,1.19,0.453,-0.05,0.015,0.01,1748,0,0
3841560,10.13,1.245,0.505,-0.058,0.014,0.011,1749,0,0
3841580,10.161,1.214,0.407,-0.06,0.006,0.014,1749,0,0
3841600,10.12,1.202,0.397,-0.073,0.011,0.013,1750,0,0
3841620,10.108,1.183,0.409,-0.091,0.015,0.014,1751,0,0
3841640,10.041,1.25,0.467,-0.072,-0.002,0.014,1753,0,0
3841660,10.07,1.295,0.373,-0.071,-0.024,0.018,1750,0,0
3841681,10.149,1.183,0.244,-0.09,-0.022,0.029,1751,0,0
3841700,10.111,1.094,0.165,-0.09,0.0,0.026,1752,0,0
3841720,10.008,1.077,0.223,-0.099,0.005,0.017,1751,0,0
3841741,10.022,1.109,0.211,-0.108,-0.002,0.01,1753,0,0
3841761,9.991,1.097,0.275,-0.073,0.0,-0.001,1753,0,0
3841780,9.991,1.216,0.223,-0.025,-0.001,-0.004,1753,0,0
3841800,10.041,1.281,0.204,-0.049,0.008,0.003,1754,0,0
3841820,10.07,1.159,0.242,-0.107,0.021,0.022,1754,0,0
3841840,10.132,0.998,0.287,-0.088,0.02,0.017,1755,0,0
3841861,10.075,1.01,0.309,-0.08,0.013,-0.008,1755,0,0
3841881,10.118,1.092,0.326,-0.052,0.009,-0.021,1755,0,0
3841900,10.163,1.288,0.297,-0.036,0.016,-0.009,1755,0,0
3841920,10.106,1.262,0.28,-0.111,0.014,0.011,1755,0,0
3841941,10.101,1.089,0.256,-0.115,0.003,0.017,1756,0,0
3841960,10.137,1.128,0.201,-0.067,0.004,0.009,1757,0,0
3841980,10.199,1.161,0.215,-0.063,0.019,0.003,1757,0,0
3842000,10.166,1.166,0.268,-0.08,0.031,0.016,1757,0,0
3842021,10.094,1.13,0.225,-0.098,0.021,0.027,1758,0,0
3842040,10.07,1.051,0.275,-0.1,0.011,0.025,1758,0,0
3842061,10.017,1.001,0.249,-0.091,0.006,0.019,1759,0,0
3842080,10.036,1.027,0.175,-0.062,0.013,0.009,1759,0,0
3842100,10.02,1.063,0.124,-0.061,0.021,0.002,1760,0,0
3842120,10.013,1.046,0.168,-0.086,0.032,0.001,1760,0,0
3842141,10.017,1.053,0.261,-0.093,0.037,-0.005,1761,0,0
3842160,10.001,1.051,0.28,-0.095,0.038,-0.004,1762,0,0
3842180,10.02,1.073,0.359,-0.111,0.029,-0.01,1762,0,0
3842200,10.108,1.132,0.323,-0.106,0.024,-0.027,1763,0,0
3842220,10.135,1.202,0.342,-0.053,0.025,-0.023,1763,0,0
3842240,10.12,1.235,0.338,-0.063,0.022,-0.005,1764,0,0
3842260,10.12,1.137,0.259,-0.105,0.02,0.009,1765,0,0
3842281,10.063,1.104,0.287,-0.155,0.02,0.019,1764,0,0
3842300,10.18,1.063,0.357,-0.168,-0.029,0.012,1763,0,0
3842320,10.254,0.903,0.18,-0.083,-0.026,-0.028,1764,0,0
3842340,10.195,0.991,0.261,-0.014,-0.031,-0.093,1770,0,0
3842361,10.147,1.166,0.204,-0.083,-0.018,-0.1,1776,0,0
3842380,10.034,1.286,0.237,-0.223,-0.038,-0.084,1780,0,0
3842400,10.228,1.362,0.577,-0.284,-0.116,-0.069,1784,0,0
3842420,10.573,1.03,1.393,-0.126,-0.34,-0.056,1777,0,0
3842440,10.891,0.946,0.922,0.029,-0.545,0.036,1703,0,0
3842461,10.312,1.551,-0.563,0.003,-0.39,0.056,1591,0,0
3842480,9.785,1.961,-0.613,-0.024,-0.338,0.222,1520,0,0
3842500,9.859,2.272,0.268,-0.215,-0.545,0.471,1447,0,0
3842520,9.946,2.107,0.199,-0.704,-0.772,0.799,1362,0,0
3842541,10.151,2.025,-0.304,-0.646,-0.832,1.098,1302,0,0
3842561,9.864,1.87,-0.249,-0.349,-0.77,1.213,1255,0,0
3842580,9.055,0.713,-1.573,-0.264,-0.634,1.226,1202,0,0
3842600,9.079,-0.749,-1.975,-0.273,-0.551,0.901,1101,0,0
3842620,10.032,-1.997,-0.481,-0.368,-0.53,0.535,999,0,0
3842641,10.479,-2.914,-0.929,-0.016,-0.376,0.285,949,0,0
3842660,10.501,-1.662,-0.524,0.499,-0.298,0.037,923,0,0
3842680,10.683,-1.034,-1.283,0.505,-0.151,-0.156,921,0,0
3842700,10.233,-0.263,-1.085,0.367,-0.016,-0.233,919,0,0
3842720,10.582,-0.321,-1.616,0.411,0.037,-0.232,915,0,0
3842740,10.592,0.206,-1.75,0.479,0.195,-0.264,916,0,0
3842761,10.343,0.795,-1.47,0.461,0.294,-0.181,918,0,0
3842781,10.444,0.802,-1.472,0.414,0.401,-0.072,918,0,0
3842800,10.175,0.788,-0.943,0.278,0.416,0.011,921,0,0
3842820,10.278,0.522,-0.594,0.253,0.3,0.087,924,0,0
3842840,10.609,0.342,-0.687,0.278,0.301,0.115,924,0,0
3842860,10.242,0.654,-0.412,0.31,0.274,0.163,927,0,0
3842880,9.979,0.759,-0.254,0.262,0.146,0.23,930,0,0
3842900,10.139,0.419,-0.412,0.204,-0.003,0.285,934,0,0
3842920,10.317,0.448,-0.745,0.233,-0.023,0.313,936,0,0
3842940,10.18,0.498,-0.742,0.282,-0.019,0.376,939,0,0
3842960,10.034,0.177,-0.852,0.336,-0.01,0.421,940,0,0
3842981,9.752,-0.56,-0.843,0.294,-0.066,0.452,940,0,0
3843000,9.546,-1.626,-0.824,0.272,-0.158,0.436,944,0,0
3843020,9.728,-3.12,-1.362,0.258,-0.157,0.302,945,0,0
3843040,9.318,-4.087,-1.633,0.233,-0.088,0.103,948,0,0
3843060,8.815,-5.432,-1.901,0.055,-0.018,-0.142,951,0,0
3843095,8.095,-8.602,-2.545,-0.305,0.015,-0.859,958,0,0
3843106,8.04,-9.723,-3.206,-0.354,0.125,-1.189,959,0,0
3843120,7.726,-10.664,-3.962,-0.388,0.362,-1.7,960,0,0
3843140,6.96,-10.786,-4.219,-0.381,0.74,-2.391,962,0,0
3843161,5.334,-10.238,-3.388,-0.282,1.113,-3.223,963,0,0
3843181,3.735,-8.305,-1.35,-0.08,1.15,-3.878,965,0,0
3843200,3.766,-6.098,0.053,-0.021,1.096,-4.478,968,0,0
3843220,3.752,-2.327,1.01,0.182,1.264,-5.087,969,0,0
3843241,3.141,3.938,2.227,0.016,1.513,-5.296,970,0,0
3843261,1.216,10.609,4.609,-0.416,1.349,-4.866,969,0,0
3843280,2.263,14.277,4.717,-0.868,0.775,-4.175,970,0,0
3843300,3.783,15.67,3.881,-0.884,0.526,-3.734,970,0,0
3843320,4.183,18.397,3.567,-0.134,0.543,-3.433,971,0,0
3843340,3.733,26.372,3.484,0.378,0.234,-2.308,971,0,0
3843360,5.744,27.782,2.344,-0.501,0.069,-0.795,972,0,0
3843380,6.847,23.458,3.208,-0.597,0.128,0.271,972,0,0
3843401,7.563,20.707,3.838,0.231,-0.079,0.944,973,0,0
3843420,7.075,20.375,4.01,0.816,-0.253,1.565,974,0,0
3843440,6.68,19.853,3.469,0.841,-0.444,2.363,974,0,0
3843460,6.249,16.41,3.122,0.721,-0.478,3.069,975,0,0
3843481,5.291,12.785,3.196,0.754,-0.633,3.483,976,0,0
3843500,5.291,9.814,2.148,1.109,-0.774,3.687,976,0,0
3843520,4.987,8.009,1.037,1.394,-0.647,3.941,977,0,0
3843540,4.274,5.662,0.711,1.142,-0.482,4.197,978,0,0
3843561,4.058,2.634,0.421,0.859,-0.38,4.342,979,0,0
3843581,4.075,-0.584,0.182,0.602,-0.307,4.286,980,0,0
3843600,4.118,-3.352,-0.165,0.428,-0.309,4.098,981,0,0
3843620,4.436,-6.436,-0.706,0.31,-0.318,3.74,982,0,0
3843640,5.09,-9.639,-1.173,0.205,-0.281,3.225,984,0,0
3843660,5.777,-13.13,-1.331,0.014,-0.232,2.5,985,0,0
3843680,6.34,-15.945,-1.472,-0.097,-0.164,1.583,984,0,0
3843700,6.747,-17.176,-1.695,-0.262,-0.066,0.541,986,0,0
3843721,6.639,-17.011,-1.753,-0.623,0.112,-0.576,985,0,0
3843740,6.371,-15.761,-1.767,-0.881,0.283,-1.615,989,0,0
3843760,5.732,-13.755,-1.484,-0.863,0.416,-2.574,989,0,0
3843780,5.121,-11.205,-0.998,-0.678,0.501,-3.431,990,0,0
3843800,4.451,-7.398,-0.582,-0.559,0.55,-4.059,991,0,0
3843820,4.334,-3.979,-0.101,-0.953,0.588,-4.253,991,0,0
3843840,4.166,-3.97,0.591,-1.414,0.694,-4.666,991,0,0
3843861,3.208,-0.68,0.852,-0.698,0.952,-5.241,992,0,0
3843880,1.781,7.374,1.793,-0.548,0.991,-5.168,992,0,0
3843901,1.025,13.685,3.464,-1.402,0.851,-4.471,992,0,0
3843920,2.174,15.0,4.025,-1.958,0.647,-3.884,993,0,0
3843941,3.055,16.417,4.137,-0.944,0.593,-3.755,993,0,0
3843960,2.535,24.323,4.298,0.57,0.311,-3.154,994,0,0
3843980,4.307,29.434,2.576,0.007,0.026,-1.639,994,0,0
3844001,6.519,23.497,2.31,-0.848,0.107,-0.358,996,0,0
3844021,7.027,19.06,2.969,-0.223,0.129,0.188,996,0,0
3844040,6.981,18.402,3.199,0.494,0.066,0.749,996,0,0
3844060,6.452,16.738,3.749,0.466,-0.095,1.376,997,0,0
3844081,6.129,14.909,3.893,0.503,-0.246,1.866,998,0,0
3844100,6.184,13.513,3.481,0.605,-0.352,2.235,997,0,0
3844120,6.309,11.174,2.725,0.588,-0.392,2.572,997,0,0
3844140,5.768,8.66,2.504,0.605,-0.497,2.759,998,0,0
3844160,5.533,7.712,1.911,0.976,-0.574,2.822,998,0,0
3844180,6.038,7.223,0.927,1.047,-0.498,2.943,998,0,0
3844201,6.237,5.377,0.603,0.827,-0.371,3.059,1000,0,0
3844220,5.983,3.438,0.563,0.688,-0.329,3.093,999,0,0
3844240,5.897,1.927,0.122,0.671,-0.383,2.993,1000,0,0
3844261,6.814,0.596,-0.927,0.683,-0.347,2.915,1001,0,0
3844281,7.25,-0.876,-1.128,0.418,-0.198,2.873,1002,0,0
3844300,7.283,-3.455,-0.977,-0.051,-0.08,2.671,1002,0,0
3844320,7.235,-5.514,-0.69,-0.193,-0.108,2.275,1003,0,0
3844340,8.021,-6.539,-1.001,-0.066,-0.146,1.801,1004,0,0
3844360,8.758,-6.481,-1.214,-0.041,-0.05,1.311,1004,0,0
3844380,9.055,-6.203,-1.041,-0.076,0.069,0.825,1004,0,0
3844401,9.431,-5.057,-0.778,0.011,0.137,0.368,1005,0,0
3844420,9.448,-3.417,-0.225,-0.033,0.14,0.092,1005,0,0
3844440,9.586,-1.97,0.22,-0.118,0.022,-0.049,1005,0,0
3844460,10.051,-0.527,0.11,-0.141,-0.082,-0.153,1006,0,0
3844480,10.101,0.582,0.151,-0.139,-0.189,-0.222,1008,0,0
3844500,10.357,1.343,-0.232,-0.022,-0.295,-0.23,1007,0,0
3844520,9.941,2.289,-0.352,0.026,-0.339,-0.154,1015,0,0
3844540,9.254,3.61,-0.031,-0.37,-0.588,0.067,1023,0,0
3844560,10.173,2.598,-0.67,-0.975,-0.642,0.329,1038,0,0
3844580,10.908,0.462,-0.776,-1.097,-0.467,0.342,1053,0,0
3844601,9.055,0.201,-0.577,-0.604,-0.43,0.234,1079,0,0
3844621,9.431,0.395,-1.068,-0.482,-0.489,0.198,1123,0,0
3844640,9.601,0.886,-1.192,-0.617,-0.392,0.247,1174,0,0
3844660,9.893,1.125,-1.695,-0.949,-0.287,0.424,1253,0,0
3844680,10.034,0.122,-1.709,-1.339,-0.062,0.413,1364,0,0
3844700,9.093,-0.527,-2.55,-1.572,0.143,0.346,1503,0,0
3844720,10.341,-1.142,-4.281,-1.135,0.456,0.167,1625,0,0
3844740,11.681,-0.857,-2.377,-0.406,1.047,-0.057,1707,0,0
3844760,10.597,-0.359,1.269,0.054,1.295,-0.239,1760,0,0
3844780,9.821,-1.575,2.816,0.114,0.448,-0.258,1809,0,0
3844800,9.656,0.239,-1.073,-0.585,0.194,-0.058,1848,0,0
3844820,10.46,0.479,-1.204,-0.394,0.197,-0.03,1873,0,0
3844840,10.772,0.002,-0.527,-0.246,0.24,-0.108,1891,0,0
3844860,10.487,0.129,-0.455,-0.555,0.266,-0.191,1902,0,0
3844880,10.13,0.153,-0.747,-0.169,0.214,-0.229,1903,0,0
3844900,10.178,0.527,-0.51,0.225,0.136,-0.204,1904,0,0
3844920,10.331,0.893,-0.263,0.023,0.103,-0.14,1904,0,0
3844940,10.278,0.974,-0.007,-0.196,0.143,-0.117,1904,0,0
3844961,10.41,0.797,0.311,-0.148,0.039,-0.097,1904,0,0
3844980,10.53,0.795,0.227,-0.017,-0.018,-0.071,1903,0,0
3845001,10.353,0.666,-0.199,0.045,-0.013,-0.046,1901,0,0
3845021,10.027,0.73,-0.192,-0.034,0.007,-0.007,1898,0,0
3845040,10.197,0.417,-0.089,-0.103,-0.039,-0.007,1896,0,0
3845060,10.436,0.474,-0.141,-0.088,-0.013,-0.031,1891,0,0
3845081,10.187,0.522,-0.204,0.047,0.041,-0.048,1889,0,0
3845100,10.211,0.764,-0.184,0.074,0.046,-0.034,1882,0,0
3845120,10.056,0.565,-0.237,-0.072,0.068,-0.007,1879,0,0
3845141,10.022,0.565,0.089,-0.129,0.058,-0.009,1876,0,0
3845160,10.211,0.553,0.139,-0.071,0.013,-0.04,1876,0,0
3845181,10.309,0.622,0.053,-0.017,0.006,-0.045,1875,0,0
3845200,10.206,0.572,-0.089,-0.027,0.005,-0.057,1873,0,0
3845221,10.173,0.52,-0.211,-0.068,0.009,-0.071,1872,0,0
3845240,10.166,0.618,-0.177,-0.069,0.029,-0.066,1872,0,0
3845260,10.185,0.699,-0.069,-0.072,0.032,-0.042,1872,0,0
3845280,10.178,0.773,-0.031,-0.031,0.023,-0.059,1871,0,0
3845300,10.089,0.816,-0.218,0.003,0.043,-0.077,1870,0,0
3845320,10.127,0.831,-0.199,-0.02,0.035,-0.047,1867,0,0
3845341,10.151,0.857,-0.122,-0.11,0.039,-0.025,1865,0,0
3845360,10.092,0.826,0.002,-0.106,0.052,-0.027,1861,0,0
3845380,10.137,0.783,0.134,-0.053,0.02,-0.02,1857,0,0
3845400,10.281,0.876,0.014,0.013,-0.004,-0.009,1857,0,0
3845420,10.228,0.73,-0.062,-0.029,-0.001,0.011,1857,0,0
3845440,10.242,0.582,-0.103,-0.078,0.012,0.01,1856,0,0
3845460,10.139,0.548,-0.103,-0.116,0.043,0.014,1855,0,0
3845480,10.123,0.481,-0.026,-0.082,0.027,0.008,1855,0,0
3845500,10.252,0.493,-0.053,-0.053,0.025,-0.012,1855,0,0
3845520,10.226,0.666,-0.105,-0.015,0.026,-0.031,1855,0,0
3845540,10.25,0.773,-0.127,-0.044,0.029,-0.026,1855,0,0
3845560,10.183,0.692,-0.156,-0.097,0.035,-0.007,1854,0,0
3845581,10.154,0.608,-0.069,-0.084,0.044,-0.012,1854,0,0
3845600,10.087,0.682,-0.014,-0.03,0.037,-0.026,1853,0,0
3845621,10.104,0.747,0.055,-0.007,0.013,-0.027,1852,0,0
3845641,10.185,0.764,-0.005,-0.026,0.023,-0.017,1852,0,0
3845660,10.104,0.625,-0.041,-0.068,0.027,-0.012,1849,0,0
3845680,10.051,0.575,-0.014,-0.098,0.028,-0.021,1847,0,0
3845700,10.053,0.594,-0.045,-0.045,0.018,-0.033,1847,0,0
3845721,10.135,0.675,-0.041,0.018,0.006,-0.038,1845,0,0
3845740,10.252,0.824,-0.139,-0.021,0.022,-0.034,1845,0,0
3845760,10.206,0.781,-0.026,-0.092,0.039,-0.028,1844,0,0
3845780,10.099,0.725,0.048,-0.077,0.022,-0.027,1843,0,0
3845800,10.18,0.721,0.045,-0.016,-0.009,-0.025,1843,0,0
3845821,10.274,0.759,0.01,-0.011,-0.005,-0.021,1840,0,0
3845840,10.24,0.742,-0.043,-0.051,0.011,-0.016,1842,0,0
3845860,10.211,0.699,0.038,-0.057,0.007,-0.009,1841,0,0
3845880,10.156,0.742,0.096,-0.04,0.003,-0.01,1842,0,0
3845900,10.178,0.8,0.086,-0.026,-0.017,-0.016,1842,0,0
3845921,10.137,0.776,-0.057,-0.02,-0.015,-0.008,1842,0,0
3845941,10.139,0.785,-0.105,-0.06,-0.004,0.004,1842,0,0
3845960,10.13,0.704,-0.086,-0.104,0.006,-0.003,1841,0,0
3845980,10.048,0.723,-0.024,-0.046,0.012,-0.013,1840,0,0
3846000,10.041,0.871,-0.074,-0.029,0.01,-0.013,1840,0,0
3846020,10.108,0.852,0.031,-0.084,0.014,-0.006,1840,0,0
3846040,10.116,0.733,-0.007,-0.084,0.014,-0.003,1840,0,0
3846061,10.187,0.651,0.019,-0.07,0.005,-0.007,1840,0,0
3846080,10.211,0.62,0.029,-0.076,0.008,-0.014,1839,0,0
3846100,10.168,0.651,0.019,-0.067,0.005,-0.012,1839,0,0
3846120,10.151,0.663,-0.031,-0.078,-0.013,-0.023,1839,0,0
3846141,10.257,0.769,-0.091,-0.062,-0.015,-0.031,1839,0,0
3846161,10.235,0.898,-0.108,-0.036,-0.005,-0.023,1838,0,0
3846181,10.137,0.845,-0.11,-0.051,-0.012,-0.007,1837,0,0
3846200,10.135,0.74,-0.098,-0.054,-0.024,0.013,1835,0,0
3846220,10.223,0.642,-0.146,-0.062,-0.025,0.013,1836,0,0
3846241,10.209,0.654,-0.187,-0.057,0.004,-0.005,1836,0,0
3846260,10.084,0.752,-0.081,-0.035,-0.0,-0.004,1836,0,0
3846280,10.168,0.816,-0.18,-0.009,-0.021,0.006,1835,0,0
3846300,10.183,0.814,-0.156,-0.019,-0.012,0.01,1834,0,0
3846320,10.041,0.704,-0.172,-0.055,-0.002,0.02,1834,0,0
