3716090,10.116,1.405,0.321,-0.06,0.001,-0.006,1711,0,0
3716110,10.051,1.386,0.316,-0.066,0.009,0.002,1711,0,0
3716130,10.051,1.35,0.357,-0.086,0.005,0.008,1711,0,0
3716150,10.118,1.3,0.4,-0.064,0.0,0.001,1711,0,0
3716170,10.111,1.413,0.417,-0.026,0.006,-0.002,1712,0,0
3716190,10.077,1.456,0.426,-0.054,0.002,0.019,1711,0,0
3716210,10.082,1.276,0.407,-0.098,-0.012,0.027,1712,0,0
3716230,10.072,1.14,0.409,-0.096,-0.01,0.01,1712,0,0
3716250,10.053,1.243,0.342,-0.027,0.007,0.0,1711,0,0
3716270,10.051,1.377,0.393,-0.05,0.011,-0.004,1711,0,0
3716290,10.008,1.374,0.378,-0.103,0.012,0.006,1711,0,0
3716310,9.977,1.348,0.469,-0.102,0.012,0.011,1711,0,0
3716330,9.984,1.264,0.476,-0.083,-0.001,0.004,1712,0,0
3716350,10.027,1.312,0.34,-0.062,0.007,-0.014,1711,0,0
3716403,10.029,1.468,0.455,-0.071,0.025,0.002,1710,0,0
3716415,10.032,1.432,0.453,-0.088,0.009,0.01,1711,0,0
3716426,10.077,1.377,0.479,-0.113,-0.004,0.014,1712,0,0
3716437,10.07,1.29,0.431,-0.118,-0.004,0.01,1711,0,0
3716450,10.039,1.219,0.426,-0.08,-0.008,0.003,1711,0,0
3716470,10.017,1.286,0.364,-0.027,-0.014,-0.009,1711,0,0
3716490,10.01,1.413,0.294,-0.041,-0.008,-0.001,1711,0,0
3716510,10.001,1.336,0.268,-0.071,0.009,0.009,1710,0,0
3716548,9.989,1.171,0.397,-0.085,0.011,0.006,1710,0,0
3716559,10.005,1.14,0.457,-0.076,0.007,-0.002,1710,0,0
3716570,10.015,1.185,0.457,-0.047,0.005,-0.011,1710,0,0
3716590,10.111,1.288,0.448,-0.025,0.0,-0.023,1710,0,0
3716610,10.142,1.331,0.4,-0.047,0.013,-0.013,1710,0,0
3716630,10.065,1.283,0.486,-0.086,0.012,0.004,1711,0,0
3716650,10.048,1.276,0.539,-0.083,-0.009,-0.002,1711,0,0
3716670,10.058,1.36,0.457,-0.052,-0.015,-0.005,1711,0,0
3716698,10.104,1.3,0.326,-0.034,-0.016,0.007,1710,0,0
3716710,10.104,1.252,0.33,-0.049,-0.015,0.01,1710,0,0
3716730,10.034,1.269,0.292,-0.046,-0.004,0.013,1710,0,0
3716750,10.025,1.305,0.268,-0.078,-0.009,0.008,1711,0,0
3716770,10.046,1.243,0.292,-0.08,-0.005,0.001,1710,0,0
3716790,10.029,1.25,0.309,-0.039,0.003,-0.002,1711,0,0
3716810,10.056,1.231,0.316,-0.05,0.003,-0.001,1710,0,0
3716830,10.065,1.199,0.316,-0.078,0.007,0.0,1710,0,0
3716850,10.063,1.168,0.297,-0.084,0.013,-0.011,1711,0,0
3716870,10.003,1.283,0.39,-0.061,0.02,-0.023,1711,0,0
3716890,10.034,1.365,0.405,-0.048,0.002,-0.016,1710,0,0
3716910,10.113,1.381,0.369,-0.064,0.001,0.001,1710,0,0
3716930,10.072,1.29,0.333,-0.077,0.003,0.001,1710,0,0
3716950,10.041,1.259,0.287,-0.053,-0.002,-0.003,1710,0,0
3716970,9.981,1.29,0.292,-0.055,-0.001,-0.007,1710,0,0
3716990,10.072,1.279,0.287,-0.073,-0.005,-0.01,1710,0,0
3717010,10.106,1.279,0.283,-0.043,0.011,-0.012,1709,0,0
3717030,10.101,1.403,0.309,-0.026,0.023,-0.002,1710,0,0
3717050,10.075,1.405,0.373,-0.058,0.011,0.011,1709,0,0
3717070,10.116,1.302,0.445,-0.067,-0.006,0.019,1709,0,0
3717090,10.163,1.211,0.388,-0.067,-0.005,0.016,1710,0,0
3717110,10.104,1.164,0.397,-0.054,0.002,0.016,1710,0,0
3717130,10.02,1.226,0.357,-0.048,0.001,0.002,1710,0,0
3717150,10.039,1.31,0.357,-0.062,0.0,0.002,1710,0,0
3717170,10.06,1.288,0.283,-0.094,0.004,0.007,1710,0,0
3717190,10.063,1.176,0.302,-0.082,0.011,0.002,1710,0,0
3717210,10.005,1.192,0.302,-0.072,0.023,-0.004,1710,0,0
3717230,10.01,1.223,0.302,-0.085,0.02,-0.014,1710,0,0
3717250,10.065,1.283,0.292,-0.072,0.029,-0.02,1711,0,0
3717270,10.008,1.386,0.378,-0.07,0.03,-0.009,1710,0,0
3717290,10.036,1.3,0.369,-0.08,0.008,0.012,1710,0,0
3717310,10.087,1.135,0.311,-0.098,0.01,0.005,1710,0,0
3717330,10.01,1.094,0.316,-0.047,0.016,-0.022,1710,0,0
3717350,10.036,1.3,0.297,-0.014,0.007,-0.028,1709,0,0
3717370,10.075,1.353,0.285,-0.045,0.016,-0.01,1710,0,0
3717390,10.087,1.279,0.261,-0.081,0.018,0.002,1710,0,0
3717410,10.104,1.259,0.328,-0.071,0.014,0.0,1711,0,0
3717430,10.065,1.245,0.402,-0.052,0.015,-0.003,1710,0,0
3717450,10.178,1.314,0.417,-0.024,0.009,-0.002,1710,0,0
3717470,10.135,1.336,0.431,-0.046,0.015,0.011,1710,0,0
3717490,10.046,1.197,0.407,-0.102,-0.001,0.019,1711,0,0
3717510,10.058,1.113,0.385,-0.084,-0.002,0.013,1711,0,0
3717530,10.005,1.161,0.311,-0.053,0.003,-0.007,1710,0,0
3717550,10.022,1.293,0.196,-0.023,0.008,-0.015,1711,0,0
3717570,10.039,1.365,0.237,-0.052,0.027,0.005,1710,0,0
3717590,10.022,1.188,0.297,-0.117,0.035,0.02,1710,0,0
3717610,10.048,1.075,0.373,-0.088,0.025,0.005,1710,0,0
3717630,10.065,1.171,0.395,-0.045,0.018,-0.018,1710,0,0
3717650,10.082,1.322,0.34,-0.026,0.012,-0.018,1710,0,0
3717670,10.099,1.343,0.35,-0.061,0.013,-0.007,1710,0,0
3717745,10.077,1.25,0.297,-0.05,0.008,0.012,1710,0,0
3717757,10.063,1.226,0.328,-0.05,0.007,0.01,1711,0,0
3717769,10.029,1.219,0.35,-0.053,0.006,0.006,1710,0,0
3717780,10.029,1.207,0.373,-0.052,0.009,0.005,1711,0,0
3717791,10.051,1.243,0.388,-0.042,0.012,0.004,1710,0,0
3717802,10.051,1.283,0.345,-0.037,0.013,0.004,1710,0,0
3717814,10.048,1.295,0.373,-0.044,0.013,0.005,1711,0,0
3717830,10.077,1.247,0.381,-0.059,0.012,0.012,1710,0,0
3717891,10.029,1.101,0.431,-0.061,0.005,0.002,1711,0,0
3717903,9.986,1.085,0.4,-0.07,-0.008,-0.013,1710,0,0
3717914,10.003,1.118,0.369,-0.062,-0.013,-0.021,1710,0,0
3717926,10.044,1.149,0.34,-0.043,-0.013,-0.024,1710,0,0
3717937,10.056,1.257,0.314,-0.043,-0.008,-0.021,1710,0,0
3717950,10.063,1.317,0.309,-0.08,-0.003,-0.014,1711,0,0
3717970,10.07,1.283,0.338,-0.104,0.003,-0.008,1711,0,0
3717990,10.084,1.322,0.34,-0.052,0.006,-0.009,1710,0,0
3718039,10.127,1.147,0.196,-0.078,0.01,0.007,1711,0,0
3718053,10.151,1.109,0.271,-0.075,0.014,0.007,1711,0,0
3718064,10.13,1.12,0.297,-0.075,0.02,0.0,1712,0,0
3718075,10.113,1.137,0.318,-0.067,0.024,-0.006,1710,0,0
3718090,10.053,1.255,0.318,-0.047,0.025,-0.006,1710,0,0
3718110,10.063,1.264,0.371,-0.047,0.011,0.006,1710,0,0
3718130,10.12,1.178,0.328,-0.088,0.011,0.019,1711,0,0
3718150,10.082,1.073,0.314,-0.102,0.021,0.002,1711,0,0
3718170,9.993,1.123,0.338,-0.044,0.02,-0.015,1711,0,0
3718200,9.977,1.346,0.268,-0.033,0.007,0.004,1710,0,0
3718335,10.034,1.128,0.419,-0.071,0.001,-0.012,1710,0,0
3718355,10.077,1.188,0.292,-0.013,-0.008,-0.017,1709,0,0
3718375,10.065,1.25,0.287,-0.044,0.007,-0.007,1711,0,0
3718395,10.008,1.219,0.354,-0.091,0.016,-0.008,1710,0,0
3718415,10.099,1.19,0.429,-0.088,0.019,-0.014,1711,0,0
3718435,10.065,1.164,0.407,-0.076,0.027,-0.022,1711,0,0
3718455,10.077,1.233,0.46,-0.046,0.022,-0.027,1710,0,0
3718475,10.096,1.355,0.445,-0.046,0.015,-0.015,1709,0,0
3718495,10.13,1.286,0.453,-0.115,0.01,0.0,1709,0,0
3718515,10.171,1.104,0.443,-0.127,0.012,-0.003,1710,0,0
3718535,10.089,1.085,0.462,-0.057,0.003,-0.021,1710,0,0
3718555,10.123,1.358,0.402,-0.03,-0.011,-0.021,1710,0,0
3718575,10.113,1.372,0.271,-0.108,-0.007,-0.001,1710,0,0
3718595,10.108,1.14,0.23,-0.129,0.002,0.009,1710,0,0
3718615,10.036,1.051,0.211,-0.084,0.006,-0.01,1710,0,0
3718635,10.06,1.176,0.275,-0.037,-0.002,-0.018,1710,0,0
3718655,10.108,1.3,0.192,-0.077,0.013,-0.01,1709,0,0
3718675,10.068,1.223,0.292,-0.099,0.023,-0.01,1710,0,0
3718695,10.046,1.267,0.283,-0.06,0.022,-0.007,1710,0,0
3718715,10.027,1.279,0.342,-0.068,0.02,-0.002,1709,0,0
3718735,9.998,1.19,0.342,-0.084,0.014,-0.002,1709,0,0
3718755,10.046,1.156,0.35,-0.05,0.006,-0.009,1709,0,0
3718775,10.048,1.178,0.335,-0.051,0.011,-0.015,1711,0,0
3718795,10.017,1.226,0.359,-0.058,0.014,-0.013,1710,0,0
3718815,9.984,1.255,0.33,-0.069,0.014,-0.015,1709,0,0
3718835,10.046,1.202,0.33,-0.067,0.014,-0.023,1710,0,0
3718855,10.087,1.24,0.323,-0.055,0.028,-0.027,1710,0,0
3718875,10.111,1.274,0.4,-0.056,0.038,-0.023,1709,0,0
3718895,10.092,1.279,0.464,-0.068,0.022,-0.014,1709,0,0
3718915,10.142,1.219,0.474,-0.106,0.005,-0.01,1710,0,0
3718935,10.127,1.171,0.481,-0.076,-0.003,-0.014,1710,0,0
3718955,10.13,1.235,0.364,-0.034,-0.012,-0.006,1710,0,0
3718975,10.12,1.281,0.251,-0.063,-0.003,-0.006,1710,0,0
3718995,10.034,1.279,0.294,-0.093,0.007,-0.003,1710,0,0
3719015,10.044,1.276,0.357,-0.057,0.008,0.013,1710,0,0
3719035,10.044,1.188,0.373,-0.082,0.009,0.01,1710,0,0
3719055,10.07,1.118,0.29,-0.074,0.019,-0.001,1710,0,0
3719075,10.017,1.077,0.311,-0.088,0.024,-0.01,1710,0,0
3719095,10.046,1.089,0.335,-0.069,0.022,-0.02,1710,0,0
3719115,10.068,1.281,0.388,-0.029,0.017,-0.025,1710,0,0
3719135,10.072,1.384,0.39,-0.075,0.009,-0.01,1710,0,0
3719155,10.101,1.286,0.342,-0.078,-0.0,0.002,1710,0,0
3719175,10.082,1.214,0.29,-0.06,0.001,0.009,1710,0,0
3719195,10.051,1.209,0.278,-0.046,-0.005,-0.003,1709,0,0
3719215,10.135,1.259,0.273,-0.032,-0.007,-0.003,1710,0,0
3719235,10.094,1.176,0.323,-0.066,0.004,0.007,1710,0,0
3719255,10.077,1.08,0.302,-0.056,-0.002,0.007,1709,0,0
3719275,10.094,1.109,0.321,-0.047,0.008,-0.014,1709,0,0
3719295,10.025,1.211,0.347,-0.054,0.026,-0.028,1710,0,0
3719315,10.036,1.312,0.383,-0.044,0.028,-0.016,1710,0,0
3719335,10.108,1.307,0.383,-0.077,0.033,-0.003,1710,0,0
3719355,10.094,1.245,0.5,-0.088,0.032,-0.001,1710,0,0
3719375,10.077,1.219,0.539,-0.069,0.012,-0.009,1710,0,0
3719395,10.089,1.283,0.402,-0.035,0.001,-0.008,1710,0,0
3719415,10.039,1.24,0.304,-0.065,0.002,0.003,1710,0,0
3719435,10.053,1.142,0.263,-0.095,0.003,0.003,1710,0,0
3719455,10.022,1.123,0.316,-0.091,0.015,-0.01,1711,0,0
3719475,10.025,1.195,0.294,-0.052,0.016,-0.027,1709,0,0
3719495,10.065,1.36,0.273,-0.03,0.023,-0.022,1710,0,0
3719515,10.068,1.336,0.33,-0.072,0.033,-0.002,1710,0,0
3719535,10.072,1.128,0.445,-0.122,0.024,0.004,1711,0,0
3719555,10.123,1.085,0.503,-0.062,0.005,-0.01,1711,0,0
3719575,10.118,1.219,0.436,-0.011,-0.004,-0.018,1710,0,0
3719595,10.101,1.334,0.369,-0.036,-0.003,-0.006,1710,0,0
3719615,10.06,1.341,0.354,-0.065,-0.0,0.007,1710,0,0
3719635,10.082,1.293,0.333,-0.08,0.001,0.013,1709,0,0
3719655,10.039,1.161,0.373,-0.076,0.006,0.01,1710,0,0
3719675,10.094,1.154,0.311,-0.036,0.007,0.001,1710,0,0
3719695,10.099,1.245,0.345,-0.051,0.02,-0.001,1711,0,0
3719715,10.036,1.269,0.426,-0.086,0.021,0.006,1709,0,0
3719735,10.075,1.211,0.512,-0.079,0.005,0.013,1711,0,0
3719755,10.127,1.137,0.453,-0.062,-0.001,0.008,1711,0,0
3719775,10.068,1.149,0.412,-0.056,-0.004,0.004,1711,0,0
3719795,10.032,1.171,0.354,-0.073,-0.009,0.004,1711,0,0
3719815,10.025,1.18,0.309,-0.088,-0.013,0.001,1710,0,0
3719835,10.027,1.238,0.287,-0.058,-0.007,-0.003,1710,0,0
3719855,10.044,1.235,0.206,-0.047,-0.002,0.004,1710,0,0
3719875,10.068,1.214,0.28,-0.064,0.009,0.011,1711,0,0
3719895,10.094,1.147,0.354,-0.076,0.018,0.005,1711,0,0
3719915,10.072,1.204,0.517,-0.052,0.012,-0.001,1711,0,0
3719935,10.113,1.283,0.558,-0.052,-0.007,0.004,1710,0,0
3719955,10.18,1.214,0.579,-0.077,-0.022,0.016,1711,0,0
3719975,10.216,1.123,0.565,-0.084,-0.027,0.01,1711,0,0
3719995,10.264,1.168,0.52,-0.076,-0.036,0.007,1710,0,0
3720015,10.156,1.161,0.453,-0.103,-0.037,0.003,1711,0,0
3720035,10.13,1.104,0.314,-0.127,-0.033,0.011,1710,0,0
3720055,10.149,1.089,0.247,-0.131,-0.018,0.015,1709,0,0
3720075,10.099,1.058,0.213,-0.159,-0.008,0.004,1711,0,0
3720095,10.029,1.149,0.077,-0.144,0.007,-0.006,1710,0,0
3720115,10.046,1.109,-0.041,-0.148,0.027,-0.007,1710,0,0
3720135,10.092,1.07,-0.079,-0.153,0.052,-0.014,1710,0,0
3720155,10.046,1.164,0.041,-0.155,0.068,-0.038,1710,0,0
3720175,10.056,1.396,0.151,-0.099,0.074,-0.026,1711,0,0
3720195,10.106,1.367,0.275,-0.103,0.043,-0.014,1710,0,0
3720215,10.199,1.295,0.239,-0.101,0.039,-0.014,1710,0,0
3720235,10.036,1.288,0.345,-0.084,0.047,-0.011,1710,0,0
3720255,10.02,1.29,0.4,-0.086,0.041,-0.006,1710,0,0
3720275,10.068,1.422,0.587,-0.09,0.06,-0.005,1710,0,0
3720295,10.001,1.47,0.749,-0.115,0.063,0.015,1710,0,0
3720315,10.099,1.233,0.871,-0.172,0.05,0.03,1710,0,0
3720335,10.144,1.046,0.965,-0.219,0.061,0.014,1711,0,0
3720355,10.111,0.967,1.075,-0.208,0.051,-0.015,1711,0,0
3720375,10.106,1.118,1.02,-0.204,0.036,-0.027,1710,0,0
3720395,10.07,1.219,0.953,-0.263,0.025,-0.031,1710,0,0
3720415,10.13,1.173,0.749,-0.284,0.022,-0.019,1710,0,0
3720435,10.089,1.173,0.649,-0.307,0.036,-0.015,1710,0,0
3720455,10.056,1.116,0.618,-0.35,0.04,-0.007,1710,0,0
3720475,10.025,1.113,0.512,-0.296,0.037,0.004,1711,0,0
3720495,10.101,1.08,0.393,-0.295,0.037,0.02,1710,0,0
3720515,10.025,1.013,0.369,-0.322,0.051,0.021,1710,0,0
3720535,9.972,0.879,0.414,-0.314,0.042,0.019,1709,0,0
3720555,10.01,0.771,0.333,-0.267,0.029,0.02,1711,0,0
3720575,10.032,0.709,0.33,-0.244,0.021,0.01,1710,0,0
3720595,10.015,0.802,0.335,-0.202,0.009,0.003,1710,0,0
3720615,9.996,0.86,0.467,-0.208,-0.014,-0.008,1710,0,0
3720635,9.934,0.941,0.378,-0.179,-0.029,-0.01,1710,0,0
3720655,9.953,0.912,0.316,-0.141,-0.047,-0.005,1710,0,0
3720675,9.969,0.977,0.158,-0.116,-0.042,-0.005,1711,0,0
3720695,9.962,0.953,0.165,-0.132,-0.041,-0.002,1711,0,0
3720715,9.991,0.905,0.122,-0.095,-0.026,0.003,1711,0,0
3720735,10.025,0.857,0.165,-0.06,-0.025,-0.017,1711,0,0
3720755,9.979,0.994,0.189,-0.02,-0.021,-0.034,1711,0,0
3720775,9.989,1.092,0.196,-0.004,-0.022,-0.022,1711,0,0
3720795,10.063,1.053,0.177,0.0,-0.009,-0.004,1711,0,0
3720917,10.046,1.075,0.144,0.058,-0.04,-0.037,1710,0,0
3720936,10.187,1.099,0.136,0.085,-0.034,-0.038,1710,0,0
3720956,10.139,1.056,0.098,0.099,-0.037,-0.046,1710,0,0
3720976,10.171,1.015,0.022,0.136,-0.036,-0.063,1710,0,0
3720996,10.214,1.135,-0.005,0.167,-0.017,-0.066,1711,0,0
3721016,10.314,1.252,0.026,0.176,-0.003,-0.072,1711,0,0
3721036,10.276,1.425,0.048,0.183,0.011,-0.06,1711,0,0
3721057,10.226,1.58,0.196,0.166,0.019,-0.029,1710,0,0
3721076,10.206,1.563,0.318,0.138,0.031,-0.005,1710,0,0
3721206,10.127,1.456,0.989,-0.066,0.061,0.013,1710,0,0
3721225,10.06,1.346,1.063,-0.13,0.05,0.015,1710,0,0
3721245,10.013,1.204,0.946,-0.128,0.022,0.018,1711,0,0
3721265,10.077,1.132,0.733,-0.134,0.017,0.015,1710,0,0
3721285,10.106,0.982,0.524,-0.181,0.039,0.003,1710,0,0
3721305,9.974,1.077,0.575,-0.204,0.066,-0.008,1710,0,0
3721325,9.881,1.058,0.622,-0.216,0.063,-0.006,1711,0,0
3721345,9.91,1.051,0.524,-0.187,0.058,-0.007,1711,0,0
3721366,9.984,0.962,0.4,-0.215,0.048,-0.014,1711,0,0
3721385,9.993,0.836,0.316,-0.208,0.052,-0.024,1711,0,0
3721405,9.972,0.905,0.287,-0.194,0.052,-0.042,1712,0,0
3721425,9.96,0.986,0.318,-0.15,0.045,-0.038,1711,0,0
3721445,9.998,1.077,0.18,-0.099,0.036,-0.029,1712,0,0
3721465,10.046,0.982,0.074,-0.121,0.031,-0.031,1710,0,0
3721485,10.084,0.994,0.053,-0.084,0.045,-0.031,1711,0,0
3721506,9.979,1.089,0.151,-0.034,0.037,-0.038,1712,0,0
3721525,9.948,1.197,0.247,-0.0,0.016,-0.028,1711,0,0
3721657,10.034,1.358,0.493,0.108,0.008,-0.022,1710,0,0
3721677,10.058,1.314,0.658,0.05,0.024,-0.024,1711,0,0
3721697,10.072,1.29,0.785,0.004,0.034,-0.027,1711,0,0
3721717,10.106,1.267,0.855,0.006,0.032,-0.042,1711,0,0
3721737,10.12,1.336,0.905,0.007,0.029,-0.042,1711,0,0
3721757,10.108,1.422,0.907,0.009,0.021,-0.029,1711,0,0
3721777,10.075,1.389,0.943,-0.063,-0.007,-0.01,1710,0,0
3721797,10.013,1.355,0.788,-0.079,-0.014,-0.011,1711,0,0
3721817,10.001,1.264,0.658,-0.064,-0.026,-0.015,1710,0,0
3721837,9.946,1.233,0.4,-0.048,-0.015,-0.019,1710,0,0
3721857,9.938,1.159,0.273,-0.073,0.001,-0.017,1711,0,0
3721877,9.934,1.111,0.29,-0.099,0.017,-0.021,1710,0,0
3721897,9.934,1.109,0.362,-0.098,0.031,-0.04,1711,0,0
3721917,9.955,1.207,0.448,-0.047,0.023,-0.065,1711,0,0
3721937,10.005,1.307,0.429,-0.01,0.012,-0.058,1710,0,0
3721957,10.044,1.298,0.402,-0.056,0.011,-0.04,1710,0,0
3721977,10.077,1.123,0.39,-0.085,0.003,-0.046,1711,0,0
3721997,10.104,1.161,0.429,-0.046,0.003,-0.068,1710,0,0
3722017,10.144,1.314,0.467,-0.015,0.001,-0.081,1709,0,0
3722037,10.18,1.468,0.462,0.013,-0.003,-0.055,1709,0,0
3722057,10.202,1.528,0.448,-0.027,0.008,-0.029,1710,0,0
3722077,10.195,1.365,0.539,-0.092,0.01,-0.024,1709,0,0
3722097,10.139,1.341,0.572,-0.044,0.008,-0.027,1710,0,0
3722117,10.111,1.391,0.541,-0.01,0.0,-0.011,1710,0,0
3722137,10.106,1.401,0.469,-0.029,0.003,-0.0,1707,0,0
3722157,10.058,1.374,0.51,-0.068,0.012,-0.002,1709,0,0
3722177,10.013,1.396,0.505,-0.083,0.023,-0.009,1710,0,0
3722197,10.013,1.41,0.534,-0.049,0.019,-0.015,1710,0,0
3722217,10.025,1.398,0.433,-0.052,0.01,-0.008,1710,0,0
3722237,10.063,1.319,0.438,-0.062,0.007,-0.003,1710,0,0
3722257,10.092,1.41,0.481,-0.053,0.013,-0.003,1710,0,0
3722277,10.096,1.434,0.496,-0.081,0.005,-0.001,1709,0,0
3722297,10.089,1.324,0.431,-0.091,-0.003,0.002,1710,0,0
3722317,10.104,1.281,0.357,-0.058,0.002,-0.006,1710,0,0
3722337,10.053,1.362,0.376,-0.065,0.015,-0.006,1711,0,0
3722357,10.053,1.465,0.373,-0.077,0.013,0.003,1710,0,0
3722377,10.132,1.446,0.407,-0.088,0.01,0.014,1709,0,0
3722397,10.132,1.403,0.436,-0.079,0.014,0.018,1709,0,0
3722417,10.032,1.346,0.481,-0.085,0.003,0.017,1709,0,0
3722437,9.996,1.319,0.46,-0.063,-0.01,0.018,1710,0,0
3722457,10.005,1.298,0.357,-0.069,-0.008,0.028,1709,0,0
3722477,9.996,1.226,0.352,-0.081,0.002,0.024,1710,0,0
3722497,9.993,1.24,0.338,-0.068,0.002,0.015,1710,0,0
3722517,9.972,1.243,0.397,-0.071,0.009,0.006,1710,0,0
3722537,9.931,1.209,0.433,-0.058,0.005,-0.006,1710,0,0
3722557,9.924,1.346,0.383,-0.013,0.007,-0.009,1708,0,0
3722577,9.953,1.353,0.362,-0.056,0.008,0.003,1710,0,0
3722597,10.022,1.247,0.4,-0.096,0.022,-0.0,1710,0,0
3722617,9.969,1.178,0.496,-0.077,0.02,-0.027,1711,0,0
3722637,10.06,1.195,0.505,-0.022,0.006,-0.031,1711,0,0
3722657,10.139,1.355,0.469,-0.024,0.011,-0.023,1710,0,0
3722677,10.151,1.324,0.546,-0.087,0.004,-0.023,1711,0,0
3722697,10.123,1.372,0.532,-0.08,-0.002,-0.025,1710,0,0
3722717,10.118,1.437,0.464,-0.042,-0.01,-0.019,1710,0,0
3722737,10.147,1.52,0.33,-0.026,-0.005,-0.002,1710,0,0
3722757,10.163,1.494,0.314,-0.069,0.016,0.02,1709,0,0
3722777,10.132,1.302,0.345,-0.11,0.041,0.031,1710,0,0
3722861,10.163,1.252,0.543,-0.107,0.002,0.011,1710,0,0
3722872,10.127,1.199,0.496,-0.107,-0.003,0.013,1710,0,0
3722884,10.116,1.195,0.431,-0.095,-0.006,0.015,1709,0,0
3722895,10.094,1.204,0.388,-0.09,-0.006,0.01,1710,0,0
3722905,10.101,1.204,0.338,-0.091,-0.005,0.013,1710,0,0
3722916,10.123,1.233,0.297,-0.1,0.006,0.017,1711,0,0
3722928,10.13,1.149,0.28,-0.105,0.019,0.021,1712,0,0
3723009,10.063,1.518,0.412,-0.046,0.005,0.002,1711,0,0
3723021,10.022,1.434,0.393,-0.064,0.003,0.006,1711,0,0
3723033,10.01,1.374,0.388,-0.047,0.001,0.004,1711,0,0
3723044,9.991,1.475,0.299,0.009,-0.005,0.003,1710,0,0
3723055,9.984,1.659,0.237,0.039,-0.002,0.015,1710,0,0
3723068,9.962,1.683,0.251,-0.014,0.008,0.037,1711,0,0
3723079,9.929,1.604,0.294,-0.073,0.014,0.059,1711,0,0
3723092,9.941,1.441,0.304,-0.08,0.017,0.074,1711,0,0
3723103,9.974,1.295,0.383,-0.059,0.019,0.072,1710,0,0
3723159,10.013,1.159,0.414,-0.0,0.012,0.048,1710,0,0
3723171,9.986,1.113,0.426,-0.04,0.014,0.046,1710,0,0
3723184,9.977,0.994,0.433,-0.071,0.015,0.04,1710,0,0
3723195,10.013,0.922,0.453,-0.075,0.019,0.028,1710,0,0
3723206,10.032,0.9,0.484,-0.058,0.026,0.009,1710,0,0
3723218,9.991,0.939,0.491,-0.031,0.028,-0.01,1710,0,0
3723237,10.027,1.166,0.467,-0.004,0.026,-0.02,1710,0,0
3723257,10.072,1.312,0.484,-0.04,0.03,-0.014,1711,0,0
3723308,10.111,1.154,0.524,-0.06,0.018,0.002,1711,0,0
3723319,10.108,1.195,0.481,-0.05,0.013,0.006,1710,0,0
3723462,10.072,1.07,0.51,-0.021,0.015,-0.01,1710,0,0
3723482,10.046,1.223,0.484,-0.027,0.019,0.011,1711,0,0
3723502,10.013,1.152,0.46,-0.085,0.02,0.026,1711,0,0
3723522,10.044,1.075,0.419,-0.076,0.022,0.018,1710,0,0
3723542,10.048,1.049,0.445,-0.05,0.025,0.002,1711,0,0
3723562,10.041,1.085,0.424,-0.037,0.025,0.002,1711,0,0
3723582,9.989,1.075,0.433,-0.05,0.027,0.007,1710,0,0
3723602,9.969,1.025,0.453,-0.059,0.024,-0.006,1711,0,0
3723622,10.013,1.13,0.472,-0.042,0.025,-0.019,1711,0,0
3723642,10.015,1.228,0.517,-0.044,0.031,-0.012,1711,0,0
3723662,9.996,1.168,0.57,-0.051,0.026,-0.007,1711,0,0
3723682,10.056,1.135,0.548,-0.043,0.017,-0.006,1711,0,0
3723702,10.089,1.166,0.565,-0.029,0.028,-0.01,1711,0,0
3723722,10.017,1.164,0.567,-0.074,0.026,-0.008,1711,0,0
3723742,10.065,1.07,0.579,-0.054,0.015,-0.007,1711,0,0
3723762,10.032,1.094,0.572,-0.038,0.012,-0.006,1711,0,0
3723782,10.077,1.14,0.491,-0.035,0.007,-0.013,1711,0,0
3723802,10.149,1.204,0.481,-0.059,0.017,-0.021,1711,0,0
3723822,10.111,1.238,0.541,-0.08,0.028,-0.016,1712,0,0
3723842,10.104,1.178,0.627,-0.07,0.018,0.006,1710,0,0
3723862,10.137,1.188,0.572,-0.06,0.011,0.007,1711,0,0
3723882,10.094,1.166,0.57,-0.081,-0.002,0.003,1711,0,0
3723902,10.027,1.13,0.52,-0.048,-0.006,0.013,1711,0,0
3723922,10.046,1.13,0.476,-0.044,-0.007,0.018,1710,0,0
3723942,10.036,1.092,0.433,-0.073,0.008,0.011,1711,0,0
3723962,9.979,1.082,0.484,-0.085,0.02,0.007,1711,0,0
3723982,9.967,1.027,0.532,-0.067,0.014,-0.002,1710,0,0
3724002,10.044,1.085,0.515,-0.037,0.012,-0.012,1712,0,0
3724022,10.027,1.168,0.476,-0.053,0.022,-0.014,1711,0,0
3724042,10.032,1.109,0.51,-0.095,0.021,-0.011,1711,0,0
3724062,10.084,1.116,0.548,-0.061,0.019,-0.01,1711,0,0
3724082,10.075,1.18,0.587,-0.049,0.01,-0.009,1711,0,0
3724102,10.106,1.14,0.539,-0.078,0.0,-0.005,1712,0,0
3724122,10.068,1.087,0.493,-0.088,-0.011,-0.009,1712,0,0
3724142,10.094,1.092,0.448,-0.061,-0.01,-0.005,1712,0,0
3724162,10.082,1.101,0.453,-0.07,-0.001,-0.005,1713,0,0
3724182,10.082,1.118,0.448,-0.079,0.001,-0.007,1712,0,0
3724202,10.075,1.149,0.455,-0.058,0.011,-0.014,1712,0,0
3724222,10.058,1.137,0.443,-0.077,0.015,-0.009,1712,0,0
3724242,10.089,1.063,0.441,-0.084,0.02,0.004,1713,0,0
3724262,10.094,1.046,0.491,-0.064,0.025,0.007,1712,0,0
3724282,10.096,1.039,0.51,-0.06,0.023,-0.002,1712,0,0
3724302,10.099,1.015,0.524,-0.078,0.017,-0.013,1712,0,0
3724322,10.068,1.053,0.512,-0.066,0.017,-0.018,1712,0,0
3724342,10.063,1.087,0.496,-0.072,0.02,-0.016,1712,0,0
3724362,10.077,1.065,0.445,-0.079,0.017,-0.014,1712,0,0
3724382,10.046,1.142,0.467,-0.06,0.026,-0.021,1712,0,0
3724402,10.12,1.245,0.467,-0.046,0.029,-0.02,1712,0,0
3724422,10.149,1.257,0.539,-0.043,0.038,0.001,1712,0,0
3724442,10.096,1.14,0.618,-0.1,0.032,0.02,1712,0,0
3724462,10.111,1.051,0.625,-0.111,0.014,0.009,1712,0,0
3724482,10.089,1.077,0.532,-0.074,0.012,-0.001,1712,0,0
3724502,10.039,1.13,0.56,-0.056,0.015,-0.003,1712,0,0
3724522,10.084,1.197,0.62,-0.049,0.008,0.011,1712,0,0
3724542,10.077,1.231,0.579,-0.074,0.009,0.02,1712,0,0
3724562,10.044,1.082,0.603,-0.125,0.013,0.019,1712,0,0
3724582,10.044,1.051,0.57,-0.101,0.003,0.014,1712,0,0
3724602,10.096,1.063,0.599,-0.069,0.001,0.004,1712,0,0
3724622,10.094,1.077,0.486,-0.061,0.006,0.006,1713,0,0
3724642,10.07,1.087,0.472,-0.083,0.015,0.012,1712,0,0
3724662,10.077,1.003,0.572,-0.148,0.027,0.016,1712,0,0
3724682,10.056,0.986,0.632,-0.13,0.016,0.005,1713,0,0
3724702,10.116,1.082,0.613,-0.059,0.003,-0.0,1713,0,0
3724722,10.068,1.034,0.496,-0.074,-0.001,-0.001,1712,0,0
3724742,10.111,1.144,0.429,-0.103,0.009,0.005,1713,0,0
3724762,10.048,1.192,0.596,-0.145,-0.008,0.042,1712,0,0
3724782,9.967,1.03,0.785,-0.167,-0.09,0.059,1711,0,0
3724802,10.252,0.998,0.63,-0.046,-0.172,0.029,1709,0,0
3724822,10.635,0.91,1.008,0.026,-0.223,0.01,1701,0,0
3724842,10.618,0.764,0.831,0.102,-0.372,-0.006,1665,0,0
3724862,10.235,0.97,0.481,0.247,-0.433,0.027,1539,0,0
3724882,9.802,1.211,0.218,0.362,-0.503,0.106,1457,0,0
3724902,9.79,1.484,-0.029,0.36,-0.557,0.203,1405,0,0
3724922,9.953,1.707,-0.163,0.127,-0.62,0.316,1351,0,0
3724942,10.173,1.429,0.201,-0.206,-0.713,0.435,1289,0,0
3724962,9.857,1.209,0.182,-0.473,-0.85,0.506,1233,0,0
3724982,9.778,1.03,0.01,-0.398,-1.065,0.497,1172,0,0
3725002,10.149,1.247,0.364,-0.344,-1.37,0.53,1096,0,0
3725022,10.132,1.044,0.249,-0.362,-1.561,0.632,1034,0,0
3725042,10.029,1.094,-0.666,-0.337,-1.577,0.69,976,0,0
3725062,10.312,-0.464,-3.17,0.019,-1.329,0.774,944,0,0
3725082,10.712,-1.046,-3.05,0.138,-0.913,0.483,916,0,0
3725102,10.271,-0.857,-2.866,0.124,-0.657,0.24,903,0,0
3725122,9.708,0.005,-2.382,0.201,-0.573,0.22,885,0,0
3725142,10.453,-0.115,-3.17,0.248,-0.444,0.165,879,0,0
3725162,10.772,0.781,-3.134,0.285,-0.129,0.156,874,0,0
3725182,10.36,1.372,-2.655,0.266,0.052,0.259,876,0,0
3725202,10.139,1.573,-2.164,0.311,-0.014,0.426,878,0,0
3725222,10.345,1.204,-2.143,0.321,-0.123,0.554,880,0,0
3725242,10.484,0.807,-2.48,0.329,-0.129,0.669,882,0,0
3725262,10.125,-0.038,-2.521,0.365,-0.079,0.747,886,0,0
3725282,9.311,-0.541,-2.322,0.355,-0.132,0.8,895,0,0
3725408,7.542,-8.282,-4.089,-0.272,0.516,-0.604,918,0,0
3725427,7.894,-9.412,-4.298,-0.452,0.763,-1.091,920,0,0
3725447,7.566,-9.747,-4.058,-0.566,1.192,-1.662,922,0,0
3725467,6.728,-9.055,-2.978,-0.762,1.446,-2.236,925,0,0
3725487,6.223,-7.891,-2.025,-0.934,1.573,-2.758,925,0,0
3725507,6.196,-6.965,-1.161,-0.924,1.666,-3.324,927,0,0
3725527,6.179,-5.164,-0.637,-0.45,1.835,-4.025,925,0,0
3725547,5.171,-0.673,0.577,-0.202,1.979,-4.411,929,0,0
3725567,3.965,4.171,2.787,-0.633,1.634,-4.141,929,0,0
3725587,5.073,7.606,3.268,-1.17,1.277,-3.747,930,0,0
3725607,6.558,10.077,2.909,-1.51,1.264,-3.249,932,0,0
3725627,6.29,11.677,4.527,-1.323,1.183,-2.963,933,0,0
3725647,6.17,15.766,5.782,-0.314,0.645,-2.671,934,0,0
3725667,7.403,22.525,4.398,0.155,0.177,-1.897,936,0,0
3725687,8.464,25.438,3.5,-0.307,0.178,-0.602,939,0,0
3725707,8.502,22.218,4.312,-0.228,0.108,0.497,941,0,0
3725727,9.103,19.257,3.867,0.484,-0.157,1.145,942,0,0
3725747,8.631,17.243,3.675,0.919,-0.364,1.747,942,0,0
3725767,8.15,14.595,3.649,1.173,-0.598,2.347,943,0,0
3725787,7.616,11.696,3.299,1.456,-0.79,2.837,944,0,0
3725807,7.18,9.103,2.385,1.564,-0.876,3.196,944,0,0
3725827,6.333,7.027,1.894,1.611,-0.906,3.478,945,0,0
3725847,5.746,4.851,1.276,1.516,-0.872,3.725,945,0,0
3725867,5.241,1.956,0.816,1.246,-0.804,3.919,946,0,0
3725887,4.903,-1.547,0.397,1.049,-0.777,3.91,947,0,0
3725907,5.069,-4.863,-0.34,1.033,-0.713,3.629,949,0,0
3725927,4.903,-7.544,-0.735,1.075,-0.626,3.187,950,0,0
3725947,5.6,-10.23,-1.712,0.878,-0.552,2.746,950,0,0
3725967,6.182,-13.98,-2.502,0.343,-0.363,2.08,951,0,0
3725987,6.457,-16.664,-3.043,-0.01,-0.134,1.191,952,0,0
3726007,6.491,-17.183,-3.043,-0.488,0.165,0.106,952,0,0
3726027,6.266,-16.659,-2.471,-0.943,0.351,-0.869,956,0,0
3726047,6.187,-15.28,-2.198,-1.013,0.471,-1.865,956,0,0
3726067,5.923,-12.409,-1.963,-0.892,0.62,-2.808,954,0,0
3726087,5.578,-9.148,-1.753,-0.911,0.859,-3.554,955,0,0
3726107,5.049,-6.218,-1.068,-1.144,1.077,-3.946,956,0,0
3726128,4.077,-3.984,0.812,-1.484,1.096,-4.18,957,0,0
3726147,4.041,-2.468,1.815,-1.343,0.958,-4.577,956,0,0
3726167,4.24,2.38,1.669,-0.941,0.992,-4.889,957,0,0
3726187,3.428,8.526,3.077,-1.042,1.041,-4.713,957,0,0
3726207,3.079,17.171,4.93,-1.36,0.698,-3.919,959,0,0
3726227,5.449,21.284,4.329,-1.668,0.548,-2.912,959,0,0
3726247,7.185,21.275,4.901,-1.208,0.467,-2.117,960,0,0
3726267,7.87,23.786,4.803,-0.12,0.192,-1.498,960,0,0
3726287,8.633,26.367,3.711,0.152,0.028,-0.407,961,0,0
3726307,9.397,22.434,2.942,0.018,0.007,0.767,962,0,0
3726327,9.06,17.822,3.369,0.315,-0.156,1.464,963,0,0
3726347,8.794,15.462,3.232,0.77,-0.36,1.961,964,0,0
3726367,8.116,14.099,3.292,0.976,-0.472,2.504,964,0,0
3726387,7.353,11.377,3.314,0.972,-0.609,3.018,965,0,0
3726407,6.895,8.212,2.808,1.07,-0.715,3.276,966,0,0
3726427,6.381,5.873,2.15,1.305,-0.784,3.408,968,0,0
3726447,5.61,4.039,1.367,1.157,-0.806,3.599,968,0,0
3726467,5.219,1.496,0.773,0.885,-0.798,3.7,970,0,0
3726487,5.145,-1.19,0.153,0.811,-0.726,3.594,972,0,0
3726507,5.382,-3.407,-0.632,0.773,-0.633,3.33,972,0,0
3726527,5.397,-5.186,-1.166,0.668,-0.519,2.98,972,0,0
3726547,5.856,-6.706,-1.645,0.53,-0.45,2.521,972,0,0
3726567,6.393,-7.93,-1.968,0.411,-0.337,2.077,972,0,0
3726587,7.128,-9.17,-2.32,0.281,-0.22,1.563,973,0,0
3726607,7.863,-9.711,-2.452,0.171,-0.083,0.941,973,0,0
3726627,8.291,-9.045,-2.002,0.015,0.059,0.366,973,0,0
3726647,8.693,-8.09,-1.59,-0.225,0.127,-0.077,974,0,0
3726667,9.12,-7.128,-1.195,-0.357,0.18,-0.502,974,0,0
3726687,9.407,-5.203,-0.91,-0.333,0.197,-0.86,975,0,0
3726707,9.716,-2.954,-0.769,-0.35,0.219,-1.069,975,0,0
3726727,9.919,-0.907,-0.469,-0.446,0.198,-1.124,975,0,0
3726747,10.197,0.682,-0.34,-0.484,0.131,-1.105,974,0,0
3726767,10.427,2.413,-0.333,-0.351,0.031,-1.024,975,0,0
3726787,10.64,3.244,-0.505,-0.216,-0.046,-0.818,975,0,0
3726807,10.549,3.689,-0.599,-0.12,-0.13,-0.529,975,0,0
3726827,10.477,3.412,-0.776,-0.302,-0.239,-0.249,975,0,0
3726847,10.367,2.207,-0.95,-0.471,-0.348,-0.05,976,0,0
3726867,10.374,1.286,-1.085,-0.454,-0.431,0.057,980,0,0
3726887,10.245,0.565,-1.511,-0.272,-0.42,0.054,981,0,0
3726907,10.041,0.642,-1.82,-0.177,-0.316,0.003,985,0,0
3726927,9.596,0.512,-1.697,-0.491,-0.199,-0.013,993,0,0
3726947,10.132,-0.06,-1.403,-0.81,-0.031,-0.061,1008,0,0
3726967,10.29,-0.453,-1.283,-0.727,0.141,-0.175,1050,0,0
3726987,9.462,0.429,-1.532,-0.449,0.256,-0.199,1121,0,0
3727007,9.857,0.261,-1.441,-0.637,0.259,-0.23,1205,0,0
3727027,9.809,0.548,-1.697,-0.936,0.353,-0.163,1288,0,0
3727047,10.539,0.297,-2.164,-0.999,0.5,-0.254,1367,0,0
3727067,10.556,-0.031,-2.629,-0.705,0.942,-0.388,1461,0,0
3727087,10.549,0.668,-3.405,-0.298,1.535,-0.455,1575,0,0
3727107,10.008,1.597,-1.001,-0.299,1.911,-0.338,1672,0,0
3727127,10.453,-0.089,3.464,-0.334,0.979,-0.459,1744,0,0
3727147,10.649,0.022,1.719,-0.954,0.683,-0.288,1807,0,0
3727167,10.08,1.331,0.345,-0.978,0.476,-0.149,1844,0,0
3727187,10.123,1.178,0.261,-0.378,0.355,-0.078,1868,0,0
3727207,10.317,0.91,0.553,-0.192,0.27,-0.084,1884,0,0
3727227,10.087,1.154,0.527,-0.328,0.309,-0.086,1895,0,0
3727247,9.84,1.171,1.015,-0.077,0.154,-0.085,1902,0,0
3727267,10.063,1.135,0.843,0.016,0.016,-0.036,1904,0,0
3727287,10.032,1.104,0.812,-0.25,0.056,0.034,1904,0,0
3727307,10.135,0.97,0.771,-0.151,-0.011,0.027,1904,0,0
3727327,9.984,1.099,0.515,-0.086,0.015,-0.015,1903,0,0
3727347,10.116,1.061,0.85,-0.066,-0.028,-0.027,1903,0,0
3727367,10.084,0.986,0.702,-0.074,-0.05,0.014,1902,0,0
3727387,10.209,0.97,0.644,-0.056,-0.099,0.039,1899,0,0
3727407,10.297,0.781,0.45,-0.139,-0.046,0.017,1897,0,0
3727427,10.048,0.816,0.364,-0.157,0.046,-0.017,1895,0,0
3727447,9.936,0.855,0.453,-0.082,0.004,-0.027,1892,0,0
3727467,10.082,0.819,0.601,-0.054,-0.044,-0.019,1890,0,0
3727487,10.056,0.883,0.539,-0.099,-0.017,-0.009,1887,0,0
3727507,10.116,0.836,0.565,-0.105,-0.007,-0.025,1885,0,0
3727527,10.089,0.994,0.505,-0.095,0.001,-0.048,1882,0,0
3727547,10.116,1.032,0.532,-0.075,0.008,-0.056,1877,0,0
3727567,10.111,0.97,0.445,-0.049,-0.001,-0.042,1874,0,0
3727587,10.281,1.015,0.445,-0.011,-0.009,-0.033,1871,0,0
3727607,10.173,1.154,0.548,-0.063,0.027,-0.021,1871,0,0
3727627,10.106,1.075,0.577,-0.091,0.027,0.004,1870,0,0
3727647,10.135,1.056,0.596,-0.091,0.017,0.021,1870,0,0
3727667,10.161,0.953,0.622,-0.094,0.01,0.006,1868,0,0
3727687,10.101,0.903,0.606,-0.033,0.0,0.003,1868,0,0
3727707,10.192,1.027,0.553,0.001,-0.035,0.011,1866,0,0
3727727,10.173,0.97,0.498,-0.107,-0.018,0.029,1864,0,0
3727747,10.144,0.781,0.505,-0.156,-0.009,0.03,1862,0,0
3727767,10.065,0.759,0.527,-0.056,-0.008,0.007,1862,0,0
3727787,10.104,0.974,0.381,0.024,-0.011,-0.012,1856,0,0
3727807,10.07,1.02,0.383,-0.026,0.004,-0.01,1853,0,0
3727827,10.075,0.886,0.294,-0.094,0.019,0.014,1850,0,0
3727847,10.044,0.699,0.385,-0.137,0.032,0.023,1847,0,0
3727867,10.07,0.625,0.417,-0.102,0.049,-0.015,1846,0,0
3727887,10.001,0.824,0.56,-0.005,0.052,-0.046,1845,0,0
3727907,10.041,1.109,0.515,0.044,0.03,-0.044,1844,0,0
3727927,9.984,1.068,0.498,-0.063,0.028,-0.01,1843,0,0
3727947,10.075,0.836,0.441,-0.115,0.014,0.006,1841,0,0
3727967,10.132,0.769,0.484,-0.095,0.021,-0.021,1840,0,0
3727987,10.087,0.903,0.584,-0.033,0.032,-0.043,1839,0,0
3728007,10.034,1.144,0.603,0.036,0.015,-0.045,1837,0,0
3728027,10.125,1.166,0.644,-0.03,-0.009,-0.0,1834,0,0
3728047,10.202,0.917,0.582,-0.123,-0.008,0.034,1831,0,0
3728067,10.151,0.716,0.613,-0.14,0.003,-0.001,1832,0,0
3728087,10.116,0.69,0.582,-0.065,-0.002,-0.061,1829,0,0
3728107,10.147,1.018,0.474,0.075,-0.005,-0.06,1825,0,0
3728127,10.104,1.159,0.421,0.021,0.015,-0.019,1825,0,0
3728147,10.087,0.991,0.543,-0.128,0.025,0.003,1825,0,0
3728167,10.094,0.91,0.702,-0.12,0.021,-0.024,1824,0,0
3728187,10.087,1.001,0.709,-0.042,-0.003,-0.033,1824,0,0
3728207,10.072,1.061,0.567,-0.022,-0.021,-0.013,1822,0,0
3728227,10.094,0.984,0.472,-0.048,-0.027,0.006,1820,0,0
3728247,10.096,1.008,0.491,-0.076,-0.009,-0.004,1818,0,0
3728267,10.065,1.01,0.479,-0.066,-0.003,-0.021,1815,0,0
3728287,10.101,1.07,0.429,-0.016,-0.007,-0.004,1815,0,0
3728307,10.118,1.018,0.371,-0.015,0.006,0.03,1812,0,0
3728327,10.101,1.022,0.424,-0.057,0.014,0.035,1812,0,0
3728347,10.139,0.903,0.603,-0.107,0.007,0.006,1811,0,0
3728367,10.151,0.974,0.62,-0.035,0.005,0.0,1810,0,0
3728387,10.132,1.075,0.517,0.016,-0.002,0.023,1808,0,0
3728407,10.044,1.013,0.484,-0.051,-0.028,0.047,1806,0,0
3728427,10.077,0.881,0.472,-0.117,-0.038,0.03,1800,0,0
3728447,10.12,0.618,0.381,-0.149,-0.027,-0.005,1796,0,0
3728467,10.132,0.675,0.33,-0.021,-0.008,-0.015,1793,0,0
3728487,10.089,0.948,0.357,0.053,0.001,-0.011,1793,0,0
3728507,10.106,1.039,0.357,-0.048,0.015,0.006,1792,0,0
3728527,10.087,0.948,0.481,-0.16,0.012,0.004,1792,0,0
3728547,10.118,0.766,0.548,-0.135,0.0,-0.005,1792,0,0
3728567,10.147,0.776,0.484,-0.019,0.001,-0.006,1792,0,0
3728587,10.154,0.922,0.484,-0.012,0.006,-0.012,1791,0,0
3728607,10.092,1.058,0.503,-0.081,0.006,-0.027,1791,0,0
3728627,10.068,1.049,0.472,-0.102,-0.015,-0.01,1790,0,0
3728647,10.096,0.962,0.402,-0.102,-0.008,0.022,1787,0,0
3728667,10.053,0.855,0.464,-0.096,0.002,0.015,1787,0,0
3728687,10.072,0.869,0.467,-0.047,-0.013,-0.007,1784,0,0
3728707,10.106,0.989,0.345,-0.008,-0.011,0.002,1782,0,0
3728727,10.068,0.891,0.283,-0.116,0.007,0.007,1782,0,0
3728747,10.077,0.723,0.393,-0.142,0.017,-0.007,1782,0,0
3728767,10.127,0.783,0.402,-0.043,0.013,-0.031,1781,0,0
3728787,10.139,1.008,0.474,-0.019,0.015,-0.034,1779,0,0
3728807,10.096,1.02,0.498,-0.055,0.022,-0.015,1779,0,0
3728827,10.084,1.013,0.484,-0.071,0.015,-0.003,1776,0,0
3728847,10.135,0.946,0.45,-0.097,-0.0,0.003,1778,0,0
3728867,10.123,0.883,0.405,-0.084,-0.006,-0.003,1777,0,0
3728887,10.099,0.936,0.424,-0.028,-0.006,-0.014,1776,0,0
3728907,10.135,1.02,0.381,-0.024,0.005,0.006,1776,0,0
3728927,10.101,0.939,0.378,-0.087,0.011,0.021,1776,0,0
3728947,10.075,0.869,0.467,-0.099,0.015,0.013,1775,0,0
3728967,10.113,0.917,0.529,-0.072,0.016,0.007,1776,0,0
3728987,10.08,0.907,0.5,-0.038,-0.001,0.009,1775,0,0
3729007,10.178,0.948,0.409,-0.01,-0.015,0.021,1774,0,0
