3608237,10.108,0.819,0.654,-0.052,0.015,-0.01,1787,0,0
3608257,10.092,0.915,0.634,-0.05,0.015,-0.012,1788,0,0
3608277,10.025,0.953,0.673,-0.052,0.008,-0.008,1787,0,0
3608297,10.036,0.982,0.62,-0.045,-0.001,-0.004,1787,0,0
3608317,10.116,0.972,0.589,-0.064,-0.001,-0.012,1787,0,0
3608337,10.113,0.936,0.582,-0.06,0.009,-0.012,1786,0,0
3608357,10.094,0.934,0.596,-0.053,0.01,-0.003,1788,0,0
3608377,10.077,0.91,0.57,-0.065,0.01,-0.004,1787,0,0
3608397,10.113,0.934,0.587,-0.058,0.027,-0.013,1788,0,0
3608417,10.101,0.955,0.62,-0.066,0.038,-0.014,1788,0,0
3608437,10.099,0.939,0.716,-0.062,0.031,-0.011,1787,0,0
3608457,10.084,0.939,0.735,-0.064,0.017,-0.005,1788,0,0
3608477,10.125,0.931,0.713,-0.065,0.011,0.001,1788,0,0
3608497,10.111,0.912,0.675,-0.079,0.014,-0.007,1787,0,0
3608517,10.099,0.97,0.587,-0.051,0.017,-0.012,1787,0,0
3608537,10.025,1.01,0.539,-0.046,0.018,-0.006,1787,0,0
3608557,9.996,1.015,0.522,-0.075,0.017,0.008,1787,0,0
3608577,10.065,0.891,0.52,-0.067,0.022,0.004,1787,0,0
3608597,10.058,0.874,0.543,-0.044,0.041,-0.002,1786,0,0
3608617,9.967,0.833,0.572,-0.06,0.046,-0.008,1786,0,0
3608637,10.003,0.845,0.69,-0.05,0.034,-0.025,1786,0,0
3608657,10.104,0.974,0.706,-0.046,0.033,-0.03,1786,0,0
3608678,10.096,0.977,0.745,-0.054,0.032,-0.033,1786,0,0
3608697,10.127,0.996,0.723,-0.044,0.023,-0.023,1786,0,0
3608717,10.13,1.037,0.709,-0.051,0.018,-0.016,1786,0,0
3608737,10.08,1.063,0.749,-0.067,0.014,-0.015,1787,0,0
3608757,10.089,1.068,0.749,-0.034,-0.001,-0.008,1786,0,0
3608777,10.111,1.08,0.678,-0.036,0.0,0.002,1786,0,0
3608797,10.094,0.991,0.618,-0.05,0.009,0.011,1786,0,0
3608817,10.063,0.912,0.678,-0.066,0.018,0.017,1786,0,0
3608837,10.044,0.836,0.766,-0.096,0.018,0.007,1786,0,0
3608857,10.087,0.821,0.737,-0.051,0.017,-0.011,1786,0,0
3608877,10.077,0.991,0.723,-0.03,0.025,-0.016,1785,0,0
3608897,10.053,1.003,0.735,-0.07,0.019,-0.005,1786,0,0
3608917,10.046,0.998,0.785,-0.087,0.01,-0.001,1785,0,0
3608937,10.053,0.996,0.783,-0.078,-0.001,-0.009,1786,0,0
3608957,10.077,1.046,0.704,-0.054,-0.002,-0.007,1786,0,0
3608977,10.053,1.025,0.637,-0.059,0.002,0.008,1785,0,0
3608997,10.058,1.001,0.553,-0.063,-0.003,0.014,1786,0,0
3609017,10.056,0.855,0.57,-0.1,-0.001,0.012,1784,0,0
3609037,10.056,0.725,0.618,-0.082,-0.007,-0.006,1786,0,0
3609057,10.104,0.85,0.572,-0.013,0.003,-0.02,1786,0,0
3609077,10.051,1.022,0.543,-0.022,0.016,-0.018,1785,0,0
3609097,10.063,1.039,0.579,-0.089,0.013,0.005,1786,0,0
3609117,10.094,0.91,0.646,-0.094,0.018,0.009,1786,0,0
3609137,10.106,0.833,0.704,-0.051,0.019,-0.007,1786,0,0
3609157,10.077,0.96,0.711,-0.003,0.017,-0.006,1786,0,0
3609177,10.056,1.046,0.725,-0.063,0.009,-0.0,1786,0,0
3609198,10.111,1.022,0.718,-0.075,0.002,0.007,1787,0,0
3609217,10.065,1.02,0.642,-0.04,-0.005,0.01,1786,0,0
3609237,10.096,1.003,0.601,-0.046,-0.004,0.018,1786,0,0
3609257,10.039,0.917,0.694,-0.06,0.006,0.018,1785,0,0
3609277,9.979,0.903,0.692,-0.051,0.004,0.013,1785,0,0
3609297,10.039,0.888,0.668,-0.06,-0.007,0.006,1784,0,0
3609317,10.072,0.869,0.603,-0.076,0.002,-0.003,1786,0,0
3609337,10.058,0.838,0.589,-0.049,0.014,-0.02,1785,0,0
3609358,10.118,0.977,0.682,-0.034,0.034,-0.013,1785,0,0
3609377,10.082,0.946,0.831,-0.111,0.029,-0.003,1786,0,0
3609397,10.082,0.795,0.804,-0.123,0.004,-0.009,1786,0,0
3609417,10.118,0.869,0.675,-0.037,-0.006,-0.022,1786,0,0
3609437,10.068,0.989,0.591,-0.042,0.002,-0.025,1785,0,0
3609457,10.06,0.991,0.594,-0.076,0.009,-0.008,1786,0,0
3609477,10.065,0.922,0.596,-0.114,0.017,0.001,1786,0,0
3609498,10.044,0.879,0.706,-0.086,0.016,-0.005,1784,0,0
3609517,10.072,0.907,0.702,-0.043,0.011,-0.015,1785,0,0
3609537,10.08,1.01,0.642,-0.054,0.014,-0.011,1785,0,0
3609557,10.072,0.96,0.639,-0.08,0.008,-0.001,1786,0,0
3609577,10.084,0.919,0.694,-0.084,0.004,0.002,1784,0,0
3609597,10.08,0.869,0.654,-0.075,0.002,0.002,1785,0,0
3609617,10.046,0.809,0.685,-0.087,0.003,-0.002,1785,0,0
3609637,10.039,0.867,0.678,-0.066,-0.005,-0.019,1785,0,0
3609657,10.058,0.974,0.589,-0.051,-0.006,-0.023,1785,0,0
3609677,10.056,1.001,0.587,-0.075,0.0,-0.011,1785,0,0
3609697,10.036,0.912,0.596,-0.101,0.002,-0.005,1785,0,0
3609717,10.108,0.838,0.567,-0.074,0.006,-0.009,1786,0,0
3609737,10.106,0.903,0.632,-0.063,0.011,-0.023,1786,0,0
3609757,10.06,1.018,0.682,-0.062,0.007,-0.025,1786,0,0
3609777,10.063,1.07,0.685,-0.052,-0.003,-0.009,1785,0,0
3609797,10.089,0.982,0.639,-0.078,-0.006,0.007,1785,0,0
3609818,10.104,0.838,0.63,-0.09,-0.002,0.003,1785,0,0
3609837,10.116,0.809,0.651,-0.074,0.003,-0.012,1785,0,0
3609857,10.135,0.874,0.642,-0.046,0.005,-0.022,1786,0,0
3609877,10.087,0.965,0.611,-0.062,0.006,-0.014,1786,0,0
3609897,10.063,0.994,0.63,-0.076,0.009,-0.007,1787,0,0
3609917,10.087,0.936,0.639,-0.082,0.004,-0.018,1785,0,0
3609937,10.099,1.001,0.553,-0.055,0.005,-0.023,1786,0,0
3609957,10.12,1.063,0.527,-0.048,0.012,-0.007,1785,0,0
3609977,10.099,1.051,0.611,-0.063,0.022,0.007,1786,0,0
3609997,10.118,0.979,0.706,-0.088,0.008,0.012,1785,0,0
3610018,10.111,0.881,0.694,-0.07,-0.005,0.012,1787,0,0
3610037,10.084,0.824,0.658,-0.051,-0.011,0.002,1787,0,0
3610057,10.089,0.857,0.618,-0.039,-0.01,-0.009,1784,0,0
3610077,10.053,0.922,0.536,-0.058,-0.007,-0.005,1786,0,0
3610097,10.039,0.888,0.517,-0.086,-0.001,-0.002,1785,0,0
3610117,10.056,0.898,0.541,-0.072,0.016,-0.006,1787,0,0
3610137,10.094,0.936,0.582,-0.05,0.024,-0.011,1787,0,0
3610157,10.08,0.946,0.601,-0.06,0.022,-0.009,1785,0,0
3610177,10.101,0.941,0.594,-0.063,0.014,-0.009,1784,0,0
3610197,10.161,0.922,0.539,-0.06,0.011,0.001,1785,0,0
3610217,10.137,0.95,0.627,-0.055,0.017,-0.001,1786,0,0
3610337,10.084,0.86,0.649,-0.054,0.014,0.003,1787,0,0
3610349,10.072,0.879,0.651,-0.046,0.013,0.001,1786,0,0
3610359,10.072,0.946,0.658,-0.033,0.012,-0.001,1785,0,0
3610370,10.058,0.941,0.634,-0.033,0.009,-0.001,1785,0,0
3610382,10.048,0.946,0.642,-0.041,0.005,-0.0,1786,0,0
3610393,10.044,0.934,0.608,-0.053,0.006,0.005,1786,0,0
3610404,10.063,0.907,0.603,-0.061,0.005,0.008,1786,0,0
3610415,10.08,0.862,0.615,-0.066,0.01,0.008,1786,0,0
3610474,10.017,0.881,0.632,-0.066,0.025,-0.013,1785,0,0
3610485,9.981,0.883,0.661,-0.069,0.026,-0.013,1785,0,0
3610496,9.998,0.922,0.642,-0.052,0.021,-0.015,1786,0,0
3610508,10.041,0.927,0.608,-0.039,0.016,-0.011,1788,0,0
3610519,10.082,0.946,0.558,-0.05,0.016,-0.004,1786,0,0
3610531,10.094,0.924,0.527,-0.07,0.017,-0.001,1787,0,0
3610541,10.125,0.843,0.52,-0.085,0.025,-0.004,1787,0,0
3610552,10.094,0.812,0.582,-0.079,0.031,-0.012,1786,0,0
3610630,10.154,0.814,0.548,-0.064,0.034,-0.014,1784,0,0
3610642,10.12,0.816,0.637,-0.052,0.036,-0.017,1785,0,0
3610653,10.101,0.864,0.733,-0.034,0.027,-0.02,1786,0,0
3610663,10.108,0.895,0.771,-0.023,0.013,-0.018,1786,0,0
3610674,10.12,0.941,0.742,-0.025,-0.001,-0.013,1785,0,0
3610685,10.151,0.955,0.69,-0.023,-0.009,-0.006,1785,0,0
3610696,10.163,0.97,0.622,-0.031,-0.009,-0.003,1786,0,0
3610707,10.154,0.955,0.608,-0.047,-0.001,-0.003,1786,0,0
3610773,10.08,1.003,0.766,-0.064,0.009,0.005,1785,0,0
3610947,10.072,0.804,0.848,-0.087,-0.002,0.027,1786,0,0
3610967,10.123,0.706,0.675,-0.066,-0.014,0.014,1785,0,0
3610987,10.137,0.795,0.594,-0.047,-0.003,-0.006,1784,0,0
3611007,10.075,0.922,0.555,-0.069,0.007,-0.001,1785,0,0
3611027,10.053,0.898,0.57,-0.083,0.013,0.013,1784,0,0
3611047,10.056,0.812,0.611,-0.098,0.013,0.013,1786,0,0
3611067,10.084,0.785,0.613,-0.072,0.017,0.001,1785,0,0
3611087,10.065,0.862,0.579,-0.057,0.028,0.001,1786,0,0
3611107,10.077,0.879,0.642,-0.073,0.028,0.004,1785,0,0
3611127,10.068,0.871,0.658,-0.091,0.019,0.002,1784,0,0
3611147,10.106,0.795,0.654,-0.076,0.011,-0.002,1786,0,0
3611167,10.104,0.833,0.673,-0.041,0.009,-0.005,1785,0,0
3611187,10.077,0.895,0.699,-0.055,0.016,0.001,1784,0,0
3611207,10.013,0.848,0.699,-0.096,0.005,0.003,1783,0,0
3611227,10.046,0.812,0.63,-0.079,0.002,-0.006,1782,0,0
3611247,10.075,0.85,0.56,-0.057,0.012,-0.019,1785,0,0
3611267,10.065,0.931,0.591,-0.035,0.023,-0.013,1784,0,0
3611287,10.07,0.869,0.627,-0.079,0.011,0.003,1784,0,0
3611307,10.113,0.73,0.639,-0.095,0.005,0.007,1784,0,0
3611327,10.089,0.67,0.582,-0.054,-0.002,-0.018,1784,0,0
3611347,10.089,0.85,0.575,-0.014,0.0,-0.025,1784,0,0
3611367,10.058,0.929,0.548,-0.041,-0.002,-0.018,1783,0,0
3611387,10.087,0.905,0.534,-0.067,0.004,-0.015,1783,0,0
3611407,10.099,0.967,0.63,-0.046,0.015,-0.015,1782,0,0
3611427,10.084,1.013,0.716,-0.042,0.022,-0.002,1783,0,0
3611447,10.051,0.953,0.781,-0.041,0.011,0.005,1783,0,0
3611467,10.13,0.857,0.709,-0.052,-0.001,0.01,1783,0,0
3611487,10.159,0.809,0.721,-0.07,0.012,0.003,1783,0,0
3611507,10.132,0.792,0.773,-0.065,0.013,0.0,1784,0,0
3611527,10.077,0.802,0.776,-0.073,0.006,-0.008,1784,0,0
3612006,10.092,0.991,0.527,-0.03,0.003,0.001,1783,0,0
3612026,10.048,0.91,0.57,-0.099,0.009,0.014,1783,0,0
3612046,10.087,0.776,0.618,-0.103,0.011,0.01,1783,0,0
3612066,10.068,0.764,0.685,-0.075,0.013,-0.006,1782,0,0
3612086,10.08,0.843,0.63,-0.039,0.012,-0.01,1783,0,0
3612106,10.08,0.871,0.611,-0.073,0.01,-0.007,1783,0,0
3612126,10.108,0.84,0.668,-0.103,0.006,-0.005,1782,0,0
3612146,10.125,0.833,0.692,-0.086,0.005,-0.006,1783,0,0
3612308,10.06,0.953,0.651,-0.14,-0.044,-0.012,1784,0,0
3612328,10.108,0.831,0.488,-0.164,-0.038,0.005,1783,0,0
3612348,10.154,0.728,0.472,-0.167,-0.014,-0.014,1782,0,0
3612368,10.113,0.809,0.536,-0.169,-0.002,-0.029,1784,0,0
3612388,10.151,0.977,0.441,-0.116,-0.004,-0.021,1784,0,0
3612408,10.23,1.01,0.33,-0.156,0.012,0.007,1784,0,0
3612428,10.242,0.888,0.326,-0.229,0.021,0.018,1782,0,0
3612448,10.204,0.785,0.385,-0.175,0.02,0.012,1783,0,0
3612468,10.209,0.931,0.311,-0.082,0.02,0.004,1783,0,0
3612488,10.123,1.049,0.294,-0.112,0.026,0.019,1783,0,0
3612508,10.092,0.924,0.357,-0.173,0.037,0.029,1783,0,0
3612528,10.132,0.809,0.472,-0.143,0.053,0.023,1784,0,0
3612548,10.13,0.917,0.649,-0.092,0.075,0.025,1783,0,0
3612568,10.065,0.939,0.828,-0.133,0.067,0.034,1783,0,0
3612604,10.053,0.613,0.977,-0.192,0.044,0.03,1784,0,0
3612616,10.046,0.517,0.977,-0.183,0.035,0.014,1783,0,0
3612628,10.063,0.572,0.919,-0.165,0.034,-0.002,1784,0,0
3612648,10.048,0.694,0.848,-0.169,0.037,-0.024,1784,0,0
3612668,10.039,0.759,0.843,-0.219,0.045,-0.022,1783,0,0
3612688,10.027,0.759,0.953,-0.257,0.052,-0.022,1782,0,0
3612708,10.046,0.733,0.967,-0.258,0.054,-0.022,1784,0,0
3612728,10.036,0.704,0.943,-0.258,0.049,-0.028,1783,0,0
3612748,10.029,0.673,0.821,-0.284,0.045,-0.023,1782,0,0
3612768,10.032,0.656,0.761,-0.278,0.037,-0.022,1783,0,0
3612788,10.139,0.646,0.658,-0.277,0.034,-0.017,1782,0,0
3612808,10.125,0.632,0.62,-0.298,0.049,-0.008,1783,0,0
3612828,10.02,0.567,0.649,-0.301,0.046,-0.009,1784,0,0
3612848,9.979,0.601,0.591,-0.25,0.032,-0.02,1782,0,0
3612868,10.06,0.735,0.441,-0.213,0.025,-0.016,1782,0,0
3612888,10.068,0.778,0.39,-0.226,0.031,0.002,1782,0,0
3612908,10.048,0.625,0.378,-0.204,0.019,0.007,1783,0,0
3612928,10.015,0.551,0.445,-0.143,-0.0,-0.007,1781,0,0
3612948,10.046,0.575,0.486,-0.118,-0.025,-0.014,1782,0,0
3612968,10.025,0.637,0.455,-0.102,-0.032,-0.025,1783,0,0
3612988,9.941,0.668,0.548,-0.075,-0.032,-0.023,1782,0,0
3613008,9.914,0.742,0.515,-0.063,-0.035,-0.0,1782,0,0
3613028,9.998,0.57,0.486,-0.107,-0.043,0.003,1782,0,0
3613048,10.005,0.46,0.445,-0.053,-0.031,-0.025,1783,0,0
3613068,9.991,0.582,0.462,0.01,-0.03,-0.041,1781,0,0
3613208,10.156,0.754,0.443,0.018,-0.018,-0.041,1781,0,0
3613228,10.161,0.735,0.5,0.021,-0.009,-0.038,1781,0,0
3613248,10.206,0.783,0.515,0.043,-0.007,-0.042,1782,0,0
3613268,10.125,0.871,0.52,0.043,-0.019,-0.042,1782,0,0
3613288,10.142,0.867,0.424,0.025,-0.026,-0.029,1783,0,0
3613308,10.221,0.833,0.342,0.044,-0.018,-0.033,1781,0,0
3613328,10.216,0.934,0.283,0.084,-0.011,-0.034,1781,0,0
3613348,10.209,1.022,0.35,0.076,-0.013,-0.028,1781,0,0
3613369,10.216,0.989,0.46,0.053,-0.009,-0.022,1779,0,0
3613389,10.187,1.032,0.536,0.099,-0.009,-0.021,1784,0,0
3613408,10.132,1.056,0.508,0.111,-0.004,-0.022,1782,0,0
3613523,10.247,0.905,1.025,-0.07,0.047,0.026,1781,0,0
3613534,10.254,0.812,0.984,-0.054,0.044,0.021,1781,0,0
3613545,10.297,0.771,0.967,-0.04,0.04,0.018,1781,0,0
3613556,10.312,0.819,0.943,-0.053,0.041,0.018,1784,0,0
3613567,10.305,0.843,0.96,-0.088,0.041,0.021,1781,0,0
3613577,10.262,0.848,0.931,-0.12,0.046,0.033,1780,0,0
3613588,10.154,0.833,0.941,-0.141,0.048,0.042,1781,0,0
3613809,9.936,0.697,0.429,-0.024,0.02,-0.045,1782,0,0
3613828,9.991,0.862,0.364,0.004,0.021,-0.054,1781,0,0
3613848,10.07,0.883,0.304,-0.006,0.025,-0.041,1781,0,0
3613868,10.123,0.879,0.359,0.009,0.042,-0.027,1781,0,0
3613889,10.123,0.8,0.515,0.002,0.053,-0.025,1781,0,0
3613908,10.084,0.84,0.632,0.042,0.051,-0.028,1780,0,0
3613928,10.06,0.891,0.673,0.05,0.033,-0.023,1780,0,0
3613948,10.12,0.804,0.649,0.02,0.013,-0.023,1780,0,0
3613968,10.156,0.749,0.627,0.039,0.011,-0.035,1781,0,0
3614104,10.108,1.046,0.776,0.035,0.045,-0.009,1781,0,0
3614123,10.044,1.037,0.989,-0.011,0.041,0.017,1782,0,0
3614143,10.005,0.867,1.068,-0.026,0.02,0.019,1782,0,0
3614163,9.991,0.735,0.967,-0.015,0.003,-0.002,1782,0,0
3614183,10.008,0.728,0.725,0.022,-0.012,-0.016,1782,0,0
3614204,10.044,0.785,0.606,0.009,-0.01,-0.011,1781,0,0
3614223,10.082,0.788,0.615,-0.049,0.01,-0.013,1781,0,0
3614251,10.022,0.792,0.716,-0.04,0.018,-0.028,1781,0,0
3614264,10.025,0.826,0.723,-0.027,0.01,-0.034,1781,0,0
3614283,10.039,0.86,0.644,0.007,-0.006,-0.038,1780,0,0
3614304,10.161,0.943,0.529,0.014,0.005,-0.023,1779,0,0
3614424,10.151,0.771,0.769,-0.073,-0.001,0.015,1776,0,0
3614443,10.123,0.69,0.706,-0.038,0.001,-0.003,1776,0,0
3614463,10.101,0.769,0.678,-0.029,0.012,-0.023,1776,0,0
3614483,10.053,0.922,0.692,-0.026,0.019,-0.031,1776,0,0
3614503,10.118,0.989,0.656,-0.062,0.019,-0.027,1776,0,0
3614523,10.084,1.075,0.704,-0.055,0.033,-0.011,1775,0,0
3614543,10.013,1.063,0.761,-0.058,0.027,0.003,1775,0,0
3614563,10.022,0.994,0.723,-0.058,0.006,0.012,1773,0,0
3614713,10.084,0.893,0.661,-0.062,0.007,-0.033,1767,0,0
3614733,10.108,0.989,0.634,-0.048,0.009,-0.023,1771,0,0
3614752,10.116,0.946,0.654,-0.079,0.01,-0.009,1770,0,0
3614772,10.125,0.85,0.704,-0.106,-0.003,-0.007,1769,0,0
3614792,10.111,0.893,0.656,-0.061,-0.007,-0.027,1768,0,0
3614812,10.065,0.958,0.611,-0.058,-0.002,-0.025,1770,0,0
3614832,10.063,0.924,0.613,-0.062,-0.006,-0.01,1768,0,0
3614860,10.116,0.8,0.539,-0.099,-0.002,-0.014,1767,0,0
3614872,10.127,0.776,0.524,-0.085,0.005,-0.022,1767,0,0
3614892,10.113,0.917,0.524,-0.037,0.017,-0.033,1766,0,0
3614912,10.082,1.006,0.558,-0.044,0.021,-0.019,1765,0,0
3614932,10.106,0.927,0.646,-0.093,0.015,0.0,1764,0,0
3615022,10.072,0.967,0.702,-0.088,0.0,0.007,1764,0,0
3615034,10.08,0.903,0.687,-0.09,-0.004,0.006,1764,0,0
3615047,10.101,0.852,0.668,-0.08,-0.002,0.001,1764,0,0
3615059,10.072,0.819,0.673,-0.057,-0.004,-0.005,1764,0,0
3615070,10.072,0.869,0.649,-0.03,-0.005,-0.004,1764,0,0
3615081,10.082,0.929,0.63,-0.018,-0.007,-0.002,1763,0,0
3615092,10.101,0.917,0.577,-0.038,-0.01,-0.001,1763,0,0
3615104,10.135,0.898,0.551,-0.074,-0.01,-0.003,1763,0,0
3615116,10.135,0.881,0.548,-0.088,-0.004,-0.01,1763,0,0
3615132,10.125,0.91,0.529,-0.06,0.01,-0.017,1764,0,0
3615152,10.099,1.01,0.577,-0.029,0.018,-0.005,1763,0,0
3615173,10.111,0.991,0.632,-0.065,0.023,0.014,1763,0,0
3615192,10.104,0.812,0.661,-0.089,0.011,0.007,1763,0,0
3615212,10.108,0.797,0.644,-0.052,0.008,-0.007,1763,0,0
3615233,10.065,0.929,0.658,-0.043,0.015,-0.008,1764,0,0
3615252,10.07,0.958,0.692,-0.071,0.013,-0.002,1763,0,0
3615273,10.065,0.955,0.69,-0.072,0.017,0.001,1763,0,0
3615292,10.084,0.948,0.723,-0.062,0.013,0.001,1763,0,0
3615312,10.07,0.941,0.656,-0.064,0.008,0.007,1764,0,0
3615333,10.051,0.781,0.613,-0.097,0.003,0.007,1764,0,0
3615352,10.08,0.728,0.567,-0.077,0.006,-0.008,1764,0,0
3615372,10.07,0.797,0.587,-0.056,0.018,-0.021,1763,0,0
3615392,10.068,0.867,0.67,-0.08,0.017,-0.016,1763,0,0
3615412,10.087,0.886,0.634,-0.087,0.012,-0.015,1763,0,0
3615432,10.048,0.881,0.62,-0.069,0.006,-0.023,1763,0,0
3615453,10.075,0.989,0.608,-0.045,0.007,-0.025,1763,0,0
3615472,10.092,1.044,0.639,-0.058,0.01,-0.008,1763,0,0
3615493,10.12,0.962,0.615,-0.073,0.005,0.009,1763,0,0
3615512,10.089,0.833,0.639,-0.086,0.001,0.007,1763,0,0
3615533,10.089,0.792,0.646,-0.065,0.002,-0.003,1764,0,0
3615552,10.101,0.819,0.634,-0.054,0.002,-0.014,1764,0,0
3615572,10.12,0.924,0.622,-0.041,0.005,-0.01,1764,0,0
3615592,10.065,0.888,0.579,-0.076,0.015,0.0,1763,0,0
3615612,10.029,0.804,0.611,-0.076,0.012,-0.003,1764,0,0
3615632,10.056,0.816,0.603,-0.066,0.009,-0.014,1764,0,0
3615652,10.075,0.912,0.608,-0.053,0.011,-0.018,1764,0,0
3615672,10.063,1.013,0.608,-0.044,0.022,-0.012,1764,0,0
3615692,10.051,0.96,0.613,-0.067,0.015,-0.003,1763,0,0
3615712,10.063,0.898,0.639,-0.069,0.014,0.0,1764,0,0
3615732,10.017,0.879,0.625,-0.04,0.01,-0.008,1764,0,0
3615752,10.036,0.886,0.548,-0.024,0.003,-0.008,1764,0,0
3615773,10.058,0.848,0.51,-0.067,0.014,-0.016,1764,0,0
3615792,10.077,0.778,0.546,-0.076,0.025,-0.022,1764,0,0
3615812,10.063,0.807,0.594,-0.027,0.031,-0.028,1764,0,0
3615832,10.075,0.852,0.642,-0.048,0.03,-0.029,1767,0,0
3615852,10.137,0.86,0.654,-0.062,0.018,-0.037,1766,0,0
3615872,10.166,0.886,0.601,-0.047,0.019,-0.035,1764,0,0
3615892,10.089,0.994,0.613,-0.026,0.029,-0.03,1765,0,0
3615912,10.058,1.025,0.611,-0.052,0.024,-0.023,1764,0,0
3615932,10.087,1.046,0.678,-0.044,0.024,-0.018,1765,0,0
3615953,10.104,1.018,0.711,-0.065,0.026,-0.011,1764,0,0
3615973,10.082,0.936,0.682,-0.046,0.023,-0.003,1764,0,0
3615992,10.08,0.888,0.675,-0.052,0.019,-0.006,1765,0,0
3616013,10.118,0.807,0.608,-0.065,0.023,-0.02,1766,0,0
3616032,10.051,0.898,0.663,-0.046,0.03,-0.039,1766,0,0
3616052,10.015,1.041,0.682,-0.033,0.023,-0.033,1765,0,0
3616072,10.036,1.039,0.608,-0.064,0.019,-0.017,1764,0,0
3616092,10.068,0.967,0.606,-0.076,0.026,-0.01,1765,0,0
3616112,10.075,0.919,0.656,-0.065,0.033,-0.025,1766,0,0
3616132,10.051,1.001,0.675,-0.039,0.027,-0.029,1766,0,0
3616153,10.089,0.984,0.639,-0.05,0.015,-0.019,1766,0,0
3616172,10.123,0.924,0.615,-0.067,0.021,-0.017,1765,0,0
3616192,10.099,0.936,0.625,-0.035,0.026,-0.022,1766,0,0
3616212,10.089,0.984,0.637,-0.046,0.027,-0.026,1766,0,0
3616232,10.137,1.003,0.658,-0.062,0.031,-0.016,1767,0,0
3616253,10.123,0.95,0.685,-0.062,0.035,-0.011,1767,0,0
3616272,10.099,0.936,0.804,-0.043,0.029,-0.008,1767,0,0
3616292,10.094,0.946,0.773,-0.047,0.014,-0.006,1768,0,0
3616312,10.142,0.936,0.752,-0.066,0.011,-0.004,1767,0,0
3616332,10.084,0.898,0.733,-0.061,0.01,-0.011,1768,0,0
3616352,10.084,0.979,0.709,-0.051,0.01,-0.017,1767,0,0
3616373,10.044,1.08,0.702,-0.045,0.013,-0.008,1766,0,0
3616392,10.02,1.056,0.668,-0.06,0.014,0.003,1768,0,0
3616412,10.053,0.96,0.661,-0.078,0.012,0.004,1768,0,0
3616432,10.02,0.85,0.654,-0.08,0.018,-0.001,1769,0,0
3616453,10.008,0.869,0.716,-0.047,0.029,-0.015,1769,0,0
3616473,9.977,0.982,0.718,-0.039,0.022,-0.027,1770,0,0
3616492,10.041,1.061,0.692,-0.053,0.001,-0.027,1768,0,0
3616513,10.118,1.022,0.634,-0.076,0.014,-0.029,1769,0,0
3616532,10.108,0.998,0.73,-0.061,0.026,-0.028,1769,0,0
3616552,10.068,1.075,0.759,-0.041,0.019,-0.019,1769,0,0
3616572,10.084,1.068,0.749,-0.071,-0.003,-0.016,1769,0,0
3616592,10.089,1.003,0.658,-0.07,-0.002,-0.006,1769,0,0
3616612,10.08,0.95,0.69,-0.051,0.008,-0.001,1770,0,0
3616632,10.111,0.929,0.711,-0.056,0.011,-0.022,1771,0,0
3616652,10.08,1.068,0.668,-0.042,0.02,-0.018,1770,0,0
3616673,10.015,1.075,0.713,-0.057,0.022,0.005,1770,0,0
3616692,10.111,0.936,0.737,-0.102,0.018,0.009,1770,0,0
3616713,10.092,0.838,0.781,-0.095,0.022,-0.013,1770,0,0
3616732,10.032,0.931,0.721,-0.042,0.017,-0.031,1771,0,0
3616752,10.058,1.053,0.678,-0.041,0.01,-0.023,1770,0,0
3616772,10.111,1.041,0.603,-0.093,0.02,-0.005,1771,0,0
3616792,10.072,0.941,0.654,-0.124,0.038,-0.011,1770,0,0
3616812,10.101,0.982,0.68,-0.098,0.045,-0.03,1768,0,0
3616832,10.046,1.13,0.857,-0.057,0.012,-0.027,1769,0,0
3616853,10.041,1.068,0.718,-0.096,0.025,-0.036,1769,0,0
3616872,10.185,1.022,1.02,-0.062,-0.052,-0.04,1766,0,0
3616893,10.606,0.931,1.233,0.022,-0.154,-0.017,1759,0,0
3616912,10.611,0.599,1.25,0.193,-0.238,0.01,1725,0,0
3616932,10.364,0.998,0.192,0.488,-0.092,-0.009,1609,0,0
3616952,9.922,1.559,-0.314,0.589,0.061,-0.052,1530,0,0
3616973,9.62,1.686,0.802,0.399,0.002,0.048,1484,0,0
3616992,10.329,1.453,2.028,0.12,-0.344,0.238,1412,0,0
3617013,10.448,0.915,1.274,-0.135,-0.497,0.46,1372,0,0
3617032,9.562,1.427,0.163,0.141,-0.583,0.554,1372,0,0
3617052,9.732,1.733,0.9,0.211,-0.799,0.597,1352,0,0
3617073,10.697,1.006,2.538,-0.215,-1.39,0.773,1296,0,0
3617092,9.601,1.599,0.965,-0.176,-1.515,1.071,1263,0,0
3617112,8.887,0.534,-2.298,0.299,-1.236,1.119,1193,0,0
3617132,9.06,-0.517,-2.2,0.164,-1.048,0.685,1101,0,0
3617152,11.164,-1.233,-0.804,-0.233,-0.831,0.34,1060,0,0
3617172,10.731,-1.726,-0.958,0.121,-0.682,0.238,1026,0,0
3617192,8.815,-0.318,-1.786,0.493,-0.677,0.118,1014,0,0
3617212,10.774,-0.448,-2.061,0.386,-0.568,0.052,1021,0,0
3617233,10.645,-0.929,-2.698,0.109,-0.28,-0.065,1023,0,0
3617252,10.214,-0.52,-2.255,0.303,-0.1,-0.137,1026,0,0
3617273,10.051,0.426,-2.097,0.333,-0.043,-0.059,1032,0,0
3617292,10.463,0.393,-2.406,0.195,0.079,0.071,1039,0,0
3617312,10.293,0.362,-2.164,0.144,0.223,0.166,1040,0,0
3617332,10.075,0.077,-1.568,0.118,0.202,0.201,1040,0,0
3617352,10.046,0.093,-1.257,0.185,0.115,0.199,1042,0,0
3617373,10.223,0.443,-1.355,0.241,0.058,0.233,1045,0,0
3617392,10.183,0.421,-1.334,0.194,0.043,0.273,1047,0,0
3617412,9.773,0.34,-1.075,0.172,-0.043,0.3,1054,0,0
3617433,9.955,0.017,-1.341,0.202,-0.167,0.335,1059,0,0
3617452,10.044,-0.479,-1.788,0.242,-0.127,0.343,1064,0,0
3617472,9.704,-0.994,-1.944,0.214,-0.093,0.364,1067,0,0
3617492,9.388,-2.049,-2.121,0.085,-0.083,0.337,1070,0,0
3617512,9.239,-3.364,-2.519,-0.1,-0.061,0.219,1072,0,0
3617532,8.83,-5.013,-3.01,-0.242,0.041,0.011,1074,0,0
3617552,8.717,-7.13,-3.859,-0.36,0.255,-0.374,1076,0,0
3617572,8.131,-8.727,-4.494,-0.314,0.541,-0.97,1080,0,0
3617592,7.094,-9.072,-4.705,-0.212,0.845,-1.602,1082,0,0
3617612,6.141,-9.392,-4.209,-0.165,1.046,-2.232,1084,0,0
3617632,6.563,-9.17,-3.618,0.002,1.353,-3.023,1085,0,0
3617652,6.95,-7.242,-2.294,0.354,1.797,-3.903,1087,0,0
3617672,4.858,-1.899,0.637,0.533,2.032,-4.373,1088,0,0
3617693,4.027,3.649,2.897,-0.026,1.442,-4.106,1088,0,0
3617712,5.801,6.388,2.449,-0.65,1.143,-3.797,1087,0,0
3617732,7.056,8.516,2.598,-0.889,1.237,-3.453,1087,0,0
3617752,5.986,12.27,4.602,-0.719,1.162,-3.105,1087,0,0
3617772,6.527,17.315,5.057,-0.603,0.582,-2.354,1087,0,0
3617792,8.322,19.23,4.029,-0.559,0.288,-1.507,1087,0,0
3617812,8.909,19.671,4.005,-0.28,0.199,-0.778,1087,0,0
3617832,8.978,18.931,4.065,0.407,-0.006,-0.183,1088,0,0
3617852,9.342,19.223,2.806,0.877,-0.198,0.524,1088,0,0
3617873,8.868,18.021,2.682,0.682,-0.257,1.367,1088,0,0
3617892,8.516,15.629,2.938,0.766,-0.39,2.065,1089,0,0
3617912,7.997,13.285,3.182,1.044,-0.548,2.594,1089,0,0
3617932,7.669,10.417,2.567,1.248,-0.726,3.038,1090,0,0
3617952,7.106,7.889,1.932,1.306,-0.764,3.362,1092,0,0
3617972,6.342,5.243,1.621,1.195,-0.816,3.691,1093,0,0
3617993,5.988,1.985,1.041,0.962,-0.891,3.85,1095,0,0
3618012,5.825,-1.192,0.247,0.807,-0.878,3.814,1096,0,0
3618032,5.806,-4.391,-0.496,0.669,-0.785,3.623,1097,0,0
3618052,5.768,-7.618,-1.319,0.483,-0.654,3.283,1098,0,0
3618072,5.737,-11.021,-2.049,0.101,-0.572,2.778,1098,0,0
3618093,6.357,-14.394,-3.024,-0.279,-0.421,2.02,1099,0,0
3618112,7.044,-16.151,-3.587,-0.513,-0.12,1.002,1101,0,0
3618132,6.864,-16.079,-3.472,-0.614,0.236,-0.124,1101,0,0
3618153,6.426,-14.518,-3.089,-0.654,0.479,-1.175,1103,0,0
3618173,6.112,-12.153,-2.974,-0.683,0.716,-2.066,1102,0,0
3618192,5.605,-9.646,-2.083,-0.751,0.871,-2.766,1103,0,0
3618212,5.411,-6.74,-1.329,-0.79,1.002,-3.264,1104,0,0
3618232,5.499,-4.559,-0.855,-1.053,1.166,-3.617,1104,0,0
3618252,5.102,-3.388,0.251,-1.132,1.371,-4.043,1104,0,0
3618272,4.085,1.13,1.592,-0.749,1.434,-4.359,1104,0,0
3618293,4.863,6.821,1.968,-1.092,1.346,-3.967,1104,0,0
3618312,5.435,8.887,3.505,-1.964,1.375,-3.415,1104,0,0
3618333,5.435,11.478,5.306,-2.067,1.277,-3.204,1104,0,0
3618352,5.447,15.354,6.864,-0.908,0.899,-2.947,1104,0,0
3618373,6.393,20.846,6.464,0.334,0.365,-2.369,1104,0,0
3618392,8.191,24.244,4.171,0.144,0.068,-1.206,1104,0,0
3618413,9.175,20.549,3.491,-0.466,0.17,-0.087,1105,0,0
3618432,8.971,16.424,4.18,-0.2,0.051,0.528,1105,0,0
3618453,9.098,14.066,4.137,0.305,-0.145,0.905,1105,0,0
3618472,8.736,13.381,4.329,0.741,-0.294,1.23,1106,0,0
3618492,8.583,12.186,3.955,0.983,-0.427,1.673,1107,0,0
3618512,8.387,10.123,3.407,0.916,-0.528,2.072,1106,0,0
3618532,7.58,8.588,3.539,0.855,-0.676,2.285,1107,0,0
3618552,7.638,7.396,2.662,1.031,-0.817,2.485,1107,0,0
3618572,7.329,6.768,2.03,1.075,-0.79,2.694,1109,0,0
3618592,6.993,5.42,1.532,0.904,-0.798,2.978,1110,0,0
3618613,6.759,2.794,0.867,0.593,-0.783,3.144,1110,0,0
3618632,6.299,1.152,0.591,0.48,-0.807,3.127,1111,0,0
3618652,6.821,-0.472,-0.256,0.519,-0.769,3.069,1111,0,0
3618672,7.049,-2.363,-0.687,0.384,-0.642,2.94,1114,0,0
3618692,6.967,-4.7,-0.998,0.179,-0.584,2.691,1115,0,0
3618713,7.058,-6.235,-1.425,0.073,-0.524,2.28,1116,0,0
3618732,7.491,-6.972,-1.755,-0.056,-0.463,1.912,1117,0,0
3618752,8.03,-8.018,-1.985,-0.263,-0.354,1.463,1118,0,0
3618772,8.547,-8.464,-2.059,-0.266,-0.248,0.916,1120,0,0
3618792,8.964,-7.834,-2.071,-0.144,-0.095,0.307,1120,0,0
3618812,8.914,-5.507,-1.662,-0.115,0.034,-0.105,1121,0,0
3618832,9.076,-3.381,-1.183,-0.268,0.04,-0.302,1122,0,0
3618852,9.206,-2.028,-0.646,-0.395,-0.056,-0.384,1122,0,0
3618873,9.457,-0.946,-0.259,-0.529,-0.274,-0.486,1122,0,0
3618892,9.677,-0.153,-0.383,-0.454,-0.461,-0.472,1125,0,0
3618912,10.072,0.51,-0.836,-0.427,-0.572,-0.4,1123,0,0
3618933,9.857,0.522,-1.482,-0.659,-0.543,-0.354,1118,0,0
3618952,10.309,0.101,-1.528,-0.753,-0.451,-0.495,1120,0,0
3618972,10.647,0.292,-1.65,-0.747,-0.282,-0.601,1137,0,0
3618992,10.396,0.124,-1.621,-0.685,-0.085,-0.573,1171,0,0
3619013,9.965,0.333,-2.081,-0.572,0.05,-0.493,1230,0,0
3619032,9.847,0.46,-1.676,-0.68,0.209,-0.507,1322,0,0
3619053,10.41,0.56,-1.808,-0.919,0.304,-0.525,1426,0,0
3619072,10.374,0.194,-2.313,-0.95,0.443,-0.498,1523,0,0
3619092,10.341,0.491,-3.115,-0.838,0.704,-0.481,1615,0,0
3619112,10.688,0.417,-2.787,-0.664,1.164,-0.567,1692,0,0
3619133,10.795,0.704,-2.48,-0.455,1.953,-0.509,1744,0,0
3619152,10.044,1.247,1.018,-0.216,1.739,-0.407,1773,0,0
3619172,9.72,-0.098,2.382,-0.156,0.925,-0.241,1802,0,0
3619192,9.349,0.998,0.828,-0.893,0.633,-0.281,1831,0,0
3619212,9.929,1.499,0.591,-0.881,0.408,-0.241,1846,0,0
3619233,10.386,1.147,0.778,-0.386,0.346,-0.171,1861,0,0
3619252,10.228,1.176,0.848,-0.326,0.332,-0.11,1872,0,0
3619272,9.955,1.199,0.895,-0.376,0.252,-0.089,1880,0,0
3619293,10.032,1.276,0.9,-0.069,0.092,-0.081,1886,0,0
3619312,10.386,1.31,0.809,0.011,-0.013,-0.038,1889,0,0
3619332,10.321,1.137,0.67,-0.158,-0.009,-0.011,1890,0,0
3619352,10.123,0.97,0.56,-0.199,-0.01,0.003,1889,0,0
3619372,9.936,0.828,0.35,-0.131,0.001,-0.02,1887,0,0
3619392,10.008,0.936,0.453,-0.026,-0.016,-0.01,1886,0,0
3619413,10.171,0.905,0.462,-0.06,0.007,0.001,1885,0,0
3619432,10.233,0.776,0.613,-0.162,0.05,-0.013,1882,0,0
3619452,9.893,0.766,0.541,-0.12,0.103,-0.048,1880,0,0
3619472,10.084,0.871,0.754,-0.044,0.016,-0.061,1875,0,0
3619492,10.108,0.874,0.594,-0.165,-0.126,-0.041,1872,0,0
3619513,10.123,1.118,0.828,-0.128,0.014,-0.032,1872,0,0
3619532,10.238,1.077,0.828,-0.036,-0.014,-0.02,1871,0,0
3619553,10.259,1.039,0.716,-0.161,0.0,-0.002,1871,0,0
3619572,10.13,0.948,0.553,-0.137,0.017,-0.02,1869,0,0
3619593,10.06,1.068,0.589,-0.072,0.001,-0.038,1870,0,0
3619612,10.142,1.046,0.52,-0.033,-0.018,-0.014,1868,0,0
3619633,10.036,1.075,0.362,-0.102,0.002,0.015,1867,0,0
3619652,10.053,0.828,0.421,-0.161,-0.011,0.026,1864,0,0
3619672,10.144,0.812,0.491,-0.119,0.002,0.0,1861,0,0
3619692,10.149,0.843,0.496,-0.029,0.029,-0.014,1860,0,0
3619712,10.106,0.891,0.548,-0.024,0.026,-0.001,1859,0,0
3619733,10.087,0.84,0.52,-0.086,0.023,-0.004,1856,0,0
3619753,10.077,0.778,0.575,-0.115,0.016,-0.02,1856,0,0
3619772,10.106,0.917,0.582,-0.065,0.003,-0.037,1855,0,0
3619792,10.096,0.998,0.522,-0.039,-0.014,-0.041,1853,0,0
3619812,10.084,1.02,0.426,-0.024,-0.002,-0.025,1850,0,0
3619833,10.06,1.073,0.371,-0.027,0.018,-0.004,1845,0,0
3619852,10.051,1.051,0.457,-0.092,0.027,-0.002,1848,0,0
3619872,9.996,0.984,0.491,-0.075,0.035,-0.013,1845,0,0
3619892,10.025,0.977,0.457,-0.002,0.033,-0.025,1844,0,0
3619912,10.041,1.056,0.424,0.008,0.038,-0.024,1843,0,0
3619932,10.094,0.972,0.524,-0.035,0.043,-0.015,1841,0,0
3619952,10.06,0.962,0.673,-0.077,0.051,-0.004,1840,0,0
3619972,10.063,0.864,0.778,-0.102,0.031,-0.018,1839,0,0
3619992,10.065,0.826,0.766,-0.065,0.017,-0.036,1839,0,0
3620012,10.147,0.9,0.637,0.024,0.003,-0.047,1836,0,0
3620032,10.127,1.063,0.543,0.013,0.015,-0.035,1834,0,0
3620052,10.022,1.199,0.591,-0.058,0.041,-0.031,1834,0,0
3620073,10.058,1.077,0.694,-0.115,0.018,-0.03,1835,0,0
3620092,10.125,1.092,0.637,-0.041,0.021,-0.017,1833,0,0
3620112,10.108,1.094,0.589,0.003,0.017,-0.011,1830,0,0
3620132,10.125,1.051,0.603,-0.035,0.013,-0.002,1826,0,0
3620153,10.137,1.008,0.634,-0.062,0.018,-0.001,1823,0,0
3620172,10.111,1.041,0.634,-0.068,0.024,-0.004,1823,0,0
3620192,10.07,0.965,0.627,-0.069,0.015,-0.001,1822,0,0
3620212,10.156,0.948,0.594,-0.026,0.005,-0.001,1821,0,0
3620233,10.149,1.046,0.687,-0.031,0.019,0.001,1822,0,0
3620252,10.106,1.123,0.723,-0.062,0.02,-0.005,1820,0,0
3620272,10.13,1.113,0.675,-0.052,-0.001,0.015,1820,0,0
3620292,10.135,1.058,0.565,-0.085,-0.001,0.032,1818,0,0
3620312,10.092,0.848,0.591,-0.099,0.007,0.019,1817,0,0
3620332,10.041,0.948,0.56,-0.032,0.004,-0.001,1815,0,0
3620352,10.053,1.13,0.546,-0.011,0.006,0.004,1814,0,0
3620372,10.068,1.085,0.467,-0.063,0.009,0.026,1813,0,0
3620392,10.077,0.946,0.512,-0.097,0.031,0.031,1811,0,0
3620412,10.022,0.85,0.572,-0.086,0.036,0.014,1811,0,0
3620432,10.07,0.893,0.608,-0.043,0.029,-0.003,1811,0,0
3620453,10.065,0.931,0.62,-0.046,0.026,0.003,1808,0,0
3620472,10.07,0.871,0.606,-0.079,0.022,0.006,1809,0,0
3620493,10.065,0.874,0.644,-0.1,0.019,-0.009,1809,0,0
3620512,10.07,0.905,0.678,-0.08,0.007,-0.026,1808,0,0
3620532,10.139,1.097,0.611,-0.007,-0.001,-0.028,1808,0,0
3620553,10.161,1.156,0.572,-0.034,-0.001,-0.002,1808,0,0
3620572,10.144,1.01,0.584,-0.083,0.001,0.02,1808,0,0
3620592,10.108,0.936,0.587,-0.069,0.005,0.012,1807,0,0
3620612,10.053,0.994,0.606,-0.042,0.003,0.007,1806,0,0
3620632,10.048,1.027,0.606,-0.042,-0.003,0.021,1806,0,0
3620652,10.075,0.974,0.596,-0.062,-0.002,0.021,1806,0,0
3620672,10.065,0.898,0.582,-0.058,0.008,0.008,1805,0,0
3620692,10.027,0.982,0.625,-0.049,0.011,0.009,1806,0,0
3620712,10.032,0.907,0.675,-0.105,0.006,0.018,1806,0,0
3620732,10.039,0.795,0.666,-0.085,-0.002,0.008,1805,0,0
3620752,10.07,0.86,0.63,-0.033,0.0,-0.005,1805,0,0
3620772,10.099,0.898,0.541,-0.041,-0.001,-0.006,1804,0,0
3620792,10.113,0.927,0.553,-0.087,0.015,0.002,1803,0,0
3620812,10.036,0.864,0.584,-0.094,0.02,-0.003,1802,0,0
3620832,10.082,0.895,0.615,-0.062,0.002,-0.015,1803,0,0
3620852,10.159,1.003,0.558,-0.039,0.006,-0.015,1802,0,0
3620873,10.125,1.032,0.548,-0.066,0.009,-0.002,1799,0,0
3620892,10.053,1.008,0.603,-0.085,0.005,0.0,1799,0,0
3620912,10.096,0.941,0.587,-0.076,-0.011,-0.006,1798,0,0
3620932,10.104,0.955,0.543,-0.038,-0.004,-0.001,1796,0,0
3620952,10.139,0.927,0.493,-0.052,0.002,0.008,1796,0,0
3620972,10.092,0.91,0.517,-0.065,0.015,0.002,1794,0,0
3620992,10.044,0.9,0.532,-0.072,0.018,-0.009,1795,0,0
3621012,10.082,0.907,0.57,-0.034,0.013,-0.007,1794,0,0
3621033,10.104,0.962,0.594,-0.072,0.02,0.005,1795,0,0
3621052,10.08,0.84,0.697,-0.097,0.013,0.004,1795,0,0
3621073,10.08,0.802,0.644,-0.055,-0.007,-0.007,1795,0,0
3621093,10.142,0.905,0.534,-0.03,-0.013,-0.021,1793,0,0
