3678853,10.166,0.953,0.129,-0.043,-0.007,0.004,1758,0,0
3678873,10.12,0.917,0.06,-0.053,-0.006,0.001,1757,0,0
3678893,10.096,0.907,0.024,-0.034,-0.001,0.003,1756,0,0
3678913,10.168,0.936,0.036,-0.032,0.003,-0.001,1758,0,0
3678933,10.159,0.994,0.101,-0.044,0.022,0.003,1758,0,0
3678953,10.092,0.998,0.206,-0.054,0.026,0.015,1758,0,0
3678973,10.084,0.893,0.237,-0.053,0.014,0.02,1758,0,0
3678993,10.156,0.792,0.223,-0.079,-0.003,0.008,1758,0,0
3679013,10.142,0.783,0.156,-0.036,-0.002,-0.011,1758,0,0
3679033,10.159,0.946,0.146,-0.029,-0.003,-0.011,1757,0,0
3679054,10.163,1.027,0.141,-0.078,0.012,0.006,1758,0,0
3679073,10.108,0.941,0.223,-0.106,0.004,0.013,1757,0,0
3679093,10.178,0.86,0.184,-0.072,-0.012,0.015,1758,0,0
3679113,10.242,0.864,0.22,-0.077,-0.017,0.015,1758,0,0
3679134,10.221,0.903,0.215,-0.09,-0.019,0.012,1758,0,0
3679153,10.19,0.974,0.156,-0.069,-0.031,0.015,1758,0,0
3679173,10.156,0.977,0.034,-0.077,-0.032,0.031,1757,0,0
3679193,10.094,0.855,-0.045,-0.105,-0.031,0.035,1758,0,0
3679213,10.12,0.785,-0.038,-0.068,-0.021,0.022,1757,0,0
3679233,10.068,0.91,-0.146,-0.01,-0.003,0.013,1758,0,0
3679253,10.065,0.898,-0.124,-0.066,0.014,0.021,1757,0,0
3679273,10.056,0.759,-0.019,-0.073,0.023,0.019,1757,0,0
3679293,10.075,0.812,0.077,-0.036,0.034,0.007,1758,0,0
3679313,10.032,0.855,0.187,-0.036,0.031,-0.003,1757,0,0
3679333,10.058,0.836,0.153,-0.045,0.013,-0.002,1758,0,0
3679353,10.101,0.843,0.187,-0.061,0.011,0.001,1758,0,0
3679373,10.144,0.797,0.227,-0.084,0.012,-0.006,1758,0,0
3679394,10.077,0.783,0.34,-0.088,0.007,-0.006,1758,0,0
3679413,10.113,0.718,0.273,-0.082,-0.029,-0.013,1758,0,0
3679433,10.173,0.792,0.139,-0.084,-0.035,-0.021,1758,0,0
3679453,10.166,0.821,0.041,-0.098,-0.03,-0.037,1757,0,0
3679473,10.173,0.874,-0.031,-0.08,-0.025,-0.041,1758,0,0
3679493,10.187,0.967,-0.089,-0.062,-0.021,-0.029,1758,0,0
3679513,10.183,0.919,-0.122,-0.066,-0.007,-0.009,1759,0,0
3679533,10.156,0.898,-0.06,-0.09,0.005,-0.007,1760,0,0
3679553,10.108,0.836,-0.007,-0.095,0.006,-0.014,1758,0,0
3679573,10.113,0.915,-0.038,-0.029,0.003,-0.018,1758,0,0
3679593,10.163,0.903,-0.067,-0.032,0.007,-0.003,1758,0,0
3679613,10.099,0.886,-0.014,-0.057,0.015,-0.005,1758,0,0
3679633,10.132,0.836,0.072,-0.082,0.011,-0.005,1758,0,0
3679653,10.175,0.816,0.091,-0.066,0.013,-0.004,1757,0,0
3679673,10.12,0.783,0.124,-0.069,0.009,-0.009,1757,0,0
3679693,10.166,0.821,0.129,-0.043,-0.01,-0.021,1757,0,0
3679713,10.183,0.984,0.065,-0.045,-0.001,-0.022,1757,0,0
3679733,10.137,1.01,0.06,-0.059,0.006,0.002,1756,0,0
3679753,10.154,0.898,0.062,-0.098,0.003,0.016,1757,0,0
3679773,10.101,0.749,0.103,-0.106,-0.005,-0.001,1757,0,0
3679793,10.084,0.792,0.022,-0.031,-0.014,-0.022,1757,0,0
3679813,10.058,0.994,-0.11,-0.025,-0.002,-0.018,1757,0,0
3679833,10.096,0.953,-0.077,-0.091,0.018,-0.003,1758,0,0
3679853,10.08,0.857,0.05,-0.114,0.026,-0.004,1759,0,0
3679873,10.116,0.809,0.053,-0.081,0.015,-0.018,1758,0,0
3679893,10.173,0.862,0.026,-0.023,0.014,-0.015,1759,0,0
3679913,10.144,0.915,0.045,-0.061,0.021,-0.014,1757,0,0
3679933,10.161,0.876,0.086,-0.102,0.011,-0.009,1759,0,0
3679953,10.218,0.816,0.019,-0.088,0.011,-0.007,1759,0,0
3679973,10.171,0.8,0.024,-0.076,0.015,-0.024,1758,0,0
3679993,10.163,0.958,0.005,-0.017,0.014,-0.025,1757,0,0
3680013,10.147,1.132,-0.041,-0.035,0.021,-0.001,1757,0,0
3680033,10.166,0.986,0.024,-0.11,0.019,0.023,1758,0,0
3680053,10.111,0.737,0.048,-0.086,0.016,0.02,1758,0,0
3680073,10.118,0.737,0.074,-0.038,0.013,-0.002,1757,0,0
3680093,10.111,0.876,0.031,-0.012,0.005,-0.017,1758,0,0
3680113,10.125,0.967,0.026,-0.051,0.002,-0.014,1758,0,0
3680133,10.068,0.843,0.06,-0.087,0.008,-0.005,1757,0,0
3680153,10.113,0.776,0.041,-0.051,0.015,-0.009,1757,0,0
3680173,10.12,0.814,0.019,-0.054,0.025,-0.024,1757,0,0
3680193,10.113,0.898,0.079,-0.067,0.027,-0.027,1757,0,0
3680213,10.065,0.898,0.113,-0.062,0.016,-0.025,1757,0,0
3680233,10.127,0.843,0.026,-0.068,0.009,-0.022,1757,0,0
3680254,10.151,0.883,-0.017,-0.056,0.022,-0.033,1757,0,0
3680273,10.154,0.931,0.012,-0.064,0.028,-0.03,1756,0,0
3680293,10.139,0.898,0.084,-0.071,0.034,-0.015,1756,0,0
3680313,10.175,0.783,0.122,-0.098,0.019,-0.018,1756,0,0
3680333,10.209,0.809,0.115,-0.057,0.014,-0.034,1758,0,0
3680354,10.209,1.037,0.072,-0.028,0.014,-0.027,1756,0,0
3680374,10.214,1.109,0.038,-0.068,0.02,-0.002,1755,0,0
3680393,10.149,0.927,0.086,-0.106,0.009,0.013,1756,0,0
3680413,10.151,0.761,0.069,-0.084,-0.009,0.003,1755,0,0
3680433,10.159,0.795,-0.029,-0.046,0.001,-0.004,1756,0,0
3680453,10.12,0.814,-0.043,-0.05,0.002,-0.011,1756,0,0
3680473,10.156,0.903,-0.012,-0.063,0.007,-0.015,1756,0,0
3680493,10.084,0.915,0.077,-0.075,0.01,-0.017,1756,0,0
3680513,10.068,0.962,0.0,-0.059,0.012,-0.007,1758,0,0
3680533,10.127,0.91,-0.045,-0.07,0.009,-0.007,1757,0,0
3680553,10.142,0.831,-0.031,-0.078,0.027,-0.013,1757,0,0
3680574,10.116,0.857,0.036,-0.061,0.03,-0.019,1756,0,0
3680593,10.113,0.95,0.156,-0.065,0.021,-0.019,1756,0,0
3680613,10.185,0.994,0.096,-0.062,0.011,-0.02,1757,0,0
3680633,10.187,0.979,0.055,-0.045,0.012,-0.013,1757,0,0
3680653,10.144,0.941,0.014,-0.055,0.005,-0.001,1758,0,0
3680673,10.156,0.883,0.0,-0.066,0.014,-0.002,1758,0,0
3680693,10.156,0.919,-0.007,-0.042,0.027,-0.011,1759,0,0
3680713,10.171,0.972,0.05,-0.039,0.031,-0.007,1758,0,0
3680733,10.171,0.962,0.096,-0.067,0.032,0.014,1757,0,0
3680753,10.13,0.857,0.168,-0.082,0.025,0.012,1758,0,0
3680773,10.159,0.828,0.177,-0.059,0.017,-0.01,1758,0,0
3680793,10.151,0.943,0.146,-0.039,0.015,-0.017,1758,0,0
3680813,10.166,1.034,0.089,-0.042,0.013,-0.005,1758,0,0
3680833,10.161,0.972,0.113,-0.083,0.014,0.008,1758,0,0
3680853,10.139,0.838,0.168,-0.107,0.008,0.016,1758,0,0
3680873,10.137,0.795,0.134,-0.079,0.007,0.004,1758,0,0
3680893,10.099,0.893,0.132,-0.039,0.003,-0.011,1757,0,0
3680913,10.06,1.061,0.065,-0.037,0.001,-0.005,1758,0,0
3680933,10.087,0.948,-0.034,-0.079,-0.006,0.011,1757,0,0
3680953,10.135,0.852,-0.017,-0.101,0.012,0.009,1757,0,0
3680973,10.06,0.848,0.048,-0.046,0.022,-0.001,1756,0,0
3680993,10.139,0.905,0.017,-0.03,0.022,0.003,1757,0,0
3681013,10.151,0.828,0.002,-0.078,0.026,0.009,1754,0,0
3681033,10.139,0.757,0.096,-0.083,0.008,-0.003,1756,0,0
3681054,10.185,0.838,0.062,-0.036,0.002,-0.019,1755,0,0
3681073,10.144,0.982,0.01,-0.016,0.009,-0.015,1757,0,0
3681093,10.12,1.051,0.043,-0.037,0.009,0.007,1756,0,0
3681113,10.135,0.939,0.048,-0.084,0.001,0.021,1756,0,0
3681133,10.127,0.747,0.031,-0.081,-0.004,0.015,1756,0,0
3681153,10.139,0.742,0.043,-0.018,0.001,-0.003,1758,0,0
3681174,10.163,0.886,0.029,0.005,-0.0,-0.011,1756,0,0
3681193,10.163,0.974,-0.005,-0.035,0.011,-0.001,1756,0,0
3681213,10.13,0.881,0.055,-0.079,0.014,0.012,1757,0,0
3681233,10.163,0.757,0.113,-0.07,0.01,0.005,1758,0,0
3681253,10.151,0.749,0.084,-0.042,0.019,-0.013,1755,0,0
3681273,10.096,0.855,0.129,-0.034,0.019,-0.019,1755,0,0
3681293,10.13,0.871,0.141,-0.068,0.011,-0.014,1756,0,0
3681313,10.142,0.831,0.062,-0.09,0.02,-0.014,1756,0,0
3681333,10.149,0.819,0.069,-0.091,0.034,-0.025,1758,0,0
3681353,10.072,0.984,0.096,-0.052,0.035,-0.025,1757,0,0
3681373,10.156,1.02,0.079,-0.051,0.015,-0.008,1756,0,0
3681393,10.18,0.986,0.026,-0.091,0.025,0.007,1756,0,0
3681413,10.125,0.845,0.136,-0.105,0.028,0.007,1756,0,0
3681433,10.06,0.814,0.153,-0.059,0.01,-0.007,1757,0,0
3681453,10.113,0.876,0.041,-0.033,-0.01,-0.01,1756,0,0
3681473,10.228,0.874,-0.031,-0.054,0.006,-0.004,1757,0,0
3681493,10.161,0.785,-0.012,-0.081,0.031,0.0,1758,0,0
3681513,10.118,0.702,0.115,-0.078,0.025,-0.009,1757,0,0
3681533,10.163,0.711,0.158,-0.056,0.013,-0.025,1756,0,0
3681553,10.13,0.97,0.139,-0.025,0.007,-0.036,1757,0,0
3681573,10.113,1.159,0.096,-0.017,0.004,-0.018,1759,0,0
3681593,10.096,1.092,0.034,-0.053,-0.002,0.017,1755,0,0
3681613,10.144,0.871,-0.029,-0.087,0.002,0.017,1756,0,0
3681633,10.159,0.792,0.05,-0.035,0.011,-0.001,1756,0,0
3681653,10.137,0.876,0.041,-0.017,0.023,-0.005,1758,0,0
3681673,10.12,0.816,0.103,-0.078,0.022,0.008,1757,0,0
3681693,10.154,0.723,0.172,-0.092,0.019,0.002,1757,0,0
3681713,10.178,0.749,0.247,-0.054,0.02,-0.017,1756,0,0
3681733,10.151,0.9,0.249,-0.042,0.01,-0.027,1756,0,0
3681753,10.132,1.053,0.201,-0.038,-0.004,-0.013,1756,0,0
3681773,10.161,1.01,0.074,-0.102,-0.007,0.011,1757,0,0
3681793,10.147,0.807,0.014,-0.13,-0.002,0.013,1758,0,0
3681813,10.125,0.8,0.036,-0.075,0.004,-0.0,1757,0,0
3681833,10.113,0.943,0.014,-0.021,0.006,-0.001,1757,0,0
3681853,10.116,0.941,-0.014,-0.062,0.001,0.013,1757,0,0
3681873,10.094,0.826,-0.002,-0.087,0.007,0.011,1756,0,0
3681893,10.123,0.867,0.043,-0.051,0.008,0.0,1755,0,0
3681914,10.142,0.903,0.105,-0.036,0.005,0.007,1755,0,0
3681933,10.113,0.771,0.05,-0.088,0.005,0.024,1757,0,0
3681953,10.084,0.555,0.029,-0.091,0.007,-0.001,1756,0,0
3681973,10.108,0.649,0.086,-0.051,0.011,-0.029,1756,0,0
3681993,10.149,0.857,0.065,-0.041,0.017,-0.031,1756,0,0
3682013,10.106,0.893,0.086,-0.073,0.014,-0.021,1756,0,0
3682033,10.118,0.836,0.029,-0.081,0.007,-0.015,1756,0,0
3682053,10.106,0.814,0.045,-0.076,0.009,-0.026,1755,0,0
3682073,10.127,0.903,0.06,-0.05,0.014,-0.024,1756,0,0
3682093,10.123,0.941,0.084,-0.037,0.017,-0.014,1755,0,0
3682113,10.116,0.917,0.079,-0.087,0.009,-0.016,1755,0,0
3682133,10.183,0.845,0.084,-0.073,0.004,-0.023,1756,0,0
3682153,10.209,0.924,0.065,-0.051,0.02,-0.019,1754,0,0
3682173,10.173,0.886,0.156,-0.078,0.02,-0.006,1755,0,0
3682193,10.171,0.8,0.168,-0.091,0.008,-0.007,1757,0,0
3682214,10.154,0.816,0.172,-0.058,-0.009,-0.018,1756,0,0
3682233,10.149,0.958,0.098,-0.044,-0.01,-0.016,1757,0,0
3682253,10.13,0.977,0.029,-0.064,-0.013,-0.008,1756,0,0
3682273,10.192,0.965,0.017,-0.07,-0.008,-0.002,1756,0,0
3682293,10.159,0.953,0.05,-0.072,0.0,0.01,1756,0,0
3682313,10.144,0.907,0.055,-0.05,0.005,0.014,1757,0,0
3682333,10.149,0.881,0.026,-0.049,0.002,0.017,1756,0,0
3682353,10.161,0.797,0.029,-0.068,-0.001,0.019,1756,0,0
3682373,10.178,0.735,0.105,-0.066,-0.005,0.01,1756,0,0
3682393,10.108,0.747,0.132,-0.066,-0.01,-0.006,1756,0,0
3682413,10.087,0.831,0.084,-0.055,-0.012,-0.008,1756,0,0
3682433,10.029,0.862,-0.014,-0.064,-0.011,-0.016,1756,0,0
3682453,10.082,0.888,-0.062,-0.074,-0.007,-0.014,1756,0,0
3682473,10.08,0.85,-0.029,-0.082,0.009,-0.008,1755,0,0
3682493,10.099,0.85,0.026,-0.068,0.015,-0.012,1756,0,0
3682513,10.127,0.881,0.029,-0.066,0.015,-0.019,1756,0,0
3682533,10.118,0.855,0.067,-0.092,0.015,-0.014,1756,0,0
3682553,10.118,0.814,0.079,-0.075,0.003,-0.015,1756,0,0
3682573,10.168,0.8,-0.012,-0.057,0.005,-0.016,1755,0,0
3682593,10.137,0.8,-0.057,-0.065,0.013,-0.019,1755,0,0
3682613,10.104,0.778,-0.029,-0.084,0.014,-0.022,1756,0,0
3682633,10.127,0.843,0.012,-0.06,0.011,-0.031,1751,0,0
3682653,10.147,0.982,0.017,-0.052,0.013,-0.03,1752,0,0
3682673,10.185,1.022,0.019,-0.051,0.014,-0.011,1750,0,0
3682693,10.159,0.95,0.069,-0.078,0.011,0.004,1749,0,0
3682714,10.101,0.781,0.101,-0.079,0.006,0.005,1750,0,0
3682733,10.149,0.706,0.069,-0.061,-0.003,-0.007,1750,0,0
3682753,10.166,0.747,0.0,-0.044,0.006,-0.031,1750,0,0
3682773,10.135,0.953,0.0,-0.034,0.006,-0.039,1750,0,0
3682793,10.144,1.034,-0.014,-0.068,0.009,-0.02,1750,0,0
3682813,10.125,0.893,0.031,-0.1,0.02,-0.007,1751,0,0
3682833,10.135,0.804,0.072,-0.072,0.009,-0.025,1751,0,0
3682853,10.147,0.936,0.01,-0.016,0.002,-0.03,1750,0,0
3682873,10.149,1.015,-0.019,-0.058,0.0,-0.013,1751,0,0
3682893,10.156,0.917,0.029,-0.072,0.009,0.002,1750,0,0
3682914,10.127,0.867,0.043,-0.07,0.008,-0.006,1751,0,0
3682934,10.135,0.862,0.158,-0.077,0.014,-0.014,1750,0,0
3682953,10.125,0.95,0.098,-0.055,0.001,-0.013,1751,0,0
3682973,10.195,0.972,0.06,-0.05,-0.001,-0.01,1750,0,0
3682993,10.108,0.965,0.057,-0.1,0.008,-0.005,1751,0,0
3683020,10.168,0.867,0.019,-0.071,-0.009,-0.013,1750,0,0
3683034,10.192,0.948,-0.014,-0.051,-0.003,-0.01,1749,0,0
3683053,10.132,1.01,0.029,-0.072,0.008,0.003,1750,0,0
3683073,10.111,0.898,0.065,-0.098,-0.004,0.02,1750,0,0
3683093,10.118,0.778,0.024,-0.098,-0.008,0.009,1752,0,0
3683114,10.151,0.766,-0.053,-0.068,-0.01,-0.011,1751,0,0
3683134,10.175,0.857,-0.031,-0.046,-0.01,-0.009,1752,0,0
3683153,10.163,0.864,-0.05,-0.097,-0.004,-0.005,1750,0,0
3683173,10.082,0.84,-0.024,-0.092,0.0,-0.009,1751,0,0
3683193,10.08,0.9,0.043,-0.072,0.001,-0.006,1751,0,0
3683213,10.116,0.912,0.108,-0.091,-0.008,-0.007,1751,0,0
3683233,10.132,0.888,0.093,-0.071,-0.016,-0.009,1749,0,0
3683253,10.149,0.867,0.081,-0.081,-0.024,-0.006,1751,0,0
3683273,10.209,0.816,0.062,-0.116,-0.02,-0.002,1751,0,0
3683293,10.178,0.757,0.16,-0.126,-0.016,-0.015,1750,0,0
3683313,10.137,0.838,0.098,-0.092,-0.026,-0.023,1750,0,0
3683333,10.18,0.845,-0.045,-0.094,-0.028,-0.015,1750,0,0
3683353,10.199,0.761,-0.134,-0.167,-0.014,-0.02,1750,0,0
3683373,10.216,0.74,-0.204,-0.166,0.001,-0.029,1750,0,0
3683393,10.226,0.903,-0.211,-0.119,0.026,-0.038,1750,0,0
3683413,10.132,1.058,-0.278,-0.118,0.033,-0.04,1750,0,0
3683434,10.135,1.118,-0.364,-0.111,0.039,-0.032,1750,0,0
3683453,10.178,1.097,-0.393,-0.137,0.066,-0.018,1750,0,0
3683473,10.238,0.97,-0.237,-0.141,0.085,-0.014,1750,0,0
3683493,10.25,0.96,-0.065,-0.102,0.078,-0.016,1750,0,0
3683513,10.132,1.006,0.127,-0.08,0.068,-0.011,1751,0,0
3683533,10.084,1.03,0.144,-0.077,0.043,-0.004,1750,0,0
3683553,10.068,0.97,0.146,-0.098,0.038,-0.015,1750,0,0
3683573,10.18,0.943,0.129,-0.093,0.039,-0.013,1750,0,0
3683593,10.137,0.948,0.259,-0.114,0.055,-0.015,1751,0,0
3683613,10.072,0.924,0.328,-0.124,0.058,-0.02,1749,0,0
3683633,10.101,0.982,0.381,-0.114,0.056,-0.016,1749,0,0
3683653,10.178,0.927,0.445,-0.187,0.059,-0.018,1750,0,0
3683673,10.163,0.91,0.486,-0.189,0.056,-0.023,1751,0,0
3683693,10.151,0.934,0.474,-0.191,0.05,-0.024,1751,0,0
3683713,10.151,0.994,0.35,-0.212,0.057,-0.012,1749,0,0
3683733,10.149,0.965,0.393,-0.241,0.065,0.01,1749,0,0
3683753,10.139,0.86,0.469,-0.285,0.054,0.002,1749,0,0
3683773,10.111,0.862,0.433,-0.276,0.03,-0.01,1750,0,0
3683794,10.154,0.903,0.177,-0.221,0.023,0.001,1748,0,0
3683813,10.065,0.869,0.045,-0.251,0.03,0.011,1748,0,0
3683833,10.127,0.812,-0.012,-0.264,0.026,0.012,1749,0,0
3683853,10.127,0.759,0.017,-0.253,0.044,0.016,1749,0,0
3683873,10.058,0.735,0.038,-0.219,0.042,0.012,1749,0,0
3683893,10.075,0.682,-0.031,-0.193,0.022,0.01,1749,0,0
3683913,10.087,0.716,-0.002,-0.17,0.014,0.007,1749,0,0
3683933,10.065,0.733,0.041,-0.163,-0.011,0.003,1749,0,0
3683954,10.06,0.766,0.048,-0.13,-0.025,-0.006,1749,0,0
3683973,9.972,0.845,0.057,-0.1,-0.032,-0.021,1750,0,0
3683993,9.919,0.886,-0.026,-0.095,-0.035,-0.014,1749,0,0
3684013,9.993,0.804,-0.072,-0.107,-0.042,-0.003,1750,0,0
3684034,10.108,0.725,-0.117,-0.084,-0.027,-0.017,1749,0,0
3684053,10.075,0.819,-0.017,-0.052,-0.015,-0.032,1749,0,0
3684073,10.036,0.955,0.045,-0.03,-0.016,-0.021,1749,0,0
3684093,10.087,0.941,0.067,-0.042,-0.023,-0.006,1749,0,0
3684113,10.044,0.828,0.0,-0.058,-0.03,-0.01,1749,0,0
3684133,10.065,0.807,-0.062,-0.014,-0.033,-0.027,1749,0,0
3684153,10.092,0.845,-0.096,0.015,-0.031,-0.027,1749,0,0
3684173,10.135,0.833,-0.17,0.029,-0.034,-0.023,1749,0,0
3684193,10.156,0.812,-0.208,0.029,-0.039,-0.033,1749,0,0
3684213,10.209,0.881,-0.225,0.051,-0.045,-0.035,1750,0,0
3684233,10.221,0.934,-0.22,0.084,-0.055,-0.036,1750,0,0
3684253,10.307,0.953,-0.232,0.116,-0.052,-0.036,1751,0,0
3684274,10.238,1.034,-0.218,0.103,-0.028,-0.035,1749,0,0
3684293,10.19,1.022,-0.077,0.084,-0.009,-0.025,1750,0,0
3684313,10.218,1.027,0.041,0.093,0.005,-0.035,1750,0,0
3684333,10.269,1.128,0.227,0.08,0.022,-0.033,1750,0,0
3684354,10.257,1.171,0.383,0.055,0.029,-0.015,1749,0,0
3684373,10.223,1.111,0.493,-0.004,0.03,-0.007,1749,0,0
3684393,10.221,1.077,0.563,-0.018,0.032,-0.011,1749,0,0
3684413,10.173,1.113,0.529,-0.01,0.025,-0.003,1749,0,0
3684433,10.242,1.147,0.333,-0.035,0.012,0.021,1749,0,0
3684453,10.204,0.965,0.141,-0.102,0.019,0.028,1749,0,0
3684473,10.058,0.845,-0.019,-0.09,0.023,0.021,1751,0,0
3684493,10.108,0.869,-0.096,-0.03,0.031,0.003,1749,0,0
3684513,10.132,1.013,-0.127,-0.041,0.057,0.01,1749,0,0
3684533,10.003,0.991,0.062,-0.084,0.067,0.034,1749,0,0
3684553,9.955,0.812,0.283,-0.132,0.051,0.032,1750,0,0
3684573,9.986,0.675,0.285,-0.095,0.032,0.006,1749,0,0
3684593,10.027,0.761,0.261,-0.038,0.029,-0.011,1749,0,0
3684613,10.068,0.814,0.266,-0.07,0.022,0.003,1749,0,0
3684633,10.053,0.68,0.23,-0.153,0.016,0.007,1750,0,0
3684653,10.106,0.551,0.103,-0.143,0.01,-0.014,1750,0,0
3684673,10.12,0.718,-0.029,-0.068,0.023,-0.037,1750,0,0
3684693,10.171,0.955,-0.093,-0.048,0.022,-0.038,1749,0,0
3684713,10.139,1.094,-0.105,-0.095,0.028,-0.01,1749,0,0
3684733,10.094,1.013,-0.074,-0.122,0.016,0.013,1749,0,0
3684753,10.166,0.79,-0.151,-0.093,-0.002,0.011,1750,0,0
3684774,10.233,0.781,-0.218,-0.019,0.002,-0.014,1749,0,0
3684793,10.125,0.919,-0.206,0.028,-0.002,-0.022,1749,0,0
3684813,10.027,1.058,-0.163,0.023,-0.02,-0.002,1749,0,0
3684833,10.12,0.953,-0.261,-0.002,-0.03,0.008,1749,0,0
3684853,10.183,0.843,-0.321,0.037,-0.011,-0.001,1749,0,0
3684873,10.171,0.898,-0.144,0.086,0.011,-0.013,1750,0,0
3684893,9.998,0.989,0.084,0.083,0.014,-0.022,1749,0,0
3684913,10.025,1.027,0.148,0.071,0.003,-0.011,1749,0,0
3684933,10.101,1.001,0.201,0.05,0.009,-0.013,1749,0,0
3684953,10.142,0.929,0.263,0.031,0.022,-0.024,1749,0,0
3684973,10.118,0.929,0.302,0.026,0.038,-0.033,1748,0,0
3684993,10.072,0.977,0.34,0.003,0.036,-0.039,1749,0,0
3685013,10.161,1.006,0.287,0.007,0.045,-0.033,1749,0,0
3685033,10.159,1.03,0.275,-0.042,0.068,-0.026,1749,0,0
3685053,10.156,0.955,0.259,-0.065,0.066,-0.02,1748,0,0
3685073,10.135,0.994,0.153,-0.058,0.064,-0.029,1748,0,0
3685093,10.041,1.051,0.158,-0.043,0.055,-0.031,1748,0,0
3685113,10.053,1.073,0.034,-0.056,0.055,-0.019,1748,0,0
3685133,10.048,0.924,-0.067,-0.091,0.062,-0.013,1749,0,0
3685153,10.099,0.845,-0.089,-0.059,0.065,-0.025,1748,0,0
3685174,10.096,0.879,-0.06,-0.028,0.07,-0.034,1750,0,0
3685193,10.106,0.929,0.034,-0.03,0.069,-0.031,1748,0,0
3685213,10.116,0.867,0.189,-0.041,0.056,-0.03,1749,0,0
3685233,10.089,0.895,0.287,-0.03,0.033,-0.047,1751,0,0
3685253,10.108,0.998,0.323,-0.005,0.02,-0.053,1749,0,0
3685274,10.123,0.994,0.22,0.001,0.012,-0.044,1748,0,0
3685293,10.12,0.962,0.134,-0.005,0.008,-0.037,1747,0,0
3685313,10.168,0.991,0.127,-0.034,0.027,-0.037,1748,0,0
3685333,10.13,0.984,0.251,-0.042,0.019,-0.039,1749,0,0
3685353,10.175,1.034,0.232,0.011,0.005,-0.033,1748,0,0
3685374,10.216,1.058,0.101,-0.005,0.009,-0.037,1748,0,0
3685393,10.235,1.087,0.089,-0.009,0.021,-0.042,1748,0,0
3685413,10.252,1.211,0.146,-0.003,0.044,-0.029,1748,0,0
3685433,10.144,1.243,0.318,-0.033,0.053,-0.015,1751,0,0
3685453,10.125,1.231,0.385,-0.042,0.047,0.002,1749,0,0
3685474,10.12,1.14,0.421,-0.047,0.035,0.011,1749,0,0
3685493,10.183,1.02,0.522,-0.075,0.028,0.011,1748,0,0
3685513,10.175,0.939,0.491,-0.075,0.021,0.008,1748,0,0
3685534,10.144,0.955,0.417,-0.094,0.017,-0.011,1748,0,0
3685553,10.084,1.03,0.328,-0.09,0.002,-0.011,1749,0,0
3685573,10.017,1.08,0.213,-0.08,-0.01,0.007,1749,0,0
3685593,10.053,1.046,0.091,-0.085,-0.012,0.006,1748,0,0
3685613,10.084,0.994,-0.014,-0.078,-0.002,-0.006,1750,0,0
3685633,10.08,1.077,-0.014,-0.047,0.013,-0.008,1749,0,0
3685653,10.017,1.111,0.096,-0.072,0.019,-0.003,1749,0,0
3685673,9.984,1.051,0.189,-0.066,0.007,0.006,1748,0,0
3685693,10.036,1.053,0.275,-0.05,-0.001,-0.001,1750,0,0
3685714,10.07,0.967,0.23,-0.058,-0.007,-0.008,1749,0,0
3685734,10.077,0.91,0.18,-0.036,-0.005,-0.014,1751,0,0
3685753,10.075,0.862,0.201,-0.069,0.002,-0.019,1748,0,0
3685773,10.106,0.848,0.208,-0.075,0.002,-0.035,1749,0,0
3685794,10.163,0.929,0.215,-0.063,0.0,-0.045,1749,0,0
3685813,10.142,1.032,0.215,-0.052,-0.007,-0.055,1748,0,0
3685833,10.147,1.192,0.144,-0.028,-0.003,-0.044,1749,0,0
3685853,10.171,1.31,0.132,-0.053,0.003,-0.018,1748,0,0
3685873,10.175,1.164,0.156,-0.112,0.009,0.006,1749,0,0
3685893,10.185,0.972,0.227,-0.095,0.013,-0.002,1749,0,0
3685913,10.137,1.013,0.227,-0.022,0.013,-0.015,1749,0,0
3685933,10.094,1.161,0.235,-0.015,0.009,0.0,1749,0,0
3685954,10.123,1.025,0.187,-0.108,-0.002,0.015,1748,0,0
3685973,10.125,0.893,0.139,-0.092,-0.0,-0.006,1749,0,0
3685993,10.161,1.034,0.029,-0.009,-0.004,-0.021,1748,0,0
3686013,10.197,1.156,0.041,-0.036,0.013,0.0,1750,0,0
3686033,10.151,1.051,0.144,-0.099,0.022,0.014,1748,0,0
3686053,10.101,0.939,0.215,-0.091,0.011,0.002,1749,0,0
3686073,10.13,1.015,0.278,-0.041,0.001,-0.01,1749,0,0
3686093,10.108,1.156,0.268,-0.031,-0.007,-0.002,1749,0,0
3686114,10.142,1.152,0.175,-0.05,-0.013,0.012,1749,0,0
3686133,10.101,1.037,0.084,-0.1,-0.007,0.014,1749,0,0
3686153,10.139,0.924,0.067,-0.096,0.008,-0.001,1750,0,0
3686173,10.077,1.022,0.165,-0.044,0.025,0.002,1750,0,0
3686194,10.084,1.073,0.187,-0.046,0.014,0.012,1748,0,0
3686213,10.149,1.027,0.189,-0.112,0.015,0.004,1748,0,0
3686233,10.12,1.013,0.16,-0.093,0.012,-0.007,1749,0,0
3686253,10.139,1.149,0.184,-0.027,0.013,-0.007,1749,0,0
3686274,10.12,1.199,0.12,-0.051,0.005,0.011,1749,0,0
3686294,10.108,1.123,0.062,-0.086,0.007,0.032,1749,0,0
3686313,10.13,0.96,0.055,-0.088,0.011,0.029,1749,0,0
3686333,10.149,0.946,0.096,-0.067,0.011,0.022,1750,0,0
3686353,10.118,0.895,0.136,-0.051,-0.003,0.01,1750,0,0
3686373,10.111,0.974,0.045,-0.028,-0.002,0.001,1749,0,0
3686393,10.106,1.053,0.034,-0.038,0.005,-0.0,1750,0,0
3686413,10.096,1.106,0.065,-0.055,0.014,0.013,1749,0,0
3686433,10.096,1.053,0.132,-0.08,0.022,0.017,1750,0,0
3686453,10.127,0.974,0.211,-0.038,0.027,0.009,1749,0,0
3686473,10.113,1.041,0.211,-0.026,0.027,0.014,1750,0,0
3686493,10.075,0.953,0.283,-0.07,0.018,0.018,1748,0,0
3686513,10.068,0.907,0.294,-0.061,0.005,0.01,1749,0,0
3686533,10.068,0.924,0.189,-0.046,0.001,0.0,1750,0,0
3686554,10.096,1.039,0.148,-0.053,-0.003,0.002,1749,0,0
3686573,10.106,1.01,0.06,-0.082,0.009,0.016,1749,0,0
3686593,10.075,0.855,0.086,-0.082,0.023,0.015,1750,0,0
3686613,10.108,0.845,0.136,-0.059,0.027,-0.006,1749,0,0
3686633,10.137,0.905,0.12,-0.044,0.033,-0.021,1749,0,0
3686653,10.135,0.962,0.196,-0.063,0.028,-0.014,1750,0,0
3686673,10.173,0.917,0.259,-0.08,0.009,-0.003,1751,0,0
3686693,10.214,0.893,0.156,-0.078,0.004,-0.003,1750,0,0
3686714,10.183,0.874,0.12,-0.066,0.01,-0.005,1751,0,0
3686733,10.144,0.998,0.098,-0.039,0.014,-0.009,1750,0,0
3686753,10.12,1.056,0.096,-0.048,0.017,-0.001,1751,0,0
3686773,10.116,1.092,0.074,-0.055,0.019,0.011,1752,0,0
3686793,10.135,1.03,0.16,-0.065,0.025,0.021,1751,0,0
3686813,10.034,0.883,0.218,-0.054,0.022,0.027,1752,0,0
3686833,10.013,0.804,0.18,-0.04,0.011,0.018,1751,0,0
3686853,10.07,0.795,0.065,-0.041,-0.001,-0.009,1752,0,0
3686873,10.058,0.881,0.031,-0.023,0.022,-0.027,1752,0,0
3686893,10.044,0.967,0.01,-0.01,0.041,-0.017,1753,0,0
3686914,10.058,0.982,0.122,-0.065,0.052,-0.008,1752,0,0
3686933,10.025,0.874,0.227,-0.087,0.039,-0.011,1753,0,0
3686953,10.082,0.9,0.263,-0.056,0.025,-0.018,1753,0,0
3686973,10.096,0.891,0.218,-0.053,0.019,-0.034,1754,0,0
3686993,10.118,0.927,0.175,-0.022,0.016,-0.04,1754,0,0
3687013,10.127,1.082,0.122,-0.031,0.022,-0.029,1753,0,0
3687033,10.13,1.015,0.175,-0.081,0.021,-0.016,1754,0,0
3687053,10.139,0.965,0.211,-0.08,0.022,-0.013,1754,0,0
3687073,10.137,0.977,0.256,-0.049,0.013,-0.022,1754,0,0
3687093,10.168,1.034,0.175,-0.025,0.014,-0.017,1755,0,0
3687113,10.211,1.056,0.17,-0.047,0.033,-0.003,1755,0,0
3687133,10.072,0.982,0.225,-0.101,0.047,0.002,1755,0,0
3687153,10.101,0.934,0.309,-0.07,0.035,-0.005,1756,0,0
3687173,10.116,0.97,0.285,-0.036,0.022,-0.013,1757,0,0
3687193,10.094,1.03,0.254,-0.024,0.019,-0.006,1756,0,0
3687213,10.046,1.046,0.254,-0.066,0.012,-0.001,1756,0,0
3687233,10.082,0.953,0.273,-0.096,0.006,-0.014,1756,0,0
3687253,10.108,0.929,0.211,-0.067,0.004,-0.026,1758,0,0
3687273,10.161,1.015,0.168,-0.02,0.016,-0.019,1757,0,0
3687293,10.127,1.001,0.218,-0.071,0.018,-0.011,1757,0,0
3687313,10.053,0.929,0.285,-0.108,0.013,-0.019,1757,0,0
3687333,10.07,0.972,0.299,-0.056,-0.007,-0.032,1758,0,0
3687353,10.096,1.147,0.189,-0.013,-0.002,-0.022,1758,0,0
3687373,10.123,1.147,0.172,-0.059,0.005,-0.002,1757,0,0
3687393,10.144,0.998,0.206,-0.111,0.009,0.003,1757,0,0
3687413,10.077,0.907,0.261,-0.095,0.014,-0.012,1757,0,0
3687433,10.087,0.974,0.266,-0.027,0.002,-0.016,1757,0,0
3687453,10.127,1.034,0.204,-0.046,0.002,-0.003,1757,0,0
3687473,10.156,0.996,0.175,-0.093,0.013,0.003,1757,0,0
3687493,10.13,0.917,0.285,-0.098,0.013,-0.002,1756,0,0
3687513,10.104,0.934,0.28,-0.062,0.005,-0.015,1757,0,0
3687533,10.156,1.006,0.16,-0.056,-0.005,-0.014,1758,0,0
3687554,10.147,1.077,0.141,-0.06,0.006,-0.004,1759,0,0
3687573,10.113,1.094,0.153,-0.081,0.011,-0.001,1757,0,0
3687593,10.101,1.061,0.206,-0.08,0.012,0.007,1757,0,0
3687613,10.156,0.946,0.189,-0.082,0.003,0.009,1756,0,0
3687633,10.116,0.903,0.129,-0.07,0.004,0.005,1759,0,0
3687653,10.092,0.862,0.141,-0.068,0.004,-0.002,1757,0,0
3687673,10.065,0.883,0.17,-0.075,0.011,-0.013,1757,0,0
3687693,10.087,0.967,0.101,-0.051,0.007,-0.019,1757,0,0
3687713,10.12,1.065,0.043,-0.047,0.023,-0.008,1757,0,0
3687733,10.163,1.003,0.115,-0.087,0.039,-0.005,1759,0,0
3687753,10.125,0.857,0.268,-0.083,0.036,-0.014,1757,0,0
3687773,10.18,0.828,0.232,-0.031,0.025,-0.021,1757,0,0
3687793,10.163,0.95,0.151,-0.013,0.033,-0.03,1755,0,0
3687813,10.18,1.109,0.158,-0.037,0.023,-0.033,1755,0,0
3687833,10.218,1.403,0.098,-0.108,0.007,0.005,1751,0,0
3687853,10.166,1.432,0.283,-0.363,-0.119,0.06,1745,0,0
3687873,10.453,1.128,0.524,-0.593,-0.278,0.065,1737,0,0
3687893,10.685,1.235,0.405,-0.496,-0.458,0.056,1712,0,0
3687913,10.898,1.12,-0.041,-0.706,-0.468,0.17,1661,0,0
3687934,10.47,1.216,-0.385,-0.888,-0.273,0.288,1548,0,0
3687953,9.912,0.879,-0.536,-0.615,-0.163,0.33,1504,0,0
3687973,9.632,0.95,0.239,-0.354,-0.401,0.386,1460,0,0
3687993,8.835,1.434,-0.302,-0.507,-0.525,0.557,1424,0,0
3688013,9.488,1.561,0.532,-0.337,-0.902,0.532,1346,0,0
3688033,10.221,1.355,1.353,-0.482,-1.128,0.653,1246,0,0
3688053,9.84,0.601,0.323,-0.315,-1.183,0.92,1170,0,0
3688073,9.728,-0.247,-1.109,0.135,-1.266,0.873,1077,0,0
3688093,10.652,-0.67,-1.132,0.292,-1.185,0.678,992,0,0
3688113,10.858,-0.845,-0.974,0.388,-0.984,0.539,945,0,0
3688133,10.59,-0.455,-0.972,0.711,-0.839,0.362,918,0,0
3688153,10.364,-0.192,-1.343,0.996,-0.873,0.194,910,0,0
3688173,10.975,0.225,-2.255,1.194,-0.563,0.066,902,0,0
3688193,10.568,0.735,-2.296,1.187,-0.373,0.078,912,0,0
3688213,10.053,0.656,-2.488,1.321,-0.228,0.161,925,0,0
3688233,9.881,-0.12,-2.847,1.348,-0.116,0.211,944,0,0
3688253,9.27,-0.678,-2.835,1.287,-0.055,0.254,958,0,0
3688274,9.064,-2.272,-3.057,1.066,-0.037,0.288,966,0,0
3688293,8.906,-4.147,-3.342,0.965,0.09,0.114,976,0,0
3688313,8.382,-5.057,-3.261,0.87,0.147,-0.129,983,0,0
3688333,8.181,-6.457,-3.709,0.671,0.173,-0.445,991,0,0
3688353,8.028,-7.7,-4.175,0.451,0.324,-0.838,998,0,0
3688373,7.98,-8.554,-4.465,0.113,0.627,-1.306,1002,0,0
3688393,7.558,-8.978,-3.972,-0.144,0.993,-1.778,1005,0,0
3688413,6.694,-8.298,-2.727,-0.453,1.137,-2.268,1008,0,0
3688433,6.665,-8.301,-2.334,-0.573,1.194,-2.851,1010,0,0
3688453,6.433,-8.341,-2.15,0.046,1.39,-3.851,1012,0,0
3688473,5.76,-4.609,-2.418,1.034,1.837,-4.892,1013,0,0
3688493,3.792,4.046,0.192,0.936,1.903,-4.786,1014,0,0
3688513,3.534,8.083,2.581,-0.586,1.477,-4.051,1015,0,0
3688533,5.765,7.463,2.665,-1.305,1.234,-3.687,1015,0,0
3688554,5.26,9.78,4.18,-0.112,1.113,-3.903,1016,0,0
3688573,4.14,21.239,4.475,1.206,0.482,-3.489,1015,0,0
3688593,5.605,31.376,1.915,0.441,-0.045,-1.833,1015,0,0
3688613,7.851,28.01,0.589,-0.464,0.021,-0.003,1014,0,0
3688633,8.557,22.326,1.089,-0.019,0.078,0.94,1018,0,0
3688653,8.418,19.13,0.996,0.65,-0.056,1.606,1020,0,0
3688673,7.76,16.501,0.924,1.122,-0.191,2.228,1021,0,0
3688693,7.336,14.411,0.668,1.312,-0.235,2.842,1025,0,0
3688713,7.116,11.277,0.687,1.146,-0.189,3.378,1023,0,0
3688733,6.653,8.231,0.982,0.932,-0.188,3.855,1023,0,0
3688753,6.165,4.836,1.113,0.549,-0.155,4.189,1033,0,0
3688773,5.289,0.733,1.597,0.282,-0.169,4.31,1033,0,0
3688793,5.38,-3.788,1.437,0.246,-0.335,4.088,1037,0,0
3688813,5.646,-7.695,1.001,0.423,-0.424,3.586,1038,0,0
3688833,6.182,-11.38,0.273,0.456,-0.443,2.911,1039,0,0
3688854,6.426,-14.217,-0.23,0.225,-0.415,2.105,1040,0,0
3688873,6.962,-15.972,-1.099,-0.209,-0.346,1.17,1040,0,0
3688893,7.154,-15.914,-1.788,-0.821,-0.197,0.185,1041,0,0
3688913,7.123,-15.083,-2.191,-1.038,0.055,-0.913,1041,0,0
3688933,6.323,-12.699,-1.908,-0.715,0.221,-1.988,1041,0,0
3688953,5.717,-9.366,-1.566,-0.379,0.286,-2.791,1042,0,0
3688973,5.799,-5.677,-1.585,-0.576,0.355,-3.216,1043,0,0
3688993,5.732,-3.179,-0.876,-1.306,0.543,-3.308,1044,0,0
3689013,5.593,-3.546,0.577,-1.825,0.637,-3.5,1045,0,0
3689033,5.26,-2.689,1.448,-1.235,0.656,-4.109,1048,0,0
3689053,5.337,3.031,1.097,-0.471,0.761,-4.589,1046,0,0
3689073,4.046,11.423,2.636,-0.8,0.683,-4.06,1046,0,0
3689093,5.282,13.668,2.667,-2.008,0.506,-3.195,1048,0,0
3689113,5.904,13.01,2.842,-1.851,0.531,-2.917,1050,0,0
3689133,4.93,18.435,3.735,-0.484,0.306,-2.725,1051,0,0
3689153,5.801,25.972,2.447,0.165,0.078,-1.767,1051,0,0
3689173,7.515,26.298,1.257,-0.378,0.148,-0.359,1052,0,0
3689193,8.131,20.851,1.834,-0.409,0.211,0.566,1053,0,0
3689213,8.48,16.927,2.064,0.167,0.064,1.075,1051,0,0
3689233,8.157,15.27,2.076,0.64,-0.076,1.501,1050,0,0
3689253,7.908,13.448,1.961,0.9,-0.174,1.983,1051,0,0
3689273,7.52,11.281,1.98,1.002,-0.193,2.412,1052,0,0
3689293,7.104,9.131,2.093,0.868,-0.276,2.713,1054,0,0
3689313,6.941,7.18,1.887,0.875,-0.322,2.91,1054,0,0
3689333,6.503,5.397,1.781,0.966,-0.371,3.018,1055,0,0
3689353,6.558,3.737,1.331,0.912,-0.381,3.102,1056,0,0
3689373,6.74,1.245,0.79,0.695,-0.313,3.104,1056,0,0
3689393,6.472,-0.658,0.699,0.691,-0.289,2.999,1057,0,0
3689413,6.534,-1.865,0.522,0.613,-0.332,2.85,1058,0,0
3689433,7.111,-3.448,-0.048,0.287,-0.354,2.66,1060,0,0
3689453,7.515,-5.636,-0.378,0.022,-0.355,2.325,1060,0,0
3689473,7.958,-7.446,-0.85,0.09,-0.328,1.778,1061,0,0
3689493,8.475,-7.645,-1.053,0.237,-0.297,1.21,1062,0,0
3689513,8.856,-6.893,-1.118,0.182,-0.218,0.707,1062,0,0
3689533,8.985,-5.902,-0.881,-0.117,-0.182,0.315,1063,0,0
3689553,9.172,-4.707,-0.73,-0.391,-0.237,0.002,1064,0,0
3689574,9.191,-3.043,-0.776,-0.494,-0.357,-0.24,1064,0,0
3689593,9.184,-1.216,-0.634,-0.598,-0.536,-0.376,1063,0,0
3689613,9.517,0.012,-0.792,-0.815,-0.667,-0.474,1059,0,0
3689633,9.704,1.389,-1.63,-1.015,-0.664,-0.535,1051,0,0
3689653,10.556,1.597,-2.435,-1.153,-0.286,-0.542,1045,0,0
3689673,10.714,1.678,-1.595,-1.144,0.238,-0.539,1069,0,0
3689693,9.498,2.423,-0.745,-0.939,0.236,-0.428,1132,0,0
3689713,9.141,2.535,-1.437,-1.004,0.049,-0.232,1231,0,0
3689733,10.338,1.812,-2.454,-1.286,0.218,-0.076,1340,0,0
3689753,10.518,1.204,-4.005,-1.425,0.717,-0.125,1442,0,0
3689773,10.989,0.57,-4.348,-1.092,1.425,-0.324,1537,0,0
3689793,9.742,1.295,-0.192,-0.622,1.925,-0.328,1655,0,0
3689813,9.919,-0.256,3.97,-0.218,0.853,-0.307,1729,0,0
3689833,9.799,0.357,0.706,-0.654,0.548,-0.012,1792,0,0
3689853,10.233,1.846,0.534,-0.769,0.298,0.043,1839,0,0
3689873,10.477,1.125,0.134,-0.505,0.373,0.065,1865,0,0
3689893,10.489,0.718,0.838,-0.687,0.322,0.013,1882,0,0
3689913,10.166,0.702,0.553,-0.726,0.277,0.004,1894,0,0
3689933,9.948,0.862,0.369,-0.12,0.172,-0.034,1903,0,0
3689954,10.125,1.109,0.675,0.185,0.037,-0.039,1905,0,0
3689974,10.247,0.816,0.785,-0.113,-0.029,-0.02,1906,0,0
3689994,10.278,0.776,0.488,-0.24,-0.041,-0.036,1906,0,0
3690013,10.408,0.759,0.543,-0.163,-0.048,-0.081,1907,0,0
3690033,10.228,0.965,0.254,-0.144,0.054,-0.105,1904,0,0
3690053,9.984,1.061,0.362,-0.082,0.057,-0.06,1904,0,0
3690073,10.044,1.199,0.448,-0.054,0.004,-0.033,1903,0,0
3690093,10.163,0.967,0.579,-0.125,-0.055,-0.011,1902,0,0
3690113,10.166,0.895,0.302,-0.145,-0.017,-0.005,1900,0,0
3690133,10.118,0.867,0.546,-0.107,-0.018,-0.039,1895,0,0
3690153,10.314,1.058,0.376,-0.096,-0.041,-0.082,1888,0,0
3690173,10.111,1.125,0.148,0.033,0.018,-0.08,1884,0,0
3690193,10.144,1.374,0.352,0.075,0.01,-0.019,1879,0,0
3690213,10.178,1.288,0.189,-0.132,0.022,0.007,1874,0,0
3690233,10.041,0.941,0.359,-0.192,0.075,0.022,1873,0,0
3690253,10.104,0.824,0.63,-0.159,0.027,0.022,1872,0,0
3690273,10.326,0.833,0.716,-0.081,0.009,-0.021,1871,0,0
3690294,10.053,0.907,0.555,0.028,0.04,-0.023,1871,0,0
3690313,9.974,0.962,0.584,-0.027,-0.026,-0.015,1870,0,0
3690333,10.027,0.833,0.445,-0.138,-0.037,-0.037,1867,0,0
3690353,10.159,0.881,0.345,-0.042,-0.037,-0.054,1864,0,0
3690373,10.214,1.087,0.316,0.022,-0.002,-0.062,1861,0,0
3690394,10.195,1.197,0.354,-0.04,0.016,-0.041,1858,0,0
3690413,9.984,1.221,0.263,-0.048,0.037,-0.028,1857,0,0
3690433,10.029,1.12,0.393,-0.109,0.001,0.0,1855,0,0
3690453,10.166,1.097,0.457,-0.132,-0.007,-0.023,1855,0,0
3690473,10.178,1.082,0.512,-0.032,0.021,-0.023,1855,0,0
3690493,10.12,1.274,0.388,0.059,0.02,0.004,1851,0,0
3690513,9.986,1.216,0.362,-0.035,0.015,0.026,1850,0,0
3690533,10.151,0.97,0.378,-0.149,-0.003,0.049,1848,0,0
3690553,10.147,0.783,0.371,-0.133,0.026,0.025,1846,0,0
3690573,10.13,0.836,0.467,-0.025,0.017,-0.015,1844,0,0
3690593,10.125,1.056,0.359,0.024,0.019,-0.025,1843,0,0
3690613,10.06,1.123,0.309,-0.027,0.028,-0.004,1841,0,0
3690633,10.046,1.006,0.381,-0.115,0.027,0.023,1840,0,0
3690654,10.092,0.85,0.484,-0.114,0.015,0.006,1838,0,0
3690673,10.171,0.86,0.457,-0.058,0.014,-0.019,1839,0,0
3690693,10.116,1.053,0.419,-0.017,0.029,-0.016,1839,0,0
3690713,10.051,1.094,0.39,-0.047,0.017,-0.004,1838,0,0
3690733,10.099,1.053,0.431,-0.088,0.015,0.005,1838,0,0
3690753,10.082,1.013,0.393,-0.069,0.008,-0.001,1838,0,0
3690773,10.12,1.006,0.433,-0.056,0.005,-0.005,1836,0,0
3690793,10.123,0.974,0.395,-0.043,0.018,-0.004,1836,0,0
3690813,10.056,1.065,0.373,-0.029,0.038,-0.006,1833,0,0
3690833,9.907,1.027,0.443,-0.08,0.031,-0.005,1832,0,0
3690853,10.07,1.008,0.479,-0.058,-0.001,-0.005,1831,0,0
3690873,10.132,1.025,0.453,-0.034,0.014,-0.007,1831,0,0
3690893,10.07,1.053,0.457,-0.009,0.023,-0.001,1831,0,0
3690913,10.039,1.087,0.491,-0.05,0.007,0.003,1830,0,0
3690933,10.065,1.034,0.479,-0.113,0.002,-0.007,1830,0,0
3690953,10.127,0.948,0.46,-0.076,0.002,-0.011,1828,0,0
3690973,10.163,0.953,0.474,-0.023,-0.001,-0.004,1828,0,0
3690994,10.137,0.994,0.395,-0.056,0.006,-0.01,1824,0,0
3691013,10.07,0.905,0.388,-0.098,0.006,-0.01,1825,0,0
3691033,10.053,0.917,0.395,-0.079,0.01,-0.018,1823,0,0
3691053,10.08,1.027,0.476,-0.044,0.007,-0.038,1824,0,0
3691074,10.101,1.068,0.455,-0.03,0.006,-0.023,1823,0,0
3691093,10.068,1.051,0.333,-0.049,0.019,-0.013,1822,0,0
3691113,9.991,0.994,0.338,-0.092,0.02,-0.022,1822,0,0
3691133,10.017,0.977,0.409,-0.064,0.015,-0.028,1821,0,0
3691153,10.12,1.018,0.431,-0.046,-0.003,-0.031,1821,0,0
3691173,10.166,0.979,0.381,-0.032,0.004,-0.032,1820,0,0
3691193,10.127,1.053,0.366,0.005,0.009,-0.034,1818,0,0
3691213,10.139,1.125,0.364,-0.024,-0.001,-0.023,1817,0,0
3691233,10.147,1.013,0.4,-0.08,0.001,-0.01,1812,0,0
3691254,10.161,0.931,0.421,-0.043,-0.009,-0.006,1812,0,0
3691273,10.195,0.994,0.357,-0.016,0.01,-0.012,1811,0,0
3691293,10.13,1.094,0.34,-0.042,0.021,-0.01,1810,0,0
3691313,10.041,1.164,0.371,-0.065,0.013,-0.007,1811,0,0
3691333,10.092,1.159,0.426,-0.073,-0.003,0.002,1811,0,0
3691353,10.106,1.063,0.381,-0.042,-0.009,0.011,1810,0,0
3691373,10.032,1.044,0.342,-0.035,0.001,0.008,1810,0,0
3691393,9.965,0.998,0.328,-0.052,0.005,0.007,1809,0,0
3691413,10.068,0.955,0.376,-0.054,-0.001,0.005,1808,0,0
3691433,10.087,0.955,0.388,-0.058,0.01,0.014,1808,0,0
3691453,10.036,0.95,0.352,-0.045,0.013,-0.005,1808,0,0
3691473,10.01,0.998,0.419,-0.046,0.001,-0.027,1807,0,0
3691493,10.113,1.07,0.335,-0.051,-0.002,-0.024,1808,0,0
3691513,10.125,1.041,0.328,-0.074,0.01,-0.006,1807,0,0
3691533,10.12,0.943,0.333,-0.079,0.006,-0.003,1808,0,0
3691553,10.142,0.972,0.321,-0.062,0.009,-0.022,1807,0,0
3691573,10.132,1.049,0.323,-0.028,0.01,-0.031,1807,0,0
3691593,10.159,1.173,0.352,-0.023,0.014,-0.021,1807,0,0
3691613,10.168,1.223,0.414,-0.043,0.015,0.0,1804,0,0
3691633,10.218,1.166,0.443,-0.069,0.011,0.017,1805,0,0
3691653,10.18,1.049,0.436,-0.084,0.01,0.017,1802,0,0
3691673,10.096,0.979,0.448,-0.058,0.004,0.004,1800,0,0
3691693,10.104,1.094,0.414,-0.022,-0.006,0.008,1800,0,0
3691713,10.08,1.116,0.333,-0.062,0.005,0.027,1797,0,0
3691733,10.036,1.018,0.381,-0.084,0.009,0.028,1798,0,0
3691753,10.053,1.053,0.443,-0.069,0.012,0.015,1798,0,0
3691773,10.104,1.118,0.429,-0.039,0.023,0.015,1797,0,0
3691793,10.017,1.097,0.481,-0.069,0.019,0.029,1796,0,0
3691813,10.025,0.943,0.462,-0.118,0.0,0.031,1796,0,0
3691833,10.077,0.836,0.448,-0.098,-0.006,0.014,1795,0,0
3691853,10.072,0.848,0.479,-0.054,-0.011,-0.004,1794,0,0
3691873,10.077,0.919,0.373,-0.068,-0.013,-0.013,1795,0,0
3691893,10.099,0.953,0.261,-0.098,-0.011,-0.006,1795,0,0
3691913,10.099,0.996,0.261,-0.1,0.002,-0.008,1796,0,0
3691933,10.092,0.962,0.378,-0.088,-0.007,-0.025,1794,0,0
3691953,10.111,1.037,0.285,-0.049,-0.012,-0.018,1793,0,0
3691973,10.159,0.955,0.218,-0.059,-0.009,-0.003,1792,0,0
3691993,10.161,0.852,0.244,-0.116,0.011,-0.005,1792,0,0
3692013,10.111,0.881,0.342,-0.103,0.023,-0.023,1791,0,0
3692034,10.147,1.073,0.39,-0.036,0.005,-0.03,1791,0,0
3692053,10.132,1.209,0.328,-0.034,0.004,-0.007,1791,0,0
3692073,10.048,1.111,0.306,-0.075,0.008,0.019,1791,0,0
3692093,10.082,1.006,0.297,-0.094,-0.004,0.015,1790,0,0
3692113,10.116,0.962,0.251,-0.084,-0.0,0.008,1790,0,0
3692133,10.185,0.97,0.215,-0.043,0.012,0.018,1789,0,0
3692153,10.075,1.018,0.34,-0.055,0.023,0.018,1790,0,0
3692173,9.996,1.01,0.417,-0.067,0.008,0.021,1790,0,0
3692193,10.034,0.883,0.357,-0.07,-0.009,0.017,1788,0,0
3692213,10.101,0.797,0.237,-0.084,-0.01,0.003,1788,0,0
3692233,10.144,0.807,0.244,-0.046,0.018,-0.012,1788,0,0
3692253,10.07,0.984,0.326,-0.038,0.03,-0.012,1787,0,0
3692273,10.101,0.996,0.378,-0.092,0.018,-0.0,1786,0,0
3692293,10.094,0.912,0.419,-0.094,0.01,0.005,1787,0,0
3692313,10.089,0.86,0.424,-0.065,-0.007,-0.019,1786,0,0
3692333,10.108,1.025,0.33,-0.039,-0.007,-0.025,1785,0,0
3692353,10.048,1.068,0.242,-0.053,0.0,-0.016,1783,0,0
3692373,10.051,1.027,0.299,-0.076,0.01,-0.004,1783,0,0
3692393,10.084,0.948,0.302,-0.079,0.013,0.002,1783,0,0
3692413,10.113,0.888,0.323,-0.064,0.022,-0.003,1782,0,0
3692434,10.032,0.905,0.409,-0.079,0.029,-0.02,1783,0,0
3692454,10.068,0.96,0.469,-0.057,0.004,-0.012,1784,0,0
