2924852,5.188,4.616,6.754,-0.07,0.035,0.007,1792,0,0
2924872,5.121,4.59,6.771,-0.068,0.03,0.009,1793,0,0
2924892,5.128,4.635,6.761,-0.055,0.008,0.006,1793,0,0
2924912,5.167,4.616,6.716,-0.062,0.012,0.012,1792,0,0
2924932,5.181,4.53,6.721,-0.062,0.01,0.017,1793,0,0
2924952,5.212,4.42,6.692,-0.064,0.006,0.017,1792,0,0
2924972,5.222,4.405,6.716,-0.068,0.01,0.008,1792,0,0
2924992,5.188,4.413,6.706,-0.056,0.017,-0.002,1792,0,0
2925012,5.212,4.42,6.788,-0.066,0.018,-0.006,1792,0,0
2925032,5.198,4.403,6.845,-0.069,0.014,-0.015,1792,0,0
2925052,5.203,4.436,6.902,-0.05,0.005,-0.019,1792,0,0
2925072,5.195,4.487,6.859,-0.062,-0.006,-0.015,1793,0,0
2925092,5.169,4.508,6.807,-0.061,-0.019,-0.021,1792,0,0
2925112,5.207,4.496,6.689,-0.053,-0.026,-0.019,1792,0,0
2925132,5.215,4.494,6.546,-0.037,-0.009,-0.015,1791,0,0
2925152,5.205,4.532,6.574,-0.029,0.017,-0.017,1792,0,0
2925172,5.193,4.618,6.56,-0.063,0.015,-0.019,1792,0,0
2925192,5.181,4.614,6.634,-0.075,0.022,-0.013,1792,0,0
2925212,5.164,4.626,6.687,-0.055,0.023,-0.005,1792,0,0
2925232,5.174,4.635,6.68,-0.042,0.03,0.008,1792,0,0
2925252,5.176,4.594,6.718,-0.078,0.015,0.008,1792,0,0
2925272,5.195,4.47,6.728,-0.07,0.004,0.003,1792,0,0
2925292,5.236,4.492,6.668,-0.06,0.004,-0.003,1790,0,0
2925312,5.265,4.432,6.649,-0.084,0.004,-0.0,1791,0,0
2925332,5.236,4.36,6.625,-0.066,0.02,-0.003,1792,0,0
2925352,5.198,4.446,6.713,-0.013,0.046,-0.013,1791,0,0
2925372,5.162,4.566,6.804,-0.053,0.035,-0.008,1791,0,0
2925392,5.143,4.575,6.871,-0.073,0.022,-0.011,1791,0,0
2925412,5.138,4.525,6.814,-0.077,0.001,-0.013,1791,0,0
2925432,5.198,4.525,6.764,-0.055,-0.006,-0.011,1791,0,0
2925452,5.222,4.506,6.668,-0.063,0.005,-0.012,1792,0,0
2925472,5.236,4.52,6.637,-0.051,0.017,-0.01,1791,0,0
2925492,5.219,4.542,6.627,-0.067,0.017,-0.012,1791,0,0
2925512,5.193,4.573,6.591,-0.066,0.019,-0.015,1791,0,0
2925532,5.162,4.563,6.668,-0.075,0.03,-0.009,1791,0,0
2925552,5.131,4.616,6.735,-0.054,0.034,-0.003,1791,0,0
2925572,5.157,4.642,6.744,-0.068,0.023,0.011,1791,0,0
2925592,5.171,4.578,6.783,-0.071,0.027,0.015,1791,0,0
2925612,5.181,4.463,6.768,-0.074,0.011,0.004,1791,0,0
2925632,5.231,4.405,6.74,-0.066,0.007,-0.001,1792,0,0
2925652,5.231,4.367,6.701,-0.053,0.017,-0.001,1792,0,0
2925672,5.227,4.427,6.67,-0.052,0.021,-0.004,1791,0,0
2925692,5.2,4.436,6.718,-0.076,0.027,-0.008,1792,0,0
2925712,5.169,4.458,6.828,-0.068,0.022,-0.02,1792,0,0
2925732,5.169,4.468,6.847,-0.073,0.012,-0.019,1791,0,0
2925752,5.171,4.561,6.797,-0.043,0.007,-0.02,1792,0,0
2925772,5.157,4.609,6.742,-0.06,0.0,-0.014,1791,0,0
2925792,5.143,4.597,6.709,-0.079,0.008,-0.009,1791,0,0
2925812,5.145,4.554,6.737,-0.068,0.001,-0.009,1791,0,0
2925832,5.169,4.594,6.74,-0.066,-0.001,-0.003,1791,0,0
2925852,5.171,4.559,6.692,-0.072,0.003,-0.0,1791,0,0
2925872,5.181,4.547,6.692,-0.058,0.018,0.003,1791,0,0
2925892,5.162,4.554,6.692,-0.057,0.017,0.006,1791,0,0
2925912,5.212,4.489,6.735,-0.074,0.003,0.004,1791,0,0
2925932,5.217,4.436,6.737,-0.074,0.003,-0.0,1791,0,0
2925952,5.21,4.451,6.701,-0.052,0.008,-0.005,1791,0,0
2925972,5.169,4.544,6.761,-0.04,0.018,-0.001,1791,0,0
2925992,5.162,4.575,6.788,-0.066,0.014,0.005,1791,0,0
2926012,5.15,4.499,6.785,-0.071,0.006,0.006,1792,0,0
2926032,5.203,4.42,6.764,-0.054,0.002,-0.003,1792,0,0
2926052,5.236,4.446,6.737,-0.051,0.005,-0.009,1792,0,0
2926072,5.234,4.434,6.723,-0.06,0.005,-0.013,1791,0,0
2926092,5.21,4.492,6.737,-0.045,0.004,-0.01,1791,0,0
2926112,5.193,4.496,6.749,-0.032,0.007,-0.006,1792,0,0
2926132,5.157,4.561,6.771,-0.043,0.011,-0.009,1791,0,0
2926152,5.162,4.594,6.807,-0.068,-0.001,-0.007,1792,0,0
2926172,5.183,4.568,6.809,-0.045,-0.006,-0.003,1791,0,0
2926192,5.169,4.573,6.766,-0.032,-0.011,0.007,1792,0,0
2926212,5.205,4.542,6.701,-0.042,-0.019,0.014,1791,0,0
2926232,5.25,4.46,6.699,-0.067,-0.011,0.005,1791,0,0
2926252,5.239,4.439,6.61,-0.053,-0.008,-0.004,1791,0,0
2926272,5.243,4.551,6.646,-0.038,-0.011,-0.011,1791,0,0
2926292,5.272,4.549,6.642,-0.074,-0.014,-0.005,1791,0,0
2926312,5.262,4.513,6.642,-0.05,-0.007,-0.003,1791,0,0
2926332,5.262,4.511,6.639,-0.043,0.004,-0.005,1792,0,0
2926352,5.231,4.501,6.694,-0.045,0.008,-0.004,1792,0,0
2926372,5.258,4.527,6.677,-0.056,-0.005,-0.01,1792,0,0
2926392,5.234,4.554,6.675,-0.056,0.001,-0.009,1791,0,0
2926412,5.219,4.561,6.634,-0.056,0.008,-0.006,1791,0,0
2926432,5.21,4.575,6.651,-0.048,0.006,-0.007,1791,0,0
2926452,5.231,4.547,6.67,-0.073,0.002,-0.008,1791,0,0
2926472,5.255,4.489,6.67,-0.078,-0.003,-0.01,1791,0,0
2926492,5.258,4.48,6.61,-0.067,0.002,-0.018,1791,0,0
2926512,5.253,4.542,6.608,-0.064,0.011,-0.019,1791,0,0
2926532,5.219,4.571,6.632,-0.071,0.019,-0.018,1791,0,0
2926552,5.241,4.537,6.718,-0.074,0.019,-0.015,1792,0,0
2926572,5.267,4.592,6.694,-0.08,0.014,-0.012,1792,0,0
2926592,5.267,4.547,6.639,-0.087,0.015,-0.007,1790,0,0
2926612,5.25,4.523,6.649,-0.05,0.022,-0.004,1790,0,0
2926632,5.203,4.518,6.639,-0.047,0.037,-0.004,1791,0,0
2926652,5.179,4.551,6.682,-0.061,0.022,-0.008,1791,0,0
2926672,5.191,4.568,6.665,-0.09,0.009,-0.005,1791,0,0
2926692,5.217,4.494,6.718,-0.097,0.02,-0.001,1790,0,0
2926712,5.236,4.429,6.692,-0.079,0.017,-0.008,1791,0,0
2926732,5.239,4.48,6.653,-0.068,0.02,-0.017,1791,0,0
2926752,5.227,4.532,6.627,-0.067,0.026,-0.019,1790,0,0
2926772,5.21,4.549,6.718,-0.082,0.022,-0.01,1791,0,0
2926792,5.212,4.575,6.737,-0.072,0.027,-0.006,1791,0,0
2926812,5.181,4.597,6.742,-0.056,0.027,-0.006,1791,0,0
2926832,5.162,4.626,6.754,-0.066,0.024,-0.004,1791,0,0
2926852,5.186,4.501,6.788,-0.097,0.014,0.001,1790,0,0
2926872,5.21,4.48,6.766,-0.058,0.011,0.001,1791,0,0
2926892,5.231,4.487,6.718,-0.06,0.01,0.003,1790,0,0
2926912,5.229,4.472,6.663,-0.064,0.007,0.003,1791,0,0
2926932,5.239,4.427,6.675,-0.074,0.012,-0.005,1790,0,0
2926952,5.224,4.41,6.701,-0.072,0.018,-0.013,1790,0,0
2926972,5.227,4.487,6.709,-0.052,0.02,-0.01,1790,0,0
2926992,5.21,4.583,6.776,-0.05,0.026,-0.004,1791,0,0
2927012,5.181,4.568,6.8,-0.073,0.013,-0.004,1792,0,0
2927032,5.207,4.53,6.79,-0.069,-0.005,-0.005,1791,0,0
2927052,5.215,4.501,6.732,-0.062,-0.002,-0.002,1792,0,0
2927072,5.212,4.506,6.668,-0.048,0.006,-0.004,1791,0,0
2927092,5.21,4.513,6.682,-0.056,0.011,0.002,1790,0,0
2927112,5.21,4.482,6.637,-0.07,0.007,-0.003,1791,0,0
2927132,5.217,4.48,6.651,-0.071,0.004,-0.005,1791,0,0
2927152,5.234,4.499,6.661,-0.065,0.011,-0.007,1791,0,0
2927172,5.227,4.489,6.677,-0.071,0.016,-0.009,1791,0,0
2927192,5.227,4.482,6.721,-0.054,0.021,-0.007,1791,0,0
2927212,5.212,4.527,6.663,-0.053,0.029,-0.001,1791,0,0
2927232,5.205,4.518,6.711,-0.063,0.026,-0.002,1791,0,0
2927252,5.212,4.489,6.737,-0.073,0.014,-0.003,1791,0,0
2927272,5.207,4.48,6.766,-0.066,0.007,-0.007,1790,0,0
2927292,5.203,4.494,6.718,-0.061,0.01,-0.002,1791,0,0
2927312,5.181,4.506,6.692,-0.058,0.015,-0.001,1790,0,0
2927332,5.21,4.503,6.704,-0.069,0.015,-0.004,1790,0,0
2927352,5.229,4.439,6.618,-0.079,0.013,-0.012,1789,0,0
2927372,5.246,4.458,6.615,-0.055,0.022,-0.014,1789,0,0
2927392,5.234,4.503,6.642,-0.067,0.029,-0.012,1789,0,0
2927412,5.217,4.563,6.68,-0.072,0.029,-0.011,1789,0,0
2927432,5.212,4.518,6.744,-0.094,0.037,-0.006,1790,0,0
2927452,5.181,4.542,6.783,-0.064,0.03,-0.004,1790,0,0
2927472,5.164,4.597,6.802,-0.064,0.021,-0.001,1790,0,0
2927492,5.193,4.575,6.792,-0.077,0.021,0.008,1790,0,0
2927512,5.157,4.566,6.764,-0.082,0.021,0.013,1790,0,0
2927532,5.198,4.424,6.756,-0.082,0.019,0.017,1790,0,0
2927552,5.217,4.353,6.744,-0.06,0.016,0.006,1790,0,0
2927572,5.219,4.365,6.735,-0.054,0.024,0.002,1790,0,0
2927592,5.205,4.372,6.785,-0.059,0.025,-0.005,1790,0,0
2927612,5.219,4.365,6.797,-0.067,0.017,-0.009,1792,0,0
2927632,5.222,4.396,6.821,-0.055,0.019,-0.015,1790,0,0
2927652,5.212,4.436,6.845,-0.059,0.005,-0.021,1791,0,0
2927672,5.179,4.489,6.835,-0.056,-0.006,-0.02,1790,0,0
2927692,5.183,4.496,6.78,-0.045,-0.009,-0.013,1790,0,0
2927712,5.21,4.525,6.704,-0.041,0.006,-0.01,1791,0,0
2927732,5.176,4.539,6.68,-0.054,0.014,-0.009,1790,0,0
2927752,5.198,4.52,6.687,-0.068,0.006,-0.009,1786,0,0
2927772,5.207,4.465,6.728,-0.072,0.005,-0.015,1790,0,0
2927792,5.203,4.508,6.73,-0.043,0.007,-0.015,1789,0,0
2927812,5.203,4.568,6.713,-0.043,0.009,-0.008,1790,0,0
2927832,5.195,4.527,6.706,-0.077,0.011,-0.002,1789,0,0
2927852,5.207,4.489,6.737,-0.056,0.017,-0.001,1791,0,0
2927872,5.21,4.527,6.764,-0.052,0.018,-0.002,1790,0,0
2927892,5.193,4.439,6.754,-0.073,0.005,-0.006,1790,0,0
2927912,5.205,4.506,6.677,-0.048,0.0,-0.011,1790,0,0
2927932,5.21,4.539,6.718,-0.062,0.01,-0.009,1790,0,0
2927952,5.174,4.492,6.766,-0.071,0.015,-0.002,1790,0,0
2927972,5.181,4.475,6.792,-0.046,0.017,0.003,1790,0,0
2927992,5.193,4.439,6.725,-0.062,0.005,-0.002,1790,0,0
2928012,5.241,4.393,6.685,-0.067,0.007,-0.012,1788,0,0
2928032,5.27,4.362,6.682,-0.059,0.016,-0.018,1790,0,0
2928052,5.253,4.434,6.677,-0.044,0.021,-0.025,1789,0,0
2928072,5.21,4.542,6.694,-0.064,0.017,-0.022,1790,0,0
2928092,5.179,4.563,6.761,-0.072,0.027,-0.014,1789,0,0
2928112,5.128,4.604,6.816,-0.062,0.026,-0.011,1789,0,0
2928132,5.143,4.609,6.761,-0.055,0.012,-0.006,1790,0,0
2928152,5.164,4.573,6.74,-0.067,0.004,-0.001,1790,0,0
2928172,5.181,4.515,6.718,-0.07,0.002,0.003,1790,0,0
2928192,5.222,4.444,6.665,-0.067,0.011,0.006,1789,0,0
2928212,5.227,4.415,6.68,-0.063,0.017,0.0,1790,0,0
2928232,5.219,4.403,6.718,-0.076,0.01,-0.007,1790,0,0
2928252,5.241,4.453,6.732,-0.062,0.016,-0.014,1790,0,0
2928272,5.212,4.47,6.766,-0.066,0.023,-0.009,1791,0,0
2928292,5.2,4.492,6.792,-0.061,0.024,-0.009,1790,0,0
2928312,5.169,4.515,6.814,-0.06,0.01,-0.011,1790,0,0
2928332,5.169,4.551,6.783,-0.057,-0.007,-0.013,1790,0,0
2928352,5.171,4.535,6.697,-0.067,-0.007,-0.006,1790,0,0
2928372,5.186,4.513,6.687,-0.05,0.01,-0.001,1790,0,0
2928392,5.191,4.506,6.716,-0.06,0.008,-0.004,1790,0,0
2928412,5.227,4.47,6.709,-0.08,0.006,-0.009,1791,0,0
2928433,5.217,4.475,6.716,-0.075,0.003,-0.014,1790,0,0
2928452,5.219,4.48,6.723,-0.05,0.015,-0.011,1791,0,0
2928472,5.231,4.518,6.764,-0.056,0.023,-0.001,1791,0,0
2928492,5.181,4.489,6.8,-0.063,0.01,-0.002,1790,0,0
2928512,5.219,4.453,6.747,-0.064,-0.005,-0.004,1791,0,0
2928532,5.231,4.468,6.704,-0.043,0.0,-0.011,1790,0,0
2928552,5.176,4.539,6.706,-0.055,0.013,-0.005,1790,0,0
2928572,5.169,4.523,6.723,-0.056,0.019,0.0,1792,0,0
2928592,5.157,4.496,6.728,-0.048,0.009,-0.003,1790,0,0
2928612,5.191,4.508,6.756,-0.05,-0.0,-0.005,1790,0,0
2928632,5.186,4.499,6.732,-0.066,0.003,-0.007,1790,0,0
2928652,5.164,4.458,6.699,-0.058,0.009,-0.007,1790,0,0
2928672,5.198,4.503,6.74,-0.044,0.016,-0.008,1789,0,0
2928692,5.2,4.52,6.812,-0.078,0.008,-0.005,1790,0,0
2928712,5.176,4.46,6.862,-0.067,0.002,-0.007,1790,0,0
2928732,5.191,4.456,6.819,-0.034,-0.001,-0.007,1789,0,0
2928752,5.203,4.503,6.788,-0.013,-0.006,-0.008,1789,0,0
2928772,5.207,4.475,6.78,-0.063,-0.007,-0.009,1790,0,0
2928792,5.21,4.396,6.764,-0.046,-0.005,-0.014,1790,0,0
2928812,5.224,4.468,6.701,-0.036,-0.02,-0.019,1790,0,0
2928833,5.234,4.465,6.644,-0.051,-0.023,-0.022,1789,0,0
2928852,5.25,4.515,6.625,-0.052,-0.013,-0.024,1790,0,0
2928872,5.231,4.571,6.661,-0.05,-0.006,-0.019,1790,0,0
2928892,5.229,4.611,6.656,-0.047,-0.001,-0.014,1789,0,0
2928912,5.219,4.594,6.651,-0.054,-0.003,-0.01,1789,0,0
2928932,5.217,4.594,6.653,-0.059,-0.012,-0.01,1789,0,0
2928952,5.258,4.568,6.63,-0.064,-0.009,-0.006,1790,0,0
2928972,5.231,4.539,6.622,-0.049,-0.003,-0.006,1790,0,0
2928992,5.231,4.547,6.598,-0.048,-0.004,-0.006,1790,0,0
2929012,5.265,4.518,6.625,-0.058,0.008,-0.003,1789,0,0
2929032,5.217,4.515,6.615,-0.055,0.016,-0.003,1790,0,0
2929052,5.217,4.585,6.661,-0.072,0.007,-0.006,1789,0,0
2929072,5.239,4.537,6.737,-0.095,0.001,-0.008,1787,0,0
2929092,5.241,4.492,6.732,-0.05,0.006,-0.011,1789,0,0
2929112,5.27,4.575,6.682,-0.029,0.017,-0.005,1789,0,0
2929132,5.246,4.547,6.699,-0.053,0.016,0.003,1789,0,0
2929152,5.236,4.537,6.656,-0.063,-0.001,-0.003,1789,0,0
2929172,5.26,4.48,6.721,-0.077,0.001,-0.013,1790,0,0
2929192,5.219,4.446,6.737,-0.082,0.005,-0.015,1790,0,0
2929212,5.222,4.453,6.706,-0.042,0.005,-0.016,1789,0,0
2929232,5.267,4.47,6.706,-0.051,0.002,-0.016,1789,0,0
2929252,5.236,4.322,6.776,-0.073,-0.0,-0.033,1790,0,0
2929272,5.26,4.288,6.759,-0.051,-0.01,-0.051,1789,0,0
2929292,5.284,4.42,6.742,-0.046,-0.018,-0.056,1788,0,0
2929312,5.298,4.518,6.783,-0.055,-0.023,-0.047,1789,0,0
2929332,5.277,4.468,6.771,-0.055,-0.038,-0.05,1789,0,0
2929352,5.248,4.417,6.646,-0.032,-0.055,-0.066,1789,0,0
2929372,5.255,4.597,6.469,-0.028,-0.052,-0.077,1788,0,0
2929392,5.246,4.776,6.349,-0.046,-0.024,-0.064,1788,0,0
2929412,5.222,4.863,6.318,-0.074,-0.001,-0.043,1788,0,0
2929432,5.215,4.812,6.309,-0.073,0.021,-0.032,1787,0,0
2929452,5.219,4.81,6.33,-0.085,0.019,-0.035,1788,0,0
2929472,5.219,4.827,6.354,-0.078,0.046,-0.028,1788,0,0
2929492,5.174,4.853,6.505,-0.069,0.076,-0.012,1789,0,0
2929512,5.176,4.779,6.711,-0.083,0.089,0.017,1790,0,0
2929532,5.155,4.58,6.898,-0.087,0.084,0.026,1787,0,0
2929552,5.107,4.432,6.943,-0.067,0.058,0.014,1789,0,0
2929572,5.162,4.429,6.905,-0.047,0.038,0.009,1788,0,0
2929592,5.183,4.324,6.874,-0.059,0.044,0.005,1788,0,0
2929612,5.193,4.173,6.871,-0.039,0.039,-0.012,1788,0,0
2929632,5.181,4.173,6.823,-0.025,0.025,-0.042,1788,0,0
2929652,5.219,4.245,6.881,-0.024,0.025,-0.063,1790,0,0
2929672,5.15,4.355,7.001,0.002,0.024,-0.08,1789,0,0
2929692,5.133,4.513,7.089,0.037,0.001,-0.084,1789,0,0
2929712,5.097,4.671,7.051,0.028,-0.034,-0.087,1788,0,0
2929732,5.145,4.781,6.91,0.015,-0.069,-0.084,1788,0,0
2929752,5.207,4.841,6.697,0.032,-0.088,-0.063,1788,0,0
2929772,5.227,4.717,6.582,0.024,-0.083,-0.05,1787,0,0
2929792,5.239,4.709,6.45,0.061,-0.072,-0.055,1787,0,0
2929812,5.224,4.855,6.402,0.052,-0.069,-0.055,1787,0,0
2929832,5.236,4.927,6.378,0.029,-0.071,-0.051,1787,0,0
2929852,5.262,4.966,6.364,0.018,-0.062,-0.038,1787,0,0
2929872,5.239,5.049,6.337,0.039,-0.05,-0.029,1788,0,0
2929892,5.212,5.047,6.299,-0.002,-0.051,-0.015,1786,0,0
2929912,5.243,4.927,6.275,-0.0,-0.045,-0.009,1787,0,0
2929932,5.27,4.932,6.208,0.003,-0.025,-0.007,1787,0,0
2929952,5.26,4.997,6.246,-0.024,-0.003,0.006,1787,0,0
2929972,5.219,4.939,6.364,-0.056,-0.005,0.013,1786,0,0
2929992,5.212,4.81,6.424,-0.045,0.005,0.009,1786,0,0
2930012,5.186,4.863,6.462,-0.025,0.005,0.005,1786,0,0
2930032,5.198,4.836,6.476,-0.052,0.003,0.006,1786,0,0
2930052,5.227,4.8,6.498,-0.061,0.009,0.007,1787,0,0
2930072,5.267,4.769,6.606,-0.056,0.009,0.003,1787,0,0
2930092,5.284,4.75,6.642,-0.067,-0.014,-0.003,1787,0,0
2930112,5.334,4.831,6.596,-0.054,-0.03,0.001,1786,0,0
2930132,5.341,4.896,6.467,-0.037,-0.034,0.007,1786,0,0
2930152,5.389,4.87,6.261,-0.047,-0.047,0.012,1787,0,0
2930172,5.389,4.858,6.213,-0.074,-0.041,0.007,1787,0,0
2930192,5.394,4.877,6.117,-0.066,-0.028,0.009,1785,0,0
2930212,5.375,5.001,6.081,-0.048,-0.007,0.021,1786,0,0
2930232,5.356,4.985,6.086,-0.075,0.002,0.032,1784,0,0
2930252,5.353,4.92,6.084,-0.095,0.011,0.032,1786,0,0
2930272,5.332,4.882,6.041,-0.114,0.025,0.03,1786,0,0
2930292,5.315,4.8,6.053,-0.125,0.047,0.032,1787,0,0
2930312,5.286,4.714,6.096,-0.112,0.075,0.026,1786,0,0
2930332,5.222,4.673,6.203,-0.109,0.112,0.019,1787,0,0
2930352,5.131,4.738,6.433,-0.118,0.137,0.013,1787,0,0
2930372,5.08,4.745,6.642,-0.15,0.14,0.012,1786,0,0
2930392,5.085,4.666,6.783,-0.151,0.12,0.003,1787,0,0
2930412,5.124,4.666,6.84,-0.13,0.101,-0.001,1787,0,0
2930432,5.193,4.626,6.881,-0.138,0.098,-0.001,1787,0,0
2930452,5.219,4.515,6.948,-0.123,0.079,0.006,1788,0,0
2930472,5.339,4.298,6.867,-0.118,0.046,-0.0,1787,0,0
2930492,5.356,4.144,6.656,-0.097,0.028,-0.028,1787,0,0
2930512,5.397,4.175,6.483,-0.091,0.042,-0.063,1786,0,0
2930532,5.315,4.365,6.565,-0.07,0.061,-0.091,1787,0,0
2930552,5.239,4.645,6.531,-0.07,0.037,-0.105,1787,0,0
2930572,5.229,4.863,6.515,-0.072,0.04,-0.096,1786,0,0
2930592,5.162,5.006,6.658,-0.079,0.056,-0.085,1787,0,0
2930612,5.057,5.14,6.778,-0.042,0.055,-0.062,1787,0,0
2930632,4.98,5.332,6.84,-0.025,0.027,-0.035,1788,0,0
2930652,4.985,5.337,6.804,-0.071,-0.005,-0.002,1788,0,0
2930672,5.011,5.152,6.776,-0.072,-0.013,0.031,1789,0,0
2930692,5.061,4.98,6.766,-0.037,-0.025,0.049,1788,0,0
2930712,5.119,4.894,6.596,-0.043,-0.031,0.062,1788,0,0
2930732,5.15,4.738,6.524,-0.066,-0.026,0.065,1788,0,0
2930752,5.203,4.537,6.46,-0.076,-0.024,0.061,1789,0,0
2930772,5.246,4.494,6.402,-0.056,-0.014,0.037,1788,0,0
2930792,5.258,4.515,6.361,-0.078,-0.006,0.028,1790,0,0
2930812,5.284,4.587,6.402,-0.082,0.009,0.02,1788,0,0
2930832,5.267,4.683,6.419,-0.082,0.019,0.015,1789,0,0
2930852,5.248,4.714,6.421,-0.093,0.025,0.015,1788,0,0
2930872,5.215,4.64,6.46,-0.109,0.023,0.013,1789,0,0
2930892,5.207,4.645,6.445,-0.086,0.042,0.014,1788,0,0
2930912,5.148,4.697,6.515,-0.079,0.065,0.014,1788,0,0
2930932,5.143,4.76,6.567,-0.084,0.073,0.017,1788,0,0
2930952,5.131,4.709,6.62,-0.119,0.078,0.022,1789,0,0
2930972,5.162,4.597,6.697,-0.124,0.069,0.01,1786,0,0
2930992,5.16,4.609,6.637,-0.109,0.055,0.002,1788,0,0
2931012,5.188,4.616,6.649,-0.101,0.066,0.001,1788,0,0
2931032,5.162,4.611,6.754,-0.119,0.076,0.009,1787,0,0
2931052,5.164,4.635,6.79,-0.086,0.071,0.012,1787,0,0
2931072,5.198,4.602,6.819,-0.107,0.054,0.01,1788,0,0
2931092,5.241,4.506,6.893,-0.098,0.029,0.007,1787,0,0
2931112,5.267,4.525,6.706,-0.08,0.024,0.006,1789,0,0
2931132,5.284,4.65,6.658,-0.066,0.036,0.026,1788,0,0
2931152,5.224,4.669,6.646,-0.082,0.047,0.036,1786,0,0
2931172,5.188,4.688,6.658,-0.085,0.036,0.031,1788,0,0
2931192,5.131,4.666,6.744,-0.1,0.031,0.027,1789,0,0
2931212,5.1,4.616,6.816,-0.073,0.023,0.033,1788,0,0
2931232,5.08,4.652,6.864,-0.058,0.029,0.05,1787,0,0
2931252,5.047,4.611,6.847,-0.069,0.029,0.055,1788,0,0
2931272,5.03,4.525,6.826,-0.084,0.012,0.052,1789,0,0
2931292,5.08,4.381,6.812,-0.094,0.003,0.05,1788,0,0
2931312,5.143,4.266,6.826,-0.063,0.013,0.029,1788,0,0
2931332,5.16,4.254,6.812,-0.049,0.018,0.016,1788,0,0
2931352,5.205,4.293,6.843,-0.06,0.025,0.011,1788,0,0
2931372,5.2,4.331,6.831,-0.05,0.012,-0.005,1788,0,0
2931392,5.21,4.446,6.838,-0.047,-0.007,-0.011,1788,0,0
2931412,5.265,4.396,6.843,-0.075,-0.014,-0.019,1789,0,0
2931432,5.274,4.398,6.814,-0.05,-0.022,-0.031,1788,0,0
2931452,5.217,4.566,6.711,-0.022,-0.025,-0.03,1788,0,0
2931472,5.193,4.685,6.625,-0.026,-0.022,-0.023,1788,0,0
2931492,5.188,4.717,6.622,-0.037,-0.02,-0.021,1788,0,0
2931512,5.162,4.676,6.675,-0.062,-0.018,-0.015,1788,0,0
2931532,5.186,4.614,6.689,-0.055,-0.015,-0.002,1788,0,0
2931552,5.152,4.626,6.637,-0.024,-0.009,0.005,1788,0,0
2931572,5.191,4.611,6.668,-0.054,-0.009,0.008,1788,0,0
2931592,5.2,4.499,6.649,-0.07,-0.01,-0.004,1786,0,0
2931612,5.229,4.472,6.706,-0.067,-0.015,-0.016,1788,0,0
2931632,5.205,4.446,6.67,-0.065,-0.014,-0.022,1789,0,0
2931652,5.205,4.48,6.697,-0.051,-0.007,-0.017,1788,0,0
2931672,5.203,4.523,6.697,-0.056,-0.01,-0.009,1787,0,0
2931692,5.212,4.494,6.687,-0.059,-0.012,-0.015,1787,0,0
2931712,5.25,4.506,6.584,-0.055,-0.013,-0.018,1787,0,0
2931732,5.267,4.508,6.574,-0.047,-0.004,-0.021,1787,0,0
2931752,5.248,4.53,6.594,-0.047,-0.007,-0.027,1788,0,0
2931772,5.265,4.599,6.582,-0.047,0.001,-0.027,1787,0,0
2931792,5.243,4.683,6.567,-0.043,0.015,-0.026,1788,0,0
2931812,5.186,4.714,6.653,-0.057,0.014,-0.017,1789,0,0
2931832,5.21,4.702,6.694,-0.071,0.006,-0.005,1789,0,0
2931852,5.193,4.678,6.701,-0.048,-0.002,0.002,1788,0,0
2931872,5.21,4.714,6.656,-0.039,-0.004,0.006,1788,0,0
2931892,5.224,4.693,6.563,-0.057,0.001,0.01,1787,0,0
2931912,5.243,4.609,6.524,-0.067,0.008,0.01,1787,0,0
2931932,5.231,4.484,6.536,-0.079,0.021,0.006,1787,0,0
2931952,5.262,4.46,6.589,-0.068,0.012,0.001,1788,0,0
2931972,5.274,4.523,6.565,-0.067,0.02,0.003,1787,0,0
2931992,5.262,4.58,6.606,-0.067,0.04,0.005,1787,0,0
2932012,5.255,4.554,6.711,-0.075,0.041,0.005,1788,0,0
2932032,5.234,4.515,6.766,-0.079,0.027,-0.002,1787,0,0
2932052,5.253,4.494,6.764,-0.081,0.003,-0.008,1787,0,0
2932072,5.267,4.544,6.675,-0.062,0.001,-0.002,1787,0,0
2932092,5.243,4.568,6.62,-0.06,0.006,0.001,1788,0,0
2932112,5.236,4.539,6.61,-0.064,0.017,0.003,1787,0,0
2932132,5.212,4.547,6.627,-0.062,0.012,-0.009,1787,0,0
2932152,5.26,4.547,6.572,-0.077,0.01,-0.016,1788,0,0
2932172,5.219,4.604,6.603,-0.062,0.025,-0.011,1787,0,0
2932192,5.203,4.702,6.644,-0.057,0.035,-0.002,1786,0,0
2932212,5.198,4.671,6.682,-0.072,0.033,0.011,1788,0,0
2932232,5.217,4.592,6.732,-0.075,0.018,0.008,1787,0,0
2932252,5.236,4.53,6.737,-0.075,0.007,0.001,1788,0,0
2932272,5.224,4.563,6.716,-0.058,0.015,0.006,1787,0,0
2932292,5.205,4.571,6.709,-0.056,0.016,0.008,1787,0,0
2932312,5.215,4.475,6.673,-0.085,0.005,0.012,1786,0,0
2932332,5.262,4.408,6.608,-0.064,0.018,0.007,1788,0,0
2932352,5.248,4.403,6.625,-0.048,0.016,-0.005,1787,0,0
2932372,5.282,4.477,6.606,-0.066,0.019,-0.012,1787,0,0
2932392,5.262,4.468,6.644,-0.07,0.029,-0.015,1787,0,0
2932412,5.243,4.559,6.646,-0.036,0.027,-0.015,1787,0,0
2932432,5.234,4.688,6.685,-0.063,0.033,-0.015,1787,0,0
2932452,5.198,4.59,6.788,-0.104,0.03,-0.005,1787,0,0
2932472,5.195,4.58,6.828,-0.044,0.026,0.002,1789,0,0
2932492,5.195,4.621,6.742,-0.031,0.009,0.007,1788,0,0
2932512,5.231,4.599,6.627,-0.069,0.002,0.007,1788,0,0
2932532,5.241,4.47,6.627,-0.078,0.005,0.003,1788,0,0
2932552,5.248,4.463,6.591,-0.052,0.021,-0.002,1787,0,0
2932572,5.205,4.482,6.68,-0.057,0.035,-0.001,1788,0,0
2932592,5.212,4.537,6.706,-0.055,0.029,-0.009,1788,0,0
2932612,5.2,4.544,6.735,-0.072,0.019,-0.012,1788,0,0
2932632,5.205,4.539,6.771,-0.084,0.01,-0.008,1788,0,0
2932652,5.195,4.501,6.819,-0.051,0.007,-0.014,1789,0,0
2932672,5.205,4.52,6.828,-0.058,-0.001,-0.011,1788,0,0
2932692,5.203,4.561,6.756,-0.056,-0.003,-0.009,1788,0,0
2932712,5.215,4.571,6.62,-0.064,-0.01,-0.009,1788,0,0
2932732,5.239,4.539,6.596,-0.066,-0.001,-0.008,1788,0,0
2932752,5.25,4.532,6.601,-0.058,0.011,-0.01,1789,0,0
2932772,5.255,4.539,6.653,-0.06,0.014,-0.016,1788,0,0
2932792,5.248,4.515,6.632,-0.085,0.001,-0.026,1788,0,0
2932812,5.248,4.563,6.625,-0.065,0.007,-0.024,1787,0,0
2932832,5.248,4.647,6.618,-0.053,0.027,-0.014,1787,0,0
2932852,5.193,4.583,6.639,-0.065,0.035,0.002,1787,0,0
2932872,5.215,4.503,6.744,-0.068,0.027,-0.01,1788,0,0
2932892,5.212,4.542,6.723,-0.08,0.004,-0.021,1785,0,0
2932912,5.186,4.583,6.713,-0.066,0.017,-0.009,1786,0,0
2932932,5.215,4.527,6.737,-0.057,0.022,0.003,1787,0,0
2932952,5.203,4.482,6.701,-0.044,0.023,-0.002,1786,0,0
2932972,5.239,4.446,6.67,-0.08,0.018,-0.009,1786,0,0
2932992,5.236,4.422,6.663,-0.063,0.012,-0.022,1786,0,0
2933012,5.207,4.571,6.704,-0.036,0.009,-0.023,1787,0,0
2933032,5.203,4.642,6.701,-0.072,0.018,-0.011,1784,0,0
2933052,5.164,4.645,6.721,-0.068,0.019,-0.01,1786,0,0
2933072,5.133,4.678,6.689,-0.055,0.003,-0.009,1787,0,0
2933092,5.188,4.654,6.699,-0.082,0.001,-0.005,1787,0,0
2933112,5.198,4.532,6.766,-0.086,0.007,-0.004,1787,0,0
2933132,5.2,4.487,6.737,-0.047,0.01,0.002,1787,0,0
2933152,5.203,4.535,6.68,-0.042,0.005,0.007,1786,0,0
2933172,5.236,4.472,6.656,-0.074,0.007,0.002,1788,0,0
2933192,5.236,4.432,6.682,-0.077,0.007,-0.01,1788,0,0
2933212,5.26,4.432,6.713,-0.062,0.008,-0.016,1787,0,0
2933232,5.241,4.475,6.685,-0.066,0.01,-0.018,1786,0,0
2933252,5.2,4.575,6.668,-0.059,0.016,-0.017,1786,0,0
2933272,5.195,4.645,6.677,-0.057,0.013,-0.009,1786,0,0
2933292,5.171,4.63,6.709,-0.07,0.009,-0.014,1787,0,0
2933312,5.191,4.616,6.704,-0.067,0.0,-0.009,1787,0,0
2933332,5.219,4.633,6.653,-0.054,0.002,-0.005,1787,0,0
2933352,5.224,4.556,6.646,-0.087,0.004,-0.001,1786,0,0
2933372,5.2,4.539,6.622,-0.065,0.014,-0.001,1787,0,0
2933392,5.217,4.571,6.67,-0.084,0.015,-0.002,1786,0,0
2933412,5.217,4.489,6.742,-0.082,0.023,-0.003,1786,0,0
2933432,5.222,4.542,6.756,-0.054,0.01,0.0,1785,0,0
2933452,5.229,4.549,6.649,-0.044,-0.004,0.007,1785,0,0
2933472,5.222,4.511,6.574,-0.091,0.004,0.008,1786,0,0
2933492,5.224,4.537,6.687,-0.052,0.023,0.006,1786,0,0
2933512,5.198,4.501,6.737,-0.062,0.026,-0.002,1786,0,0
2933532,5.186,4.484,6.804,-0.076,-0.006,-0.011,1786,0,0
2933552,5.222,4.424,6.675,-0.079,-0.011,-0.006,1785,0,0
2933572,5.246,4.432,6.656,-0.029,0.017,-0.005,1786,0,0
2933592,5.236,4.525,6.644,-0.041,0.025,-0.007,1785,0,0
2933612,5.241,4.535,6.68,-0.075,0.016,-0.015,1785,0,0
2933632,5.219,4.561,6.728,-0.074,0.004,-0.021,1784,0,0
2933652,5.167,4.628,6.754,-0.06,0.009,-0.014,1786,0,0
2933672,5.16,4.673,6.776,-0.059,0.01,-0.002,1786,0,0
2933692,5.167,4.618,6.74,-0.062,0.002,0.009,1786,0,0
2933712,5.215,4.551,6.709,-0.061,-0.003,0.011,1785,0,0
2933732,5.215,4.477,6.694,-0.059,-0.014,0.001,1786,0,0
2933752,5.258,4.451,6.644,-0.066,-0.022,0.005,1785,0,0
2933772,5.279,4.451,6.632,-0.045,-0.003,0.005,1784,0,0
2933792,5.26,4.494,6.61,-0.054,0.006,0.004,1784,0,0
2933812,5.27,4.508,6.699,-0.07,0.003,-0.001,1784,0,0
2933832,5.234,4.496,6.845,-0.071,-0.018,-0.001,1783,0,0
2933852,5.193,4.527,6.991,-0.013,-0.098,0.009,1784,0,0
2933872,5.246,4.671,6.855,0.032,-0.175,0.031,1783,0,0
2933892,5.303,4.664,6.687,0.012,-0.201,0.042,1782,0,0
2933912,5.294,4.697,7.142,0.043,-0.282,0.064,1777,0,0
2933932,5.318,4.525,7.087,0.048,-0.456,0.085,1754,0,0
2933952,5.43,4.506,7.07,0.148,-0.571,0.071,1653,0,0
2933972,5.825,4.463,7.36,0.3,-0.699,0.067,1516,0,0
2933992,5.916,4.47,7.101,0.322,-0.754,0.115,1424,0,0
2934012,5.909,4.602,6.366,0.471,-0.801,0.225,1362,0,0
2934032,6.053,5.155,5.923,0.557,-0.836,0.342,1315,0,0
2934052,6.043,5.339,5.887,0.357,-0.971,0.411,1274,0,0
2934072,5.782,4.836,5.59,0.143,-1.138,0.49,1224,0,0
2934092,5.794,5.164,5.356,0.359,-1.324,0.557,1169,0,0
2934112,6.27,5.59,5.595,0.4,-1.46,0.634,1118,0,0
2934132,6.764,5.076,5.971,0.156,-1.559,0.755,1054,0,0
2934152,6.773,4.877,5.705,0.378,-1.744,0.886,989,0,0
2934172,6.907,5.531,5.296,0.487,-1.857,0.993,948,0,0
2934192,7.319,4.472,5.332,0.346,-2.028,1.066,920,0,0
2934212,7.527,4.082,0.809,0.43,-1.77,1.067,900,0,0
2934232,9.596,3.428,1.853,0.469,-1.075,0.687,877,40,0
2934252,8.138,3.352,2.693,0.56,-0.642,0.484,862,2957,200
2934272,8.502,3.237,2.164,0.737,-0.432,0.403,858,3532,200
2934292,8.243,3.304,2.112,0.899,-0.286,0.356,858,3865,200
2934312,8.301,3.213,2.059,0.768,-0.261,0.25,861,4088,200
2934332,8.543,3.718,2.078,0.428,-0.191,0.099,865,4095,200
2934352,8.899,4.14,2.164,0.309,-0.062,0.1,876,4095,200
2934372,8.703,4.017,2.236,0.262,0.034,0.063,882,4095,200
2934392,8.248,3.215,2.437,0.164,0.029,0.045,890,4095,200
2934412,8.435,3.704,2.672,0.308,-0.04,-0.007,895,4095,200
2934432,8.873,5.061,2.887,0.258,-0.043,-0.006,900,4095,200
2934452,8.653,4.463,2.612,0.054,-0.05,0.031,906,4095,200
2934472,8.382,3.996,2.693,-0.031,-0.095,0.061,911,4095,200
2934492,8.921,4.669,2.672,-0.003,-0.064,0.066,913,4095,200
2934512,8.514,3.917,2.583,0.015,-0.074,0.041,917,4095,200
2934532,8.373,3.85,2.337,0.034,-0.098,0.065,920,4095,200
2934552,8.978,4.741,2.55,-0.006,-0.058,0.088,924,4095,200
2934572,8.504,3.91,2.401,-0.014,-0.033,0.075,926,4095,200
2934592,8.543,3.871,2.291,-0.031,-0.036,0.1,929,4095,200
2934612,8.875,4.532,2.619,-0.022,-0.012,0.06,931,4095,200
2934632,8.447,3.656,2.219,-0.038,-0.072,0.024,934,4095,200
2934652,8.799,4.164,2.26,-0.034,-0.046,0.055,937,4095,200
2934672,8.909,4.386,2.368,-0.047,0.008,0.027,938,4095,200
2934692,8.373,3.701,2.294,-0.063,-0.032,0.074,941,4095,200
2934712,8.911,4.427,2.579,-0.043,-0.05,0.088,943,4095,200
2934732,8.78,3.826,2.162,-0.041,-0.06,0.044,943,4095,200
2934752,8.588,3.79,2.224,-0.061,-0.043,0.057,944,4095,200
2934772,9.227,4.377,2.308,-0.04,0.046,0.014,946,4095,200
2934792,8.339,3.737,2.258,-0.054,0.056,0.008,947,4095,200
2934812,8.686,4.266,2.593,-0.073,0.005,0.059,948,4095,200
2934832,8.969,3.876,2.2,-0.063,0.013,0.012,949,4095,200
2934852,8.629,3.613,2.126,-0.076,0.056,0.018,950,4095,200
2934872,9.155,4.403,2.322,-0.026,0.141,0.007,952,4095,200
2934892,8.255,3.802,2.356,-0.013,0.098,0.016,954,4095,200
2934912,8.854,4.293,2.571,-0.059,0.038,0.036,954,4095,200
2934932,8.849,3.979,2.382,-0.07,0.046,-0.019,956,4095,200
2934952,8.619,3.778,2.363,-0.052,0.051,0.017,958,4095,200
2934972,8.914,4.515,2.6,-0.026,0.096,-0.002,958,4095,200
2934992,8.416,3.555,2.401,-0.082,0.01,0.025,959,4095,200
2935012,9.143,4.41,2.523,-0.047,0.043,0.017,961,4095,200
2935032,8.521,3.651,2.296,-0.064,0.069,-0.012,960,4095,200
2935052,8.622,4.19,2.643,-0.056,0.034,0.048,960,4095,200
2935072,8.722,3.926,2.523,-0.052,0.005,0.001,963,4095,200
2935092,8.717,3.677,2.416,-0.076,-0.016,0.023,962,4095,200
2935112,8.976,4.322,2.634,-0.065,0.001,-0.013,963,4095,200
2935132,8.444,3.646,2.354,-0.054,-0.02,0.011,964,4095,200
2935152,9.22,4.487,2.442,-0.078,-0.034,0.014,964,4095,200
2935172,8.442,3.618,2.27,-0.058,-0.022,-0.008,965,4095,200
2935192,8.959,4.372,2.492,-0.063,-0.007,0.012,966,4095,200
2935212,8.569,3.79,2.349,-0.076,-0.037,-0.042,966,4095,200
2935232,8.483,3.903,2.588,-0.165,-0.117,-0.009,966,4095,200
2935252,8.643,4.3,3.048,-0.229,-0.259,-0.053,964,4095,200
2935272,7.918,3.895,3.072,-0.466,-0.623,-0.085,962,4095,200
2935292,9.127,3.213,2.184,-0.567,-0.687,-0.087,964,3820,200
2935312,9.747,3.587,1.511,-0.456,-0.337,-0.227,968,3014,200
2935332,8.83,3.73,1.872,-0.521,-0.012,-0.438,969,1673,200
2935352,8.631,3.589,0.682,-0.625,0.301,-0.676,979,0,0
2935372,8.423,3.141,0.596,-1.048,0.689,-0.916,1018,0,0
2935392,8.581,2.947,1.338,-1.365,1.096,-1.106,1095,0,0
2935412,8.392,3.563,1.626,-1.322,1.454,-1.242,1173,0,0
2935432,7.812,3.991,2.476,-1.033,1.612,-1.305,1264,0,0
2935452,7.527,4.822,2.523,-0.826,1.738,-1.193,1384,0,0
2935472,7.551,4.731,1.987,-0.693,2.117,-1.183,1495,0,0
2935492,6.948,4.822,1.3,-0.658,2.835,-0.884,1606,0,0
2935512,6.127,5.279,6.914,-0.732,2.334,-0.7,1697,0,0
2935532,6.223,3.383,6.225,-1.437,1.943,-0.879,1762,0,0
2935552,5.959,3.326,6.823,-1.726,1.466,-0.911,1809,0,0
2935572,5.813,3.998,6.472,-1.046,1.184,-0.876,1840,0,0
2935592,5.713,4.903,6.926,0.131,1.371,-0.739,1863,0,0
2935612,5.358,5.756,7.762,-0.088,1.259,-0.606,1875,0,0
2935632,4.796,5.717,7.685,-0.491,0.997,-0.447,1883,0,0
2935652,4.393,6.081,7.915,-0.077,0.832,-0.356,1889,0,0
2935672,4.472,6.208,8.198,-0.146,0.429,-0.236,1893,0,0
2935692,4.621,5.923,8.334,-0.305,0.07,-0.109,1896,0,0
2935712,4.705,5.792,7.839,-0.046,-0.066,-0.013,1897,0,0
2935732,4.755,5.71,7.326,0.089,-0.135,0.048,1895,0,0
2935752,4.899,5.368,6.802,-0.082,-0.249,0.106,1895,0,0
2935772,5.083,4.951,6.366,-0.083,-0.253,0.129,1894,0,0
2935792,5.272,4.597,6.16,-0.13,-0.195,0.11,1893,0,0
2935812,5.306,4.434,6.096,-0.141,-0.112,0.068,1892,0,0
2935832,5.332,4.403,6.093,-0.037,-0.066,0.054,1890,0,0
2935852,5.363,4.434,6.16,-0.048,-0.057,0.051,1888,0,0
2935872,5.349,4.458,6.177,-0.065,-0.017,0.061,1887,0,0
2935892,5.349,4.489,6.17,-0.027,0.05,0.042,1884,0,0
2935912,5.306,4.578,6.337,-0.06,0.123,0.007,1883,0,0
2935932,5.195,4.717,6.527,-0.057,0.12,-0.021,1882,0,0
2935952,5.157,4.805,6.689,-0.042,0.068,-0.031,1880,0,0
2935972,5.191,4.872,6.67,-0.055,0.041,-0.009,1878,0,0
2935992,5.164,4.92,6.756,-0.015,0.065,0.028,1874,0,0
2936012,5.14,4.994,6.73,-0.017,0.083,0.036,1874,0,0
2936032,5.083,4.92,6.673,-0.09,0.031,0.044,1873,0,0
2936052,5.136,4.803,6.649,-0.056,-0.05,0.037,1873,0,0
2936072,5.248,4.726,6.558,-0.051,-0.074,0.037,1872,0,0
2936092,5.274,4.748,6.507,-0.041,-0.014,0.042,1870,0,0
2936112,5.193,4.738,6.522,-0.047,0.038,0.059,1869,0,0
2936132,5.191,4.743,6.524,-0.021,0.01,0.05,1869,0,0
2936152,5.234,4.709,6.555,-0.046,-0.034,0.033,1869,0,0
2936172,5.294,4.642,6.503,-0.042,-0.054,0.027,1867,0,0
2936192,5.332,4.7,6.565,0.003,-0.034,0.039,1864,0,0
2936212,5.284,4.815,6.428,0.037,-0.002,0.051,1862,0,0
2936232,5.282,4.841,6.424,-0.027,-0.001,0.059,1860,0,0
2936252,5.284,4.729,6.416,-0.033,0.001,0.053,1860,0,0
2936272,5.267,4.729,6.46,-0.039,-0.014,0.032,1859,0,0
2936292,5.289,4.681,6.505,-0.077,-0.044,0.037,1859,0,0
2936312,5.334,4.697,6.495,-0.012,-0.05,0.044,1858,0,0
2936332,5.363,4.755,6.457,-0.004,-0.043,0.028,1856,0,0
2936352,5.387,4.76,6.517,-0.053,-0.046,0.005,1856,0,0
2936372,5.401,4.688,6.483,-0.077,-0.041,0.005,1855,0,0
2936392,5.353,4.664,6.428,-0.025,-0.041,0.009,1852,0,0
2936412,5.377,4.755,6.421,-0.001,-0.066,0.013,1847,0,0
2936432,5.401,4.827,6.354,-0.044,-0.048,0.013,1846,0,0
2936452,5.42,4.69,6.381,-0.078,-0.009,0.014,1845,0,0
2936472,5.361,4.738,6.402,0.003,0.0,0.007,1843,0,0
2936492,5.38,4.788,6.479,0.028,-0.03,0.006,1842,0,0
2936512,5.397,4.901,6.412,0.015,-0.049,0.01,1839,0,0
2936532,5.418,4.839,6.4,-0.06,-0.073,0.016,1838,0,0
2936552,5.428,4.767,6.361,-0.049,-0.077,0.015,1834,0,0
2936572,5.468,4.793,6.302,-0.021,-0.064,0.014,1833,0,0
2936592,5.476,4.788,6.244,-0.029,-0.029,0.014,1830,0,0
2936612,5.461,4.824,6.304,-0.025,-0.007,0.017,1828,0,0
2936632,5.478,4.87,6.294,-0.023,0.007,0.019,1828,0,0
2936652,5.485,4.863,6.369,-0.083,-0.001,0.016,1826,0,0
2936672,5.471,4.743,6.306,-0.067,-0.026,0.015,1824,0,0
2936692,5.516,4.786,6.235,0.001,-0.021,0.022,1824,0,0
2936712,5.48,4.831,6.242,-0.027,-0.009,0.027,1821,0,0
2936732,5.495,4.731,6.302,-0.077,-0.015,0.016,1823,0,0
2936752,5.523,4.64,6.258,-0.075,-0.019,-0.002,1821,0,0
2936772,5.557,4.657,6.239,-0.033,-0.005,-0.013,1818,0,0
2936792,5.531,4.762,6.223,-0.03,0.013,-0.001,1820,0,0
2936812,5.521,4.815,6.304,-0.038,0.012,0.003,1819,0,0
2936832,5.521,4.781,6.294,-0.069,0.003,-0.003,1818,0,0
2936852,5.516,4.788,6.29,-0.046,-0.001,-0.009,1817,0,0
2936872,5.48,4.822,6.302,-0.042,-0.008,-0.019,1817,0,0
2936892,5.499,4.882,6.275,-0.059,-0.003,-0.012,1814,0,0
2936912,5.502,4.896,6.349,-0.056,0.024,0.01,1813,0,0
2936932,5.476,4.87,6.366,-0.042,0.011,0.017,1813,0,0
2936952,5.495,4.829,6.309,-0.054,-0.026,0.011,1812,0,0
2936972,5.557,4.702,6.232,-0.084,-0.033,0.0,1811,0,0
2936992,5.583,4.69,6.187,-0.037,-0.011,-0.005,1810,0,0
2937012,5.555,4.834,6.139,-0.028,0.015,-0.002,1810,0,0
2937032,5.526,4.815,6.189,-0.083,0.018,0.003,1810,0,0
2937052,5.545,4.736,6.261,-0.063,0.001,0.002,1809,0,0
2937072,5.564,4.767,6.246,-0.031,-0.009,-0.004,1809,0,0
2937092,5.562,4.817,6.232,-0.04,0.003,-0.009,1809,0,0
2937112,5.528,4.903,6.199,-0.06,0.013,-0.009,1807,0,0
2937132,5.535,4.882,6.201,-0.084,0.017,0.0,1808,0,0
2937152,5.514,4.827,6.196,-0.059,0.015,0.003,1807,0,0
2937172,5.543,4.829,6.244,-0.047,0.012,0.004,1808,0,0
2937192,5.54,4.803,6.251,-0.072,0.006,0.001,1808,0,0
2937212,5.574,4.774,6.235,-0.064,0.017,0.002,1807,0,0
2937232,5.547,4.831,6.22,-0.049,0.037,-0.001,1806,0,0
