1103358,2.325,9.268,0.503,-0.057,-0.003,-0.014,1707,0,0
1103378,2.294,9.359,0.496,-0.047,0.005,-0.014,1708,0,0
1103398,2.282,9.409,0.493,-0.062,0.009,-0.007,1707,0,0
1103418,2.33,9.428,0.51,-0.074,0.016,0.001,1708,0,0
1103438,2.301,9.335,0.62,-0.091,0.018,0.003,1708,0,0
1103458,2.346,9.28,0.654,-0.07,0.012,0.007,1708,0,0
1103478,2.334,9.258,0.646,-0.05,0.006,0.002,1708,0,0
1103498,2.325,9.306,0.599,-0.063,-0.003,-0.001,1708,0,0
1103518,2.308,9.345,0.503,-0.07,0.004,0.005,1710,0,0
1103538,2.272,9.292,0.575,-0.082,0.005,0.005,1708,0,0
1103558,2.306,9.242,0.553,-0.06,0.004,0.006,1709,0,0
1103578,2.277,9.268,0.472,-0.047,0.001,0.006,1709,0,0
1103598,2.274,9.294,0.443,-0.062,0.012,0.005,1708,0,0
1103618,2.212,9.246,0.522,-0.069,0.021,0.007,1708,0,0
1103638,2.258,9.184,0.555,-0.066,0.013,0.006,1707,0,0
1103658,2.342,9.167,0.532,-0.058,0.012,-0.004,1708,0,0
1103678,2.358,9.218,0.498,-0.051,0.022,-0.015,1707,0,0
1103698,2.356,9.325,0.579,-0.051,0.031,-0.013,1707,0,0
1103718,2.274,9.318,0.632,-0.075,0.03,-0.003,1709,0,0
1103738,2.306,9.28,0.673,-0.074,0.018,-0.001,1707,0,0
1103758,2.303,9.254,0.634,-0.058,0.013,-0.008,1708,0,0
1103778,2.265,9.313,0.555,-0.043,0.012,-0.013,1708,0,0
1103798,2.243,9.371,0.543,-0.054,0.017,-0.011,1708,0,0
1103818,2.289,9.311,0.62,-0.075,0.021,0.001,1707,0,0
1103838,2.298,9.227,0.618,-0.076,0.022,0.011,1708,0,0
1103858,2.349,9.11,0.611,-0.08,0.012,-0.002,1707,0,0
1103878,2.358,9.122,0.548,-0.061,0.007,-0.016,1708,0,0
1103898,2.286,9.222,0.522,-0.037,0.01,-0.021,1708,0,0
1103918,2.277,9.297,0.479,-0.057,0.014,-0.013,1707,0,0
1103938,2.286,9.239,0.522,-0.075,0.016,-0.007,1707,0,0
1103958,2.327,9.129,0.584,-0.075,0.018,-0.014,1707,0,0
1103978,2.303,9.143,0.587,-0.064,0.015,-0.03,1706,0,0
1103998,2.277,9.222,0.572,-0.027,0.006,-0.036,1707,0,0
1104018,2.284,9.371,0.512,-0.026,0.011,-0.025,1707,0,0
1104038,2.298,9.337,0.529,-0.063,0.016,-0.018,1708,0,0
1104058,2.306,9.246,0.56,-0.076,0.017,-0.019,1708,0,0
1104078,2.289,9.201,0.57,-0.057,0.011,-0.023,1708,0,0
1104098,2.315,9.282,0.627,-0.033,0.012,-0.031,1709,0,0
1104118,2.31,9.366,0.601,-0.036,0.017,-0.028,1708,0,0
1104138,2.327,9.371,0.57,-0.053,0.014,-0.022,1707,0,0
1104158,2.332,9.313,0.575,-0.072,0.013,-0.022,1708,0,0
1104178,2.325,9.316,0.584,-0.063,0.014,-0.018,1708,0,0
1104198,2.308,9.354,0.606,-0.037,0.012,-0.016,1707,0,0
1104218,2.294,9.359,0.534,-0.043,0.007,-0.013,1707,0,0
1104238,2.239,9.369,0.505,-0.05,0.006,-0.007,1708,0,0
1104258,2.224,9.328,0.522,-0.061,0.015,-0.005,1707,0,0
1104278,2.2,9.342,0.565,-0.04,0.022,-0.009,1707,0,0
1104298,2.193,9.402,0.601,-0.037,0.019,-0.001,1708,0,0
1104318,2.164,9.366,0.591,-0.055,0.015,0.011,1707,0,0
1104338,2.219,9.234,0.551,-0.064,0.004,0.008,1708,0,0
1104358,2.31,9.184,0.46,-0.044,0.013,0.002,1708,0,0
1104378,2.315,9.182,0.512,-0.05,0.019,-0.006,1708,0,0
1104398,2.327,9.191,0.56,-0.064,0.019,-0.013,1709,0,0
1104418,2.267,9.225,0.584,-0.055,0.011,-0.019,1709,0,0
1104438,2.301,9.285,0.577,-0.044,0.003,-0.02,1710,0,0
1104458,2.282,9.328,0.565,-0.047,0.002,-0.018,1709,0,0
1104478,2.274,9.378,0.532,-0.059,-0.002,-0.012,1709,0,0
1104498,2.253,9.369,0.464,-0.06,0.001,-0.011,1709,0,0
1104518,2.255,9.366,0.431,-0.061,0.012,-0.007,1709,0,0
1104538,2.255,9.371,0.429,-0.056,0.02,-0.0,1708,0,0
1104558,2.294,9.311,0.515,-0.07,0.023,0.003,1708,0,0
1104578,2.298,9.275,0.591,-0.08,0.019,0.0,1709,0,0
1104598,2.306,9.239,0.634,-0.078,0.009,-0.006,1709,0,0
1104618,2.342,9.273,0.587,-0.046,-0.002,-0.011,1708,0,0
1104638,2.291,9.397,0.512,-0.032,0.001,-0.005,1708,0,0
1104658,2.239,9.383,0.445,-0.067,0.008,0.003,1708,0,0
1104678,2.298,9.313,0.508,-0.081,0.01,0.01,1707,0,0
1104698,2.327,9.22,0.558,-0.082,0.006,0.003,1708,0,0
1104718,2.322,9.234,0.534,-0.066,0.002,-0.004,1707,0,0
1104738,2.26,9.304,0.476,-0.042,0.005,0.001,1708,0,0
1104758,2.243,9.318,0.488,-0.054,0.004,0.002,1709,0,0
1104778,2.239,9.29,0.493,-0.084,-0.0,-0.001,1708,0,0
1104798,2.291,9.297,0.472,-0.06,0.003,0.001,1708,0,0
1104818,2.339,9.287,0.543,-0.053,0.009,0.004,1708,0,0
1104838,2.31,9.292,0.584,-0.057,0.012,0.002,1707,0,0
1104858,2.279,9.313,0.577,-0.061,0.003,0.002,1707,0,0
1104878,2.258,9.299,0.536,-0.07,-0.005,0.002,1705,0,0
1104898,2.301,9.278,0.443,-0.059,0.002,0.01,1707,0,0
1104918,2.303,9.23,0.491,-0.074,0.012,0.005,1708,0,0
1104938,2.322,9.21,0.534,-0.078,0.015,-0.003,1707,0,0
1104958,2.303,9.234,0.582,-0.068,0.014,-0.009,1707,0,0
1104978,2.236,9.304,0.555,-0.065,0.007,-0.005,1707,0,0
1104998,2.219,9.328,0.493,-0.062,-0.003,-0.003,1706,0,0
1105018,2.284,9.273,0.46,-0.063,0.001,-0.003,1707,0,0
1105038,2.32,9.206,0.474,-0.074,0.006,-0.003,1706,0,0
1105058,2.334,9.139,0.479,-0.064,0.009,-0.007,1706,0,0
1105078,2.325,9.184,0.508,-0.064,0.014,-0.016,1706,0,0
1105098,2.289,9.208,0.5,-0.069,0.011,-0.024,1707,0,0
1105118,2.284,9.313,0.462,-0.052,0.014,-0.025,1706,0,0
1105138,2.255,9.385,0.498,-0.05,0.017,-0.015,1707,0,0
1105158,2.239,9.354,0.476,-0.059,0.018,-0.006,1707,0,0
1105178,2.27,9.278,0.52,-0.063,0.017,-0.003,1707,0,0
1105198,2.337,9.244,0.536,-0.06,0.018,-0.01,1707,0,0
1105218,2.337,9.249,0.551,-0.052,0.023,-0.014,1707,0,0
1105238,2.296,9.29,0.611,-0.065,0.023,-0.015,1707,0,0
1105258,2.274,9.285,0.658,-0.065,0.015,-0.011,1707,0,0
1105278,2.301,9.323,0.632,-0.052,0.009,-0.012,1707,0,0
1105298,2.322,9.361,0.632,-0.054,0.007,-0.012,1706,0,0
1105318,2.32,9.354,0.637,-0.059,0.003,-0.007,1707,0,0
1105338,2.339,9.282,0.579,-0.062,-0.003,-0.003,1707,0,0
1105358,2.282,9.244,0.596,-0.067,-0.006,-0.009,1706,0,0
1105378,2.263,9.294,0.637,-0.056,-0.018,-0.007,1707,0,0
1105398,2.241,9.309,0.5,-0.042,-0.023,-0.007,1707,0,0
1105418,2.26,9.29,0.4,-0.053,-0.017,-0.002,1708,0,0
1105438,2.277,9.218,0.352,-0.061,-0.003,-0.003,1708,0,0
1105458,2.291,9.146,0.397,-0.079,0.004,-0.014,1707,0,0
1105478,2.272,9.175,0.496,-0.071,0.01,-0.024,1706,0,0
1105498,2.265,9.325,0.512,-0.041,0.006,-0.025,1708,0,0
1105518,2.272,9.4,0.472,-0.05,0.003,-0.015,1707,0,0
1105538,2.342,9.301,0.441,-0.067,0.006,-0.007,1706,0,0
1105558,2.361,9.23,0.512,-0.065,0.011,-0.01,1707,0,0
1105578,2.315,9.21,0.5,-0.067,0.003,-0.025,1706,0,0
1105598,2.294,9.306,0.429,-0.056,-0.001,-0.03,1707,0,0
1105618,2.327,9.404,0.378,-0.036,0.007,-0.025,1706,0,0
1105638,2.375,9.467,0.417,-0.055,0.027,-0.013,1706,0,0
1105658,2.346,9.459,0.527,-0.072,0.031,0.003,1706,0,0
1105678,2.373,9.385,0.563,-0.077,0.019,0.007,1706,0,0
1105698,2.342,9.335,0.591,-0.068,0.012,0.004,1707,0,0
1105718,2.294,9.306,0.503,-0.041,0.006,0.006,1706,0,0
1105738,2.274,9.254,0.479,-0.059,0.004,0.007,1707,0,0
1105758,2.251,9.191,0.385,-0.084,0.011,0.001,1707,0,0
1105778,2.296,9.184,0.366,-0.055,0.018,-0.011,1708,0,0
1105798,2.298,9.254,0.385,-0.061,0.034,-0.014,1707,0,0
1105818,2.255,9.311,0.472,-0.059,0.044,-0.01,1706,0,0
1105838,2.241,9.294,0.543,-0.074,0.032,-0.002,1707,0,0
1105858,2.334,9.208,0.467,-0.087,0.028,-0.005,1708,0,0
1105878,2.346,9.213,0.476,-0.073,0.037,-0.017,1706,0,0
1105898,2.308,9.304,0.584,-0.061,0.039,-0.021,1707,0,0
1105918,2.289,9.433,0.606,-0.063,0.034,-0.013,1708,0,0
1105938,2.267,9.474,0.67,-0.067,0.029,-0.001,1707,0,0
1105958,2.267,9.436,0.656,-0.071,0.013,0.006,1708,0,0
1105978,2.284,9.352,0.575,-0.074,0.002,0.01,1707,0,0
1105998,2.313,9.318,0.536,-0.061,-0.001,0.007,1707,0,0
1106018,2.277,9.335,0.541,-0.046,0.002,0.011,1707,0,0
1106038,2.217,9.347,0.563,-0.043,0.001,0.021,1706,0,0
1106058,2.236,9.213,0.455,-0.07,0.002,0.022,1707,0,0
1106078,2.286,9.131,0.407,-0.078,0.011,0.009,1707,0,0
1106098,2.246,9.201,0.457,-0.053,0.019,-0.007,1707,0,0
1106118,2.191,9.282,0.539,-0.058,0.018,-0.002,1707,0,0
1106138,2.248,9.299,0.505,-0.058,0.015,0.007,1707,0,0
1106158,2.308,9.206,0.505,-0.076,0.02,0.006,1708,0,0
1106178,2.298,9.182,0.579,-0.069,0.023,-0.003,1708,0,0
1106198,2.229,9.232,0.63,-0.055,0.014,-0.009,1708,0,0
1106218,2.229,9.297,0.603,-0.039,0.006,-0.005,1707,0,0
1106238,2.255,9.27,0.587,-0.056,0.002,0.005,1706,0,0
1106258,2.279,9.218,0.515,-0.054,-0.001,0.002,1708,0,0
1106278,2.33,9.21,0.56,-0.063,0.009,-0.002,1708,0,0
1106298,2.289,9.194,0.601,-0.067,0.008,-0.014,1708,0,0
1106318,2.301,9.242,0.63,-0.06,-0.002,-0.025,1707,0,0
1106338,2.322,9.333,0.606,-0.056,-0.005,-0.024,1708,0,0
1106358,2.349,9.337,0.567,-0.063,-0.009,-0.011,1709,0,0
1106378,2.377,9.266,0.508,-0.077,-0.011,-0.013,1708,0,0
1106398,2.334,9.278,0.543,-0.07,-0.005,-0.016,1708,0,0
1106418,2.286,9.306,0.488,-0.053,-0.011,-0.011,1709,0,0
1106438,2.294,9.287,0.472,-0.062,-0.009,-0.013,1708,0,0
1106458,2.332,9.328,0.383,-0.06,-0.005,-0.02,1709,0,0
1106478,2.368,9.402,0.438,-0.062,0.001,-0.021,1708,0,0
1106498,2.418,9.421,0.481,-0.074,0.013,-0.005,1708,0,0
1106518,2.421,9.357,0.484,-0.07,0.019,0.008,1708,0,0
1106538,2.389,9.301,0.484,-0.06,0.009,0.005,1707,0,0
1106558,2.375,9.33,0.467,-0.067,0.009,0.005,1708,0,0
1106578,2.251,9.364,0.464,-0.053,0.008,0.008,1707,0,0
1106598,2.267,9.361,0.429,-0.049,0.013,0.016,1707,0,0
1106618,2.286,9.34,0.472,-0.056,0.023,0.02,1709,0,0
1106638,2.272,9.28,0.536,-0.069,0.024,0.017,1708,0,0
1106658,2.284,9.218,0.546,-0.063,0.018,0.019,1708,0,0
1106678,2.334,9.225,0.524,-0.05,0.021,0.018,1708,0,0
1106698,2.382,9.22,0.565,-0.066,0.021,0.013,1707,0,0
1106718,2.351,9.179,0.656,-0.072,0.018,0.003,1707,0,0
1106738,2.332,9.201,0.644,-0.062,-0.003,0.003,1707,0,0
1106896,2.351,9.397,0.481,-0.055,0.014,-0.012,1708,0,0
1106915,2.363,9.301,0.52,-0.068,0.009,-0.002,1708,0,0
1106935,2.392,9.165,0.532,-0.072,0.005,-0.002,1707,0,0
1106955,2.392,9.167,0.496,-0.068,0.002,-0.021,1707,0,0
1106975,2.399,9.304,0.52,-0.048,0.011,-0.03,1709,0,0
1106995,2.339,9.424,0.541,-0.048,0.007,-0.021,1709,0,0
1107015,2.332,9.436,0.515,-0.061,0.007,-0.005,1708,0,0
1107035,2.284,9.373,0.558,-0.063,0.006,0.004,1707,0,0
1107055,2.301,9.232,0.579,-0.06,-0.007,0.005,1708,0,0
1107075,2.286,9.189,0.455,-0.048,-0.01,-0.001,1708,0,0
1107095,2.325,9.139,0.388,-0.037,-0.007,-0.006,1707,0,0
1107115,2.33,9.158,0.342,-0.056,0.006,-0.018,1708,0,0
1107135,2.358,9.234,0.357,-0.072,0.02,-0.03,1707,0,0
1107155,2.306,9.306,0.484,-0.067,0.027,-0.032,1708,0,0
1107175,2.277,9.366,0.543,-0.056,0.017,-0.019,1708,0,0
1107195,2.332,9.359,0.546,-0.05,0.009,-0.008,1708,0,0
1107216,2.361,9.323,0.481,-0.048,0.007,-0.005,1708,0,0
1107235,2.363,9.335,0.474,-0.054,0.007,-0.009,1708,0,0
1107255,2.318,9.297,0.51,-0.065,0.009,-0.009,1710,0,0
1107275,2.306,9.282,0.527,-0.056,0.006,0.001,1708,0,0
1107295,2.361,9.254,0.567,-0.055,0.005,-0.002,1708,0,0
1107315,2.38,9.23,0.536,-0.072,0.006,-0.014,1708,0,0
1107335,2.349,9.297,0.534,-0.056,-0.001,-0.017,1707,0,0
1107355,2.354,9.333,0.536,-0.052,-0.009,-0.008,1707,0,0
1107375,2.385,9.306,0.479,-0.066,-0.007,-0.003,1708,0,0
1107395,2.358,9.268,0.481,-0.064,-0.003,-0.008,1708,0,0
1107415,2.337,9.263,0.508,-0.064,-0.01,-0.011,1707,0,0
1107435,2.346,9.299,0.445,-0.046,-0.019,-0.004,1707,0,0
1107455,2.363,9.244,0.362,-0.056,-0.013,-0.005,1707,0,0
1107475,2.325,9.266,0.306,-0.056,0.003,-0.01,1706,0,0
1107495,2.284,9.28,0.378,-0.059,0.016,-0.01,1708,0,0
1107515,2.27,9.261,0.488,-0.076,0.013,-0.005,1707,0,0
1107535,2.334,9.163,0.469,-0.066,0.001,-0.01,1708,0,0
1107555,2.382,9.143,0.457,-0.05,0.006,-0.015,1708,0,0
1107575,2.363,9.153,0.438,-0.055,0.011,-0.025,1708,0,0
1107595,2.267,9.273,0.443,-0.051,0.014,-0.031,1708,0,0
1107615,2.255,9.402,0.455,-0.055,0.012,-0.027,1708,0,0
1107635,2.289,9.388,0.486,-0.067,0.014,-0.021,1708,0,0
1107655,2.346,9.366,0.46,-0.054,0.011,-0.017,1707,0,0
1107675,2.354,9.392,0.522,-0.037,0.009,-0.008,1709,0,0
1107695,2.32,9.366,0.505,-0.051,0.004,-0.001,1708,0,0
1107715,2.272,9.323,0.498,-0.065,-0.003,-0.007,1709,0,0
1107735,2.277,9.304,0.469,-0.056,-0.003,-0.011,1710,0,0
1107755,2.294,9.313,0.441,-0.033,-0.001,-0.006,1708,0,0
1107775,2.349,9.349,0.424,-0.042,0.004,-0.001,1709,0,0
1107795,2.373,9.328,0.479,-0.074,0.008,0.001,1709,0,0
1107815,2.327,9.237,0.529,-0.079,0.002,-0.01,1708,0,0
1107835,2.289,9.263,0.467,-0.056,-0.008,-0.015,1709,0,0
1107855,2.296,9.357,0.397,-0.041,-0.009,-0.01,1709,0,0
1107875,2.277,9.376,0.369,-0.053,0.004,-0.002,1711,0,0
1107895,2.286,9.352,0.429,-0.074,0.019,0.005,1709,0,0
1107915,2.325,9.258,0.498,-0.085,0.016,0.006,1708,0,0
1107935,2.349,9.167,0.51,-0.082,0.003,-0.004,1708,0,0
1107955,2.337,9.191,0.443,-0.06,0.003,-0.013,1707,0,0
1108105,2.327,9.208,0.306,-0.047,-0.018,-0.005,1710,0,0
1108125,2.325,9.175,0.244,-0.064,0.002,-0.014,1707,0,0
1108145,2.298,9.244,0.283,-0.045,0.016,-0.019,1708,0,0
1108165,2.298,9.316,0.347,-0.054,0.029,-0.015,1709,0,0
1108185,2.301,9.261,0.498,-0.08,0.029,-0.013,1708,0,0
1108205,2.322,9.242,0.565,-0.069,0.018,-0.019,1709,0,0
1108225,2.313,9.225,0.558,-0.063,0.009,-0.025,1709,0,0
1108245,2.332,9.187,0.436,-0.048,0.004,-0.025,1708,0,0
1108265,2.325,9.261,0.395,-0.037,0.015,-0.023,1709,0,0
1108285,2.306,9.297,0.469,-0.075,0.016,-0.03,1708,0,0
1108305,2.327,9.316,0.488,-0.079,0.017,-0.033,1708,0,0
1108325,2.327,9.306,0.527,-0.059,0.009,-0.026,1708,0,0
1108345,2.401,9.349,0.484,-0.055,0.007,-0.028,1707,0,0
1108365,2.344,9.412,0.474,-0.051,0.009,-0.028,1708,0,0
1108385,2.308,9.479,0.517,-0.057,0.003,-0.013,1708,0,0
1108405,2.26,9.378,0.457,-0.084,-0.006,-0.003,1708,0,0
1108425,2.291,9.242,0.4,-0.075,-0.009,-0.005,1708,0,0
1108445,2.301,9.28,0.335,-0.015,-0.006,-0.016,1708,0,0
1108465,2.342,9.436,0.335,-0.038,0.003,-0.015,1706,0,0
1108485,2.318,9.438,0.388,-0.078,0.015,-0.005,1708,0,0
1108505,2.32,9.4,0.402,-0.071,0.016,0.001,1709,0,0
1108525,2.32,9.38,0.453,-0.06,0.016,0.004,1709,0,0
1108545,2.263,9.395,0.448,-0.058,0.014,0.007,1708,0,0
1108565,2.219,9.4,0.445,-0.054,0.01,0.014,1708,0,0
1108585,2.234,9.325,0.395,-0.073,0.007,0.018,1707,0,0
1108605,2.26,9.225,0.383,-0.072,0.013,0.017,1708,0,0
1108625,2.246,9.191,0.45,-0.061,0.021,0.011,1707,0,0
1108645,2.234,9.21,0.5,-0.064,0.017,0.002,1707,0,0
1108665,2.279,9.208,0.505,-0.071,0.007,-0.003,1707,0,0
1108685,2.318,9.234,0.436,-0.073,0.007,-0.005,1706,0,0
1108705,2.31,9.263,0.486,-0.075,0.013,-0.005,1707,0,0
1108725,2.267,9.27,0.515,-0.078,0.01,-0.005,1707,0,0
1108745,2.282,9.285,0.539,-0.065,0.0,-0.001,1707,0,0
1108765,2.272,9.268,0.445,-0.064,-0.011,-0.009,1707,0,0
1108785,2.346,9.318,0.333,-0.048,-0.001,-0.004,1707,0,0
1108805,2.325,9.304,0.376,-0.067,0.01,-0.001,1707,0,0
1108825,2.342,9.251,0.479,-0.083,0.012,-0.001,1708,0,0
1108845,2.33,9.237,0.484,-0.069,0.004,-0.006,1708,0,0
1108865,2.31,9.246,0.448,-0.068,-0.005,-0.011,1705,0,0
1108885,2.361,9.275,0.359,-0.064,0.001,-0.012,1706,0,0
1108905,2.373,9.316,0.414,-0.072,0.021,-0.011,1708,0,0
1108925,2.31,9.304,0.491,-0.08,0.014,-0.009,1707,0,0
1108945,2.322,9.33,0.481,-0.073,0.001,-0.006,1707,0,0
1108965,2.332,9.364,0.45,-0.053,-0.002,-0.002,1707,0,0
1108985,2.327,9.349,0.46,-0.045,-0.002,0.006,1708,0,0
1109005,2.327,9.328,0.448,-0.061,-0.003,0.009,1707,0,0
1109025,2.318,9.34,0.443,-0.055,-0.0,0.003,1707,0,0
1109045,2.279,9.369,0.474,-0.03,0.001,0.01,1705,0,0
1109065,2.258,9.333,0.522,-0.042,-0.009,0.023,1706,0,0
1109085,2.361,9.153,0.457,-0.057,-0.019,0.018,1707,0,0
1109105,2.409,9.153,0.39,-0.025,-0.014,0.004,1707,0,0
1109125,2.389,9.239,0.457,-0.017,-0.001,0.002,1708,0,0
1109145,2.394,9.213,0.496,-0.055,-0.005,0.002,1707,0,0
1109165,2.476,9.12,0.414,-0.068,-0.003,-0.006,1707,0,0
1109185,2.44,9.179,0.462,-0.062,0.008,-0.028,1706,0,0
1109205,2.306,9.385,0.565,-0.033,0.002,-0.038,1708,0,0
1109225,2.267,9.582,0.433,-0.051,-0.008,-0.022,1708,0,0
1109245,2.406,9.486,0.302,-0.127,0.01,0.01,1707,0,0
1109265,2.43,9.117,0.33,-0.133,0.024,0.01,1708,0,0
1109285,2.401,9.033,0.412,-0.097,0.021,-0.013,1707,0,0
1109305,2.318,9.148,0.536,-0.114,0.007,-0.03,1708,0,0
1109325,2.267,9.273,0.503,-0.1,-0.017,-0.029,1707,0,0
1109345,2.253,9.287,0.34,-0.063,-0.022,-0.023,1707,0,0
1109365,2.301,9.263,0.249,-0.101,-0.016,-0.022,1707,0,0
1109385,2.325,9.206,0.297,-0.108,-0.011,-0.037,1707,0,0
1109405,2.277,9.225,0.304,-0.088,-0.012,-0.046,1706,0,0
1109425,2.294,9.357,0.225,-0.068,-0.01,-0.045,1706,0,0
1109445,2.255,9.457,0.263,-0.084,0.014,-0.04,1706,0,0
1109465,2.179,9.479,0.299,-0.098,0.028,-0.033,1705,0,0
1109485,2.138,9.495,0.34,-0.068,0.033,-0.023,1706,0,0
1109505,2.188,9.491,0.397,-0.068,0.038,-0.014,1706,0,0
1109525,2.241,9.357,0.436,-0.093,0.038,-0.015,1706,0,0
1109545,2.217,9.313,0.512,-0.084,0.05,-0.021,1706,0,0
1109565,2.095,9.402,0.582,-0.067,0.054,-0.03,1707,0,0
1109585,2.112,9.538,0.656,-0.073,0.049,-0.015,1706,0,0
1109605,2.184,9.436,0.8,-0.087,0.045,0.004,1706,0,0
1109625,2.248,9.251,0.91,-0.077,0.026,0.002,1706,0,0
1109645,2.277,9.175,0.764,-0.054,0.006,-0.013,1706,0,0
1109665,2.224,9.304,0.716,-0.058,0.006,-0.026,1706,0,0
1109685,2.265,9.436,0.903,-0.057,0.012,-0.007,1707,0,0
1109705,2.339,9.416,1.022,-0.069,-0.003,0.015,1708,0,0
1109725,2.466,9.244,0.96,-0.12,-0.026,0.013,1708,0,0
1109745,2.5,9.177,0.943,-0.111,-0.035,0.009,1707,0,0
1109765,2.466,9.29,0.977,-0.058,-0.046,0.017,1706,0,0
1109785,2.44,9.333,0.955,-0.08,-0.063,0.026,1706,0,0
1109805,2.428,9.292,0.876,-0.131,-0.078,0.03,1707,0,0
1109825,2.416,9.227,0.934,-0.108,-0.088,0.03,1708,0,0
1109845,2.392,9.199,0.838,-0.099,-0.104,0.028,1708,0,0
1109865,2.389,9.122,0.745,-0.104,-0.12,0.031,1706,0,0
1109885,2.356,8.988,0.572,-0.122,-0.123,0.018,1704,0,0
1109905,2.351,8.985,0.424,-0.125,-0.116,-0.001,1706,0,0
1109925,2.33,9.005,0.354,-0.126,-0.103,-0.005,1706,0,0
1109945,2.263,9.002,0.328,-0.113,-0.103,-0.019,1706,0,0
1109965,2.306,9.021,0.261,-0.091,-0.107,-0.037,1705,0,0
1109985,2.265,9.196,0.182,-0.086,-0.097,-0.046,1706,0,0
1110005,2.217,9.292,0.148,-0.093,-0.08,-0.045,1706,0,0
1110025,2.172,9.373,0.194,-0.06,-0.066,-0.039,1706,0,0
1110045,2.2,9.471,0.208,-0.044,-0.047,-0.018,1705,0,0
1110065,2.303,9.335,0.299,-0.077,-0.034,0.007,1705,0,0
1110085,2.382,9.079,0.385,-0.097,-0.021,0.017,1707,0,0
1110105,2.459,8.959,0.412,-0.033,-0.028,-0.008,1706,0,0
1110125,2.5,9.074,0.292,-0.021,-0.028,-0.023,1707,0,0
1110145,2.476,9.151,0.192,-0.06,-0.02,-0.026,1706,0,0
1110165,2.519,9.148,0.144,-0.036,-0.002,-0.018,1706,0,0
1110185,2.512,9.194,0.136,-0.006,0.009,-0.02,1707,0,0
1110205,2.428,9.282,0.086,-0.021,0.007,-0.029,1706,0,0
1110225,2.413,9.321,-0.029,-0.008,0.01,-0.028,1705,0,0
1110245,2.373,9.402,0.019,0.044,0.028,-0.027,1707,0,0
1110265,2.219,9.582,0.12,0.066,0.039,-0.011,1705,0,0
1110285,2.157,9.565,0.165,0.036,0.046,0.003,1706,0,0
1110336,2.181,9.349,0.302,0.083,0.054,-0.015,1706,0,0
1110348,2.179,9.404,0.242,0.072,0.059,-0.019,1707,0,0
1110359,2.198,9.498,0.184,0.049,0.075,-0.019,1707,0,0
1110370,2.212,9.503,0.239,0.025,0.094,-0.018,1706,0,0
1110385,2.26,9.464,0.347,0.014,0.122,-0.023,1707,0,0
1110405,2.239,9.577,0.553,0.01,0.125,-0.011,1706,0,0
1110425,2.258,9.474,0.821,-0.092,0.112,0.008,1706,0,0
1110445,2.313,9.328,0.769,-0.075,0.09,-0.004,1708,0,0
1110493,2.284,9.495,0.761,-0.104,0.082,-0.001,1706,0,0
1110504,2.255,9.483,0.85,-0.095,0.075,0.001,1707,0,0
1110639,2.387,8.973,0.797,-0.098,-0.012,0.015,1707,0,0
1110659,2.313,9.067,0.625,-0.045,-0.021,-0.001,1706,0,0
1110679,2.306,9.177,0.457,-0.052,-0.013,0.007,1705,0,0
1110699,2.344,9.026,0.383,-0.113,-0.008,0.013,1705,0,0
1110719,2.392,8.894,0.318,-0.107,-0.001,-0.003,1708,0,0
1110739,2.272,8.966,0.335,-0.069,-0.004,-0.031,1707,0,0
1110759,2.243,9.165,0.259,-0.023,-0.006,-0.039,1706,0,0
1110785,2.296,9.246,0.16,-0.03,0.005,-0.024,1705,0,0
1110804,2.363,9.091,0.165,-0.055,0.017,-0.021,1706,0,0
1110819,2.334,9.064,0.215,-0.044,0.025,-0.033,1705,0,0
1110839,2.198,9.141,0.204,-0.028,0.023,-0.052,1707,0,0
1110859,2.248,9.249,0.134,-0.002,0.031,-0.06,1706,0,0
1110879,2.351,9.318,0.11,0.012,0.047,-0.058,1707,0,0
1110899,2.387,9.359,0.208,0.009,0.059,-0.055,1706,0,0
1110919,2.298,9.474,0.244,-0.023,0.061,-0.049,1708,0,0
1110951,2.207,9.5,0.227,-0.014,0.056,-0.042,1706,0,0
1110963,2.231,9.538,0.201,0.018,0.061,-0.037,1705,0,0
1110979,2.246,9.548,0.168,0.047,0.069,-0.034,1706,0,0
1110999,2.246,9.606,0.089,0.009,0.074,-0.033,1706,0,0
1111019,2.119,9.716,0.302,-0.038,0.105,-0.018,1705,0,0
1111039,2.105,9.747,0.567,-0.039,0.11,-0.001,1707,0,0
1111059,2.212,9.603,0.709,-0.051,0.104,0.022,1706,0,0
1111079,2.27,9.376,0.759,-0.05,0.085,0.029,1707,0,0
1111099,2.31,9.306,0.733,-0.039,0.069,0.021,1707,0,0
1111119,2.294,9.311,0.685,-0.063,0.07,0.025,1707,0,0
1111139,2.289,9.22,0.778,-0.11,0.07,0.028,1706,0,0
1111159,2.313,9.081,0.781,-0.105,0.057,0.017,1706,0,0
1111179,2.325,9.062,0.761,-0.069,0.037,0.001,1706,0,0
1111199,2.318,9.127,0.702,-0.07,0.017,-0.007,1707,0,0
1111219,2.301,9.194,0.675,-0.083,-0.008,-0.021,1707,0,0
1111239,2.279,9.263,0.599,-0.076,-0.026,-0.019,1708,0,0
1111259,2.291,9.237,0.517,-0.084,-0.042,-0.012,1706,0,0
1111279,2.301,9.163,0.321,-0.091,-0.049,-0.016,1706,0,0
1111299,2.332,9.177,0.218,-0.054,-0.04,-0.032,1706,0,0
1111319,2.255,9.328,0.213,-0.036,-0.03,-0.031,1705,0,0
1111339,2.255,9.376,0.177,-0.048,-0.033,-0.03,1706,0,0
1111359,2.291,9.376,0.036,-0.054,-0.023,-0.026,1706,0,0
1111379,2.342,9.431,0.053,-0.048,0.01,-0.022,1705,0,0
1111399,2.349,9.469,0.227,-0.047,0.022,-0.011,1706,0,0
1111419,2.363,9.481,0.242,-0.051,0.022,-0.005,1706,0,0
1111439,2.382,9.438,0.268,-0.075,0.024,-0.005,1707,0,0
1111459,2.334,9.469,0.297,-0.062,0.029,0.002,1708,0,0
1111479,2.342,9.45,0.328,-0.049,0.028,0.013,1706,0,0
1111499,2.332,9.39,0.328,-0.069,0.029,0.02,1707,0,0
1111519,2.251,9.4,0.302,-0.053,0.031,0.022,1706,0,0
1111539,2.236,9.373,0.333,-0.055,0.034,0.031,1706,0,0
1111559,2.198,9.292,0.333,-0.069,0.029,0.028,1708,0,0
1111579,2.272,9.213,0.323,-0.059,0.029,0.023,1706,0,0
1111599,2.313,9.16,0.345,-0.055,0.04,0.019,1707,0,0
1111619,2.322,9.139,0.373,-0.063,0.042,0.017,1707,0,0
1111639,2.27,9.151,0.39,-0.06,0.042,0.011,1707,0,0
1111659,2.176,9.177,0.441,-0.063,0.026,0.001,1706,0,0
1111679,2.188,9.179,0.378,-0.054,0.02,-0.003,1707,0,0
1111699,2.167,9.208,0.271,-0.04,0.023,-0.009,1707,0,0
1111719,2.169,9.249,0.227,-0.022,0.037,-0.01,1706,0,0
1111739,2.191,9.273,0.347,-0.048,0.046,-0.01,1706,0,0
1111759,2.203,9.222,0.464,-0.066,0.048,-0.011,1708,0,0
1111779,2.279,9.191,0.508,-0.043,0.032,-0.015,1708,0,0
1111799,2.301,9.227,0.517,-0.032,0.025,-0.026,1707,0,0
1111819,2.373,9.304,0.474,-0.017,0.023,-0.029,1707,0,0
1111839,2.361,9.371,0.481,-0.048,0.026,-0.022,1707,0,0
1111859,2.303,9.359,0.522,-0.062,0.017,-0.019,1707,0,0
1111879,2.274,9.309,0.479,-0.059,0.001,-0.019,1708,0,0
1111899,2.26,9.306,0.409,-0.036,-0.008,-0.021,1707,0,0
1111919,2.279,9.376,0.297,-0.015,-0.003,-0.018,1705,0,0
1111939,2.298,9.426,0.302,-0.037,0.01,-0.012,1705,0,0
1111959,2.294,9.371,0.326,-0.08,0.015,-0.009,1705,0,0
1111979,2.303,9.318,0.436,-0.074,0.017,-0.014,1706,0,0
1111999,2.26,9.316,0.46,-0.05,0.002,-0.013,1706,0,0
1112019,2.308,9.364,0.362,-0.025,-0.004,-0.002,1706,0,0
1112039,2.322,9.335,0.309,-0.044,-0.001,0.003,1707,0,0
1112059,2.361,9.254,0.304,-0.076,-0.004,-0.005,1706,0,0
1112079,2.344,9.254,0.304,-0.071,0.002,-0.019,1706,0,0
1112099,2.322,9.349,0.29,-0.061,0.002,-0.014,1706,0,0
1112119,2.26,9.412,0.292,-0.055,0.005,-0.007,1706,0,0
1112139,2.318,9.388,0.237,-0.065,-0.004,-0.005,1704,0,0
1112159,2.382,9.424,0.153,-0.06,0.008,-0.005,1705,0,0
1112179,2.361,9.483,0.247,-0.069,0.025,0.004,1705,0,0
1112199,2.294,9.491,0.39,-0.071,0.025,0.021,1706,0,0
1112219,2.246,9.376,0.412,-0.069,0.006,0.034,1706,0,0
1112239,2.274,9.232,0.302,-0.06,-0.008,0.03,1705,0,0
1112259,2.272,9.177,0.192,-0.062,0.001,0.019,1706,0,0
1112279,2.258,9.194,0.199,-0.069,0.015,0.012,1705,0,0
1112299,2.234,9.218,0.316,-0.067,0.026,0.016,1706,0,0
1112319,2.224,9.17,0.371,-0.064,0.022,0.013,1706,0,0
1112339,2.272,9.112,0.335,-0.078,0.013,-0.002,1707,0,0
1112359,2.284,9.148,0.302,-0.07,0.014,-0.018,1707,0,0
1112379,2.274,9.258,0.371,-0.063,0.019,-0.027,1707,0,0
1112399,2.251,9.33,0.366,-0.06,0.019,-0.013,1706,0,0
1112419,2.27,9.294,0.364,-0.052,0.014,-0.002,1705,0,0
1112439,2.327,9.17,0.345,-0.083,0.003,-0.007,1703,0,0
1112459,2.382,9.134,0.285,-0.066,-0.001,-0.021,1705,0,0
1112479,2.365,9.285,0.261,-0.035,-0.005,-0.035,1705,0,0
1112499,2.26,9.503,0.184,-0.039,-0.0,-0.024,1705,0,0
1112519,2.26,9.524,0.153,-0.048,0.011,-0.004,1704,0,0
1112539,2.31,9.388,0.211,-0.074,0.024,0.006,1706,0,0
1112559,2.346,9.246,0.333,-0.08,0.036,-0.001,1706,0,0
1112579,2.303,9.215,0.484,-0.076,0.028,-0.01,1706,0,0
1112599,2.27,9.23,0.484,-0.054,0.007,-0.009,1705,0,0
1112619,2.325,9.263,0.383,-0.026,0.003,-0.006,1705,0,0
1112639,2.339,9.304,0.345,-0.053,0.014,-0.01,1705,0,0
1112659,2.248,9.254,0.393,-0.088,0.021,-0.013,1706,0,0
1112679,2.215,9.158,0.445,-0.089,0.005,-0.017,1707,0,0
1112699,2.239,9.134,0.402,-0.074,-0.009,-0.028,1705,0,0
1112719,2.301,9.208,0.271,-0.031,-0.001,-0.034,1705,0,0
1112739,2.263,9.311,0.294,-0.055,0.016,-0.04,1705,0,0
1112759,2.26,9.323,0.338,-0.105,0.015,-0.039,1705,0,0
1112779,2.277,9.299,0.385,-0.098,0.011,-0.034,1704,0,0
1112799,2.265,9.318,0.445,-0.06,0.0,-0.034,1705,0,0
1112819,2.219,9.349,0.338,-0.036,-0.005,-0.029,1704,0,0
1112839,2.205,9.313,0.237,-0.06,-0.011,-0.032,1705,0,0
1112859,2.227,9.359,0.18,-0.085,0.002,-0.036,1704,0,0
1112879,2.21,9.416,0.242,-0.073,0.025,-0.027,1705,0,0
1112899,2.205,9.433,0.414,-0.054,0.029,-0.01,1705,0,0
1112919,2.217,9.299,0.462,-0.078,0.011,-0.008,1704,0,0
1112939,2.294,9.155,0.419,-0.081,-0.001,-0.021,1705,0,0
1112959,2.286,9.234,0.378,-0.055,0.001,-0.039,1706,0,0
1112979,2.265,9.366,0.383,-0.056,0.006,-0.033,1704,0,0
1112999,2.217,9.469,0.383,-0.067,0.005,-0.021,1704,0,0
1113019,2.224,9.448,0.409,-0.064,-0.003,-0.013,1704,0,0
1113039,2.294,9.397,0.342,-0.069,-0.006,-0.007,1705,0,0
1113059,2.282,9.328,0.383,-0.072,-0.001,-0.012,1704,0,0
1113079,2.26,9.342,0.359,-0.067,-0.001,-0.01,1704,0,0
1113099,2.227,9.34,0.347,-0.057,-0.001,-0.004,1706,0,0
1113119,2.26,9.27,0.369,-0.09,-0.007,-0.01,1705,0,0
1113139,2.308,9.299,0.316,-0.076,0.003,-0.017,1705,0,0
1113159,2.279,9.414,0.283,-0.038,-0.001,-0.017,1704,0,0
1113179,2.234,9.376,0.424,-0.101,-0.001,-0.003,1705,0,0
1113199,2.298,9.273,0.373,-0.094,-0.009,-0.004,1706,0,0
1113219,2.255,9.237,0.326,-0.051,-0.008,-0.01,1706,0,0
1113239,2.248,9.242,0.388,-0.092,-0.001,-0.003,1706,0,0
1113259,2.186,9.127,0.436,-0.101,-0.016,-0.023,1706,0,0
1113279,2.172,9.237,0.333,-0.059,-0.021,-0.033,1707,0,0
1113299,2.203,9.347,0.247,-0.054,-0.015,-0.034,1706,0,0
1113319,2.227,9.328,0.259,-0.101,-0.001,-0.03,1706,0,0
1113339,2.246,9.316,0.311,-0.089,0.014,-0.03,1706,0,0
1113359,2.174,9.395,0.409,-0.061,0.011,-0.031,1708,0,0
1113379,2.215,9.476,0.383,-0.058,0.006,-0.021,1706,0,0
1113399,2.167,9.426,0.318,-0.074,0.003,-0.009,1707,0,0
1113419,2.198,9.349,0.335,-0.077,0.006,-0.01,1708,0,0
1113439,2.205,9.292,0.347,-0.085,0.014,-0.011,1708,0,0
1113459,2.172,9.278,0.441,-0.07,0.015,-0.001,1705,0,0
1113479,2.155,9.263,0.462,-0.055,0.003,-0.005,1707,0,0
1113499,2.215,9.275,0.371,-0.066,-0.001,-0.014,1707,0,0
1113519,2.26,9.234,0.306,-0.077,0.007,-0.021,1707,0,0
1113539,2.246,9.242,0.402,-0.087,0.017,-0.03,1707,0,0
1113559,2.239,9.321,0.462,-0.07,0.018,-0.025,1706,0,0
1113579,2.231,9.316,0.515,-0.084,0.009,-0.02,1707,0,0
1113599,2.224,9.258,0.455,-0.081,-0.014,-0.028,1708,0,0
1113619,2.241,9.306,0.306,-0.047,-0.011,-0.029,1706,0,0
1113639,2.16,9.419,0.259,-0.041,-0.004,-0.028,1706,0,0
1113659,2.138,9.481,0.237,-0.076,0.009,-0.017,1708,0,0
1113679,2.088,9.395,0.278,-0.08,0.019,-0.01,1707,0,0
1113699,2.105,9.285,0.263,-0.071,0.019,-0.01,1706,0,0
1113719,2.174,9.297,0.278,-0.058,0.031,-0.012,1706,0,0
1113739,2.234,9.318,0.376,-0.063,0.044,-0.014,1707,0,0
1113759,2.176,9.321,0.527,-0.078,0.047,-0.017,1708,0,0
1113779,2.119,9.335,0.625,-0.066,0.029,-0.01,1707,0,0
1113799,2.143,9.266,0.551,-0.052,-0.004,-0.007,1707,0,0
1113819,2.195,9.254,0.381,-0.043,-0.011,-0.011,1707,0,0
1113839,2.152,9.316,0.299,-0.039,0.012,-0.015,1707,0,0
1113859,2.09,9.357,0.407,-0.061,0.023,-0.019,1707,0,0
1113879,2.071,9.292,0.496,-0.074,0.011,-0.02,1707,0,0
1113899,2.169,9.254,0.4,-0.053,0.001,-0.019,1706,0,0
1113919,2.217,9.275,0.244,-0.043,0.006,-0.027,1706,0,0
1113939,2.21,9.378,0.261,-0.058,0.027,-0.031,1707,0,0
1113959,2.174,9.44,0.412,-0.067,0.031,-0.029,1707,0,0
1113979,2.198,9.445,0.522,-0.072,0.015,-0.017,1707,0,0
1113999,2.222,9.421,0.426,-0.045,0.011,-0.003,1707,0,0
1114019,2.2,9.45,0.292,-0.037,0.012,0.002,1707,0,0
1114039,2.138,9.421,0.254,-0.066,0.015,-0.002,1707,0,0
1114059,2.181,9.414,0.304,-0.07,0.023,-0.004,1705,0,0
1114079,2.205,9.4,0.385,-0.06,0.027,0.01,1707,0,0
1114099,2.234,9.323,0.407,-0.06,0.035,0.014,1707,0,0
1114119,2.205,9.225,0.476,-0.078,0.029,0.0,1708,0,0
1114139,2.21,9.268,0.443,-0.064,0.021,-0.01,1707,0,0
1114159,2.195,9.313,0.433,-0.057,0.017,-0.009,1708,0,0
1114179,2.205,9.376,0.412,-0.062,0.019,0.001,1706,0,0
1114199,2.143,9.347,0.417,-0.071,0.019,0.001,1706,0,0
1114219,2.203,9.299,0.405,-0.077,0.012,0.003,1707,0,0
1114239,2.172,9.249,0.412,-0.079,0.01,-0.003,1707,0,0
1114259,2.21,9.242,0.388,-0.057,0.011,-0.009,1706,0,0
1114279,2.2,9.203,0.376,-0.066,0.012,-0.016,1707,0,0
1114299,2.162,9.316,0.376,-0.064,0.019,-0.018,1705,0,0
1114319,2.081,9.395,0.479,-0.068,0.018,-0.016,1705,0,0
1114339,2.093,9.44,0.479,-0.075,0.014,-0.009,1706,0,0
1114359,2.073,9.392,0.481,-0.066,0.009,-0.002,1705,0,0
1114379,2.119,9.33,0.421,-0.071,-0.001,0.005,1704,0,0
1114399,2.1,9.325,0.373,-0.068,0.007,0.001,1705,0,0
1114419,2.114,9.29,0.373,-0.074,0.016,0.0,1705,0,0
1114439,2.085,9.328,0.469,-0.07,0.023,-0.009,1705,0,0
1114459,2.107,9.306,0.488,-0.074,0.016,-0.001,1706,0,0
1114479,2.157,9.22,0.402,-0.079,0.008,0.002,1705,0,0
1114499,2.176,9.194,0.39,-0.069,0.019,-0.005,1704,0,0
1114519,2.105,9.234,0.373,-0.068,0.022,-0.014,1704,0,0
1114539,2.093,9.239,0.433,-0.071,-0.005,-0.019,1704,0,0
1114559,2.095,9.244,0.311,-0.079,0.015,-0.031,1705,0,0
1114579,2.219,9.294,0.28,-0.047,0.016,-0.029,1706,0,0
1114599,2.229,9.33,0.306,-0.07,0.03,-0.03,1705,0,0
1114619,2.188,9.335,0.223,-0.092,0.017,-0.031,1705,0,0
1114639,2.184,9.419,0.328,-0.047,0.021,-0.017,1705,0,0
1114659,2.157,9.433,0.433,-0.028,0.005,0.004,1704,0,0
1114679,2.164,9.364,0.668,0.019,-0.054,0.022,1702,0,0
1114699,2.471,9.388,0.96,0.146,-0.188,0.055,1672,0,0
1114719,2.418,9.292,0.06,0.098,-0.135,0.045,1596,0,0
1114739,2.325,9.23,-0.168,0.096,0.017,0.034,1535,0,0
1114759,1.973,9.445,0.034,0.189,0.107,0.076,1523,0,0
1114779,2.035,9.471,0.702,0.162,-0.05,0.125,1504,0,0
1114799,2.624,9.203,1.219,-0.021,-0.275,0.17,1461,0,0
1114819,2.495,9.33,0.304,-0.066,-0.307,0.239,1429,0,0
1114839,2.212,9.701,0.084,0.101,-0.304,0.285,1407,0,0
1114859,2.002,9.347,-0.101,-0.032,-0.303,0.281,1373,0,0
1114879,2.526,9.055,0.431,-0.064,-0.398,0.231,1327,0,0
1114899,2.751,9.299,0.728,-0.141,-0.481,0.222,1281,0,0
1114919,2.318,9.357,0.517,-0.164,-0.575,0.3,1238,0,0
1114939,2.667,9.282,0.345,-0.054,-0.629,0.261,1182,0,0
1114959,2.528,9.584,0.072,-0.065,-0.583,0.252,1127,0,0
1114979,1.946,9.402,-0.692,-0.034,-0.423,0.25,1080,0,0
1114999,2.72,9.182,0.16,-0.041,-0.397,0.157,1027,0,0
1115019,2.358,9.258,1.113,-0.045,-0.547,0.236,976,0,0
1115039,2.629,8.756,0.283,-0.066,-0.737,0.205,944,0,0
1115059,3.713,8.459,-0.512,0.074,-0.574,0.009,931,0,0
1115079,3.282,9.167,-0.608,0.108,-0.277,-0.055,925,0,0
1115099,2.777,9.397,-0.383,0.0,-0.171,-0.041,926,0,0
1115119,2.777,9.38,-0.45,-0.023,-0.176,0.001,922,0,0
1115139,3.033,9.431,-0.697,-0.094,-0.114,-0.007,919,0,0
1115159,3.115,9.309,-0.737,-0.126,0.003,-0.028,918,0,0
1115179,2.909,9.409,-0.455,-0.136,0.039,-0.005,920,0,0
1115199,2.933,9.019,-0.376,-0.169,0.019,0.001,923,0,0
1115219,3.089,9.074,-0.611,-0.025,0.045,-0.035,923,0,0
1115239,3.165,9.29,-0.757,-0.041,0.099,-0.022,923,0,0
1115259,2.957,9.227,-0.498,-0.075,0.128,0.012,925,0,0
1115279,3.029,8.966,-0.474,-0.099,0.078,-0.002,928,0,0
1115299,2.986,9.031,-0.606,-0.051,0.069,-0.025,930,0,0
1115319,3.096,9.182,-0.934,-0.046,0.094,-0.026,934,0,0
1115339,2.935,9.232,-1.039,-0.048,0.163,-0.018,936,0,0
1115359,2.698,9.531,-1.159,-0.015,0.19,-0.01,938,0,0
1115379,2.521,9.73,-1.348,-0.018,0.221,0.017,940,0,0
1115399,2.423,9.706,-1.662,-0.026,0.261,0.035,940,0,0
1115419,2.315,9.663,-2.028,-0.003,0.372,0.058,940,0,0
1115439,2.112,9.471,-2.284,0.005,0.537,0.092,937,0,0
1115459,1.832,9.345,-2.073,-0.014,0.678,0.103,934,0,0
1115479,1.664,9.613,-1.41,-0.08,0.785,0.128,931,0,0
1115499,1.707,9.309,-0.984,-0.156,0.849,0.161,932,0,0
1115519,1.422,9.124,-0.773,-0.05,0.95,0.125,930,0,0
1115539,1.092,8.665,-0.781,0.034,1.019,0.062,929,0,0
1115559,0.893,9.357,-0.333,0.126,1.132,0.02,932,0,0
1115579,0.496,9.577,0.754,-0.034,1.185,0.032,933,0,0
1115599,-0.002,9.201,1.58,-0.081,1.16,0.026,933,0,0
1115619,-0.067,8.198,1.664,0.114,1.116,-0.028,932,0,0
1115639,0.041,8.437,1.774,0.37,1.099,-0.14,932,0,0
1115659,0.357,9.23,2.514,0.273,1.075,-0.164,933,0,0
1115679,0.63,9.237,3.424,0.055,1.006,-0.118,937,0,0
1115699,1.106,8.155,4.281,-0.185,0.814,-0.128,940,0,0
1115719,1.872,7.798,4.937,-0.04,0.6,-0.243,942,0,0
1115739,2.495,8.452,5.248,0.115,0.399,-0.27,944,0,0
1115759,3.134,8.471,5.497,0.152,0.165,-0.291,945,0,0
1115779,3.469,8.871,5.693,0.131,-0.132,-0.405,948,0,0
1115799,3.795,9.438,5.358,0.037,-0.471,-0.454,950,0,0
1115819,4.377,9.541,4.721,-0.119,-0.754,-0.407,950,0,0
1115839,4.662,9.656,4.379,-0.253,-0.982,-0.399,952,0,0
1115859,4.784,9.893,4.046,-0.416,-1.262,-0.373,954,0,0
1115879,5.013,9.783,3.251,-0.567,-1.553,-0.345,954,0,0
1115899,5.289,9.402,2.148,-0.736,-1.756,-0.315,955,0,0
1115919,5.365,8.842,1.231,-0.84,-1.86,-0.345,957,0,0
1115939,5.241,8.856,0.546,-0.862,-1.911,-0.338,959,0,0
1115959,4.978,8.825,0.057,-0.785,-1.956,-0.329,959,0,0
1115979,4.365,9.175,-0.567,-0.593,-2.007,-0.401,960,0,0
1115999,4.345,10.259,-1.93,-0.343,-1.979,-0.42,961,0,0
1116019,4.377,10.661,-3.12,-0.468,-1.848,-0.273,962,0,0
1116039,4.295,9.859,-3.728,-0.654,-1.668,-0.127,963,0,0
1116059,3.73,9.373,-3.962,-0.547,-1.482,-0.151,964,0,0
1116079,3.148,10.499,-4.501,-0.215,-1.338,-0.226,964,0,0
1116099,2.646,12.239,-5.234,-0.237,-1.102,-0.051,965,0,0
1116119,2.32,11.756,-5.495,-0.655,-0.815,0.155,966,0,0
1116139,1.58,10.659,-5.212,-0.568,-0.572,0.147,968,0,0
1116159,0.979,10.654,-5.006,-0.166,-0.343,0.132,968,0,0
1116179,0.764,11.234,-5.114,0.354,-0.034,0.175,971,0,0
1116199,0.407,10.901,-4.841,-0.123,0.21,0.323,973,0,0
1116219,-0.407,9.651,-4.276,-0.023,0.471,0.273,971,0,0
1116239,-0.941,9.562,-4.087,0.064,0.617,0.133,972,0,0
1116259,-1.276,9.953,-4.164,0.159,0.88,0.114,974,0,0
1116279,-1.822,10.137,-3.606,0.187,1.215,0.186,973,0,0
1116299,-2.303,10.329,-2.531,0.162,1.483,0.32,974,0,0
1116319,-2.672,10.578,-1.178,0.241,1.692,0.443,975,0,0
1116339,-2.763,10.29,-0.227,0.187,1.807,0.536,975,0,0
1116359,-2.631,9.811,0.35,0.169,1.883,0.598,975,0,0
1116379,-2.447,9.392,1.101,0.266,1.99,0.627,976,0,0
1116399,-2.6,9.182,2.191,0.329,2.061,0.605,976,0,0
1116419,-2.828,9.196,3.294,0.455,2.021,0.615,976,0,0
1116439,-2.236,9.203,3.515,0.575,1.911,0.598,977,0,0
1116459,-1.444,9.428,3.709,0.544,1.921,0.602,978,0,0
1116479,-1.379,9.218,4.901,0.328,1.909,0.602,977,0,0
1116499,-1.384,8.226,5.928,0.273,1.714,0.477,979,0,0
1116519,-0.558,7.858,5.684,0.652,1.451,0.265,979,0,0
1116539,0.656,8.392,4.922,0.898,1.415,0.168,979,0,0
1116559,1.142,9.124,5.753,0.786,1.457,0.147,980,0,0
1116579,0.91,9.23,7.053,0.574,1.243,0.125,981,0,0
1116599,1.721,9.043,6.895,0.37,0.888,0.133,981,0,0
1116619,2.837,7.556,6.122,0.305,0.673,0.09,983,0,0
1116639,3.208,7.712,6.093,0.439,0.564,-0.044,982,0,0
1116659,3.462,8.859,6.718,0.22,0.318,-0.108,983,0,0
1116679,4.12,9.05,7.049,-0.266,-0.037,-0.044,982,0,0
1116699,4.999,7.939,6.864,-0.541,-0.405,-0.069,982,0,0
1116719,5.523,7.499,6.419,-0.441,-0.722,-0.254,983,0,0
1116739,5.789,8.267,5.753,-0.341,-1.021,-0.387,983,0,0
1116759,6.115,9.28,4.81,-0.463,-1.303,-0.403,984,0,0
1116779,6.031,9.68,4.013,-0.74,-1.533,-0.355,983,0,0
1116799,6.292,9.668,3.012,-1.037,-1.727,-0.248,982,0,0
1116819,6.677,8.693,2.095,-1.33,-1.856,-0.167,983,0,0
1116839,6.766,7.645,1.379,-1.342,-1.916,-0.205,983,0,0
1116859,6.438,8.188,0.85,-1.12,-1.938,-0.319,982,0,0
1116879,6.172,9.143,0.062,-0.892,-1.954,-0.341,984,0,0
1116899,5.947,9.665,-1.094,-0.826,-1.94,-0.234,982,0,0
1116919,5.863,9.215,-2.236,-0.808,-1.884,-0.231,981,0,0
1116939,5.507,9.273,-3.084,-0.52,-1.722,-0.274,981,0,0
1116959,4.726,10.408,-3.663,-0.305,-1.643,-0.17,981,0,0
1116979,4.482,11.641,-4.851,-0.366,-1.46,-0.003,980,0,0
1116999,4.477,10.865,-5.337,-0.799,-1.11,0.268,979,0,0
1117019,3.428,8.246,-4.302,-0.849,-0.832,0.078,979,0,0
1117039,2.322,9.117,-4.259,0.103,-0.635,-0.264,979,0,0
1117059,1.341,11.554,-4.762,0.612,-0.386,-0.214,981,0,0
1117079,0.802,12.352,-5.119,0.008,-0.153,0.097,980,0,0
1117099,0.132,9.567,-4.492,-0.392,0.128,0.137,981,0,0
1117119,-0.754,9.531,-3.893,0.237,0.414,-0.029,979,0,0
1117139,-1.3,10.709,-3.606,0.428,0.642,0.032,982,0,0
1117159,-1.736,10.463,-3.227,0.313,0.919,0.119,982,0,0
1117179,-1.951,9.948,-2.452,0.247,1.193,0.137,982,0,0
1117199,-2.416,10.001,-1.247,0.316,1.382,0.142,983,0,0
1117219,-2.509,10.168,0.038,0.405,1.52,0.213,983,0,0
1117239,-2.61,9.816,1.106,0.525,1.6,0.264,985,0,0
1117259,-2.334,8.969,0.86,0.631,1.641,0.287,985,0,0
1117279,-2.157,8.887,1.154,0.759,1.753,0.233,987,0,0
1117299,-1.935,9.553,2.358,0.662,1.834,0.206,987,0,0
1117319,-1.762,9.637,3.735,0.511,1.834,0.207,988,0,0
1117339,-1.238,9.459,4.611,0.495,1.742,0.195,988,0,0
1117359,-0.141,9.438,5.133,0.618,1.665,0.244,990,0,0
1117379,0.563,8.894,5.667,0.704,1.601,0.343,991,0,0
1117399,0.694,8.586,6.448,0.779,1.434,0.214,992,0,0
1117419,1.413,9.088,6.689,0.827,1.127,0.1,991,0,0
1117439,2.49,9.414,6.151,0.726,0.872,0.06,992,0,0
1117459,2.983,9.522,6.184,0.57,0.746,0.048,992,0,0
1117479,3.153,9.294,6.464,0.476,0.539,0.146,993,0,0
1117499,3.443,8.59,6.065,0.476,0.244,0.064,993,0,0
1117519,4.348,9.007,5.047,0.505,-0.013,-0.014,993,0,0
1117539,4.894,9.464,4.69,0.247,-0.177,-0.022,995,0,0
1117559,5.004,9.146,4.808,-0.073,-0.358,-0.043,992,0,0
1117579,5.258,8.94,4.503,-0.182,-0.642,-0.116,993,0,0
1117599,5.763,9.285,3.445,-0.14,-0.905,-0.086,993,0,0
1117619,6.038,9.677,2.512,-0.312,-1.049,-0.005,993,0,0
1117639,5.818,9.414,1.798,-0.549,-1.157,0.031,993,0,0
1117659,5.952,8.978,0.91,-0.675,-1.247,0.053,992,0,0
1117679,6.062,8.382,-0.077,-0.722,-1.266,0.021,993,0,0
1117699,5.906,8.092,-0.891,-0.66,-1.24,-0.039,992,0,0
1117719,5.547,8.167,-1.465,-0.51,-1.188,-0.144,992,0,0
1117739,5.071,8.837,-2.116,-0.374,-1.124,-0.159,993,0,0
1117759,4.513,9.287,-2.806,-0.439,-1.026,-0.031,993,0,0
1117779,4.221,8.878,-3.328,-0.532,-0.92,0.026,993,0,0
1117799,3.998,8.334,-3.634,-0.427,-0.765,-0.048,992,0,0
1117819,3.335,9.249,-3.618,-0.176,-0.554,-0.141,993,0,0
1117839,2.837,10.649,-3.191,-0.246,-0.389,-0.043,993,0,0
1117859,3.199,10.144,-2.619,-0.561,-0.322,0.196,993,0,0
1117879,3.357,8.317,-1.846,-0.575,-0.225,0.268,994,0,0
1117899,3.225,7.944,-1.381,-0.257,-0.135,0.121,993,0,0
1117919,3.182,8.466,-1.128,-0.151,-0.07,0.023,993,0,0
1117939,2.6,8.928,-0.824,-0.157,0.013,-0.032,994,0,0
1117959,2.045,9.333,-0.563,-0.229,0.025,-0.088,994,0,0
1117979,1.891,9.349,-0.448,-0.22,0.031,-0.1,995,0,0
1117999,1.757,9.143,-0.239,-0.087,0.078,-0.113,994,0,0
1118019,1.628,9.201,-0.127,0.059,0.131,-0.129,995,0,0
1118039,1.528,9.455,0.153,0.033,0.171,-0.047,995,0,0
1118059,1.528,8.993,0.675,-0.056,0.215,-0.02,995,0,0
1118079,1.556,8.921,0.919,0.018,0.199,-0.072,997,0,0
1118099,1.755,9.285,0.826,0.067,0.202,-0.05,996,0,0
1118119,1.887,9.268,1.195,0.03,0.233,-0.022,997,0,0
1118139,1.951,9.254,1.468,0.051,0.214,-0.023,996,0,0
1118159,1.997,9.436,1.448,0.14,0.192,0.001,996,0,0
1118179,2.325,9.268,1.307,0.134,0.167,0.025,997,0,0
1118199,2.631,9.057,1.365,0.099,0.16,0.026,997,0,0
1118219,2.806,8.966,1.408,0.045,0.14,0.01,998,0,0
1118239,2.818,9.072,1.413,0.022,0.103,-0.006,999,0,0
1118259,2.966,9.246,1.211,0.027,0.058,0.003,999,0,0
1118279,3.1,9.364,1.085,0.029,0.051,0.023,998,0,0
1118299,3.184,9.345,1.077,-0.012,0.051,0.035,999,0,0
1118319,3.266,9.096,1.032,-0.041,0.033,0.032,999,0,0
1118339,3.213,9.048,1.022,-0.043,-0.002,0.013,1000,0,0
1118359,3.213,9.103,0.752,-0.058,-0.03,0.007,1001,0,0
1118379,3.168,9.208,0.553,-0.053,-0.022,0.01,999,0,0
1118399,3.06,9.203,0.522,-0.066,-0.016,0.007,1001,0,0
1118419,3.06,9.06,0.429,-0.072,-0.016,0.006,1000,0,0
1118439,3.177,8.93,0.218,-0.048,-0.008,-0.005,1002,0,0
1118459,3.223,9.093,0.235,-0.067,0.02,-0.013,1002,0,0
1118479,3.093,9.096,0.577,-0.118,0.031,-0.018,1004,0,0
1118499,2.978,9.012,0.737,-0.087,-0.021,-0.017,1004,0,0
1118519,2.923,9.072,0.536,-0.022,-0.065,-0.031,1006,0,0
1118539,2.875,9.179,0.333,0.015,-0.076,-0.02,1007,0,0
1118559,2.875,9.146,0.283,0.012,-0.072,-0.006,1008,0,0
1118579,2.981,8.77,0.213,-0.052,-0.067,0.007,1009,0,0
1118599,2.811,8.636,0.326,-0.065,0.002,-0.042,1019,0,0
1118619,1.863,9.045,1.056,-0.207,-0.146,-0.102,1028,0,0
1118639,3.256,8.66,0.505,-0.423,-0.33,-0.208,1038,0,0
1118659,3.812,8.243,0.045,-0.248,0.01,-0.226,1063,0,0
1118679,2.078,8.959,0.467,-0.06,0.155,-0.253,1109,0,0
1118699,3.067,8.961,0.172,-0.143,0.161,-0.298,1170,0,0
1118719,3.481,8.93,0.5,-0.165,0.272,-0.337,1243,0,0
1118739,2.195,9.333,0.73,-0.181,0.257,-0.275,1332,0,0
1118759,2.133,9.61,0.002,-0.293,0.16,-0.172,1432,0,0
1118779,3.68,9.048,-0.855,-0.42,0.333,-0.235,1504,0,0
1118799,3.472,8.772,-1.183,-0.186,0.925,-0.316,1597,0,0
1118819,2.538,9.541,-0.153,0.114,1.229,-0.448,1679,0,0
1118839,2.598,9.129,2.72,0.32,0.578,-0.515,1732,0,0
1118859,2.26,9.416,2.03,-0.587,0.451,-0.346,1777,0,0
1118879,2.227,9.486,1.844,-0.926,0.199,-0.214,1816,0,0
1118899,2.449,9.148,1.506,-0.281,0.08,-0.148,1844,0,0
1118919,2.231,9.481,1.118,-0.143,0.1,-0.086,1870,0,0
1118939,2.234,9.51,1.125,-0.307,0.1,-0.1,1883,0,0
1118959,2.025,9.493,0.874,-0.219,0.102,-0.116,1894,0,0
1118979,2.066,9.431,1.14,-0.122,0.018,-0.079,1902,0,0
1118999,2.351,9.448,1.389,-0.043,-0.033,-0.046,1904,0,0
1119019,2.298,9.297,1.228,-0.034,0.017,-0.046,1904,0,0
1119039,2.114,9.402,0.939,-0.015,0.07,-0.031,1904,0,0
1119059,1.779,9.529,1.111,-0.01,0.025,-0.033,1904,0,0
1119079,2.028,9.383,1.384,-0.167,-0.084,-0.002,1904,0,0
1119099,2.31,9.187,1.293,-0.186,-0.107,0.019,1903,0,0
1119119,2.375,8.971,1.214,-0.062,-0.05,0.004,1899,0,0
1119139,2.09,9.021,1.164,0.026,0.002,-0.044,1893,0,0
1119159,2.035,9.139,1.164,0.017,-0.022,-0.052,1890,0,0
1119179,2.028,9.309,1.073,-0.028,-0.039,-0.034,1887,0,0
1119199,2.116,9.278,1.19,-0.068,-0.081,-0.023,1885,0,0
1119219,2.184,9.213,1.219,-0.063,-0.07,-0.01,1879,0,0
1119239,2.148,9.258,1.228,0.006,-0.042,-0.006,1873,0,0
1119259,1.999,9.333,1.211,0.013,-0.051,-0.021,1871,0,0
1119279,2.057,9.424,1.094,-0.009,-0.066,-0.003,1869,0,0
1119299,2.181,9.349,1.178,-0.081,-0.085,0.018,1867,0,0
1119319,2.308,9.227,1.204,-0.101,-0.071,0.005,1862,0,0
1119339,2.313,9.179,1.235,-0.058,-0.032,-0.013,1858,0,0
1119359,2.112,9.357,1.192,0.038,-0.021,-0.002,1857,0,0
1119379,2.078,9.474,1.18,0.01,-0.059,0.019,1857,0,0
1119399,2.212,9.462,1.147,-0.051,-0.109,0.045,1857,0,0
1119419,2.397,9.421,1.027,-0.033,-0.09,0.051,1854,0,0
1119439,2.365,9.359,0.998,-0.009,-0.05,0.03,1852,0,0
1119459,2.162,9.378,0.946,-0.002,-0.012,0.024,1849,0,0
1119479,2.121,9.333,0.915,-0.009,-0.04,0.051,1847,0,0
1119499,2.2,9.28,0.895,-0.019,-0.066,0.068,1845,0,0
1119519,2.37,9.21,0.864,-0.066,-0.049,0.063,1842,0,0
1119539,2.428,9.143,0.958,-0.054,0.0,0.046,1841,0,0
1119559,2.27,9.067,1.051,-0.038,0.019,0.033,1840,0,0
1119579,2.169,9.139,1.041,-0.033,0.003,0.029,1839,0,0
1119599,2.215,9.203,1.132,-0.033,-0.022,0.03,1837,0,0
1119619,2.251,9.203,1.147,-0.046,-0.031,0.026,1837,0,0
1119639,2.267,9.191,1.08,-0.036,-0.029,0.031,1832,0,0
1119659,2.308,9.203,0.996,-0.037,-0.026,0.035,1828,0,0
1119679,2.318,9.184,0.922,-0.069,-0.013,0.022,1826,0,0
1119699,2.229,9.177,0.893,-0.061,-0.009,0.015,1825,0,0
1119719,2.186,9.227,0.816,-0.029,-0.002,0.017,1824,0,0
1119739,2.205,9.201,0.766,-0.038,0.001,0.022,1821,0,0
1119759,2.279,9.124,0.742,-0.066,0.019,0.009,1821,0,0
1119779,2.26,9.148,0.819,-0.063,0.035,-0.001,1819,0,0
1119799,2.289,9.251,0.905,-0.042,0.037,-0.002,1821,0,0
1119819,2.32,9.261,0.986,-0.046,0.045,0.002,1818,0,0
1119839,2.291,9.199,1.039,-0.051,0.047,0.009,1817,0,0
1119859,2.346,9.199,1.051,-0.037,0.038,0.007,1813,0,0
1119879,2.389,9.242,1.097,-0.044,0.028,0.004,1811,0,0
1119899,2.327,9.21,1.051,-0.041,0.025,0.004,1810,0,0
1119919,2.313,9.206,0.929,-0.02,0.012,0.008,1808,0,0
1119939,2.365,9.227,0.881,-0.027,0.014,0.009,1808,0,0
1119959,2.368,9.251,0.912,-0.052,0.032,0.007,1807,0,0
1119979,2.32,9.294,1.025,-0.044,0.035,-0.0,1806,0,0
1119999,2.26,9.301,1.116,-0.039,0.016,0.006,1805,0,0
1120019,2.318,9.301,1.046,-0.032,0.007,0.025,1803,0,0
1120039,2.406,9.201,0.996,-0.035,-0.007,0.028,1801,0,0
1120059,2.483,9.12,0.922,-0.058,-0.004,0.018,1798,0,0
1120079,2.435,9.117,1.006,-0.038,0.006,0.005,1796,0,0
1120099,2.342,9.222,1.003,-0.016,-0.01,-0.001,1795,0,0
1120119,2.358,9.328,0.883,-0.025,-0.025,0.008,1793,0,0
1120139,2.447,9.306,0.848,-0.039,-0.012,0.018,1792,0,0
1120159,2.425,9.23,0.929,-0.051,0.003,0.014,1791,0,0
1120179,2.354,9.222,0.929,-0.046,0.004,0.006,1787,0,0
1120199,2.286,9.275,0.927,-0.033,-0.008,0.015,1786,0,0
1120219,2.306,9.258,0.836,-0.044,-0.015,0.025,1784,0,0
1120239,2.392,9.222,0.742,-0.047,-0.006,0.029,1783,0,0
1120259,2.416,9.16,0.855,-0.044,0.015,0.02,1780,0,0
1120279,2.365,9.201,0.946,-0.053,0.007,0.012,1779,0,0
1120299,2.365,9.203,0.96,-0.049,-0.015,0.014,1778,0,0
1120319,2.401,9.167,0.888,-0.037,-0.029,0.021,1778,0,0
1120339,2.452,9.1,0.771,-0.043,-0.031,0.016,1777,0,0
1120359,2.497,9.079,0.742,-0.039,-0.012,0.006,1776,0,0
1120379,2.411,9.108,0.785,-0.034,-0.004,-0.003,1776,0,0
1120399,2.377,9.139,0.771,-0.047,-0.014,-0.011,1775,0,0
1120419,2.433,9.129,0.747,-0.052,-0.011,-0.016,1775,0,0
1120439,2.483,9.242,0.735,-0.043,0.002,-0.025,1774,0,0
1120459,2.48,9.311,0.776,-0.032,0.019,-0.03,1774,0,0
1120479,2.37,9.366,0.924,-0.044,0.016,-0.012,1774,0,0
1120499,2.397,9.323,0.871,-0.046,-0.011,0.004,1772,0,0
1120519,2.476,9.225,0.845,-0.059,-0.003,0.002,1772,0,0
1120539,2.476,9.23,0.852,-0.042,0.01,-0.003,1771,0,0
1120559,2.413,9.323,0.864,-0.024,0.003,-0.002,1769,0,0
1120579,2.37,9.328,0.903,-0.054,-0.013,0.005,1767,0,0
1120599,2.387,9.246,0.804,-0.061,-0.021,0.014,1763,0,0
1120619,2.468,9.213,0.761,-0.046,-0.014,0.011,1762,0,0
1120639,2.497,9.206,0.752,-0.056,-0.002,0.001,1761,0,0
1120659,2.473,9.304,0.757,-0.037,0.007,0.003,1760,0,0
1120679,2.476,9.352,0.824,-0.036,0.001,0.011,1758,0,0
1120699,2.478,9.297,0.855,-0.082,-0.001,0.021,1756,0,0
1120719,2.5,9.189,0.819,-0.066,-0.006,0.02,1753,0,0
1120739,2.502,9.206,0.742,-0.038,-0.01,0.017,1753,0,0
1120759,2.547,9.194,0.733,-0.037,-0.011,0.016,1750,0,0
1120779,2.559,9.153,0.699,-0.067,-0.006,0.013,1748,0,0
1120799,2.512,9.139,0.771,-0.058,-0.007,0.003,1745,0,0
1120819,2.454,9.239,0.754,-0.036,-0.012,-0.003,1745,0,0
1120839,2.48,9.29,0.725,-0.045,-0.018,0.009,1745,0,0
1120859,2.555,9.232,0.656,-0.063,-0.016,0.017,1744,0,0
1120879,2.564,9.17,0.673,-0.053,-0.002,0.015,1744,0,0
1120899,2.449,9.184,0.73,-0.05,0.009,0.002,1744,0,0
1120919,2.418,9.242,0.737,-0.05,-0.001,0.003,1743,0,0
1120939,2.483,9.208,0.69,-0.059,-0.012,0.006,1743,0,0
1120959,2.538,9.208,0.642,-0.059,0.002,0.002,1744,0,0
1120979,2.483,9.239,0.74,-0.043,0.021,0.001,1743,0,0
1120999,2.454,9.263,0.761,-0.049,0.012,0.009,1741,0,0
