1014717,2.071,9.21,1.259,-0.068,0.013,-0.012,1695,0,0
1014737,2.081,9.242,1.226,-0.047,0.01,-0.008,1696,0,0
1014757,2.054,9.213,1.204,-0.056,0.01,-0.005,1695,0,0
1014777,2.073,9.232,1.188,-0.058,0.021,-0.008,1695,0,0
1014797,2.09,9.239,1.173,-0.062,0.036,-0.002,1694,0,0
1014817,2.109,9.175,1.3,-0.092,0.039,-0.006,1695,0,0
1014837,2.1,9.122,1.355,-0.081,0.035,-0.017,1695,0,0
1014857,2.121,9.189,1.348,-0.052,0.024,-0.019,1695,0,0
1014877,2.133,9.201,1.365,-0.058,0.018,-0.018,1694,0,0
1014897,2.143,9.227,1.322,-0.064,0.016,-0.014,1695,0,0
1014917,2.164,9.215,1.305,-0.058,0.009,-0.011,1695,0,0
1014937,2.148,9.234,1.314,-0.079,0.009,-0.014,1694,0,0
1014957,2.097,9.266,1.276,-0.058,0.001,-0.021,1695,0,0
1014977,2.09,9.378,1.24,-0.034,-0.004,-0.01,1695,0,0
1014997,2.097,9.342,1.192,-0.061,0.005,0.001,1695,0,0
1015017,2.116,9.244,1.202,-0.073,0.015,0.007,1694,0,0
1015037,2.131,9.165,1.269,-0.062,0.016,0.006,1694,0,0
1015057,2.095,9.16,1.331,-0.063,0.01,-0.004,1695,0,0
1015077,2.059,9.179,1.298,-0.048,0.003,-0.007,1695,0,0
1015097,2.097,9.239,1.271,-0.04,0.008,0.0,1695,0,0
1015117,2.131,9.177,1.298,-0.055,0.015,0.002,1696,0,0
1015137,2.164,9.112,1.262,-0.086,0.012,-0.005,1695,0,0
1015157,2.148,9.134,1.264,-0.069,0.011,-0.013,1698,0,0
1015177,2.105,9.251,1.279,-0.052,0.011,-0.017,1696,0,0
1015197,2.037,9.361,1.264,-0.036,0.012,-0.012,1695,0,0
1015217,2.054,9.376,1.259,-0.043,0.01,0.002,1695,0,0
1015237,2.105,9.242,1.238,-0.08,0.012,0.009,1695,0,0
1015257,2.188,9.163,1.231,-0.071,0.014,0.003,1695,0,0
1015277,2.128,9.227,1.29,-0.049,0.027,0.003,1696,0,0
1015297,2.049,9.268,1.319,-0.051,0.02,0.006,1695,0,0
1015317,2.073,9.268,1.293,-0.054,0.005,0.004,1695,0,0
1015337,2.116,9.27,1.274,-0.062,-0.001,-0.001,1695,0,0
1015357,2.193,9.28,1.228,-0.065,0.01,0.005,1694,0,0
1015377,2.198,9.266,1.288,-0.058,0.018,0.015,1694,0,0
1015397,2.186,9.234,1.341,-0.067,0.015,0.019,1694,0,0
1015417,2.131,9.179,1.293,-0.073,-0.002,0.017,1694,0,0
1015437,2.126,9.21,1.192,-0.063,-0.005,0.016,1694,0,0
1015457,2.085,9.167,1.14,-0.054,-0.003,0.013,1693,0,0
1015477,2.114,9.17,1.106,-0.046,0.002,0.008,1694,0,0
1015497,2.107,9.158,1.13,-0.059,0.021,0.01,1693,0,0
1015517,2.102,9.158,1.161,-0.072,0.032,0.007,1693,0,0
1015537,2.167,9.117,1.312,-0.074,0.031,0.004,1693,0,0
1015557,2.179,9.081,1.341,-0.065,0.021,-0.003,1692,0,0
1015577,2.2,9.117,1.329,-0.05,0.011,-0.012,1693,0,0
1015597,2.203,9.127,1.295,-0.053,0.005,-0.016,1693,0,0
1015617,2.181,9.182,1.231,-0.05,0.004,-0.017,1694,0,0
1015637,2.167,9.23,1.252,-0.057,0.006,-0.019,1693,0,0
1015657,2.162,9.282,1.214,-0.062,0.012,-0.019,1694,0,0
1015677,2.172,9.263,1.247,-0.06,0.016,-0.015,1694,0,0
1015697,2.195,9.256,1.29,-0.065,0.013,-0.008,1694,0,0
1015717,2.179,9.239,1.279,-0.066,0.009,-0.007,1695,0,0
1015737,2.172,9.285,1.252,-0.052,0.005,-0.01,1694,0,0
1015757,2.152,9.301,1.24,-0.047,0.007,-0.002,1693,0,0
1015777,2.167,9.251,1.264,-0.057,0.009,0.005,1694,0,0
1015797,2.172,9.179,1.288,-0.065,0.015,0.005,1693,0,0
1015817,2.203,9.141,1.312,-0.063,0.012,0.003,1694,0,0
1015837,2.155,9.112,1.362,-0.063,0.004,-0.007,1694,0,0
1015857,2.138,9.143,1.286,-0.058,-0.001,-0.011,1693,0,0
1015877,2.124,9.187,1.262,-0.046,0.002,-0.011,1693,0,0
1015897,2.145,9.215,1.211,-0.05,0.007,-0.009,1694,0,0
1015917,2.145,9.201,1.228,-0.066,0.014,-0.005,1694,0,0
1015937,2.126,9.098,1.267,-0.078,0.013,-0.01,1693,0,0
1015957,2.124,9.081,1.25,-0.072,0.005,-0.023,1693,0,0
1015977,2.085,9.16,1.183,-0.044,0.002,-0.034,1694,0,0
1015997,2.102,9.282,1.147,-0.042,0.006,-0.028,1694,0,0
1016017,2.155,9.28,1.125,-0.058,0.019,-0.021,1694,0,0
1016037,2.203,9.206,1.219,-0.083,0.025,-0.02,1694,0,0
1016057,2.164,9.175,1.276,-0.068,0.021,-0.025,1693,0,0
1016077,2.155,9.273,1.305,-0.059,0.014,-0.026,1693,0,0
1016097,2.116,9.349,1.247,-0.051,0.011,-0.021,1694,0,0
1016117,2.107,9.402,1.219,-0.042,0.014,-0.009,1696,0,0
1016137,2.143,9.388,1.216,-0.062,0.018,0.002,1695,0,0
1016157,2.116,9.299,1.31,-0.074,0.018,0.007,1693,0,0
1016177,2.095,9.258,1.3,-0.062,0.013,0.007,1694,0,0
1016197,2.114,9.21,1.312,-0.058,0.01,0.003,1693,0,0
1016217,2.148,9.194,1.283,-0.062,0.005,0.003,1693,0,0
1016237,2.162,9.22,1.29,-0.053,0.007,0.0,1694,0,0
1016257,2.14,9.227,1.398,-0.06,0.007,0.004,1693,0,0
1016277,2.114,9.208,1.405,-0.066,-0.005,0.009,1693,0,0
1016297,2.112,9.134,1.286,-0.064,-0.021,0.003,1693,0,0
1016317,2.138,9.1,1.178,-0.05,-0.025,-0.001,1693,0,0
1016337,2.145,9.12,1.125,-0.045,-0.016,-0.011,1693,0,0
1016357,2.1,9.21,1.058,-0.063,-0.001,-0.014,1693,0,0
1016377,2.085,9.23,1.109,-0.074,0.011,-0.01,1693,0,0
1016397,2.15,9.175,1.171,-0.075,0.021,-0.007,1692,0,0
1016417,2.176,9.093,1.259,-0.073,0.019,-0.014,1692,0,0
1016521,2.179,9.234,1.243,-0.063,0.009,-0.005,1692,0,0
1016532,2.16,9.246,1.228,-0.054,0.006,-0.009,1691,0,0
1016543,2.155,9.28,1.255,-0.049,0.004,-0.009,1691,0,0
1016554,2.143,9.266,1.274,-0.054,0.005,-0.007,1692,0,0
1016564,2.15,9.256,1.231,-0.064,0.002,-0.004,1691,0,0
1016576,2.162,9.234,1.204,-0.063,0.002,-0.002,1690,0,0
1016587,2.162,9.249,1.188,-0.047,0.001,-0.004,1691,0,0
1016598,2.191,9.234,1.195,-0.037,0.003,-0.004,1691,0,0
1016662,2.133,9.175,1.13,-0.049,-0.007,-0.011,1689,0,0
1016674,2.131,9.213,1.082,-0.033,-0.0,-0.011,1693,0,0
1016686,2.136,9.263,1.008,-0.029,0.008,-0.009,1691,0,0
1016697,2.169,9.254,1.044,-0.04,0.013,-0.006,1691,0,0
1016709,2.191,9.215,1.113,-0.063,0.021,-0.005,1692,0,0
1016720,2.2,9.177,1.156,-0.08,0.029,-0.006,1689,0,0
1016732,2.212,9.153,1.197,-0.081,0.034,-0.009,1691,0,0
1016744,2.172,9.141,1.19,-0.066,0.032,-0.013,1691,0,0
1016757,2.133,9.196,1.219,-0.056,0.026,-0.015,1692,0,0
1016817,2.109,9.196,1.238,-0.057,0.023,-0.009,1692,0,0
1016829,2.116,9.215,1.238,-0.062,0.022,-0.008,1692,0,0
1016840,2.114,9.203,1.195,-0.071,0.022,-0.01,1693,0,0
1016852,2.105,9.201,1.178,-0.072,0.025,-0.014,1692,0,0
1016862,2.1,9.203,1.178,-0.062,0.029,-0.015,1691,0,0
1016877,2.114,9.254,1.264,-0.047,0.037,-0.015,1692,0,0
1016897,2.093,9.239,1.369,-0.059,0.026,-0.013,1691,0,0
1016917,2.131,9.23,1.369,-0.06,0.008,-0.009,1691,0,0
1016937,2.181,9.215,1.267,-0.041,0.002,-0.013,1691,0,0
1016957,2.198,9.244,1.247,-0.058,0.007,-0.014,1692,0,0
1016977,2.157,9.251,1.283,-0.065,0.008,-0.016,1692,0,0
1016997,2.136,9.251,1.298,-0.058,-0.002,-0.013,1691,0,0
1017017,2.145,9.256,1.221,-0.047,-0.012,-0.01,1691,0,0
1017037,2.179,9.234,1.109,-0.06,-0.01,-0.012,1691,0,0
1017057,2.191,9.22,1.034,-0.06,0.001,-0.014,1692,0,0
1017077,2.191,9.16,1.08,-0.039,0.019,-0.02,1691,0,0
1017097,2.124,9.294,1.149,-0.007,0.026,-0.022,1689,0,0
1017117,2.097,9.376,1.14,-0.031,0.021,-0.005,1692,0,0
1017137,2.124,9.242,1.094,-0.075,0.014,0.001,1690,0,0
1017157,2.145,9.175,1.135,-0.068,0.021,-0.006,1692,0,0
1017177,2.105,9.263,1.164,-0.034,0.029,-0.011,1693,0,0
1017197,2.069,9.278,1.214,-0.057,0.028,-0.008,1691,0,0
1017217,2.1,9.273,1.274,-0.072,0.029,-0.005,1693,0,0
1017237,2.095,9.297,1.24,-0.048,0.022,-0.004,1692,0,0
1017257,2.138,9.29,1.235,-0.064,0.032,0.006,1691,0,0
1017277,2.174,9.17,1.302,-0.094,0.025,-0.003,1694,0,0
1017297,2.148,9.206,1.358,-0.067,0.016,-0.004,1692,0,0
1017317,2.064,9.273,1.365,-0.062,0.003,0.003,1692,0,0
1017337,2.097,9.242,1.214,-0.064,-0.012,0.001,1692,0,0
1017357,2.1,9.203,1.183,-0.069,-0.005,-0.004,1691,0,0
1017377,2.131,9.213,1.125,-0.07,0.003,-0.01,1691,0,0
1017397,2.148,9.244,1.135,-0.061,0.003,-0.009,1691,0,0
1017417,2.143,9.275,1.199,-0.096,0.007,0.001,1691,0,0
1017437,2.195,9.177,1.176,-0.072,0.001,-0.002,1691,0,0
1017457,2.195,9.167,1.142,-0.067,0.001,-0.001,1691,0,0
1017477,2.167,9.182,1.132,-0.064,0.002,-0.002,1691,0,0
1017497,2.174,9.213,1.094,-0.054,0.005,-0.002,1689,0,0
1017517,2.174,9.22,1.046,-0.064,0.013,0.002,1691,0,0
1017537,2.176,9.215,1.07,-0.066,0.022,0.007,1691,0,0
1017557,2.186,9.153,1.101,-0.063,0.028,0.004,1692,0,0
1017577,2.164,9.148,1.128,-0.059,0.022,-0.005,1691,0,0
1017597,2.148,9.189,1.116,-0.042,0.016,-0.008,1691,0,0
1017617,2.164,9.251,1.125,-0.028,0.016,-0.011,1691,0,0
1017637,2.172,9.275,1.104,-0.042,0.023,-0.005,1691,0,0
1017657,2.188,9.292,1.142,-0.041,0.035,0.001,1691,0,0
1017677,2.131,9.282,1.257,-0.045,0.037,0.0,1692,0,0
1017697,2.107,9.316,1.276,-0.049,0.024,0.001,1690,0,0
1017717,2.124,9.328,1.255,-0.042,0.019,0.009,1691,0,0
1017737,2.172,9.23,1.216,-0.043,0.016,0.014,1691,0,0
1017757,2.162,9.175,1.207,-0.046,0.02,0.013,1692,0,0
1017777,2.131,9.201,1.214,-0.047,0.026,0.008,1691,0,0
1017797,2.102,9.213,1.255,-0.061,0.024,0.003,1692,0,0
1017817,2.105,9.167,1.307,-0.068,0.011,0.001,1690,0,0
1017837,2.128,9.143,1.276,-0.056,-0.001,-0.003,1691,0,0
1017857,2.16,9.16,1.171,-0.048,0.0,-0.005,1692,0,0
1017877,2.155,9.191,1.12,-0.051,0.01,-0.005,1691,0,0
1017897,2.14,9.22,1.178,-0.07,0.011,-0.007,1691,0,0
1017917,2.14,9.155,1.192,-0.072,0.003,-0.008,1692,0,0
1017937,2.16,9.179,1.144,-0.041,0.001,-0.013,1692,0,0
1017957,2.155,9.256,1.118,-0.036,0.005,-0.015,1692,0,0
1017977,2.121,9.273,1.099,-0.07,0.01,-0.011,1693,0,0
1017997,2.148,9.246,1.073,-0.067,0.006,-0.014,1692,0,0
1018017,2.207,9.275,1.077,-0.051,0.015,-0.012,1691,0,0
1018037,2.193,9.299,1.123,-0.054,0.021,-0.007,1691,0,0
1018057,2.253,9.261,1.176,-0.067,0.02,-0.001,1693,0,0
1018077,2.234,9.203,1.149,-0.067,0.014,-0.002,1691,0,0
1018097,2.195,9.222,1.123,-0.053,0.006,-0.006,1693,0,0
1018117,2.162,9.287,1.07,-0.048,0.005,-0.003,1691,0,0
1018137,2.16,9.294,1.032,-0.046,0.007,0.003,1692,0,0
1018157,2.138,9.275,0.994,-0.037,0.015,0.003,1692,0,0
1018177,2.116,9.275,1.013,-0.051,0.029,0.007,1692,0,0
1018197,2.169,9.175,1.085,-0.069,0.034,0.01,1692,0,0
1018217,2.167,9.124,1.178,-0.061,0.043,0.002,1692,0,0
1018237,2.128,9.175,1.228,-0.049,0.039,-0.01,1691,0,0
1018257,2.164,9.234,1.264,-0.046,0.035,-0.003,1691,0,0
1018277,2.138,9.182,1.279,-0.077,0.025,-0.003,1691,0,0
1018297,2.181,9.187,1.245,-0.061,0.013,-0.004,1692,0,0
1018317,2.219,9.244,1.168,-0.042,0.018,-0.007,1691,0,0
1018337,2.212,9.237,1.176,-0.072,0.014,-0.004,1689,0,0
1018357,2.227,9.208,1.073,-0.061,0.019,-0.005,1691,0,0
1018377,2.188,9.232,1.154,-0.057,0.02,-0.01,1692,0,0
1018397,2.148,9.273,1.207,-0.075,0.017,-0.008,1691,0,0
1018417,2.124,9.292,1.168,-0.055,0.006,-0.003,1691,0,0
1018437,2.145,9.318,1.135,-0.047,0.003,0.003,1691,0,0
1018457,2.15,9.282,1.061,-0.05,0.009,0.009,1691,0,0
1018477,2.174,9.208,1.085,-0.06,0.018,0.007,1692,0,0
1018497,2.172,9.194,1.223,-0.068,0.021,0.001,1691,0,0
1018517,2.176,9.134,1.257,-0.082,0.007,-0.0,1690,0,0
1018537,2.164,9.139,1.202,-0.06,0.002,-0.011,1690,0,0
1018557,2.16,9.208,1.171,-0.04,0.007,-0.008,1691,0,0
1018577,2.109,9.206,1.166,-0.059,0.008,-0.007,1690,0,0
1018597,2.107,9.12,1.192,-0.085,-0.007,-0.015,1690,0,0
1018617,2.152,9.165,1.113,-0.066,-0.01,-0.016,1690,0,0
1018637,2.179,9.203,1.094,-0.046,0.003,-0.023,1690,0,0
1018657,2.179,9.268,1.101,-0.06,0.013,-0.025,1689,0,0
1018677,2.169,9.282,1.164,-0.066,0.019,-0.018,1690,0,0
1018697,2.174,9.23,1.25,-0.082,0.006,-0.011,1690,0,0
1018717,2.203,9.21,1.235,-0.079,-0.006,-0.016,1690,0,0
1018737,2.172,9.232,1.147,-0.052,-0.006,-0.018,1690,0,0
1018757,2.14,9.28,1.125,-0.043,-0.006,-0.018,1691,0,0
1018777,2.138,9.323,1.125,-0.071,0.0,-0.012,1691,0,0
1018797,2.152,9.246,1.128,-0.086,0.001,-0.002,1692,0,0
1018817,2.2,9.16,1.116,-0.075,0.003,-0.006,1691,0,0
1018837,2.222,9.165,1.137,-0.065,0.01,-0.016,1691,0,0
1018857,2.176,9.177,1.192,-0.061,0.007,-0.019,1691,0,0
1018877,2.174,9.234,1.197,-0.063,-0.003,-0.016,1690,0,0
1018897,2.188,9.256,1.061,-0.064,-0.004,-0.009,1690,0,0
1018917,2.186,9.234,1.073,-0.066,0.002,-0.01,1690,0,0
1018937,2.188,9.244,1.022,-0.053,0.003,-0.01,1690,0,0
1018957,2.176,9.225,1.02,-0.057,0.005,-0.014,1690,0,0
1018977,2.174,9.23,1.08,-0.065,0.009,-0.013,1690,0,0
1018997,2.152,9.242,1.075,-0.049,0.014,-0.011,1690,0,0
1019017,2.157,9.242,1.156,-0.058,0.013,-0.007,1690,0,0
1019037,2.176,9.194,1.104,-0.064,0.006,-0.01,1690,0,0
1019057,2.169,9.232,1.099,-0.042,0.011,-0.017,1690,0,0
1019077,2.16,9.278,1.168,-0.053,0.017,-0.016,1691,0,0
1019097,2.107,9.299,1.173,-0.059,0.012,-0.012,1691,0,0
1019117,2.148,9.256,1.173,-0.063,0.009,-0.009,1690,0,0
1019137,2.179,9.21,1.19,-0.074,0.01,-0.01,1691,0,0
1019157,2.16,9.213,1.164,-0.055,0.015,-0.011,1691,0,0
1019177,2.16,9.23,1.226,-0.053,0.009,-0.013,1691,0,0
1019197,2.155,9.189,1.231,-0.091,0.007,-0.011,1690,0,0
1019217,2.131,9.143,1.192,-0.085,0.001,-0.02,1691,0,0
1019237,2.107,9.184,1.128,-0.056,-0.007,-0.026,1689,0,0
1019257,2.105,9.258,1.07,-0.061,-0.004,-0.03,1689,0,0
1019277,2.172,9.244,0.96,-0.076,0.007,-0.029,1689,0,0
1019297,2.198,9.225,1.022,-0.087,0.026,-0.025,1691,0,0
1019317,2.162,9.27,1.109,-0.079,0.026,-0.019,1690,0,0
1019337,2.14,9.313,1.195,-0.071,0.015,-0.016,1691,0,0
1019357,2.128,9.297,1.195,-0.071,0.002,-0.013,1690,0,0
1019377,2.119,9.301,1.13,-0.033,-0.01,-0.005,1690,0,0
1019397,2.128,9.313,1.061,-0.038,-0.007,-0.004,1690,0,0
1019417,2.1,9.282,1.037,-0.063,0.004,-0.005,1690,0,0
1019437,2.054,9.309,1.092,-0.048,0.011,-0.002,1690,0,0
1019457,2.107,9.256,1.171,-0.059,0.014,0.008,1690,0,0
1019477,2.119,9.175,1.221,-0.082,0.013,0.003,1690,0,0
1019497,2.16,9.146,1.216,-0.057,0.013,0.001,1690,0,0
1019517,2.21,9.163,1.216,-0.038,0.009,-0.009,1690,0,0
1019537,2.176,9.22,1.286,-0.072,0.003,-0.009,1690,0,0
1019557,2.136,9.218,1.331,-0.066,-0.007,-0.009,1690,0,0
1019577,2.133,9.201,1.29,-0.054,-0.022,-0.004,1690,0,0
1019597,2.152,9.189,1.176,-0.047,-0.029,-0.009,1690,0,0
1019617,2.169,9.254,1.118,-0.052,-0.026,-0.013,1689,0,0
1019637,2.138,9.266,1.051,-0.055,-0.016,-0.011,1691,0,0
1019657,2.121,9.268,1.082,-0.059,-0.012,-0.011,1690,0,0
1019677,2.114,9.311,1.118,-0.058,-0.013,-0.006,1691,0,0
1019697,2.164,9.261,1.14,-0.065,-0.012,0.0,1691,0,0
1019717,2.188,9.208,1.118,-0.072,-0.01,-0.0,1691,0,0
1019737,2.186,9.194,1.149,-0.063,-0.009,-0.007,1691,0,0
1019757,2.145,9.237,1.077,-0.058,-0.009,-0.006,1691,0,0
1019777,2.152,9.261,1.077,-0.06,-0.01,-0.002,1691,0,0
1019797,2.15,9.234,1.077,-0.073,-0.007,-0.001,1692,0,0
1019817,2.155,9.215,1.101,-0.058,-0.006,-0.004,1691,0,0
1019837,2.126,9.232,1.077,-0.05,-0.002,0.001,1691,0,0
1019857,2.172,9.182,1.099,-0.059,-0.01,-0.001,1690,0,0
1019877,2.172,9.127,1.058,-0.052,-0.011,-0.004,1691,0,0
1019897,2.155,9.153,1.08,-0.05,-0.011,-0.011,1691,0,0
1019917,2.128,9.218,1.049,-0.049,-0.009,-0.014,1691,0,0
1019937,2.109,9.246,1.077,-0.051,-0.01,-0.018,1692,0,0
1019957,2.186,9.261,1.008,-0.055,-0.009,-0.013,1691,0,0
1019977,2.239,9.21,1.001,-0.05,0.006,-0.013,1688,0,0
1019997,2.203,9.234,1.044,-0.054,0.013,-0.016,1690,0,0
1020017,2.188,9.268,1.087,-0.051,0.004,-0.019,1690,0,0
1020037,2.188,9.357,1.034,-0.052,0.002,-0.017,1690,0,0
1020057,2.105,9.39,1.022,-0.041,0.011,-0.008,1688,0,0
1020077,2.093,9.359,1.008,-0.047,0.018,0.007,1689,0,0
1020097,2.138,9.299,1.077,-0.06,0.017,0.009,1689,0,0
1020117,2.136,9.208,1.13,-0.072,0.021,0.006,1690,0,0
1020137,2.155,9.22,1.137,-0.033,0.021,0.006,1688,0,0
1020157,2.124,9.242,1.195,-0.045,0.013,0.003,1690,0,0
1020177,2.164,9.17,1.216,-0.073,0.003,-0.001,1690,0,0
1020197,2.184,9.134,1.188,-0.048,-0.001,-0.005,1690,0,0
1020217,2.169,9.196,1.156,-0.039,-0.001,-0.008,1689,0,0
1020237,2.148,9.227,1.149,-0.053,-0.012,-0.009,1690,0,0
1020257,2.169,9.227,1.142,-0.059,-0.013,-0.014,1689,0,0
1020277,2.155,9.22,1.14,-0.058,-0.013,-0.012,1689,0,0
1020297,2.164,9.218,1.08,-0.047,-0.019,-0.008,1690,0,0
1020317,2.191,9.201,0.977,-0.063,-0.023,-0.009,1689,0,0
1020337,2.167,9.206,0.943,-0.072,-0.015,-0.021,1690,0,0
1020357,2.169,9.268,1.015,-0.054,-0.006,-0.02,1690,0,0
1020377,2.119,9.29,1.044,-0.068,-0.001,-0.01,1690,0,0
1020397,2.16,9.258,0.982,-0.058,-0.009,-0.011,1690,0,0
1020417,2.234,9.23,0.994,-0.055,-0.002,-0.013,1688,0,0
1020437,2.191,9.227,0.955,-0.07,0.005,-0.018,1689,0,0
1020457,2.152,9.254,1.027,-0.05,0.004,-0.017,1688,0,0
1020477,2.172,9.318,0.991,-0.055,0.009,-0.011,1690,0,0
1020497,2.148,9.294,1.041,-0.076,0.009,-0.01,1690,0,0
1020517,2.119,9.287,1.077,-0.052,0.004,-0.009,1690,0,0
1020537,2.167,9.273,1.053,-0.057,0.004,-0.004,1690,0,0
1020557,2.167,9.187,1.025,-0.064,0.005,-0.008,1689,0,0
1020577,2.179,9.179,1.125,-0.056,0.016,-0.006,1687,0,0
1020597,2.128,9.194,1.101,-0.067,0.011,-0.006,1690,0,0
1020617,2.124,9.155,1.051,-0.071,0.0,-0.019,1690,0,0
1020637,2.124,9.199,1.053,-0.06,-0.0,-0.03,1690,0,0
1020657,2.167,9.258,0.991,-0.047,0.003,-0.031,1689,0,0
1020677,2.179,9.275,0.95,-0.067,0.011,-0.029,1689,0,0
1020697,2.186,9.287,1.001,-0.095,0.019,-0.026,1689,0,0
1020717,2.167,9.311,1.01,-0.071,0.029,-0.019,1688,0,0
1020737,2.152,9.306,1.092,-0.076,0.025,-0.02,1690,0,0
1020757,2.126,9.306,1.135,-0.079,0.012,-0.018,1689,0,0
1020777,2.076,9.318,1.085,-0.051,-0.002,-0.013,1688,0,0
1020797,2.14,9.335,0.958,-0.042,-0.004,-0.006,1687,0,0
1020817,2.16,9.342,0.953,-0.056,0.016,0.003,1686,0,0
1020837,2.152,9.251,1.082,-0.078,0.027,0.003,1685,0,0
1020857,2.136,9.196,1.168,-0.08,0.019,-0.005,1685,0,0
1020877,2.164,9.222,1.13,-0.065,0.008,-0.009,1686,0,0
1020897,2.16,9.297,1.094,-0.038,0.006,-0.01,1685,0,0
1020917,2.181,9.385,1.051,-0.057,0.015,-0.001,1684,0,0
1020937,2.174,9.301,1.116,-0.077,0.018,0.014,1684,0,0
1020957,2.179,9.234,1.159,-0.086,0.007,0.012,1684,0,0
1020977,2.172,9.196,1.159,-0.073,-0.006,0.0,1684,0,0
1020997,2.148,9.297,1.039,-0.039,-0.013,-0.004,1684,0,0
1021017,2.162,9.361,1.003,-0.036,-0.008,0.009,1685,0,0
1021037,2.179,9.299,0.941,-0.079,0.003,0.019,1684,0,0
1021057,2.212,9.172,0.939,-0.094,0.017,0.022,1684,0,0
1021077,2.143,9.122,0.946,-0.085,0.019,0.003,1684,0,0
1021097,2.184,9.234,0.95,-0.055,0.026,0.001,1684,0,0
1021117,2.143,9.333,0.977,-0.051,0.028,0.006,1685,0,0
1021137,2.157,9.294,0.994,-0.074,0.025,0.01,1684,0,0
1021157,2.172,9.249,1.068,-0.073,0.03,0.015,1684,0,0
1021177,2.15,9.237,1.199,-0.051,0.025,0.018,1684,0,0
1021197,2.167,9.268,1.214,-0.044,0.009,0.022,1684,0,0
1021217,2.207,9.17,1.142,-0.071,-0.003,0.021,1684,0,0
1021237,2.243,9.098,1.053,-0.05,0.0,0.014,1684,0,0
1021257,2.205,9.136,1.041,-0.05,0.014,0.009,1683,0,0
1021277,2.193,9.124,1.068,-0.068,0.007,0.003,1684,0,0
1021297,2.251,9.141,1.025,-0.058,0.003,-0.003,1682,0,0
1021317,2.325,9.163,0.998,-0.053,0.011,-0.005,1684,0,0
1021337,2.334,9.191,1.051,-0.053,0.025,-0.008,1685,0,0
1021357,2.301,9.256,1.123,-0.048,0.023,-0.012,1684,0,0
1021377,2.294,9.337,1.123,-0.055,0.022,-0.008,1684,0,0
1021397,2.272,9.385,1.07,-0.053,0.024,-0.006,1684,0,0
1021417,2.207,9.471,1.125,-0.059,0.03,0.001,1684,0,0
1021437,2.169,9.467,1.207,-0.08,0.033,0.017,1684,0,0
1021457,2.15,9.376,1.25,-0.088,0.026,0.026,1684,0,0
1021477,2.152,9.196,1.274,-0.092,0.009,0.023,1684,0,0
1021497,2.169,9.1,1.156,-0.096,-0.006,0.016,1683,0,0
1021517,2.2,9.117,1.094,-0.086,-0.009,0.006,1682,0,0
1021537,2.212,9.17,1.089,-0.101,0.006,0.009,1681,0,0
1021557,2.172,9.079,1.082,-0.12,-0.002,0.002,1680,0,0
1021577,2.172,9.043,1.085,-0.113,-0.01,-0.009,1680,0,0
1021597,2.114,9.103,1.123,-0.097,-0.016,-0.028,1680,0,0
1021617,2.088,9.215,1.077,-0.079,-0.027,-0.03,1681,0,0
1021637,2.14,9.285,1.03,-0.07,-0.025,-0.02,1680,0,0
1021657,2.193,9.225,1.03,-0.105,-0.019,-0.018,1680,0,0
1021677,2.191,9.122,1.065,-0.103,-0.011,-0.029,1680,0,0
1021697,2.131,9.22,1.168,-0.081,-0.009,-0.042,1680,0,0
1021717,2.09,9.335,1.276,-0.063,-0.016,-0.034,1680,0,0
1021737,2.054,9.335,1.255,-0.077,-0.028,-0.019,1680,0,0
1021757,2.116,9.225,1.259,-0.09,-0.035,-0.018,1681,0,0
1021777,2.191,9.096,1.24,-0.086,-0.037,-0.03,1680,0,0
1021797,2.198,9.069,1.302,-0.084,-0.037,-0.042,1681,0,0
1021817,2.191,9.165,1.247,-0.074,-0.044,-0.043,1680,0,0
1021837,2.16,9.287,1.185,-0.071,-0.038,-0.045,1681,0,0
1021857,2.102,9.263,1.238,-0.115,-0.033,-0.038,1681,0,0
1021877,2.184,9.141,1.245,-0.13,-0.033,-0.036,1681,0,0
1021897,2.234,9.093,1.235,-0.102,-0.033,-0.04,1680,0,0
1021917,2.193,9.22,1.29,-0.076,-0.03,-0.044,1682,0,0
1021937,2.148,9.287,1.262,-0.111,-0.038,-0.038,1680,0,0
1021957,2.21,9.213,1.231,-0.128,-0.046,-0.035,1680,0,0
1021977,2.181,9.191,1.293,-0.109,-0.052,-0.037,1681,0,0
1021997,2.2,9.258,1.188,-0.081,-0.057,-0.039,1681,0,0
1022017,2.251,9.273,1.149,-0.102,-0.056,-0.041,1680,0,0
1022037,2.253,9.27,1.214,-0.112,-0.054,-0.034,1680,0,0
1022057,2.193,9.325,1.178,-0.082,-0.058,-0.028,1681,0,0
1022077,2.179,9.4,1.195,-0.086,-0.062,-0.022,1680,0,0
1022097,2.164,9.345,1.123,-0.113,-0.067,-0.014,1680,0,0
1022117,2.131,9.287,1.032,-0.079,-0.062,-0.009,1680,0,0
1022137,2.1,9.301,1.041,-0.066,-0.051,-0.005,1680,0,0
1022157,2.083,9.266,1.152,-0.075,-0.045,0.002,1680,0,0
1022177,2.069,9.196,1.14,-0.071,-0.054,0.003,1680,0,0
1022197,2.143,9.124,1.094,-0.072,-0.052,0.0,1680,0,0
1022217,2.136,9.098,1.101,-0.047,-0.043,-0.006,1681,0,0
1022237,2.114,9.131,1.075,-0.042,-0.04,-0.007,1680,0,0
1022257,2.15,9.141,1.03,-0.062,-0.031,-0.011,1680,0,0
1022277,2.172,9.127,1.056,-0.071,-0.014,-0.017,1680,0,0
1022297,2.152,9.136,1.185,-0.048,-0.005,-0.021,1680,0,0
1022317,2.143,9.136,1.209,-0.051,-0.021,-0.023,1680,0,0
1022337,2.174,9.148,1.13,-0.054,-0.021,-0.018,1680,0,0
1022357,2.148,9.129,1.128,-0.035,-0.015,-0.027,1680,0,0
1022377,2.131,9.191,1.142,-0.022,-0.014,-0.032,1680,0,0
1022397,2.148,9.328,1.166,-0.03,-0.008,-0.034,1680,0,0
1022417,2.085,9.407,1.25,-0.048,-0.003,-0.02,1680,0,0
1022437,2.131,9.285,1.262,-0.056,-0.014,-0.004,1680,0,0
1022457,2.286,9.127,1.183,-0.043,-0.008,0.001,1680,0,0
1022477,2.344,9.1,1.125,-0.036,0.0,-0.009,1680,0,0
1022497,2.334,9.184,1.08,-0.042,0.006,-0.012,1681,0,0
1022517,2.313,9.206,1.041,-0.072,0.013,-0.01,1681,0,0
1022537,2.294,9.222,1.001,-0.055,0.018,-0.007,1682,0,0
1022557,2.227,9.294,1.044,-0.017,0.022,-0.0,1681,0,0
1022577,2.207,9.347,0.994,-0.039,0.012,0.007,1681,0,0
1022597,2.229,9.292,0.903,-0.032,0.008,0.011,1681,0,0
1022617,2.186,9.239,0.819,-0.018,0.016,0.011,1682,0,0
1022637,2.145,9.299,0.809,-0.012,0.023,0.007,1680,0,0
1022657,2.112,9.354,0.792,-0.001,0.027,0.012,1681,0,0
1022677,2.148,9.388,0.788,0.012,0.034,0.021,1681,0,0
1022697,2.121,9.364,0.862,0.015,0.049,0.029,1681,0,0
1022717,2.126,9.232,0.886,0.004,0.056,0.032,1681,0,0
1022737,2.215,9.158,0.814,0.004,0.062,0.027,1682,0,0
1022757,2.243,9.155,0.874,0.007,0.083,0.013,1681,0,0
1022777,2.143,9.28,0.931,-0.001,0.105,-0.002,1681,0,0
1022797,2.014,9.426,1.037,-0.03,0.108,0.01,1681,0,0
1022817,2.047,9.404,1.125,-0.033,0.1,0.018,1681,0,0
1022837,2.138,9.297,1.195,-0.029,0.096,0.022,1681,0,0
1022857,2.164,9.266,1.295,-0.021,0.087,0.013,1681,0,0
1022877,2.052,9.354,1.312,-0.021,0.067,0.002,1681,0,0
1022897,2.064,9.491,1.365,-0.029,0.061,0.018,1681,0,0
1022917,2.085,9.412,1.379,-0.045,0.059,0.033,1681,0,0
1022937,2.169,9.28,1.427,-0.063,0.049,0.033,1683,0,0
1022957,2.224,9.184,1.439,-0.088,0.033,0.021,1682,0,0
1022977,2.217,9.17,1.492,-0.092,0.017,0.006,1681,0,0
1022997,2.195,9.292,1.477,-0.078,0.005,0.01,1682,0,0
1023017,2.157,9.321,1.456,-0.088,-0.007,0.018,1681,0,0
1023037,2.227,9.258,1.389,-0.118,-0.029,0.023,1681,0,0
1023057,2.277,9.175,1.322,-0.12,-0.034,0.017,1682,0,0
1023077,2.191,9.163,1.317,-0.111,-0.04,0.009,1681,0,0
1023097,2.179,9.21,1.269,-0.092,-0.055,0.017,1683,0,0
1023117,2.27,9.103,1.106,-0.104,-0.063,0.027,1681,0,0
1023137,2.363,8.921,1.015,-0.116,-0.06,0.022,1681,0,0
1023271,2.277,9.172,0.86,-0.068,-0.054,-0.024,1681,0,0
1023290,2.318,9.115,0.836,-0.086,-0.038,-0.012,1681,0,0
1023310,2.361,9.019,0.749,-0.038,-0.023,-0.016,1680,0,0
1023330,2.308,9.108,0.785,-0.011,-0.018,-0.039,1683,0,0
1023350,2.246,9.225,0.749,-0.053,-0.021,-0.047,1681,0,0
1023370,2.291,9.263,0.649,-0.032,-0.006,-0.037,1681,0,0
1023390,2.358,9.285,0.634,-0.003,0.03,-0.03,1682,0,0
1023410,2.365,9.309,0.67,-0.01,0.055,-0.026,1682,0,0
1023430,2.26,9.373,0.84,-0.037,0.062,-0.025,1682,0,0
1023450,2.198,9.385,0.912,-0.048,0.058,-0.015,1682,0,0
1023470,2.2,9.333,0.9,-0.016,0.064,-0.0,1681,0,0
1023490,2.179,9.27,0.955,-0.001,0.064,-0.0,1682,0,0
1023510,2.2,9.239,0.989,-0.021,0.062,-0.009,1682,0,0
1023530,2.133,9.275,1.041,-0.037,0.056,-0.014,1682,0,0
1023550,2.073,9.28,1.111,-0.017,0.051,-0.017,1682,0,0
1023570,2.107,9.323,1.041,0.018,0.047,-0.01,1683,0,0
1023590,2.124,9.333,1.161,-0.012,0.057,0.0,1682,0,0
1023610,2.16,9.237,1.24,-0.051,0.065,-0.006,1682,0,0
1023630,2.124,9.187,1.358,-0.059,0.061,-0.011,1682,0,0
1023650,2.128,9.232,1.384,-0.057,0.047,-0.013,1682,0,0
1023670,2.169,9.196,1.367,-0.062,0.029,-0.013,1685,0,0
1023690,2.179,9.148,1.331,-0.064,0.013,-0.016,1683,0,0
1023710,2.2,9.117,1.259,-0.072,0.0,-0.022,1683,0,0
1023730,2.222,9.165,1.183,-0.073,-0.011,-0.029,1683,0,0
1023750,2.181,9.225,1.123,-0.075,-0.022,-0.033,1683,0,0
1023770,2.157,9.246,1.046,-0.073,-0.033,-0.03,1683,0,0
1023790,2.152,9.242,0.97,-0.064,-0.032,-0.025,1682,0,0
1023810,2.15,9.28,0.96,-0.036,-0.026,-0.017,1682,0,0
1023830,2.116,9.27,0.95,-0.037,-0.03,-0.014,1682,0,0
1023850,2.116,9.222,0.874,-0.047,-0.044,-0.019,1684,0,0
1023871,2.176,9.191,0.776,-0.039,-0.046,-0.024,1684,0,0
1023890,2.217,9.222,0.709,-0.023,-0.023,-0.029,1682,0,0
1023910,2.222,9.29,0.757,-0.021,-0.005,-0.034,1682,0,0
1023930,2.33,9.311,0.764,-0.056,0.011,-0.027,1682,0,0
1023950,2.361,9.28,0.804,-0.068,0.022,-0.032,1682,0,0
1023970,2.38,9.366,0.812,-0.025,0.026,-0.03,1683,0,0
1023990,2.361,9.505,0.802,-0.031,0.032,-0.017,1682,0,0
1024010,2.344,9.457,0.857,-0.068,0.039,-0.002,1682,0,0
1024030,2.306,9.469,0.876,-0.043,0.038,0.003,1682,0,0
1024050,2.272,9.476,0.881,-0.05,0.032,0.012,1682,0,0
1024070,2.274,9.438,0.84,-0.048,0.03,0.026,1682,0,0
1024090,2.258,9.409,0.883,-0.028,0.037,0.033,1684,0,0
1024110,2.231,9.383,0.943,-0.032,0.04,0.04,1682,0,0
1024130,2.172,9.297,0.998,-0.053,0.028,0.044,1682,0,0
1024150,2.172,9.263,0.967,-0.05,0.018,0.044,1683,0,0
1024170,2.155,9.179,0.9,-0.045,0.023,0.041,1683,0,0
1024190,2.157,9.143,0.876,-0.037,0.034,0.035,1684,0,0
1024210,2.143,9.141,0.929,-0.055,0.041,0.032,1682,0,0
1024230,2.133,9.05,0.984,-0.075,0.032,0.024,1683,0,0
1024250,2.172,9.043,0.962,-0.064,0.031,0.011,1682,0,0
1024270,2.174,9.055,0.929,-0.065,0.034,-0.007,1683,0,0
1024290,2.229,9.112,0.919,-0.058,0.042,-0.015,1682,0,0
1024310,2.246,9.155,1.001,-0.068,0.042,-0.015,1682,0,0
1024330,2.203,9.199,1.068,-0.079,0.035,-0.016,1682,0,0
1024350,2.179,9.239,1.003,-0.061,0.024,-0.019,1683,0,0
1024370,2.167,9.273,0.974,-0.049,0.013,-0.017,1682,0,0
1024390,2.217,9.249,0.95,-0.055,0.006,-0.015,1682,0,0
1024411,2.179,9.304,0.939,-0.041,0.011,-0.013,1683,0,0
1024430,2.155,9.342,0.979,-0.049,0.015,-0.009,1684,0,0
1024450,2.174,9.294,1.013,-0.074,0.017,-0.003,1683,0,0
1024470,2.227,9.206,1.07,-0.072,0.011,-0.003,1682,0,0
1024490,2.253,9.131,1.061,-0.074,0.001,-0.014,1683,0,0
1024510,2.229,9.148,1.073,-0.061,-0.004,-0.023,1683,0,0
1024530,2.227,9.213,1.01,-0.064,-0.004,-0.023,1683,0,0
1024550,2.217,9.23,1.02,-0.075,-0.009,-0.022,1682,0,0
1024570,2.234,9.213,0.984,-0.076,-0.017,-0.021,1682,0,0
1024590,2.241,9.242,0.919,-0.061,-0.021,-0.025,1682,0,0
1024610,2.205,9.297,0.95,-0.058,-0.017,-0.023,1681,0,0
1024630,2.16,9.323,0.948,-0.065,-0.017,-0.015,1681,0,0
1024650,2.222,9.273,0.85,-0.068,-0.022,-0.015,1681,0,0
1024670,2.272,9.251,0.781,-0.068,-0.009,-0.019,1681,0,0
1024690,2.301,9.246,0.821,-0.063,0.002,-0.023,1682,0,0
1024710,2.32,9.232,0.845,-0.065,0.006,-0.019,1684,0,0
1024730,2.255,9.282,0.895,-0.063,0.011,-0.017,1682,0,0
1024750,2.234,9.349,0.826,-0.055,0.012,-0.017,1683,0,0
1024770,2.205,9.409,0.862,-0.062,0.015,-0.009,1682,0,0
1024790,2.188,9.304,0.864,-0.064,0.014,0.005,1684,0,0
1024810,2.236,9.191,0.84,-0.051,0.01,0.008,1681,0,0
1024830,2.239,9.179,0.838,-0.054,0.021,-0.003,1682,0,0
1024850,2.148,9.22,0.886,-0.058,0.023,-0.01,1682,0,0
1024870,2.121,9.23,0.924,-0.051,0.018,-0.007,1682,0,0
1024890,2.172,9.179,0.831,-0.058,0.014,-0.01,1683,0,0
1024910,2.219,9.206,0.79,-0.042,0.025,-0.014,1682,0,0
1024930,2.239,9.256,0.862,-0.053,0.038,-0.016,1682,0,0
1024950,2.16,9.266,0.996,-0.069,0.035,-0.016,1682,0,0
1024970,2.148,9.261,1.041,-0.058,0.02,-0.013,1682,0,0
1024990,2.193,9.242,1.006,-0.05,0.009,-0.011,1682,0,0
1025010,2.234,9.282,0.891,-0.028,0.005,-0.017,1681,0,0
1025030,2.215,9.388,0.871,-0.043,0.017,-0.017,1681,0,0
1025050,2.169,9.395,0.929,-0.077,0.024,-0.006,1682,0,0
1025070,2.215,9.311,0.962,-0.075,0.017,-0.0,1682,0,0
1025090,2.239,9.256,0.948,-0.077,0.019,-0.002,1681,0,0
1025110,2.222,9.294,0.948,-0.062,0.013,-0.012,1683,0,0
1025130,2.222,9.354,0.931,-0.047,0.007,-0.006,1682,0,0
1025150,2.212,9.349,0.915,-0.072,0.009,0.002,1682,0,0
1025170,2.241,9.316,0.915,-0.072,0.011,0.01,1682,0,0
1025190,2.205,9.275,0.991,-0.072,0.013,0.008,1682,0,0
1025210,2.224,9.23,0.97,-0.081,0.006,0.007,1683,0,0
1025230,2.251,9.203,0.922,-0.058,0.002,0.003,1682,0,0
1025250,2.217,9.266,0.907,-0.047,0.01,0.006,1682,0,0
1025270,2.157,9.227,0.962,-0.075,0.012,0.014,1682,0,0
1025290,2.119,9.136,0.96,-0.082,0.001,0.006,1682,0,0
1025310,2.164,9.088,0.934,-0.066,-0.009,-0.005,1682,0,0
1025330,2.21,9.136,0.845,-0.055,-0.008,-0.021,1683,0,0
1025350,2.251,9.208,0.828,-0.044,0.01,-0.023,1682,0,0
1025370,2.229,9.273,0.891,-0.071,0.023,-0.023,1682,0,0
1025390,2.193,9.28,0.984,-0.09,0.017,-0.018,1683,0,0
1025410,2.21,9.256,0.967,-0.09,0.008,-0.013,1682,0,0
1025430,2.2,9.227,0.927,-0.06,0.003,-0.016,1683,0,0
1025450,2.191,9.275,0.848,-0.04,0.006,-0.016,1683,0,0
1025470,2.217,9.311,0.871,-0.059,0.014,-0.012,1682,0,0
1025490,2.188,9.27,0.946,-0.085,0.016,-0.009,1682,0,0
1025510,2.186,9.196,0.972,-0.081,0.012,-0.004,1682,0,0
1025530,2.188,9.148,0.948,-0.066,0.009,-0.017,1682,0,0
1025550,2.207,9.215,0.934,-0.043,0.007,-0.022,1682,0,0
1025570,2.191,9.268,0.915,-0.049,0.013,-0.017,1682,0,0
1025590,2.191,9.266,0.979,-0.071,0.008,-0.013,1682,0,0
1025610,2.186,9.258,0.977,-0.065,0.003,-0.013,1682,0,0
1025630,2.176,9.237,0.958,-0.055,-0.006,-0.014,1682,0,0
1025650,2.222,9.251,0.9,-0.039,-0.011,-0.015,1683,0,0
1025670,2.215,9.282,0.9,-0.039,-0.006,-0.012,1683,0,0
1025691,2.167,9.342,0.824,-0.042,-0.002,-0.01,1683,0,0
1025710,2.181,9.34,0.843,-0.054,0.005,-0.001,1682,0,0
1025730,2.188,9.234,0.927,-0.06,0.011,-0.001,1682,0,0
1025750,2.205,9.194,0.967,-0.047,0.005,-0.005,1683,0,0
1025770,2.198,9.218,0.939,-0.041,-0.004,-0.012,1682,0,0
1025790,2.184,9.273,0.919,-0.051,-0.003,-0.014,1682,0,0
1025810,2.184,9.292,0.895,-0.045,0.001,-0.012,1682,0,0
1025830,2.169,9.285,0.917,-0.052,0.001,-0.008,1682,0,0
1025850,2.224,9.239,0.907,-0.064,0.001,-0.007,1682,0,0
1025870,2.224,9.213,0.922,-0.06,0.0,-0.014,1683,0,0
1025890,2.231,9.215,0.886,-0.057,-0.004,-0.022,1682,0,0
1025910,2.193,9.263,0.876,-0.047,0.001,-0.02,1682,0,0
1025930,2.198,9.29,0.855,-0.055,-0.005,-0.013,1683,0,0
1025950,2.179,9.249,0.864,-0.064,-0.003,-0.019,1682,0,0
1025970,2.186,9.251,0.792,-0.063,-0.002,-0.026,1682,0,0
1025990,2.21,9.287,0.725,-0.053,0.005,-0.023,1681,0,0
1026010,2.258,9.337,0.776,-0.054,0.023,-0.023,1681,0,0
1026030,2.239,9.38,0.917,-0.067,0.023,-0.014,1681,0,0
1026050,2.227,9.335,0.991,-0.069,0.012,-0.008,1681,0,0
1026070,2.234,9.309,0.924,-0.068,0.002,-0.011,1681,0,0
1026090,2.207,9.364,0.838,-0.039,0.002,-0.005,1681,0,0
1026110,2.181,9.402,0.804,-0.041,0.01,0.005,1682,0,0
1026130,2.136,9.352,0.831,-0.065,0.013,0.007,1682,0,0
1026150,2.16,9.27,0.867,-0.083,0.018,0.011,1682,0,0
1026170,2.131,9.17,0.891,-0.064,0.02,0.007,1682,0,0
1026190,2.145,9.177,0.891,-0.052,0.011,0.001,1683,0,0
1026210,2.172,9.191,0.86,-0.062,0.016,-0.003,1684,0,0
1026230,2.169,9.182,0.907,-0.074,0.02,-0.01,1684,0,0
1026250,2.169,9.182,0.996,-0.074,0.013,-0.015,1683,0,0
1026270,2.145,9.208,1.003,-0.074,-0.001,-0.018,1684,0,0
1026290,2.157,9.256,0.927,-0.06,-0.006,-0.016,1682,0,0
1026311,2.172,9.287,0.874,-0.047,-0.005,-0.02,1683,0,0
1026330,2.172,9.285,0.85,-0.068,-0.004,-0.022,1681,0,0
1026350,2.181,9.254,0.814,-0.084,-0.005,-0.019,1681,0,0
1026370,2.215,9.22,0.773,-0.074,0.003,-0.017,1681,0,0
1026390,2.198,9.242,0.809,-0.056,0.012,-0.018,1681,0,0
1026410,2.176,9.297,0.85,-0.061,0.01,-0.02,1682,0,0
1026430,2.162,9.294,0.826,-0.072,0.006,-0.022,1682,0,0
1026450,2.198,9.28,0.848,-0.068,0.002,-0.019,1682,0,0
1026470,2.224,9.273,0.824,-0.06,0.013,-0.014,1682,0,0
1026490,2.191,9.294,0.869,-0.056,0.022,-0.012,1681,0,0
1026510,2.174,9.309,0.907,-0.059,0.018,-0.011,1682,0,0
1026530,2.179,9.278,0.915,-0.072,0.014,-0.008,1681,0,0
1026550,2.212,9.182,0.9,-0.072,0.009,-0.009,1683,0,0
1026570,2.207,9.189,0.807,-0.037,0.012,-0.018,1682,0,0
1026590,2.162,9.301,0.857,-0.05,0.024,-0.022,1682,0,0
1026610,2.1,9.299,0.929,-0.086,0.019,-0.016,1682,0,0
1026630,2.09,9.261,0.929,-0.068,0.009,-0.022,1682,0,0
1026650,2.121,9.301,0.862,-0.053,0.006,-0.024,1682,0,0
1026670,2.157,9.306,0.826,-0.051,0.019,-0.018,1682,0,0
1026690,2.198,9.304,0.905,-0.059,0.03,-0.016,1682,0,0
1026710,2.16,9.292,0.958,-0.078,0.028,-0.017,1682,0,0
1026730,2.188,9.29,0.943,-0.076,0.011,-0.02,1682,0,0
1026750,2.155,9.364,0.867,-0.055,0.009,-0.022,1682,0,0
1026770,2.128,9.373,0.891,-0.045,0.02,-0.013,1682,0,0
1026790,2.109,9.395,0.862,-0.005,0.019,-0.014,1682,0,0
1026810,2.105,9.469,0.95,-0.04,0.018,0.009,1682,0,0
1026830,2.157,9.22,0.934,-0.145,0.011,0.01,1682,0,0
1026850,2.119,9.129,0.917,-0.058,0.011,-0.007,1682,0,0
1026870,2.09,9.316,0.903,-0.014,0.009,-0.003,1682,0,0
1026890,2.143,9.321,0.848,-0.076,0.013,0.003,1683,0,0
1026910,2.169,9.246,0.893,-0.083,0.023,0.0,1684,0,0
1026930,2.145,9.254,0.967,-0.063,0.021,-0.001,1682,0,0
1026950,2.138,9.215,0.972,-0.087,0.004,-0.005,1682,0,0
1026970,2.143,9.203,0.929,-0.056,-0.009,-0.006,1682,0,0
1026990,2.155,9.337,0.874,-0.028,-0.006,-0.003,1682,0,0
1027010,2.152,9.357,0.802,-0.057,-0.001,0.001,1683,0,0
1027030,2.174,9.239,0.79,-0.09,0.003,0.001,1682,0,0
1027050,2.188,9.199,0.816,-0.065,0.005,-0.003,1682,0,0
1027070,2.203,9.273,0.797,-0.049,0.012,-0.008,1683,0,0
1027090,2.136,9.354,0.824,-0.054,0.016,-0.005,1683,0,0
1027110,2.14,9.318,0.867,-0.058,0.017,0.006,1684,0,0
1027130,2.188,9.222,0.893,-0.077,0.016,0.005,1682,0,0
1027150,2.167,9.17,0.893,-0.068,0.009,-0.003,1682,0,0
1027170,2.188,9.206,0.871,-0.047,0.009,-0.011,1683,0,0
1027190,2.143,9.263,0.814,-0.06,0.016,-0.015,1682,0,0
1027210,2.126,9.301,0.869,-0.059,0.019,-0.012,1681,0,0
1027230,2.15,9.292,0.898,-0.064,0.02,-0.003,1683,0,0
1027250,2.164,9.187,0.915,-0.088,0.017,-0.003,1683,0,0
1027270,2.212,9.165,0.848,-0.057,0.014,-0.016,1682,0,0
1027290,2.14,9.261,0.893,-0.05,0.015,-0.022,1681,0,0
1027310,2.095,9.249,0.919,-0.077,0.008,-0.019,1681,0,0
1027330,2.114,9.222,0.855,-0.066,0.002,-0.023,1682,0,0
1027350,2.148,9.323,0.814,-0.051,0.013,-0.025,1682,0,0
1027370,2.172,9.388,0.826,-0.057,0.027,-0.025,1681,0,0
1027390,2.176,9.352,0.864,-0.088,0.034,-0.014,1682,0,0
1027410,2.162,9.273,1.003,-0.084,0.024,-0.009,1682,0,0
1027430,2.169,9.232,0.965,-0.073,0.013,-0.011,1683,0,0
1027450,2.15,9.292,0.824,-0.044,0.009,-0.013,1682,0,0
1027470,2.116,9.364,0.785,-0.048,0.015,-0.007,1683,0,0
1027490,2.114,9.349,0.761,-0.075,0.029,-0.007,1684,0,0
1027510,2.085,9.333,0.869,-0.074,0.039,-0.003,1683,0,0
1027530,2.085,9.213,0.939,-0.061,0.031,0.005,1683,0,0
1027550,2.131,9.139,0.927,-0.063,0.025,0.002,1683,0,0
1027570,2.181,9.143,0.915,-0.062,0.021,-0.015,1682,0,0
1027590,2.157,9.261,0.936,-0.047,0.025,-0.021,1683,0,0
1027610,2.1,9.371,0.972,-0.051,0.026,-0.009,1683,0,0
1027630,2.119,9.311,0.864,-0.067,0.018,-0.0,1684,0,0
1027650,2.14,9.244,0.85,-0.065,0.023,-0.004,1683,0,0
1027670,2.124,9.29,0.869,-0.037,0.023,-0.013,1683,0,0
1027690,2.124,9.33,0.922,-0.044,0.019,-0.006,1684,0,0
1027710,2.102,9.304,0.881,-0.063,0.019,0.0,1683,0,0
1027730,2.131,9.287,0.895,-0.052,0.026,-0.002,1683,0,0
1027750,2.1,9.282,0.929,-0.059,0.03,-0.002,1682,0,0
1027770,2.09,9.251,0.994,-0.066,0.026,-0.003,1682,0,0
1027790,2.152,9.294,0.958,-0.055,0.017,-0.002,1682,0,0
1027810,2.184,9.237,0.939,-0.054,0.022,-0.001,1681,0,0
1027830,2.167,9.22,0.984,-0.066,0.021,-0.01,1681,0,0
1027850,2.148,9.349,0.958,-0.052,0.02,-0.007,1683,0,0
1027870,2.112,9.409,0.936,-0.048,0.015,0.003,1681,0,0
1027890,2.15,9.318,0.9,-0.077,0.002,0.01,1682,0,0
1027910,2.234,9.213,0.91,-0.079,0.005,0.008,1682,0,0
1027930,2.126,9.213,0.982,-0.065,0.01,0.001,1682,0,0
1027951,2.059,9.27,0.881,-0.041,-0.005,-0.002,1684,0,0
1027970,2.069,9.301,0.749,-0.044,-0.006,0.01,1682,0,0
1027990,2.152,9.297,0.776,-0.059,0.015,0.009,1683,0,0
1028010,2.203,9.234,0.871,-0.069,0.029,0.005,1682,0,0
1028030,2.2,9.163,0.924,-0.066,0.03,0.007,1683,0,0
1028050,2.119,9.139,0.95,-0.062,0.019,0.002,1682,0,0
1028070,2.088,9.175,0.915,-0.045,0.002,-0.004,1682,0,0
1028090,2.107,9.227,0.785,-0.031,0.0,-0.003,1682,0,0
1028110,2.114,9.251,0.692,-0.051,0.011,-0.014,1682,0,0
1028130,2.1,9.294,0.788,-0.071,0.033,-0.015,1682,0,0
1028150,2.105,9.22,0.977,-0.083,0.039,-0.004,1681,0,0
1028170,2.14,9.131,1.073,-0.064,0.016,-0.011,1682,0,0
1028190,2.184,9.16,0.977,-0.053,-0.004,-0.027,1681,0,0
1028210,2.155,9.273,0.893,-0.04,-0.007,-0.033,1681,0,0
1028230,2.16,9.392,0.879,-0.043,-0.001,-0.026,1682,0,0
1028250,2.174,9.38,0.883,-0.065,0.007,-0.013,1682,0,0
1028270,2.143,9.323,0.814,-0.086,0.015,-0.011,1682,0,0
1028290,2.176,9.275,0.888,-0.057,0.005,-0.01,1683,0,0
1028310,2.16,9.304,0.915,-0.06,0.002,-0.016,1684,0,0
1028330,2.145,9.333,0.888,-0.052,-0.004,-0.017,1684,0,0
1028447,2.157,9.222,0.869,-0.079,0.009,-0.014,1683,0,0
1028460,2.136,9.249,0.855,-0.059,0.015,-0.01,1683,0,0
1028471,2.136,9.254,0.862,-0.05,0.017,-0.007,1682,0,0
1028482,2.15,9.234,0.855,-0.059,0.017,-0.007,1682,0,0
1028494,2.136,9.225,0.843,-0.072,0.014,-0.012,1682,0,0
1028505,2.174,9.215,0.816,-0.075,0.012,-0.017,1682,0,0
1028516,2.162,9.249,0.781,-0.069,0.014,-0.02,1682,0,0
1028527,2.119,9.268,0.831,-0.062,0.018,-0.02,1682,0,0
1028539,2.088,9.313,0.943,-0.049,0.005,-0.017,1683,0,0
1028599,2.172,9.246,0.797,-0.056,0.017,-0.018,1682,0,0
1028611,2.198,9.234,0.792,-0.064,0.021,-0.022,1682,0,0
1028623,2.212,9.266,0.836,-0.068,0.028,-0.026,1683,0,0
1028633,2.184,9.316,0.883,-0.068,0.034,-0.027,1682,0,0
1028644,2.164,9.328,0.9,-0.068,0.03,-0.024,1683,0,0
1028655,2.124,9.366,0.986,-0.071,0.023,-0.018,1682,0,0
1028666,2.131,9.357,0.994,-0.071,0.012,-0.011,1682,0,0
1028678,2.114,9.323,0.982,-0.063,-0.001,0.0,1683,0,0
1028690,2.133,9.28,0.919,-0.047,-0.012,0.001,1682,0,0
1028750,2.057,9.294,1.001,-0.03,-0.004,-0.017,1684,0,0
1028762,2.061,9.395,0.979,-0.029,-0.012,-0.002,1682,0,0
1028775,2.052,9.316,0.929,-0.034,-0.011,0.003,1683,0,0
1028786,2.054,9.287,0.905,-0.035,-0.015,0.002,1681,0,0
1028798,2.049,9.244,0.867,-0.032,-0.024,-0.001,1681,0,0
1028810,2.083,9.261,0.728,-0.025,-0.023,0.001,1681,0,0
1028830,2.112,9.261,0.687,-0.006,-0.017,0.003,1680,0,0
1028850,2.076,9.254,0.809,-0.034,-0.02,0.002,1680,0,0
1028870,2.114,9.189,0.922,-0.049,-0.046,-0.002,1680,0,0
1029060,1.997,9.321,-0.168,-0.131,-0.069,0.138,1441,0,0
1029081,2.174,9.498,0.345,-0.001,-0.088,0.141,1393,0,0
1029100,2.586,9.349,1.207,-0.183,-0.205,0.184,1338,0,0
1029120,2.54,9.191,0.96,-0.236,-0.24,0.266,1299,0,0
1029140,1.903,9.27,0.474,-0.01,-0.251,0.286,1274,0,0
1029160,2.1,9.431,0.618,-0.023,-0.316,0.239,1236,0,0
1029181,3.036,9.373,1.03,-0.155,-0.383,0.252,1188,0,0
1029200,2.828,9.031,0.972,-0.144,-0.352,0.286,1147,0,0
1029697,2.808,9.009,0.302,-0.068,-0.048,0.005,962,0,0
1029717,2.794,9.115,0.294,-0.055,-0.078,-0.009,966,0,0
1029737,2.885,9.28,0.199,-0.068,-0.075,0.0,970,0,0
1029757,2.909,9.199,0.113,-0.076,-0.02,-0.005,973,0,0
1029777,2.753,9.184,0.218,-0.058,0.002,-0.003,975,0,0
1029797,2.782,9.268,0.247,-0.063,-0.012,0.005,975,0,0
1029817,2.792,9.27,0.311,-0.069,-0.025,0.023,976,0,0
1029837,2.907,9.105,0.22,-0.069,-0.011,0.011,978,0,0
1029989,2.897,9.103,0.244,-0.079,0.026,0.012,986,0,0
1030009,2.859,9.136,0.311,-0.049,0.011,0.009,986,0,0
1030028,2.849,9.242,0.261,-0.034,0.007,0.006,989,0,0
1030048,2.863,9.239,0.306,-0.062,0.002,0.01,990,0,0
1030068,2.909,9.122,0.28,-0.055,0.007,0.006,991,0,0
1030088,2.859,9.131,0.242,-0.055,0.021,-0.005,990,0,0
1030108,2.828,9.175,0.292,-0.061,0.018,-0.002,991,0,0
1030128,2.861,9.184,0.225,-0.059,0.018,0.005,991,0,0
1030148,2.801,9.206,0.294,-0.054,0.016,0.009,991,0,0
1030168,2.897,9.244,0.311,-0.059,0.001,0.01,991,0,0
1030188,2.986,9.163,0.287,-0.067,-0.001,0.015,992,0,0
1030208,2.964,9.108,0.314,-0.067,0.002,0.008,992,0,0
1030228,2.947,9.172,0.278,-0.049,-0.001,0.002,993,0,0
1030248,2.923,9.165,0.263,-0.052,-0.01,0.003,992,0,0
1030268,2.952,9.115,0.206,-0.054,-0.016,0.004,993,0,0
1030289,2.957,9.131,0.213,-0.059,-0.03,0.006,993,0,0
1030308,2.983,9.153,0.136,-0.053,-0.019,0.0,993,0,0
1030328,2.983,9.222,0.081,-0.051,-0.008,-0.001,994,0,0
1030348,2.974,9.177,0.086,-0.07,-0.001,0.0,994,0,0
1030368,3.026,9.146,0.127,-0.07,0.001,0.005,995,0,0
1030388,2.962,9.153,0.199,-0.062,-0.0,0.013,997,0,0
1030409,3.005,9.175,0.16,-0.053,-0.006,0.016,995,0,0
1030428,3.0,9.175,0.084,-0.058,0.002,0.012,997,0,0
1030448,3.017,9.115,0.101,-0.069,0.008,0.004,997,0,0
1030468,2.986,9.1,0.115,-0.064,0.012,-0.003,998,0,0
1030488,3.057,9.091,0.086,-0.077,0.017,-0.007,999,0,0
1030509,2.969,9.163,0.098,-0.07,0.039,-0.003,1001,0,0
1030528,2.976,9.316,0.199,-0.067,0.045,0.002,1000,0,0
1030548,2.959,9.215,0.273,-0.066,0.037,0.018,1001,0,0
1030568,3.026,9.033,0.187,-0.059,0.02,0.01,1001,0,0
1030588,3.124,8.942,0.026,-0.061,0.033,-0.012,1003,0,0
1030609,3.033,8.878,0.036,-0.071,0.047,-0.026,1004,0,0
1030629,2.945,8.978,0.048,-0.086,0.048,-0.039,1001,0,0
1030648,2.964,9.084,-0.01,-0.087,0.039,-0.035,1004,0,0
1030668,3.041,9.12,-0.163,-0.085,0.052,-0.032,1004,0,0
1030688,3.045,9.057,-0.239,-0.074,0.073,-0.038,1005,0,0
1030708,3.215,8.818,-0.448,-0.035,0.098,-0.074,1004,0,0
1030730,3.141,9.28,-0.675,0.036,0.164,-0.108,1005,0,0
1030748,2.974,9.632,-0.68,0.01,0.198,-0.083,1005,0,0
1030768,2.883,9.895,-0.761,-0.048,0.222,-0.034,1005,0,0
1030788,2.667,9.898,-0.826,-0.042,0.265,0.011,1006,0,0
1030875,1.724,9.436,-1.511,0.035,0.662,0.154,1008,0,0
1030887,1.626,9.452,-1.269,-0.008,0.744,0.176,1007,0,0
1030899,1.482,9.503,-0.97,-0.078,0.813,0.201,1007,0,0
1030909,1.295,9.256,-0.687,-0.154,0.86,0.225,1007,0,0
1030923,1.142,8.839,-0.405,-0.163,0.904,0.225,1007,0,0
1030934,1.022,8.626,-0.168,-0.09,0.941,0.207,1007,0,0
1030945,0.962,8.59,0.11,0.015,0.977,0.185,1008,0,0
1030956,0.917,8.701,0.417,0.075,0.993,0.168,1008,0,0
1030968,0.886,8.746,0.711,0.067,0.984,0.151,1008,0,0
1031031,0.316,9.285,0.819,0.419,0.905,-0.087,1008,0,0
1031043,0.364,9.641,0.788,0.463,0.925,-0.058,1008,0,0
1031054,0.469,9.871,0.948,0.429,0.957,-0.011,1009,0,0
1031066,0.529,9.792,1.324,0.339,0.968,0.038,1009,0,0
1031077,0.735,9.538,1.82,0.266,0.955,0.069,1010,0,0
1031088,1.051,9.433,2.227,0.218,0.927,0.09,1012,0,0
1031108,1.429,9.069,2.682,0.138,0.845,0.038,1011,0,0
1031128,1.97,9.227,3.072,0.158,0.731,-0.003,1012,0,0
1031171,3.002,8.882,3.859,-0.049,0.478,0.026,1014,0,0
1031190,3.328,8.729,4.18,-0.044,0.373,-0.041,1015,0,0
1031201,3.543,8.88,4.463,-0.106,0.279,-0.084,1017,0,0
1031212,3.692,9.093,4.697,-0.149,0.198,-0.116,1015,0,0
1031228,4.082,9.227,4.997,-0.375,0.011,-0.101,1016,0,0
1031248,4.645,8.674,4.939,-0.503,-0.184,-0.168,1014,0,0
1031269,4.772,8.361,4.831,-0.457,-0.359,-0.266,1016,0,0
1031288,4.681,8.82,4.803,-0.341,-0.573,-0.353,1017,0,0
1031308,4.697,9.586,4.029,-0.511,-0.845,-0.359,1017,0,0
1031332,5.021,9.618,3.22,-0.665,-1.031,-0.296,1017,0,0
1031348,5.116,9.471,2.914,-0.839,-1.159,-0.255,1017,0,0
1031368,5.442,8.878,2.203,-0.939,-1.275,-0.225,1017,0,0
1031388,5.751,7.963,1.575,-0.823,-1.32,-0.259,1016,0,0
1031408,5.624,7.781,1.331,-0.658,-1.357,-0.351,1018,0,0
1031429,5.435,8.195,0.73,-0.45,-1.439,-0.412,1017,0,0
1031448,5.294,8.78,-0.069,-0.465,-1.447,-0.402,1017,0,0
1031469,4.812,9.629,-0.852,-0.476,-1.444,-0.306,1016,0,0
1031488,4.76,10.156,-1.721,-0.528,-1.352,-0.16,1016,0,0
1031508,4.592,9.357,-2.231,-0.655,-1.222,-0.033,1015,0,0
1031528,4.669,8.262,-2.662,-0.445,-1.068,-0.091,1016,0,0
1031548,4.372,8.571,-2.787,-0.113,-0.884,-0.155,1016,0,0
1031568,3.716,9.859,-3.117,-0.149,-0.708,-0.161,1014,0,0
1031588,2.993,10.994,-3.311,-0.316,-0.536,-0.026,1016,0,0
1031608,2.957,10.558,-3.316,-0.432,-0.4,0.214,1015,0,0
1031628,3.108,9.1,-2.962,-0.399,-0.221,0.19,1015,0,0
1031648,2.708,8.691,-2.634,-0.04,0.005,0.057,1016,0,0
1031668,1.484,10.039,-2.291,0.184,0.087,-0.037,1016,0,0
1031688,1.025,11.262,-2.54,0.082,0.134,0.118,1016,0,0
1031777,-0.792,10.666,-1.654,0.286,0.852,0.234,1018,0,0
1031789,-0.819,10.434,-1.48,0.348,0.959,0.256,1017,0,0
1031800,-0.893,10.228,-1.276,0.289,1.049,0.27,1017,0,0
1031811,-1.077,10.187,-0.97,0.205,1.128,0.301,1018,0,0
1031821,-1.223,10.305,-0.56,0.183,1.194,0.348,1018,0,0
1031833,-1.271,10.384,0.029,0.2,1.27,0.422,1019,0,0
1031847,-1.245,10.235,0.757,0.159,1.322,0.492,1020,0,0
1031858,-1.176,9.91,1.183,0.112,1.349,0.536,1020,0,0
1031930,-0.95,9.201,2.342,0.272,1.498,0.437,1020,0,0
1031942,-0.941,9.208,2.744,0.2,1.51,0.398,1020,0,0
1031954,-0.883,9.232,3.16,0.141,1.494,0.365,1021,0,0
1031965,-0.716,9.304,3.493,0.11,1.465,0.372,1021,0,0
1031977,-0.395,9.369,3.836,0.093,1.447,0.418,1022,0,0
1031988,-0.184,9.361,4.36,0.099,1.434,0.485,1022,0,0
1031999,-0.045,9.196,4.726,0.11,1.407,0.535,1022,0,0
1032009,0.077,8.633,4.93,0.178,1.353,0.531,1022,0,0
1032080,1.441,8.679,5.511,0.448,1.095,0.144,1023,0,0
1032091,1.676,8.602,5.691,0.299,0.953,0.11,1023,0,0
1032102,1.92,8.466,5.748,0.187,0.827,0.098,1023,0,0
1032114,2.274,8.514,5.859,0.154,0.723,0.115,1022,0,0
1032124,2.598,8.382,6.014,0.165,0.648,0.123,1024,0,0
1032136,2.761,8.171,6.22,0.186,0.573,0.075,1024,0,0
1032149,2.962,8.006,6.323,0.218,0.444,-0.018,1023,0,0
1032168,3.388,8.329,6.412,0.205,0.248,-0.131,1023,0,0
1032188,4.015,8.799,6.486,-0.031,-0.019,-0.186,1023,0,0
1032237,4.824,7.889,6.153,-0.325,-0.664,-0.32,1023,0,0
1032248,4.896,7.867,5.839,-0.321,-0.816,-0.395,1022,0,0
1032260,4.925,8.183,5.464,-0.297,-0.956,-0.459,1022,0,0
1032270,4.987,8.576,5.061,-0.362,-1.078,-0.487,1023,0,0
1032288,5.272,8.897,4.575,-0.641,-1.266,-0.468,1023,0,0
1032308,5.581,8.799,4.123,-0.838,-1.433,-0.451,1023,0,0
1032328,5.813,8.622,3.373,-0.966,-1.597,-0.446,1023,0,0
1032349,6.172,7.561,2.547,-0.898,-1.671,-0.479,1023,0,0
1032380,5.976,7.762,1.604,-0.639,-1.727,-0.629,1022,0,0
1032392,5.729,8.253,1.171,-0.637,-1.755,-0.615,1022,0,0
1032408,5.669,8.538,0.4,-0.685,-1.781,-0.544,1022,0,0
1032428,5.523,8.337,-0.318,-0.748,-1.751,-0.464,1022,0,0
1032448,5.25,8.406,-1.106,-0.696,-1.666,-0.46,1022,0,0
1032468,4.721,9.115,-1.776,-0.584,-1.515,-0.444,1020,0,0
1032488,4.226,9.412,-2.279,-0.44,-1.386,-0.434,1018,0,0
1032508,3.91,10.106,-2.899,-0.216,-1.22,-0.367,1017,0,0
1032529,3.622,10.807,-3.364,-0.236,-0.975,-0.256,1018,0,0
1032548,3.247,10.867,-3.407,-0.463,-0.769,-0.127,1016,0,0
1032568,2.842,10.372,-3.335,-0.411,-0.559,-0.062,1018,0,0
1032588,2.083,10.903,-3.148,-0.158,-0.358,-0.022,1018,0,0
1032608,1.595,11.102,-3.029,0.014,-0.156,0.032,1018,0,0
1032628,1.116,11.164,-2.816,0.193,0.075,0.119,1020,0,0
1032648,0.555,10.819,-2.705,0.187,0.241,0.202,1020,0,0
1032669,0.304,9.708,-2.301,0.137,0.415,0.235,1020,0,0
1032688,0.067,9.266,-1.599,0.166,0.649,0.194,1020,0,0
1032708,-0.168,8.684,-0.96,0.634,0.838,0.11,1020,0,0
1032728,-0.218,9.218,-0.136,0.42,0.93,0.126,1021,0,0
1032749,-0.16,8.952,1.288,0.282,1.032,0.191,1021,0,0
1032768,-0.067,8.384,2.866,0.053,0.945,0.216,1022,0,0
1032788,0.323,8.025,3.766,0.146,0.816,0.158,1022,0,0
1032808,0.821,8.088,4.458,0.441,0.756,0.053,1022,0,0
1032828,1.027,8.916,4.946,0.574,0.63,-0.019,1023,0,0
1032848,1.331,9.33,4.724,0.498,0.439,-0.033,1023,0,0
1032868,1.805,9.337,4.243,0.357,0.302,-0.023,1023,0,0
1032888,2.064,9.483,3.946,0.322,0.26,-0.007,1022,0,0
1032908,2.303,9.663,3.656,0.289,0.196,0.018,1023,0,0
1032928,2.514,9.579,3.244,0.165,0.132,0.029,1022,0,0
1032948,2.622,9.562,2.811,0.12,0.092,0.029,1022,0,0
1032969,2.701,9.661,2.48,0.037,0.074,0.032,1024,0,0
1032988,2.763,9.529,2.219,-0.002,0.06,0.067,1022,0,0
1033131,2.966,8.689,0.876,-0.128,-0.003,0.036,1023,0,0
1033151,2.892,8.612,0.9,-0.155,0.01,0.023,1023,0,0
1033171,2.789,8.595,1.022,-0.13,-0.006,0.004,1024,0,0
1033191,2.806,8.708,0.922,-0.09,-0.023,-0.022,1023,0,0
1033210,2.871,8.933,0.948,-0.088,-0.022,-0.03,1024,0,0
1033231,2.899,8.851,1.003,-0.135,-0.019,-0.041,1025,0,0
1033250,2.835,8.863,1.106,-0.136,-0.022,-0.074,1027,0,0
1033271,2.722,9.148,1.233,-0.117,-0.055,-0.07,1024,0,0
1033291,2.799,9.218,1.286,-0.084,-0.105,-0.042,1025,0,0
1033311,2.847,9.225,1.118,-0.022,-0.116,-0.025,1031,0,0
1033330,2.828,9.378,0.941,0.015,-0.091,-0.025,1032,0,0
1033351,2.878,9.404,0.85,-0.006,-0.054,-0.008,1028,0,0
1033371,2.887,9.203,0.972,-0.056,-0.035,0.005,1030,0,0
1033391,2.904,8.978,1.01,-0.057,-0.029,-0.007,1035,0,0
1033411,2.904,9.074,0.958,-0.034,0.0,-0.014,1036,0,0
1033430,2.856,9.143,1.034,-0.069,0.011,-0.001,1036,0,0
1033451,2.84,9.005,1.032,-0.09,0.029,-0.001,1037,0,0
1033471,2.789,9.05,1.092,-0.082,0.04,-0.013,1037,0,0
1033490,2.749,9.086,1.226,-0.098,0.028,-0.012,1037,0,0
1033511,2.763,8.926,1.274,-0.104,0.001,-0.013,1037,0,0
1033530,2.71,8.906,1.18,-0.078,-0.018,-0.018,1039,0,0
1033551,2.705,8.93,1.027,-0.088,-0.022,-0.034,1038,0,0
1033570,2.768,9.0,1.006,-0.071,-0.008,-0.033,1039,0,0
1033591,2.832,9.041,1.068,-0.091,0.004,-0.032,1038,0,0
1033610,2.796,9.024,1.18,-0.101,0.004,-0.039,1039,0,0
1033631,2.725,9.122,1.185,-0.08,-0.009,-0.05,1040,0,0
1033650,2.696,9.27,1.109,-0.056,-0.021,-0.043,1039,0,0
1033671,2.761,9.268,1.061,-0.066,-0.013,-0.029,1040,0,0
1033691,2.746,9.117,1.068,-0.047,0.005,-0.022,1040,0,0
1033711,2.765,9.151,1.075,-0.042,0.007,-0.026,1041,0,0
1033730,2.737,9.093,1.13,-0.058,0.002,-0.017,1040,0,0
1033751,2.725,9.096,1.14,-0.072,-0.006,-0.023,1041,0,0
1033771,2.801,9.084,1.12,-0.067,-0.0,-0.029,1042,0,0
1033791,2.777,9.084,1.14,-0.057,0.012,-0.038,1043,0,0
1033810,2.784,9.1,1.14,-0.057,0.014,-0.04,1044,0,0
1033831,2.804,9.072,1.12,-0.057,0.018,-0.051,1045,0,0
1033851,2.636,9.309,1.223,-0.067,0.015,-0.056,1049,0,0
1033871,2.61,9.237,1.312,-0.079,-0.028,-0.038,1052,0,0
1033891,2.67,9.084,1.288,-0.02,-0.066,-0.039,1057,0,0
1033910,2.693,9.055,1.219,0.027,-0.09,-0.05,1069,0,0
1033931,2.732,9.127,1.094,0.043,-0.081,-0.068,1074,0,0
1033950,2.713,9.222,1.12,0.015,-0.082,-0.1,1087,0,0
1033971,2.751,9.194,1.077,-0.004,-0.055,-0.107,1103,0,0
1033991,2.756,9.175,1.085,-0.003,-0.044,-0.083,1121,0,0
1034011,2.751,9.163,1.08,-0.004,-0.036,-0.075,1141,0,0
1034030,2.595,9.167,1.13,-0.03,-0.034,-0.08,1160,0,0
1034051,2.437,9.287,1.156,-0.059,-0.071,-0.064,1178,0,0
1034071,2.598,9.177,1.051,-0.095,-0.094,-0.061,1199,0,0
1034091,2.741,9.093,1.116,-0.114,-0.081,-0.062,1219,0,0
1034111,2.495,9.093,1.089,-0.139,-0.058,-0.073,1243,0,0
1034131,2.452,9.196,0.998,-0.159,-0.087,-0.072,1277,0,0
1034151,2.512,9.11,0.886,-0.178,-0.092,-0.085,1310,0,0
1034171,1.559,9.325,1.417,-0.228,-0.177,-0.073,1345,0,0
1034191,1.944,9.357,0.962,-0.469,-0.338,-0.029,1409,0,0
1034211,3.718,8.411,0.503,-0.545,-0.108,-0.082,1494,0,0
1034231,3.768,8.092,0.69,-0.33,0.308,-0.225,1573,0,0
1034250,2.042,8.72,0.927,0.105,0.461,-0.284,1633,0,0
1034271,1.468,9.711,0.237,0.176,0.354,-0.184,1698,0,0
1034291,2.67,9.534,0.649,-0.045,0.283,-0.222,1740,0,0
1034311,3.323,8.938,1.733,-0.391,0.367,-0.299,1755,0,0
1034330,2.684,8.643,1.956,-0.435,0.418,-0.317,1770,0,0
1034351,1.494,9.131,0.96,-0.123,0.348,-0.217,1787,0,0
1034371,1.903,9.948,1.018,0.303,0.179,-0.107,1806,0,0
1034391,2.301,10.008,1.731,0.093,0.102,-0.101,1811,0,0
1034410,2.176,9.407,1.453,-0.454,0.163,-0.064,1817,0,0
1034431,1.882,9.134,1.061,-0.233,0.155,-0.032,1822,0,0
1034450,1.858,9.38,1.302,0.141,0.096,-0.016,1831,0,0
1034470,2.172,9.443,1.604,-0.037,0.035,-0.017,1838,0,0
1034490,2.399,9.155,1.542,-0.216,0.063,-0.014,1840,0,0
1034511,2.308,8.902,1.42,-0.06,0.094,-0.038,1840,0,0
1034530,2.028,9.103,1.336,0.024,0.139,-0.05,1840,0,0
1034551,1.963,9.325,1.439,-0.041,0.098,-0.022,1840,0,0
1034570,2.093,9.225,1.516,-0.122,0.063,-0.001,1839,0,0
1034591,2.193,8.976,1.518,-0.173,0.067,-0.009,1839,0,0
1034611,2.124,8.93,1.496,-0.083,0.094,-0.05,1837,0,0
1034631,2.009,9.103,1.511,-0.007,0.108,-0.074,1832,0,0
1034651,1.915,9.258,1.566,-0.033,0.09,-0.065,1826,0,0
1034671,1.918,9.28,1.635,-0.099,0.047,-0.039,1822,0,0
1034690,2.011,9.151,1.693,-0.111,0.013,-0.041,1813,0,0
1034711,2.025,9.206,1.697,-0.077,0.01,-0.052,1811,0,0
1034731,1.937,9.268,1.621,-0.038,0.001,-0.043,1809,0,0
1034751,1.949,9.364,1.64,-0.027,-0.019,-0.006,1809,0,0
1034770,2.009,9.395,1.614,-0.041,-0.025,0.011,1809,0,0
1034790,2.028,9.321,1.638,-0.056,-0.021,0.007,1808,0,0
1034811,1.944,9.364,1.537,-0.055,-0.036,0.01,1806,0,0
1034831,2.033,9.323,1.508,-0.054,-0.049,0.027,1803,0,0
1034851,2.102,9.292,1.561,-0.061,-0.036,0.047,1801,0,0
1034871,2.076,9.194,1.518,-0.044,-0.03,0.043,1799,0,0
1034891,2.002,9.182,1.484,-0.021,-0.037,0.03,1798,0,0
1034911,2.059,9.194,1.427,-0.033,-0.047,0.025,1794,0,0
1034931,2.078,9.208,1.329,-0.041,-0.038,0.028,1793,0,0
1034951,2.059,9.225,1.377,-0.044,-0.031,0.035,1791,0,0
1034970,2.035,9.194,1.413,-0.045,-0.033,0.041,1789,0,0
1034991,2.066,9.12,1.346,-0.044,-0.038,0.042,1787,0,0
1035011,2.069,9.105,1.267,-0.036,-0.035,0.033,1787,0,0
1035031,2.006,9.141,1.276,-0.046,-0.021,0.021,1786,0,0
1035050,2.016,9.187,1.271,-0.033,-0.011,0.022,1786,0,0
1035071,2.016,9.246,1.35,-0.017,0.013,0.03,1783,0,0
1035090,2.03,9.16,1.463,-0.051,0.014,0.031,1781,0,0
1035111,2.045,9.029,1.487,-0.063,0.004,0.025,1776,0,0
1035131,2.088,9.014,1.465,-0.039,-0.009,0.014,1775,0,0
1035151,2.157,9.06,1.41,-0.027,-0.009,0.014,1773,0,0
1035171,2.119,9.088,1.47,-0.047,-0.01,0.003,1774,0,0
1035190,2.09,9.127,1.437,-0.045,-0.015,-0.006,1773,0,0
1035211,2.107,9.165,1.422,-0.031,-0.015,-0.005,1770,0,0
1035230,2.093,9.187,1.405,-0.034,-0.017,-0.003,1768,0,0
1035250,2.102,9.167,1.422,-0.053,-0.027,-0.01,1766,0,0
1035271,2.15,9.143,1.434,-0.061,-0.035,-0.014,1765,0,0
1035291,2.136,9.201,1.341,-0.026,-0.033,-0.018,1763,0,0
1035310,2.162,9.251,1.238,-0.027,-0.024,-0.015,1761,0,0
1035331,2.145,9.258,1.276,-0.048,-0.014,-0.007,1762,0,0
1035351,2.124,9.254,1.312,-0.057,-0.017,-0.007,1759,0,0
1035370,2.169,9.301,1.302,-0.055,-0.012,-0.002,1755,0,0
1035391,2.188,9.287,1.31,-0.051,-0.01,0.003,1750,0,0
1035410,2.205,9.218,1.36,-0.054,-0.011,0.007,1747,0,0
1035431,2.215,9.242,1.36,-0.062,-0.02,0.007,1747,0,0
1035450,2.205,9.167,1.377,-0.068,-0.031,0.006,1746,0,0
1035471,2.284,9.187,1.269,-0.051,-0.036,0.01,1746,0,0
1035491,2.27,9.244,1.235,-0.024,-0.021,0.012,1748,0,0
1035511,2.186,9.251,1.281,-0.047,-0.01,0.011,1747,0,0
1035530,2.109,9.227,1.286,-0.056,-0.025,0.01,1747,0,0
1035550,2.157,9.242,1.176,-0.03,-0.036,0.016,1747,0,0
1035571,2.222,9.242,1.053,-0.038,-0.021,0.021,1746,0,0
1035590,2.255,9.165,1.094,-0.061,-0.001,0.017,1747,0,0
1035611,2.255,9.158,1.209,-0.057,0.015,0.008,1748,0,0
1035631,2.181,9.155,1.245,-0.053,0.018,0.007,1746,0,0
1035650,2.212,9.194,1.257,-0.046,0.017,0.006,1747,0,0
1035671,2.195,9.196,1.307,-0.065,0.021,0.006,1745,0,0
1035691,2.155,9.163,1.334,-0.059,0.019,0.005,1745,0,0
1035711,2.143,9.155,1.317,-0.045,0.004,0.003,1744,0,0
1035731,2.21,9.136,1.228,-0.068,0.007,-0.003,1743,0,0
