685013,6.8,7.068,-0.431,-0.087,0.008,-0.008,1741,0,0
685033,6.812,7.101,-0.467,-0.052,0.005,-0.016,1741,0,0
685052,6.835,7.204,-0.5,-0.042,0.011,-0.01,1742,0,0
685072,6.871,7.199,-0.527,-0.073,0.02,-0.006,1742,0,0
685092,6.831,7.166,-0.457,-0.063,0.027,-0.009,1742,0,0
685113,6.766,7.24,-0.34,-0.041,0.031,-0.006,1741,0,0
685132,6.759,7.233,-0.244,-0.041,0.023,0.005,1741,0,0
685153,6.855,7.178,-0.218,-0.037,0.012,0.015,1742,0,0
685172,6.871,7.104,-0.259,-0.038,0.007,0.011,1741,0,0
685192,6.828,7.094,-0.357,-0.055,0.008,0.009,1742,0,0
685212,6.857,7.061,-0.335,-0.066,0.004,0.003,1740,0,0
685232,6.871,7.07,-0.304,-0.055,0.008,0.001,1744,0,0
685252,6.831,7.137,-0.278,-0.049,0.009,-0.001,1743,0,0
685273,6.814,7.154,-0.304,-0.06,-0.003,-0.0,1742,0,0
685292,6.788,7.137,-0.388,-0.078,-0.001,0.003,1742,0,0
685312,6.749,7.08,-0.412,-0.076,0.007,0.003,1743,0,0
685333,6.776,7.022,-0.409,-0.075,0.013,0.001,1741,0,0
685352,6.79,6.97,-0.378,-0.075,0.009,-0.005,1742,0,0
685373,6.785,6.986,-0.371,-0.067,-0.001,-0.014,1742,0,0
685392,6.802,6.962,-0.431,-0.072,-0.001,-0.019,1741,0,0
685413,6.816,6.984,-0.493,-0.072,0.006,-0.023,1742,0,0
685432,6.725,7.005,-0.46,-0.07,0.008,-0.029,1741,0,0
685452,6.737,7.08,-0.505,-0.054,0.004,-0.03,1743,0,0
685472,6.768,7.068,-0.512,-0.059,0.012,-0.03,1743,0,0
685492,6.845,7.039,-0.508,-0.067,0.025,-0.035,1742,0,0
685513,6.826,7.099,-0.424,-0.064,0.033,-0.036,1741,0,0
685532,6.783,7.142,-0.326,-0.075,0.031,-0.036,1742,0,0
685552,6.833,7.101,-0.235,-0.073,0.018,-0.039,1742,0,0
685573,6.812,7.159,-0.297,-0.05,0.012,-0.046,1742,0,0
685593,6.785,7.228,-0.397,-0.048,0.004,-0.043,1741,0,0
685613,6.788,7.142,-0.431,-0.051,0.01,-0.044,1742,0,0
685632,6.737,7.329,-0.488,-0.009,0.025,-0.04,1741,0,0
685652,6.711,7.293,-0.419,-0.064,0.022,-0.022,1741,0,0
685673,6.802,7.159,-0.441,-0.081,0.017,-0.023,1741,0,0
685692,6.8,7.187,-0.433,-0.03,0.023,-0.032,1741,0,0
685713,6.754,7.257,-0.426,-0.044,0.026,-0.03,1741,0,0
685732,6.761,7.199,-0.438,-0.044,0.033,-0.027,1742,0,0
685753,6.828,7.219,-0.421,-0.037,0.034,-0.022,1741,0,0
685772,6.776,7.238,-0.275,-0.073,0.038,-0.021,1742,0,0
685792,6.764,7.247,-0.266,-0.079,0.024,-0.018,1742,0,0
685812,6.768,7.214,-0.309,-0.064,0.019,-0.015,1742,0,0
685832,6.816,7.278,-0.314,-0.042,0.021,-0.013,1742,0,0
685852,6.759,7.271,-0.261,-0.051,0.02,-0.006,1743,0,0
685872,6.759,7.238,-0.275,-0.073,0.004,-0.004,1742,0,0
685892,6.8,7.159,-0.34,-0.062,0.005,-0.004,1742,0,0
685912,6.73,7.163,-0.314,-0.057,-0.0,-0.006,1742,0,0
685932,6.699,7.151,-0.357,-0.046,-0.007,-0.015,1743,0,0
685952,6.74,7.204,-0.453,-0.041,-0.004,-0.017,1742,0,0
685972,6.804,7.233,-0.496,-0.059,0.004,-0.012,1742,0,0
685992,6.783,7.202,-0.45,-0.074,0.017,-0.01,1740,0,0
686012,6.709,7.192,-0.364,-0.07,0.017,-0.011,1741,0,0
686032,6.627,7.192,-0.402,-0.056,0.011,-0.006,1741,0,0
686052,6.689,7.18,-0.45,-0.056,0.011,-0.001,1742,0,0
686072,6.785,7.178,-0.534,-0.071,0.023,-0.0,1742,0,0
686092,6.766,7.111,-0.467,-0.084,0.039,0.001,1742,0,0
686112,6.744,7.089,-0.223,-0.064,0.035,-0.007,1741,0,0
686133,6.716,7.173,-0.177,-0.039,0.005,-0.013,1742,0,0
686153,6.749,7.211,-0.299,-0.029,-0.011,-0.013,1741,0,0
686172,6.8,7.214,-0.393,-0.052,-0.006,-0.007,1743,0,0
686192,6.819,7.163,-0.385,-0.059,-0.001,-0.006,1742,0,0
686212,6.821,7.197,-0.4,-0.058,-0.001,-0.007,1742,0,0
686233,6.773,7.166,-0.388,-0.072,-0.003,-0.008,1742,0,0
686253,6.749,7.161,-0.414,-0.057,-0.002,-0.011,1742,0,0
686272,6.692,7.211,-0.45,-0.044,-0.006,-0.01,1742,0,0
686292,6.754,7.211,-0.577,-0.065,-0.005,-0.002,1742,0,0
686312,6.744,7.132,-0.575,-0.086,0.018,-0.009,1741,0,0
686333,6.728,7.151,-0.402,-0.059,0.027,-0.016,1741,0,0
686353,6.711,7.195,-0.354,-0.058,0.018,-0.012,1742,0,0
686372,6.776,7.178,-0.4,-0.068,0.009,-0.018,1742,0,0
686392,6.795,7.245,-0.467,-0.046,0.015,-0.017,1742,0,0
686413,6.768,7.257,-0.51,-0.058,0.025,-0.013,1743,0,0
686433,6.716,7.235,-0.381,-0.051,0.035,-0.014,1740,0,0
686452,6.68,7.319,-0.311,-0.019,0.019,-0.005,1742,0,0
686472,6.685,7.245,-0.362,-0.041,0.005,0.003,1741,0,0
686492,6.783,7.185,-0.536,-0.047,0.004,0.002,1742,0,0
686512,6.819,7.18,-0.57,-0.062,0.028,0.006,1742,0,0
686533,6.737,7.113,-0.429,-0.064,0.043,0.007,1740,0,0
686552,6.711,7.116,-0.354,-0.06,0.04,0.003,1743,0,0
686573,6.737,7.068,-0.287,-0.08,0.023,-0.009,1741,0,0
686592,6.788,7.084,-0.29,-0.062,0.016,-0.021,1742,0,0
686612,6.725,7.185,-0.354,-0.03,0.009,-0.023,1743,0,0
686633,6.728,7.24,-0.433,-0.035,0.005,-0.015,1742,0,0
686652,6.735,7.221,-0.51,-0.059,0.011,-0.006,1742,0,0
686672,6.716,7.173,-0.517,-0.064,0.02,-0.01,1742,0,0
686693,6.735,7.18,-0.445,-0.057,0.028,-0.014,1743,0,0
686713,6.685,7.223,-0.417,-0.035,0.023,-0.011,1742,0,0
686732,6.768,7.262,-0.381,-0.042,0.021,-0.003,1742,0,0
686752,6.8,7.151,-0.381,-0.072,0.023,-0.003,1742,0,0
686772,6.766,7.14,-0.326,-0.066,0.017,-0.011,1742,0,0
686792,6.749,7.199,-0.362,-0.055,0.011,-0.019,1742,0,0
686812,6.79,7.281,-0.421,-0.061,0.014,-0.013,1742,0,0
686832,6.761,7.302,-0.342,-0.057,0.02,-0.01,1742,0,0
686852,6.742,7.345,-0.335,-0.051,0.015,-0.003,1742,0,0
686873,6.742,7.329,-0.326,-0.07,0.006,0.007,1743,0,0
686892,6.742,7.207,-0.407,-0.092,0.002,0.01,1742,0,0
686912,6.73,7.178,-0.45,-0.062,0.008,0.002,1742,0,0
686933,6.704,7.216,-0.527,-0.049,0.016,0.0,1743,0,0
686953,6.721,7.24,-0.498,-0.075,0.026,0.006,1742,0,0
686972,6.752,7.195,-0.421,-0.077,0.026,0.007,1742,0,0
686993,6.749,7.161,-0.381,-0.057,0.022,0.005,1741,0,0
687013,6.74,7.209,-0.438,-0.052,0.022,0.005,1741,0,0
687032,6.759,7.228,-0.488,-0.065,0.023,0.01,1742,0,0
687053,6.788,7.199,-0.476,-0.06,0.029,0.015,1742,0,0
687073,6.747,7.147,-0.397,-0.049,0.026,0.014,1741,0,0
687092,6.752,7.159,-0.433,-0.048,0.019,0.013,1742,0,0
687112,6.756,7.149,-0.484,-0.052,0.025,0.014,1742,0,0
687132,6.768,7.123,-0.565,-0.051,0.039,0.013,1742,0,0
687153,6.773,7.125,-0.472,-0.058,0.052,0.012,1741,0,0
687172,6.718,7.113,-0.364,-0.063,0.048,0.008,1742,0,0
687192,6.701,7.094,-0.297,-0.055,0.032,0.0,1742,0,0
687212,6.737,7.07,-0.383,-0.031,0.021,-0.001,1742,0,0
687232,6.855,7.065,-0.46,-0.03,0.027,-0.004,1742,0,0
687253,6.91,7.053,-0.393,-0.039,0.043,-0.013,1739,0,0
687272,6.871,7.154,-0.268,-0.039,0.044,-0.019,1741,0,0
687292,6.785,7.245,-0.136,-0.055,0.029,-0.013,1742,0,0
687312,6.797,7.238,-0.177,-0.068,0.02,-0.003,1742,0,0
687333,6.809,7.247,-0.232,-0.056,0.018,-0.002,1742,0,0
687352,6.783,7.252,-0.251,-0.059,0.022,0.003,1742,0,0
687372,6.732,7.245,-0.206,-0.08,0.022,0.01,1742,0,0
687392,6.744,7.163,-0.184,-0.08,0.013,0.018,1743,0,0
687413,6.759,7.058,-0.156,-0.078,0.002,0.013,1743,0,0
687432,6.732,7.039,-0.156,-0.07,-0.005,-0.001,1742,0,0
687453,6.744,7.104,-0.275,-0.055,-0.016,-0.004,1742,0,0
687472,6.732,7.113,-0.381,-0.071,-0.018,0.0,1743,0,0
687493,6.759,7.051,-0.441,-0.096,-0.01,0.001,1742,0,0
687512,6.78,7.017,-0.455,-0.094,-0.001,-0.008,1742,0,0
687533,6.759,7.032,-0.405,-0.071,-0.003,-0.018,1742,0,0
687552,6.711,7.068,-0.433,-0.064,-0.017,-0.02,1742,0,0
687573,6.771,7.077,-0.553,-0.071,-0.015,-0.023,1742,0,0
687593,6.79,7.089,-0.618,-0.058,-0.004,-0.026,1742,0,0
687612,6.826,7.166,-0.678,-0.048,0.011,-0.029,1742,0,0
687633,6.85,7.238,-0.606,-0.066,0.027,-0.023,1742,0,0
687653,6.843,7.24,-0.484,-0.078,0.03,-0.019,1742,0,0
687672,6.804,7.214,-0.381,-0.057,0.02,-0.016,1742,0,0
687693,6.804,7.209,-0.414,-0.032,0.012,-0.019,1742,0,0
687713,6.766,7.29,-0.46,-0.022,0.013,-0.014,1743,0,0
687733,6.802,7.321,-0.543,-0.045,0.019,-0.003,1742,0,0
687752,6.838,7.18,-0.5,-0.076,0.033,-0.001,1743,0,0
687773,6.797,7.192,-0.419,-0.048,0.036,-0.004,1741,0,0
687792,6.756,7.276,-0.369,-0.045,0.049,0.001,1743,0,0
687812,6.706,7.204,-0.251,-0.078,0.046,0.007,1743,0,0
687832,6.749,7.151,-0.22,-0.061,0.029,-0.001,1742,0,0
687852,6.79,7.173,-0.204,-0.034,0.022,-0.003,1743,0,0
687872,6.8,7.23,-0.28,-0.047,0.018,0.004,1742,0,0
687892,6.797,7.185,-0.249,-0.069,0.019,0.01,1743,0,0
687912,6.764,7.166,-0.223,-0.069,0.023,0.008,1742,0,0
687933,6.74,7.168,-0.273,-0.071,0.018,0.012,1742,0,0
687952,6.756,7.13,-0.254,-0.091,0.015,0.018,1742,0,0
687972,6.749,7.029,-0.254,-0.096,0.013,0.013,1742,0,0
687992,6.747,7.022,-0.227,-0.056,0.002,0.002,1743,0,0
688012,6.766,7.068,-0.318,-0.053,-0.008,-0.0,1741,0,0
688032,6.804,7.056,-0.421,-0.089,-0.003,-0.004,1742,0,0
688053,6.845,7.025,-0.486,-0.091,0.013,-0.009,1742,0,0
688072,6.814,7.065,-0.378,-0.073,0.018,-0.014,1742,0,0
688092,6.833,7.104,-0.266,-0.084,0.004,-0.018,1742,0,0
688112,6.833,7.087,-0.309,-0.083,-0.006,-0.027,1743,0,0
688133,6.78,7.159,-0.421,-0.051,-0.012,-0.035,1742,0,0
688152,6.788,7.298,-0.512,-0.036,-0.009,-0.031,1743,0,0
688172,6.79,7.379,-0.589,-0.05,0.002,-0.014,1743,0,0
688193,6.809,7.319,-0.567,-0.064,0.019,-0.003,1742,0,0
688213,6.864,7.25,-0.464,-0.066,0.034,0.001,1742,0,0
688232,6.857,7.254,-0.28,-0.051,0.03,0.001,1742,0,0
688252,6.821,7.309,-0.244,-0.038,0.014,0.002,1742,0,0
688272,6.816,7.3,-0.306,-0.044,0.009,0.015,1742,0,0
688292,6.797,7.24,-0.357,-0.066,0.017,0.025,1743,0,0
688313,6.802,7.14,-0.371,-0.069,0.022,0.027,1743,0,0
688332,6.792,7.092,-0.294,-0.066,0.019,0.024,1743,0,0
688353,6.766,7.077,-0.283,-0.075,0.013,0.022,1742,0,0
688372,6.79,7.005,-0.306,-0.077,0.011,0.017,1742,0,0
688392,6.747,6.931,-0.278,-0.078,0.015,0.01,1743,0,0
688412,6.723,6.895,-0.323,-0.079,0.008,-0.001,1743,0,0
688432,6.725,6.922,-0.314,-0.085,0.007,-0.013,1743,0,0
688452,6.711,6.95,-0.354,-0.075,0.008,-0.026,1743,0,0
688472,6.778,7.044,-0.369,-0.059,0.01,-0.031,1743,0,0
688492,6.804,7.046,-0.294,-0.08,0.011,-0.029,1743,0,0
688513,6.833,7.029,-0.297,-0.079,0.003,-0.032,1743,0,0
688532,6.819,7.092,-0.309,-0.07,-0.002,-0.038,1743,0,0
688553,6.778,7.156,-0.364,-0.068,-0.004,-0.042,1742,0,0
688572,6.764,7.209,-0.385,-0.047,0.002,-0.034,1742,0,0
688592,6.821,7.211,-0.397,-0.059,-0.002,-0.028,1741,0,0
688613,6.823,7.178,-0.421,-0.075,0.005,-0.024,1742,0,0
688632,6.761,7.183,-0.445,-0.078,0.011,-0.023,1742,0,0
688652,6.694,7.142,-0.376,-0.064,0.015,-0.026,1741,0,0
688672,6.735,7.166,-0.373,-0.049,0.01,-0.026,1743,0,0
688693,6.778,7.187,-0.39,-0.059,0.01,-0.02,1743,0,0
688712,6.8,7.132,-0.405,-0.076,0.014,-0.019,1743,0,0
688732,6.8,7.106,-0.414,-0.076,0.02,-0.023,1743,0,0
688753,6.737,7.118,-0.35,-0.079,0.027,-0.031,1744,0,0
688772,6.689,7.18,-0.266,-0.052,0.017,-0.033,1743,0,0
688792,6.73,7.281,-0.292,-0.046,0.006,-0.021,1743,0,0
688813,6.766,7.19,-0.333,-0.077,0.007,-0.016,1742,0,0
688832,6.812,7.128,-0.338,-0.074,0.01,-0.025,1743,0,0
688852,6.783,7.156,-0.285,-0.038,0.003,-0.033,1743,0,0
688872,6.771,7.25,-0.352,-0.04,-0.008,-0.032,1743,0,0
688893,6.771,7.257,-0.429,-0.056,-0.004,-0.027,1743,0,0
688912,6.764,7.271,-0.488,-0.068,0.011,-0.022,1743,0,0
688932,6.725,7.293,-0.405,-0.064,0.025,-0.018,1743,0,0
688952,6.721,7.293,-0.338,-0.074,0.025,-0.009,1742,0,0
688972,6.735,7.195,-0.287,-0.088,0.023,-0.003,1743,0,0
688992,6.764,7.094,-0.242,-0.085,0.015,-0.01,1743,0,0
689013,6.797,7.111,-0.22,-0.051,0.013,-0.021,1742,0,0
689032,6.723,7.168,-0.211,-0.049,0.004,-0.023,1743,0,0
689052,6.713,7.23,-0.287,-0.059,-0.014,-0.022,1743,0,0
689072,6.692,7.202,-0.362,-0.071,-0.014,-0.025,1743,0,0
689093,6.742,7.219,-0.426,-0.051,-0.005,-0.029,1743,0,0
689112,6.783,7.281,-0.426,-0.06,0.013,-0.022,1743,0,0
689132,6.778,7.262,-0.33,-0.086,0.023,-0.014,1743,0,0
689152,6.73,7.211,-0.254,-0.078,0.012,-0.013,1743,0,0
689172,6.737,7.245,-0.297,-0.065,-0.001,-0.017,1743,0,0
689192,6.78,7.281,-0.316,-0.075,0.001,-0.014,1743,0,0
689212,6.718,7.266,-0.371,-0.069,0.008,-0.01,1743,0,0
689232,6.725,7.293,-0.33,-0.058,0.011,0.0,1743,0,0
689252,6.689,7.245,-0.266,-0.085,0.003,0.003,1743,0,0
689272,6.749,7.137,-0.271,-0.076,-0.008,-0.004,1743,0,0
689292,6.747,7.149,-0.385,-0.058,-0.008,-0.015,1743,0,0
689313,6.756,7.23,-0.436,-0.053,-0.003,-0.022,1743,0,0
689333,6.706,7.288,-0.45,-0.064,0.006,-0.012,1742,0,0
689352,6.689,7.288,-0.335,-0.07,0.008,-0.005,1743,0,0
689372,6.725,7.288,-0.28,-0.055,0.0,-0.003,1743,0,0
689392,6.723,7.341,-0.299,-0.039,-0.016,-0.001,1743,0,0
689412,6.704,7.309,-0.421,-0.048,-0.017,0.008,1743,0,0
689432,6.685,7.228,-0.527,-0.051,-0.006,0.012,1743,0,0
689452,6.742,7.178,-0.622,-0.045,0.009,0.013,1742,0,0
689473,6.744,7.101,-0.515,-0.074,0.026,0.008,1742,0,0
689492,6.747,7.041,-0.443,-0.07,0.026,-0.0,1741,0,0
689513,6.723,7.12,-0.347,-0.031,0.024,-0.009,1742,0,0
689532,6.718,7.207,-0.304,-0.041,0.019,-0.007,1742,0,0
689553,6.742,7.202,-0.352,-0.072,0.014,0.003,1742,0,0
689572,6.742,7.123,-0.402,-0.075,0.015,0.0,1742,0,0
689592,6.74,7.096,-0.381,-0.061,0.025,-0.008,1742,0,0
689613,6.675,7.142,-0.28,-0.063,0.025,-0.013,1741,0,0
689632,6.68,7.183,-0.249,-0.069,0.011,-0.014,1743,0,0
689652,6.687,7.192,-0.283,-0.056,0.007,-0.013,1743,0,0
689672,6.68,7.178,-0.357,-0.055,0.007,-0.013,1742,0,0
689692,6.649,7.185,-0.436,-0.073,0.014,-0.014,1742,0,0
689713,6.706,7.151,-0.366,-0.078,0.024,-0.013,1744,0,0
689732,6.737,7.106,-0.244,-0.063,0.018,-0.02,1742,0,0
689752,6.776,7.116,-0.206,-0.055,0.002,-0.029,1742,0,0
689772,6.766,7.18,-0.287,-0.051,-0.007,-0.033,1742,0,0
689792,6.718,7.247,-0.35,-0.054,-0.004,-0.03,1743,0,0
689812,6.675,7.333,-0.426,-0.065,0.003,-0.018,1742,0,0
689832,6.711,7.276,-0.464,-0.089,0.01,-0.007,1742,0,0
689852,6.704,7.187,-0.417,-0.088,0.018,-0.008,1742,0,0
689872,6.721,7.175,-0.345,-0.064,0.017,-0.014,1742,0,0
689892,6.704,7.226,-0.29,-0.054,0.007,-0.015,1743,0,0
689913,6.716,7.254,-0.376,-0.057,-0.004,-0.013,1742,0,0
689932,6.747,7.247,-0.469,-0.076,0.002,-0.012,1741,0,0
689952,6.744,7.183,-0.467,-0.078,0.013,-0.015,1742,0,0
689972,6.721,7.23,-0.426,-0.06,0.02,-0.013,1743,0,0
689992,6.685,7.228,-0.395,-0.065,0.014,-0.013,1743,0,0
690012,6.692,7.207,-0.395,-0.056,0.014,-0.011,1742,0,0
690033,6.689,7.252,-0.371,-0.049,0.011,-0.013,1743,0,0
690052,6.673,7.264,-0.433,-0.054,0.008,-0.015,1742,0,0
690073,6.697,7.29,-0.527,-0.059,0.016,-0.008,1743,0,0
690092,6.665,7.259,-0.51,-0.068,0.035,-0.002,1742,0,0
690113,6.653,7.233,-0.383,-0.056,0.049,-0.001,1743,0,0
690132,6.613,7.247,-0.208,-0.053,0.039,-0.001,1742,0,0
690152,6.742,7.204,-0.218,-0.062,0.02,0.005,1742,0,0
690172,6.78,7.13,-0.35,-0.063,0.019,0.001,1742,0,0
690192,6.768,7.137,-0.347,-0.07,0.033,-0.006,1743,0,0
690212,6.68,7.19,-0.151,-0.071,0.034,-0.01,1743,0,0
690233,6.68,7.216,-0.122,-0.058,0.015,-0.008,1740,0,0
690253,6.73,7.197,-0.204,-0.071,0.003,-0.01,1743,0,0
690272,6.756,7.207,-0.273,-0.068,0.0,-0.016,1742,0,0
690292,6.732,7.269,-0.273,-0.06,0.006,-0.013,1743,0,0
690312,6.63,7.295,-0.23,-0.071,0.001,-0.006,1742,0,0
690333,6.689,7.235,-0.314,-0.081,-0.014,-0.006,1742,0,0
690353,6.79,7.175,-0.407,-0.072,-0.007,-0.015,1742,0,0
690372,6.812,7.257,-0.441,-0.044,0.001,-0.018,1742,0,0
690392,6.766,7.355,-0.35,-0.053,0.007,-0.01,1742,0,0
690413,6.697,7.341,-0.268,-0.068,-0.001,-0.002,1743,0,0
690433,6.697,7.355,-0.39,-0.048,-0.007,0.005,1741,0,0
690453,6.701,7.309,-0.469,-0.054,-0.003,0.014,1743,0,0
690473,6.668,7.195,-0.498,-0.072,0.005,0.02,1743,0,0
690492,6.697,7.039,-0.438,-0.059,0.008,0.013,1742,0,0
690513,6.706,7.027,-0.402,-0.039,0.009,0.002,1742,0,0
690532,6.694,7.053,-0.448,-0.044,0.001,-0.008,1743,0,0
690553,6.711,7.082,-0.508,-0.038,-0.0,-0.017,1743,0,0
690572,6.728,7.14,-0.503,-0.028,0.011,-0.025,1743,0,0
690592,6.764,7.286,-0.469,-0.026,0.019,-0.023,1743,0,0
690612,6.792,7.288,-0.393,-0.067,0.026,-0.016,1743,0,0
690633,6.761,7.293,-0.352,-0.066,0.029,-0.018,1743,0,0
690652,6.728,7.398,-0.283,-0.066,0.024,-0.017,1743,0,0
690673,6.756,7.472,-0.373,-0.101,0.026,-0.007,1742,0,0
690692,6.725,7.424,-0.364,-0.105,0.031,0.004,1743,0,0
690712,6.74,7.42,-0.433,-0.09,0.037,0.01,1742,0,0
690732,6.776,7.365,-0.381,-0.111,0.046,0.018,1742,0,0
690752,6.685,7.247,-0.237,-0.097,0.033,0.019,1743,0,0
690773,6.697,7.221,-0.294,-0.044,0.013,0.014,1743,0,0
690792,6.735,7.29,-0.424,-0.043,0.015,0.014,1743,0,0
690812,6.682,7.262,-0.498,-0.088,0.041,0.031,1743,0,0
690832,6.723,7.005,-0.467,-0.111,0.047,0.042,1743,0,0
690852,6.74,6.764,-0.388,-0.098,0.046,0.023,1742,0,0
690872,6.754,6.797,-0.426,-0.07,0.041,-0.026,1742,0,0
690892,6.706,7.075,-0.426,-0.042,0.042,-0.048,1742,0,0
690912,6.697,7.266,-0.462,-0.057,0.054,-0.027,1743,0,0
690932,6.639,7.185,-0.4,-0.077,0.065,-0.014,1742,0,0
690953,6.637,7.104,-0.33,-0.082,0.068,-0.014,1742,0,0
690972,6.634,7.061,-0.22,-0.068,0.064,-0.027,1742,0,0
690993,6.687,7.072,-0.306,-0.078,0.063,-0.035,1743,0,0
691012,6.778,7.068,-0.347,-0.078,0.076,-0.032,1742,0,0
691032,6.701,7.099,-0.17,-0.078,0.088,-0.036,1742,0,0
691053,6.658,7.226,-0.002,-0.062,0.082,-0.04,1741,0,0
691073,6.694,7.312,0.045,-0.086,0.068,-0.03,1742,0,0
691092,6.706,7.25,0.041,-0.099,0.057,-0.015,1743,0,0
691113,6.709,7.147,-0.007,-0.069,0.042,-0.01,1742,0,0
691132,6.687,7.13,-0.098,-0.049,0.034,-0.017,1742,0,0
691152,6.704,7.128,-0.122,-0.084,0.035,-0.022,1742,0,0
691172,6.711,7.13,-0.103,-0.077,0.035,-0.025,1743,0,0
691192,6.682,7.183,-0.074,-0.039,0.027,-0.029,1742,0,0
691212,6.701,7.238,-0.127,-0.062,0.021,-0.03,1742,0,0
691232,6.692,7.24,-0.208,-0.08,0.021,-0.031,1742,0,0
691252,6.649,7.24,-0.187,-0.064,0.02,-0.037,1743,0,0
691273,6.653,7.3,-0.23,-0.047,0.024,-0.038,1741,0,0
691292,6.67,7.389,-0.28,-0.068,0.025,-0.036,1741,0,0
691313,6.618,7.422,-0.263,-0.085,0.035,-0.023,1743,0,0
691333,6.529,7.343,-0.287,-0.078,0.04,-0.016,1742,0,0
691353,6.536,7.262,-0.326,-0.073,0.042,-0.02,1742,0,0
691372,6.519,7.204,-0.378,-0.064,0.043,-0.022,1742,0,0
691392,6.565,7.137,-0.453,-0.051,0.043,-0.026,1742,0,0
691412,6.574,7.144,-0.429,-0.037,0.055,-0.032,1743,0,0
691432,6.567,7.168,-0.426,-0.044,0.064,-0.035,1742,0,0
691453,6.56,7.087,-0.419,-0.036,0.071,-0.037,1742,0,0
691472,6.541,7.027,-0.438,-0.009,0.076,-0.049,1742,0,0
691492,6.574,7.082,-0.498,0.012,0.091,-0.062,1743,0,0
691512,6.517,7.168,-0.467,-0.002,0.105,-0.068,1743,0,0
691532,6.483,7.187,-0.457,0.004,0.119,-0.063,1744,0,0
691552,6.479,7.125,-0.45,-0.029,0.14,-0.063,1743,0,0
691573,6.443,7.029,-0.445,-0.049,0.166,-0.069,1743,0,0
691592,6.404,7.032,-0.651,-0.033,0.164,-0.078,1743,0,0
691612,6.555,7.029,-0.771,-0.066,0.175,-0.079,1743,0,0
691632,6.5,6.974,-0.675,-0.07,0.207,-0.111,1743,0,0
691652,6.347,7.242,-0.589,0.056,0.205,-0.145,1743,0,0
691672,6.258,7.652,-0.816,0.106,0.195,-0.143,1743,0,0
691693,6.297,7.642,-1.111,0.121,0.233,-0.142,1743,0,0
691712,6.206,7.834,-1.324,0.192,0.281,-0.111,1743,0,0
691732,6.122,7.774,-1.53,0.111,0.314,-0.074,1743,0,0
691753,6.246,7.59,-1.767,0.058,0.37,-0.076,1743,0,0
691772,6.258,7.628,-1.822,0.11,0.462,-0.087,1743,0,0
691793,6.108,7.889,-1.8,0.143,0.56,-0.07,1742,0,0
691812,5.88,8.03,-1.697,0.161,0.619,-0.033,1743,0,0
691833,5.861,8.143,-1.822,0.153,0.683,0.006,1743,0,0
691852,5.983,8.135,-1.879,0.119,0.776,0.04,1743,0,0
691873,5.952,8.013,-1.944,0.137,0.86,0.069,1743,0,0
691892,5.918,7.963,-2.021,0.236,0.93,0.085,1743,0,0
691912,5.787,8.176,-1.856,0.325,1.02,0.093,1743,0,0
691932,5.605,8.384,-1.482,0.377,1.097,0.127,1743,0,0
691952,5.686,8.547,-1.396,0.455,1.121,0.181,1743,0,0
691973,5.854,8.464,-1.523,0.502,1.158,0.219,1743,0,0
691992,5.849,8.322,-1.568,0.535,1.236,0.23,1743,0,0
692012,5.662,8.48,-1.662,0.648,1.324,0.242,1743,0,0
692033,5.576,8.712,-1.566,0.703,1.433,0.27,1744,0,0
692053,5.533,8.856,-1.116,0.727,1.552,0.314,1744,0,0
692073,5.329,8.933,-1.041,0.705,1.607,0.375,1744,0,0
692092,5.222,8.772,-1.482,0.656,1.671,0.401,1744,0,0
692113,5.246,8.66,-1.312,0.727,1.814,0.396,1743,0,0
692132,5.174,9.084,-0.405,0.904,1.963,0.424,1745,0,0
692153,4.992,9.426,0.419,0.982,1.996,0.484,1744,0,0
692173,4.731,9.29,0.038,0.982,1.903,0.541,1744,0,0
692192,4.671,9.014,-1.039,1.042,1.89,0.564,1744,0,0
692212,5.167,9.249,-0.522,1.202,2.082,0.555,1744,0,0
692233,4.848,9.538,0.632,1.274,2.293,0.611,1744,0,0
692252,4.154,9.371,0.982,1.265,2.231,0.696,1744,0,0
692272,4.302,8.851,0.177,1.263,2.147,0.704,1744,0,0
692292,4.537,8.813,0.302,1.265,2.321,0.669,1743,0,0
692312,4.324,9.177,2.148,1.227,2.588,0.718,1746,0,0
692332,3.692,8.861,3.361,1.162,2.544,0.789,1745,0,0
692352,3.663,8.341,3.56,1.232,2.329,0.807,1746,0,0
692372,4.132,8.203,3.385,1.234,2.26,0.788,1746,0,0
692392,4.192,8.226,3.934,1.053,2.328,0.793,1745,0,0
692412,3.989,7.918,4.779,0.894,2.279,0.792,1746,0,0
692432,4.108,7.542,5.535,1.026,2.137,0.766,1746,0,0
692453,3.936,7.077,4.951,1.186,1.872,0.695,1748,0,0
692472,4.266,7.242,3.79,1.245,1.762,0.629,1747,0,0
692492,4.673,7.8,4.209,0.942,1.903,0.647,1747,0,0
692512,4.24,7.602,5.923,0.568,1.932,0.71,1748,0,0
692532,3.809,7.089,6.373,0.661,1.636,0.748,1748,0,0
692552,4.381,6.642,5.38,0.745,1.314,0.743,1746,0,0
692573,5.138,6.426,4.642,0.567,1.288,0.714,1747,0,0
692593,5.186,6.45,5.576,0.489,1.371,0.694,1746,0,0
692612,5.107,6.258,6.179,0.503,1.219,0.69,1748,0,0
692632,5.461,5.689,5.926,0.65,0.974,0.604,1747,0,0
692653,5.976,5.772,5.471,0.866,0.885,0.498,1750,0,0
692672,5.938,6.129,5.679,0.85,0.88,0.451,1748,0,0
692693,5.691,6.088,5.715,0.764,0.721,0.407,1746,0,0
692712,5.677,6.105,5.255,0.76,0.579,0.342,1748,0,0
692733,5.837,6.366,4.934,0.642,0.585,0.267,1748,0,0
692752,5.748,6.539,5.076,0.52,0.605,0.216,1748,0,0
692773,5.679,6.721,5.207,0.474,0.535,0.178,1749,0,0
692792,5.799,6.783,5.042,0.35,0.458,0.148,1747,0,0
692812,5.859,6.764,4.867,0.193,0.424,0.104,1747,0,0
692832,5.689,6.905,4.829,0.131,0.383,0.068,1749,0,0
692852,5.593,7.065,4.786,0.118,0.324,0.067,1747,0,0
692872,5.729,6.967,4.487,0.042,0.258,0.087,1747,0,0
692893,5.856,6.778,4.118,-0.018,0.23,0.087,1747,0,0
692912,5.899,6.685,3.998,-0.06,0.25,0.085,1746,0,0
692932,5.926,6.627,4.135,-0.086,0.254,0.099,1746,0,0
692953,5.923,6.424,4.152,-0.117,0.194,0.091,1747,0,0
692973,6.065,6.242,3.713,-0.114,0.133,0.067,1747,0,0
692993,6.196,6.196,3.467,-0.114,0.139,0.058,1746,0,0
693012,5.947,6.136,3.687,-0.152,0.16,0.034,1746,0,0
693033,5.928,6.136,3.584,-0.09,0.096,0.003,1745,0,0
693053,6.191,6.294,3.105,0.038,0.057,-0.025,1746,0,0
693072,6.189,6.589,2.789,0.031,0.115,-0.019,1746,0,0
693093,6.009,6.656,2.986,-0.063,0.187,0.029,1745,0,0
693112,6.096,6.357,3.29,-0.115,0.194,0.056,1745,0,0
693133,6.325,6.201,3.357,-0.072,0.181,0.021,1746,0,0
693153,6.476,6.483,3.567,-0.006,0.207,0.009,1744,0,0
693172,6.395,6.632,3.991,-0.041,0.229,0.035,1745,0,0
693193,6.397,6.474,4.247,-0.077,0.18,0.058,1745,0,0
693212,6.483,6.333,4.281,-0.074,0.139,0.048,1746,0,0
693233,6.381,6.294,4.264,-0.049,0.112,0.023,1745,0,0
693252,6.196,6.378,4.089,0.001,0.057,0.011,1746,0,0
693272,6.17,6.495,3.713,0.006,0.016,0.005,1746,0,0
693293,6.098,6.625,3.596,0.0,0.029,0.001,1746,0,0
693312,6.088,6.809,3.543,-0.0,0.033,0.021,1746,0,0
693333,6.158,6.725,3.467,-0.07,0.038,0.066,1745,0,0
693352,6.27,6.493,3.56,-0.141,0.058,0.079,1746,0,0
693373,6.29,6.309,3.675,-0.078,0.045,0.062,1747,0,0
693392,6.366,6.404,3.642,0.005,0.025,0.035,1746,0,0
693413,6.414,6.627,3.606,0.027,0.014,0.034,1744,0,0
693432,6.409,6.61,3.431,-0.019,0.009,0.05,1746,0,0
693453,6.488,6.416,3.266,-0.046,0.043,0.064,1746,0,0
693472,6.555,6.278,3.388,-0.116,0.091,0.058,1745,0,0
693493,6.361,6.187,3.639,-0.187,0.102,0.047,1745,0,0
693512,6.134,5.995,3.766,-0.14,0.082,0.005,1746,0,0
693532,6.172,6.381,3.752,0.045,0.081,-0.018,1746,0,0
693552,6.251,6.601,3.759,-0.002,0.071,0.009,1746,0,0
693573,6.335,6.4,3.711,-0.097,0.04,0.031,1746,0,0
693592,6.27,6.191,3.733,-0.151,0.048,0.025,1745,0,0
693613,6.081,6.105,3.926,-0.109,0.042,0.006,1745,0,0
693632,6.225,6.179,3.757,-0.021,-0.011,-0.01,1745,0,0
693653,6.412,6.275,3.512,-0.008,-0.02,-0.03,1745,0,0
693672,6.328,6.318,3.515,-0.066,0.037,-0.034,1744,0,0
693692,6.117,6.194,3.666,-0.076,0.051,-0.037,1747,0,0
693712,6.232,6.179,3.591,-0.08,0.03,-0.052,1745,0,0
693732,6.337,6.194,3.555,-0.096,0.054,-0.07,1746,0,0
693752,6.256,6.249,3.783,-0.079,0.074,-0.08,1746,0,0
693772,6.251,6.412,3.869,-0.043,0.038,-0.089,1745,0,0
693792,6.249,6.574,3.852,-0.06,0.009,-0.089,1745,0,0
693812,6.165,6.661,3.895,-0.065,-0.003,-0.079,1746,0,0
693833,6.208,6.773,3.79,-0.029,-0.038,-0.051,1745,0,0
693852,6.33,6.699,3.596,-0.068,-0.037,-0.03,1745,0,0
693872,6.306,6.584,3.625,-0.114,-0.003,-0.018,1746,0,0
693892,6.129,6.5,3.701,-0.069,-0.012,-0.03,1745,0,0
693913,6.211,6.603,3.548,0.008,-0.031,-0.046,1745,0,0
693932,6.361,6.831,3.366,0.004,0.007,-0.03,1745,0,0
693953,6.266,6.73,3.51,-0.088,0.058,0.003,1744,0,0
693972,6.266,6.522,3.699,-0.118,0.059,0.018,1744,0,0
693992,6.246,6.388,3.764,-0.109,0.052,0.009,1745,0,0
694013,6.086,6.357,3.924,-0.085,0.036,-0.005,1746,0,0
694033,6.05,6.445,3.929,-0.034,-0.002,-0.007,1744,0,0
694053,6.091,6.44,3.747,-0.027,-0.031,-0.011,1744,0,0
694072,6.136,6.376,3.627,-0.059,-0.019,-0.016,1745,0,0
694092,6.227,6.345,3.546,-0.086,-0.015,-0.019,1744,0,0
694112,6.203,6.302,3.563,-0.097,-0.02,-0.033,1744,0,0
694132,6.134,6.419,3.555,-0.08,-0.019,-0.048,1744,0,0
694152,6.091,6.653,3.484,-0.054,-0.009,-0.043,1744,0,0
694172,6.132,6.67,3.448,-0.064,0.013,-0.027,1745,0,0
694192,6.16,6.615,3.57,-0.085,0.038,-0.01,1744,0,0
694212,6.314,6.491,3.62,-0.104,0.032,-0.01,1744,0,0
694233,6.438,6.421,3.615,-0.087,0.033,-0.028,1744,0,0
694253,6.342,6.586,3.721,-0.062,0.055,-0.035,1744,0,0
694272,6.172,6.677,3.812,-0.047,0.052,-0.015,1744,0,0
694292,6.211,6.591,3.85,-0.092,0.039,0.008,1745,0,0
694312,6.237,6.383,3.898,-0.144,0.033,0.001,1744,0,0
694332,6.187,6.311,3.891,-0.12,0.012,-0.028,1744,0,0
694352,6.093,6.455,3.766,-0.049,-0.017,-0.041,1744,0,0
694372,6.036,6.682,3.663,-0.046,-0.018,-0.021,1744,0,0
694393,6.048,6.632,3.723,-0.095,-0.012,0.003,1744,0,0
694412,6.23,6.476,3.721,-0.106,-0.021,0.006,1744,0,0
694432,6.27,6.397,3.519,-0.087,-0.017,0.001,1744,0,0
694452,6.208,6.361,3.587,-0.092,0.007,-0.006,1744,0,0
694472,6.17,6.345,3.742,-0.084,0.015,-0.025,1745,0,0
694493,6.299,6.381,3.761,-0.06,0.002,-0.035,1743,0,0
694513,6.383,6.5,3.658,-0.067,0.008,-0.043,1744,0,0
694532,6.227,6.534,3.706,-0.115,0.042,-0.039,1744,0,0
694552,6.067,6.529,3.816,-0.095,0.046,-0.04,1744,0,0
694572,6.153,6.606,3.764,-0.079,0.034,-0.031,1744,0,0
694593,6.182,6.574,3.706,-0.127,0.026,-0.032,1744,0,0
694612,6.081,6.505,3.713,-0.135,0.024,-0.031,1745,0,0
694632,6.002,6.515,3.663,-0.096,0.015,-0.027,1746,0,0
694653,5.986,6.551,3.589,-0.072,0.009,-0.023,1745,0,0
694673,6.036,6.582,3.486,-0.063,0.005,-0.01,1745,0,0
694692,6.103,6.469,3.376,-0.082,0.019,-0.003,1744,0,0
694712,6.108,6.297,3.342,-0.091,0.05,-0.012,1744,0,0
694732,6.117,6.29,3.488,-0.06,0.085,-0.024,1744,0,0
694752,6.17,6.385,3.749,-0.048,0.112,-0.031,1744,0,0
694772,6.208,6.407,3.934,-0.066,0.099,-0.035,1744,0,0
694792,6.306,6.445,3.989,-0.068,0.085,-0.038,1745,0,0
694813,6.196,6.481,4.058,-0.065,0.077,-0.045,1743,0,0
694833,6.103,6.646,4.013,-0.02,0.057,-0.049,1744,0,0
694852,6.12,6.749,3.948,-0.021,0.053,-0.027,1744,0,0
694872,6.05,6.601,3.905,-0.086,0.048,-0.012,1744,0,0
694893,6.072,6.486,3.867,-0.086,0.039,-0.017,1744,0,0
694913,6.065,6.543,3.824,-0.051,0.042,-0.015,1744,0,0
694932,6.048,6.563,3.723,-0.065,0.041,0.006,1745,0,0
694952,6.072,6.424,3.716,-0.103,0.049,0.01,1744,0,0
694972,6.096,6.388,3.9,-0.081,0.063,-0.003,1744,0,0
694992,6.093,6.488,4.025,-0.028,0.048,-0.014,1743,0,0
695012,6.139,6.476,3.953,-0.03,0.02,-0.017,1744,0,0
695032,6.11,6.45,3.824,-0.042,0.019,-0.021,1745,0,0
695053,6.062,6.443,3.78,-0.037,0.034,-0.031,1744,0,0
695072,6.062,6.546,3.785,-0.041,0.047,-0.03,1744,0,0
695093,6.005,6.601,3.78,-0.082,0.047,-0.022,1744,0,0
695112,5.986,6.618,3.792,-0.09,0.055,-0.01,1744,0,0
695132,5.906,6.558,3.943,-0.09,0.066,-0.007,1744,0,0
695153,5.928,6.522,3.936,-0.067,0.049,-0.006,1745,0,0
695172,6.026,6.472,3.881,-0.062,0.042,-0.009,1746,0,0
695192,5.95,6.436,3.912,-0.072,0.046,-0.018,1744,0,0
695213,5.964,6.493,3.862,-0.039,0.045,-0.027,1743,0,0
695232,6.031,6.61,3.862,-0.019,0.048,-0.026,1744,0,0
695253,6.005,6.701,3.886,-0.056,0.051,-0.01,1745,0,0
695272,5.897,6.62,3.915,-0.08,0.049,0.006,1745,0,0
695292,5.969,6.498,3.972,-0.089,0.043,0.013,1744,0,0
695312,5.99,6.44,4.008,-0.061,0.042,-0.001,1745,0,0
695332,5.969,6.517,3.955,-0.025,0.027,-0.011,1744,0,0
695352,5.983,6.668,3.855,-0.021,0.031,-0.001,1745,0,0
695372,5.978,6.596,3.852,-0.081,0.037,0.014,1745,0,0
695392,5.933,6.443,3.967,-0.084,0.035,0.013,1744,0,0
695413,5.859,6.409,3.989,-0.042,0.018,-0.006,1744,0,0
695432,5.89,6.546,3.792,-0.017,0.012,-0.007,1744,0,0
695452,5.921,6.558,3.788,-0.057,0.034,-0.007,1745,0,0
695472,5.863,6.553,3.938,-0.065,0.053,-0.001,1744,0,0
695492,5.794,6.505,4.046,-0.063,0.045,0.001,1745,0,0
695512,5.926,6.361,3.97,-0.089,0.02,-0.003,1745,0,0
695532,6.069,6.258,3.891,-0.057,0.014,-0.026,1744,0,0
695553,6.043,6.39,3.917,-0.023,0.022,-0.041,1744,0,0
695572,5.935,6.56,3.926,-0.036,0.02,-0.043,1745,0,0
695592,5.914,6.627,4.068,-0.072,0.019,-0.031,1744,0,0
695612,5.906,6.622,4.154,-0.059,0.003,-0.024,1744,0,0
695632,6.014,6.63,3.9,-0.015,-0.02,-0.02,1744,0,0
695653,6.084,6.622,3.711,-0.044,-0.002,-0.013,1744,0,0
695672,6.026,6.522,3.785,-0.079,0.017,-0.016,1745,0,0
695692,5.988,6.57,3.874,-0.023,0.018,-0.019,1745,0,0
695712,5.971,6.665,3.859,-0.043,0.028,-0.013,1744,0,0
695732,5.933,6.577,3.828,-0.088,0.035,-0.006,1744,0,0
695752,5.988,6.517,3.895,-0.062,0.041,-0.008,1744,0,0
695772,5.962,6.527,3.994,-0.039,0.036,-0.009,1744,0,0
695793,5.938,6.531,3.919,-0.062,0.025,-0.011,1744,0,0
695812,5.933,6.512,3.958,-0.068,0.021,-0.016,1745,0,0
695832,5.926,6.57,3.938,-0.035,0.019,-0.015,1744,0,0
695852,5.909,6.62,3.869,-0.018,0.008,-0.007,1744,0,0
695872,5.926,6.563,3.919,-0.057,0.009,-0.001,1744,0,0
695892,6.009,6.464,3.948,-0.062,0.01,-0.01,1744,0,0
695912,6.062,6.51,3.891,-0.014,0.007,-0.029,1744,0,0
695933,6.026,6.699,3.795,-0.023,0.019,-0.025,1745,0,0
695953,5.935,6.697,3.922,-0.09,0.04,-0.007,1745,0,0
695972,5.959,6.613,4.07,-0.093,0.025,-0.007,1744,0,0
695992,5.976,6.634,3.97,-0.035,-0.001,-0.011,1745,0,0
696012,5.942,6.699,3.807,-0.038,0.003,-0.003,1744,0,0
696033,5.844,6.627,3.857,-0.071,0.015,0.008,1743,0,0
696052,5.878,6.589,3.924,-0.051,0.011,0.006,1744,0,0
696073,5.923,6.584,3.809,-0.037,0.013,0.004,1744,0,0
696092,5.928,6.582,3.792,-0.067,0.03,0.011,1744,0,0
696113,5.868,6.493,3.938,-0.082,0.037,0.01,1745,0,0
696132,5.923,6.469,3.962,-0.062,0.025,0.003,1744,0,0
696152,5.959,6.474,3.9,-0.048,0.015,-0.006,1744,0,0
696172,5.899,6.536,3.931,-0.055,0.022,-0.011,1744,0,0
696192,5.904,6.589,3.91,-0.058,0.018,-0.006,1744,0,0
696212,5.964,6.529,3.864,-0.06,0.006,-0.005,1744,0,0
696233,5.986,6.534,3.785,-0.055,0.009,-0.012,1745,0,0
696252,5.918,6.598,3.847,-0.047,0.025,-0.01,1744,0,0
696272,5.909,6.639,3.946,-0.056,0.029,-0.002,1744,0,0
696293,5.93,6.589,4.001,-0.063,0.024,0.002,1743,0,0
696312,5.962,6.57,3.943,-0.046,0.01,-0.008,1744,0,0
696332,5.911,6.627,3.852,-0.034,0.015,-0.008,1744,0,0
696352,5.863,6.665,3.836,-0.044,0.024,-0.001,1744,0,0
696373,5.892,6.656,3.91,-0.048,0.03,0.011,1744,0,0
696392,5.978,6.536,3.977,-0.075,0.03,0.014,1744,0,0
696412,5.981,6.5,3.977,-0.058,0.019,0.005,1744,0,0
696432,5.93,6.541,3.943,-0.043,0.016,0.0,1744,0,0
696452,5.895,6.61,4.008,-0.038,0.009,0.005,1744,0,0
696473,5.856,6.574,3.974,-0.038,-0.007,0.009,1744,0,0
696492,5.914,6.486,3.847,-0.057,-0.007,0.004,1744,0,0
696512,6.043,6.426,3.785,-0.058,0.01,-0.007,1744,0,0
696533,6.002,6.486,3.876,-0.048,0.026,-0.02,1743,0,0
696553,5.938,6.572,3.926,-0.05,0.012,-0.024,1744,0,0
696573,5.935,6.598,3.907,-0.063,-0.002,-0.014,1744,0,0
696592,5.918,6.598,3.883,-0.072,0.006,-0.017,1746,0,0
696612,5.928,6.627,3.828,-0.039,-0.001,-0.018,1745,0,0
696632,5.918,6.704,3.742,-0.038,0.003,-0.007,1744,0,0
696653,5.95,6.653,3.768,-0.086,0.014,-0.001,1744,0,0
696673,5.947,6.563,3.934,-0.075,0.024,-0.001,1744,0,0
696692,5.906,6.582,3.982,-0.046,0.004,-0.005,1746,0,0
696712,5.93,6.589,3.819,-0.029,-0.01,-0.005,1745,0,0
696732,5.981,6.574,3.733,-0.058,0.007,-0.002,1747,0,0
696752,5.964,6.601,3.749,-0.06,0.022,-0.005,1745,0,0
696772,5.952,6.627,3.84,-0.053,0.035,-0.002,1745,0,0
696792,5.959,6.613,3.891,-0.07,0.035,0.004,1745,0,0
696812,5.976,6.591,3.898,-0.069,0.026,0.004,1745,0,0
696922,5.851,6.534,3.845,-0.045,0.03,0.002,1745,0,0
696934,5.911,6.522,3.828,-0.047,0.024,0.003,1745,0,0
696944,6.009,6.495,3.8,-0.063,0.025,0.003,1745,0,0
696955,6.026,6.455,3.814,-0.081,0.03,-0.002,1745,0,0
696966,6.009,6.436,3.859,-0.083,0.036,-0.011,1745,0,0
696977,5.926,6.467,3.922,-0.065,0.034,-0.023,1745,0,0
696990,5.818,6.555,3.943,-0.03,0.025,-0.027,1745,0,0
697002,5.823,6.646,3.941,-0.019,0.019,-0.019,1745,0,0
697068,5.997,6.591,3.938,-0.024,0.008,-0.019,1746,0,0
697081,5.895,6.625,3.922,-0.045,0.008,-0.018,1745,0,0
697093,5.835,6.625,3.893,-0.063,0.005,-0.016,1745,0,0
697104,5.856,6.594,3.869,-0.062,0.005,-0.015,1745,0,0
697118,5.945,6.591,3.831,-0.046,0.009,-0.015,1745,0,0
697129,5.993,6.574,3.78,-0.04,0.012,-0.018,1745,0,0
697140,6.033,6.598,3.78,-0.037,0.018,-0.022,1746,0,0
697151,6.019,6.632,3.8,-0.043,0.029,-0.026,1745,0,0
697162,5.971,6.665,3.838,-0.062,0.035,-0.027,1745,0,0
697220,5.885,6.742,3.982,-0.064,0.038,0.003,1746,0,0
697231,5.813,6.704,4.015,-0.069,0.025,0.007,1744,0,0
697242,5.844,6.644,3.979,-0.068,0.008,0.01,1745,0,0
697252,5.933,6.603,3.874,-0.067,0.001,0.011,1745,0,0
697263,6.0,6.546,3.824,-0.063,0.003,0.008,1744,0,0
697274,5.971,6.539,3.788,-0.056,0.016,0.004,1744,0,0
697293,5.875,6.608,3.859,-0.054,0.025,-0.002,1744,0,0
697312,5.859,6.625,3.859,-0.049,0.017,0.009,1745,0,0
697367,6.009,6.385,3.965,-0.054,0.022,-0.026,1745,0,0
697379,5.988,6.515,3.931,-0.033,0.013,-0.036,1744,0,0
697390,5.935,6.651,3.879,-0.028,0.008,-0.034,1744,0,0
697403,5.911,6.747,3.845,-0.046,0.014,-0.021,1745,0,0
697415,5.871,6.711,3.864,-0.075,0.024,-0.004,1745,0,0
697432,5.875,6.553,3.924,-0.095,0.029,0.002,1745,0,0
697452,5.974,6.469,3.989,-0.066,0.013,-0.014,1745,0,0
697472,5.99,6.589,3.874,-0.034,0.005,-0.023,1745,0,0
697493,5.902,6.644,3.809,-0.053,0.006,-0.014,1747,0,0
697532,5.93,6.577,3.919,-0.072,0.014,-0.018,1744,0,0
697543,5.921,6.62,3.953,-0.054,0.013,-0.022,1745,0,0
697555,5.897,6.689,3.926,-0.038,0.009,-0.022,1745,0,0
697573,5.885,6.732,3.85,-0.054,0.006,-0.013,1746,0,0
697592,5.954,6.658,3.864,-0.08,0.014,-0.005,1746,0,0
697612,5.993,6.613,3.972,-0.057,0.017,-0.003,1744,0,0
697632,5.914,6.615,4.058,-0.075,0.017,0.003,1745,0,0
697653,5.978,6.529,4.19,-0.108,0.008,0.002,1746,0,0
697673,6.033,6.426,4.377,-0.098,-0.007,-0.001,1745,0,0
697692,6.091,6.361,4.669,-0.084,-0.037,-0.009,1745,0,0
697712,6.091,6.237,4.944,-0.097,-0.083,-0.018,1746,0,0
697732,6.06,6.048,5.404,-0.111,-0.136,-0.04,1746,0,0
697752,6.076,5.933,5.78,-0.067,-0.197,-0.075,1745,0,0
697772,6.045,5.966,6.076,-0.067,-0.261,-0.099,1746,0,0
697792,5.945,5.933,6.567,-0.191,-0.341,-0.109,1746,0,0
697812,5.722,5.808,7.307,-0.384,-0.443,-0.112,1746,0,0
697832,5.416,5.567,8.124,-0.554,-0.583,-0.155,1746,0,0
697852,5.076,5.358,9.017,-0.686,-0.736,-0.269,1747,0,0
697872,4.757,5.432,9.45,-0.709,-0.921,-0.395,1749,0,0
697892,4.446,5.753,9.632,-0.726,-1.144,-0.468,1749,0,0
697912,4.384,5.818,9.977,-0.906,-1.398,-0.542,1750,0,0
697932,4.202,5.94,10.369,-1.067,-1.596,-0.666,1750,0,0
697952,3.622,6.285,10.791,-1.179,-1.848,-0.779,1751,0,0
697972,3.177,6.728,10.781,-1.267,-2.161,-0.869,1751,0,0
697992,2.895,7.02,10.314,-1.353,-2.398,-0.977,1752,0,0
698013,2.519,7.664,10.082,-1.418,-2.545,-1.067,1752,0,0
698033,1.712,8.562,9.926,-1.599,-2.75,-1.102,1751,0,0
698052,1.379,9.127,9.785,-1.948,-2.953,-1.082,1752,0,0
698072,0.898,9.045,9.586,-2.234,-3.096,-1.139,1753,0,0
698092,0.292,9.218,9.723,-2.145,-3.231,-1.236,1753,0,0
698113,-0.213,9.936,9.639,-2.025,-3.446,-1.309,1755,0,0
698133,-1.245,10.637,9.182,-2.078,-3.681,-1.311,1755,0,0
698152,-2.042,11.032,7.934,-2.284,-3.953,-1.311,1755,0,0
698172,-2.629,11.09,6.613,-2.292,-4.123,-1.323,1754,0,0
698192,-2.945,11.387,5.538,-2.162,-4.219,-1.34,1755,0,0
698213,-3.91,11.77,3.965,-1.994,-4.274,-1.345,1753,0,0
698233,-4.159,12.239,1.202,-1.941,-4.325,-1.275,1754,0,0
698252,-3.541,12.488,-1.484,-2.046,-4.171,-1.129,1753,0,0
698272,-2.849,11.976,-2.574,-2.09,-3.853,-1.025,1750,0,0
698292,-2.128,11.552,-3.718,-1.907,-3.548,-0.966,1750,0,0
698312,-1.001,11.55,-5.124,-1.621,-3.233,-0.89,1749,0,0
698332,-0.045,11.617,-5.387,-1.27,-2.976,-0.778,1747,0,0
698352,0.874,11.626,-5.938,-1.15,-2.717,-0.627,1746,0,0
698372,1.484,11.159,-6.464,-1.114,-2.569,-0.518,1745,0,0
698392,2.394,10.654,-7.302,-0.953,-2.368,-0.439,1745,0,0
698413,3.426,10.436,-8.128,-0.737,-2.055,-0.324,1743,0,0
698432,4.192,10.106,-8.339,-0.666,-1.761,-0.233,1744,0,0
698452,4.515,9.651,-8.267,-0.695,-1.489,-0.177,1743,0,0
698472,5.109,9.352,-8.272,-0.717,-1.278,-0.148,1743,0,0
698492,5.37,9.285,-7.997,-0.625,-1.013,-0.127,1744,0,0
698512,5.286,9.436,-7.412,-0.567,-0.733,-0.066,1743,0,0
698532,5.523,9.443,-6.821,-0.65,-0.503,0.014,1744,0,0
698552,5.813,8.993,-5.782,-0.745,-0.322,0.064,1744,0,0
698572,5.78,8.562,-4.623,-0.623,-0.195,0.052,1744,0,0
698593,5.502,8.679,-4.046,-0.353,-0.162,0.063,1744,0,0
698612,5.725,8.808,-4.12,-0.303,-0.144,0.116,1744,0,0
698632,6.201,8.526,-3.828,-0.361,-0.017,0.142,1744,0,0
698652,6.235,8.231,-2.981,-0.262,0.132,0.154,1744,0,0
698672,6.167,8.191,-2.274,-0.129,0.185,0.18,1744,0,0
698692,6.249,8.09,-1.98,-0.16,0.174,0.204,1744,0,0
698713,6.491,7.906,-1.891,-0.206,0.223,0.212,1744,0,0
698732,6.594,7.762,-1.578,-0.164,0.308,0.224,1744,0,0
698752,6.589,7.592,-1.02,-0.11,0.386,0.223,1744,0,0
698772,6.582,7.628,-0.5,-0.045,0.403,0.214,1744,0,0
698792,6.5,7.618,-0.086,-0.012,0.376,0.22,1744,0,0
698812,6.474,7.513,0.141,-0.046,0.334,0.235,1744,0,0
698833,6.543,7.309,0.364,-0.07,0.314,0.244,1744,0,0
698852,6.598,7.128,0.551,-0.039,0.308,0.234,1744,0,0
698872,6.582,6.958,0.67,-0.006,0.297,0.215,1744,0,0
698892,6.419,6.718,0.874,0.035,0.274,0.199,1744,0,0
698912,6.402,6.515,0.814,0.073,0.213,0.163,1746,0,0
698933,6.598,6.51,0.809,0.104,0.204,0.128,1744,0,0
698952,6.579,6.582,0.912,-0.005,0.215,0.102,1744,0,0
698972,6.493,6.476,1.018,-0.088,0.195,0.074,1745,0,0
698992,6.438,6.421,1.049,-0.03,0.163,0.036,1744,0,0
699012,6.436,6.61,1.027,0.032,0.149,0.012,1744,0,0
699032,6.567,6.653,1.041,-0.014,0.135,-0.006,1744,0,0
699167,6.656,7.199,0.496,-0.063,0.01,-0.117,1743,0,0
699186,6.646,7.183,0.443,-0.062,0.007,-0.123,1744,0,0
699206,6.615,7.314,0.297,-0.01,0.008,-0.13,1744,0,0
699226,6.498,7.446,0.156,0.006,0.02,-0.122,1743,0,0
699246,6.455,7.523,0.134,-0.025,0.025,-0.106,1744,0,0
699266,6.539,7.501,0.251,-0.039,0.015,-0.088,1744,0,0
699286,6.507,7.434,0.366,-0.04,0.006,-0.08,1744,0,0
699306,6.433,7.389,0.239,-0.01,-0.014,-0.086,1744,0,0
699326,6.469,7.511,0.012,0.025,-0.009,-0.09,1744,0,0
699346,6.584,7.597,-0.069,0.011,0.028,-0.076,1744,0,0
699367,6.512,7.724,0.134,-0.005,0.06,-0.058,1744,0,0
699387,6.412,7.652,0.383,-0.081,0.049,-0.039,1744,0,0
699406,6.503,7.539,0.412,-0.058,0.013,-0.039,1744,0,0
699427,6.531,7.547,0.366,0.015,0.007,-0.037,1743,0,0
699446,6.503,7.618,0.232,0.013,0.002,-0.03,1743,0,0
699467,6.543,7.604,0.101,-0.021,0.005,-0.025,1744,0,0
699486,6.536,7.554,0.134,-0.052,0.026,-0.019,1743,0,0
699506,6.517,7.573,0.192,-0.059,0.043,-0.008,1744,0,0
699526,6.483,7.515,0.345,-0.063,0.036,0.006,1744,0,0
699547,6.474,7.446,0.328,-0.052,0.021,0.005,1743,0,0
699566,6.455,7.434,0.251,-0.038,0.017,-0.004,1744,0,0
699587,6.488,7.489,0.196,-0.034,0.015,0.001,1743,0,0
699607,6.5,7.52,0.175,-0.047,0.016,0.019,1743,0,0
699626,6.433,7.353,0.247,-0.071,0.016,0.027,1743,0,0
699647,6.364,7.163,0.251,-0.058,-0.004,0.007,1743,0,0
699667,6.491,7.147,0.148,0.017,-0.018,-0.019,1744,0,0
699687,6.486,7.235,0.089,0.058,-0.025,-0.037,1743,0,0
699706,6.46,7.369,-0.086,0.063,-0.035,-0.043,1743,0,0
699726,6.479,7.475,-0.225,0.02,-0.007,-0.035,1743,0,0
699747,6.455,7.513,-0.086,-0.034,0.037,-0.023,1744,0,0
699767,6.443,7.487,0.16,-0.054,0.048,-0.011,1743,0,0
699786,6.452,7.417,0.366,-0.06,0.027,0.002,1743,0,0
699806,6.457,7.36,0.208,-0.037,-0.001,-0.008,1743,0,0
699827,6.519,7.412,0.034,-0.005,0.01,-0.006,1743,0,0
699847,6.44,7.355,0.036,-0.033,0.035,-0.008,1744,0,0
699866,6.414,7.391,0.141,-0.023,0.049,-0.013,1744,0,0
699886,6.354,7.429,0.323,-0.044,0.035,-0.0,1744,0,0
699907,6.402,7.341,0.342,-0.07,0.007,0.002,1743,0,0
699927,6.412,7.278,0.091,-0.023,0.001,-0.005,1743,0,0
699947,6.402,7.223,-0.041,-0.04,0.016,-0.017,1743,0,0
699967,6.39,7.178,-0.117,-0.047,0.026,-0.039,1743,0,0
699986,6.464,7.341,-0.091,-0.012,0.035,-0.053,1743,0,0
700007,6.342,7.523,0.057,-0.018,0.052,-0.051,1743,0,0
700026,6.378,7.563,0.113,-0.026,0.042,-0.036,1743,0,0
700046,6.517,7.532,0.199,-0.041,0.044,-0.022,1743,0,0
700067,6.572,7.484,0.244,-0.052,0.035,-0.023,1742,0,0
700086,6.524,7.515,0.172,-0.054,0.016,-0.017,1742,0,0
700107,6.495,7.403,0.144,-0.082,0.01,-0.018,1743,0,0
700126,6.462,7.415,0.12,-0.031,0.007,-0.025,1743,0,0
700146,6.495,7.501,0.029,0.008,0.004,-0.03,1743,0,0
700166,6.414,7.599,-0.069,-0.012,0.007,-0.028,1743,0,0
700187,6.27,7.638,-0.146,-0.07,0.012,-0.02,1742,0,0
700215,6.314,7.468,-0.117,-0.061,0.042,0.002,1742,0,0
700228,6.316,7.436,-0.093,-0.044,0.054,0.003,1742,0,0
700246,6.309,7.381,-0.038,-0.043,0.06,0.003,1742,0,0
700267,6.397,7.341,-0.031,-0.025,0.064,0.003,1742,0,0
700286,6.393,7.324,0.105,-0.041,0.069,0.001,1742,0,0
700307,6.407,7.317,0.285,-0.068,0.057,-0.006,1742,0,0
700326,6.395,7.257,0.294,-0.058,0.027,-0.016,1743,0,0
700347,6.433,7.295,0.204,-0.033,0.013,-0.029,1743,0,0
700367,6.555,7.405,0.11,-0.004,0.023,-0.036,1743,0,0
700386,6.436,7.412,0.172,-0.016,0.027,-0.038,1742,0,0
700406,6.349,7.451,0.168,-0.043,0.015,-0.04,1742,0,0
700426,6.306,7.479,0.146,-0.071,-0.003,-0.036,1742,0,0
700446,6.4,7.465,0.067,-0.062,-0.004,-0.031,1742,0,0
700466,6.424,7.456,0.093,-0.036,0.013,-0.032,1742,0,0
700486,6.44,7.513,0.041,-0.046,0.01,-0.03,1743,0,0
700507,6.431,7.52,0.055,-0.084,0.016,-0.028,1742,0,0
700527,6.383,7.465,0.122,-0.089,0.014,-0.027,1742,0,0
700546,6.397,7.47,0.165,-0.068,0.006,-0.023,1741,0,0
700567,6.385,7.489,0.223,-0.058,-0.001,-0.026,1743,0,0
700587,6.388,7.501,0.16,-0.049,-0.014,-0.031,1742,0,0
700606,6.407,7.539,0.019,-0.046,-0.021,-0.026,1743,0,0
700627,6.383,7.511,-0.012,-0.071,-0.011,-0.027,1742,0,0
700646,6.328,7.511,0.086,-0.059,-0.007,-0.031,1742,0,0
700667,6.28,7.563,0.081,-0.025,-0.022,-0.036,1742,0,0
700686,6.361,7.654,-0.041,-0.012,-0.027,-0.025,1742,0,0
700706,6.378,7.657,-0.146,-0.039,-0.007,-0.013,1742,0,0
700727,6.354,7.616,-0.165,-0.078,0.008,-0.002,1743,0,0
700746,6.404,7.451,-0.057,-0.105,0.019,-0.002,1742,0,0
700766,6.359,7.434,0.031,-0.068,0.015,-0.011,1742,0,0
700786,6.304,7.479,0.043,-0.041,0.002,-0.011,1742,0,0
700807,6.328,7.487,-0.019,-0.042,-0.006,-0.01,1743,0,0
700827,6.378,7.537,-0.115,-0.037,-0.002,-0.005,1742,0,0
700846,6.316,7.549,-0.12,-0.069,0.021,0.003,1741,0,0
700867,6.314,7.429,-0.031,-0.113,0.028,0.003,1741,0,0
700887,6.414,7.338,0.115,-0.076,0.023,-0.004,1742,0,0
700907,6.349,7.424,0.211,-0.025,0.013,-0.013,1743,0,0
700926,6.287,7.511,0.146,-0.02,-0.013,-0.017,1742,0,0
700946,6.302,7.547,-0.062,-0.049,-0.026,-0.017,1742,0,0
700967,6.412,7.52,-0.168,-0.066,-0.003,-0.017,1742,0,0
700987,6.431,7.57,-0.05,-0.047,0.022,-0.017,1741,0,0
701006,6.335,7.614,0.132,-0.044,0.02,-0.008,1742,0,0
701027,6.352,7.539,0.235,-0.063,-0.004,-0.0,1742,0,0
701047,6.376,7.436,0.117,-0.07,-0.021,-0.007,1741,0,0
701066,6.373,7.472,-0.05,-0.044,-0.022,-0.019,1742,0,0
701086,6.347,7.592,-0.235,-0.035,-0.004,-0.008,1741,0,0
701107,6.342,7.542,-0.254,-0.071,0.023,-0.001,1741,0,0
701126,6.299,7.477,-0.06,-0.085,0.033,0.0,1742,0,0
701146,6.292,7.508,0.077,-0.059,0.017,-0.002,1742,0,0
701166,6.268,7.472,0.057,-0.053,-0.004,-0.004,1742,0,0
701187,6.371,7.468,-0.151,-0.048,-0.01,-0.005,1741,0,0
701206,6.426,7.439,-0.235,-0.062,0.015,-0.008,1742,0,0
701227,6.388,7.484,-0.091,-0.078,0.038,-0.01,1743,0,0
701247,6.275,7.494,0.148,-0.08,0.034,-0.009,1743,0,0
701267,6.23,7.412,0.163,-0.06,-0.005,-0.01,1741,0,0
701286,6.349,7.41,-0.11,-0.03,-0.02,-0.019,1741,0,0
701306,6.347,7.46,-0.259,-0.048,0.002,-0.018,1741,0,0
701326,6.325,7.434,-0.266,-0.092,0.035,-0.018,1742,0,0
701346,6.311,7.412,-0.093,-0.107,0.052,-0.017,1742,0,0
701366,6.282,7.391,0.091,-0.078,0.046,-0.024,1742,0,0
701387,6.304,7.456,0.215,-0.044,0.028,-0.026,1742,0,0
701407,6.357,7.453,0.18,-0.045,0.009,-0.03,1743,0,0
701426,6.314,7.508,0.024,-0.058,0.006,-0.037,1742,0,0
701446,6.347,7.582,-0.019,-0.067,0.015,-0.026,1742,0,0
701466,6.318,7.532,0.007,-0.09,0.027,-0.015,1742,0,0
701487,6.347,7.439,0.151,-0.085,0.024,-0.019,1742,0,0
701507,6.347,7.482,0.194,-0.055,0.014,-0.033,1743,0,0
701526,6.369,7.554,0.204,-0.063,-0.004,-0.037,1742,0,0
701547,6.333,7.602,0.134,-0.056,-0.015,-0.033,1742,0,0
701566,6.302,7.628,0.043,-0.046,-0.017,-0.025,1742,0,0
701587,6.28,7.678,-0.06,-0.056,-0.011,-0.021,1742,0,0
701607,6.304,7.594,-0.026,-0.07,0.003,-0.017,1742,0,0
701626,6.318,7.556,-0.01,-0.031,0.0,-0.021,1742,0,0
701646,6.352,7.654,0.06,-0.037,-0.014,-0.018,1742,0,0
701667,6.364,7.614,-0.007,-0.057,-0.015,-0.017,1742,0,0
701686,6.376,7.697,-0.153,-0.029,-0.007,-0.007,1742,0,0
701707,6.256,7.654,-0.108,-0.072,0.006,0.003,1741,0,0
701726,6.258,7.626,-0.084,-0.074,0.004,0.007,1741,0,0
701746,6.294,7.585,-0.074,-0.056,0.005,0.015,1741,0,0
701766,6.278,7.458,-0.084,-0.064,0.001,0.009,1741,0,0
701786,6.28,7.441,-0.101,-0.032,-0.001,0.001,1741,0,0
701807,6.275,7.487,-0.12,-0.032,-0.004,-0.003,1742,0,0
701827,6.237,7.484,-0.163,-0.049,0.004,-0.003,1743,0,0
701846,6.27,7.422,-0.153,-0.05,0.008,-0.003,1741,0,0
701867,6.287,7.427,-0.17,-0.047,0.016,-0.009,1741,0,0
701887,6.27,7.429,-0.139,-0.061,0.023,-0.011,1742,0,0
701907,6.263,7.405,-0.077,-0.069,0.027,-0.012,1742,0,0
