392022,4.769,1.226,8.353,-0.058,0.019,-0.012,1704,0,0
392042,4.748,1.3,8.365,-0.061,0.007,-0.013,1703,0,0
392062,4.767,1.279,8.351,-0.071,0.002,-0.006,1705,0,0
392082,4.75,1.255,8.294,-0.067,0.003,0.002,1704,0,0
392102,4.736,1.211,8.226,-0.077,0.021,0.004,1702,0,0
392122,4.676,1.161,8.337,-0.081,0.029,0.001,1705,0,0
392142,4.688,1.183,8.478,-0.061,0.017,-0.001,1702,0,0
392162,4.75,1.219,8.464,-0.073,0.003,-0.004,1703,0,0
392182,4.769,1.154,8.413,-0.079,-0.011,-0.004,1703,0,0
392202,4.788,1.123,8.361,-0.049,-0.015,-0.006,1704,0,0
392222,4.81,1.149,8.296,-0.052,-0.01,-0.009,1704,0,0
392242,4.784,1.118,8.286,-0.048,-0.006,-0.013,1704,0,0
392262,4.805,1.156,8.267,-0.044,-0.005,-0.019,1704,0,0
392282,4.8,1.223,8.284,-0.035,0.002,-0.022,1704,0,0
392302,4.736,1.31,8.224,-0.038,0.009,-0.016,1703,0,0
392322,4.717,1.322,8.267,-0.051,0.015,-0.012,1703,0,0
392342,4.743,1.319,8.322,-0.064,0.016,-0.009,1705,0,0
392362,4.788,1.31,8.298,-0.062,0.015,-0.005,1705,0,0
392382,4.803,1.298,8.294,-0.067,0.013,0.002,1704,0,0
392402,4.796,1.228,8.31,-0.074,0.013,0.0,1704,0,0
392422,4.786,1.219,8.315,-0.055,0.012,0.001,1703,0,0
392442,4.731,1.235,8.32,-0.059,0.011,0.006,1706,0,0
392462,4.752,1.183,8.346,-0.073,0.012,0.003,1704,0,0
392483,4.741,1.147,8.325,-0.062,0.01,-0.004,1704,0,0
392502,4.791,1.161,8.341,-0.053,0.007,-0.007,1704,0,0
392522,4.805,1.152,8.298,-0.057,0.006,-0.012,1703,0,0
392542,4.796,1.19,8.262,-0.044,0.007,-0.018,1703,0,0
392562,4.798,1.231,8.229,-0.041,0.014,-0.022,1703,0,0
392582,4.76,1.298,8.217,-0.049,0.019,-0.017,1702,0,0
392602,4.75,1.319,8.26,-0.055,0.026,-0.012,1703,0,0
392622,4.741,1.331,8.315,-0.067,0.022,-0.007,1703,0,0
392642,4.769,1.343,8.344,-0.062,0.019,-0.0,1702,0,0
392662,4.76,1.279,8.353,-0.078,0.016,0.005,1704,0,0
392682,4.784,1.219,8.282,-0.076,0.015,0.003,1704,0,0
392702,4.784,1.132,8.313,-0.071,0.016,-0.008,1702,0,0
392722,4.76,1.188,8.349,-0.054,0.013,-0.01,1703,0,0
392742,4.772,1.211,8.363,-0.061,0.016,-0.005,1704,0,0
392762,4.767,1.166,8.327,-0.068,0.016,-0.004,1703,0,0
392782,4.776,1.147,8.325,-0.055,0.018,-0.018,1703,0,0
392802,4.745,1.216,8.308,-0.045,0.014,-0.03,1704,0,0
392822,4.733,1.319,8.332,-0.046,0.01,-0.021,1704,0,0
392842,4.748,1.312,8.325,-0.063,0.009,-0.008,1703,0,0
392862,4.776,1.243,8.298,-0.061,0.013,-0.008,1703,0,0
392882,4.796,1.25,8.258,-0.054,0.02,-0.011,1704,0,0
392902,4.769,1.281,8.313,-0.055,0.022,-0.009,1703,0,0
392922,4.748,1.295,8.344,-0.061,0.018,-0.002,1703,0,0
392942,4.741,1.264,8.332,-0.067,0.016,0.001,1703,0,0
392963,4.743,1.231,8.37,-0.065,0.015,-0.004,1704,0,0
392982,4.75,1.211,8.351,-0.063,0.015,-0.007,1704,0,0
393002,4.762,1.243,8.361,-0.055,0.008,-0.003,1704,0,0
393022,4.81,1.168,8.332,-0.071,0.006,-0.007,1704,0,0
393042,4.8,1.195,8.265,-0.054,0.008,-0.015,1705,0,0
393062,4.774,1.243,8.277,-0.051,0.014,-0.019,1706,0,0
393083,4.779,1.25,8.322,-0.069,0.016,-0.013,1703,0,0
393102,4.741,1.267,8.349,-0.052,0.011,-0.007,1705,0,0
393122,4.738,1.267,8.31,-0.062,0.012,-0.007,1704,0,0
393142,4.762,1.279,8.291,-0.064,0.012,-0.012,1703,0,0
393162,4.781,1.259,8.303,-0.065,0.016,-0.012,1705,0,0
393182,4.745,1.288,8.337,-0.064,0.017,-0.011,1704,0,0
393202,4.748,1.283,8.327,-0.061,0.013,-0.005,1706,0,0
393222,4.736,1.288,8.308,-0.065,0.014,-0.001,1704,0,0
393242,4.764,1.264,8.296,-0.068,0.015,-0.001,1706,0,0
393262,4.757,1.267,8.296,-0.075,0.019,-0.001,1705,0,0
393282,4.786,1.257,8.351,-0.081,0.021,0.007,1704,0,0
393302,4.745,1.197,8.43,-0.077,0.017,0.011,1705,0,0
393322,4.757,1.185,8.466,-0.059,0.0,-0.002,1704,0,0
393342,4.87,1.204,8.43,-0.067,-0.016,-0.01,1704,0,0
393362,4.851,1.207,8.32,-0.056,-0.026,-0.016,1704,0,0
393382,4.922,1.314,8.322,-0.032,-0.021,-0.031,1704,0,0
393402,5.179,1.482,8.887,0.041,-0.034,-0.058,1704,0,0
393422,5.459,1.875,9.246,0.227,-0.119,-0.111,1706,0,0
393442,5.725,2.677,8.926,0.383,-0.189,-0.126,1705,0,0
393462,6.055,3.541,8.701,0.45,-0.254,-0.074,1706,0,0
393482,6.294,4.336,8.686,0.555,-0.212,0.093,1705,0,0
393502,6.584,4.891,8.966,0.467,-0.08,0.338,1706,0,0
393522,6.689,4.81,9.184,0.803,-0.086,0.545,1706,0,0
393542,6.673,4.827,9.254,0.892,-0.061,0.662,1707,0,0
393563,6.529,4.877,8.756,0.782,0.008,0.813,1707,0,0
393582,6.424,4.42,8.454,0.74,0.082,0.99,1707,0,0
393602,6.51,3.926,8.423,0.864,0.037,1.112,1707,0,0
393622,6.5,3.168,7.867,1.061,0.032,1.131,1710,0,0
393642,6.534,3.124,7.484,1.539,0.099,1.085,1712,0,0
393662,6.045,3.455,7.434,1.855,0.256,1.082,1714,0,0
393682,5.176,3.361,7.614,1.268,0.311,1.134,1726,0,0
393702,4.726,2.859,7.405,0.737,0.136,1.191,1738,0,0
393722,4.626,2.291,6.816,0.879,-0.054,1.229,1748,0,0
393742,4.831,2.042,6.546,1.166,-0.138,1.213,1764,0,0
393762,4.855,1.597,6.527,1.121,-0.084,1.092,1777,0,0
393782,4.8,1.274,6.321,1.276,-0.031,0.934,1796,0,0
393802,4.86,1.75,6.115,1.634,0.066,0.812,1808,0,0
393822,4.817,2.543,6.299,1.624,0.205,0.768,1822,0,0
393842,4.676,2.868,6.749,1.241,0.222,0.748,1835,0,0
393862,4.492,2.655,7.041,0.932,0.142,0.698,1842,0,0
393882,4.444,2.746,7.017,0.963,0.081,0.656,1849,0,0
393902,4.52,3.1,7.082,1.018,0.093,0.626,1856,0,0
393922,4.408,3.33,7.07,0.831,0.09,0.61,1862,0,0
393942,4.436,3.227,7.027,0.63,0.029,0.586,1867,0,0
393962,4.518,2.976,7.135,0.579,0.018,0.545,1868,0,0
393982,4.391,2.974,7.137,0.656,0.058,0.481,1869,0,0
394002,4.594,3.156,7.044,0.718,0.067,0.432,1870,0,0
394022,4.805,3.395,6.991,0.564,0.12,0.416,1870,0,0
394042,4.764,3.385,7.056,0.252,0.148,0.4,1869,0,0
394062,4.748,3.055,7.19,0.002,0.157,0.357,1869,0,0
394083,4.824,2.777,7.262,-0.004,0.164,0.3,1865,0,0
394102,5.049,2.765,7.326,0.062,0.16,0.237,1863,0,0
394122,5.21,2.849,7.384,0.02,0.124,0.18,1857,0,0
394142,5.306,2.823,7.252,-0.109,0.088,0.123,1853,0,0
394162,5.377,2.971,7.171,-0.161,0.07,0.079,1845,0,0
394182,5.588,2.978,7.099,-0.215,0.061,0.045,1840,0,0
394202,5.842,2.892,7.192,-0.201,0.06,0.003,1837,0,0
394222,5.794,2.935,7.178,-0.06,0.044,-0.06,1833,0,0
394242,5.741,3.256,6.986,0.1,-0.003,-0.109,1829,0,0
394262,5.825,3.493,6.814,0.064,-0.021,-0.121,1825,0,0
394283,5.904,3.649,6.651,-0.011,-0.038,-0.104,1822,0,0
394302,5.897,3.697,6.464,-0.062,-0.045,-0.088,1820,0,0
394322,5.959,3.699,6.371,-0.102,-0.043,-0.06,1815,0,0
394342,6.012,3.788,6.34,-0.121,-0.014,-0.031,1808,0,0
394362,5.89,3.826,6.342,-0.186,-0.004,-0.011,1806,0,0
394382,5.918,3.761,6.402,-0.264,-0.024,0.012,1802,0,0
394402,6.009,3.689,6.364,-0.245,-0.044,0.02,1798,0,0
394422,5.945,3.692,6.467,-0.225,-0.043,0.018,1795,0,0
394442,5.806,3.582,6.56,-0.225,-0.066,0.015,1793,0,0
394462,5.816,3.51,6.51,-0.155,-0.092,0.01,1791,0,0
394482,6.009,3.448,6.414,-0.053,-0.088,-0.015,1788,0,0
394502,6.012,3.534,6.529,0.026,-0.069,-0.041,1787,0,0
394522,5.811,3.677,6.651,0.072,-0.096,-0.058,1786,0,0
394542,5.763,3.855,6.634,0.124,-0.135,-0.056,1785,0,0
394562,5.99,4.015,6.644,0.165,-0.143,-0.021,1784,0,0
394582,6.167,4.197,6.797,0.161,-0.135,0.022,1779,0,0
394602,6.235,4.14,6.919,0.08,-0.165,0.062,1778,0,0
394622,6.369,4.041,6.938,0.068,-0.22,0.095,1777,0,0
394642,6.606,4.192,6.922,0.148,-0.254,0.114,1776,0,0
394662,6.718,4.116,6.917,0.191,-0.288,0.119,1776,0,0
394682,6.735,3.979,6.79,0.27,-0.336,0.126,1776,0,0
394702,6.788,4.013,6.658,0.418,-0.366,0.136,1776,0,0
394722,6.816,4.075,6.594,0.509,-0.378,0.147,1776,0,0
394742,6.642,3.965,6.431,0.516,-0.424,0.147,1775,0,0
394762,6.519,3.926,6.163,0.574,-0.515,0.148,1776,0,0
394782,6.577,3.931,5.808,0.614,-0.569,0.151,1775,0,0
394802,6.606,3.831,5.59,0.567,-0.581,0.152,1773,0,0
394822,6.546,3.649,5.344,0.587,-0.61,0.13,1773,0,0
394842,7.951,4.104,4.175,0.612,-0.806,0.083,1768,0,0
394862,9.076,4.973,3.603,0.512,-0.452,0.112,1760,0,0
394882,7.338,4.64,5.222,-0.403,0.292,0.207,1763,0,0
394903,5.897,3.519,6.539,-0.708,0.354,0.2,1768,0,0
394922,5.772,3.036,6.493,-0.054,-0.056,0.113,1770,0,0
394942,6.536,3.531,5.784,0.548,-0.345,0.019,1770,0,0
394962,7.125,4.073,5.167,0.111,-0.333,-0.06,1768,0,0
394982,7.111,3.893,4.932,-0.33,-0.167,-0.096,1768,0,0
395002,7.128,3.895,5.164,0.093,-0.153,-0.095,1769,0,0
395022,7.128,4.324,5.26,0.047,-0.185,-0.113,1770,0,0
395042,7.151,4.355,5.085,-0.25,-0.229,-0.127,1771,0,0
395062,7.202,4.446,4.877,-0.175,-0.268,-0.115,1769,0,0
395082,7.367,4.527,4.827,-0.205,-0.252,-0.108,1768,0,0
395102,7.515,4.501,4.779,-0.172,-0.214,-0.102,1765,0,0
395122,7.427,4.554,4.788,-0.034,-0.205,-0.097,1764,0,0
395142,7.362,4.575,4.705,-0.061,-0.229,-0.095,1763,0,0
395162,7.329,4.611,4.494,-0.03,-0.258,-0.082,1760,0,0
395182,7.456,4.585,4.254,0.014,-0.255,-0.057,1759,0,0
395202,7.561,4.626,4.159,0.016,-0.201,-0.024,1756,0,0
395222,7.472,4.606,4.238,0.002,-0.153,0.004,1755,0,0
395242,7.355,4.549,4.199,-0.059,-0.147,0.031,1751,0,0
395262,7.453,4.393,4.152,-0.088,-0.15,0.051,1752,0,0
395282,7.468,4.295,4.113,-0.082,-0.132,0.049,1750,0,0
395302,7.46,4.235,4.01,-0.071,-0.111,0.035,1748,0,0
395322,7.479,4.262,3.9,-0.049,-0.079,0.035,1746,0,0
395342,7.453,4.245,3.979,-0.067,-0.021,0.038,1745,0,0
395362,7.367,4.207,4.089,-0.098,0.025,0.033,1744,0,0
395382,7.353,4.164,4.168,-0.108,0.049,0.03,1745,0,0
395402,7.468,4.113,4.252,-0.108,0.073,0.024,1744,0,0
395422,7.487,4.049,4.403,-0.106,0.106,0.009,1744,0,0
395442,7.477,4.037,4.539,-0.071,0.112,-0.009,1743,0,0
395462,7.499,4.116,4.547,-0.04,0.108,-0.029,1743,0,0
395482,7.535,4.231,4.645,-0.039,0.114,-0.034,1743,0,0
395502,7.468,4.298,4.76,-0.058,0.107,-0.037,1742,0,0
395522,7.444,4.355,4.757,-0.056,0.098,-0.044,1742,0,0
395542,7.408,4.477,4.824,-0.027,0.1,-0.034,1743,0,0
395562,7.295,4.585,4.956,-0.048,0.082,-0.011,1743,0,0
395582,7.345,4.606,4.973,-0.086,0.056,0.011,1742,0,0
395602,7.357,4.575,5.011,-0.126,0.049,0.031,1742,0,0
395622,7.317,4.484,5.08,-0.152,0.035,0.048,1743,0,0
395642,7.293,4.334,5.023,-0.155,0.012,0.058,1742,0,0
395662,7.398,4.269,4.954,-0.16,0.006,0.062,1742,0,0
395682,7.372,4.108,4.958,-0.177,0.005,0.051,1741,0,0
395702,7.372,4.017,4.908,-0.138,-0.006,0.027,1741,0,0
395723,7.369,4.022,4.786,-0.074,-0.006,0.011,1741,0,0
395742,7.444,4.101,4.748,-0.075,0.011,0.013,1739,0,0
395762,7.489,4.065,4.788,-0.138,0.018,0.02,1738,0,0
395782,7.489,3.974,4.772,-0.196,-0.001,0.011,1739,0,0
395802,7.547,3.931,4.705,-0.191,-0.011,-0.006,1739,0,0
395823,7.532,3.919,4.712,-0.15,0.001,-0.035,1736,0,0
395842,7.511,4.075,4.654,-0.044,0.003,-0.059,1738,0,0
395862,7.496,4.334,4.559,0.005,0.018,-0.051,1737,0,0
395882,7.463,4.36,4.633,-0.078,0.033,-0.026,1737,0,0
395902,7.432,4.259,4.705,-0.114,0.025,-0.019,1738,0,0
395922,7.41,4.211,4.633,-0.067,0.027,-0.015,1737,0,0
395942,7.448,4.228,4.621,-0.052,0.043,-0.003,1738,0,0
395962,7.439,4.087,4.705,-0.088,0.062,-0.002,1738,0,0
395982,7.468,3.998,4.827,-0.087,0.061,-0.016,1738,0,0
396002,7.415,4.01,4.86,-0.053,0.052,-0.038,1738,0,0
396023,7.379,4.149,4.824,-0.024,0.05,-0.04,1738,0,0
396042,7.353,4.231,4.86,-0.064,0.058,-0.031,1738,0,0
396062,7.307,4.247,4.973,-0.119,0.05,-0.029,1738,0,0
396082,7.312,4.243,4.956,-0.137,0.023,-0.033,1738,0,0
396102,7.372,4.269,4.906,-0.111,0.025,-0.036,1739,0,0
396122,7.345,4.381,4.968,-0.09,0.041,-0.03,1738,0,0
396142,7.266,4.372,5.035,-0.104,0.034,-0.017,1736,0,0
396162,7.341,4.369,4.978,-0.114,0.016,-0.003,1737,0,0
396182,7.389,4.302,4.951,-0.129,0.018,0.01,1737,0,0
396202,7.374,4.164,4.956,-0.131,0.018,0.018,1736,0,0
396222,7.374,4.056,4.872,-0.103,0.011,0.011,1735,0,0
396242,7.422,4.044,4.805,-0.07,0.018,0.006,1735,0,0
396262,7.389,4.039,4.836,-0.075,0.031,-0.001,1735,0,0
396282,7.345,3.984,4.812,-0.071,0.032,-0.014,1733,0,0
396302,7.381,4.063,4.767,-0.049,0.035,-0.022,1734,0,0
396322,7.381,4.099,4.812,-0.066,0.05,-0.023,1734,0,0
396342,7.345,4.137,4.887,-0.091,0.049,-0.031,1733,0,0
396362,7.329,4.207,4.884,-0.073,0.035,-0.034,1734,0,0
396382,7.321,4.345,4.884,-0.073,0.034,-0.018,1733,0,0
396402,7.321,4.36,4.934,-0.102,0.035,0.001,1733,0,0
396422,7.374,4.305,4.97,-0.114,0.048,0.017,1732,0,0
396442,7.302,4.233,4.994,-0.119,0.056,0.018,1732,0,0
396462,7.307,4.18,5.042,-0.116,0.043,0.021,1732,0,0
396482,7.3,4.065,4.975,-0.111,0.035,0.022,1731,0,0
396502,7.329,3.967,4.922,-0.103,0.044,0.014,1731,0,0
396522,7.357,3.934,4.932,-0.075,0.059,0.006,1732,0,0
396542,7.357,3.989,5.028,-0.063,0.067,0.002,1732,0,0
396562,7.324,4.01,5.09,-0.086,0.055,-0.005,1731,0,0
396582,7.302,4.044,5.08,-0.108,0.039,-0.005,1731,0,0
396602,7.348,4.068,5.097,-0.11,0.038,-0.008,1731,0,0
396622,7.348,4.096,5.14,-0.092,0.042,-0.014,1731,0,0
396642,7.321,4.173,5.179,-0.079,0.031,-0.013,1730,0,0
396662,7.276,4.24,5.15,-0.093,0.003,-0.006,1732,0,0
396682,7.309,4.259,5.076,-0.115,-0.007,0.011,1732,0,0
396702,7.338,4.173,5.071,-0.122,0.008,0.026,1731,0,0
396722,7.293,4.101,5.131,-0.107,0.013,0.028,1731,0,0
396742,7.242,4.037,5.095,-0.096,0.001,0.023,1733,0,0
396762,7.293,3.972,4.994,-0.093,-0.005,0.02,1730,0,0
396782,7.333,3.883,4.975,-0.079,0.012,0.013,1731,0,0
396802,7.324,3.855,4.987,-0.065,0.02,0.003,1731,0,0
396822,7.345,3.893,4.966,-0.057,0.021,-0.007,1731,0,0
396842,7.381,3.924,5.047,-0.07,0.038,-0.01,1730,0,0
396862,7.319,3.97,5.133,-0.088,0.041,-0.012,1731,0,0
396882,7.307,3.991,5.174,-0.082,0.019,-0.015,1729,0,0
396902,7.357,4.087,5.169,-0.071,0.008,-0.017,1731,0,0
396922,7.336,4.149,5.231,-0.084,0.018,-0.018,1730,0,0
396942,7.302,4.166,5.25,-0.093,0.003,-0.01,1730,0,0
396962,7.312,4.149,5.181,-0.092,-0.012,0.003,1730,0,0
396982,7.288,4.077,5.119,-0.106,-0.009,0.01,1730,0,0
397002,7.293,3.972,5.085,-0.087,-0.014,0.008,1730,0,0
397022,7.293,3.95,4.961,-0.052,-0.01,0.004,1729,0,0
397042,7.324,3.898,4.978,-0.072,0.01,0.003,1730,0,0
397062,7.319,3.814,4.961,-0.09,0.014,-0.009,1730,0,0
397082,7.3,3.821,4.922,-0.047,0.01,-0.029,1730,0,0
397102,7.343,3.917,4.863,-0.027,0.021,-0.031,1729,0,0
397122,7.35,4.02,4.925,-0.059,0.048,-0.022,1729,0,0
397142,7.333,3.984,5.112,-0.093,0.056,-0.017,1730,0,0
397162,7.298,3.96,5.183,-0.086,0.032,-0.033,1730,0,0
397182,7.367,4.015,5.116,-0.069,0.017,-0.041,1730,0,0
397202,7.372,4.061,5.124,-0.077,0.024,-0.033,1730,0,0
397222,7.288,3.994,5.152,-0.085,0.016,-0.036,1730,0,0
397242,7.353,3.955,5.107,-0.037,0.005,-0.043,1731,0,0
397262,7.446,3.95,4.994,-0.006,0.003,-0.054,1732,0,0
397282,7.487,3.965,4.982,0.019,0.01,-0.068,1731,0,0
397302,7.424,3.97,5.128,0.049,0.01,-0.077,1730,0,0
397322,7.494,3.974,5.265,0.098,0.014,-0.075,1731,0,0
397342,7.623,4.063,5.377,0.154,0.004,-0.087,1731,0,0
397362,7.772,4.192,5.602,0.187,-0.027,-0.094,1731,0,0
397382,7.8,4.264,6.002,0.139,-0.057,-0.062,1731,0,0
397402,7.898,4.185,6.515,0.067,-0.069,-0.031,1732,0,0
397422,7.973,3.922,7.053,0.05,-0.11,-0.035,1734,0,0
397442,8.078,3.759,7.353,0.037,-0.206,-0.061,1734,0,0
397463,8.248,3.615,7.333,-0.005,-0.316,-0.095,1734,0,0
397482,8.595,3.677,7.185,-0.097,-0.33,-0.136,1734,0,0
397502,8.624,3.905,7.295,-0.247,-0.287,-0.191,1735,0,0
397522,8.543,4.116,7.434,-0.395,-0.273,-0.222,1735,0,0
397542,8.574,3.962,7.377,-0.38,-0.316,-0.25,1736,0,0
397562,8.497,3.725,6.977,-0.321,-0.415,-0.347,1738,0,0
397582,8.32,3.62,6.553,-0.253,-0.494,-0.464,1743,0,0
397602,8.061,3.608,5.974,-0.06,-0.556,-0.562,1748,0,0
397622,7.542,3.958,5.401,0.138,-0.619,-0.637,1758,0,0
397642,7.096,4.554,4.602,0.153,-0.699,-0.678,1764,0,0
397662,6.778,4.848,4.082,0.063,-0.717,-0.668,1770,0,0
397682,6.12,5.277,3.606,0.041,-0.725,-0.642,1776,0,0
397702,5.792,5.698,3.019,0.019,-0.791,-0.581,1785,0,0
397722,5.669,5.909,2.464,-0.064,-0.792,-0.482,1793,0,0
397742,5.6,5.923,2.301,-0.167,-0.73,-0.359,1802,0,0
397762,5.368,5.674,2.315,-0.285,-0.722,-0.26,1808,0,0
397782,5.282,5.552,2.203,-0.264,-0.746,-0.206,1813,0,0
397802,5.315,5.466,2.2,-0.227,-0.744,-0.149,1815,0,0
397822,5.708,5.303,2.033,-0.294,-0.732,-0.069,1814,0,0
397842,5.971,5.018,1.97,-0.347,-0.665,-0.011,1812,0,0
397862,6.292,4.64,2.21,-0.322,-0.585,-0.011,1808,0,0
397882,6.697,4.405,2.114,-0.184,-0.527,-0.052,1802,0,0
397902,7.14,4.463,1.987,0.001,-0.47,-0.086,1796,0,0
397922,7.415,4.657,2.049,-0.027,-0.402,-0.111,1791,0,0
397942,7.642,4.697,1.985,-0.154,-0.359,-0.134,1781,0,0
397962,7.896,4.693,1.978,-0.177,-0.302,-0.155,1778,0,0
397982,7.966,4.851,2.121,-0.115,-0.251,-0.192,1776,0,0
398002,7.951,5.018,2.167,-0.089,-0.218,-0.22,1776,0,0
398022,7.968,5.181,2.006,-0.062,-0.199,-0.227,1771,0,0
398042,8.03,5.368,1.834,-0.054,-0.148,-0.229,1760,0,0
398062,8.061,5.588,1.918,-0.092,-0.057,-0.212,1759,0,0
398082,7.982,5.681,2.227,-0.144,0.024,-0.176,1759,0,0
398102,7.963,5.765,2.55,-0.113,0.041,-0.12,1759,0,0
398122,7.865,5.811,2.739,-0.177,0.02,-0.077,1760,0,0
398142,7.946,5.631,2.665,-0.249,-0.012,-0.055,1760,0,0
398162,8.016,5.578,2.535,-0.136,0.002,-0.044,1759,0,0
398182,7.958,5.655,2.624,-0.066,0.06,-0.031,1758,0,0
398202,7.882,5.684,2.832,-0.113,0.086,-0.006,1758,0,0
398222,7.767,5.686,2.959,-0.137,0.074,0.027,1758,0,0
398242,7.738,5.514,3.005,-0.18,0.058,0.047,1757,0,0
398262,7.755,5.361,3.014,-0.163,0.064,0.042,1755,0,0
398282,7.707,5.32,3.079,-0.099,0.076,0.039,1754,0,0
398302,7.611,5.303,3.129,-0.111,0.059,0.039,1751,0,0
398322,7.633,5.243,3.22,-0.132,0.041,0.039,1748,0,0
398342,7.688,5.179,3.364,-0.107,0.03,0.034,1746,0,0
398362,7.678,5.136,3.378,-0.089,0.019,0.031,1743,0,0
398382,7.75,5.071,3.292,-0.084,-0.012,0.029,1733,0,0
398402,7.848,5.057,3.223,-0.075,-0.025,0.027,1728,0,0
398422,7.898,4.963,3.314,-0.139,-0.022,0.017,1726,0,0
398442,7.92,4.851,3.268,-0.124,-0.039,-0.009,1722,0,0
398462,7.934,4.891,3.081,-0.044,-0.051,-0.044,1720,0,0
398482,7.889,5.045,2.959,-0.038,-0.025,-0.062,1719,0,0
398502,7.819,5.157,2.942,-0.084,-0.007,-0.065,1718,0,0
398522,7.769,5.234,2.933,-0.102,-0.007,-0.06,1719,0,0
398542,7.666,5.289,2.981,-0.117,0.002,-0.056,1720,0,0
398562,7.621,5.337,3.053,-0.116,0.009,-0.047,1720,0,0
398582,7.609,5.397,3.024,-0.118,0.005,-0.031,1720,0,0
398602,7.597,5.373,2.962,-0.119,-0.002,-0.011,1720,0,0
398622,7.645,5.26,2.957,-0.124,-0.003,0.005,1720,0,0
398642,7.671,5.21,2.971,-0.108,-0.005,0.007,1719,0,0
398662,7.731,5.188,2.981,-0.121,-0.007,0.013,1719,0,0
398682,7.769,5.109,2.993,-0.153,-0.011,0.019,1719,0,0
398702,7.817,5.059,2.954,-0.128,-0.001,0.015,1718,0,0
398722,7.887,5.078,3.005,-0.139,0.021,0.016,1719,0,0
398742,7.898,4.944,3.053,-0.181,0.03,0.006,1718,0,0
398762,7.927,4.949,3.048,-0.146,0.03,-0.014,1718,0,0
398782,7.906,5.064,3.089,-0.12,0.042,-0.031,1718,0,0
398802,7.781,5.195,3.237,-0.154,0.05,-0.031,1718,0,0
398822,7.7,5.193,3.285,-0.179,0.02,-0.024,1718,0,0
398842,7.671,5.169,3.206,-0.166,-0.016,-0.029,1718,0,0
398862,7.647,5.198,3.196,-0.119,-0.011,-0.029,1718,0,0
398882,7.58,5.2,3.103,-0.082,-0.007,-0.018,1718,0,0
398902,7.609,5.157,3.033,-0.055,-0.027,-0.003,1717,0,0
398922,7.697,5.097,2.995,-0.091,-0.028,0.004,1718,0,0
398942,7.757,4.954,3.062,-0.129,-0.002,0.005,1718,0,0
398962,7.764,4.887,3.127,-0.097,0.009,-0.009,1717,0,0
398982,7.8,4.922,3.11,-0.064,0.003,-0.024,1716,0,0
399002,7.863,4.961,3.132,-0.092,0.006,-0.031,1717,0,0
399022,7.896,4.985,3.201,-0.124,0.015,-0.041,1716,0,0
399042,7.87,4.98,3.287,-0.1,0.007,-0.06,1717,0,0
399062,7.848,5.109,3.266,-0.029,-0.003,-0.074,1716,0,0
399082,7.769,5.296,3.266,-0.038,0.003,-0.073,1716,0,0
399102,7.671,5.382,3.326,-0.088,-0.005,-0.059,1717,0,0
399122,7.647,5.329,3.314,-0.088,-0.045,-0.046,1716,0,0
399142,7.748,5.365,3.156,-0.054,-0.055,-0.038,1716,0,0
399162,7.721,5.385,3.115,-0.059,-0.03,-0.026,1717,0,0
399182,7.685,5.361,3.144,-0.063,-0.024,-0.007,1716,0,0
399203,7.743,5.294,3.055,-0.063,-0.041,0.006,1714,0,0
399222,7.882,5.193,2.947,-0.091,-0.032,0.01,1716,0,0
399242,7.989,5.107,2.875,-0.099,-0.007,0.001,1716,0,0
399262,7.961,5.138,2.954,-0.076,0.026,-0.007,1717,0,0
399282,7.851,5.183,3.041,-0.08,0.042,-0.008,1715,0,0
399302,7.76,5.243,3.05,-0.064,0.045,-0.006,1714,0,0
399322,7.748,5.284,3.108,-0.076,0.052,0.004,1716,0,0
399342,7.657,5.279,3.278,-0.087,0.039,0.01,1715,0,0
399362,7.556,5.344,3.421,-0.066,0.013,0.013,1717,0,0
399382,7.535,5.344,3.433,-0.073,-0.013,0.03,1717,0,0
399402,7.513,5.229,3.318,-0.08,-0.031,0.044,1717,0,0
399422,7.568,5.097,3.225,-0.063,-0.039,0.048,1715,0,0
399442,7.582,4.99,3.191,-0.07,-0.03,0.045,1716,0,0
399462,7.633,4.913,3.146,-0.074,-0.032,0.042,1716,0,0
399482,7.707,4.858,3.112,-0.098,-0.022,0.037,1716,0,0
399502,7.829,4.774,3.201,-0.136,0.003,0.025,1715,0,0
399522,7.882,4.695,3.254,-0.134,0.0,0.005,1715,0,0
399542,7.97,4.707,3.208,-0.114,-0.007,-0.022,1716,0,0
399562,8.021,4.774,3.146,-0.107,0.004,-0.052,1715,0,0
399582,7.951,4.908,3.227,-0.075,0.017,-0.073,1716,0,0
399602,7.827,5.066,3.306,-0.064,0.001,-0.078,1716,0,0
399622,7.798,5.155,3.256,-0.077,-0.029,-0.078,1717,0,0
399642,7.767,5.21,3.177,-0.066,-0.035,-0.083,1717,0,0
399662,7.726,5.329,3.108,-0.036,-0.034,-0.077,1716,0,0
399683,7.676,5.432,3.033,-0.023,-0.036,-0.055,1716,0,0
399702,7.654,5.401,2.969,-0.041,-0.036,-0.03,1716,0,0
399722,7.685,5.344,2.895,-0.056,-0.032,-0.01,1715,0,0
399742,7.764,5.258,2.835,-0.067,-0.013,0.001,1715,0,0
399762,7.843,5.157,2.863,-0.073,0.01,0.004,1716,0,0
399782,7.877,5.09,2.892,-0.065,0.022,-0.001,1715,0,0
399802,7.927,5.09,2.974,-0.061,0.039,-0.001,1714,0,0
399822,7.92,5.092,3.108,-0.074,0.055,-0.003,1715,0,0
399842,7.872,5.109,3.251,-0.059,0.044,-0.011,1715,0,0
399862,7.851,5.152,3.266,-0.05,0.019,-0.016,1715,0,0
399882,7.851,5.198,3.223,-0.063,0.009,-0.017,1716,0,0
399902,7.807,5.21,3.194,-0.063,0.012,-0.021,1715,0,0
399922,7.695,5.298,3.206,-0.036,0.006,-0.021,1717,0,0
399942,7.657,5.373,3.206,-0.039,-0.006,-0.006,1716,0,0
399962,7.678,5.351,3.105,-0.064,-0.015,0.018,1716,0,0
399982,7.717,5.217,3.11,-0.095,-0.01,0.034,1716,0,0
400002,7.712,5.083,3.048,-0.09,-0.006,0.034,1716,0,0
400022,7.76,4.99,2.998,-0.062,-0.006,0.024,1716,0,0
400042,7.817,4.958,2.926,-0.051,0.013,0.017,1716,0,0
400062,7.855,4.925,3.005,-0.068,0.037,0.007,1716,0,0
400082,7.843,4.906,3.074,-0.089,0.045,-0.009,1716,0,0
400102,7.875,4.968,3.146,-0.076,0.044,-0.022,1716,0,0
400122,7.865,5.037,3.151,-0.072,0.048,-0.029,1716,0,0
400142,7.815,5.114,3.254,-0.077,0.047,-0.029,1717,0,0
400162,7.719,5.176,3.326,-0.064,0.03,-0.03,1716,0,0
400182,7.678,5.253,3.316,-0.046,0.005,-0.028,1716,0,0
400202,7.661,5.349,3.304,-0.06,-0.012,-0.018,1715,0,0
400223,7.661,5.344,3.225,-0.07,-0.026,-0.0,1716,0,0
400242,7.7,5.303,3.103,-0.061,-0.03,0.017,1716,0,0
400262,7.762,5.195,3.033,-0.064,-0.014,0.031,1715,0,0
400282,7.743,5.047,3.038,-0.071,-0.002,0.031,1717,0,0
400302,7.738,4.992,3.093,-0.065,0.002,0.018,1716,0,0
400322,7.75,4.949,3.079,-0.057,-0.007,0.004,1716,0,0
400342,7.851,4.999,3.096,-0.057,0.004,-0.003,1717,0,0
400362,7.879,5.004,3.215,-0.083,0.027,-0.005,1718,0,0
400382,7.875,5.021,3.314,-0.078,0.023,-0.012,1716,0,0
400402,7.819,5.1,3.323,-0.057,0.01,-0.022,1717,0,0
400422,7.755,5.25,3.409,-0.075,-0.002,-0.017,1717,0,0
400442,7.697,5.289,3.484,-0.1,-0.016,-0.005,1717,0,0
400462,7.645,5.294,3.546,-0.098,-0.046,0.002,1718,0,0
400482,7.614,5.294,3.426,-0.066,-0.072,0.012,1717,0,0
400502,7.626,5.267,3.275,-0.065,-0.076,0.036,1717,0,0
400522,7.673,5.119,3.297,-0.113,-0.073,0.055,1718,0,0
400542,7.767,4.846,3.328,-0.15,-0.084,0.054,1718,0,0
400562,7.889,4.738,3.187,-0.123,-0.102,0.029,1719,0,0
400582,7.954,4.707,3.098,-0.122,-0.097,0.004,1718,0,0
400602,7.985,4.693,3.014,-0.125,-0.084,-0.019,1719,0,0
400622,8.028,4.764,2.931,-0.101,-0.071,-0.037,1718,0,0
400642,8.097,4.87,2.854,-0.102,-0.054,-0.053,1718,0,0
400662,8.064,5.021,2.861,-0.111,-0.038,-0.061,1717,0,0
400682,7.925,5.143,2.921,-0.13,-0.029,-0.06,1717,0,0
400702,7.843,5.239,2.911,-0.141,-0.037,-0.056,1718,0,0
400722,7.824,5.294,2.892,-0.119,-0.021,-0.048,1717,0,0
400742,7.712,5.361,2.933,-0.078,-0.001,-0.034,1717,0,0
400762,7.604,5.442,2.966,-0.066,-0.01,-0.01,1717,0,0
400782,7.618,5.339,2.935,-0.131,-0.023,0.016,1717,0,0
400802,7.709,5.162,2.902,-0.164,-0.016,0.037,1717,0,0
400822,7.796,4.973,2.952,-0.136,-0.007,0.045,1718,0,0
400842,7.812,4.779,2.971,-0.104,-0.011,0.034,1718,0,0
400862,7.91,4.707,2.892,-0.088,-0.023,0.014,1718,0,0
400882,7.961,4.693,2.902,-0.092,-0.014,-0.009,1719,0,0
400902,7.898,4.697,2.981,-0.096,-0.006,-0.033,1718,0,0
400922,7.966,4.781,2.921,-0.063,-0.01,-0.05,1718,0,0
400942,8.083,4.884,2.866,-0.075,-0.002,-0.051,1717,0,0
400962,8.071,4.884,2.878,-0.124,0.014,-0.052,1717,0,0
400982,8.066,4.872,2.966,-0.092,0.009,-0.07,1718,0,0
401002,8.061,5.078,2.988,-0.032,-0.004,-0.085,1717,0,0
401022,7.932,5.315,3.05,-0.031,-0.012,-0.081,1718,0,0
401042,7.774,5.444,3.139,-0.015,-0.027,-0.059,1719,0,0
401062,7.678,5.531,3.127,0.01,-0.049,-0.04,1719,0,0
401082,7.673,5.528,3.026,-0.018,-0.062,-0.018,1719,0,0
401102,7.712,5.377,2.95,-0.066,-0.045,0.009,1718,0,0
401122,7.81,5.176,2.94,-0.054,-0.028,0.025,1718,0,0
401142,7.908,5.023,2.966,-0.054,-0.004,0.021,1719,0,0
401162,7.891,4.949,2.998,-0.076,0.013,0.001,1718,0,0
401182,7.898,4.954,3.091,-0.09,0.023,-0.013,1720,0,0
401202,7.863,4.946,3.244,-0.138,0.038,-0.016,1719,0,0
401222,7.91,4.863,3.275,-0.154,0.031,-0.024,1718,0,0
401243,7.944,4.896,3.23,-0.132,0.018,-0.037,1718,0,0
401262,7.901,4.997,3.213,-0.158,0.019,-0.045,1719,0,0
401282,7.822,5.083,3.268,-0.176,0.01,-0.043,1718,0,0
401302,7.76,5.119,3.263,-0.16,-0.008,-0.028,1720,0,0
401322,7.76,5.078,3.182,-0.141,-0.028,-0.014,1719,0,0
401342,7.762,5.004,3.074,-0.139,-0.041,-0.01,1718,0,0
401362,7.762,4.891,3.012,-0.137,-0.042,-0.018,1719,0,0
401382,7.764,4.887,2.938,-0.097,-0.046,-0.027,1719,0,0
401402,7.848,4.865,2.813,-0.078,-0.043,-0.033,1719,0,0
401422,7.927,4.853,2.825,-0.112,-0.018,-0.042,1719,0,0
401442,7.91,4.834,2.938,-0.123,-0.002,-0.061,1718,0,0
401462,7.898,4.925,2.942,-0.096,-0.016,-0.079,1719,0,0
401482,7.925,5.066,2.89,-0.088,-0.002,-0.081,1722,0,0
401502,7.918,5.167,2.911,-0.091,0.015,-0.076,1719,0,0
401522,7.934,5.231,2.99,-0.085,0.014,-0.068,1719,0,0
401542,7.937,5.303,3.019,-0.093,0.006,-0.06,1720,0,0
401562,7.915,5.361,3.01,-0.091,-0.001,-0.055,1719,0,0
401582,7.805,5.413,3.048,-0.071,-0.002,-0.041,1719,0,0
401602,7.767,5.464,2.99,-0.047,-0.014,-0.017,1720,0,0
401622,7.805,5.409,2.952,-0.057,-0.017,0.01,1720,0,0
401642,7.817,5.265,2.873,-0.078,-0.014,0.027,1720,0,0
401663,7.872,5.109,2.772,-0.071,-0.006,0.03,1720,0,0
401682,7.939,5.023,2.768,-0.062,0.013,0.025,1720,0,0
401702,7.961,4.963,2.851,-0.056,0.031,0.021,1722,0,0
401722,7.963,4.915,2.914,-0.058,0.037,0.006,1719,0,0
401742,7.973,4.911,2.942,-0.063,0.048,-0.006,1719,0,0
401762,7.906,4.942,3.017,-0.083,0.061,-0.013,1722,0,0
401783,7.865,4.982,3.089,-0.084,0.059,-0.021,1723,0,0
401802,7.788,5.03,3.153,-0.073,0.062,-0.026,1722,0,0
401822,7.669,5.076,3.273,-0.078,0.058,-0.032,1721,0,0
401842,7.611,5.116,3.345,-0.086,0.034,-0.038,1722,0,0
401862,7.623,5.092,3.266,-0.088,0.015,-0.038,1721,0,0
401882,7.678,5.119,3.091,-0.086,0.008,-0.033,1721,0,0
401902,7.839,5.112,3.091,-0.081,0.021,-0.017,1722,0,0
401922,7.824,4.992,3.165,-0.098,0.022,-0.011,1721,0,0
401942,7.8,4.934,3.065,-0.077,-0.006,-0.031,1721,0,0
401962,7.882,5.042,3.017,-0.059,-0.001,-0.041,1720,0,0
401982,7.822,5.155,3.029,-0.052,0.013,-0.049,1720,0,0
402002,7.781,5.274,3.057,-0.011,0.011,-0.048,1721,0,0
402022,7.788,5.42,3.074,-0.024,0.021,-0.026,1721,0,0
402042,7.817,5.329,3.129,-0.122,0.037,-0.001,1721,0,0
402062,7.946,5.066,3.187,-0.139,0.042,0.013,1721,0,0
402082,7.98,4.992,3.208,-0.076,0.042,0.004,1721,0,0
402102,7.896,5.109,3.215,-0.037,0.042,-0.019,1720,0,0
402122,7.752,5.282,3.476,-0.066,0.05,-0.016,1722,0,0
402142,7.575,5.341,3.721,-0.099,0.017,0.002,1722,0,0
402162,7.53,5.339,3.735,-0.076,-0.027,0.011,1722,0,0
402182,7.561,5.346,3.733,-0.086,-0.031,0.029,1722,0,0
402202,7.544,5.188,3.773,-0.142,-0.045,0.055,1723,0,0
402222,7.597,4.922,3.689,-0.136,-0.091,0.049,1722,0,0
402242,7.721,4.769,3.479,-0.123,-0.102,0.014,1721,0,0
402262,7.709,4.779,3.421,-0.16,-0.08,-0.014,1721,0,0
402282,7.642,4.764,3.388,-0.172,-0.081,-0.038,1721,0,0
402302,7.678,4.817,3.29,-0.173,-0.089,-0.056,1722,0,0
402322,7.688,4.884,3.256,-0.226,-0.073,-0.072,1721,0,0
402342,7.558,4.913,3.263,-0.274,-0.051,-0.081,1722,0,0
402362,7.453,4.887,3.33,-0.287,-0.05,-0.089,1722,0,0
402382,7.408,4.891,3.29,-0.286,-0.05,-0.096,1722,0,0
402402,7.314,4.855,3.314,-0.306,-0.053,-0.103,1722,0,0
402422,7.223,4.808,3.218,-0.353,-0.048,-0.102,1724,0,0
402442,7.142,4.69,3.235,-0.419,-0.034,-0.098,1724,0,0
402462,6.893,4.537,3.254,-0.478,-0.03,-0.1,1724,0,0
402482,6.895,4.343,3.146,-0.535,-0.057,-0.111,1725,0,0
402502,7.23,4.228,3.017,-0.582,-0.071,-0.123,1725,0,0
402522,7.374,4.185,2.969,-0.66,-0.027,-0.14,1724,0,0
402542,7.317,4.037,3.048,-0.713,0.014,-0.171,1725,0,0
402562,7.405,4.106,3.132,-0.677,0.042,-0.204,1724,0,0
402582,7.53,4.226,3.366,-0.686,0.074,-0.226,1725,0,0
402602,7.422,4.24,3.62,-0.749,0.083,-0.249,1725,0,0
402622,7.511,4.243,3.666,-0.726,0.068,-0.273,1724,0,0
402642,7.654,4.314,3.634,-0.643,0.071,-0.304,1725,0,0
402662,7.599,4.362,3.704,-0.602,0.09,-0.338,1725,0,0
402682,7.511,4.436,3.838,-0.546,0.102,-0.368,1723,0,0
402702,7.46,4.563,3.994,-0.467,0.082,-0.395,1724,0,0
402722,7.432,4.645,4.089,-0.412,0.05,-0.427,1725,0,0
402742,7.487,4.719,4.025,-0.342,0.032,-0.463,1725,0,0
402762,7.46,4.791,3.955,-0.218,0.042,-0.498,1725,0,0
402782,7.386,5.011,3.938,-0.125,0.067,-0.517,1725,0,0
402802,7.278,5.205,3.984,-0.088,0.054,-0.524,1726,0,0
402822,7.274,5.409,3.915,-0.104,0.039,-0.526,1725,0,0
402842,7.314,5.581,3.989,-0.144,0.054,-0.523,1725,0,0
402862,7.393,5.753,4.053,-0.145,0.071,-0.511,1726,0,0
402882,7.372,5.959,4.135,-0.11,0.076,-0.479,1725,0,0
402902,7.29,6.11,4.3,-0.123,0.066,-0.453,1726,0,0
402922,7.142,6.268,4.408,-0.14,0.06,-0.431,1726,0,0
402942,7.094,6.407,4.477,-0.139,0.046,-0.393,1726,0,0
402962,7.137,6.481,4.539,-0.113,0.026,-0.341,1726,0,0
402982,7.08,6.467,4.542,-0.128,0.021,-0.289,1726,0,0
403002,7.008,6.378,4.537,-0.147,0.011,-0.247,1726,0,0
403022,6.97,6.352,4.456,-0.15,0.004,-0.214,1726,0,0
403042,6.962,6.34,4.415,-0.168,0.009,-0.172,1726,0,0
403062,6.926,6.275,4.439,-0.184,0.014,-0.123,1726,0,0
403082,6.826,6.151,4.465,-0.217,0.003,-0.086,1726,0,0
403102,6.713,5.969,4.3,-0.241,0.0,-0.067,1726,0,0
403122,6.689,5.837,4.216,-0.236,0.017,-0.056,1726,0,0
403142,6.61,5.787,4.257,-0.215,0.036,-0.041,1725,0,0
403162,6.5,5.665,4.312,-0.231,0.046,-0.03,1725,0,0
403182,6.505,5.523,4.233,-0.253,0.047,-0.031,1726,0,0
403202,6.596,5.411,4.137,-0.245,0.059,-0.035,1726,0,0
403222,6.622,5.349,4.135,-0.237,0.081,-0.044,1726,0,0
403242,6.608,5.358,4.25,-0.226,0.103,-0.052,1727,0,0
403262,6.527,5.344,4.369,-0.254,0.108,-0.062,1727,0,0
403282,6.419,5.298,4.434,-0.279,0.104,-0.076,1727,0,0
403302,6.421,5.207,4.453,-0.248,0.108,-0.086,1728,0,0
403322,6.51,5.195,4.472,-0.19,0.124,-0.102,1727,0,0
403342,6.57,5.265,4.515,-0.166,0.133,-0.126,1727,0,0
403362,6.519,5.361,4.594,-0.173,0.136,-0.147,1727,0,0
403382,6.443,5.468,4.676,-0.172,0.136,-0.153,1727,0,0
403402,6.438,5.559,4.731,-0.15,0.128,-0.147,1728,0,0
403422,6.46,5.653,4.752,-0.125,0.133,-0.132,1727,0,0
403442,6.381,5.686,4.882,-0.135,0.123,-0.124,1727,0,0
403462,6.359,5.734,4.942,-0.131,0.096,-0.123,1727,0,0
403482,6.402,5.832,4.884,-0.115,0.092,-0.111,1727,0,0
403502,6.385,5.827,4.975,-0.103,0.094,-0.087,1728,0,0
403522,6.376,5.796,4.937,-0.104,0.094,-0.064,1728,0,0
403542,6.349,5.71,4.853,-0.089,0.095,-0.06,1728,0,0
403562,6.261,5.717,4.877,-0.095,0.098,-0.059,1728,0,0
403582,6.177,5.732,4.87,-0.11,0.1,-0.05,1728,0,0
403602,6.115,5.689,4.855,-0.123,0.109,-0.037,1728,0,0
403622,6.117,5.578,4.858,-0.136,0.124,-0.026,1728,0,0
403642,6.108,5.504,4.855,-0.139,0.139,-0.021,1728,0,0
403662,6.134,5.473,4.879,-0.141,0.149,-0.024,1728,0,0
403682,6.098,5.452,4.92,-0.17,0.161,-0.026,1729,0,0
403702,5.921,5.382,4.913,-0.204,0.167,-0.035,1728,0,0
403722,5.789,5.365,4.872,-0.155,0.174,-0.048,1728,0,0
403742,5.739,5.428,4.877,-0.119,0.206,-0.056,1728,0,0
403762,5.581,5.471,4.899,-0.149,0.236,-0.057,1727,0,0
403782,5.411,5.411,4.791,-0.214,0.26,-0.052,1729,0,0
403802,5.409,5.291,4.75,-0.262,0.306,-0.038,1729,0,0
403823,5.382,5.145,4.788,-0.314,0.359,-0.024,1730,0,0
403842,5.322,5.078,4.882,-0.382,0.403,-0.008,1728,0,0
403862,5.31,4.978,4.942,-0.481,0.428,0.002,1730,0,0
403882,5.454,4.848,4.97,-0.563,0.455,0.007,1727,0,0
403902,5.684,4.69,5.028,-0.613,0.495,0.012,1729,0,0
403922,5.799,4.585,5.121,-0.635,0.533,-0.008,1729,0,0
403942,5.868,4.563,5.303,-0.585,0.554,-0.053,1730,0,0
403962,5.911,4.626,5.488,-0.546,0.575,-0.104,1731,0,0
403982,5.99,4.774,5.691,-0.489,0.581,-0.132,1731,0,0
404002,6.086,4.906,5.82,-0.394,0.577,-0.137,1730,0,0
404023,5.897,5.006,6.012,-0.298,0.575,-0.156,1732,0,0
404042,5.686,5.085,6.076,-0.226,0.565,-0.189,1730,0,0
404062,5.732,5.26,6.144,-0.138,0.57,-0.21,1731,0,0
404082,5.571,5.543,6.237,-0.054,0.582,-0.193,1732,0,0
404102,5.274,5.614,6.323,-0.038,0.566,-0.173,1731,0,0
404122,5.092,5.61,6.373,-0.074,0.574,-0.149,1731,0,0
404142,4.834,5.672,6.574,-0.163,0.618,-0.136,1731,0,0
404162,4.484,5.636,6.812,-0.224,0.661,-0.1,1732,0,0
404182,4.166,5.511,7.07,-0.259,0.692,-0.034,1731,0,0
404202,3.984,5.291,7.362,-0.381,0.696,0.018,1734,0,0
404222,3.67,4.975,7.748,-0.62,0.699,0.04,1732,0,0
404242,3.177,4.671,8.126,-0.786,0.642,0.055,1735,0,0
404262,3.072,4.41,8.191,-0.768,0.53,0.057,1735,0,0
404282,3.316,4.211,8.219,-0.741,0.491,0.068,1735,0,0
404302,3.417,3.876,8.358,-0.823,0.493,0.067,1735,0,0
404322,3.565,3.553,8.387,-0.896,0.431,0.039,1737,0,0
404342,3.689,3.333,8.408,-0.942,0.341,-0.008,1737,0,0
404362,3.819,3.235,8.461,-0.93,0.269,-0.036,1737,0,0
404382,3.912,3.316,8.471,-0.885,0.228,-0.035,1738,0,0
404402,3.96,3.34,8.495,-0.926,0.209,-0.028,1738,0,0
404422,3.991,3.235,8.487,-0.925,0.2,-0.04,1736,0,0
404442,3.977,3.189,8.511,-0.795,0.202,-0.091,1739,0,0
404462,3.838,3.311,8.533,-0.697,0.21,-0.113,1738,0,0
404482,3.721,3.448,8.65,-0.721,0.201,-0.074,1738,0,0
404502,3.723,3.34,8.753,-0.79,0.18,-0.038,1736,0,0
404522,3.718,3.041,8.906,-0.781,0.18,-0.043,1738,0,0
404542,3.67,2.823,8.961,-0.594,0.168,-0.075,1738,0,0
404562,3.601,2.938,8.818,-0.379,0.171,-0.106,1738,0,0
404582,3.505,3.12,8.748,-0.427,0.197,-0.139,1737,0,0
404602,3.306,2.933,8.667,-0.597,0.208,-0.13,1738,0,0
404622,3.259,2.758,8.617,-0.55,0.206,-0.058,1736,0,0
404642,3.23,2.497,8.653,-0.568,0.234,-0.04,1738,0,0
404662,3.17,2.224,8.911,-0.502,0.273,-0.083,1737,0,0
404682,3.129,2.301,9.146,-0.264,0.285,-0.146,1737,0,0
404702,3.062,2.516,9.256,-0.232,0.279,-0.133,1737,0,0
404722,2.945,2.303,9.239,-0.371,0.224,-0.104,1738,0,0
404742,2.928,2.116,9.084,-0.3,0.163,-0.115,1739,0,0
404762,3.012,2.035,8.792,-0.281,0.168,-0.149,1737,0,0
404782,3.062,1.872,8.552,-0.331,0.238,-0.175,1736,0,0
404802,3.012,1.738,8.387,-0.282,0.341,-0.199,1737,0,0
404822,2.816,1.731,8.732,-0.171,0.378,-0.21,1738,0,0
404842,2.739,1.999,9.239,-0.032,0.346,-0.206,1737,0,0
404862,2.65,2.387,9.486,0.108,0.295,-0.191,1738,0,0
404882,2.466,2.583,9.328,0.066,0.216,-0.145,1737,0,0
404902,2.454,2.478,9.019,-0.021,0.13,-0.078,1737,0,0
404922,2.586,2.365,8.751,-0.003,0.111,-0.039,1737,0,0
404942,2.595,2.152,8.626,-0.025,0.151,-0.03,1737,0,0
404962,2.521,2.212,8.813,-0.196,0.191,-0.032,1737,0,0
404982,2.471,2.243,8.947,-0.011,0.172,-0.03,1737,0,0
405002,2.363,2.397,9.048,-0.09,0.156,-0.025,1738,0,0
405022,2.351,2.346,9.091,-0.186,0.138,-0.018,1738,0,0
405042,2.251,2.421,9.108,-0.149,0.091,-0.005,1738,0,0
405062,2.346,2.157,8.969,-0.176,0.099,-0.005,1738,0,0
405082,2.421,2.064,8.911,-0.16,0.11,-0.005,1738,0,0
405102,2.399,1.992,8.89,-0.177,0.146,-0.011,1740,0,0
405122,2.385,2.018,8.909,-0.154,0.169,-0.011,1739,0,0
405142,2.356,2.095,8.954,-0.141,0.192,-0.022,1739,0,0
405163,2.279,2.145,9.017,-0.168,0.197,-0.021,1736,0,0
405182,2.215,2.167,8.969,-0.196,0.203,0.0,1738,0,0
405202,2.078,2.107,9.057,-0.202,0.186,0.023,1738,0,0
405222,2.069,2.021,9.191,-0.207,0.16,0.037,1738,0,0
405242,2.066,1.81,9.28,-0.231,0.144,0.035,1738,0,0
405262,2.073,1.688,9.256,-0.178,0.128,0.027,1738,0,0
405282,2.093,1.64,9.285,-0.119,0.098,0.004,1738,0,0
405302,2.025,1.664,9.246,-0.068,0.083,-0.023,1737,0,0
405322,2.014,1.729,9.227,-0.038,0.064,-0.032,1738,0,0
405342,1.997,1.851,9.108,-0.005,0.051,-0.029,1737,0,0
405362,1.963,1.966,9.163,0.001,0.023,-0.02,1739,0,0
405382,1.949,2.045,9.155,-0.008,0.004,-0.007,1738,0,0
405402,1.992,2.028,9.076,-0.035,-0.002,-0.003,1738,0,0
405422,2.037,2.016,9.012,-0.056,0.002,0.001,1738,0,0
405442,2.064,2.033,9.012,-0.083,0.009,0.016,1738,0,0
405462,2.066,1.997,9.081,-0.084,0.011,0.022,1739,0,0
405482,2.054,1.932,9.112,-0.114,0.006,0.012,1739,0,0
405502,2.006,1.992,9.122,-0.112,-0.008,0.016,1740,0,0
405522,2.033,2.035,9.158,-0.101,-0.023,0.035,1738,0,0
405542,1.942,2.167,9.182,-0.099,-0.03,0.059,1739,0,0
405562,1.956,2.236,9.021,-0.186,-0.048,0.098,1739,0,0
405582,2.04,2.164,8.978,-0.274,-0.049,0.139,1741,0,0
405602,2.064,2.03,8.918,-0.316,-0.032,0.176,1740,0,0
405622,2.071,1.894,8.988,-0.34,-0.014,0.211,1741,0,0
405642,2.191,1.733,9.091,-0.353,-0.009,0.22,1742,0,0
405662,2.207,1.484,9.179,-0.382,-0.001,0.191,1742,0,0
405682,2.203,1.267,9.177,-0.395,0.003,0.159,1742,0,0
405702,2.184,1.302,9.261,-0.309,0.001,0.148,1742,0,0
405722,2.157,1.319,9.273,-0.246,-0.007,0.152,1742,0,0
405742,2.107,1.413,9.323,-0.213,-0.015,0.157,1743,0,0
405762,2.078,1.63,9.244,-0.209,-0.025,0.156,1743,0,0
405782,1.963,1.879,9.227,-0.311,-0.033,0.174,1742,0,0
405802,1.958,1.839,9.208,-0.431,-0.053,0.238,1742,0,0
405822,2.018,1.786,9.165,-0.402,-0.058,0.323,1743,0,0
405842,1.884,1.812,9.131,-0.361,-0.038,0.402,1743,0,0
405862,1.867,2.025,9.232,-0.298,-0.039,0.495,1743,0,0
405882,1.851,1.961,9.208,-0.364,-0.05,0.626,1743,0,0
405902,2.064,1.741,9.069,-0.315,-0.062,0.757,1743,0,0
405922,2.274,1.381,8.985,-0.259,-0.042,0.774,1743,0,0
405942,2.423,0.929,8.94,-0.284,0.005,0.722,1743,0,0
405962,2.454,0.725,8.847,-0.304,0.043,0.733,1743,0,0
405982,2.655,0.388,8.916,-0.203,0.057,0.766,1744,0,0
406002,2.849,-0.072,9.256,-0.236,0.08,0.726,1744,0,0
406022,2.974,-0.785,9.443,-0.347,0.078,0.595,1743,0,0
406042,3.072,-1.458,9.519,-0.203,0.054,0.42,1744,0,0
406062,3.144,-1.724,9.567,0.045,0.055,0.242,1744,0,0
406082,3.0,-1.709,9.764,-0.039,0.068,0.058,1744,0,0
406102,2.727,-1.733,9.792,0.078,0.022,-0.121,1744,0,0
406122,2.61,-1.188,9.766,0.314,-0.038,-0.31,1744,0,0
406142,2.365,-0.637,9.519,0.331,-0.058,-0.437,1744,0,0
406162,2.294,-0.115,9.469,0.257,-0.07,-0.497,1744,0,0
406182,2.109,0.12,9.476,0.146,-0.076,-0.55,1744,0,0
406202,2.037,0.323,9.5,0.047,-0.072,-0.598,1744,0,0
406222,1.961,0.484,9.577,0.008,-0.09,-0.626,1743,0,0
406242,1.997,0.706,9.409,0.047,-0.149,-0.641,1744,0,0
406262,2.212,0.852,9.335,-0.065,-0.125,-0.668,1746,0,0
406282,2.349,1.003,9.297,0.0,-0.099,-0.671,1745,0,0
406302,2.43,1.027,9.225,-0.132,-0.015,-0.678,1746,0,0
406322,2.397,1.051,9.139,-0.103,0.019,-0.701,1748,0,0
406342,2.406,1.223,9.007,-0.016,-0.017,-0.728,1749,0,0
406362,2.476,1.331,8.842,-0.063,-0.015,-0.703,1750,0,0
406382,2.535,1.381,8.82,-0.08,0.019,-0.647,1752,0,0
406402,2.612,1.63,8.77,-0.112,0.047,-0.61,1754,0,0
406422,2.641,1.611,8.657,-0.258,0.108,-0.589,1754,0,0
406442,2.512,1.554,8.65,-0.286,0.132,-0.543,1756,0,0
406462,2.392,1.578,8.78,-0.263,0.139,-0.432,1757,0,0
406482,2.375,1.65,8.954,-0.245,0.158,-0.346,1762,0,0
406502,2.296,1.518,8.904,-0.273,0.18,-0.307,1766,0,0
406522,2.296,1.417,8.861,-0.316,0.245,-0.285,1773,0,0
406542,2.243,1.393,9.079,-0.365,0.273,-0.253,1777,0,0
406562,2.037,1.195,9.17,-0.462,0.29,-0.172,1783,0,0
406582,1.87,1.003,9.347,-0.325,0.283,-0.079,1790,0,0
406602,1.784,0.721,9.426,-0.316,0.228,-0.037,1796,0,0
406622,1.923,0.481,9.471,-0.256,0.168,-0.045,1797,0,0
406642,2.083,0.338,9.443,-0.234,0.161,-0.087,1800,0,0
406662,2.215,0.041,9.357,-0.278,0.167,-0.157,1802,0,0
406682,2.291,-0.129,9.175,-0.199,0.165,-0.225,1803,0,0
406702,2.289,-0.124,9.124,-0.073,0.165,-0.312,1802,0,0
406722,2.241,-0.014,9.127,-0.025,0.163,-0.455,1808,0,0
406742,2.239,-0.187,9.222,-0.216,0.253,-0.628,1819,0,0
406762,2.035,-0.69,9.337,-0.421,0.317,-0.922,1824,0,0
406782,1.681,-0.994,9.589,-0.375,0.311,-1.338,1826,0,0
406802,1.53,-1.034,9.72,-0.196,0.28,-1.681,1829,0,0
406822,1.274,-1.01,9.955,-0.025,0.378,-1.725,1828,0,0
406842,0.539,-0.91,9.924,0.506,0.422,-1.584,1829,0,0
406862,0.074,-0.364,9.723,1.216,0.319,-1.495,1827,0,0
406882,-0.136,0.347,9.498,1.681,0.154,-1.368,1823,0,0
406903,-0.486,1.791,8.782,1.957,0.001,-1.042,1811,0,0
406922,-0.651,2.512,8.483,1.899,-0.102,-0.757,1799,0,0
406942,-0.342,3.024,8.44,1.853,-0.288,-0.486,1774,0,0
406962,0.261,3.709,8.303,1.499,-0.352,-0.276,1734,0,0
406982,0.79,4.338,7.989,1.163,-0.253,-0.08,1698,0,0
407002,0.886,4.472,7.937,0.583,-0.044,0.076,1679,0,0
407022,1.044,4.724,8.442,0.335,0.051,0.167,1669,0,0
407042,1.156,4.798,8.641,0.118,-0.005,0.164,1660,0,0
407062,1.504,4.539,8.914,-0.16,-0.051,0.164,1654,0,0
407083,1.671,4.278,9.012,-0.395,-0.041,0.285,1652,0,0
407102,1.599,3.874,9.012,-0.257,-0.079,0.433,1653,0,0
407122,1.53,3.826,9.1,-0.177,-0.166,0.444,1651,0,0
407142,1.53,3.642,9.151,-0.29,-0.353,0.393,1648,0,0
407162,1.812,3.555,8.911,-0.624,-0.467,0.408,1648,0,0
407182,1.944,3.036,8.693,-0.79,-0.459,0.473,1649,0,0
407202,1.973,2.602,8.722,-0.55,-0.417,0.511,1654,0,0
407222,2.145,2.763,8.303,-0.533,-0.274,0.447,1663,0,0
407242,2.33,2.377,7.815,-0.873,0.054,0.243,1678,0,0
407262,2.339,1.64,7.712,-1.068,0.382,0.066,1688,0,0
407282,2.322,1.336,7.726,-0.923,0.739,0.0,1697,0,0
407302,2.119,1.18,7.81,-0.661,1.363,-0.053,1702,0,0
407322,-0.843,2.272,12.948,-0.269,0.928,0.084,1713,0,0
407342,-0.402,2.811,13.606,-0.496,0.068,0.239,1713,0,0
407362,0.924,1.305,11.193,-0.965,-0.359,0.169,1722,0,0
407382,1.257,0.678,9.515,-0.448,-0.661,0.075,1710,0,0
407402,1.602,1.271,7.839,-0.194,-0.64,0.037,1687,0,0
407422,2.471,1.537,6.977,-0.177,-0.246,0.041,1691,0,0
407442,2.749,1.437,7.309,-0.426,0.296,0.007,1696,0,0
407462,2.286,0.936,7.556,-0.228,0.808,0.01,1698,0,0
407482,0.56,1.257,11.356,0.114,0.739,0.041,1712,0,0
407502,0.158,1.733,12.833,-0.033,0.202,0.073,1712,0,0
407522,0.594,1.537,10.709,-0.468,-0.246,0.023,1713,0,0
407542,0.558,1.113,9.27,-0.383,-0.616,0.022,1712,0,0
407562,1.417,1.374,8.095,0.014,-0.698,0.06,1709,0,0
407582,2.255,1.554,7.391,-0.275,-0.225,0.075,1711,0,0
407602,2.464,1.111,7.791,-0.426,0.237,0.066,1717,0,0
407622,2.423,0.577,8.303,-0.111,0.614,0.051,1720,0,0
407642,1.226,0.39,10.63,0.102,0.659,0.022,1730,0,0
407662,0.522,0.783,12.347,0.184,0.268,0.021,1734,0,0
407682,0.747,1.07,10.29,-0.021,-0.056,-0.02,1737,0,0
407702,0.939,1.082,8.624,-0.031,-0.169,-0.043,1739,0,0
407722,0.886,1.362,8.298,0.223,-0.232,-0.039,1740,0,0
407742,1.128,2.152,9.586,0.174,-0.376,0.055,1735,0,0
407762,1.08,1.961,9.833,-0.228,-0.378,0.094,1729,0,0
407782,1.245,1.743,9.852,-0.111,-0.498,0.193,1725,0,0
407802,1.46,1.652,9.737,-0.138,-0.545,0.285,1720,0,0
407822,1.724,1.475,9.328,-0.266,-0.544,0.315,1722,0,0
407842,1.92,1.164,9.084,-0.245,-0.5,0.311,1723,0,0
407862,2.093,0.989,9.048,-0.139,-0.426,0.328,1725,0,0
407882,2.215,0.939,8.942,0.014,-0.256,0.351,1726,0,0
407902,2.152,1.293,8.777,0.292,-0.088,0.392,1725,0,0
407922,2.004,1.757,8.712,0.489,0.032,0.513,1724,0,0
407942,2.033,2.088,8.712,0.416,0.13,0.645,1724,0,0
407962,2.021,2.351,8.768,0.225,0.216,0.791,1725,0,0
407982,2.131,2.538,8.763,0.022,0.26,0.943,1726,0,0
408002,2.303,2.375,8.705,-0.255,0.308,1.062,1727,0,0
408022,2.298,2.025,9.005,-0.467,0.381,1.085,1728,0,0
408042,2.334,1.484,9.069,-0.54,0.416,1.093,1733,0,0
408062,2.612,1.413,9.139,-0.513,0.396,1.029,1737,0,0
408082,2.832,1.068,9.11,-0.576,0.366,0.862,1743,0,0
408102,2.72,0.371,9.203,-0.707,0.425,0.715,1743,0,0
408122,2.528,0.342,9.17,-0.552,0.524,0.784,1746,0,0
408142,2.243,0.199,9.222,-0.306,0.616,0.991,1758,0,0
408162,1.987,0.184,9.242,0.11,0.666,1.22,1763,0,0
408182,1.563,-0.232,9.433,0.198,0.638,1.15,1766,0,0
408202,1.247,-0.666,9.838,0.392,0.424,0.876,1775,0,0
408222,1.089,-0.328,9.9,0.569,0.225,0.63,1781,0,0
408242,1.063,0.299,9.594,0.402,0.143,0.485,1788,0,0
408262,1.173,0.158,9.347,0.145,0.259,0.429,1797,0,0
408282,1.528,-0.105,8.885,0.185,0.351,0.221,1826,0,0
408302,1.269,-0.232,8.722,0.308,0.561,-0.043,1852,0,0
408322,0.867,-0.338,9.273,0.389,0.735,-0.349,1861,0,0
408342,-1.3,0.113,12.914,0.579,0.377,-0.355,1873,0,0
408362,-1.408,0.39,12.194,0.534,-0.151,-0.227,1872,0,0
408382,-0.259,0.043,9.584,0.608,-0.24,-0.219,1878,0,0
408402,-0.625,-0.002,9.201,1.258,-0.459,-0.203,1885,0,0
408422,-1.085,0.915,10.439,1.685,-1.282,-0.148,1864,0,0
408442,-0.431,2.361,10.463,1.363,-2.16,-0.269,1790,0,0
408462,1.434,3.285,9.653,0.81,-2.368,-0.583,1731,0,0
408482,2.263,3.424,8.566,-0.357,-1.929,-0.971,1702,0,0
408502,2.708,2.433,7.001,-0.551,-1.553,-1.265,1680,0,0
408522,3.318,2.155,6.27,-0.393,-0.97,-1.181,1667,0,0
408542,3.649,2.519,6.084,-0.232,-0.305,-0.895,1661,0,0
408562,3.728,3.01,6.859,-0.488,0.272,-0.654,1663,0,0
408582,3.436,3.23,7.875,-0.572,0.613,-0.503,1663,0,0
408602,2.492,3.28,9.436,-0.6,0.578,-0.516,1662,0,0
408622,2.215,3.01,10.733,-0.685,0.124,-0.466,1662,0,0
408642,2.552,2.964,10.647,-0.58,-0.293,-0.271,1662,0,0
408662,2.849,2.741,9.081,-0.475,-0.446,-0.095,1659,0,0
408682,3.072,2.227,7.544,-0.555,-0.287,0.005,1663,0,0
408702,3.297,1.671,6.809,-0.668,0.096,0.007,1677,0,0
408722,3.531,1.468,7.015,-0.674,0.646,-0.015,1697,0,0
408742,3.328,1.384,7.59,-0.637,1.16,0.005,1721,0,0
408762,1.31,1.453,8.629,-0.582,1.617,0.075,1745,0,0
408782,0.505,1.358,13.252,-0.097,0.628,0.242,1764,0,0
408802,0.625,0.496,12.213,-0.238,-0.044,0.147,1770,0,0
408822,1.058,-0.311,9.294,-0.395,-0.294,-0.002,1775,0,0
408842,1.25,0.127,8.971,0.178,-0.468,0.009,1773,0,0
408862,1.846,1.372,10.034,0.618,-0.621,0.046,1753,0,0
408882,1.858,1.791,10.039,0.207,-0.703,-0.039,1738,0,0
408902,2.215,1.583,9.227,0.075,-0.74,-0.096,1724,0,0
408922,2.677,1.458,8.413,0.194,-0.696,-0.163,1712,0,0
408942,3.005,1.405,7.975,0.221,-0.504,-0.219,1708,0,0
408962,3.27,1.401,8.064,-0.063,-0.204,-0.273,1706,0,0
408982,3.045,1.365,8.435,0.14,0.002,-0.305,1706,0,0
409002,2.777,1.513,9.057,0.27,0.089,-0.317,1706,0,0
409022,2.492,1.482,9.364,0.242,0.092,-0.338,1706,0,0
409042,2.365,1.518,9.459,0.369,0.037,-0.37,1705,0,0
409062,2.27,1.707,9.222,0.425,-0.015,-0.396,1706,0,0
409082,2.286,1.937,9.148,0.455,-0.06,-0.425,1706,0,0
409102,2.33,2.014,9.206,0.471,-0.101,-0.457,1707,0,0
409122,2.373,2.119,9.002,0.52,-0.133,-0.473,1706,0,0
409142,2.483,2.284,8.815,0.532,-0.13,-0.484,1706,0,0
409162,2.538,2.526,8.705,0.584,-0.118,-0.504,1706,0,0
409182,2.507,2.825,8.578,0.554,-0.091,-0.5,1705,0,0
409202,2.447,3.079,8.559,0.497,-0.066,-0.461,1705,0,0
409222,2.349,3.448,8.559,0.481,-0.025,-0.423,1703,0,0
409242,2.296,3.455,8.475,0.363,-0.014,-0.34,1704,0,0
409262,2.248,3.687,8.262,0.325,0.031,-0.261,1702,0,0
409282,2.195,3.843,8.294,0.227,0.032,-0.195,1702,0,0
409302,2.167,3.864,8.418,0.051,0.052,-0.125,1701,0,0
409322,2.217,3.759,8.526,-0.044,0.032,-0.056,1701,0,0
409342,2.207,3.603,8.636,-0.089,0.003,0.001,1702,0,0
409362,2.265,3.357,8.626,-0.168,-0.02,0.009,1702,0,0
409382,2.358,3.098,8.641,-0.2,-0.019,0.002,1701,0,0
409402,2.346,3.041,8.667,-0.121,-0.01,-0.009,1701,0,0
409422,2.375,3.067,8.727,-0.1,-0.013,-0.028,1701,0,0
409442,2.382,3.132,8.629,-0.067,-0.007,-0.021,1701,0,0
409462,2.32,3.27,8.545,-0.025,0.006,-0.02,1701,0,0
409482,2.255,3.364,8.691,-0.09,-0.008,-0.041,1701,0,0
409502,2.32,3.227,8.813,-0.144,-0.041,-0.05,1702,0,0
409522,2.37,3.16,8.643,-0.102,-0.041,-0.027,1702,0,0
409542,2.404,3.16,8.473,-0.065,-0.006,-0.025,1702,0,0
409562,2.394,3.232,8.509,-0.094,0.028,-0.04,1700,0,0
409582,2.322,3.211,8.689,-0.107,0.036,-0.055,1702,0,0
409602,2.255,3.232,8.796,-0.104,-0.003,-0.078,1702,0,0
409622,2.315,3.141,8.811,-0.148,-0.055,-0.1,1702,0,0
409642,2.327,3.086,8.686,-0.13,-0.062,-0.109,1702,0,0
409662,2.334,3.053,8.61,-0.115,-0.041,-0.11,1703,0,0
409682,2.385,3.117,8.607,-0.107,-0.032,-0.128,1701,0,0
409702,2.387,3.122,8.614,-0.128,-0.018,-0.137,1702,0,0
409722,2.32,3.091,8.619,-0.093,0.003,-0.129,1701,0,0
409742,2.342,3.146,8.715,-0.046,0.009,-0.123,1700,0,0
409762,2.365,3.151,8.672,-0.087,-0.008,-0.143,1700,0,0
409782,2.418,3.019,8.617,-0.108,-0.024,-0.184,1702,0,0
409802,2.406,3.069,8.423,-0.131,0.028,-0.218,1702,0,0
409822,2.413,2.947,8.633,-0.098,0.061,-0.256,1703,0,0
409842,2.313,3.072,8.684,-0.086,0.1,-0.264,1703,0,0
409862,2.325,3.086,8.633,-0.01,0.08,-0.266,1702,0,0
409882,2.286,3.187,8.425,-0.083,0.148,-0.298,1699,0,0
409902,2.157,3.151,8.349,-0.198,0.237,-0.338,1698,0,0
409922,2.045,3.213,8.66,-0.173,0.252,-0.359,1694,0,0
409942,1.887,3.419,8.847,-0.176,0.204,-0.341,1691,0,0
409962,1.86,3.349,8.887,-0.196,0.172,-0.273,1687,0,0
409982,1.851,3.385,8.715,-0.159,0.137,-0.213,1687,0,0
410002,1.856,3.213,8.602,-0.244,0.148,-0.232,1682,0,0
410022,1.908,3.01,8.528,-0.344,0.194,-0.26,1680,0,0
410042,1.86,2.964,8.607,-0.343,0.239,-0.246,1679,0,0
410062,1.633,3.072,8.978,-0.238,0.238,-0.193,1678,0,0
410082,1.458,3.261,9.232,-0.159,0.133,-0.133,1677,0,0
410102,1.441,3.232,9.067,-0.239,0.049,-0.088,1676,0,0
410122,1.513,3.136,8.878,-0.265,0.015,0.005,1677,0,0
410142,1.551,3.098,8.751,-0.199,0.053,0.132,1676,0,0
410162,1.621,3.089,8.748,-0.164,0.116,0.272,1676,0,0
410182,1.607,3.11,8.782,-0.137,0.148,0.398,1679,0,0
410202,1.585,3.06,8.88,-0.101,0.154,0.454,1678,0,0
410222,1.616,2.981,8.933,-0.182,0.152,0.521,1677,0,0
410242,1.614,2.978,8.854,-0.145,0.172,0.656,1679,0,0
410262,1.616,2.926,8.803,-0.088,0.186,0.707,1679,0,0
410282,1.733,2.792,8.622,-0.214,0.225,0.729,1679,0,0
410302,1.681,2.739,8.727,-0.31,0.313,0.775,1679,0,0
410322,1.537,2.78,9.076,-0.142,0.307,0.806,1679,0,0
410342,1.571,2.593,9.203,-0.191,0.2,0.685,1679,0,0
410362,1.676,2.433,9.141,-0.574,0.135,0.556,1679,0,0
410382,1.805,2.195,9.064,-0.545,0.122,0.511,1679,0,0
410402,1.707,2.114,8.861,-0.335,0.174,0.549,1680,0,0
410422,1.7,2.229,8.873,-0.256,0.222,0.572,1680,0,0
410442,1.693,2.131,9.019,-0.421,0.246,0.446,1681,0,0
410462,1.762,1.753,9.043,-0.594,0.245,0.292,1682,0,0
410483,1.748,1.604,9.072,-0.663,0.27,0.209,1688,0,0
410502,1.585,1.669,9.067,-0.731,0.334,0.188,1696,0,0
410522,1.585,1.614,8.964,-0.471,0.358,0.157,1712,0,0
410542,1.575,1.583,9.062,-0.691,0.44,0.05,1730,0,0
410562,1.645,1.137,8.983,-0.781,0.526,-0.049,1758,0,0
410582,1.602,1.173,8.961,-0.682,0.673,-0.05,1809,0,0
410602,1.712,1.053,9.088,-0.568,0.831,-0.112,1856,0,0
410622,1.283,0.357,9.378,-0.552,1.023,-0.258,1878,0,0
410642,-0.943,1.001,11.945,-0.332,0.839,-0.177,1902,0,0
410662,-0.929,0.814,11.21,-0.051,0.165,-0.021,1905,0,0
410682,-0.072,0.663,9.055,-0.143,-0.099,0.028,1908,0,0
410702,0.017,0.869,9.22,0.036,-0.222,0.062,1906,0,0
410722,-0.136,1.48,10.86,0.202,-0.432,0.143,1904,0,0
410742,0.124,1.197,10.422,-0.051,-0.715,0.181,1892,0,0
410762,0.644,1.142,9.603,0.021,-0.881,0.218,1873,0,0
410782,1.353,1.214,8.923,0.154,-0.841,0.172,1858,0,0
410802,1.889,1.29,8.487,-0.041,-0.621,0.091,1846,0,0
410822,2.061,1.123,8.444,-0.186,-0.376,0.041,1837,0,0
410842,2.121,0.991,8.784,-0.037,-0.162,0.023,1825,0,0
410862,1.882,1.063,8.954,-0.038,0.001,0.015,1813,0,0
410882,1.69,1.08,9.27,-0.095,0.081,-0.014,1808,0,0
410902,1.47,1.192,9.397,-0.061,0.084,-0.017,1807,0,0
410922,1.302,1.228,9.428,-0.081,0.06,0.0,1806,0,0
410942,1.353,1.166,9.392,-0.094,0.043,0.002,1803,0,0
410962,1.377,1.015,9.376,-0.108,0.033,-0.011,1804,0,0
410982,1.386,0.936,9.426,-0.107,0.019,-0.025,1804,0,0
411002,1.472,0.958,9.392,-0.058,0.017,-0.032,1803,0,0
411022,1.518,1.03,9.225,-0.043,0.04,-0.034,1802,0,0
411042,1.511,1.128,9.122,-0.032,0.098,-0.035,1799,0,0
411062,1.446,1.132,9.321,-0.039,0.119,-0.043,1798,0,0
411082,1.429,1.116,9.347,-0.046,0.124,-0.057,1797,0,0
411102,1.458,1.068,9.261,-0.047,0.146,-0.088,1796,0,0
411122,1.389,1.097,9.215,-0.059,0.187,-0.11,1797,0,0
411142,1.283,1.077,9.357,-0.064,0.205,-0.115,1798,0,0
411162,1.223,1.109,9.395,-0.039,0.206,-0.126,1798,0,0
411182,1.195,1.082,9.345,-0.041,0.202,-0.129,1801,0,0
411202,1.065,1.228,9.4,-0.039,0.197,-0.093,1799,0,0
411222,1.03,1.314,9.517,-0.018,0.155,-0.063,1802,0,0
411242,1.094,1.25,9.357,-0.06,0.139,-0.066,1803,0,0
411262,1.161,1.159,9.234,-0.113,0.168,-0.064,1802,0,0
411282,1.097,1.161,9.23,-0.079,0.201,-0.057,1803,0,0
411302,0.95,1.154,9.443,-0.067,0.197,-0.068,1804,0,0
411322,0.9,1.128,9.519,-0.089,0.173,-0.071,1803,0,0
411342,0.723,1.197,9.641,-0.058,0.128,-0.048,1805,0,0
411362,0.757,1.199,9.522,-0.033,0.066,-0.029,1805,0,0
411382,0.836,1.077,9.369,-0.095,0.047,-0.02,1805,0,0
411402,0.862,1.085,9.385,-0.073,0.048,-0.014,1806,0,0
411422,0.862,1.077,9.462,-0.03,0.031,-0.014,1808,0,0
411442,0.843,1.132,9.414,-0.048,0.023,-0.017,1807,0,0
411462,0.852,1.192,9.369,-0.052,0.011,-0.015,1807,0,0
411482,0.874,1.226,9.342,-0.043,0.004,-0.008,1808,0,0
411503,0.898,1.202,9.323,-0.068,0.009,-0.001,1809,0,0
411522,0.91,1.109,9.395,-0.083,0.019,0.009,1807,0,0
411542,0.871,1.053,9.421,-0.047,0.019,0.013,1808,0,0
411562,0.867,1.123,9.438,-0.027,0.01,-0.002,1806,0,0
411582,0.855,1.214,9.395,-0.045,0.009,-0.009,1808,0,0
411602,0.862,1.279,9.347,-0.049,0.008,-0.002,1808,0,0
411622,0.9,1.209,9.328,-0.072,0.01,0.0,1807,0,0
411642,0.836,1.176,9.412,-0.084,-0.001,0.003,1807,0,0
411662,0.867,1.161,9.371,-0.104,-0.032,0.006,1808,0,0
411682,0.895,1.092,9.378,-0.116,-0.03,0.002,1807,0,0
411702,0.883,0.996,9.486,-0.087,-0.038,-0.014,1808,0,0
411722,0.955,1.08,9.505,-0.033,-0.06,-0.015,1808,0,0
411742,1.092,1.142,9.115,-0.043,-0.013,-0.033,1809,0,0
411762,1.228,1.25,9.081,-0.031,0.081,-0.057,1817,0,0
411782,1.245,1.379,9.12,-0.069,0.183,-0.051,1832,0,0
411802,0.939,1.501,9.17,-0.082,0.379,-0.081,1850,0,0
411822,0.855,1.02,9.445,-0.127,0.224,-0.023,1867,0,0
411842,0.472,0.639,9.483,-0.126,0.063,0.011,1876,0,0
411862,0.352,0.694,9.311,-0.059,0.014,-0.008,1881,0,0
411882,0.409,0.96,9.558,-0.066,-0.075,0.018,1885,0,0
411902,0.512,1.147,9.622,0.021,-0.156,0.059,1883,0,0
411922,0.577,1.288,9.699,-0.031,-0.263,0.07,1872,0,0
411942,0.718,1.336,10.12,-0.103,-0.423,0.097,1848,0,0
411962,0.67,1.211,9.28,-0.087,-0.376,0.102,1817,0,0
411982,1.178,1.219,9.321,0.008,-0.388,0.083,1808,0,0
412002,1.441,0.982,9.175,-0.134,-0.299,0.02,1803,0,0
412023,1.496,0.869,9.009,-0.141,-0.222,-0.055,1796,0,0
412042,1.528,0.953,9.191,-0.076,-0.146,-0.1,1791,0,0
412062,1.451,0.965,9.282,-0.085,-0.081,-0.117,1783,0,0
412082,1.317,0.967,9.333,-0.015,-0.047,-0.104,1778,0,0
412102,1.219,1.168,9.364,0.066,-0.031,-0.08,1779,0,0
412122,1.185,1.35,9.457,0.017,-0.06,-0.083,1778,0,0
412142,1.207,1.243,9.392,-0.088,-0.079,-0.083,1778,0,0
412162,1.293,1.152,9.304,-0.053,-0.075,-0.051,1779,0,0
412182,1.312,1.176,9.27,0.01,-0.048,-0.011,1778,0,0
412202,1.346,1.226,9.366,0.039,-0.036,0.012,1778,0,0
412222,1.338,1.228,9.342,0.013,-0.03,0.015,1778,0,0
412242,1.307,1.18,9.325,0.001,-0.025,0.003,1777,0,0
412262,1.3,1.209,9.438,0.006,-0.038,-0.005,1777,0,0
412282,1.312,1.202,9.424,0.003,-0.054,-0.007,1777,0,0
412302,1.381,1.221,9.342,0.031,-0.062,-0.003,1776,0,0
412322,1.434,1.271,9.215,0.03,-0.046,-0.002,1776,0,0
412342,1.465,1.307,9.215,0.019,-0.019,-0.007,1776,0,0
412362,1.472,1.374,9.23,-0.001,0.005,-0.006,1776,0,0
412382,1.427,1.413,9.306,-0.006,0.007,-0.006,1775,0,0
412402,1.391,1.401,9.318,-0.033,0.005,-0.004,1775,0,0
412422,1.393,1.279,9.268,-0.019,-0.004,0.002,1774,0,0
412442,1.41,1.379,9.285,-0.042,-0.002,0.011,1773,0,0
412462,1.437,1.307,9.301,-0.1,-0.004,0.0,1773,0,0
412482,1.417,1.35,9.21,-0.025,0.009,0.005,1771,0,0
412502,1.422,1.367,9.299,-0.047,0.023,0.005,1772,0,0
412522,1.417,1.362,9.404,-0.072,0.011,-0.006,1772,0,0
412542,1.391,1.346,9.383,-0.062,-0.014,-0.011,1772,0,0
412562,1.403,1.329,9.309,-0.076,-0.015,-0.009,1772,0,0
412582,1.448,1.29,9.244,-0.075,-0.002,-0.01,1772,0,0
412602,1.425,1.331,9.287,-0.045,0.011,-0.01,1772,0,0
412622,1.427,1.348,9.268,-0.076,0.02,-0.01,1773,0,0
412642,1.427,1.362,9.354,-0.05,0.015,-0.008,1772,0,0
412662,1.384,1.353,9.352,-0.071,0.007,-0.009,1773,0,0
412682,1.393,1.329,9.352,-0.08,-0.009,-0.013,1773,0,0
412702,1.429,1.317,9.27,-0.079,-0.007,-0.013,1773,0,0
412722,1.475,1.326,9.22,-0.072,0.01,-0.01,1773,0,0
412742,1.468,1.346,9.254,-0.058,0.026,-0.006,1772,0,0
412762,1.42,1.384,9.316,-0.061,0.024,-0.007,1773,0,0
412782,1.417,1.35,9.373,-0.073,0.013,-0.006,1773,0,0
412802,1.41,1.334,9.311,-0.067,0.014,-0.001,1772,0,0
412822,1.42,1.329,9.268,-0.059,0.024,0.006,1772,0,0
412842,1.398,1.312,9.364,-0.066,0.025,0.002,1771,0,0
412862,1.36,1.257,9.333,-0.068,0.016,-0.007,1772,0,0
412882,1.415,1.259,9.349,-0.059,0.002,-0.011,1773,0,0
412902,1.415,1.384,9.311,-0.063,-0.004,-0.012,1773,0,0
412922,1.439,1.36,9.282,-0.087,0.001,-0.003,1772,0,0
412942,1.427,1.267,9.292,-0.068,0.012,-0.003,1772,0,0
412962,1.425,1.269,9.328,-0.059,0.015,-0.013,1773,0,0
412982,1.374,1.314,9.369,-0.046,0.005,-0.017,1773,0,0
413002,1.422,1.36,9.304,-0.05,-0.004,-0.016,1773,0,0
413022,1.441,1.336,9.244,-0.065,0.0,-0.011,1774,0,0
413042,1.458,1.324,9.263,-0.059,0.003,-0.007,1775,0,0
413062,1.441,1.355,9.28,-0.062,0.01,-0.005,1774,0,0
413082,1.46,1.343,9.313,-0.066,0.013,-0.003,1774,0,0
413102,1.41,1.35,9.311,-0.073,0.012,-0.002,1775,0,0
413122,1.42,1.346,9.33,-0.083,0.003,-0.003,1775,0,0
413142,1.475,1.346,9.357,-0.08,0.009,0.002,1775,0,0
413162,1.434,1.326,9.328,-0.064,0.002,0.005,1775,0,0
413182,1.437,1.281,9.38,-0.066,-0.001,0.002,1774,0,0
413202,1.429,1.293,9.354,-0.048,-0.009,0.003,1775,0,0
413222,1.463,1.298,9.342,-0.049,-0.017,0.001,1775,0,0
413242,1.458,1.295,9.292,-0.055,-0.015,-0.008,1775,0,0
413262,1.463,1.307,9.325,-0.056,-0.016,-0.015,1776,0,0
413282,1.439,1.3,9.337,-0.047,-0.011,-0.013,1776,0,0
413302,1.451,1.338,9.304,-0.042,-0.007,-0.014,1775,0,0
413322,1.475,1.324,9.311,-0.052,-0.012,-0.016,1775,0,0
413342,1.456,1.401,9.275,-0.062,-0.013,-0.016,1775,0,0
413362,1.46,1.343,9.364,-0.073,-0.028,-0.015,1774,0,0
413382,1.46,1.295,9.359,-0.084,-0.041,-0.021,1774,0,0
413402,1.487,1.238,9.467,-0.052,-0.075,-0.03,1772,0,0
413422,1.535,1.209,9.321,-0.015,-0.094,-0.034,1770,0,0
413442,1.587,1.274,9.098,-0.006,-0.073,-0.033,1766,0,0
413462,1.573,1.422,9.153,0.011,-0.027,-0.022,1764,0,0
413482,1.542,1.48,9.273,-0.006,-0.003,-0.012,1763,0,0
413502,1.513,1.46,9.385,-0.037,-0.015,-0.003,1763,0,0
413522,1.551,1.326,9.361,-0.049,-0.034,-0.011,1764,0,0
413542,1.63,1.271,9.234,-0.036,-0.027,-0.017,1765,0,0
413562,1.618,1.374,9.155,-0.008,-0.002,-0.017,1764,0,0
413582,1.607,1.48,9.23,-0.017,0.019,-0.018,1767,0,0
413602,1.554,1.47,9.33,-0.043,0.016,-0.017,1765,0,0
413622,1.518,1.484,9.333,-0.058,-0.003,-0.011,1765,0,0
413642,1.544,1.401,9.333,-0.079,-0.01,-0.003,1765,0,0
413663,1.597,1.348,9.301,-0.055,-0.012,-0.003,1765,0,0
413682,1.626,1.374,9.256,-0.042,0.0,-0.007,1765,0,0
413702,1.63,1.429,9.172,-0.031,0.018,-0.009,1766,0,0
413722,1.58,1.47,9.335,-0.046,0.019,-0.013,1765,0,0
413742,1.556,1.444,9.335,-0.065,0.005,-0.01,1766,0,0
413762,1.563,1.41,9.251,-0.066,0.002,-0.01,1765,0,0
413782,1.614,1.41,9.242,-0.056,0.011,-0.008,1764,0,0
413802,1.602,1.413,9.22,-0.068,0.022,-0.009,1764,0,0
413822,1.561,1.47,9.357,-0.061,0.013,-0.008,1765,0,0
413842,1.537,1.417,9.392,-0.084,-0.015,-0.013,1765,0,0
413862,1.604,1.36,9.256,-0.083,-0.024,-0.014,1766,0,0
413882,1.654,1.341,9.199,-0.051,-0.019,-0.013,1764,0,0
413902,1.65,1.403,9.153,-0.038,0.008,-0.013,1764,0,0
413922,1.604,1.417,9.33,-0.039,0.007,-0.018,1765,0,0
413942,1.607,1.413,9.383,-0.036,-0.016,-0.02,1765,0,0
413962,1.647,1.369,9.297,-0.015,-0.03,-0.018,1764,0,0
413982,1.65,1.365,9.23,0.035,-0.016,-0.019,1763,0,0
414002,1.616,1.408,9.297,0.047,-0.014,-0.035,1763,0,0
414022,1.525,1.377,9.483,0.068,-0.051,-0.059,1763,0,0
414042,1.544,1.396,9.562,0.084,-0.107,-0.09,1762,0,0
414062,1.618,1.401,9.328,0.098,-0.135,-0.115,1760,0,0
414082,1.599,1.46,9.177,0.118,-0.122,-0.126,1757,0,0
414102,1.578,1.42,9.464,0.217,-0.144,-0.147,1742,0,0
414122,1.669,1.664,9.491,0.243,-0.233,-0.168,1716,0,0
414142,1.784,1.748,9.005,0.117,-0.229,-0.173,1704,0,0
414162,1.827,1.834,8.88,0.148,-0.192,-0.148,1696,0,0
414182,1.848,2.018,9.055,0.222,-0.16,-0.11,1689,0,0
414202,1.81,2.169,9.131,0.142,-0.171,-0.083,1686,0,0
414222,1.726,2.061,9.029,0.262,-0.207,-0.054,1682,0,0
414242,1.796,2.121,8.971,0.086,-0.22,-0.033,1680,0,0
414262,2.045,2.248,8.933,-0.115,-0.207,-0.028,1682,0,0
414282,2.128,2.298,8.945,-0.253,-0.207,-0.042,1683,0,0
414302,2.327,2.179,8.988,-0.12,-0.189,-0.021,1684,0,0
414322,2.286,1.966,9.072,-0.316,-0.166,-0.009,1689,0,0
414342,2.241,1.573,9.172,-0.252,-0.16,-0.003,1686,0,0
414362,2.263,1.427,9.151,-0.07,-0.128,-0.008,1686,0,0
414382,2.339,1.537,9.026,-0.025,-0.086,-0.031,1685,0,0
414402,2.291,1.604,8.868,0.002,-0.034,-0.059,1686,0,0
414422,2.234,1.839,9.136,0.069,-0.012,-0.066,1685,0,0
414442,2.162,2.011,9.189,0.047,-0.018,-0.051,1684,0,0
414463,2.131,2.014,9.057,0.02,-0.032,-0.024,1682,0,0
414482,2.167,2.064,8.933,0.006,-0.024,0.004,1684,0,0
414502,2.188,2.071,8.969,-0.017,-0.003,0.027,1684,0,0
414522,2.217,2.081,9.093,-0.046,-0.008,0.036,1685,0,0
414542,2.181,2.011,9.081,-0.09,-0.025,0.038,1685,0,0
414562,2.188,1.899,9.261,-0.063,-0.066,0.041,1686,0,0
414582,2.169,1.824,9.215,-0.05,-0.102,0.031,1687,0,0
414602,2.243,1.815,9.108,-0.055,-0.124,0.013,1687,0,0
414622,2.219,1.963,9.404,-0.11,-0.19,-0.003,1686,0,0
414642,2.263,1.937,9.507,0.095,-0.293,-0.016,1685,0,0
414662,2.253,1.824,9.627,-0.025,-0.415,-0.061,1683,0,0
414682,2.066,1.355,10.59,0.137,-0.755,-0.097,1680,0,0
414702,2.205,0.601,12.005,0.493,-1.285,-0.173,1675,0,0
414722,2.354,-0.371,12.067,0.799,-1.85,-0.415,1676,0,0
414742,2.097,-0.362,10.901,1.746,-2.349,-0.863,1674,0,0
414762,2.844,0.491,9.38,2.004,-2.562,-1.179,1669,0,0
414782,3.737,2.011,6.826,1.863,-2.492,-1.359,1664,0,0
414802,4.937,2.959,5.957,1.559,-1.941,-1.434,1652,0,0
414822,5.289,4.831,5.593,1.317,-1.406,-1.334,1638,0,0
414842,4.417,5.066,5.562,1.085,-0.907,-1.062,1630,0,0
414862,4.233,6.254,5.088,0.891,-0.807,-0.796,1620,0,0
414882,4.623,6.191,4.484,0.352,-0.398,-0.472,1615,0,0
414902,4.705,5.856,4.927,0.055,0.004,-0.225,1609,0,0
414922,4.618,5.27,5.476,0.009,0.238,-0.125,1603,0,0
414942,4.166,5.131,5.65,0.199,0.348,-0.114,1601,0,0
414962,4.14,5.631,5.808,0.451,0.352,-0.041,1599,0,0
414982,4.3,6.507,5.859,0.395,0.306,0.068,1596,0,0
415002,4.286,6.297,6.302,0.014,0.26,0.171,1595,0,0
415022,4.575,5.78,6.709,-0.189,0.149,0.249,1596,0,0
415042,4.654,4.918,6.828,-0.327,0.11,0.196,1598,0,0
415062,4.525,4.568,6.692,-0.284,0.126,0.087,1599,0,0
415082,4.29,4.712,7.14,-0.237,0.104,-0.023,1601,0,0
415102,4.164,4.843,7.573,-0.246,-0.004,-0.02,1606,0,0
415122,4.228,4.978,7.532,-0.321,-0.069,0.047,1605,0,0
415142,4.377,4.875,7.319,-0.328,-0.088,0.085,1604,0,0
415162,4.532,4.626,7.144,-0.317,-0.083,0.072,1606,0,0
415182,4.652,4.633,6.943,-0.275,-0.069,0.035,1606,0,0
415202,4.635,4.788,6.718,-0.298,-0.013,-0.019,1609,0,0
415222,4.472,4.808,6.706,-0.409,0.039,-0.043,1612,0,0
415242,4.559,4.834,6.606,-0.506,0.048,-0.012,1614,0,0
415262,4.233,4.86,7.398,-0.495,-0.009,0.044,1615,0,0
415282,4.135,5.133,8.021,-0.421,-0.25,0.151,1616,0,0
415302,4.422,4.817,7.479,-0.456,-0.296,0.249,1618,0,0
415322,4.556,4.499,7.35,-0.423,-0.297,0.259,1621,0,0
415342,4.666,4.077,6.962,-0.456,-0.254,0.209,1626,0,0
415362,4.709,3.979,7.427,-0.308,-0.334,0.239,1627,0,0
415383,5.064,4.132,7.64,-0.289,-0.439,0.264,1629,0,0
415402,5.466,3.95,6.704,-0.266,-0.274,0.23,1629,0,0
415422,5.473,3.867,6.239,-0.23,-0.013,0.144,1628,0,0
415442,5.08,3.749,6.108,-0.276,0.231,0.06,1629,0,0
415462,4.803,3.725,6.433,-0.421,0.36,0.028,1628,0,0
415482,4.664,3.783,6.268,-0.56,0.514,0.045,1629,0,0
415502,4.915,4.298,7.104,-0.81,0.65,0.089,1632,0,0
415522,4.918,3.886,8.198,-1.013,0.696,0.169,1636,0,0
415542,4.793,3.347,8.78,-0.869,0.536,0.261,1641,0,0
415562,4.695,3.208,8.538,-0.654,0.404,0.309,1643,0,0
415582,4.606,2.495,8.633,-0.576,0.365,0.16,1645,0,0
415602,4.209,2.291,8.88,-0.096,0.15,0.068,1647,0,0
415622,4.116,2.689,8.605,0.459,-0.029,0.036,1648,0,0
415642,3.816,2.885,8.236,1.025,-0.344,0.104,1653,0,0
415662,4.278,3.836,7.185,0.894,-0.43,0.09,1656,0,0
415682,4.472,4.271,7.094,0.483,-0.391,0.078,1660,0,0
415702,4.221,4.171,7.63,0.107,-0.402,0.176,1666,0,0
415722,4.757,3.522,7.508,0.063,-0.364,0.227,1670,0,0
415742,5.428,3.438,7.796,0.115,-0.334,0.219,1675,0,0
415762,5.329,3.606,7.666,0.055,-0.268,0.111,1678,0,0
415782,4.982,3.67,7.077,0.058,-0.185,-0.001,1680,0,0
415802,5.059,3.852,6.819,0.03,-0.052,-0.005,1681,0,0
415822,4.978,3.575,6.551,-0.113,0.103,0.056,1683,0,0
415842,5.152,3.493,6.337,-0.019,0.262,0.124,1685,0,0
415862,4.872,3.687,6.431,-0.061,0.463,0.109,1686,0,0
415882,4.8,3.68,6.936,-0.202,0.564,0.042,1691,0,0
415902,5.143,3.67,7.374,-0.298,0.604,0.044,1694,0,0
415922,4.913,3.366,7.465,-0.29,0.705,0.132,1699,0,0
415942,4.659,3.529,7.475,0.06,0.783,0.23,1706,0,0
415962,4.235,4.341,7.889,0.104,0.745,0.225,1712,0,0
415982,4.183,3.812,8.653,-0.28,0.487,0.108,1721,0,0
416002,4.441,3.254,8.813,-0.555,0.289,0.102,1725,0,0
416022,4.384,3.108,8.351,-0.269,0.213,0.151,1727,0,0
416042,4.331,3.275,8.191,0.234,0.196,0.191,1729,0,0
416062,4.3,3.749,8.286,0.118,0.098,0.142,1735,0,0
416082,4.374,3.278,8.226,-0.205,0.004,0.094,1741,0,0
416102,4.453,2.988,7.951,-0.08,-0.053,0.079,1744,0,0
416122,4.458,3.206,7.688,0.04,-0.034,0.081,1746,0,0
416142,4.3,3.259,7.515,-0.006,0.031,0.055,1745,0,0
416162,4.271,3.208,7.556,0.023,0.028,-0.015,1746,0,0
416182,4.336,3.23,7.621,-0.031,0.028,-0.067,1748,0,0
416202,4.314,3.196,7.623,-0.058,0.05,-0.07,1748,0,0
416222,4.269,3.273,7.693,-0.037,0.074,-0.055,1748,0,0
416242,4.219,3.328,7.738,-0.067,0.107,-0.05,1748,0,0
416262,4.106,3.292,7.898,-0.153,0.134,-0.06,1750,0,0
416282,4.12,3.045,8.499,-0.081,0.046,-0.08,1749,0,0
416302,4.329,3.184,8.674,0.045,-0.102,-0.078,1748,0,0
416322,4.587,3.469,8.392,0.088,-0.154,-0.092,1745,0,0
416342,4.36,3.412,7.942,-0.119,-0.101,-0.093,1744,0,0
416362,4.13,3.065,7.774,-0.154,-0.06,-0.083,1740,0,0
416382,4.19,2.837,8.267,-0.064,-0.179,-0.11,1726,0,0
416402,4.403,2.964,8.179,0.128,-0.183,-0.19,1704,0,0
416422,4.274,3.189,8.004,0.305,-0.261,-0.238,1676,0,0
416442,4.434,3.153,8.066,0.267,-0.391,-0.298,1646,0,0
416462,4.987,3.589,7.611,0.301,-0.386,-0.32,1620,0,0
416482,4.973,3.61,6.778,0.318,-0.298,-0.351,1603,0,0
416502,4.563,3.946,6.498,0.328,-0.188,-0.377,1597,0,0
416522,4.513,4.068,7.001,0.081,-0.225,-0.448,1583,0,0
416542,4.204,4.137,6.618,-0.12,-0.112,-0.454,1535,0,0
416562,4.147,4.594,6.639,-0.08,-0.052,-0.391,1530,0,0
416582,4.451,4.975,7.623,-0.063,-0.025,-0.314,1530,0,0
416602,4.266,5.428,7.736,-0.332,0.003,-0.168,1535,0,0
416622,3.934,4.997,7.518,-0.581,0.027,-0.03,1535,0,0
416642,4.199,4.398,7.578,-0.54,0.012,0.091,1556,0,0
416662,4.36,4.137,7.254,-0.485,0.102,0.134,1569,0,0
416682,4.152,3.84,6.886,-0.469,0.243,0.129,1584,0,0
416702,4.575,3.876,7.061,-0.491,0.348,0.113,1593,0,0
416722,4.513,3.644,7.326,-0.615,0.478,0.075,1600,0,0
416742,4.128,3.067,7.745,-0.691,0.512,0.071,1609,0,0
416762,4.199,2.796,8.353,-0.519,0.372,0.084,1613,0,0
416782,4.271,3.098,8.497,-0.351,0.334,0.059,1614,0,0
416802,3.958,3.218,8.724,-0.413,0.28,-0.006,1615,0,0
416822,3.946,3.194,8.904,-0.467,0.189,-0.021,1615,0,0
416842,3.929,3.021,8.698,-0.415,0.12,-0.012,1616,0,0
416862,3.876,2.998,8.399,-0.271,0.05,-0.01,1615,0,0
416882,3.701,2.902,8.164,-0.194,0.033,-0.016,1616,0,0
416902,3.915,3.041,8.222,-0.054,-0.038,-0.023,1614,0,0
416922,4.144,3.261,8.241,-0.085,-0.034,-0.022,1613,0,0
416942,4.192,3.16,8.102,-0.219,-0.007,0.005,1611,0,0
416962,4.015,2.933,7.903,-0.188,0.036,0.028,1607,0,0
416982,3.879,3.06,7.987,-0.07,0.029,0.029,1605,0,0
417002,4.039,3.146,8.289,-0.122,0.016,0.025,1605,0,0
417022,4.025,3.029,8.289,-0.17,0.032,0.036,1605,0,0
417042,4.022,2.978,8.064,-0.16,0.051,0.046,1608,0,0
417062,3.989,2.851,7.836,-0.227,0.117,0.043,1611,0,0
417082,3.843,2.835,8.193,-0.216,0.141,0.033,1614,0,0
417102,3.9,3.041,8.65,-0.197,0.104,0.019,1615,0,0
417123,3.893,3.012,8.526,-0.214,0.07,0.025,1610,0,0
417142,3.867,2.914,8.238,-0.171,0.051,0.055,1610,0,0
417162,3.828,2.804,8.186,-0.137,0.042,0.077,1613,0,0
417182,3.711,2.777,8.586,-0.11,-0.031,0.095,1616,0,0
417202,3.728,2.796,9.055,-0.018,-0.191,0.124,1621,0,0
417222,3.773,2.861,9.184,0.048,-0.356,0.154,1625,0,0
417242,3.711,2.871,8.997,-0.001,-0.479,0.147,1631,0,0
417262,3.948,3.005,8.686,0.019,-0.592,0.138,1633,0,0
417282,4.424,2.983,8.674,-0.037,-0.719,0.195,1637,0,0
417302,4.487,2.854,8.217,-0.123,-0.763,0.241,1641,0,0
417322,4.539,2.739,7.587,-0.065,-0.788,0.238,1642,0,0
417342,4.805,2.966,7.276,-0.135,-0.733,0.225,1640,0,0
417362,4.956,2.954,7.046,-0.334,-0.592,0.25,1638,0,0
417382,5.409,2.88,6.546,-0.554,-0.385,0.294,1637,0,0
417402,6.096,2.789,5.878,-0.66,0.035,0.252,1637,0,0
417422,6.203,2.758,5.291,-0.85,0.655,0.186,1632,0,0
417442,6.163,2.909,4.901,-1.195,1.404,0.169,1621,0,0
417462,4.717,1.954,4.199,-1.763,2.28,0.147,1627,0,0
417482,1.611,0.414,6.78,-1.765,2.662,0.051,1644,0,0
417502,2.188,-0.596,17.348,-0.749,0.651,0.03,1526,0,0
417522,5.397,1.76,15.124,-0.055,-0.147,0.181,1519,0,0
417542,4.518,1.3,9.821,-0.466,0.152,0.328,1577,0,0
417562,2.569,-0.225,8.715,-0.159,-0.272,0.274,1603,0,0
417582,3.117,0.579,8.071,-0.013,-0.647,0.213,1612,0,0
417602,3.709,1.075,8.461,0.163,-0.826,0.178,1617,0,0
417622,4.484,1.46,8.847,0.34,-0.812,0.213,1621,0,0
417642,4.69,1.465,8.715,0.253,-0.617,0.222,1628,0,0
417662,4.93,1.094,8.523,0.497,-0.547,0.165,1636,0,0
417682,5.274,1.08,8.159,1.168,-0.403,0.103,1640,0,0
417702,5.329,2.195,8.095,1.541,-0.239,0.033,1646,0,0
417722,4.896,2.514,8.279,1.427,-0.16,-0.096,1649,0,0
417742,4.654,2.67,8.205,1.317,-0.185,-0.168,1656,0,0
417762,4.76,3.026,8.107,1.247,-0.167,-0.118,1661,0,0
417782,4.834,3.072,7.573,1.277,-0.101,0.006,1663,0,0
417802,4.937,3.44,7.369,1.226,0.001,0.172,1663,0,0
417822,4.673,3.457,7.523,0.934,0.042,0.152,1664,0,0
417842,4.147,3.359,7.558,0.517,-0.031,0.076,1664,0,0
417862,4.228,3.127,7.422,0.337,-0.131,0.058,1666,0,0
417882,4.652,3.184,7.53,0.311,-0.137,0.135,1665,0,0
417902,4.657,3.191,7.434,0.222,-0.07,0.208,1666,0,0
417922,4.743,3.311,7.348,0.176,-0.08,0.254,1665,0,0
417942,4.925,3.314,7.228,0.076,-0.073,0.241,1666,0,0
417962,5.035,3.187,7.482,-0.039,-0.029,0.209,1666,0,0
417982,5.195,3.194,7.757,0.05,-0.024,0.175,1667,0,0
418002,5.078,3.127,7.755,0.159,-0.033,0.13,1668,0,0
418022,5.112,3.156,7.614,0.455,-0.077,0.06,1668,0,0
418042,5.344,3.541,7.556,0.686,-0.078,-0.039,1668,0,0
418062,5.128,3.886,7.408,0.539,-0.011,-0.056,1668,0,0
418082,4.946,3.936,7.374,0.424,-0.018,-0.011,1668,0,0
418102,4.985,3.881,7.288,0.405,-0.039,0.051,1668,0,0
418122,5.03,3.845,7.226,0.372,-0.021,0.077,1669,0,0
418142,4.987,4.053,7.302,0.349,-0.006,0.082,1668,0,0
418162,4.889,4.152,7.542,0.227,-0.038,0.112,1668,0,0
418182,4.963,4.096,7.721,0.086,-0.096,0.173,1668,0,0
418202,5.133,3.943,7.779,0.033,-0.13,0.198,1669,0,0
418222,5.602,3.9,7.992,0.098,-0.155,0.179,1669,0,0
418242,5.854,3.869,8.305,0.13,-0.137,0.169,1669,0,0
418262,6.132,3.836,8.667,0.177,-0.201,0.143,1668,0,0
418282,6.613,3.876,8.54,0.326,-0.29,0.052,1669,0,0
418302,6.979,4.029,8.224,0.605,-0.27,-0.078,1668,0,0
418322,7.151,4.41,7.805,1.02,-0.177,-0.199,1670,0,0
418342,7.144,4.918,7.448,1.495,-0.084,-0.252,1668,0,0
418362,7.286,5.665,6.948,1.948,0.027,-0.227,1666,0,0
418382,6.974,6.287,6.472,2.402,0.219,-0.241,1671,0,0
418402,6.12,7.13,5.914,2.957,0.341,-0.201,1676,0,0
418422,5.657,8.231,5.171,3.248,0.343,-0.079,1689,0,0
418442,5.351,8.777,4.245,3.111,0.262,0.045,1712,0,0
418462,5.097,9.139,3.081,2.771,0.159,0.125,1743,0,0
418482,4.719,9.378,1.942,2.369,0.152,0.274,1773,0,0
418502,4.132,9.67,1.245,1.869,0.319,0.53,1799,0,0
418522,3.364,9.467,0.682,1.406,0.511,0.792,1826,0,0
418542,2.909,8.748,0.17,1.159,0.574,1.0,1849,0,0
418562,2.593,8.27,-0.275,0.946,0.636,1.211,1869,0,0
418582,2.667,7.748,0.283,0.683,0.564,1.366,1885,0,0
418602,3.021,6.967,0.869,0.406,0.577,1.468,1894,0,0
418622,3.428,6.325,0.852,0.289,0.709,1.516,1899,0,0
418642,3.836,5.971,0.922,0.511,0.859,1.511,1902,0,0
418662,3.934,5.705,1.492,0.669,1.121,1.444,1901,0,0
418682,4.168,5.404,2.619,0.717,1.244,1.379,1902,0,0
418702,4.506,5.638,3.275,0.801,1.2,1.311,1901,0,0
418722,4.829,5.715,3.998,0.589,1.208,1.238,1899,0,0
418742,5.195,5.15,4.815,0.224,1.2,1.176,1891,0,0
418762,5.325,4.693,5.102,0.188,1.154,1.093,1878,0,0
418782,5.65,4.657,5.612,0.246,1.045,0.972,1873,0,0
418802,5.95,4.324,6.294,0.017,0.935,0.862,1871,0,0
418822,6.261,3.615,6.546,-0.114,0.846,0.812,1866,0,0
418842,6.694,3.498,6.457,0.244,0.785,0.752,1860,0,0
418863,6.723,3.747,6.61,0.551,0.786,0.609,1857,0,0
418882,6.627,3.965,6.821,0.451,0.72,0.451,1850,0,0
418902,6.642,4.082,6.677,0.313,0.597,0.333,1837,0,0
418922,6.699,4.391,6.675,0.318,0.51,0.252,1821,0,0
418942,6.512,4.781,6.677,0.225,0.458,0.215,1812,0,0
418962,6.388,4.743,6.653,0.077,0.366,0.2,1810,0,0
418982,6.299,4.808,6.385,0.09,0.275,0.161,1810,0,0
419002,6.282,4.98,6.194,0.073,0.201,0.1,1810,0,0
419022,6.254,5.1,6.05,-0.071,0.134,0.056,1808,0,0
419042,6.136,4.999,5.832,-0.129,0.086,0.04,1808,0,0
419062,6.151,5.035,5.629,-0.108,0.024,0.03,1807,0,0
419082,6.112,5.133,5.315,-0.073,-0.027,0.006,1806,0,0
419102,6.187,5.114,5.131,-0.067,-0.051,-0.027,1799,0,0
419122,6.017,5.138,4.951,-0.099,-0.035,-0.059,1792,0,0
419142,5.947,5.195,4.685,-0.072,-0.052,-0.081,1782,0,0
419162,6.041,5.337,4.729,-0.021,-0.058,-0.086,1777,0,0
419182,6.215,5.286,4.702,-0.071,-0.056,-0.086,1774,0,0
419202,6.246,5.353,4.571,-0.037,-0.063,-0.102,1767,0,0
419222,6.342,5.516,4.592,0.026,-0.048,-0.115,1766,0,0
419242,6.347,5.648,4.532,0.004,-0.008,-0.102,1764,0,0
419262,6.328,5.634,4.506,-0.034,-0.012,-0.078,1764,0,0
419282,6.431,5.619,4.499,-0.02,-0.02,-0.068,1764,0,0
419302,6.476,5.66,4.477,-0.052,-0.02,-0.07,1763,0,0
419322,6.51,5.715,4.48,-0.076,-0.013,-0.066,1761,0,0
419342,6.517,5.753,4.59,-0.132,0.0,-0.059,1761,0,0
419362,6.551,5.693,4.645,-0.155,-0.03,-0.062,1762,0,0
419382,6.642,5.775,4.527,-0.068,-0.061,-0.074,1759,0,0
419402,6.598,5.93,4.573,-0.026,-0.059,-0.064,1759,0,0
419422,6.596,6.038,4.547,-0.043,-0.057,-0.029,1761,0,0
419442,6.706,6.065,4.415,-0.053,-0.052,0.008,1757,0,0
419462,6.725,6.019,4.453,-0.09,-0.044,0.029,1758,0,0
419482,6.713,5.887,4.654,-0.074,-0.042,0.035,1758,0,0
419502,6.711,5.945,4.604,-0.026,-0.03,0.063,1758,0,0
419522,6.567,5.945,4.523,-0.035,-0.018,0.09,1759,0,0
419542,6.519,5.775,4.695,-0.099,-0.011,0.107,1759,0,0
419562,6.591,5.574,4.657,-0.084,-0.051,0.119,1759,0,0
419582,6.725,5.511,4.381,-0.065,-0.09,0.111,1758,0,0
419602,6.747,5.444,4.345,-0.111,-0.081,0.091,1758,0,0
419622,6.589,5.389,4.324,-0.1,-0.073,0.072,1758,0,0
419642,6.591,5.385,4.274,0.013,-0.084,0.087,1760,0,0
419662,6.649,5.595,4.14,0.074,-0.074,0.125,1758,0,0
419682,6.574,5.54,3.998,-0.017,-0.06,0.127,1759,0,0
419702,6.546,5.272,3.989,-0.1,-0.059,0.102,1760,0,0
419722,6.675,5.205,3.96,-0.023,-0.06,0.072,1761,0,0
419742,6.788,5.382,3.924,0.065,0.006,0.092,1765,0,0
419762,6.677,5.547,3.946,0.066,0.108,0.126,1773,0,0
419782,6.558,5.392,4.125,0.028,0.146,0.123,1779,0,0
419802,6.541,5.353,4.245,0.069,0.084,0.103,1791,0,0
419822,6.584,5.488,4.262,0.09,0.053,0.107,1800,0,0
419842,6.589,5.464,4.338,0.081,0.042,0.123,1811,0,0
419862,6.783,5.399,4.137,0.134,0.011,0.122,1823,0,0
419882,6.895,5.49,3.955,0.216,0.04,0.117,1835,0,0
419902,6.943,5.605,4.118,0.195,0.062,0.132,1846,0,0
419922,6.996,5.595,4.125,0.143,0.066,0.158,1859,0,0
419942,7.013,5.607,4.144,0.114,0.089,0.178,1868,0,0
419962,7.008,5.619,4.348,0.083,0.112,0.179,1872,0,0
419982,7.087,5.54,4.362,0.043,0.086,0.175,1873,0,0
420002,7.128,5.392,4.331,-0.025,0.035,0.153,1873,0,0
420022,7.199,5.289,4.391,-0.081,0.008,0.1,1872,0,0
420042,7.228,5.272,4.413,-0.084,0.001,0.047,1871,0,0
420062,7.183,5.296,4.377,-0.047,-0.002,0.017,1871,0,0
420082,7.01,5.394,4.152,-0.017,0.001,0.009,1871,0,0
420102,7.01,5.497,4.101,-0.028,0.007,0.013,1870,0,0
420122,6.953,5.485,4.094,-0.082,0.033,0.02,1869,0,0
420142,6.828,5.377,4.094,-0.116,0.042,0.024,1868,0,0
420162,6.852,5.334,3.977,-0.088,0.052,0.025,1866,0,0
420182,6.785,5.392,4.001,-0.059,0.109,0.024,1865,0,0
420202,6.551,5.373,4.168,-0.093,0.136,0.015,1866,0,0
420222,6.567,5.294,4.266,-0.086,0.079,0.015,1864,0,0
420242,6.835,5.298,4.173,-0.087,0.047,0.025,1865,0,0
420262,6.977,5.246,4.207,-0.129,0.058,0.014,1865,0,0
420282,7.013,5.183,4.247,-0.105,0.061,-0.007,1865,0,0
420302,6.922,5.253,4.353,-0.058,0.078,-0.007,1863,0,0
420322,6.843,5.241,4.379,-0.066,0.056,-0.009,1863,0,0
420342,7.008,5.224,4.305,-0.065,-0.001,-0.025,1863,0,0
420362,7.118,5.313,4.195,-0.074,-0.018,-0.046,1860,0,0
420382,7.08,5.322,4.252,-0.1,0.003,-0.059,1859,0,0
420402,7.025,5.365,4.233,-0.032,0.012,-0.047,1856,0,0
420422,7.001,5.531,4.199,0.01,0.007,-0.038,1856,0,0
420442,6.955,5.646,4.13,-0.042,0.002,-0.038,1854,0,0
420462,6.859,5.617,4.058,-0.072,0.014,-0.027,1852,0,0
420482,6.761,5.567,3.998,-0.04,0.026,-0.023,1851,0,0
420502,6.778,5.657,3.891,0.023,0.043,-0.003,1851,0,0
420522,6.821,5.701,3.931,0.01,0.093,0.034,1851,0,0
420542,6.749,5.531,4.118,-0.048,0.095,0.064,1850,0,0
420562,6.881,5.322,4.101,-0.076,0.065,0.068,1850,0,0
420582,7.01,5.2,4.073,-0.075,0.089,0.056,1852,0,0
420602,6.95,5.112,4.238,-0.055,0.126,0.042,1852,0,0
420622,6.955,5.102,4.302,-0.007,0.119,0.028,1853,0,0
420642,6.972,5.155,4.264,0.001,0.104,0.005,1852,0,0
420662,6.91,5.179,4.451,-0.033,0.101,-0.017,1853,0,0
420682,6.862,5.234,4.561,-0.01,0.082,-0.034,1854,0,0
420702,6.766,5.322,4.487,0.033,0.062,-0.037,1854,0,0
420722,6.749,5.416,4.393,0.023,0.061,-0.033,1854,0,0
420742,6.709,5.476,4.372,-0.0,0.07,-0.029,1854,0,0
420762,6.754,5.495,4.396,-0.038,0.075,-0.022,1854,0,0
420782,6.783,5.428,4.434,-0.072,0.071,-0.025,1854,0,0
420802,6.792,5.401,4.456,-0.061,0.069,-0.032,1854,0,0
420822,6.831,5.432,4.377,-0.059,0.074,-0.034,1853,0,0
420842,6.852,5.449,4.436,-0.072,0.087,-0.031,1853,0,0
420862,6.785,5.461,4.494,-0.072,0.087,-0.033,1853,0,0
420882,6.721,5.499,4.501,-0.043,0.066,-0.032,1853,0,0
420902,6.802,5.547,4.439,-0.05,0.047,-0.024,1853,0,0
420922,6.79,5.471,4.456,-0.075,0.038,-0.025,1854,0,0
420942,6.704,5.456,4.501,-0.047,0.031,-0.03,1854,0,0
420962,6.744,5.521,4.326,0.014,0.022,-0.024,1853,0,0
420982,6.816,5.576,4.365,-0.016,0.044,-0.014,1854,0,0
421002,6.754,5.521,4.448,-0.078,0.051,-0.009,1855,0,0
421022,6.785,5.478,4.403,-0.051,0.033,-0.01,1854,0,0
421042,6.756,5.528,4.331,-0.032,0.041,-0.012,1854,0,0
421062,6.692,5.6,4.424,-0.051,0.047,-0.011,1854,0,0
421082,6.644,5.574,4.487,-0.039,0.051,-0.003,1854,0,0
421102,6.653,5.555,4.439,-0.038,0.04,0.007,1854,0,0
421122,6.732,5.531,4.434,-0.068,0.029,0.01,1854,0,0
421142,6.754,5.452,4.499,-0.102,0.038,0.007,1854,0,0
421162,6.701,5.373,4.501,-0.089,0.038,0.007,1854,0,0
421182,6.754,5.394,4.532,-0.059,0.043,0.0,1854,0,0
421202,6.711,5.385,4.53,-0.063,0.05,-0.013,1854,0,0
421222,6.668,5.435,4.527,-0.056,0.031,-0.016,1854,0,0
421242,6.673,5.428,4.554,-0.059,0.013,-0.01,1853,0,0
421262,6.721,5.423,4.52,-0.082,0.006,-0.013,1855,0,0
421282,6.732,5.454,4.475,-0.083,0.004,-0.019,1854,0,0
421302,6.687,5.444,4.405,-0.075,-0.005,-0.019,1853,0,0
421322,6.668,5.468,4.377,-0.088,0.006,-0.017,1854,0,0
421342,6.651,5.428,4.367,-0.11,0.026,-0.015,1853,0,0
421362,6.711,5.428,4.427,-0.076,0.019,-0.017,1852,0,0
421382,6.737,5.471,4.451,-0.062,0.008,-0.022,1852,0,0
421402,6.675,5.444,4.41,-0.087,0.013,-0.026,1852,0,0
421423,6.665,5.461,4.374,-0.077,0.01,-0.027,1853,0,0
421442,6.699,5.478,4.398,-0.059,0.008,-0.03,1851,0,0
421462,6.694,5.497,4.439,-0.068,0.011,-0.027,1850,0,0
421482,6.721,5.507,4.343,-0.089,0.021,-0.017,1849,0,0
421502,6.699,5.483,4.36,-0.097,0.029,-0.017,1848,0,0
421522,6.661,5.466,4.494,-0.089,0.029,-0.018,1847,0,0
421542,6.68,5.468,4.468,-0.087,0.016,-0.014,1846,0,0
421562,6.709,5.42,4.398,-0.086,0.016,-0.02,1845,0,0
421583,6.687,5.38,4.456,-0.073,0.015,-0.031,1844,0,0
421602,6.67,5.423,4.427,-0.061,0.009,-0.029,1843,0,0
421622,6.713,5.44,4.391,-0.059,0.019,-0.031,1845,0,0
421642,6.735,5.485,4.484,-0.08,0.034,-0.032,1842,0,0
421662,6.723,5.528,4.606,-0.094,0.029,-0.032,1841,0,0
421682,6.728,5.547,4.611,-0.082,0.012,-0.022,1840,0,0
421702,6.73,5.514,4.571,-0.082,0.006,-0.018,1841,0,0
421722,6.711,5.521,4.594,-0.056,-0.006,-0.029,1840,0,0
421742,6.677,5.59,4.532,-0.044,-0.028,-0.034,1840,0,0
421762,6.709,5.646,4.405,-0.051,-0.017,-0.02,1839,0,0
421782,6.62,5.622,4.451,-0.058,0.009,0.002,1840,0,0
421802,6.598,5.607,4.432,-0.08,-0.002,0.014,1840,0,0
421822,6.716,5.459,4.377,-0.116,-0.01,0.015,1841,0,0
421842,6.699,5.368,4.417,-0.096,0.019,0.008,1840,0,0
421862,6.637,5.37,4.441,-0.039,0.023,-0.001,1840,0,0
421882,6.642,5.42,4.413,-0.043,0.016,-0.002,1840,0,0
421902,6.656,5.411,4.451,-0.076,0.021,-0.003,1840,0,0
421922,6.586,5.389,4.513,-0.06,0.019,-0.009,1839,0,0
421942,6.606,5.42,4.456,-0.064,0.002,-0.011,1839,0,0
421962,6.673,5.346,4.405,-0.08,0.01,-0.013,1838,0,0
421982,6.637,5.358,4.389,-0.057,0.026,-0.024,1837,0,0
422002,6.62,5.473,4.386,-0.032,0.032,-0.029,1837,0,0
422022,6.622,5.535,4.386,-0.07,0.038,-0.025,1835,0,0
422042,6.687,5.466,4.506,-0.094,0.041,-0.022,1835,0,0
422062,6.697,5.461,4.597,-0.058,0.04,-0.028,1834,0,0
422082,6.709,5.516,4.563,-0.034,0.028,-0.029,1832,0,0
422102,6.665,5.598,4.515,-0.067,0.021,-0.022,1831,0,0
422122,6.67,5.559,4.547,-0.099,0.031,-0.016,1829,0,0
422142,6.579,5.499,4.626,-0.08,0.03,-0.016,1827,0,0
422162,6.646,5.526,4.556,-0.038,0.008,-0.01,1825,0,0
422182,6.685,5.531,4.556,-0.065,0.005,-0.006,1821,0,0
422202,6.63,5.456,4.573,-0.104,0.008,-0.007,1818,0,0
422222,6.601,5.418,4.515,-0.07,0.001,-0.014,1813,0,0
422243,6.639,5.423,4.439,-0.047,-0.015,-0.023,1809,0,0
422262,6.67,5.471,4.403,-0.054,0.002,-0.024,1808,0,0
422282,6.644,5.425,4.475,-0.074,0.013,-0.022,1807,0,0
422302,6.656,5.447,4.446,-0.074,0.014,-0.025,1806,0,0
422322,6.68,5.466,4.475,-0.067,0.015,-0.032,1805,0,0
422342,6.649,5.521,4.482,-0.056,0.022,-0.03,1806,0,0
422362,6.591,5.567,4.508,-0.051,0.012,-0.023,1804,0,0
422382,6.572,5.569,4.482,-0.07,0.002,-0.022,1805,0,0
422402,6.613,5.562,4.444,-0.061,0.007,-0.019,1805,0,0
422422,6.625,5.562,4.436,-0.048,0.011,-0.01,1804,0,0
422443,6.689,5.54,4.47,-0.081,0.021,-0.003,1804,0,0
422462,6.718,5.452,4.52,-0.1,0.032,-0.006,1804,0,0
422482,6.644,5.452,4.547,-0.038,0.015,-0.015,1803,0,0
422502,6.661,5.531,4.508,-0.038,0.007,-0.019,1803,0,0
422522,6.644,5.523,4.566,-0.074,0.019,-0.013,1803,0,0
422542,6.63,5.531,4.568,-0.045,0.008,-0.007,1804,0,0
422562,6.675,5.574,4.47,-0.045,0.0,-0.006,1801,0,0
422582,6.675,5.54,4.487,-0.091,0.016,-0.002,1802,0,0
422602,6.613,5.502,4.58,-0.074,0.018,-0.003,1802,0,0
422622,6.601,5.533,4.511,-0.036,-0.002,-0.005,1803,0,0
422642,6.63,5.535,4.451,-0.047,0.009,0.0,1802,0,0
422662,6.589,5.516,4.513,-0.076,0.019,0.005,1802,0,0
422682,6.644,5.483,4.511,-0.091,0.002,-0.003,1801,0,0
422702,6.646,5.459,4.47,-0.078,0.016,-0.008,1801,0,0
422722,6.618,5.523,4.453,-0.039,0.029,-0.002,1801,0,0
422742,6.586,5.552,4.477,-0.044,0.023,0.003,1800,0,0
422762,6.62,5.504,4.489,-0.093,0.008,0.006,1801,0,0
422782,6.622,5.44,4.525,-0.082,0.016,-0.002,1799,0,0
422802,6.586,5.449,4.547,-0.055,0.019,-0.003,1801,0,0
422822,6.584,5.466,4.496,-0.059,0.011,0.002,1799,0,0
422842,6.668,5.468,4.451,-0.076,0.007,-0.004,1800,0,0
422862,6.646,5.444,4.571,-0.064,0.019,-0.012,1800,0,0
422882,6.57,5.521,4.578,-0.038,0.013,-0.011,1798,0,0
422902,6.572,5.533,4.544,-0.05,-0.004,0.0,1798,0,0
422922,6.618,5.437,4.487,-0.077,-0.002,0.002,1798,0,0
422942,6.627,5.356,4.484,-0.062,0.004,-0.011,1798,0,0
422962,6.699,5.425,4.441,-0.043,0.007,-0.024,1797,0,0
422982,6.694,5.485,4.432,-0.056,0.017,-0.029,1796,0,0
423002,6.62,5.535,4.492,-0.067,0.035,-0.025,1797,0,0
423022,6.548,5.593,4.585,-0.056,0.03,-0.022,1796,0,0
423042,6.56,5.614,4.506,-0.059,0.006,-0.012,1795,0,0
423062,6.663,5.569,4.439,-0.084,0.008,-0.003,1795,0,0
423082,6.644,5.483,4.489,-0.074,0.02,-0.007,1794,0,0
423102,6.663,5.528,4.513,-0.045,0.011,-0.007,1793,0,0
423122,6.682,5.533,4.446,-0.063,0.016,0.002,1793,0,0
423142,6.649,5.428,4.484,-0.085,0.021,0.003,1794,0,0
423162,6.649,5.406,4.463,-0.052,0.003,-0.006,1794,0,0
423182,6.692,5.442,4.405,-0.049,0.006,-0.014,1793,0,0
423202,6.637,5.464,4.408,-0.063,0.029,-0.015,1794,0,0
423222,6.553,5.521,4.458,-0.041,0.037,-0.013,1794,0,0
423242,6.574,5.511,4.559,-0.056,0.024,-0.009,1796,0,0
423262,6.651,5.48,4.503,-0.064,0.026,-0.005,1794,0,0
423282,6.618,5.464,4.52,-0.052,0.026,-0.011,1793,0,0
423302,6.567,5.488,4.542,-0.044,0.017,-0.02,1794,0,0
423322,6.591,5.555,4.456,-0.035,0.019,-0.015,1795,0,0
423342,6.541,5.55,4.518,-0.061,0.03,-0.009,1794,0,0
423362,6.536,5.468,4.492,-0.075,0.032,-0.009,1794,0,0
423382,6.603,5.468,4.496,-0.057,0.033,-0.015,1794,0,0
423402,6.63,5.49,4.578,-0.055,0.038,-0.023,1794,0,0
423422,6.596,5.526,4.657,-0.055,0.034,-0.026,1795,0,0
423442,6.577,5.567,4.614,-0.047,0.024,-0.021,1794,0,0
423462,6.594,5.559,4.554,-0.07,0.025,-0.013,1794,0,0
423482,6.586,5.502,4.568,-0.078,0.024,-0.013,1794,0,0
423502,6.598,5.509,4.571,-0.039,0.005,-0.016,1794,0,0
423522,6.63,5.567,4.551,-0.055,0.006,-0.015,1793,0,0
423542,6.586,5.528,4.503,-0.081,0.01,-0.018,1795,0,0
423562,6.579,5.538,4.475,-0.026,0.008,-0.019,1794,0,0
423582,6.601,5.626,4.468,-0.017,0.014,-0.011,1795,0,0
423602,6.539,5.619,4.52,-0.069,0.019,-0.003,1794,0,0
423622,6.536,5.497,4.511,-0.082,0.001,0.001,1795,0,0
423642,6.625,5.459,4.436,-0.048,0.001,-0.004,1795,0,0
423662,6.627,5.454,4.444,-0.033,0.018,-0.017,1796,0,0
423682,6.579,5.521,4.405,-0.015,0.03,-0.018,1796,0,0
423702,6.603,5.567,4.429,-0.038,0.029,-0.011,1797,0,0
423722,6.596,5.466,4.535,-0.082,0.039,-0.006,1797,0,0
423742,6.541,5.382,4.611,-0.064,0.032,-0.009,1798,0,0
423762,6.601,5.382,4.484,-0.018,0.013,-0.021,1800,0,0
423782,6.558,5.363,4.566,-0.047,0.03,-0.035,1800,0,0
423802,6.364,5.303,4.712,-0.055,0.025,-0.044,1802,0,0
423822,6.498,5.25,4.791,-0.038,0.006,-0.045,1804,0,0
423842,6.56,5.157,4.968,-0.052,0.024,-0.049,1805,0,0
423862,6.56,4.973,5.476,-0.073,0.044,-0.052,1807,0,0
423882,6.634,4.573,6.246,-0.025,0.013,-0.048,1808,0,0
423902,6.579,4.384,6.989,0.131,-0.082,-0.079,1808,0,0
423922,6.337,4.535,7.642,0.138,-0.161,-0.144,1809,0,0
423942,5.969,4.628,8.361,-0.077,-0.242,-0.189,1812,0,0
423962,5.787,4.458,9.4,-0.28,-0.443,-0.176,1816,0,0
423982,5.605,4.281,10.036,-0.363,-0.708,-0.165,1822,0,0
424002,5.557,4.238,10.733,-0.471,-0.914,-0.226,1822,0,0
424022,5.437,4.298,11.243,-0.658,-1.077,-0.362,1824,0,0
424042,5.085,4.477,11.753,-0.754,-1.347,-0.508,1827,0,0
424062,4.463,4.776,11.959,-0.833,-1.727,-0.624,1834,0,0
424082,4.295,5.155,11.423,-0.973,-2.203,-0.739,1835,0,0
424102,4.017,5.696,10.942,-1.057,-2.453,-0.858,1836,0,0
424122,3.304,6.208,10.606,-1.276,-2.639,-0.951,1834,0,0
424142,3.239,6.742,10.142,-1.42,-2.894,-1.011,1836,0,0
424162,3.254,7.369,9.747,-1.551,-3.153,-1.09,1837,0,0
424182,2.784,8.325,9.275,-1.937,-3.37,-1.152,1839,0,0
424202,2.069,8.483,9.086,-2.252,-3.557,-1.212,1840,0,0
424222,1.492,8.686,8.064,-2.129,-3.851,-1.345,1840,0,0
424242,0.864,9.984,6.273,-1.793,-4.114,-1.459,1840,0,0
424262,0.328,11.15,4.899,-1.948,-4.288,-1.453,1839,0,0
424282,-0.431,11.882,2.753,-2.245,-4.391,-1.416,1839,0,0
424302,-0.898,12.421,0.342,-2.016,-4.191,-1.297,1839,0,0
424322,-0.989,13.314,-2.512,-1.654,-3.866,-1.019,1837,0,0
424342,-0.311,14.219,-5.116,-1.652,-3.52,-0.593,1834,0,0
424362,0.412,14.26,-6.251,-2.154,-3.171,-0.158,1831,0,0
424382,1.269,12.816,-6.507,-2.818,-2.757,0.13,1830,0,0
424402,2.725,11.401,-6.8,-2.706,-2.387,0.281,1826,0,0
424422,3.929,10.391,-6.744,-1.986,-2.022,0.357,1823,0,0
424442,4.597,9.639,-6.115,-1.541,-1.677,0.4,1822,0,0
424462,5.03,8.847,-5.88,-1.499,-1.461,0.362,1819,0,0
424482,5.619,8.255,-6.235,-1.28,-1.397,0.276,1815,0,0
424502,6.524,7.961,-6.273,-0.985,-1.258,0.248,1811,0,0
424522,7.017,7.597,-5.969,-0.912,-0.94,0.28,1809,0,0
424542,7.089,7.19,-5.294,-0.716,-0.722,0.292,1808,0,0
424562,7.23,6.922,-4.841,-0.534,-0.608,0.265,1808,0,0
424582,7.159,6.785,-4.693,-0.494,-0.505,0.246,1808,0,0
424602,7.331,6.534,-4.432,-0.422,-0.447,0.229,1808,0,0
424622,7.4,6.337,-3.929,-0.273,-0.355,0.198,1808,0,0
424642,7.195,6.275,-3.551,-0.172,-0.277,0.161,1808,0,0
424662,7.199,6.28,-3.452,-0.029,-0.231,0.127,1808,0,0
424682,7.113,6.256,-3.268,0.052,-0.149,0.101,1808,0,0
424702,7.178,6.237,-2.909,0.082,-0.056,0.074,1808,0,0
424722,7.281,6.158,-2.349,0.12,0.016,0.072,1808,0,0
424742,7.377,6.091,-1.911,0.079,0.067,0.079,1808,0,0
424762,7.475,5.997,-1.434,0.095,0.111,0.075,1808,0,0
424782,7.57,6.024,-1.164,0.154,0.131,0.069,1808,0,0
424803,7.764,6.017,-0.934,0.143,0.162,0.064,1807,0,0
424822,7.774,5.895,-0.503,0.136,0.201,0.078,1807,0,0
424842,7.889,5.851,-0.294,0.121,0.182,0.083,1808,0,0
424862,8.097,5.816,-0.187,0.117,0.142,0.082,1807,0,0
424882,8.124,5.753,0.002,0.074,0.138,0.082,1808,0,0
424902,8.145,5.691,0.043,0.063,0.115,0.073,1807,0,0
424922,8.258,5.691,-0.06,0.099,0.108,0.059,1807,0,0
424942,8.246,5.703,0.024,0.099,0.126,0.061,1807,0,0
424962,8.215,5.677,0.101,0.05,0.09,0.049,1807,0,0
424982,8.32,5.629,-0.053,0.042,0.03,0.033,1807,0,0
425002,8.279,5.624,-0.115,0.025,0.028,0.033,1807,0,0
425022,8.222,5.59,-0.132,-0.017,0.028,0.029,1807,0,0
425042,8.15,5.552,-0.263,-0.014,0.013,0.009,1807,0,0
425062,8.109,5.581,-0.247,-0.008,0.007,-0.013,1806,0,0
425082,8.016,5.578,-0.294,-0.03,-0.015,-0.029,1806,0,0
425102,8.001,5.617,-0.476,-0.041,-0.033,-0.035,1804,0,0
425122,7.985,5.612,-0.522,-0.038,-0.007,-0.038,1805,0,0
425142,7.922,5.607,-0.577,-0.055,0.002,-0.042,1803,0,0
425162,7.956,5.619,-0.769,-0.052,-0.006,-0.052,1803,0,0
425182,8.083,5.686,-0.79,-0.065,0.006,-0.052,1802,0,0
425202,7.963,5.65,-0.69,-0.122,0.021,-0.048,1803,0,0
425222,8.045,5.66,-0.723,-0.115,0.016,-0.054,1801,0,0
425242,8.135,5.708,-0.709,-0.091,0.021,-0.064,1801,0,0
425262,8.035,5.799,-0.622,-0.1,0.023,-0.077,1800,0,0
425282,7.958,5.887,-0.582,-0.075,0.001,-0.089,1800,0,0
425302,7.997,5.995,-0.694,-0.066,-0.011,-0.087,1800,0,0
425322,8.03,6.072,-0.73,-0.104,-0.003,-0.072,1800,0,0
425342,7.954,6.12,-0.656,-0.114,0.003,-0.055,1800,0,0
425362,7.913,6.124,-0.702,-0.106,-0.006,-0.054,1798,0,0
425382,7.977,6.179,-0.828,-0.091,-0.002,-0.047,1798,0,0
425402,7.946,6.206,-0.819,-0.097,0.021,-0.03,1798,0,0
425422,7.925,6.184,-0.702,-0.11,0.037,-0.008,1797,0,0
425442,7.954,6.17,-0.644,-0.105,0.033,0.013,1796,0,0
425462,7.915,6.105,-0.678,-0.125,0.034,0.026,1796,0,0
425482,7.939,5.993,-0.663,-0.122,0.034,0.03,1796,0,0
425502,8.016,5.942,-0.651,-0.096,0.031,0.021,1795,0,0
425522,8.054,5.916,-0.575,-0.079,0.04,0.014,1794,0,0
425542,8.023,5.871,-0.503,-0.078,0.039,0.012,1794,0,0
425562,8.033,5.88,-0.608,-0.074,0.014,0.003,1794,0,0
425582,8.033,5.873,-0.737,-0.071,0.003,-0.005,1792,0,0
425602,8.021,5.897,-0.666,-0.074,0.025,-0.012,1793,0,0
425623,7.975,5.959,-0.529,-0.058,0.033,-0.013,1792,0,0
425642,7.925,5.966,-0.572,-0.047,0.013,-0.01,1791,0,0
425662,7.982,5.94,-0.582,-0.058,0.007,-0.005,1791,0,0
425682,7.97,5.926,-0.548,-0.063,0.016,-0.004,1792,0,0
425702,7.968,5.957,-0.618,-0.046,0.021,0.003,1790,0,0
425722,7.944,5.964,-0.622,-0.076,0.035,0.017,1788,0,0
425742,7.87,5.816,-0.409,-0.11,0.029,0.012,1791,0,0
425762,7.973,5.76,-0.529,-0.072,0.0,-0.004,1788,0,0
425782,8.073,5.801,-0.666,-0.031,0.011,-0.019,1787,0,0
425802,8.047,5.887,-0.675,-0.048,0.044,-0.025,1786,0,0
425822,7.994,5.976,-0.527,-0.05,0.058,-0.014,1785,0,0
425843,7.98,5.993,-0.359,-0.072,0.032,-0.001,1785,0,0
425862,7.951,5.885,-0.323,-0.097,0.007,0.005,1787,0,0
425882,8.037,5.89,-0.46,-0.07,-0.004,-0.006,1786,0,0
425902,8.006,5.911,-0.606,-0.036,0.009,-0.012,1786,0,0
425922,7.975,5.964,-0.563,-0.036,0.025,-0.01,1784,0,0
425942,7.934,5.938,-0.498,-0.054,0.025,0.0,1785,0,0
425962,7.949,5.875,-0.555,-0.073,0.006,-0.001,1782,0,0
425982,8.028,5.818,-0.558,-0.079,0.002,-0.006,1781,0,0
426002,8.037,5.806,-0.546,-0.072,0.022,-0.016,1783,0,0
426022,8.023,5.835,-0.565,-0.051,0.02,-0.023,1782,0,0
426042,8.059,5.923,-0.63,-0.039,0.021,-0.026,1783,0,0
426062,7.987,6.012,-0.481,-0.065,0.033,-0.022,1782,0,0
426082,7.944,6.005,-0.484,-0.071,0.02,-0.014,1782,0,0
426102,7.932,5.954,-0.491,-0.067,0.006,-0.006,1784,0,0
426122,8.006,5.923,-0.584,-0.067,-0.001,-0.013,1782,0,0
426142,8.006,5.976,-0.594,-0.046,0.007,-0.023,1784,0,0
426162,8.033,6.014,-0.572,-0.032,0.021,-0.018,1783,0,0
426182,7.977,6.048,-0.613,-0.049,0.025,-0.009,1782,0,0
426202,7.966,6.033,-0.515,-0.063,0.024,0.006,1781,0,0
426222,7.975,5.974,-0.455,-0.076,0.02,0.012,1781,0,0
426243,8.068,5.914,-0.503,-0.063,0.011,0.01,1782,0,0
426262,8.011,5.916,-0.524,-0.051,0.019,0.007,1781,0,0
426282,7.98,5.895,-0.484,-0.049,0.011,0.003,1781,0,0
426302,7.977,5.921,-0.539,-0.047,0.008,0.002,1781,0,0
426322,7.982,5.906,-0.567,-0.056,0.014,0.0,1781,0,0
426342,7.999,5.921,-0.508,-0.059,0.015,0.0,1780,0,0
426362,7.937,5.895,-0.5,-0.045,0.017,-0.0,1780,0,0
426382,7.987,5.916,-0.553,-0.039,0.011,0.0,1781,0,0
426402,8.011,5.93,-0.615,-0.046,0.019,0.005,1780,0,0
426422,7.951,5.928,-0.591,-0.068,0.028,0.005,1781,0,0
426442,7.93,5.911,-0.51,-0.065,0.039,0.009,1779,0,0
426462,7.973,5.866,-0.395,-0.075,0.031,0.01,1781,0,0
426482,8.023,5.792,-0.414,-0.066,0.015,0.002,1782,0,0
426502,8.023,5.758,-0.421,-0.044,0.007,-0.007,1781,0,0
426522,8.047,5.765,-0.4,-0.025,-0.014,-0.027,1780,0,0
426542,8.131,5.866,-0.508,-0.006,-0.02,-0.035,1782,0,0
426562,8.028,5.895,-0.551,-0.021,-0.012,-0.028,1781,0,0
426582,7.949,5.897,-0.601,-0.04,-0.023,-0.024,1781,0,0
426602,7.949,5.909,-0.735,-0.052,-0.014,-0.022,1782,0,0
426622,7.944,5.902,-0.73,-0.062,0.014,-0.022,1781,0,0
426642,7.951,5.892,-0.613,-0.059,0.028,-0.02,1780,0,0
426662,7.968,5.887,-0.603,-0.07,0.028,-0.015,1780,0,0
426682,7.968,5.871,-0.62,-0.087,0.03,-0.016,1779,0,0
426702,7.987,5.887,-0.555,-0.087,0.035,-0.023,1779,0,0
426722,8.035,5.947,-0.551,-0.071,0.037,-0.025,1780,0,0
426742,8.042,5.966,-0.51,-0.063,0.036,-0.02,1779,0,0
426762,7.975,5.969,-0.405,-0.075,0.028,-0.023,1779,0,0
426782,7.949,5.933,-0.366,-0.054,0.007,-0.027,1778,0,0
426802,7.994,5.945,-0.338,-0.019,-0.011,-0.026,1779,0,0
426822,8.006,5.94,-0.378,-0.023,-0.025,-0.029,1779,0,0
426842,8.042,5.899,-0.493,-0.024,-0.043,-0.035,1778,0,0
426862,8.071,5.947,-0.582,-0.027,-0.044,-0.035,1779,0,0
426882,7.994,5.978,-0.599,-0.035,-0.032,-0.033,1779,0,0
426902,7.946,6.017,-0.678,-0.037,-0.018,-0.03,1779,0,0
426922,7.973,6.048,-0.668,-0.045,-0.005,-0.022,1778,0,0
426942,7.942,6.069,-0.69,-0.061,0.009,-0.016,1777,0,0
426962,7.946,6.05,-0.608,-0.075,0.015,-0.009,1776,0,0
426982,7.954,6.06,-0.555,-0.072,0.017,0.003,1776,0,0
427002,7.961,6.012,-0.56,-0.087,0.016,0.01,1776,0,0
427022,7.999,5.945,-0.512,-0.098,0.01,0.009,1776,0,0
427042,7.992,5.914,-0.558,-0.077,0.001,-0.002,1776,0,0
427062,7.989,5.959,-0.62,-0.047,-0.001,-0.01,1777,0,0
427082,7.944,5.993,-0.572,-0.043,0.002,-0.005,1776,0,0
427102,7.942,5.964,-0.582,-0.055,-0.008,0.001,1776,0,0
427122,7.985,5.914,-0.625,-0.065,-0.022,0.002,1776,0,0
427142,7.973,5.871,-0.646,-0.078,-0.017,-0.004,1776,0,0
427162,7.934,5.842,-0.757,-0.075,-0.017,-0.015,1775,0,0
427182,7.958,5.899,-0.836,-0.054,-0.0,-0.02,1776,0,0
427202,7.898,5.947,-0.709,-0.06,0.028,-0.015,1778,0,0
427222,7.932,5.964,-0.697,-0.075,0.02,-0.014,1778,0,0
427242,7.989,5.94,-0.651,-0.094,0.015,-0.007,1778,0,0
427263,7.968,5.892,-0.565,-0.101,0.026,-0.012,1777,0,0
427282,7.918,5.887,-0.558,-0.052,0.009,-0.021,1776,0,0
427302,7.891,6.009,-0.697,-0.01,-0.0,-0.023,1777,0,0
427322,7.908,6.053,-0.778,-0.044,-0.001,-0.018,1775,0,0
427342,7.93,6.002,-0.747,-0.07,0.024,-0.007,1775,0,0
427362,7.918,5.964,-0.737,-0.08,0.03,-0.0,1775,0,0
427382,7.97,5.918,-0.685,-0.068,0.027,-0.003,1776,0,0
427402,7.949,5.918,-0.663,-0.063,0.044,-0.009,1775,0,0
427422,7.91,5.909,-0.666,-0.057,0.041,-0.018,1775,0,0
427442,7.92,5.99,-0.625,-0.044,0.037,-0.02,1774,0,0
427462,7.922,5.971,-0.601,-0.073,0.042,-0.013,1773,0,0
427482,7.949,5.93,-0.587,-0.085,0.037,-0.008,1775,0,0
427502,8.001,5.954,-0.543,-0.056,0.038,-0.016,1775,0,0
427522,7.944,5.974,-0.436,-0.048,0.039,-0.022,1774,0,0
427542,7.927,6.002,-0.464,-0.042,0.019,-0.023,1772,0,0
427562,7.98,6.041,-0.524,-0.037,0.01,-0.021,1773,0,0
427582,7.954,6.062,-0.51,-0.054,0.011,-0.014,1774,0,0
427602,8.047,6.045,-0.543,-0.055,0.017,-0.008,1773,0,0
427622,8.025,6.007,-0.527,-0.064,0.022,-0.01,1772,0,0
