567624,5.025,7.573,3.069,-0.059,0.016,0.008,1812,0.0,0.0
567632,5.011,7.544,3.065,-0.058,0.012,0.007,1811,0.0,0.0
567641,5.04,7.515,3.069,-0.063,0.002,0.005,1812,0.0,0.0
567649,5.059,7.475,3.048,-0.068,-0.008,0.001,1812,0.0,0.0
567657,5.069,7.424,3.019,-0.067,-0.015,-0.006,1812,0.0,0.0
567665,5.104,7.432,2.935,-0.06,-0.017,-0.016,1811,0.0,0.0
567673,5.1,7.477,2.907,-0.048,-0.013,-0.024,1812,0.0,0.0
567681,5.071,7.532,2.887,-0.035,-0.005,-0.03,1810,0.0,0.0
567689,5.042,7.606,2.931,-0.026,0.004,-0.032,1811,0.0,0.0
567697,4.999,7.681,2.942,-0.021,0.01,-0.03,1813,0.0,0.0
567706,4.963,7.724,2.95,-0.024,0.014,-0.026,1813,0.0,0.0
567714,4.973,7.74,2.959,-0.033,0.018,-0.019,1810,0.0,0.0
567722,5.013,7.738,3.005,-0.044,0.021,-0.011,1813,0.0,0.0
567730,5.057,7.7,2.99,-0.063,0.026,-0.006,1812,0.0,0.0
567738,5.052,7.618,3.014,-0.086,0.028,-0.004,1812,0.0,0.0
567746,5.025,7.532,3.021,-0.102,0.03,-0.006,1813,0.0,0.0
567754,5.04,7.484,3.029,-0.103,0.031,-0.012,1810,0.0,0.0
567762,5.049,7.434,3.057,-0.093,0.029,-0.021,1812,0.0,0.0
567771,5.066,7.448,3.079,-0.083,0.03,-0.027,1810,0.0,0.0
567779,5.054,7.477,3.122,-0.075,0.029,-0.031,1811,0.0,0.0
567787,5.059,7.52,3.112,-0.073,0.028,-0.032,1812,0.0,0.0
567795,5.09,7.566,3.117,-0.074,0.025,-0.033,1811,0.0,0.0
567803,5.104,7.59,3.17,-0.077,0.022,-0.034,1812,0.0,0.0
567811,5.116,7.602,3.158,-0.082,0.018,-0.036,1811,0.0,0.0
567819,5.131,7.597,3.132,-0.083,0.014,-0.037,1812,0.0,0.0
567827,5.148,7.606,3.098,-0.079,0.011,-0.039,1812,0.0,0.0
567836,5.126,7.642,3.069,-0.072,0.01,-0.04,1812,0.0,0.0
567844,5.138,7.666,3.081,-0.066,0.011,-0.039,1811,0.0,0.0
567852,5.085,7.748,3.115,-0.062,0.011,-0.036,1813,0.0,0.0
567860,5.057,7.779,3.168,-0.063,0.01,-0.031,1811,0.0,0.0
567868,5.047,7.781,3.141,-0.068,0.006,-0.025,1811,0.0,0.0
567876,5.08,7.762,3.12,-0.074,-0.001,-0.018,1811,0.0,0.0
567884,5.131,7.752,3.1,-0.077,-0.006,-0.011,1816,0.0,0.0
567892,5.167,7.724,3.074,-0.077,-0.006,-0.007,1811,0.0,0.0
567900,5.2,7.697,3.012,-0.08,-0.004,-0.004,1812,0.0,0.0
567908,5.207,7.652,3.021,-0.083,0.001,-0.004,1812,0.0,0.0
567917,5.179,7.609,3.055,-0.08,0.002,-0.006,1811,0.0,0.0
567925,5.143,7.599,3.06,-0.07,0.002,-0.009,1810,0.0,0.0
567933,5.1,7.609,3.05,-0.058,-0.001,-0.01,1813,0.0,0.0
567941,5.069,7.635,3.048,-0.048,-0.005,-0.01,1812,0.0,0.0
567949,5.037,7.664,3.033,-0.047,-0.008,-0.007,1812,0.0,0.0
567957,5.013,7.652,2.976,-0.055,-0.007,-0.003,1813,0.0,0.0
567965,5.006,7.635,3.0,-0.064,-0.004,0.002,1812,0.0,0.0
567973,5.016,7.585,2.974,-0.072,0.001,0.004,1811,0.0,0.0
567981,5.016,7.554,2.938,-0.075,0.006,0.002,1812,0.0,0.0
567989,5.047,7.527,2.969,-0.071,0.011,-0.0,1812,0.0,0.0
567998,5.069,7.489,2.959,-0.066,0.012,-0.004,1813,0.0,0.0
568006,5.076,7.484,2.95,-0.061,0.013,-0.007,1811,0.0,0.0
568014,5.078,7.482,2.947,-0.059,0.012,-0.009,1810,0.0,0.0
568022,5.1,7.472,2.971,-0.059,0.014,-0.013,1813,0.0,0.0
568030,5.095,7.506,2.978,-0.06,0.016,-0.016,1810,0.0,0.0
568039,5.095,7.513,2.981,-0.059,0.018,-0.02,1815,0.0,0.0
568047,5.078,7.544,3.026,-0.056,0.019,-0.022,1812,0.0,0.0
568055,5.083,7.57,3.007,-0.052,0.018,-0.022,1813,0.0,0.0
568063,5.066,7.609,3.021,-0.048,0.017,-0.022,1811,0.0,0.0
568071,5.061,7.621,3.012,-0.047,0.016,-0.022,1812,0.0,0.0
568079,5.03,7.618,2.995,-0.048,0.014,-0.021,1812,0.0,0.0
568088,5.013,7.647,2.988,-0.049,0.01,-0.022,1812,0.0,0.0
568096,5.028,7.635,2.974,-0.049,0.007,-0.022,1813,0.0,0.0
568104,5.033,7.609,2.954,-0.048,0.005,-0.019,1812,0.0,0.0
568112,5.08,7.623,2.957,-0.048,0.006,-0.018,1812,0.0,0.0
568120,5.104,7.638,2.976,-0.047,0.01,-0.018,1811,0.0,0.0
568128,5.083,7.63,2.952,-0.048,0.015,-0.017,1813,0.0,0.0
568136,5.095,7.649,2.957,-0.05,0.019,-0.016,1812,0.0,0.0
568144,5.104,7.666,2.971,-0.051,0.023,-0.015,1812,0.0,0.0
568153,5.119,7.661,2.995,-0.05,0.024,-0.013,1812,0.0,0.0
568161,5.114,7.659,3.033,-0.047,0.025,-0.013,1810,0.0,0.0
568169,5.1,7.647,3.06,-0.043,0.026,-0.015,1810,0.0,0.0
568177,5.102,7.647,3.05,-0.042,0.023,-0.017,1811,0.0,0.0
568185,5.119,7.657,3.069,-0.041,0.019,-0.017,1815,0.0,0.0
568193,5.133,7.685,3.05,-0.038,0.016,-0.014,1811,0.0,0.0
568201,5.131,7.731,3.086,-0.034,0.014,-0.013,1811,0.0,0.0
568209,5.14,7.75,3.077,-0.038,0.015,-0.009,1812,0.0,0.0
568217,5.116,7.757,3.105,-0.046,0.015,-0.005,1811,0.0,0.0
568226,5.109,7.74,3.081,-0.053,0.014,-0.001,1809,0.0,0.0
568234,5.097,7.705,3.089,-0.059,0.011,0.003,1809,0.0,0.0
568242,5.08,7.685,3.067,-0.058,0.008,0.005,1809,0.0,0.0
568250,5.088,7.666,3.053,-0.054,0.007,0.003,1810,0.0,0.0
568258,5.069,7.64,3.055,-0.049,0.004,-0.0,1812,0.0,0.0
568266,5.066,7.638,3.005,-0.045,0.002,-0.003,1812,0.0,0.0
568274,5.083,7.664,2.998,-0.044,0.003,-0.006,1810,0.0,0.0
568283,5.083,7.705,2.981,-0.043,0.007,-0.006,1810,0.0,0.0
568291,5.04,7.702,3.019,-0.044,0.011,-0.005,1810,0.0,0.0
568299,5.042,7.731,3.021,-0.048,0.014,0.001,1813,0.0,0.0
568307,5.025,7.733,3.024,-0.052,0.014,0.007,1812,0.0,0.0
568315,5.006,7.69,3.019,-0.06,0.012,0.011,1811,0.0,0.0
568323,4.992,7.628,3.019,-0.068,0.01,0.011,1810,0.0,0.0
568331,5.011,7.551,3.0,-0.07,0.007,0.007,1812,0.0,0.0
568339,4.997,7.491,2.998,-0.068,0.005,0.003,1812,0.0,0.0
568348,5.023,7.482,2.978,-0.06,0.002,-0.005,1811,0.0,0.0
568356,5.028,7.513,2.945,-0.049,0.003,-0.011,1811,0.0,0.0
568364,5.016,7.518,2.95,-0.045,0.005,-0.016,1809,0.0,0.0
568372,4.992,7.578,2.952,-0.047,0.009,-0.018,1812,0.0,0.0
568380,4.949,7.606,2.966,-0.053,0.012,-0.017,1811,0.0,0.0
568388,4.927,7.618,2.974,-0.06,0.015,-0.014,1812,0.0,0.0
568396,4.942,7.575,2.993,-0.064,0.017,-0.012,1812,0.0,0.0
568405,4.968,7.585,2.976,-0.067,0.018,-0.013,1812,0.0,0.0
568413,4.973,7.547,2.971,-0.07,0.018,-0.016,1809,0.0,0.0
568421,5.001,7.523,2.995,-0.07,0.015,-0.018,1811,0.0,0.0
568429,5.04,7.518,2.957,-0.066,0.011,-0.024,1810,0.0,0.0
568437,5.057,7.525,2.902,-0.059,0.01,-0.03,1810,0.0,0.0
568445,5.083,7.549,2.928,-0.051,0.008,-0.035,1809,0.0,0.0
568453,5.08,7.604,2.919,-0.047,0.01,-0.037,1812,0.0,0.0
568461,5.045,7.661,2.919,-0.048,0.012,-0.036,1811,0.0,0.0
568469,5.047,7.731,2.935,-0.054,0.013,-0.035,1813,0.0,0.0
568478,5.069,7.764,2.947,-0.054,0.018,-0.031,1810,0.0,0.0
568486,5.076,7.786,2.969,-0.053,0.022,-0.026,1810,0.0,0.0
568494,5.052,7.796,3.0,-0.054,0.026,-0.021,1810,0.0,0.0
568502,5.069,7.779,3.021,-0.061,0.025,-0.015,1811,0.0,0.0
568510,5.083,7.731,3.053,-0.066,0.02,-0.011,1814,0.0,0.0
568518,5.114,7.707,3.021,-0.064,0.015,-0.01,1812,0.0,0.0
568526,5.128,7.688,3.019,-0.058,0.01,-0.011,1810,0.0,0.0
568534,5.143,7.688,3.048,-0.055,0.009,-0.014,1812,0.0,0.0
568542,5.155,7.7,3.01,-0.055,0.007,-0.017,1812,0.0,0.0
568550,5.143,7.745,2.971,-0.054,0.01,-0.018,1810,0.0,0.0
568559,5.152,7.805,2.995,-0.052,0.015,-0.017,1810,0.0,0.0
568567,5.14,7.846,3.029,-0.05,0.02,-0.012,1812,0.0,0.0
568575,5.116,7.875,3.041,-0.052,0.021,-0.005,1813,0.0,0.0
568583,5.085,7.853,3.036,-0.059,0.019,0.003,1811,0.0,0.0
568591,5.078,7.819,3.033,-0.066,0.015,0.009,1811,0.0,0.0
568599,5.085,7.76,3.021,-0.068,0.011,0.011,1812,0.0,0.0
568607,5.073,7.719,3.0,-0.066,0.009,0.013,1811,0.0,0.0
568616,5.066,7.695,2.993,-0.066,0.011,0.013,1810,0.0,0.0
568624,5.061,7.695,2.988,-0.066,0.016,0.012,1813,0.0,0.0
568632,5.04,7.714,3.002,-0.069,0.02,0.013,1811,0.0,0.0
568640,5.037,7.688,3.024,-0.071,0.019,0.015,1811,0.0,0.0
568648,5.037,7.683,3.05,-0.071,0.016,0.019,1811,0.0,0.0
568656,5.052,7.669,3.057,-0.067,0.012,0.019,1810,0.0,0.0
568664,5.064,7.626,3.038,-0.063,0.009,0.016,1812,0.0,0.0
568672,5.066,7.616,3.036,-0.061,0.006,0.013,1810,0.0,0.0
568681,5.066,7.623,2.99,-0.059,0.006,0.01,1811,0.0,0.0
568689,5.071,7.628,2.978,-0.058,0.007,0.01,1811,0.0,0.0
568697,5.049,7.63,2.959,-0.058,0.009,0.012,1812,0.0,0.0
568705,5.045,7.616,2.962,-0.06,0.011,0.013,1815,0.0,0.0
568713,5.035,7.594,2.945,-0.063,0.015,0.011,1811,0.0,0.0
568721,5.025,7.568,2.981,-0.067,0.017,0.01,1811,0.0,0.0
568729,5.011,7.599,2.983,-0.07,0.021,0.009,1811,0.0,0.0
568737,5.021,7.594,2.983,-0.073,0.022,0.007,1810,0.0,0.0
568746,4.999,7.585,3.031,-0.077,0.019,0.007,1813,0.0,0.0
568754,4.997,7.59,3.019,-0.078,0.013,0.006,1812,0.0,0.0
568762,5.013,7.59,3.012,-0.074,0.009,0.004,1811,0.0,0.0
568770,5.028,7.578,2.995,-0.066,0.007,0.002,1811,0.0,0.0
568778,5.018,7.609,3.014,-0.062,0.009,-0.001,1809,0.0,0.0
568786,5.013,7.609,2.974,-0.062,0.013,-0.003,1811,0.0,0.0
568794,5.009,7.604,2.964,-0.063,0.015,-0.006,1810,0.0,0.0
568802,4.999,7.635,2.964,-0.064,0.015,-0.006,1811,0.0,0.0
568810,4.987,7.64,2.947,-0.064,0.016,-0.006,1813,0.0,0.0
568819,4.99,7.623,2.962,-0.063,0.016,-0.005,1812,0.0,0.0
568827,5.018,7.633,2.962,-0.061,0.015,-0.002,1811,0.0,0.0
568835,5.057,7.626,2.95,-0.061,0.022,-0.001,1812,0.0,0.0
568843,5.064,7.58,2.983,-0.067,0.027,-0.002,1811,0.0,0.0
568851,5.049,7.568,3.024,-0.076,0.031,-0.003,1811,0.0,0.0
568859,5.045,7.556,3.033,-0.082,0.03,-0.007,1811,0.0,0.0
568867,5.033,7.532,3.081,-0.08,0.026,-0.011,1810,0.0,0.0
568875,5.013,7.547,3.091,-0.073,0.021,-0.014,1811,0.0,0.0
568883,5.03,7.578,3.115,-0.065,0.017,-0.015,1809,0.0,0.0
568891,5.037,7.602,3.079,-0.059,0.013,-0.014,1810,0.0,0.0
568899,5.035,7.621,3.053,-0.06,0.012,-0.014,1810,0.0,0.0
568907,5.049,7.618,3.053,-0.067,0.009,-0.012,1811,0.0,0.0
568915,5.059,7.626,3.053,-0.071,0.007,-0.012,1812,0.0,0.0
568923,5.042,7.611,3.065,-0.071,0.005,-0.014,1810,0.0,0.0
568931,5.049,7.599,3.041,-0.066,0.002,-0.014,1814,0.0,0.0
568939,5.04,7.602,3.012,-0.057,0.003,-0.015,1811,0.0,0.0
568947,5.049,7.635,3.007,-0.051,0.005,-0.014,1811,0.0,0.0
568955,5.064,7.659,3.033,-0.051,0.011,-0.012,1811,0.0,0.0
568963,5.088,7.666,3.053,-0.063,0.014,-0.011,1811,0.0,0.0
569033,5.04,7.681,3.077,-0.055,0.001,-0.013,1812,0.0,0.0
569041,5.049,7.695,3.041,-0.053,-0.001,-0.012,1811,0.0,0.0
569049,5.085,7.705,3.026,-0.051,-0.005,-0.012,1810,0.0,0.0
569057,5.08,7.736,2.976,-0.052,-0.007,-0.01,1812,0.0,0.0
569946,5.059,7.599,3.029,-0.064,-0.001,-0.022,1811,0.0,0.0
569954,5.047,7.587,2.995,-0.06,-0.002,-0.025,1811,0.0,0.0
569962,5.018,7.618,2.969,-0.058,-0.004,-0.027,1810,0.0,0.0
569970,5.013,7.657,2.947,-0.057,-0.002,-0.025,1811,0.0,0.0
569978,5.004,7.685,2.947,-0.058,0.002,-0.022,1811,0.0,0.0
570953,5.001,7.573,2.859,-0.058,0.005,-0.019,1810,0.0,0.0
572973,5.001,7.726,2.751,-0.081,0.015,0.007,1809,0.0,0.0
573980,4.93,7.846,2.634,-0.058,0.02,0.008,1810,0.0,0.0
575999,4.927,7.731,2.682,-0.075,0.016,0.013,1810,0.0,0.0
577006,3.254,7.621,3.718,-0.742,-1.581,-0.497,1818,0.0,0.0
579027,4.017,7.242,4.772,0.12,-0.074,-0.067,1808,0.0,0.0
580034,4.029,7.151,4.879,-0.043,-0.001,-0.001,1807,0.0,0.0
582055,4.211,7.173,4.669,-0.133,-0.028,-0.024,1808,0.0,0.0
583062,4.041,7.216,4.812,-0.053,-0.005,-0.03,1811,0.0,0.0
585083,6.761,5.485,2.217,0.076,0.056,-0.055,1809,0.0,0.0
585873,7.07,6.737,2.174,-0.057,0.013,-0.039,1805,0.0,0.0
585881,7.044,6.785,2.294,-0.064,0.013,-0.031,1804,0.0,0.0
585889,7.001,6.764,2.337,-0.072,0.006,-0.028,1804,0.0,0.0
585897,6.972,6.721,2.327,-0.076,-0.009,-0.024,1804,0.0,0.0
585905,6.97,6.713,2.267,-0.075,-0.025,-0.022,1803,0.0,0.0
585913,7.001,6.682,2.203,-0.068,-0.035,-0.023,1806,0.0,0.0
585921,7.029,6.68,2.097,-0.059,-0.033,-0.024,1806,0.0,0.0
585930,7.041,6.694,2.042,-0.055,-0.025,-0.023,1805,0.0,0.0
585938,7.02,6.718,2.066,-0.062,-0.014,-0.021,1805,0.0,0.0
585946,7.01,6.697,2.081,-0.075,-0.009,-0.017,1804,0.0,0.0
585954,7.003,6.701,2.107,-0.083,-0.005,-0.01,1802,0.0,0.0
585962,6.977,6.68,2.152,-0.081,-0.003,-0.007,1806,0.0,0.0
585970,6.934,6.613,2.145,-0.072,-0.004,-0.003,1806,0.0,0.0
585978,6.891,6.615,2.145,-0.063,-0.012,-0.002,1804,0.0,0.0
585986,6.902,6.613,2.085,-0.058,-0.02,-0.004,1805,0.0,0.0
585994,6.943,6.591,2.045,-0.055,-0.023,-0.007,1804,0.0,0.0
586003,6.974,6.582,1.997,-0.058,-0.018,-0.013,1805,0.0,0.0
586011,6.986,6.591,2.009,-0.063,-0.006,-0.017,1804,0.0,0.0
586019,6.931,6.603,2.021,-0.076,-0.001,-0.015,1804,0.0,0.0
586027,6.902,6.584,2.047,-0.09,-0.001,-0.013,1804,0.0,0.0
586035,6.871,6.57,2.054,-0.095,-0.003,-0.011,1806,0.0,0.0
586043,6.879,6.519,2.066,-0.088,-0.005,-0.009,1805,0.0,0.0
586051,6.879,6.515,2.093,-0.072,-0.009,-0.008,1806,0.0,0.0
586059,6.895,6.503,2.054,-0.058,-0.013,-0.011,1806,0.0,0.0
586068,6.891,6.491,1.973,-0.054,-0.015,-0.017,1804,0.0,0.0
586076,6.893,6.493,1.951,-0.055,-0.017,-0.022,1807,0.0,0.0
586084,6.898,6.5,1.913,-0.059,-0.017,-0.027,1807,0.0,0.0
586092,6.895,6.498,1.889,-0.063,-0.012,-0.033,1805,0.0,0.0
586100,6.879,6.519,1.853,-0.07,-0.003,-0.036,1806,0.0,0.0
586109,6.843,6.536,1.901,-0.075,0.002,-0.039,1803,0.0,0.0
586117,6.8,6.507,1.908,-0.075,0.005,-0.038,1804,0.0,0.0
586125,6.78,6.476,1.915,-0.07,0.005,-0.039,1805,0.0,0.0
586133,6.776,6.479,1.937,-0.062,-0.001,-0.04,1807,0.0,0.0
586141,6.821,6.472,1.903,-0.052,-0.008,-0.046,1806,0.0,0.0
586149,6.862,6.438,1.858,-0.042,-0.009,-0.054,1804,0.0,0.0
586157,6.883,6.455,1.779,-0.034,-0.007,-0.063,1804,0.0,0.0
586165,6.886,6.472,1.769,-0.032,0.0,-0.072,1806,0.0,0.0
586174,6.862,6.503,1.808,-0.035,0.006,-0.079,1805,0.0,0.0
586182,6.835,6.531,1.839,-0.031,0.009,-0.086,1808,0.0,0.0
586190,6.802,6.577,1.889,-0.019,0.01,-0.094,1807,0.0,0.0
586198,6.773,6.596,1.846,-0.006,0.006,-0.098,1806,0.0,0.0
586206,6.754,6.598,1.848,0.005,-0.002,-0.104,1808,0.0,0.0
586214,6.759,6.601,1.812,0.012,-0.008,-0.107,1807,0.0,0.0
586222,6.771,6.594,1.733,0.017,-0.01,-0.109,1807,0.0,0.0
586231,6.78,6.574,1.671,0.023,-0.008,-0.112,1808,0.0,0.0
586239,6.802,6.598,1.666,0.026,-0.002,-0.115,1806,0.0,0.0
586247,6.809,6.639,1.693,0.029,0.007,-0.119,1807,0.0,0.0
586255,6.783,6.687,1.757,0.027,0.014,-0.124,1807,0.0,0.0
586263,6.764,6.742,1.824,0.028,0.015,-0.126,1807,0.0,0.0
586271,6.742,6.804,1.882,0.029,0.011,-0.128,1806,0.0,0.0
586279,6.744,6.845,1.86,0.029,0.005,-0.124,1808,0.0,0.0
586287,6.768,6.917,1.86,0.029,-0.001,-0.12,1806,0.0,0.0
586295,6.835,6.929,1.836,0.029,-0.002,-0.113,1807,0.0,0.0
586303,6.864,6.938,1.853,0.03,0.007,-0.104,1807,0.0,0.0
586312,6.859,6.938,1.858,0.028,0.021,-0.094,1807,0.0,0.0
586320,6.843,6.998,1.925,0.023,0.034,-0.083,1807,0.0,0.0
586328,6.807,7.049,1.944,0.018,0.041,-0.073,1805,0.0,0.0
586336,6.764,7.099,1.999,0.007,0.04,-0.061,1806,0.0,0.0
586344,6.761,7.049,2.047,-0.007,0.037,-0.05,1805,0.0,0.0
586352,6.78,6.984,2.061,-0.027,0.032,-0.037,1805,0.0,0.0
586361,6.821,6.931,2.006,-0.048,0.029,-0.027,1807,0.0,0.0
586369,6.876,6.879,1.975,-0.064,0.033,-0.022,1806,0.0,0.0
586377,6.862,6.802,2.004,-0.064,0.041,-0.024,1806,0.0,0.0
586385,6.843,6.771,2.035,-0.046,0.044,-0.03,1805,0.0,0.0
586393,6.862,6.826,2.03,-0.023,0.043,-0.036,1806,0.0,0.0
586401,6.867,6.843,2.069,-0.007,0.037,-0.041,1804,0.0,0.0
586410,6.888,6.886,2.069,-0.005,0.037,-0.041,1806,0.0,0.0
586418,6.888,6.907,2.045,-0.007,0.039,-0.037,1807,0.0,0.0
586426,6.888,6.934,2.025,-0.011,0.048,-0.029,1805,0.0,0.0
586434,6.869,6.958,2.028,-0.018,0.058,-0.02,1806,0.0,0.0
586442,6.852,6.979,2.15,-0.029,0.068,-0.01,1804,0.0,0.0
586450,6.823,6.977,2.179,-0.042,0.064,-0.002,1806,0.0,0.0
586458,6.819,6.934,2.236,-0.054,0.055,0.004,1804,0.0,0.0
586467,6.826,6.891,2.229,-0.065,0.044,0.009,1808,0.0,0.0
586475,6.867,6.862,2.207,-0.07,0.036,0.011,1806,0.0,0.0
586483,6.864,6.809,2.217,-0.067,0.029,0.012,1806,0.0,0.0
586491,6.864,6.79,2.162,-0.062,0.025,0.01,1807,0.0,0.0
586499,6.847,6.759,2.148,-0.057,0.023,0.006,1807,0.0,0.0
586507,6.821,6.742,2.097,-0.052,0.024,0.0,1803,0.0,0.0
586516,6.816,6.737,2.138,-0.045,0.025,-0.005,1807,0.0,0.0
586524,6.792,6.783,2.198,-0.038,0.028,-0.007,1807,0.0,0.0
586532,6.788,6.788,2.229,-0.033,0.027,-0.008,1806,0.0,0.0
586540,6.788,6.778,2.246,-0.03,0.022,-0.006,1807,0.0,0.0
586548,6.807,6.771,2.263,-0.024,0.013,0.001,1804,0.0,0.0
586556,6.819,6.78,2.217,-0.019,0.005,0.007,1805,0.0,0.0
586564,6.843,6.744,2.109,-0.026,0.001,0.01,1807,0.0,0.0
586572,6.869,6.732,2.047,-0.039,0.005,0.012,1806,0.0,0.0
586580,6.886,6.713,2.069,-0.059,0.012,0.013,1807,0.0,0.0
586589,6.893,6.68,2.1,-0.08,0.019,0.012,1806,0.0,0.0
586597,6.843,6.651,2.148,-0.098,0.025,0.01,1806,0.0,0.0
586605,6.792,6.622,2.203,-0.105,0.023,0.008,1806,0.0,0.0
586613,6.744,6.658,2.229,-0.092,0.013,0.008,1807,0.0,0.0
586621,6.761,6.685,2.212,-0.067,0.005,0.007,1807,0.0,0.0
586630,6.807,6.68,2.152,-0.046,-0.003,0.008,1806,0.0,0.0
586638,6.831,6.677,2.078,-0.041,-0.008,0.01,1808,0.0,0.0
586646,6.876,6.668,2.018,-0.051,-0.009,0.014,1807,0.0,0.0
586654,6.902,6.653,1.954,-0.071,-0.001,0.014,1808,0.0,0.0
586662,6.907,6.661,1.92,-0.091,0.016,0.012,1807,0.0,0.0
586670,6.859,6.663,1.975,-0.101,0.032,0.007,1809,0.0,0.0
586678,6.788,6.668,2.057,-0.102,0.036,0.002,1805,0.0,0.0
586686,6.721,6.685,2.157,-0.095,0.027,-0.003,1807,0.0,0.0
586694,6.701,6.687,2.152,-0.084,0.015,-0.005,1808,0.0,0.0
586702,6.742,6.713,2.116,-0.069,0.006,-0.002,1805,0.0,0.0
586710,6.79,6.744,2.057,-0.059,0.003,0.001,1806,0.0,0.0
586719,6.831,6.764,1.99,-0.065,0.005,0.003,1806,0.0,0.0
586727,6.867,6.754,1.98,-0.079,0.012,0.006,1807,0.0,0.0
586735,6.855,6.74,2.009,-0.094,0.025,0.008,1805,0.0,0.0
586743,6.804,6.747,2.088,-0.103,0.031,0.009,1807,0.0,0.0
586751,6.744,6.68,2.152,-0.104,0.026,0.009,1807,0.0,0.0
586759,6.725,6.687,2.212,-0.094,0.011,0.009,1805,0.0,0.0
586768,6.742,6.663,2.143,-0.077,-0.004,0.007,1808,0.0,0.0
586776,6.788,6.644,2.083,-0.06,-0.011,0.002,1807,0.0,0.0
586784,6.795,6.668,2.033,-0.054,-0.015,-0.003,1807,0.0,0.0
586792,6.802,6.668,1.98,-0.055,-0.014,-0.01,1807,0.0,0.0
586800,6.788,6.677,1.975,-0.062,-0.013,-0.014,1807,0.0,0.0
586809,6.744,6.68,1.958,-0.07,-0.011,-0.015,1805,0.0,0.0
586817,6.716,6.692,1.963,-0.076,-0.011,-0.015,1807,0.0,0.0
586825,6.725,6.67,1.963,-0.076,-0.012,-0.013,1806,0.0,0.0
586833,6.74,6.627,1.956,-0.073,-0.013,-0.012,1808,0.0,0.0
586841,6.752,6.622,1.935,-0.065,-0.014,-0.013,1806,0.0,0.0
586849,6.771,6.632,1.877,-0.06,-0.01,-0.018,1806,0.0,0.0
586857,6.773,6.594,1.86,-0.055,-0.006,-0.026,1807,0.0,0.0
586865,6.764,6.606,1.803,-0.049,0.0,-0.032,1807,0.0,0.0
586873,6.778,6.663,1.829,-0.044,0.009,-0.036,1807,0.0,0.0
586881,6.78,6.721,1.863,-0.048,0.02,-0.035,1805,0.0,0.0
586890,6.764,6.756,1.901,-0.063,0.027,-0.03,1807,0.0,0.0
586898,6.735,6.764,1.975,-0.081,0.027,-0.021,1806,0.0,0.0
586906,6.728,6.754,2.016,-0.097,0.023,-0.015,1807,0.0,0.0
586914,6.747,6.704,2.1,-0.107,0.015,-0.013,1807,0.0,0.0
586922,6.768,6.663,2.109,-0.103,0.006,-0.015,1806,0.0,0.0
586930,6.788,6.644,2.112,-0.088,-0.001,-0.021,1807,0.0,0.0
586938,6.788,6.677,2.097,-0.061,-0.008,-0.03,1806,0.0,0.0
586947,6.773,6.699,2.064,-0.037,-0.013,-0.037,1806,0.0,0.0
586955,6.752,6.735,1.999,-0.023,-0.019,-0.042,1805,0.0,0.0
586963,6.742,6.747,1.946,-0.02,-0.024,-0.045,1806,0.0,0.0
586971,6.754,6.744,1.935,-0.028,-0.025,-0.047,1806,0.0,0.0
586979,6.723,6.74,1.906,-0.039,-0.021,-0.05,1803,0.0,0.0
586987,6.694,6.759,1.867,-0.046,-0.017,-0.054,1806,0.0,0.0
586996,6.701,6.768,1.915,-0.048,-0.007,-0.056,1808,0.0,0.0
587004,6.689,6.771,1.968,-0.05,-0.002,-0.054,1806,0.0,0.0
587012,6.689,6.764,1.973,-0.056,-0.003,-0.051,1805,0.0,0.0
587020,6.709,6.737,1.935,-0.063,-0.008,-0.048,1807,0.0,0.0
587028,6.723,6.689,1.882,-0.068,-0.016,-0.046,1804,0.0,0.0
587036,6.761,6.646,1.829,-0.069,-0.019,-0.05,1806,0.0,0.0
587045,6.764,6.644,1.757,-0.065,-0.013,-0.059,1808,0.0,0.0
587053,6.716,6.649,1.779,-0.059,-0.0,-0.068,1806,0.0,0.0
587061,6.644,6.665,1.798,-0.056,0.002,-0.078,1807,0.0,0.0
587069,6.574,6.665,1.851,-0.057,-0.003,-0.086,1807,0.0,0.0
587077,6.536,6.682,1.865,-0.055,-0.013,-0.092,1806,0.0,0.0
587085,6.548,6.682,1.872,-0.047,-0.027,-0.099,1806,0.0,0.0
587093,6.541,6.637,1.767,-0.038,-0.04,-0.108,1806,0.0,0.0
587101,6.553,6.606,1.623,-0.029,-0.048,-0.123,1806,0.0,0.0
587109,6.536,6.577,1.465,-0.017,-0.051,-0.146,1807,0.0,0.0
587118,6.488,6.536,1.281,0.004,-0.05,-0.174,1805,0.0,0.0
587126,6.426,6.529,1.094,0.027,-0.045,-0.204,1805,0.0,0.0
587134,6.383,6.553,0.924,0.057,-0.037,-0.233,1805,0.0,0.0
587142,6.361,6.589,0.852,0.088,-0.016,-0.257,1807,0.0,0.0
587150,6.328,6.665,0.69,0.107,0.005,-0.273,1808,0.0,0.0
587158,6.309,6.744,0.56,0.109,0.024,-0.284,1806,0.0,0.0
587166,6.318,6.835,0.469,0.101,0.042,-0.291,1806,0.0,0.0
587175,6.316,6.905,0.39,0.09,0.059,-0.298,1805,0.0,0.0
587183,6.254,6.934,0.306,0.085,0.07,-0.304,1807,0.0,0.0
587191,6.211,6.953,0.247,0.088,0.071,-0.314,1807,0.0,0.0
587199,6.139,6.977,0.182,0.105,0.066,-0.331,1805,0.0,0.0
587207,6.069,6.979,0.084,0.139,0.053,-0.355,1803,0.0,0.0
587215,5.976,7.003,-0.122,0.185,0.033,-0.39,1804,0.0,0.0
587223,5.978,7.056,-0.342,0.25,0.014,-0.432,1806,0.0,0.0
587231,5.978,7.154,-0.599,0.327,0.005,-0.48,1804,0.0,0.0
587239,5.902,7.3,-0.876,0.403,-0.001,-0.528,1804,0.0,0.0
587248,5.78,7.52,-1.281,0.469,0.001,-0.564,1806,0.0,0.0
587256,5.677,7.827,-1.767,0.527,0.019,-0.587,1805,0.0,0.0
587264,5.569,8.095,-2.231,0.563,0.052,-0.594,1804,0.0,0.0
587272,5.442,8.344,-2.665,0.586,0.102,-0.591,1802,0.0,0.0
587280,5.351,8.55,-2.921,0.611,0.171,-0.582,1803,0.0,0.0
587289,5.306,8.775,-3.062,0.642,0.25,-0.568,1805,0.0,0.0
587297,5.155,9.009,-3.203,0.665,0.345,-0.549,1804,0.0,0.0
587305,4.973,9.263,-3.268,0.668,0.422,-0.519,1804,0.0,0.0
587313,4.697,9.503,-3.452,0.658,0.489,-0.48,1805,0.0,0.0
587321,4.434,9.735,-3.677,0.645,0.542,-0.436,1805,0.0,0.0
587329,4.278,9.931,-3.869,0.643,0.593,-0.395,1805,0.0,0.0
587337,4.252,10.013,-3.962,0.669,0.659,-0.36,1806,0.0,0.0
587345,4.209,10.116,-4.003,0.711,0.731,-0.331,1805,0.0,0.0
587353,4.159,10.29,-4.173,0.756,0.799,-0.31,1803,0.0,0.0
587361,4.101,10.513,-4.381,0.804,0.866,-0.29,1805,0.0,0.0
587370,3.965,10.805,-4.547,0.858,0.944,-0.267,1806,0.0,0.0
587378,3.735,11.217,-4.831,0.91,1.038,-0.224,1805,0.0,0.0
587386,3.496,11.631,-5.164,0.922,1.14,-0.166,1804,0.0,0.0
587394,3.304,11.868,-5.138,0.921,1.242,-0.092,1804,0.0,0.0
587402,3.172,12.148,-5.322,0.929,1.367,-0.007,1806,0.0,0.0
587410,3.134,12.385,-5.341,0.953,1.492,0.084,1806,0.0,0.0
587418,3.376,12.589,-4.968,1.018,1.655,0.179,1806,0.0,0.0
587426,3.397,12.783,-4.606,1.073,1.828,0.277,1806,0.0,0.0
587435,3.302,13.012,-4.099,1.116,1.981,0.366,1806,0.0,0.0
587442,3.055,13.099,-3.579,1.122,2.093,0.444,1805,0.0,0.0
587451,2.677,13.13,-3.244,1.137,2.142,0.508,1807,0.0,0.0
587459,2.021,13.144,-3.191,1.17,2.14,0.561,1807,0.0,0.0
587467,1.47,13.044,-3.539,1.247,2.089,0.611,1806,0.0,0.0
587475,1.257,13.058,-4.13,1.335,2.064,0.65,1806,0.0,0.0
587483,1.02,13.278,-4.834,1.424,2.108,0.687,1807,0.0,0.0
587491,0.927,13.712,-5.452,1.502,2.233,0.721,1807,0.0,0.0
587500,1.207,14.145,-5.567,1.584,2.462,0.76,1806,0.0,0.0
587508,1.365,14.935,-5.126,1.641,2.781,0.836,1806,0.0,0.0
587516,1.381,15.562,-4.192,1.675,3.214,0.964,1806,0.0,0.0
587524,1.243,16.259,-3.318,1.668,3.616,1.125,1807,0.0,0.0
587532,0.666,16.597,-1.69,1.606,3.919,1.291,1805,0.0,0.0
587540,-0.208,16.633,-0.208,1.551,4.154,1.508,1806,0.0,0.0
587548,-1.25,16.465,0.713,1.447,4.203,1.741,1805,0.0,0.0
587556,-2.102,16.029,1.233,1.345,4.106,1.963,1807,0.0,0.0
587564,-2.552,15.562,1.051,1.307,3.978,2.168,1806,0.0,0.0
587572,-2.818,15.1,0.713,1.348,3.89,2.322,1806,0.0,0.0
587580,-2.84,14.59,0.429,1.411,3.872,2.424,1808,0.0,0.0
587588,-2.167,14.138,0.687,1.514,3.984,2.465,1807,0.0,0.0
587596,-1.252,13.716,1.779,1.66,4.26,2.475,1809,0.0,0.0
587605,-0.34,13.472,3.089,1.846,4.615,2.475,1807,0.0,0.0
587613,0.012,13.369,4.669,2.024,5.025,2.498,1809,0.0,0.0
587621,-0.448,13.218,5.873,2.168,5.382,2.557,1808,0.0,0.0
587629,-1.695,12.756,6.838,2.222,5.711,2.662,1808,0.0,0.0
587637,-3.206,12.282,7.384,2.169,5.814,2.766,1812,0.0,0.0
587645,-4.549,11.626,7.774,2.038,5.674,2.858,1812,0.0,0.0
587653,-5.03,10.86,8.224,1.927,5.34,2.919,1812,0.0,0.0
587661,-4.408,10.149,8.454,1.962,5.058,2.942,1815,0.0,0.0
587669,-3.792,9.694,9.172,2.079,4.854,2.938,1815,0.0,0.0
587677,-3.043,9.325,10.104,2.168,4.707,2.903,1815,0.0,0.0
587685,-2.77,8.952,11.001,2.114,4.608,2.878,1816,0.0,0.0
587693,-2.746,8.435,11.794,1.901,4.491,2.883,1814,0.0,0.0
587702,-2.811,7.784,12.419,1.621,4.334,2.906,1814,0.0,0.0
587710,-2.756,6.926,12.809,1.417,4.117,2.916,1817,0.0,0.0
587718,-2.753,6.203,12.452,1.26,3.884,2.93,1817,0.0,0.0
587726,-2.294,5.219,12.754,1.205,3.563,2.919,1818,0.0,0.0
587734,-1.487,4.585,12.96,1.264,3.361,2.884,1820,0.0,0.0
587742,-0.632,4.013,13.396,1.34,3.185,2.825,1816,0.0,0.0
587750,-0.077,3.591,13.819,1.348,3.046,2.733,1818,0.0,0.0
587758,0.187,3.223,14.205,1.245,2.897,2.633,1820,0.0,0.0
587766,0.23,2.737,14.468,1.082,2.701,2.526,1823,0.0,0.0
587775,0.213,2.078,14.485,0.899,2.463,2.394,1821,0.0,0.0
587783,0.294,1.274,14.111,0.801,2.186,2.25,1821,0.0,0.0
587791,0.642,0.515,13.592,0.86,1.849,2.069,1820,0.0,0.0
587799,1.319,0.204,12.838,1.054,1.607,1.896,1821,0.0,0.0
587807,2.236,0.208,12.407,1.304,1.476,1.709,1821,0.0,0.0
587815,2.899,0.5,12.265,1.506,1.452,1.525,1820,0.0,0.0
587823,3.206,0.907,12.366,1.562,1.454,1.36,1819,0.0,0.0
587832,3.237,1.173,12.402,1.421,1.419,1.223,1823,0.0,0.0
587840,3.144,1.377,12.419,1.19,1.326,1.109,1823,0.0,0.0
587848,3.055,1.477,12.27,0.94,1.177,1.009,1821,0.0,0.0
587856,3.055,1.429,11.863,0.748,0.982,0.918,1823,0.0,0.0
587864,3.203,1.338,11.21,0.671,0.772,0.82,1821,0.0,0.0
587872,3.654,1.298,10.511,0.713,0.578,0.701,1823,0.0,0.0
587880,4.228,1.501,10.149,0.804,0.513,0.595,1818,0.0,0.0
587888,4.566,1.879,9.912,0.827,0.526,0.495,1821,0.0,0.0
587897,4.662,2.229,9.689,0.729,0.568,0.408,1820,0.0,0.0
587905,4.604,2.49,9.692,0.541,0.587,0.334,1823,0.0,0.0
587913,4.559,2.634,9.625,0.338,0.569,0.275,1822,0.0,0.0
587921,4.513,2.725,9.479,0.158,0.502,0.226,1820,0.0,0.0
587929,4.544,2.665,9.22,0.046,0.384,0.175,1824,0.0,0.0
587937,4.693,2.591,8.847,0.035,0.248,0.112,1822,0.0,0.0
587945,4.887,2.619,8.468,0.108,0.122,0.036,1825,0.0,0.0
587953,5.188,2.818,8.124,0.229,0.031,-0.054,1820,0.0,0.0
587961,5.413,3.134,7.887,0.296,0.01,-0.124,1823,0.0,0.0
587970,5.547,3.448,7.671,0.28,0.02,-0.178,1823,0.0,0.0
587978,5.59,3.709,7.542,0.176,0.034,-0.215,1822,0.0,0.0
587986,5.574,3.9,7.412,0.037,0.038,-0.232,1821,0.0,0.0
587994,5.598,4.003,7.271,-0.072,0.006,-0.235,1822,0.0,0.0
588002,5.648,4.094,7.132,-0.105,-0.055,-0.241,1821,0.0,0.0
588010,5.78,4.13,6.886,-0.078,-0.137,-0.258,1823,0.0,0.0
588018,5.93,4.19,6.61,-0.03,-0.221,-0.284,1820,0.0,0.0
588026,6.196,4.367,6.258,0.011,-0.296,-0.318,1819,0.0,0.0
588035,6.443,4.616,5.959,0.014,-0.334,-0.349,1818,0.0,0.0
588043,6.67,4.836,5.748,-0.025,-0.345,-0.378,1818,0.0,0.0
588051,6.79,5.047,5.578,-0.086,-0.331,-0.4,1818,0.0,0.0
588059,6.838,5.145,5.449,-0.143,-0.311,-0.409,1821,0.0,0.0
588067,6.819,5.353,5.349,-0.159,-0.296,-0.408,1819,0.0,0.0
588075,6.764,5.55,5.2,-0.141,-0.298,-0.402,1816,0.0,0.0
588083,6.682,5.758,5.049,-0.106,-0.32,-0.391,1820,0.0,0.0
588092,6.692,5.954,4.911,-0.057,-0.343,-0.378,1817,0.0,0.0
588100,6.73,6.141,4.767,-0.018,-0.358,-0.358,1819,0.0,0.0
588108,6.752,6.309,4.633,-0.014,-0.36,-0.332,1819,0.0,0.0
588116,6.783,6.407,4.511,-0.055,-0.354,-0.298,1820,0.0,0.0
588124,6.802,6.424,4.377,-0.117,-0.34,-0.255,1818,0.0,0.0
588132,6.869,6.385,4.286,-0.163,-0.327,-0.213,1819,0.0,0.0
588140,6.874,6.345,4.19,-0.194,-0.318,-0.173,1818,0.0,0.0
588148,6.852,6.261,4.149,-0.211,-0.311,-0.142,1818,0.0,0.0
588157,6.814,6.12,4.14,-0.212,-0.305,-0.123,1818,0.0,0.0
588165,6.788,6.029,4.152,-0.186,-0.298,-0.109,1823,0.0,0.0
588173,6.773,5.962,4.192,-0.144,-0.289,-0.103,1820,0.0,0.0
588181,6.706,5.916,4.221,-0.108,-0.28,-0.1,1820,0.0,0.0
588189,6.625,5.892,4.228,-0.087,-0.277,-0.097,1820,0.0,0.0
588197,6.565,5.875,4.235,-0.059,-0.286,-0.091,1820,0.0,0.0
588205,6.541,5.866,4.187,-0.01,-0.3,-0.084,1818,0.0,0.0
588213,6.548,5.825,4.12,0.066,-0.312,-0.08,1820,0.0,0.0
588221,6.594,5.763,4.058,0.138,-0.311,-0.085,1817,0.0,0.0
588230,6.606,5.722,4.022,0.209,-0.297,-0.095,1819,0.0,0.0
588238,6.62,5.763,3.979,0.272,-0.275,-0.103,1820,0.0,0.0
588246,6.63,5.847,3.96,0.304,-0.242,-0.102,1819,0.0,0.0
588254,6.625,5.962,3.936,0.288,-0.204,-0.087,1820,0.0,0.0
588262,6.579,6.033,3.917,0.229,-0.168,-0.062,1823,0.0,0.0
588270,6.51,6.017,3.929,0.137,-0.135,-0.029,1819,0.0,0.0
588278,6.472,5.938,3.958,0.058,-0.114,-0.001,1820,0.0,0.0
588286,6.44,5.887,4.008,-0.003,-0.098,0.023,1819,0.0,0.0
588295,6.428,5.811,4.094,-0.043,-0.08,0.04,1821,0.0,0.0
588303,6.385,5.737,4.204,-0.075,-0.059,0.052,1821,0.0,0.0
588311,6.34,5.65,4.331,-0.105,-0.044,0.058,1820,0.0,0.0
588319,6.349,5.567,4.398,-0.128,-0.036,0.06,1819,0.0,0.0
588327,6.373,5.499,4.391,-0.13,-0.031,0.059,1821,0.0,0.0
588335,6.393,5.42,4.369,-0.109,-0.029,0.055,1821,0.0,0.0
588343,6.402,5.341,4.367,-0.082,-0.028,0.049,1820,0.0,0.0
588351,6.436,5.279,4.317,-0.06,-0.022,0.039,1819,0.0,0.0
588360,6.493,5.262,4.338,-0.057,-0.011,0.029,1819,0.0,0.0
588368,6.495,5.236,4.401,-0.07,0.011,0.015,1820,0.0,0.0
588376,6.474,5.203,4.508,-0.087,0.023,-0.0,1822,0.0,0.0
588384,6.46,5.195,4.59,-0.097,0.025,-0.014,1819,0.0,0.0
588392,6.476,5.212,4.614,-0.09,0.015,-0.025,1818,0.0,0.0
588400,6.517,5.258,4.669,-0.065,0.001,-0.036,1818,0.0,0.0
588408,6.567,5.322,4.638,-0.036,-0.008,-0.045,1822,0.0,0.0
588416,6.61,5.382,4.59,-0.018,-0.006,-0.051,1822,0.0,0.0
588424,6.613,5.423,4.58,-0.02,0.005,-0.055,1821,0.0,0.0
588432,6.565,5.423,4.578,-0.04,0.016,-0.058,1821,0.0,0.0
588440,6.56,5.416,4.621,-0.062,0.027,-0.058,1821,0.0,0.0
588448,6.555,5.461,4.676,-0.07,0.037,-0.063,1818,0.0,0.0
588456,6.522,5.485,4.702,-0.064,0.039,-0.066,1824,0.0,0.0
588465,6.498,5.538,4.726,-0.053,0.029,-0.068,1820,0.0,0.0
588473,6.481,5.631,4.733,-0.043,0.011,-0.068,1818,0.0,0.0
588481,6.488,5.677,4.736,-0.042,-0.013,-0.065,1820,0.0,0.0
588489,6.524,5.703,4.69,-0.05,-0.037,-0.056,1820,0.0,0.0
588497,6.601,5.705,4.616,-0.061,-0.053,-0.043,1819,0.0,0.0
588505,6.694,5.698,4.547,-0.072,-0.059,-0.032,1820,0.0,0.0
588513,6.744,5.65,4.47,-0.088,-0.054,-0.024,1821,0.0,0.0
588521,6.761,5.619,4.451,-0.102,-0.044,-0.021,1818,0.0,0.0
588530,6.756,5.521,4.47,-0.104,-0.035,-0.025,1822,0.0,0.0
588538,6.74,5.473,4.506,-0.095,-0.035,-0.03,1821,0.0,0.0
588546,6.735,5.44,4.53,-0.08,-0.041,-0.036,1818,0.0,0.0
588554,6.725,5.409,4.487,-0.059,-0.051,-0.044,1819,0.0,0.0
588562,6.742,5.416,4.417,-0.035,-0.059,-0.052,1819,0.0,0.0
588570,6.749,5.442,4.345,-0.011,-0.068,-0.059,1821,0.0,0.0
588578,6.725,5.492,4.286,0.011,-0.072,-0.065,1819,0.0,0.0
588586,6.74,5.516,4.247,0.033,-0.07,-0.07,1819,0.0,0.0
588594,6.73,5.574,4.247,0.053,-0.06,-0.072,1820,0.0,0.0
588602,6.711,5.679,4.233,0.063,-0.046,-0.071,1819,0.0,0.0
588610,6.682,5.82,4.264,0.056,-0.031,-0.063,1819,0.0,0.0
588618,6.663,5.902,4.3,0.031,-0.018,-0.049,1815,0.0,0.0
588627,6.661,5.935,4.293,-0.01,-0.007,-0.03,1819,0.0,0.0
588635,6.661,5.866,4.293,-0.06,-0.0,-0.007,1818,0.0,0.0
588643,6.663,5.772,4.286,-0.097,0.001,0.007,1818,0.0,0.0
588651,6.67,5.638,4.298,-0.11,-0.004,0.013,1819,0.0,0.0
588659,6.713,5.545,4.281,-0.094,-0.009,0.013,1819,0.0,0.0
588667,6.73,5.545,4.276,-0.059,-0.009,0.007,1819,0.0,0.0
588676,6.73,5.607,4.274,-0.031,-0.002,0.001,1820,0.0,0.0
588684,6.685,5.636,4.314,-0.031,0.006,-0.001,1819,0.0,0.0
588692,6.637,5.646,4.355,-0.043,0.015,-0.002,1821,0.0,0.0
588700,6.606,5.614,4.396,-0.056,0.017,0.0,1821,0.0,0.0
588708,6.586,5.605,4.424,-0.056,0.016,0.003,1817,0.0,0.0
588716,6.591,5.578,4.439,-0.048,0.011,0.003,1820,0.0,0.0
588724,6.622,5.593,4.41,-0.041,0.005,-0.0,1821,0.0,0.0
588732,6.634,5.564,4.403,-0.035,0.0,-0.005,1822,0.0,0.0
588741,6.637,5.547,4.381,-0.028,0.0,-0.009,1818,0.0,0.0
588749,6.62,5.557,4.401,-0.017,0.003,-0.012,1819,0.0,0.0
588757,6.574,5.552,4.413,-0.013,0.006,-0.014,1822,0.0,0.0
588765,6.519,5.571,4.384,-0.013,0.008,-0.013,1820,0.0,0.0
588773,6.5,5.574,4.369,-0.015,0.009,-0.011,1817,0.0,0.0
588782,6.517,5.552,4.357,-0.024,0.013,-0.006,1821,0.0,0.0
588790,6.541,5.516,4.322,-0.044,0.018,0.001,1819,0.0,0.0
588798,6.582,5.478,4.302,-0.068,0.025,0.001,1819,0.0,0.0
588806,6.577,5.418,4.288,-0.082,0.032,-0.003,1817,0.0,0.0
588814,6.591,5.401,4.338,-0.083,0.042,-0.011,1817,0.0,0.0
588822,6.57,5.43,4.46,-0.073,0.052,-0.017,1817,0.0,0.0
588830,6.515,5.488,4.551,-0.066,0.059,-0.021,1819,0.0,0.0
588838,6.472,5.509,4.657,-0.069,0.052,-0.022,1817,0.0,0.0
588846,6.469,5.523,4.654,-0.077,0.037,-0.022,1818,0.0,0.0
588854,6.51,5.488,4.63,-0.079,0.019,-0.022,1815,0.0,0.0
588863,6.546,5.48,4.587,-0.07,0.003,-0.029,1821,0.0,0.0
588871,6.572,5.471,4.535,-0.053,-0.011,-0.042,1818,0.0,0.0
588879,6.579,5.502,4.477,-0.031,-0.017,-0.055,1819,0.0,0.0
588887,6.567,5.583,4.448,-0.003,-0.019,-0.066,1819,0.0,0.0
588895,6.541,5.681,4.424,0.014,-0.021,-0.068,1818,0.0,0.0
588903,6.555,5.772,4.422,0.017,-0.023,-0.065,1818,0.0,0.0
588911,6.589,5.868,4.405,0.004,-0.024,-0.055,1817,0.0,0.0
588919,6.649,5.849,4.374,-0.019,-0.021,-0.045,1819,0.0,0.0
588927,6.677,5.804,4.35,-0.043,-0.012,-0.036,1818,0.0,0.0
588936,6.687,5.784,4.36,-0.064,-0.005,-0.028,1818,0.0,0.0
588944,6.644,5.756,4.42,-0.075,-0.0,-0.026,1820,0.0,0.0
588952,6.551,5.737,4.458,-0.073,0.0,-0.028,1819,0.0,0.0
588960,6.476,5.708,4.468,-0.064,-0.007,-0.026,1818,0.0,0.0
588968,6.45,5.715,4.48,-0.051,-0.017,-0.025,1821,0.0,0.0
588976,6.419,5.739,4.487,-0.043,-0.022,-0.025,1818,0.0,0.0
588985,6.378,5.689,4.444,-0.042,-0.027,-0.025,1819,0.0,0.0
588993,6.419,5.646,4.379,-0.038,-0.032,-0.026,1818,0.0,0.0
589001,6.467,5.648,4.338,-0.028,-0.031,-0.029,1819,0.0,0.0
589009,6.512,5.672,4.31,-0.017,-0.024,-0.035,1820,0.0,0.0
589017,6.51,5.648,4.298,-0.012,-0.017,-0.041,1819,0.0,0.0
589025,6.455,5.638,4.322,-0.019,-0.012,-0.048,1819,0.0,0.0
589033,6.462,5.59,4.334,-0.024,-0.013,-0.055,1819,0.0,0.0
589041,6.421,5.576,4.341,-0.021,-0.016,-0.062,1820,0.0,0.0
589049,6.409,5.547,4.331,-0.013,-0.022,-0.071,1819,0.0,0.0
589057,6.421,5.55,4.324,-0.002,-0.031,-0.077,1819,0.0,0.0
589066,6.445,5.578,4.324,0.007,-0.037,-0.084,1815,0.0,0.0
589074,6.462,5.598,4.264,0.015,-0.038,-0.092,1816,0.0,0.0
589082,6.474,5.631,4.247,0.021,-0.038,-0.098,1818,0.0,0.0
589090,6.524,5.732,4.219,0.027,-0.033,-0.099,1818,0.0,0.0
589098,6.563,5.782,4.247,0.022,-0.024,-0.098,1819,0.0,0.0
589106,6.589,5.806,4.185,0.009,-0.02,-0.094,1816,0.0,0.0
589114,6.646,5.825,4.152,-0.006,-0.015,-0.086,1820,0.0,0.0
589122,6.711,5.854,4.166,-0.015,-0.006,-0.079,1817,0.0,0.0
589130,6.728,5.873,4.154,-0.021,0.007,-0.074,1819,0.0,0.0
589139,6.721,5.89,4.18,-0.028,0.021,-0.073,1819,0.0,0.0
589147,6.653,5.914,4.238,-0.037,0.031,-0.07,1819,0.0,0.0
589155,6.62,5.969,4.326,-0.047,0.031,-0.065,1818,0.0,0.0
589163,6.594,6.005,4.398,-0.056,0.021,-0.058,1819,0.0,0.0
589171,6.62,6.005,4.408,-0.058,0.007,-0.048,1818,0.0,0.0
589179,6.694,5.988,4.379,-0.06,-0.008,-0.039,1818,0.0,0.0
589187,6.744,5.981,4.322,-0.058,-0.015,-0.034,1820,0.0,0.0
589195,6.764,5.962,4.283,-0.052,-0.017,-0.036,1818,0.0,0.0
589203,6.8,5.959,4.219,-0.043,-0.012,-0.038,1819,0.0,0.0
589211,6.788,6.007,4.219,-0.034,-0.003,-0.037,1818,0.0,0.0
589219,6.742,6.086,4.207,-0.03,0.007,-0.031,1819,0.0,0.0
589228,6.682,6.144,4.24,-0.035,0.013,-0.021,1817,0.0,0.0
589236,6.625,6.139,4.286,-0.047,0.009,-0.007,1815,0.0,0.0
589244,6.646,6.088,4.307,-0.059,-0.003,0.007,1820,0.0,0.0
589252,6.687,6.031,4.259,-0.062,-0.016,0.02,1816,0.0,0.0
589260,6.721,5.954,4.254,-0.059,-0.025,0.028,1817,0.0,0.0
589268,6.711,5.914,4.221,-0.057,-0.027,0.032,1818,0.0,0.0
589276,6.718,5.854,4.204,-0.056,-0.026,0.031,1818,0.0,0.0
589285,6.677,5.839,4.19,-0.051,-0.021,0.029,1816,0.0,0.0
589293,6.615,5.825,4.199,-0.043,-0.014,0.024,1819,0.0,0.0
589301,6.577,5.811,4.207,-0.034,-0.011,0.022,1820,0.0,0.0
589309,6.543,5.83,4.243,-0.023,-0.01,0.022,1821,0.0,0.0
589317,6.563,5.818,4.209,-0.015,-0.014,0.027,1818,0.0,0.0
589325,6.536,5.811,4.161,-0.013,-0.019,0.031,1820,0.0,0.0
589334,6.574,5.801,4.108,-0.01,-0.022,0.033,1817,0.0,0.0
589342,6.582,5.753,4.12,-0.008,-0.019,0.031,1818,0.0,0.0
589350,6.598,5.753,4.135,-0.007,-0.012,0.029,1815,0.0,0.0
589358,6.565,5.748,4.128,-0.013,-0.001,0.029,1820,0.0,0.0
589366,6.498,5.772,4.152,-0.026,0.007,0.03,1819,0.0,0.0
589374,6.457,5.763,4.207,-0.041,0.008,0.031,1820,0.0,0.0
589382,6.455,5.696,4.235,-0.055,0.005,0.032,1820,0.0,0.0
589390,6.462,5.638,4.262,-0.059,0.003,0.031,1819,0.0,0.0
589398,6.479,5.578,4.24,-0.055,-0.003,0.026,1819,0.0,0.0
589406,6.512,5.562,4.202,-0.045,-0.009,0.017,1818,0.0,0.0
589415,6.543,5.59,4.211,-0.027,-0.01,0.009,1819,0.0,0.0
589423,6.558,5.641,4.211,-0.009,-0.007,0.001,1821,0.0,0.0
589431,6.551,5.701,4.195,-0.001,-0.001,-0.003,1820,0.0,0.0
589439,6.531,5.758,4.233,-0.007,0.004,-0.003,1816,0.0,0.0
589447,6.527,5.787,4.266,-0.025,0.009,-0.0,1818,0.0,0.0
589455,6.524,5.768,4.288,-0.042,0.011,0.004,1817,0.0,0.0
589463,6.541,5.725,4.298,-0.054,0.015,0.007,1817,0.0,0.0
589471,6.531,5.686,4.271,-0.066,0.017,0.007,1816,0.0,0.0
589480,6.543,5.636,4.302,-0.076,0.018,0.002,1817,0.0,0.0
589488,6.517,5.595,4.322,-0.084,0.014,-0.004,1818,0.0,0.0
589496,6.553,5.583,4.312,-0.085,0.002,-0.014,1818,0.0,0.0
589504,6.57,5.6,4.295,-0.071,-0.009,-0.026,1818,0.0,0.0
589512,6.577,5.61,4.295,-0.044,-0.018,-0.036,1817,0.0,0.0
589520,6.574,5.684,4.252,-0.021,-0.02,-0.04,1817,0.0,0.0
589528,6.57,5.768,4.195,-0.013,-0.015,-0.04,1816,0.0,0.0
589536,6.56,5.816,4.202,-0.019,-0.006,-0.039,1817,0.0,0.0
589545,6.57,5.816,4.187,-0.028,0.002,-0.037,1820,0.0,0.0
589553,6.586,5.808,4.187,-0.035,0.01,-0.034,1818,0.0,0.0
589561,6.579,5.799,4.173,-0.042,0.012,-0.032,1815,0.0,0.0
589569,6.56,5.777,4.192,-0.046,0.007,-0.034,1818,0.0,0.0
589577,6.574,5.789,4.202,-0.045,0.001,-0.033,1819,0.0,0.0
589585,6.586,5.813,4.214,-0.038,-0.005,-0.032,1820,0.0,0.0
589593,6.574,5.839,4.202,-0.041,-0.007,-0.027,1818,0.0,0.0
589602,6.577,5.873,4.202,-0.053,-0.009,-0.023,1818,0.0,0.0
589609,6.582,5.863,4.168,-0.067,-0.009,-0.021,1816,0.0,0.0
589618,6.608,5.844,4.135,-0.074,-0.006,-0.019,1820,0.0,0.0
589626,6.642,5.816,4.123,-0.068,-0.003,-0.021,1814,0.0,0.0
589634,6.632,5.827,4.164,-0.05,-0.002,-0.023,1819,0.0,0.0
589642,6.656,5.873,4.152,-0.033,-0.003,-0.025,1820,0.0,0.0
589650,6.639,5.887,4.147,-0.023,-0.009,-0.026,1817,0.0,0.0
589659,6.62,5.887,4.116,-0.02,-0.014,-0.025,1820,0.0,0.0
589667,6.613,5.885,4.132,-0.023,-0.017,-0.022,1818,0.0,0.0
589675,6.589,5.887,4.085,-0.029,-0.019,-0.021,1818,0.0,0.0
589683,6.601,5.878,4.056,-0.032,-0.018,-0.021,1820,0.0,0.0
589691,6.642,5.885,4.061,-0.032,-0.009,-0.02,1817,0.0,0.0
589699,6.653,5.899,4.022,-0.031,0.003,-0.017,1818,0.0,0.0
589707,6.646,5.911,4.073,-0.033,0.01,-0.013,1815,0.0,0.0
589715,6.622,5.918,4.089,-0.038,0.012,-0.009,1820,0.0,0.0
589723,6.598,5.892,4.104,-0.04,0.013,-0.005,1819,0.0,0.0
589731,6.613,5.88,4.128,-0.033,0.014,-0.003,1817,0.0,0.0
589740,6.608,5.868,4.132,-0.027,0.013,-0.002,1818,0.0,0.0
589748,6.615,5.873,4.154,-0.03,0.013,-0.002,1821,0.0,0.0
589756,6.608,5.854,4.18,-0.037,0.014,-0.001,1819,0.0,0.0
589764,6.56,5.849,4.219,-0.037,0.011,0.001,1820,0.0,0.0
589772,6.51,5.88,4.24,-0.034,0.006,0.002,1816,0.0,0.0
589780,6.495,5.863,4.283,-0.029,-0.005,0.002,1817,0.0,0.0
589788,6.527,5.813,4.281,-0.025,-0.02,0.001,1818,0.0,0.0
589796,6.591,5.748,4.211,-0.017,-0.029,-0.002,1820,0.0,0.0
589805,6.651,5.753,4.099,-0.01,-0.026,-0.005,1816,0.0,0.0
589813,6.699,5.751,4.049,-0.006,-0.019,-0.01,1819,0.0,0.0
589821,6.713,5.729,4.049,-0.005,-0.01,-0.015,1819,0.0,0.0
589829,6.704,5.741,4.07,0.0,-0.002,-0.017,1818,0.0,0.0
589837,6.644,5.765,4.08,0.006,0.001,-0.019,1818,0.0,0.0
589845,6.627,5.806,4.096,0.006,-0.004,-0.022,1818,0.0,0.0
589853,6.584,5.804,4.046,0.001,-0.012,-0.023,1818,0.0,0.0
