543142,7.029,6.766,-0.184,-0.065,0.089,-0.028,1732,0,0
543162,7.07,6.761,-0.12,-0.058,0.08,-0.022,1732,0,0
543182,7.245,6.761,-0.124,-0.064,0.079,-0.02,1732,0,0
543202,7.254,6.768,0.012,-0.054,0.093,-0.016,1731,0,0
543222,7.178,6.792,0.134,-0.045,0.08,-0.014,1730,0,0
543242,7.24,6.706,0.12,-0.082,0.056,-0.017,1731,0,0
543262,7.393,6.685,0.069,-0.082,0.052,-0.03,1732,0,0
543282,7.41,6.816,0.163,-0.025,0.058,-0.043,1732,0,0
543302,7.298,6.962,0.263,-0.025,0.042,-0.036,1731,0,0
543322,7.314,6.972,0.225,-0.076,0.014,-0.017,1731,0,0
543342,7.302,6.874,0.091,-0.091,0.003,-0.011,1733,0,0
543362,7.29,6.876,-0.012,-0.066,0.01,-0.013,1732,0,0
543382,7.235,6.924,-0.019,-0.056,0.026,-0.008,1730,0,0
543402,7.173,6.977,0.067,-0.074,0.019,0.003,1732,0,0
543422,7.161,6.943,0.043,-0.078,0.007,0.013,1731,0,0
543442,7.111,6.871,0.06,-0.075,0.007,0.022,1730,0,0
543462,7.094,6.797,0.017,-0.067,0.004,0.023,1731,0,0
543482,7.137,6.752,-0.05,-0.072,0.001,0.027,1732,0,0
543502,7.149,6.598,-0.139,-0.084,0.004,0.024,1731,0,0
543522,7.137,6.536,-0.242,-0.08,0.015,0.013,1731,0,0
543542,7.063,6.534,-0.306,-0.071,0.017,-0.002,1730,0,0
543562,7.125,6.601,-0.443,-0.08,0.025,-0.007,1732,0,0
543582,7.099,6.579,-0.577,-0.102,0.058,-0.014,1730,0,0
543602,6.996,6.589,-0.658,-0.095,0.093,-0.027,1731,0,0
543622,6.958,6.661,-0.721,-0.083,0.121,-0.029,1730,0,0
543642,6.967,6.682,-0.821,-0.107,0.149,-0.03,1732,0,0
543662,6.979,6.737,-0.982,-0.112,0.196,-0.034,1732,0,0
543682,6.845,6.79,-1.07,-0.093,0.255,-0.033,1731,0,0
543702,6.888,6.821,-1.027,-0.078,0.317,-0.024,1732,0,0
543722,6.804,6.859,-0.766,-0.091,0.371,-0.01,1732,0,0
543742,6.785,6.768,-0.615,-0.125,0.386,-0.001,1731,0,0
543762,6.788,6.742,-0.716,-0.095,0.411,-0.009,1732,0,0
543782,6.68,6.773,-1.089,-0.069,0.456,-0.022,1731,0,0
543802,6.642,6.905,-1.35,-0.03,0.542,-0.025,1731,0,0
543822,6.766,7.128,-0.96,0.032,0.642,-0.014,1731,0,0
543842,6.711,7.264,-0.302,0.046,0.682,0.021,1731,0,0
543862,6.685,7.252,-0.244,0.007,0.666,0.051,1732,0,0
543882,6.646,7.08,-0.869,0.019,0.687,0.043,1733,0,0
543902,6.68,7.278,-1.3,0.19,0.794,0.02,1732,0,0
543922,6.436,7.863,-1.034,0.341,0.93,0.043,1732,0,0
543942,6.112,8.152,-0.395,0.318,1.006,0.112,1733,0,0
543962,5.904,8.174,-0.29,0.302,0.988,0.198,1733,0,0
543982,6.072,7.896,-0.725,0.292,0.988,0.263,1732,0,0
544002,6.132,7.693,-1.408,0.369,1.092,0.283,1732,0,0
544022,5.957,7.805,-1.597,0.555,1.276,0.285,1732,0,0
544042,5.61,8.152,-1.089,0.651,1.449,0.355,1733,0,0
544062,5.547,8.152,-0.508,0.554,1.513,0.46,1733,0,0
544082,5.511,7.767,-0.52,0.503,1.542,0.504,1732,0,0
544102,5.449,7.721,-1.111,0.62,1.632,0.501,1732,0,0
544122,5.459,7.973,-1.599,0.744,1.814,0.502,1733,0,0
544142,5.588,8.191,-0.457,0.84,2.091,0.564,1735,0,0
544162,5.497,8.253,0.998,0.829,2.222,0.664,1736,0,0
544182,5.353,8.088,1.551,0.822,2.155,0.743,1737,0,0
544202,5.538,7.877,1.176,0.852,2.053,0.766,1737,0,0
544223,6.215,8.004,1.326,1.004,2.157,0.777,1739,0,0
544242,6.096,8.425,2.624,1.108,2.326,0.801,1737,0,0
544262,5.866,8.375,3.833,1.124,2.319,0.845,1740,0,0
544282,5.71,8.097,3.45,1.125,2.1,0.911,1739,0,0
544303,6.28,8.114,2.5,1.196,1.975,0.942,1740,0,0
544322,6.613,8.131,3.733,1.102,2.206,0.965,1740,0,0
544342,6.11,8.195,5.818,1.049,2.402,1.014,1742,0,0
544362,5.662,7.669,6.926,1.124,2.271,1.087,1744,0,0
544382,5.071,7.02,6.44,1.251,1.751,1.081,1747,0,0
544402,5.827,7.302,4.927,1.39,1.404,1.042,1750,0,0
544422,6.529,7.475,6.065,1.156,1.688,1.068,1751,0,0
544442,5.669,6.9,7.326,0.778,1.862,1.079,1766,0,0
544462,4.92,6.251,7.913,0.951,1.552,1.09,1789,0,0
544482,4.676,5.851,7.302,1.233,1.069,1.014,1804,0,0
544502,5.164,6.23,6.91,1.246,0.836,0.958,1807,0,0
544522,5.25,6.404,7.336,0.942,0.843,0.917,1816,0,0
544542,4.875,5.61,7.444,0.744,0.738,0.881,1826,0,0
544562,4.422,4.755,7.242,0.92,0.388,0.79,1832,0,0
544582,4.724,4.76,5.997,1.377,0.111,0.674,1834,0,0
544602,5.076,5.229,5.466,1.439,0.139,0.595,1832,0,0
544622,4.64,5.109,5.358,1.069,0.229,0.54,1830,0,0
544642,4.216,4.86,5.071,0.962,0.217,0.458,1830,0,0
544662,4.458,4.755,4.752,0.873,0.194,0.404,1828,0,0
544682,4.992,4.733,4.831,0.68,0.255,0.374,1827,0,0
544702,5.138,4.523,4.973,0.372,0.284,0.305,1825,0,0
544722,10.068,7.005,2.662,0.148,-0.185,0.166,1807,0,0
544742,7.693,6.431,4.353,-0.14,0.759,0.204,1807,0,0
544762,6.385,6.036,5.926,-1.429,1.365,0.252,1809,0,0
544782,5.725,4.719,6.869,-0.989,1.148,0.263,1814,0,0
544802,5.952,4.559,6.759,-0.399,0.657,0.207,1815,0,0
544822,6.56,5.114,5.899,-0.004,0.227,0.118,1812,0,0
544842,6.797,5.406,4.934,-0.402,0.134,0.074,1808,0,0
544862,7.104,5.217,4.324,-0.392,0.151,0.07,1802,0,0
544882,6.776,5.171,4.42,-0.149,0.203,0.051,1801,0,0
544902,6.826,5.148,4.12,-0.232,0.191,0.023,1798,0,0
544922,7.353,5.394,3.91,-0.017,0.147,0.034,1794,0,0
544942,7.331,5.495,4.022,-0.079,0.167,0.059,1790,0,0
544962,7.432,5.274,4.005,-0.291,0.144,0.049,1789,0,0
544982,7.678,5.155,4.085,-0.167,0.087,0.038,1786,0,0
545002,7.616,5.239,4.058,-0.058,0.042,0.027,1782,0,0
545022,7.523,5.37,3.704,-0.021,-0.012,0.059,1778,0,0
545042,7.604,5.322,3.457,0.03,-0.033,0.094,1775,0,0
545062,7.738,5.435,3.455,-0.004,0.043,0.138,1774,0,0
545082,7.355,5.188,3.646,-0.119,0.11,0.154,1772,0,0
545102,7.037,4.963,3.759,-0.098,0.088,0.154,1774,0,0
545122,7.056,4.903,3.749,-0.05,0.076,0.141,1775,0,0
545142,7.118,4.829,3.845,-0.086,0.145,0.123,1774,0,0
545162,6.979,4.592,4.12,-0.108,0.202,0.08,1775,0,0
545182,6.967,4.578,4.252,-0.039,0.196,0.036,1776,0,0
545202,7.173,4.738,4.458,-0.025,0.207,0.008,1775,0,0
545222,7.099,4.784,4.748,-0.084,0.209,-0.016,1775,0,0
545242,6.972,4.86,4.877,-0.087,0.159,-0.049,1775,0,0
545262,7.046,4.985,4.812,-0.043,0.095,-0.069,1775,0,0
545282,7.056,5.114,4.738,-0.031,0.078,-0.073,1776,0,0
545302,6.917,5.205,4.784,-0.043,0.055,-0.078,1775,0,0
545322,6.867,5.31,4.628,-0.022,0.002,-0.085,1775,0,0
545342,6.914,5.485,4.386,-0.024,-0.007,-0.069,1775,0,0
545362,6.989,5.49,4.357,-0.048,0.023,-0.039,1775,0,0
545382,7.008,5.488,4.563,-0.049,0.05,-0.022,1775,0,0
545402,6.871,5.432,4.697,-0.041,0.027,-0.009,1775,0,0
545422,6.845,5.296,4.592,-0.043,-0.033,-0.0,1775,0,0
545442,6.891,5.198,4.343,-0.034,-0.061,-0.003,1774,0,0
545462,6.936,5.15,4.192,-0.033,-0.037,-0.021,1772,0,0
545482,6.972,5.136,4.123,-0.011,-0.007,-0.031,1771,0,0
545502,6.914,5.102,3.922,0.027,-0.002,-0.036,1769,0,0
545522,6.883,5.169,3.766,0.047,-0.009,-0.044,1768,0,0
545542,7.017,5.392,3.637,0.048,0.022,-0.058,1767,0,0
545562,7.049,5.555,3.721,0.022,0.086,-0.058,1764,0,0
545582,6.855,5.557,3.778,-0.006,0.123,-0.048,1765,0,0
545602,6.821,5.545,3.651,0.043,0.118,-0.048,1762,0,0
545622,7.094,5.837,3.721,0.084,0.169,-0.033,1763,0,0
545642,7.106,5.816,4.061,-0.011,0.251,-0.005,1763,0,0
545662,6.85,5.602,4.231,0.017,0.232,0.011,1764,0,0
545682,6.778,5.583,4.111,0.125,0.173,0.024,1764,0,0
545702,6.974,5.648,4.061,0.106,0.213,0.035,1764,0,0
545722,6.943,5.605,4.401,0.047,0.284,0.061,1764,0,0
545742,6.835,5.492,4.738,0.062,0.286,0.078,1765,0,0
545762,6.773,5.394,4.867,0.072,0.235,0.089,1766,0,0
545782,6.78,5.282,4.741,0.043,0.161,0.087,1766,0,0
545802,7.053,5.272,4.752,0.05,0.143,0.078,1766,0,0
545822,7.154,5.193,4.858,0.05,0.153,0.064,1765,0,0
545842,7.068,5.265,4.817,0.132,0.107,0.046,1767,0,0
545862,6.953,5.444,4.563,0.157,0.053,0.045,1766,0,0
545882,7.065,5.571,4.334,0.102,0.039,0.063,1766,0,0
545902,7.065,5.643,4.369,0.059,0.079,0.076,1768,0,0
545922,7.056,5.681,4.362,0.021,0.104,0.105,1766,0,0
545942,7.163,5.59,4.247,-0.039,0.113,0.123,1767,0,0
545962,7.221,5.499,4.19,-0.084,0.152,0.114,1767,0,0
545982,7.173,5.569,4.393,-0.099,0.23,0.111,1767,0,0
546002,7.063,5.631,4.573,-0.095,0.254,0.132,1766,0,0
546022,7.008,5.617,4.547,-0.104,0.238,0.168,1765,0,0
546042,6.9,5.344,4.468,-0.178,0.248,0.179,1767,0,0
546062,6.649,5.306,4.681,-0.201,0.283,0.158,1768,0,0
546082,6.258,5.428,4.97,-0.174,0.282,0.132,1768,0,0
546102,6.179,5.626,4.939,-0.122,0.211,0.163,1769,0,0
546122,6.227,5.655,4.69,-0.115,0.171,0.218,1768,0,0
546142,6.263,5.368,4.82,-0.159,0.193,0.253,1770,0,0
546162,6.182,5.057,5.102,-0.15,0.187,0.249,1769,0,0
546182,6.069,4.911,5.069,-0.061,0.106,0.228,1769,0,0
546202,6.036,4.855,4.8,-0.001,0.048,0.209,1768,0,0
546222,6.196,4.764,4.537,-0.003,0.059,0.2,1768,0,0
546242,6.366,4.64,4.494,0.01,0.092,0.183,1768,0,0
546262,6.45,4.568,4.518,0.008,0.129,0.153,1769,0,0
546282,6.555,4.532,4.503,-0.008,0.161,0.118,1768,0,0
546302,6.596,4.501,4.741,-0.052,0.201,0.093,1766,0,0
546322,6.615,4.448,5.013,-0.083,0.213,0.063,1767,0,0
546342,6.555,4.482,5.227,-0.082,0.19,0.029,1768,0,0
546362,6.567,4.561,5.363,-0.042,0.154,0.003,1768,0,0
546382,6.653,4.602,5.351,-0.025,0.119,-0.007,1768,0,0
546402,6.723,4.616,5.291,-0.023,0.077,-0.029,1769,0,0
546422,6.704,4.748,5.234,-0.022,0.058,-0.054,1769,0,0
546442,6.627,4.872,5.301,-0.013,0.056,-0.06,1768,0,0
546462,6.572,4.944,5.313,0.019,0.035,-0.05,1770,0,0
546482,6.711,4.997,5.215,0.038,0.0,-0.047,1769,0,0
546502,6.819,5.023,5.09,-0.003,0.0,-0.045,1769,0,0
546522,6.802,4.922,5.097,-0.05,0.013,-0.054,1768,0,0
546542,6.812,5.006,5.09,-0.002,0.015,-0.077,1768,0,0
546562,6.783,5.31,5.069,0.037,0.015,-0.079,1769,0,0
546582,6.661,5.511,5.119,-0.021,0.028,-0.055,1769,0,0
546602,6.591,5.488,5.195,-0.093,0.012,-0.023,1769,0,0
546622,6.637,5.456,5.1,-0.088,-0.012,-0.013,1769,0,0
546642,6.718,5.476,5.076,-0.056,-0.003,0.015,1768,0,0
546663,6.699,5.38,5.109,-0.084,-0.002,0.042,1767,0,0
546682,6.632,5.2,5.064,-0.098,-0.036,0.055,1768,0,0
546702,6.646,5.121,4.932,-0.091,-0.054,0.063,1768,0,0
546722,6.699,4.975,4.776,-0.097,-0.038,0.065,1768,0,0
546742,6.804,4.824,4.743,-0.082,-0.016,0.061,1768,0,0
546762,6.797,4.76,4.714,-0.063,-0.005,0.045,1767,0,0
546782,6.766,4.762,4.695,-0.07,0.005,0.033,1766,0,0
546802,6.742,4.729,4.779,-0.089,0.033,0.022,1767,0,0
546822,6.761,4.733,4.82,-0.074,0.038,0.006,1766,0,0
546842,6.807,4.853,4.872,-0.034,0.024,-0.01,1766,0,0
546862,6.74,4.978,4.877,-0.074,0.023,-0.01,1766,0,0
546882,6.591,4.987,4.994,-0.102,0.024,-0.018,1767,0,0
546902,6.57,5.025,4.99,-0.037,-0.001,-0.017,1768,0,0
546922,6.658,5.097,4.92,-0.003,-0.017,0.001,1768,0,0
546942,6.642,4.987,4.834,-0.05,-0.03,0.01,1767,0,0
546962,6.725,4.846,4.709,-0.065,-0.028,0.005,1766,0,0
546982,6.828,4.791,4.712,-0.048,0.004,-0.007,1766,0,0
547002,6.78,4.863,4.827,-0.015,0.037,-0.021,1766,0,0
547022,6.701,4.958,4.882,-0.03,0.044,-0.026,1766,0,0
547042,6.804,4.994,4.882,-0.064,0.05,-0.022,1768,0,0
547062,6.845,4.97,5.001,-0.09,0.07,-0.021,1769,0,0
547088,6.783,4.963,5.219,-0.059,0.057,-0.032,1767,0,0
547102,6.812,5.037,5.224,-0.047,0.027,-0.035,1767,0,0
547122,6.847,5.138,5.054,-0.058,-0.002,-0.037,1767,0,0
547142,6.768,5.217,4.975,-0.078,0.006,-0.035,1766,0,0
547162,6.658,5.322,4.982,-0.067,0.003,-0.018,1768,0,0
547182,6.613,5.397,4.872,-0.035,-0.023,0.002,1767,0,0
547202,6.62,5.361,4.707,-0.054,-0.025,0.032,1768,0,0
547222,6.606,5.219,4.568,-0.08,-0.007,0.05,1767,0,0
547242,6.622,5.095,4.642,-0.072,0.026,0.057,1768,0,0
547262,6.732,5.001,4.697,-0.048,0.045,0.061,1767,0,0
547282,6.809,4.93,4.7,-0.043,0.054,0.052,1767,0,0
547302,6.797,4.901,4.839,-0.053,0.08,0.048,1768,0,0
547322,6.689,4.855,5.102,-0.075,0.092,0.042,1767,0,0
547342,6.701,4.834,5.179,-0.054,0.062,0.034,1767,0,0
547362,6.78,4.863,5.162,-0.052,0.039,0.027,1768,0,0
547382,6.689,4.798,5.224,-0.091,0.039,0.016,1770,0,0
547402,6.673,4.745,5.243,-0.095,0.025,-0.001,1768,0,0
547422,6.74,4.774,5.133,-0.075,0.003,-0.016,1768,0,0
547442,6.713,4.817,5.109,-0.074,-0.003,-0.031,1767,0,0
547462,6.711,4.918,5.04,-0.077,-0.014,-0.031,1768,0,0
547482,6.687,4.939,4.978,-0.112,-0.015,-0.027,1766,0,0
547502,6.656,4.887,4.944,-0.114,-0.015,-0.04,1767,0,0
547522,6.656,4.951,4.889,-0.078,-0.017,-0.05,1767,0,0
547542,6.677,5.054,4.798,-0.07,-0.006,-0.046,1769,0,0
547562,6.732,5.066,4.75,-0.084,0.018,-0.037,1768,0,0
547582,6.721,5.021,4.863,-0.12,0.048,-0.027,1767,0,0
547602,6.73,4.932,5.006,-0.129,0.057,-0.03,1766,0,0
547622,6.742,4.951,5.064,-0.099,0.051,-0.033,1767,0,0
547642,6.656,5.028,5.138,-0.091,0.04,-0.035,1767,0,0
547662,6.673,5.054,5.104,-0.087,0.016,-0.021,1767,0,0
547682,6.706,5.001,5.08,-0.095,0.005,-0.01,1767,0,0
547702,6.709,4.882,5.004,-0.104,-0.01,-0.009,1767,0,0
547722,6.649,4.815,4.875,-0.088,-0.015,-0.005,1767,0,0
547742,6.606,4.741,4.915,-0.089,-0.01,-0.003,1767,0,0
547762,6.68,4.709,4.831,-0.051,-0.019,-0.01,1767,0,0
547782,6.742,4.755,4.788,-0.036,-0.011,-0.028,1766,0,0
547802,6.706,4.738,4.812,-0.055,0.014,-0.043,1766,0,0
547822,6.67,4.808,4.949,-0.044,0.036,-0.055,1767,0,0
547842,6.677,4.894,5.059,-0.046,0.042,-0.063,1767,0,0
547862,6.704,4.942,5.059,-0.042,0.031,-0.066,1767,0,0
547882,6.742,5.025,5.037,-0.048,0.035,-0.067,1768,0,0
547902,6.735,5.064,5.116,-0.076,0.048,-0.068,1767,0,0
547922,6.653,5.133,5.219,-0.074,0.039,-0.07,1766,0,0
547942,6.615,5.183,5.136,-0.058,0.004,-0.065,1767,0,0
547962,6.625,5.274,5.023,-0.061,-0.007,-0.055,1767,0,0
547982,6.582,5.284,4.985,-0.068,-0.002,-0.04,1767,0,0
548002,6.625,5.255,4.92,-0.057,0.007,-0.017,1767,0,0
548022,6.668,5.193,4.894,-0.063,0.019,0.007,1766,0,0
548042,6.63,5.011,4.992,-0.093,0.02,0.015,1767,0,0
548062,6.584,4.829,5.004,-0.086,0.005,0.004,1768,0,0
548082,6.744,4.812,4.932,-0.048,0.001,-0.014,1767,0,0
548102,6.852,4.858,4.839,-0.015,0.019,-0.034,1769,0,0
548122,6.788,4.997,4.86,-0.024,0.049,-0.035,1766,0,0
548142,6.656,5.088,4.985,-0.064,0.072,-0.023,1766,0,0
548162,6.598,5.061,5.104,-0.104,0.072,-0.017,1766,0,0
548182,6.577,4.997,5.16,-0.084,0.042,-0.024,1766,0,0
548202,6.622,5.097,5.109,-0.045,0.021,-0.025,1766,0,0
548222,6.536,5.148,5.088,-0.049,0.02,-0.026,1766,0,0
548242,6.515,5.181,5.021,-0.042,0.005,-0.021,1767,0,0
548262,6.541,5.219,4.906,-0.024,-0.016,-0.004,1766,0,0
548282,6.615,5.126,4.736,-0.06,-0.005,0.007,1767,0,0
548302,6.558,4.99,4.815,-0.088,0.029,0.007,1766,0,0
548322,6.5,4.942,4.829,-0.052,0.05,-0.001,1767,0,0
548342,6.627,4.987,4.815,-0.014,0.056,0.002,1767,0,0
548362,6.689,5.011,4.882,-0.035,0.075,0.001,1767,0,0
548382,6.668,4.944,5.078,-0.071,0.087,-0.007,1767,0,0
548402,6.625,4.985,5.109,-0.024,0.08,-0.013,1767,0,0
548422,6.675,5.066,5.095,-0.007,0.078,-0.003,1767,0,0
548442,6.632,5.045,5.198,-0.033,0.074,-0.006,1766,0,0
548462,6.582,5.033,5.234,-0.029,0.045,-0.015,1767,0,0
548482,6.649,5.176,5.133,0.017,0.026,-0.01,1766,0,0
548502,6.744,5.267,5.143,0.007,0.028,0.009,1766,0,0
548522,6.766,5.174,5.205,-0.025,0.014,0.016,1766,0,0
548542,6.823,5.095,5.112,-0.02,-0.013,0.018,1767,0,0
548562,6.929,5.037,4.982,0.014,-0.016,0.01,1767,0,0
548582,6.864,4.954,5.08,0.066,0.0,-0.012,1767,0,0
548602,6.864,5.011,4.978,0.141,-0.009,-0.026,1768,0,0
548622,6.883,4.875,4.889,0.162,0.019,-0.039,1769,0,0
548642,6.802,4.944,4.913,0.245,0.077,-0.064,1770,0,0
548662,6.472,5.289,4.956,0.223,0.102,-0.076,1772,0,0
548682,6.246,5.435,4.951,0.126,0.076,-0.051,1772,0,0
548702,6.129,5.535,4.875,0.053,0.037,-0.012,1773,0,0
548722,6.002,5.586,4.901,-0.022,0.012,0.011,1772,0,0
548742,6.0,5.473,4.927,-0.063,-0.011,0.037,1772,0,0
548762,6.029,5.291,4.848,-0.035,-0.033,0.052,1771,0,0
548782,6.062,5.15,4.913,0.001,-0.05,0.046,1771,0,0
548802,6.1,5.03,4.87,0.018,-0.079,0.024,1771,0,0
548822,6.201,5.061,4.741,0.064,-0.092,0.015,1771,0,0
548842,6.297,5.011,4.638,0.053,-0.081,0.014,1772,0,0
548862,6.419,4.961,4.652,0.034,-0.065,-0.005,1771,0,0
548882,6.546,4.934,4.712,0.029,-0.058,-0.032,1771,0,0
548902,6.615,5.025,4.671,0.054,-0.052,-0.064,1770,0,0
548922,6.656,5.234,4.702,0.084,-0.034,-0.083,1770,0,0
548942,6.668,5.392,4.853,0.076,-0.039,-0.077,1770,0,0
548962,6.716,5.437,4.827,0.058,-0.059,-0.065,1770,0,0
548982,6.742,5.502,4.829,0.054,-0.06,-0.062,1770,0,0
549002,6.756,5.626,4.879,0.067,-0.06,-0.052,1770,0,0
549022,6.742,5.705,4.843,0.076,-0.09,-0.028,1769,0,0
549042,6.776,5.737,4.657,0.077,-0.121,0.0,1769,0,0
549062,6.814,5.705,4.633,0.046,-0.118,0.016,1768,0,0
549082,6.713,5.665,4.616,0.062,-0.123,0.025,1769,0,0
549102,6.752,5.703,4.489,0.108,-0.149,0.041,1769,0,0
549122,6.821,5.722,4.254,0.091,-0.137,0.064,1768,0,0
549142,6.804,5.674,4.29,0.051,-0.088,0.074,1768,0,0
549162,6.675,5.602,4.398,0.051,-0.073,0.081,1768,0,0
549182,6.699,5.519,4.353,0.063,-0.097,0.094,1768,0,0
549202,6.728,5.387,4.257,0.036,-0.105,0.094,1768,0,0
549222,6.658,5.325,4.29,0.042,-0.096,0.083,1768,0,0
549242,6.692,5.298,4.271,0.074,-0.107,0.08,1770,0,0
549262,6.816,5.294,4.049,0.084,-0.123,0.071,1770,0,0
549282,7.044,5.349,3.876,0.041,-0.088,0.044,1768,0,0
549302,7.24,5.576,3.907,-0.007,-0.015,0.032,1767,0,0
549322,7.106,5.693,4.19,-0.069,0.058,0.031,1767,0,0
549342,6.718,5.578,4.508,-0.134,0.07,0.035,1768,0,0
549362,6.694,5.495,4.539,-0.091,0.009,0.029,1767,0,0
549382,6.771,5.442,4.446,-0.05,-0.034,0.026,1767,0,0
549402,6.874,5.449,4.257,-0.061,-0.032,0.027,1767,0,0
549422,6.893,5.399,4.154,-0.125,-0.008,0.027,1766,0,0
549442,6.862,5.258,4.164,-0.145,0.001,0.015,1768,0,0
549462,6.9,5.229,4.254,-0.124,-0.004,-0.002,1767,0,0
549482,6.867,5.327,4.211,-0.109,-0.019,-0.015,1768,0,0
549502,6.907,5.37,4.092,-0.132,-0.022,-0.023,1767,0,0
549522,7.02,5.37,4.08,-0.145,-0.001,-0.032,1767,0,0
549542,6.946,5.353,4.216,-0.121,0.003,-0.046,1766,0,0
549562,6.864,5.488,4.171,-0.077,-0.028,-0.053,1767,0,0
549582,6.934,5.65,4.07,-0.079,-0.031,-0.033,1766,0,0
549602,7.01,5.583,4.113,-0.134,0.006,-0.014,1766,0,0
549622,7.037,5.509,4.298,-0.104,0.018,-0.006,1766,0,0
549642,6.948,5.454,4.341,-0.073,-0.013,-0.003,1768,0,0
549662,6.974,5.416,4.161,-0.084,-0.05,0.001,1767,0,0
549682,7.015,5.428,4.116,-0.079,-0.035,-0.006,1766,0,0
549702,6.984,5.473,4.202,-0.057,-0.009,-0.001,1767,0,0
549722,6.907,5.454,4.197,-0.054,-0.019,0.009,1767,0,0
549742,6.898,5.358,4.063,-0.083,-0.038,0.015,1766,0,0
549762,6.97,5.308,4.008,-0.089,-0.018,0.002,1767,0,0
549782,6.938,5.322,4.032,-0.058,0.01,-0.004,1766,0,0
549802,6.907,5.38,4.053,-0.044,0.011,-0.008,1767,0,0
549822,6.891,5.37,3.938,-0.062,0.006,-0.009,1766,0,0
549842,6.931,5.394,3.9,-0.077,0.03,-0.007,1767,0,0
549862,6.895,5.37,4.037,-0.077,0.06,-0.011,1768,0,0
549882,6.907,5.413,4.178,-0.058,0.064,-0.01,1766,0,0
549902,6.934,5.471,4.185,-0.043,0.061,-0.007,1765,0,0
549922,6.986,5.545,4.259,-0.05,0.071,-0.001,1765,0,0
549942,6.905,5.473,4.46,-0.074,0.063,0.008,1766,0,0
549962,6.895,5.428,4.413,-0.069,0.032,0.01,1766,0,0
549982,6.965,5.375,4.288,-0.05,0.022,0.008,1765,0,0
550002,6.979,5.399,4.254,-0.053,0.038,0.01,1765,0,0
550022,6.924,5.382,4.341,-0.055,0.041,0.006,1766,0,0
550042,6.881,5.361,4.369,-0.056,0.022,0.011,1766,0,0
550062,6.886,5.255,4.245,-0.066,0.009,0.007,1765,0,0
550082,6.953,5.195,4.199,-0.062,0.011,-0.01,1767,0,0
550102,6.938,5.255,4.269,-0.047,0.03,-0.029,1765,0,0
550122,6.864,5.341,4.271,-0.041,0.022,-0.033,1765,0,0
550142,6.859,5.411,4.173,-0.04,0.009,-0.028,1764,0,0
550162,6.943,5.404,4.159,-0.072,0.021,-0.023,1764,0,0
550182,6.914,5.394,4.221,-0.087,0.034,-0.027,1764,0,0
550202,6.852,5.464,4.264,-0.053,0.021,-0.033,1765,0,0
550222,6.84,5.574,4.171,-0.035,0.013,-0.023,1765,0,0
550242,6.895,5.595,4.18,-0.064,0.037,-0.004,1764,0,0
550262,6.902,5.502,4.288,-0.086,0.048,0.009,1765,0,0
550282,6.924,5.365,4.369,-0.072,0.035,0.01,1765,0,0
550302,6.886,5.361,4.302,-0.044,0.017,0.002,1765,0,0
550322,6.914,5.406,4.334,-0.044,0.013,0.001,1765,0,0
550342,6.924,5.444,4.319,-0.056,0.021,0.006,1765,0,0
550362,6.912,5.397,4.357,-0.06,0.015,0.006,1765,0,0
550382,6.883,5.368,4.278,-0.051,0.001,0.006,1765,0,0
550402,6.893,5.418,4.252,-0.054,0.0,0.007,1763,0,0
550422,6.857,5.401,4.247,-0.075,0.012,0.007,1765,0,0
550442,6.886,5.387,4.293,-0.075,0.011,-0.002,1765,0,0
550462,6.879,5.385,4.252,-0.047,0.003,-0.008,1765,0,0
550482,6.869,5.423,4.235,-0.044,0.003,-0.005,1765,0,0
550502,6.869,5.454,4.219,-0.07,0.006,0.0,1765,0,0
550522,6.855,5.361,4.254,-0.081,0.017,-0.001,1765,0,0
550542,6.867,5.349,4.257,-0.07,0.019,-0.007,1764,0,0
550562,6.869,5.409,4.271,-0.058,0.023,-0.005,1764,0,0
550582,6.902,5.339,4.298,-0.082,0.021,-0.002,1764,0,0
550602,6.902,5.272,4.319,-0.085,0.015,-0.01,1763,0,0
550622,6.929,5.27,4.286,-0.066,0.009,-0.024,1764,0,0
550642,6.931,5.368,4.286,-0.052,0.008,-0.028,1764,0,0
550662,6.895,5.476,4.281,-0.06,0.005,-0.027,1765,0,0
550682,6.876,5.523,4.262,-0.064,-0.005,-0.017,1766,0,0
550702,6.9,5.528,4.168,-0.067,-0.001,-0.009,1765,0,0
550722,6.919,5.471,4.266,-0.071,0.012,0.0,1765,0,0
550742,6.9,5.397,4.312,-0.073,0.006,0.001,1765,0,0
550762,6.924,5.306,4.252,-0.054,-0.01,-0.003,1766,0,0
550783,6.967,5.31,4.144,-0.054,-0.005,-0.007,1764,0,0
550802,6.874,5.296,4.144,-0.063,0.007,-0.015,1765,0,0
550822,6.867,5.385,4.132,-0.043,0.009,-0.023,1765,0,0
550842,6.876,5.478,4.144,-0.043,0.022,-0.02,1764,0,0
550862,6.862,5.511,4.152,-0.066,0.028,-0.011,1765,0,0
550882,6.874,5.485,4.187,-0.071,0.027,-0.008,1765,0,0
550902,6.879,5.435,4.219,-0.073,0.039,-0.008,1768,0,0
550922,6.881,5.423,4.231,-0.059,0.047,-0.006,1765,0,0
550942,6.874,5.406,4.216,-0.058,0.048,-0.003,1766,0,0
550963,6.919,5.337,4.319,-0.073,0.045,-0.004,1765,0,0
550982,6.912,5.31,4.417,-0.077,0.037,-0.011,1765,0,0
551002,6.91,5.358,4.345,-0.042,0.02,-0.023,1766,0,0
551022,6.864,5.447,4.295,-0.03,0.019,-0.019,1766,0,0
551042,6.876,5.473,4.305,-0.058,0.027,-0.009,1765,0,0
551062,6.85,5.461,4.326,-0.075,0.026,-0.006,1766,0,0
551082,6.871,5.476,4.386,-0.07,0.02,-0.003,1764,0,0
551102,6.888,5.42,4.329,-0.057,0.007,-0.002,1765,0,0
551122,6.843,5.387,4.274,-0.045,-0.002,-0.001,1765,0,0
551142,6.859,5.382,4.192,-0.051,0.005,-0.002,1766,0,0
551162,6.857,5.38,4.252,-0.063,0.023,-0.006,1765,0,0
551182,6.835,5.411,4.254,-0.059,0.019,-0.009,1765,0,0
551202,6.876,5.444,4.235,-0.053,0.013,-0.007,1765,0,0
551222,6.867,5.397,4.214,-0.068,0.02,-0.008,1765,0,0
551242,6.879,5.382,4.219,-0.048,0.018,-0.019,1765,0,0
551262,6.9,5.454,4.211,-0.031,0.017,-0.019,1767,0,0
551282,6.869,5.531,4.202,-0.048,0.023,-0.009,1766,0,0
551302,6.831,5.543,4.281,-0.07,0.027,-0.002,1766,0,0
551322,6.814,5.612,4.343,-0.058,0.024,0.001,1765,0,0
551342,6.835,5.622,4.353,-0.065,0.027,0.024,1766,0,0
551362,6.838,5.428,4.424,-0.095,0.02,0.034,1766,0,0
551382,6.871,5.284,4.47,-0.089,0.006,0.024,1766,0,0
551402,6.883,5.231,4.403,-0.06,0.007,0.011,1767,0,0
551422,6.852,5.298,4.372,-0.045,0.005,0.006,1765,0,0
551442,6.876,5.294,4.314,-0.064,0.002,0.002,1766,0,0
551462,6.886,5.274,4.295,-0.095,0.007,0.004,1765,0,0
551482,6.9,5.239,4.369,-0.099,0.009,-0.005,1766,0,0
551502,6.91,5.291,4.408,-0.057,0.0,-0.022,1766,0,0
551522,6.9,5.509,4.31,-0.029,-0.01,-0.023,1766,0,0
551542,6.852,5.523,4.305,-0.075,-0.015,-0.007,1767,0,0
551562,6.919,5.476,4.238,-0.08,-0.013,0.0,1768,0,0
551582,6.919,5.492,4.276,-0.06,-0.001,0.005,1766,0,0
551602,6.869,5.428,4.266,-0.062,-0.007,0.012,1766,0,0
551622,6.874,5.327,4.183,-0.078,-0.02,0.009,1767,0,0
551642,6.905,5.27,4.135,-0.072,-0.009,-0.002,1767,0,0
551662,6.888,5.38,4.159,-0.041,0.011,-0.006,1767,0,0
551682,6.879,5.452,4.238,-0.061,0.013,-0.002,1766,0,0
551702,6.895,5.375,4.233,-0.102,0.007,0.005,1767,0,0
551722,6.938,5.282,4.226,-0.087,0.009,-0.005,1766,0,0
551742,6.929,5.365,4.25,-0.036,0.017,-0.005,1767,0,0
551762,6.881,5.409,4.305,-0.046,0.016,-0.001,1766,0,0
551782,6.867,5.377,4.247,-0.072,0.005,-0.005,1765,0,0
551802,6.919,5.368,4.221,-0.069,0.007,-0.009,1766,0,0
551822,6.883,5.368,4.226,-0.058,0.017,-0.01,1765,0,0
551842,6.883,5.394,4.211,-0.056,0.021,-0.005,1765,0,0
551862,6.876,5.361,4.238,-0.064,0.022,-0.007,1765,0,0
551882,6.924,5.375,4.228,-0.066,0.025,-0.008,1765,0,0
551902,6.895,5.38,4.288,-0.056,0.024,-0.008,1766,0,0
551922,6.859,5.375,4.286,-0.063,0.022,-0.004,1765,0,0
551942,6.941,5.363,4.29,-0.066,0.025,-0.003,1764,0,0
551962,6.97,5.368,4.396,-0.071,0.033,-0.006,1765,0,0
551982,6.902,5.353,4.444,-0.056,0.013,-0.007,1765,0,0
552002,6.886,5.399,4.355,-0.047,-0.012,-0.001,1765,0,0
552022,6.924,5.349,4.276,-0.067,-0.011,-0.006,1763,0,0
552042,6.9,5.351,4.276,-0.062,-0.002,-0.011,1765,0,0
552062,6.833,5.387,4.231,-0.033,-0.001,-0.013,1765,0,0
552082,6.833,5.375,4.144,-0.031,0.002,-0.01,1766,0,0
552102,6.922,5.351,4.108,-0.04,0.017,-0.007,1764,0,0
552122,6.905,5.375,4.187,-0.055,0.03,-0.011,1765,0,0
552142,6.898,5.42,4.262,-0.065,0.028,-0.019,1766,0,0
552162,6.838,5.48,4.283,-0.056,0.025,-0.012,1766,0,0
552182,6.833,5.49,4.252,-0.048,0.019,0.001,1766,0,0
552202,6.914,5.476,4.274,-0.063,0.031,0.007,1765,0,0
552222,6.914,5.392,4.396,-0.079,0.036,0.004,1766,0,0
552242,6.85,5.375,4.365,-0.064,0.015,0.001,1765,0,0
552262,6.893,5.392,4.293,-0.062,0.003,0.004,1766,0,0
552282,6.912,5.32,4.276,-0.08,0.011,0.005,1766,0,0
552302,6.912,5.25,4.341,-0.068,0.012,-0.002,1766,0,0
552322,6.893,5.27,4.353,-0.057,0.006,-0.013,1766,0,0
552342,6.907,5.349,4.302,-0.059,0.002,-0.015,1766,0,0
552362,6.929,5.346,4.24,-0.078,-0.002,-0.012,1765,0,0
552382,6.972,5.373,4.216,-0.054,-0.002,-0.015,1766,0,0
552402,6.922,5.444,4.221,-0.048,0.005,-0.014,1767,0,0
552422,6.893,5.456,4.178,-0.048,-0.001,-0.01,1765,0,0
552442,6.881,5.492,4.108,-0.047,-0.002,-0.003,1765,0,0
552462,6.893,5.499,4.113,-0.056,0.021,0.006,1764,0,0
552482,6.847,5.464,4.132,-0.059,0.034,0.011,1766,0,0
552502,6.864,5.394,4.161,-0.052,0.028,0.017,1765,0,0
552522,6.881,5.341,4.123,-0.065,0.034,0.014,1765,0,0
552542,6.893,5.315,4.195,-0.069,0.058,0.013,1765,0,0
552562,6.886,5.294,4.278,-0.064,0.063,0.007,1765,0,0
552582,6.869,5.296,4.29,-0.053,0.05,0.001,1765,0,0
552602,6.883,5.358,4.345,-0.067,0.055,-0.001,1765,0,0
552622,6.852,5.32,4.422,-0.082,0.056,-0.007,1766,0,0
552642,6.905,5.329,4.434,-0.053,0.05,-0.007,1766,0,0
552662,6.946,5.387,4.463,-0.048,0.054,0.005,1766,0,0
552682,6.926,5.282,4.578,-0.081,0.043,0.007,1767,0,0
552702,6.907,5.241,4.65,-0.062,0.012,-0.007,1767,0,0
552722,6.879,5.289,4.556,-0.04,-0.011,-0.016,1767,0,0
552742,6.862,5.31,4.408,-0.033,-0.017,-0.015,1766,0,0
552762,6.912,5.32,4.341,-0.029,-0.008,-0.01,1766,0,0
552782,6.867,5.306,4.381,-0.056,0.001,-0.012,1765,0,0
552802,6.855,5.363,4.391,-0.063,-0.013,-0.022,1765,0,0
552822,6.864,5.456,4.278,-0.05,-0.025,-0.019,1766,0,0
552842,6.85,5.459,4.276,-0.064,-0.023,-0.012,1765,0,0
552862,6.859,5.495,4.274,-0.061,-0.019,-0.015,1766,0,0
552882,6.874,5.605,4.305,-0.052,-0.018,-0.009,1766,0,0
552902,6.857,5.6,4.233,-0.064,-0.03,0.01,1767,0,0
552922,6.914,5.428,4.152,-0.088,-0.029,0.023,1767,0,0
552942,6.977,5.291,4.183,-0.075,-0.019,0.016,1768,0,0
552962,6.981,5.315,4.199,-0.041,-0.01,0.008,1767,0,0
552982,6.948,5.327,4.161,-0.053,-0.019,0.007,1767,0,0
553002,6.97,5.258,4.104,-0.074,-0.013,0.007,1766,0,0
553022,6.929,5.236,4.142,-0.069,-0.002,-0.011,1766,0,0
553042,6.888,5.344,4.099,-0.039,-0.003,-0.019,1766,0,0
553062,6.917,5.428,3.979,-0.039,-0.003,-0.012,1766,0,0
553082,7.075,5.313,3.915,-0.063,0.028,-0.003,1766,0,0
553102,7.046,5.155,3.95,-0.056,0.048,-0.017,1766,0,0
553122,7.08,5.179,3.936,0.001,0.044,-0.03,1767,0,0
553142,7.082,5.164,3.979,0.016,0.056,-0.046,1766,0,0
553162,6.981,5.265,4.008,0.077,0.068,-0.074,1766,0,0
553182,6.91,5.466,4.029,0.116,0.066,-0.078,1768,0,0
553202,6.814,5.497,4.075,0.075,0.073,-0.074,1767,0,0
553222,6.788,5.466,4.128,0.072,0.08,-0.082,1766,0,0
553242,6.826,5.59,4.161,0.082,0.088,-0.08,1767,0,0
553262,6.84,5.576,4.238,0.028,0.091,-0.071,1768,0,0
553282,6.816,5.466,4.281,0.024,0.079,-0.078,1765,0,0
553302,6.833,5.48,4.389,0.047,0.086,-0.089,1767,0,0
553322,6.814,5.559,4.441,0.067,0.077,-0.088,1767,0,0
553342,6.874,5.61,4.377,0.072,0.061,-0.08,1767,0,0
553362,6.802,5.581,4.379,0.029,0.059,-0.073,1766,0,0
553382,6.697,5.507,4.463,-0.047,0.054,-0.079,1767,0,0
553402,6.62,5.514,4.448,-0.054,0.033,-0.095,1766,0,0
553422,6.661,5.679,4.374,-0.025,0.03,-0.085,1767,0,0
553442,6.627,5.763,4.331,-0.038,0.045,-0.052,1769,0,0
553462,6.814,5.71,4.367,-0.09,0.042,-0.041,1768,0,0
553482,6.934,5.679,4.367,-0.103,0.028,-0.05,1766,0,0
553502,7.005,5.763,4.271,-0.059,0.007,-0.051,1765,0,0
553522,7.003,5.916,4.192,-0.007,0.006,-0.038,1768,0,0
553542,6.857,6.021,4.214,-0.013,0.012,-0.022,1767,0,0
553562,6.883,6.017,4.185,-0.054,0.012,-0.011,1769,0,0
553582,7.027,5.95,4.118,-0.083,0.026,0.0,1766,0,0
553602,7.094,5.823,4.075,-0.119,0.056,0.01,1766,0,0
553622,7.144,5.792,4.12,-0.157,0.087,0.011,1768,0,0
553643,6.972,5.78,4.374,-0.193,0.105,0.014,1765,0,0
553662,6.692,5.926,4.52,-0.183,0.086,0.009,1767,0,0
553682,6.677,6.029,4.499,-0.182,0.064,0.042,1767,0,0
553702,6.646,5.928,4.472,-0.192,0.058,0.064,1767,0,0
553723,6.579,5.701,4.422,-0.191,0.029,0.072,1768,0,0
553742,6.543,5.488,4.319,-0.161,0.027,0.067,1767,0,0
553762,6.431,5.339,4.235,-0.121,0.042,0.059,1768,0,0
553782,6.369,5.282,4.278,-0.115,0.038,0.044,1767,0,0
553802,6.314,5.239,4.307,-0.143,0.021,0.015,1767,0,0
553822,6.215,5.291,4.187,-0.126,0.008,-0.006,1768,0,0
553842,6.16,5.416,4.058,-0.076,0.013,-0.016,1767,0,0
553862,6.239,5.593,3.996,-0.053,0.027,-0.002,1767,0,0
553882,6.258,5.583,4.058,-0.107,0.038,0.009,1766,0,0
553902,6.299,5.476,4.051,-0.128,0.023,0.006,1767,0,0
553922,6.457,5.435,3.948,-0.077,0.028,0.005,1767,0,0
553942,6.534,5.404,4.008,-0.07,0.063,0.008,1767,0,0
553962,6.584,5.306,4.235,-0.082,0.083,-0.003,1766,0,0
553982,6.689,5.358,4.408,-0.04,0.076,-0.014,1766,0,0
554002,6.682,5.476,4.463,-0.034,0.07,-0.017,1767,0,0
554022,6.594,5.454,4.616,-0.075,0.083,-0.01,1765,0,0
554042,6.642,5.413,4.841,-0.087,0.078,-0.006,1766,0,0
554062,6.699,5.389,4.903,-0.044,0.053,-0.018,1765,0,0
554082,6.766,5.483,4.776,-0.026,0.032,-0.03,1766,0,0
554102,6.752,5.607,4.733,-0.05,0.033,-0.031,1765,0,0
554122,6.771,5.705,4.745,-0.059,0.039,-0.018,1766,0,0
554142,6.783,5.751,4.721,-0.072,0.035,-0.006,1765,0,0
554162,6.831,5.772,4.647,-0.091,0.025,0.009,1765,0,0
554182,6.838,5.772,4.623,-0.11,0.021,0.025,1765,0,0
554202,6.785,5.665,4.647,-0.118,0.004,0.038,1766,0,0
554222,6.744,5.638,4.427,-0.084,-0.018,0.04,1765,0,0
554242,6.814,5.653,4.324,-0.076,-0.015,0.06,1766,0,0
554262,6.773,5.509,4.269,-0.104,-0.002,0.074,1764,0,0
554282,6.749,5.322,4.25,-0.099,-0.004,0.07,1766,0,0
554302,6.776,5.174,4.137,-0.066,-0.009,0.057,1765,0,0
554322,6.812,5.133,4.046,-0.018,0.01,0.044,1766,0,0
554343,6.663,5.181,4.096,-0.014,0.04,0.03,1767,0,0
554362,6.579,5.179,4.197,-0.037,0.056,0.018,1765,0,0
554382,6.558,5.16,4.223,-0.03,0.06,0.009,1765,0,0
554402,6.582,5.195,4.31,-0.026,0.074,-0.003,1766,0,0
554422,6.512,5.26,4.515,-0.03,0.086,-0.019,1766,0,0
554442,6.443,5.358,4.587,-0.015,0.071,-0.029,1765,0,0
554462,6.457,5.495,4.559,-0.007,0.055,-0.03,1767,0,0
554482,6.419,5.54,4.575,-0.019,0.053,-0.023,1765,0,0
554502,6.431,5.519,4.58,-0.028,0.05,-0.014,1766,0,0
554522,6.582,5.483,4.535,-0.016,0.046,-0.011,1766,0,0
554542,6.749,5.495,4.518,-0.022,0.052,-0.011,1765,0,0
554562,6.718,5.444,4.559,-0.037,0.057,-0.016,1765,0,0
554582,6.752,5.435,4.53,-0.018,0.04,-0.027,1766,0,0
554602,6.771,5.581,4.506,-0.007,0.043,-0.037,1765,0,0
554622,6.677,5.732,4.523,-0.029,0.059,-0.023,1766,0,0
554642,6.608,5.722,4.623,-0.044,0.054,0.001,1764,0,0
554662,6.615,5.646,4.616,-0.043,0.038,0.008,1765,0,0
554682,6.637,5.6,4.702,-0.042,0.04,0.009,1765,0,0
554702,6.555,5.562,4.774,-0.054,0.037,0.013,1765,0,0
554722,6.536,5.488,4.764,-0.043,0.012,0.01,1766,0,0
554742,6.57,5.43,4.683,-0.055,0.004,0.007,1765,0,0
554762,6.517,5.356,4.659,-0.087,0.01,-0.002,1766,0,0
554782,6.591,5.361,4.621,-0.074,0.004,-0.011,1765,0,0
554802,6.586,5.416,4.571,-0.06,0.0,-0.017,1765,0,0
554822,6.5,5.397,4.53,-0.083,-0.009,-0.025,1766,0,0
554842,6.548,5.411,4.46,-0.099,-0.021,-0.033,1765,0,0
554862,6.598,5.435,4.41,-0.076,-0.022,-0.045,1765,0,0
554882,6.601,5.516,4.365,-0.052,-0.019,-0.047,1766,0,0
554902,6.577,5.543,4.324,-0.055,-0.011,-0.044,1765,0,0
554922,6.642,5.61,4.324,-0.059,-0.002,-0.044,1765,0,0
554942,6.701,5.698,4.281,-0.048,0.006,-0.033,1765,0,0
554962,6.68,5.696,4.3,-0.045,0.018,-0.013,1765,0,0
554982,6.67,5.574,4.307,-0.061,0.02,-0.005,1765,0,0
555002,6.721,5.574,4.29,-0.035,0.022,-0.006,1764,0,0
555022,6.689,5.643,4.355,-0.017,0.039,0.008,1767,0,0
555042,6.541,5.636,4.575,-0.05,0.048,0.016,1764,0,0
555062,6.493,5.574,4.702,-0.064,0.032,0.007,1765,0,0
555082,6.579,5.543,4.702,-0.046,0.026,0.009,1765,0,0
555102,6.548,5.504,4.82,-0.058,0.026,0.013,1766,0,0
555122,6.543,5.42,4.887,-0.079,0.012,0.002,1766,0,0
555142,6.548,5.476,4.839,-0.087,-0.003,-0.015,1765,0,0
555162,6.543,5.531,4.863,-0.12,-0.007,-0.013,1765,0,0
555182,6.51,5.456,4.812,-0.136,-0.011,-0.01,1766,0,0
555202,6.613,5.385,4.654,-0.121,-0.029,-0.013,1765,0,0
555222,6.721,5.344,4.456,-0.118,-0.038,-0.017,1767,0,0
555242,6.771,5.353,4.362,-0.088,-0.039,-0.022,1765,0,0
555262,6.663,5.452,4.367,-0.087,-0.032,-0.039,1764,0,0
555282,6.649,5.562,4.324,-0.095,-0.045,-0.05,1765,0,0
555302,6.668,5.727,4.168,-0.06,-0.043,-0.044,1765,0,0
555322,6.756,5.842,4.159,-0.052,-0.014,-0.016,1765,0,0
555342,6.788,5.839,4.219,-0.064,0.012,0.006,1765,0,0
555362,6.797,5.839,4.247,-0.083,0.025,0.018,1766,0,0
555382,6.759,5.777,4.336,-0.11,0.039,0.041,1766,0,0
555402,6.902,5.607,4.393,-0.117,0.048,0.063,1766,0,0
555422,6.996,5.385,4.482,-0.068,0.047,0.06,1766,0,0
555442,6.955,5.344,4.422,-0.039,0.037,0.051,1767,0,0
555462,6.833,5.365,4.348,-0.059,0.045,0.052,1765,0,0
555482,6.764,5.267,4.384,-0.102,0.06,0.052,1766,0,0
555502,6.728,5.2,4.403,-0.05,0.06,0.045,1765,0,0
555522,6.694,5.21,4.415,-0.009,0.057,0.045,1766,0,0
555542,6.608,5.076,4.47,-0.06,0.052,0.033,1767,0,0
555562,6.495,5.009,4.587,-0.079,0.038,-0.01,1767,0,0
555582,6.46,5.133,4.628,-0.025,0.029,-0.046,1766,0,0
555602,6.433,5.325,4.678,-0.005,0.031,-0.055,1767,0,0
555622,6.416,5.329,4.745,-0.055,0.031,-0.063,1767,0,0
555642,6.551,5.289,4.803,-0.091,0.021,-0.084,1768,0,0
555662,6.644,5.246,4.81,-0.065,0.019,-0.102,1766,0,0
555682,6.718,5.25,4.99,-0.051,0.013,-0.112,1768,0,0
555702,6.876,5.08,5.138,-0.095,-0.041,-0.133,1768,0,0
555722,6.989,4.879,5.104,-0.123,-0.095,-0.171,1767,0,0
555742,7.056,4.705,5.054,-0.095,-0.115,-0.22,1768,0,0
555762,7.015,4.341,5.14,0.003,-0.118,-0.306,1770,0,0
555782,6.826,4.475,4.997,0.264,-0.149,-0.401,1770,0,0
555802,6.68,5.021,4.757,0.468,-0.189,-0.462,1770,0,0
555822,6.5,5.509,4.683,0.409,-0.193,-0.482,1770,0,0
555842,6.155,5.799,4.645,0.282,-0.219,-0.505,1772,0,0
555862,6.084,6.088,4.355,0.242,-0.276,-0.493,1772,0,0
555882,6.0,6.275,4.089,0.229,-0.28,-0.466,1773,0,0
555902,5.902,6.44,4.008,0.198,-0.264,-0.436,1774,0,0
555922,5.777,6.653,3.879,0.186,-0.258,-0.403,1773,0,0
555942,5.739,6.804,3.68,0.162,-0.272,-0.363,1770,0,0
555962,5.775,6.907,3.594,0.109,-0.264,-0.322,1772,0,0
555982,5.744,6.879,3.457,0.079,-0.252,-0.285,1775,0,0
556002,5.866,6.955,3.232,0.113,-0.241,-0.249,1774,0,0
556022,5.895,6.977,3.172,0.13,-0.203,-0.223,1773,0,0
556042,5.861,7.101,3.11,0.116,-0.175,-0.187,1772,0,0
556062,5.842,7.178,2.974,0.08,-0.157,-0.14,1773,0,0
556082,5.952,7.18,2.871,0.005,-0.125,-0.091,1772,0,0
556102,6.06,7.01,2.875,-0.086,-0.062,-0.058,1771,0,0
556122,6.179,6.931,2.981,-0.077,-0.019,-0.039,1771,0,0
556142,6.297,6.871,2.995,-0.009,0.004,-0.025,1771,0,0
556162,6.213,6.898,3.206,-0.067,0.065,0.004,1771,0,0
556182,6.223,6.859,3.361,-0.075,0.069,0.021,1772,0,0
556202,6.282,6.857,3.44,-0.055,0.042,0.033,1772,0,0
556222,6.287,6.809,3.412,-0.062,0.042,0.05,1772,0,0
556242,6.235,6.754,3.424,-0.062,0.058,0.06,1772,0,0
556262,6.225,6.713,3.522,-0.039,0.055,0.069,1772,0,0
556282,6.246,6.665,3.524,-0.052,0.053,0.079,1772,0,0
556302,6.199,6.62,3.572,-0.072,0.058,0.082,1771,0,0
556322,6.191,6.574,3.685,-0.115,0.058,0.085,1771,0,0
556342,6.218,6.445,3.728,-0.143,0.055,0.079,1771,0,0
556362,6.244,6.345,3.766,-0.131,0.055,0.068,1771,0,0
556382,6.208,6.232,3.788,-0.128,0.045,0.055,1770,0,0
556402,6.275,6.134,3.742,-0.1,0.027,0.027,1771,0,0
556422,6.345,6.235,3.685,-0.044,0.025,-0.006,1771,0,0
556442,6.23,6.462,3.685,-0.029,0.026,-0.015,1771,0,0
556462,6.127,6.505,3.694,-0.051,0.013,-0.005,1771,0,0
556482,6.225,6.464,3.61,-0.071,0.003,0.001,1771,0,0
556502,6.263,6.402,3.622,-0.066,0.005,-0.008,1771,0,0
556523,6.184,6.393,3.666,-0.051,0.005,-0.016,1770,0,0
556542,6.163,6.424,3.663,-0.044,-0.009,-0.021,1771,0,0
556562,6.27,6.457,3.539,-0.048,-0.01,-0.029,1770,0,0
556582,6.309,6.505,3.555,-0.057,0.01,-0.032,1773,0,0
556602,6.268,6.563,3.625,-0.066,0.015,-0.037,1771,0,0
556622,6.201,6.634,3.642,-0.086,0.016,-0.027,1771,0,0
556642,6.115,6.584,3.651,-0.103,0.018,-0.022,1772,0,0
556662,6.177,6.596,3.699,-0.071,0.009,-0.013,1771,0,0
556682,6.153,6.577,3.706,-0.054,0.0,-0.009,1772,0,0
556702,6.172,6.515,3.63,-0.077,-0.003,-0.003,1771,0,0
556722,6.194,6.424,3.639,-0.082,-0.006,-0.007,1771,0,0
556742,6.206,6.381,3.618,-0.055,-0.018,-0.015,1771,0,0
556762,6.256,6.44,3.522,-0.034,-0.018,-0.025,1771,0,0
556782,6.273,6.476,3.484,-0.056,-0.008,-0.029,1771,0,0
556802,6.28,6.5,3.426,-0.069,0.003,-0.031,1771,0,0
556822,6.239,6.61,3.476,-0.062,0.015,-0.035,1770,0,0
556842,6.184,6.706,3.56,-0.054,0.016,-0.025,1770,0,0
556862,6.155,6.706,3.558,-0.062,0.013,-0.01,1770,0,0
556882,6.163,6.625,3.529,-0.062,0.009,0.001,1771,0,0
556902,6.211,6.56,3.543,-0.064,0.018,0.011,1771,0,0
556922,6.223,6.488,3.541,-0.066,0.03,0.011,1770,0,0
556942,6.223,6.438,3.608,-0.062,0.029,0.002,1770,0,0
556962,6.232,6.436,3.651,-0.063,0.028,0.001,1771,0,0
556982,6.194,6.436,3.723,-0.069,0.023,-0.005,1771,0,0
557002,6.225,6.421,3.673,-0.06,0.009,-0.015,1770,0,0
557022,6.261,6.469,3.634,-0.051,0.005,-0.021,1771,0,0
557042,6.23,6.503,3.701,-0.056,0.011,-0.021,1771,0,0
557062,6.177,6.57,3.687,-0.056,0.001,-0.018,1773,0,0
557082,6.239,6.582,3.627,-0.062,-0.011,-0.015,1770,0,0
557102,6.297,6.584,3.496,-0.064,-0.007,-0.009,1770,0,0
557122,6.285,6.606,3.541,-0.059,0.01,-0.011,1772,0,0
557142,6.199,6.687,3.603,-0.059,0.016,-0.005,1770,0,0
557162,6.223,6.694,3.563,-0.062,0.006,0.007,1770,0,0
557182,6.242,6.608,3.524,-0.08,0.005,0.017,1770,0,0
557202,6.268,6.522,3.558,-0.078,0.012,0.015,1770,0,0
557222,6.235,6.558,3.553,-0.058,0.019,0.012,1770,0,0
557242,6.165,6.586,3.503,-0.048,0.021,0.018,1769,0,0
557262,6.127,6.551,3.472,-0.066,0.032,0.03,1769,0,0
557282,6.151,6.421,3.591,-0.091,0.034,0.03,1770,0,0
557302,6.251,6.314,3.608,-0.077,0.025,0.016,1770,0,0
557322,6.287,6.345,3.634,-0.057,0.027,0.002,1771,0,0
557342,6.203,6.381,3.701,-0.06,0.029,-0.002,1770,0,0
557362,6.144,6.335,3.771,-0.071,0.025,-0.005,1770,0,0
557382,6.153,6.342,3.79,-0.075,0.007,-0.012,1770,0,0
557402,6.201,6.347,3.776,-0.057,-0.015,-0.024,1770,0,0
557422,6.201,6.397,3.723,-0.048,-0.015,-0.031,1769,0,0
557442,6.218,6.409,3.682,-0.062,-0.019,-0.036,1769,0,0
557462,6.249,6.409,3.558,-0.057,-0.023,-0.045,1771,0,0
557482,6.294,6.483,3.486,-0.058,-0.011,-0.052,1770,0,0
557502,6.268,6.608,3.508,-0.064,0.002,-0.05,1770,0,0
557522,6.211,6.67,3.539,-0.07,0.01,-0.04,1770,0,0
557542,6.256,6.689,3.472,-0.068,0.003,-0.025,1771,0,0
557562,6.27,6.651,3.402,-0.064,0.007,-0.019,1770,0,0
557582,6.244,6.603,3.438,-0.059,0.014,-0.018,1771,0,0
557602,6.244,6.675,3.448,-0.039,0.019,-0.01,1770,0,0
557622,6.199,6.685,3.469,-0.059,0.034,0.004,1770,0,0
557642,6.163,6.589,3.541,-0.079,0.039,0.016,1770,0,0
557662,6.22,6.404,3.615,-0.065,0.031,0.014,1770,0,0
557682,6.294,6.345,3.615,-0.048,0.035,-0.003,1770,0,0
557702,6.268,6.412,3.668,-0.042,0.041,-0.016,1768,0,0
557722,6.17,6.527,3.737,-0.048,0.036,-0.021,1769,0,0
557742,6.146,6.558,3.792,-0.067,0.022,-0.015,1769,0,0
557762,6.232,6.531,3.701,-0.066,0.007,-0.01,1769,0,0
557782,6.242,6.495,3.694,-0.058,0.007,-0.016,1768,0,0
557802,6.213,6.505,3.646,-0.056,0.007,-0.024,1767,0,0
557822,6.127,6.606,3.596,-0.051,0.006,-0.026,1768,0,0
557842,6.122,6.651,3.582,-0.076,0.018,-0.017,1769,0,0
557862,6.086,6.555,3.615,-0.097,0.025,-0.012,1769,0,0
557882,6.182,6.555,3.637,-0.073,0.021,-0.009,1769,0,0
557902,6.254,6.539,3.627,-0.067,0.021,-0.009,1768,0,0
557922,6.203,6.512,3.682,-0.082,0.021,-0.009,1768,0,0
557942,6.201,6.495,3.728,-0.064,0.005,-0.009,1768,0,0
557962,6.184,6.553,3.601,-0.05,-0.005,-0.014,1768,0,0
557982,6.203,6.567,3.551,-0.062,0.004,-0.01,1769,0,0
558002,6.17,6.565,3.522,-0.067,0.011,-0.002,1768,0,0
558022,6.203,6.527,3.622,-0.069,0.01,0.0,1769,0,0
558042,6.208,6.498,3.598,-0.074,0.014,-0.008,1768,0,0
558062,6.16,6.519,3.615,-0.061,0.017,-0.01,1768,0,0
558082,6.163,6.56,3.608,-0.059,0.017,-0.004,1767,0,0
558102,6.151,6.524,3.67,-0.079,0.022,-0.002,1768,0,0
558122,6.129,6.491,3.733,-0.075,0.014,-0.003,1768,0,0
558142,6.201,6.495,3.67,-0.057,0.006,-0.002,1769,0,0
558162,6.189,6.426,3.632,-0.068,-0.0,-0.01,1768,0,0
558182,6.239,6.414,3.618,-0.062,-0.005,-0.018,1768,0,0
558202,6.239,6.488,3.606,-0.044,0.003,-0.031,1769,0,0
558222,6.254,6.613,3.587,-0.05,0.006,-0.027,1768,0,0
558242,6.182,6.639,3.558,-0.078,0.014,-0.014,1768,0,0
558262,6.211,6.529,3.582,-0.1,0.018,-0.007,1768,0,0
558282,6.237,6.519,3.601,-0.073,0.017,-0.013,1769,0,0
558302,6.218,6.594,3.591,-0.038,0.013,-0.017,1769,0,0
558322,6.129,6.665,3.493,-0.056,0.01,-0.009,1768,0,0
558342,6.122,6.579,3.488,-0.088,0.02,0.002,1768,0,0
558362,6.177,6.498,3.548,-0.079,0.035,0.007,1769,0,0
558382,6.213,6.479,3.666,-0.052,0.035,0.003,1768,0,0
558402,6.194,6.452,3.697,-0.06,0.024,-0.003,1770,0,0
558422,6.158,6.457,3.642,-0.064,0.013,-0.011,1769,0,0
558442,6.182,6.488,3.613,-0.048,0.017,-0.013,1769,0,0
558462,6.177,6.546,3.606,-0.039,0.03,-0.006,1769,0,0
558482,6.172,6.498,3.656,-0.063,0.03,0.0,1770,0,0
558502,6.206,6.443,3.625,-0.08,0.015,-0.007,1770,0,0
558522,6.246,6.445,3.563,-0.073,0.014,-0.019,1770,0,0
558542,6.153,6.531,3.656,-0.054,0.042,-0.021,1769,0,0
558562,6.1,6.584,3.752,-0.044,0.03,-0.014,1769,0,0
558582,6.177,6.606,3.608,-0.038,0.012,-0.008,1768,0,0
558602,6.208,6.565,3.558,-0.075,0.021,-0.005,1769,0,0
558622,6.187,6.486,3.613,-0.085,0.039,-0.008,1769,0,0
558642,6.151,6.527,3.754,-0.044,0.03,-0.012,1768,0,0
558662,6.141,6.644,3.701,-0.03,0.012,-0.01,1769,0,0
558682,6.144,6.642,3.649,-0.055,0.009,0.006,1769,0,0
558702,6.172,6.531,3.601,-0.072,0.013,0.013,1770,0,0
558722,6.208,6.436,3.649,-0.061,0.011,0.004,1769,0,0
558742,6.151,6.486,3.709,-0.039,0.013,-0.003,1769,0,0
558762,6.129,6.543,3.682,-0.042,0.004,-0.002,1770,0,0
558782,6.211,6.524,3.654,-0.055,-0.002,0.0,1769,0,0
558802,6.206,6.5,3.682,-0.053,0.01,-0.002,1770,0,0
558822,6.122,6.594,3.718,-0.049,0.009,-0.004,1770,0,0
558843,6.088,6.594,3.697,-0.051,-0.008,0.001,1769,0,0
558862,6.179,6.546,3.546,-0.062,-0.014,0.008,1770,0,0
558882,6.246,6.472,3.5,-0.07,0.006,0.002,1770,0,0
558902,6.263,6.479,3.582,-0.052,0.027,-0.007,1770,0,0
558922,6.167,6.563,3.615,-0.045,0.026,-0.009,1769,0,0
558942,6.127,6.61,3.565,-0.068,0.013,-0.002,1770,0,0
558962,6.144,6.565,3.539,-0.065,0.015,0.001,1770,0,0
558982,6.153,6.574,3.563,-0.055,0.022,0.006,1769,0,0
559002,6.151,6.522,3.601,-0.061,0.024,0.008,1770,0,0
559022,6.091,6.469,3.565,-0.06,0.02,0.007,1771,0,0
559042,6.086,6.45,3.613,-0.058,0.03,0.006,1770,0,0
559062,6.12,6.369,3.721,-0.071,0.03,0.001,1770,0,0
559082,6.196,6.311,3.685,-0.057,0.009,-0.012,1769,0,0
559102,6.189,6.359,3.625,-0.051,0.005,-0.028,1770,0,0
559122,6.12,6.457,3.632,-0.053,0.015,-0.038,1769,0,0
559142,6.12,6.546,3.658,-0.039,0.016,-0.04,1770,0,0
559162,6.189,6.637,3.61,-0.043,0.007,-0.028,1770,0,0
559182,6.153,6.608,3.625,-0.07,0.014,-0.025,1771,0,0
559202,6.179,6.56,3.654,-0.072,0.013,-0.025,1770,0,0
559222,6.227,6.565,3.589,-0.042,0.004,-0.026,1768,0,0
559242,6.218,6.622,3.541,-0.038,0.002,-0.026,1770,0,0
559262,6.203,6.732,3.558,-0.043,0.014,-0.021,1770,0,0
559282,6.179,6.713,3.598,-0.067,0.024,-0.006,1769,0,0
559302,6.139,6.536,3.582,-0.079,0.018,-0.001,1770,0,0
559322,6.165,6.464,3.632,-0.055,0.016,-0.011,1770,0,0
559342,6.141,6.603,3.666,-0.015,0.011,-0.013,1771,0,0
559362,6.146,6.651,3.68,-0.034,0.009,-0.003,1770,0,0
559382,6.148,6.531,3.68,-0.06,0.003,0.003,1768,0,0
559402,6.16,6.443,3.675,-0.057,0.006,-0.006,1770,0,0
559422,6.215,6.455,3.646,-0.049,0.006,-0.016,1770,0,0
559442,6.211,6.507,3.644,-0.059,0.005,-0.025,1771,0,0
559462,6.132,6.584,3.656,-0.062,0.006,-0.032,1770,0,0
559482,6.134,6.687,3.649,-0.044,0.009,-0.027,1769,0,0
559502,6.177,6.704,3.555,-0.058,0.006,-0.012,1772,0,0
559522,6.203,6.615,3.452,-0.084,0.007,-0.007,1770,0,0
559542,6.165,6.589,3.522,-0.074,0.018,-0.012,1770,0,0
559562,6.11,6.651,3.673,-0.047,0.018,-0.004,1770,0,0
559582,6.117,6.656,3.608,-0.057,0.003,0.002,1771,0,0
559602,6.182,6.555,3.57,-0.066,0.01,0.007,1771,0,0
559622,6.227,6.488,3.548,-0.051,0.022,0.004,1770,0,0
559642,6.225,6.5,3.551,-0.053,0.029,-0.004,1770,0,0
559662,6.187,6.539,3.613,-0.07,0.023,-0.009,1771,0,0
559682,6.144,6.565,3.62,-0.073,0.017,-0.009,1770,0,0
559702,6.029,6.567,3.663,-0.066,0.015,-0.006,1770,0,0
559722,6.144,6.579,3.606,-0.041,0.002,-0.003,1770,0,0
559742,6.201,6.57,3.517,-0.043,0.008,-0.004,1770,0,0
559762,6.11,6.574,3.505,-0.064,0.021,-0.007,1769,0,0
559782,6.05,6.615,3.615,-0.061,0.025,-0.001,1770,0,0
559802,6.108,6.548,3.639,-0.074,0.016,0.004,1770,0,0
559822,6.208,6.44,3.613,-0.062,0.015,-0.007,1769,0,0
559842,6.129,6.486,3.646,-0.047,0.02,-0.019,1769,0,0
559862,6.076,6.586,3.701,-0.043,0.026,-0.022,1770,0,0
559882,6.098,6.608,3.759,-0.066,0.021,-0.018,1770,0,0
559902,6.165,6.596,3.699,-0.079,0.011,-0.015,1769,0,0
559922,6.175,6.572,3.67,-0.079,0.009,-0.015,1769,0,0
559942,6.199,6.546,3.689,-0.072,0.01,-0.018,1769,0,0
559962,6.141,6.551,3.649,-0.062,0.001,-0.02,1769,0,0
559982,6.179,6.642,3.579,-0.054,-0.006,-0.018,1771,0,0
560002,6.223,6.668,3.555,-0.07,0.002,-0.009,1769,0,0
560022,6.194,6.615,3.553,-0.096,0.005,-0.009,1768,0,0
560042,6.158,6.594,3.486,-0.067,-0.0,-0.008,1768,0,0
560062,6.12,6.656,3.436,-0.045,0.012,-0.004,1769,0,0
560082,6.122,6.673,3.486,-0.067,0.028,0.003,1767,0,0
560102,6.134,6.61,3.531,-0.079,0.028,0.009,1768,0,0
560122,6.158,6.515,3.546,-0.079,0.034,0.011,1768,0,0
560142,6.127,6.46,3.656,-0.077,0.043,0.002,1768,0,0
560162,6.139,6.44,3.713,-0.07,0.037,-0.006,1768,0,0
560182,6.165,6.467,3.682,-0.06,0.023,-0.009,1768,0,0
560202,6.201,6.469,3.625,-0.063,0.028,-0.011,1768,0,0
560222,6.187,6.46,3.685,-0.06,0.02,-0.017,1768,0,0
560242,6.199,6.546,3.618,-0.038,0.008,-0.022,1770,0,0
560262,6.1,6.627,3.565,-0.046,0.008,-0.019,1768,0,0
560282,5.995,6.637,3.579,-0.045,0.017,-0.015,1768,0,0
560302,6.019,6.61,3.548,-0.038,0.014,-0.013,1768,0,0
560322,6.139,6.548,3.431,-0.031,0.016,-0.014,1767,0,0
560342,6.218,6.551,3.491,-0.049,0.044,-0.018,1768,0,0
560362,6.136,6.546,3.677,-0.079,0.066,-0.018,1767,0,0
560382,6.098,6.531,3.752,-0.063,0.044,-0.02,1767,0,0
560402,6.108,6.582,3.764,-0.05,0.026,-0.02,1767,0,0
560422,6.069,6.584,3.709,-0.068,0.026,-0.021,1768,0,0
560442,6.05,6.601,3.63,-0.039,0.016,-0.024,1767,0,0
560462,6.079,6.668,3.618,-0.029,0.022,-0.019,1766,0,0
560482,6.041,6.627,3.701,-0.078,0.027,-0.008,1767,0,0
560502,6.076,6.517,3.709,-0.085,0.018,-0.008,1767,0,0
560522,6.268,6.469,3.788,-0.095,-0.028,-0.017,1770,0,0
560542,6.091,6.507,3.68,-0.056,0.018,-0.038,1770,0,0
560562,6.12,6.644,3.668,0.001,-0.007,-0.032,1769,0,0
560582,6.146,6.692,3.613,-0.098,0.005,-0.023,1770,0,0
560602,6.153,6.653,3.541,-0.075,0.013,-0.021,1769,0,0
560622,6.11,6.697,3.589,-0.039,0.019,-0.015,1769,0,0
560642,6.134,6.74,3.582,-0.063,0.018,-0.007,1770,0,0
560662,6.155,6.675,3.551,-0.081,0.011,-0.005,1772,0,0
560682,6.098,6.653,3.598,-0.056,0.024,0.002,1772,0,0
560702,6.086,6.608,3.637,-0.072,0.03,0.003,1771,0,0
560722,6.081,6.51,3.644,-0.066,0.024,-0.002,1769,0,0
560742,6.041,6.491,3.704,-0.073,0.03,-0.01,1770,0,0
560762,5.978,6.46,3.814,-0.07,0.028,-0.009,1770,0,0
560782,6.009,6.34,3.905,-0.088,0.011,-0.015,1771,0,0
560802,6.093,6.184,3.943,-0.11,0.005,-0.034,1770,0,0
560822,6.053,6.048,4.152,-0.108,-0.009,-0.061,1771,0,0
560842,6.141,5.966,4.357,-0.12,-0.037,-0.086,1771,0,0
560862,6.16,5.825,4.891,-0.184,-0.037,-0.109,1771,0,0
560882,6.06,5.748,5.461,-0.212,-0.064,-0.142,1772,0,0
560902,5.885,5.751,6.074,-0.159,-0.159,-0.2,1772,0,0
560922,5.684,5.918,6.888,-0.072,-0.267,-0.258,1773,0,0
560942,5.327,6.381,7.98,-0.075,-0.375,-0.242,1774,0,0
560962,5.152,6.467,8.993,-0.317,-0.569,-0.176,1775,0,0
560982,5.14,6.292,9.835,-0.619,-0.832,-0.133,1775,0,0
561002,4.942,5.976,10.882,-0.922,-1.214,-0.14,1776,0,0
561022,4.762,5.784,11.389,-1.059,-1.701,-0.212,1776,0,0
561042,4.843,5.962,11.344,-1.135,-2.073,-0.341,1775,0,0
561062,4.147,6.503,11.473,-1.329,-2.279,-0.465,1775,0,0
561082,3.364,6.51,11.447,-1.565,-2.521,-0.607,1775,0,0
561102,2.909,6.905,10.985,-1.411,-2.819,-0.752,1776,0,0
561122,2.38,7.994,10.946,-1.363,-2.981,-0.835,1776,0,0
561142,1.815,8.909,10.877,-1.731,-3.16,-0.869,1776,0,0
561162,1.039,9.469,10.977,-2.008,-3.436,-0.879,1777,0,0
561182,0.091,9.888,10.657,-2.21,-3.828,-0.864,1777,0,0
561202,-0.85,10.053,9.4,-2.259,-4.242,-0.99,1777,0,0
561222,-1.358,10.731,7.513,-1.812,-4.525,-1.122,1776,0,0
561242,-1.772,12.048,5.583,-1.398,-4.71,-1.067,1776,0,0
561262,-2.425,12.785,2.552,-1.585,-4.702,-0.882,1777,0,0
561282,-2.626,13.338,-0.855,-1.996,-4.7,-0.63,1775,0,0
561302,-2.133,13.053,-3.187,-2.409,-4.445,-0.528,1776,0,0
561322,-1.492,12.256,-6.201,-2.053,-3.981,-0.495,1775,0,0
561342,-0.529,12.294,-7.618,-1.722,-3.503,-0.385,1776,0,0
561362,0.725,12.364,-8.317,-1.546,-2.999,-0.131,1775,0,0
561382,1.657,11.578,-8.226,-1.784,-2.524,0.072,1775,0,0
561402,2.351,10.314,-8.023,-1.921,-2.15,0.123,1775,0,0
561422,3.218,9.512,-7.975,-1.557,-1.868,0.138,1774,0,0
561442,4.008,9.096,-7.977,-1.259,-1.603,0.218,1772,0,0
561462,4.875,8.282,-7.669,-1.347,-1.33,0.28,1772,0,0
561483,5.61,7.482,-7.338,-1.407,-1.171,0.251,1767,0,0
561502,5.842,6.938,-7.02,-1.227,-1.018,0.131,1766,0,0
561522,6.036,7.056,-6.713,-0.892,-0.856,0.053,1763,0,0
561542,6.548,7.391,-6.29,-0.693,-0.648,0.058,1762,0,0
561562,6.924,7.142,-5.425,-0.765,-0.456,0.067,1762,0,0
561582,6.84,6.972,-4.788,-0.665,-0.402,0.005,1762,0,0
561602,6.656,7.111,-4.386,-0.405,-0.375,-0.054,1763,0,0
561622,6.639,7.551,-4.276,-0.301,-0.324,-0.059,1763,0,0
561642,6.823,7.709,-3.888,-0.358,-0.191,-0.017,1763,0,0
561662,6.766,7.573,-3.376,-0.382,-0.08,0.034,1763,0,0
561682,6.721,7.374,-2.758,-0.268,-0.034,0.046,1763,0,0
561702,6.821,7.444,-2.387,-0.106,-0.004,0.048,1763,0,0
561722,6.989,7.503,-2.207,-0.063,0.032,0.062,1763,0,0
561742,7.116,7.4,-1.877,-0.076,0.095,0.091,1761,0,0
561762,7.192,7.171,-1.247,-0.011,0.136,0.114,1761,0,0
561782,7.173,7.118,-1.058,0.076,0.122,0.106,1761,0,0
561802,7.245,7.096,-1.001,0.091,0.091,0.11,1760,0,0
561822,7.377,7.08,-1.14,0.075,0.088,0.14,1759,0,0
561842,7.465,6.869,-0.924,0.021,0.118,0.166,1757,0,0
561862,7.479,6.692,-0.603,-0.023,0.14,0.162,1754,0,0
561882,7.36,6.56,-0.443,-0.002,0.109,0.143,1754,0,0
561902,7.223,6.443,-0.364,0.02,0.082,0.132,1752,0,0
561922,7.345,6.333,-0.527,0.059,0.047,0.115,1750,0,0
561942,7.432,6.29,-0.644,0.08,0.066,0.106,1746,0,0
561962,7.3,6.215,-0.661,0.012,0.087,0.096,1747,0,0
561982,7.216,6.026,-0.541,-0.026,0.075,0.064,1747,0,0
562002,7.202,6.007,-0.541,-0.005,0.059,0.025,1745,0,0
562022,7.286,6.144,-0.644,0.038,0.047,0.001,1744,0,0
562042,7.283,6.242,-0.634,0.021,0.071,-0.011,1745,0,0
562062,7.204,6.254,-0.409,-0.016,0.083,-0.03,1744,0,0
562082,7.235,6.311,-0.323,-0.002,0.05,-0.04,1744,0,0
562102,7.281,6.357,-0.469,-0.028,0.018,-0.045,1743,0,0
562122,7.324,6.357,-0.658,-0.074,0.019,-0.056,1744,0,0
562142,7.396,6.428,-0.646,-0.047,0.039,-0.068,1744,0,0
562162,7.336,6.536,-0.517,0.002,0.055,-0.075,1743,0,0
562182,7.278,6.649,-0.421,0.029,0.034,-0.077,1743,0,0
562202,7.353,6.728,-0.591,0.002,0.007,-0.074,1743,0,0
562222,7.444,6.802,-0.682,-0.051,0.007,-0.064,1742,0,0
562242,7.374,6.838,-0.716,-0.066,0.027,-0.047,1742,0,0
562262,7.326,6.823,-0.651,-0.048,0.043,-0.035,1741,0,0
562282,7.36,6.812,-0.555,-0.036,0.033,-0.026,1741,0,0
562302,7.451,6.819,-0.498,-0.061,0.014,-0.02,1741,0,0
562322,7.436,6.749,-0.524,-0.08,-0.009,-0.018,1738,0,0
562342,7.396,6.74,-0.613,-0.034,-0.014,-0.024,1740,0,0
562362,7.417,6.828,-0.704,0.017,-0.021,-0.019,1740,0,0
562382,7.379,6.852,-0.831,0.012,-0.026,-0.016,1738,0,0
562402,7.324,6.838,-0.869,-0.02,-0.008,-0.004,1738,0,0
562422,7.211,6.795,-0.797,-0.008,0.0,-0.0,1737,0,0
562442,7.262,6.759,-0.886,0.002,-0.015,0.01,1736,0,0
562462,7.264,6.706,-0.948,-0.03,-0.012,0.013,1736,0,0
562482,7.321,6.68,-1.027,-0.041,0.002,0.013,1734,0,0
562502,7.257,6.675,-0.977,-0.031,0.021,0.015,1734,0,0
562522,7.219,6.618,-0.934,-0.035,0.024,0.013,1734,0,0
562542,7.302,6.603,-0.996,-0.026,0.028,0.007,1733,0,0
562562,7.293,6.62,-1.008,-0.039,0.042,0.01,1733,0,0
562582,7.283,6.57,-0.977,-0.056,0.049,0.011,1733,0,0
562602,7.29,6.472,-0.871,-0.04,0.054,0.005,1732,0,0
562622,7.238,6.457,-0.776,-0.037,0.05,-0.009,1732,0,0
562643,7.235,6.448,-0.821,-0.028,0.032,-0.015,1731,0,0
562662,7.242,6.433,-0.874,-0.015,0.033,-0.024,1732,0,0
562682,7.348,6.476,-0.927,-0.018,0.049,-0.04,1731,0,0
562702,7.295,6.539,-0.871,-0.023,0.066,-0.05,1730,0,0
562722,7.262,6.668,-0.802,-0.015,0.067,-0.055,1730,0,0
562742,7.312,6.747,-0.709,-0.023,0.072,-0.038,1729,0,0
562762,7.259,6.744,-0.611,-0.052,0.065,-0.024,1729,0,0
562782,7.305,6.721,-0.649,-0.059,0.037,-0.025,1729,0,0
562802,7.408,6.732,-0.749,-0.062,0.033,-0.025,1730,0,0
562822,7.369,6.732,-0.711,-0.049,0.043,-0.031,1729,0,0
562842,7.329,6.807,-0.694,-0.013,0.035,-0.03,1729,0,0
562862,7.345,6.855,-0.781,-0.01,0.036,-0.021,1732,0,0
562882,7.324,6.874,-0.814,-0.026,0.037,-0.014,1728,0,0
562902,7.278,6.883,-0.781,-0.055,0.034,-0.002,1729,0,0
562922,7.247,6.831,-0.776,-0.074,0.035,0.013,1728,0,0
562942,7.288,6.742,-0.797,-0.08,0.034,0.018,1728,0,0
562962,7.355,6.668,-0.757,-0.065,0.041,0.016,1728,0,0
562982,7.321,6.61,-0.656,-0.056,0.039,0.01,1729,0,0
563002,7.245,6.622,-0.644,-0.046,0.019,0.002,1729,0,0
563022,7.238,6.627,-0.706,-0.041,0.01,0.003,1729,0,0
563042,7.235,6.639,-0.757,-0.039,0.009,0.009,1728,0,0
563062,7.24,6.558,-0.814,-0.031,-0.001,0.007,1729,0,0
563082,7.269,6.457,-0.852,-0.045,0.001,-0.004,1728,0,0
563102,7.283,6.416,-0.84,-0.045,0.003,-0.024,1728,0,0
563122,7.278,6.503,-0.797,-0.01,0.01,-0.037,1728,0,0
563142,7.312,6.622,-0.757,0.015,-0.0,-0.042,1727,0,0
563162,7.389,6.713,-0.922,-0.005,-0.001,-0.032,1727,0,0
563182,7.341,6.682,-0.869,-0.052,0.017,-0.029,1727,0,0
563202,7.293,6.663,-0.833,-0.072,0.022,-0.033,1727,0,0
563222,7.247,6.732,-0.745,-0.04,0.012,-0.032,1727,0,0
563242,7.3,6.8,-0.857,-0.033,0.002,-0.029,1727,0,0
563262,7.331,6.821,-0.962,-0.033,0.011,-0.022,1726,0,0
563282,7.264,6.828,-0.977,-0.052,0.025,-0.014,1726,0,0
563302,7.202,6.814,-0.812,-0.066,0.028,-0.006,1727,0,0
563322,7.223,6.797,-0.797,-0.068,0.022,-0.002,1726,0,0
563342,7.309,6.845,-0.874,-0.061,0.023,0.01,1727,0,0
563362,7.321,6.773,-0.857,-0.07,0.031,0.017,1726,0,0
563382,7.324,6.677,-0.8,-0.075,0.049,0.02,1726,0,0
563402,7.283,6.649,-0.603,-0.07,0.042,0.016,1726,0,0
563422,7.355,6.625,-0.567,-0.069,0.009,0.013,1726,0,0
563442,7.348,6.622,-0.606,-0.068,-0.012,0.005,1725,0,0
563462,7.324,6.665,-0.697,-0.056,-0.025,-0.002,1724,0,0
563482,7.324,6.701,-0.769,-0.044,-0.029,-0.001,1725,0,0
563502,7.348,6.677,-0.824,-0.056,-0.028,0.001,1724,0,0
563522,7.345,6.687,-0.871,-0.058,-0.032,-0.001,1725,0,0
563542,7.3,6.67,-0.874,-0.055,-0.034,-0.002,1726,0,0
563562,7.286,6.697,-0.986,-0.061,-0.026,0.001,1725,0,0
563582,7.247,6.697,-1.049,-0.064,-0.009,0.005,1725,0,0
563602,7.223,6.668,-1.056,-0.08,-0.001,0.008,1725,0,0
563622,7.307,6.608,-1.07,-0.088,0.007,0.003,1726,0,0
563642,7.357,6.574,-0.934,-0.067,0.017,-0.002,1725,0,0
563662,7.307,6.594,-0.836,-0.048,0.012,-0.008,1725,0,0
563682,7.223,6.618,-0.912,-0.05,-0.015,-0.014,1726,0,0
563702,7.312,6.653,-1.132,-0.055,-0.005,-0.012,1725,0,0
563722,7.295,6.67,-1.13,-0.043,0.025,-0.012,1724,0,0
563742,7.223,6.697,-0.984,-0.039,0.041,-0.009,1725,0,0
563762,7.175,6.663,-0.888,-0.058,0.028,-0.003,1726,0,0
563782,7.235,6.579,-0.998,-0.08,0.018,-0.001,1725,0,0
563802,7.278,6.565,-0.996,-0.077,0.039,-0.008,1725,0,0
563822,7.269,6.567,-0.84,-0.07,0.06,-0.016,1726,0,0
563842,7.245,6.551,-0.718,-0.053,0.052,-0.022,1725,0,0
563862,7.29,6.586,-0.788,-0.056,0.023,-0.031,1725,0,0
563882,7.357,6.637,-0.826,-0.057,0.021,-0.037,1726,0,0
563902,7.312,6.73,-0.792,-0.062,0.037,-0.037,1727,0,0
