567302,7.23,6.831,-0.8,-0.054,-0.007,-0.005,1729,0,0
567322,7.204,6.843,-0.852,-0.061,-0.003,-0.005,1729,0,0
567342,7.163,6.833,-0.917,-0.055,0.01,0.003,1729,0,0
567362,7.173,6.783,-0.891,-0.059,0.019,0.012,1729,0,0
567382,7.228,6.699,-0.862,-0.064,0.014,0.01,1729,0,0
567402,7.238,6.687,-0.843,-0.058,0.015,-0.002,1729,0,0
567422,7.223,6.73,-0.855,-0.047,0.019,-0.009,1730,0,0
567442,7.25,6.776,-0.836,-0.037,0.022,-0.003,1731,0,0
567462,7.233,6.778,-0.785,-0.049,0.025,0.002,1729,0,0
567482,7.219,6.776,-0.792,-0.06,0.021,0.001,1729,0,0
567502,7.228,6.74,-0.728,-0.064,0.026,0.005,1729,0,0
567522,7.226,6.694,-0.68,-0.061,0.019,0.001,1729,0,0
567542,7.264,6.735,-0.792,-0.05,0.015,-0.004,1729,0,0
567562,7.235,6.776,-0.781,-0.065,0.028,-0.004,1731,0,0
567595,7.183,6.78,-0.69,-0.059,0.031,0.005,1730,0,0
567608,7.185,6.761,-0.634,-0.066,0.029,0.006,1729,0,0
567622,7.24,6.701,-0.656,-0.076,0.014,0.006,1730,0,0
567642,7.23,6.689,-0.692,-0.074,0.012,0.001,1729,0,0
567662,7.14,6.692,-0.728,-0.064,0.019,-0.001,1729,0,0
567682,7.197,6.728,-0.771,-0.056,0.021,0.005,1730,0,0
567702,7.24,6.665,-0.752,-0.086,0.026,0.006,1732,0,0
567722,7.259,6.615,-0.699,-0.087,0.02,-0.008,1729,0,0
567742,7.269,6.685,-0.723,-0.039,0.011,-0.016,1728,0,0
567762,7.295,6.73,-0.752,-0.043,0.009,-0.013,1730,0,0
567782,7.269,6.744,-0.788,-0.065,0.01,-0.013,1729,0,0
567802,7.209,6.766,-0.797,-0.057,0.013,-0.015,1729,0,0
567822,7.207,6.814,-0.816,-0.043,0.01,-0.007,1729,0,0
567842,7.238,6.8,-0.812,-0.062,0.018,-0.001,1729,0,0
567862,7.228,6.709,-0.857,-0.085,0.023,0.002,1729,0,0
567882,7.262,6.668,-0.749,-0.065,0.031,-0.003,1729,0,0
567902,7.242,6.718,-0.651,-0.054,0.025,-0.006,1728,0,0
567922,7.245,6.728,-0.651,-0.065,0.009,-0.003,1729,0,0
567942,7.192,6.677,-0.673,-0.071,0.003,-0.01,1729,0,0
567962,7.192,6.677,-0.771,-0.041,-0.005,-0.018,1728,0,0
567982,7.226,6.735,-0.867,-0.039,0.004,-0.016,1728,0,0
568002,7.228,6.73,-0.883,-0.072,0.018,-0.016,1729,0,0
568022,7.173,6.697,-0.838,-0.068,0.026,-0.015,1729,0,0
568043,7.187,6.689,-0.85,-0.069,0.021,-0.015,1729,0,0
568062,7.226,6.689,-0.836,-0.074,0.027,-0.02,1729,0,0
568082,7.262,6.704,-0.886,-0.065,0.036,-0.024,1729,0,0
568102,7.242,6.747,-0.79,-0.064,0.045,-0.021,1729,0,0
568122,7.221,6.732,-0.754,-0.073,0.036,-0.022,1729,0,0
568142,7.221,6.716,-0.778,-0.058,0.031,-0.027,1729,0,0
568162,7.233,6.778,-0.881,-0.044,0.033,-0.026,1729,0,0
568182,7.257,6.795,-0.931,-0.052,0.047,-0.022,1728,0,0
568202,7.175,6.809,-0.869,-0.08,0.064,-0.015,1728,0,0
568222,7.13,6.807,-0.886,-0.081,0.069,-0.01,1728,0,0
568242,7.125,6.759,-0.91,-0.078,0.081,-0.007,1728,0,0
568262,7.144,6.711,-0.898,-0.076,0.089,-0.008,1728,0,0
568282,7.233,6.665,-0.869,-0.074,0.099,-0.012,1728,0,0
568302,7.214,6.653,-0.757,-0.063,0.107,-0.026,1731,0,0
568322,7.118,6.761,-0.713,-0.044,0.104,-0.026,1729,0,0
568342,7.096,6.773,-0.754,-0.067,0.094,-0.016,1730,0,0
568362,7.113,6.673,-0.857,-0.081,0.1,-0.022,1728,0,0
568382,7.183,6.687,-0.752,-0.041,0.124,-0.034,1729,0,0
568402,7.175,6.79,-0.613,-0.019,0.124,-0.031,1728,0,0
568422,7.168,6.776,-0.649,-0.055,0.109,-0.029,1728,0,0
568442,7.12,6.737,-0.826,-0.078,0.117,-0.037,1729,0,0
568462,6.919,6.879,-1.123,-0.05,0.143,-0.04,1728,0,0
568482,6.766,6.993,-1.401,-0.07,0.179,-0.024,1730,0,0
568502,6.677,6.95,-1.415,-0.089,0.243,-0.017,1729,0,0
568522,6.498,7.032,-1.489,-0.009,0.287,-0.012,1730,0,0
568542,6.278,7.142,-1.97,0.066,0.325,0.011,1730,0,0
568562,6.06,7.08,-2.653,0.024,0.373,0.039,1729,0,0
568582,6.158,6.9,-3.297,0.041,0.492,0.038,1729,0,0
568602,6.05,7.065,-3.555,0.15,0.631,0.055,1730,0,0
568622,5.76,7.087,-3.543,0.137,0.786,0.097,1731,0,0
568642,5.993,6.855,-3.546,0.152,0.888,0.103,1730,0,0
568662,6.024,6.953,-3.658,0.242,1.045,0.079,1730,0,0
568682,5.83,7.343,-3.912,0.39,1.2,0.081,1731,0,0
568702,5.832,7.611,-3.886,0.453,1.365,0.113,1731,0,0
568722,5.95,7.695,-3.558,0.432,1.547,0.146,1731,0,0
568742,5.933,7.702,-3.28,0.492,1.705,0.172,1731,0,0
568762,5.696,7.769,-3.062,0.604,1.829,0.181,1731,0,0
568782,5.715,7.982,-2.84,0.676,1.979,0.182,1731,0,0
568802,5.775,8.296,-2.306,0.714,2.156,0.221,1732,0,0
568822,5.531,8.478,-1.575,0.727,2.304,0.27,1732,0,0
568842,5.164,8.511,-0.455,0.785,2.391,0.304,1735,0,0
568862,5.018,8.808,-0.204,0.867,2.359,0.349,1735,0,0
568882,5.231,9.347,-0.366,0.918,2.379,0.468,1734,0,0
568902,5.246,9.378,0.35,0.752,2.558,0.592,1736,0,0
568922,5.001,9.124,2.136,0.633,2.736,0.67,1738,0,0
568942,4.762,9.194,3.579,0.813,2.699,0.766,1742,0,0
568962,4.659,9.117,3.61,0.809,2.467,0.887,1743,0,0
568982,5.286,8.823,3.326,0.866,2.321,0.958,1743,0,0
569002,5.605,8.854,4.985,1.094,2.462,1.003,1744,0,0
569022,5.162,8.923,6.323,1.143,2.458,1.064,1745,0,0
569042,4.99,8.461,6.275,1.193,2.13,1.096,1750,0,0
569062,5.334,8.286,5.114,1.371,1.815,1.064,1750,0,0
569083,5.562,8.356,5.327,1.455,1.937,1.054,1751,0,0
569102,5.011,8.255,6.376,1.419,2.059,1.079,1751,0,0
569122,4.81,7.908,6.922,1.489,1.884,1.083,1756,0,0
569142,4.628,7.551,6.668,1.524,1.588,1.047,1758,0,0
569162,4.927,7.458,5.674,1.534,1.396,1.023,1759,0,0
569182,5.076,7.554,5.823,1.468,1.456,1.04,1759,0,0
569202,4.731,7.084,6.63,1.257,1.515,1.039,1761,0,0
569222,4.317,6.292,7.233,1.306,1.34,1.016,1769,0,0
569242,4.48,6.048,7.106,1.496,1.003,0.993,1773,0,0
569262,4.484,5.966,7.295,1.435,0.86,0.963,1775,0,0
569282,4.434,5.514,7.372,1.248,0.691,0.916,1775,0,0
569302,4.614,5.001,6.563,1.136,0.453,0.844,1776,0,0
569322,6.744,5.899,4.662,1.104,0.21,0.743,1774,0,0
569342,5.667,6.136,5.334,0.618,0.759,0.737,1775,0,0
569362,4.231,5.392,6.883,-0.657,1.195,0.843,1776,0,0
569382,4.192,4.128,7.448,-0.873,0.996,0.838,1776,0,0
569402,4.729,3.017,7.044,-0.411,0.661,0.703,1776,0,0
569422,5.818,3.314,6.17,0.023,0.479,0.489,1775,0,0
569442,6.73,3.833,5.854,-0.486,0.52,0.291,1773,0,0
569462,7.075,3.548,5.669,-0.706,0.481,0.171,1773,0,0
569482,7.003,3.431,5.253,-0.286,0.311,0.027,1771,0,0
569502,7.046,3.95,4.63,-0.1,0.229,-0.105,1767,0,0
569522,7.556,4.662,4.192,-0.14,0.238,-0.149,1765,0,0
569542,7.556,4.76,4.336,-0.34,0.279,-0.152,1763,0,0
569562,7.46,4.525,4.374,-0.487,0.239,-0.187,1764,0,0
569582,7.506,4.717,4.085,-0.212,0.163,-0.243,1763,0,0
569602,7.547,5.26,4.082,-0.032,0.169,-0.243,1763,0,0
569622,7.183,5.526,4.049,-0.11,0.207,-0.212,1763,0,0
569642,7.221,5.595,3.936,-0.044,0.196,-0.174,1761,0,0
569662,7.384,5.76,3.958,0.018,0.218,-0.126,1761,0,0
569682,7.465,5.923,4.278,-0.066,0.246,-0.07,1760,0,0
569703,7.123,5.71,4.616,-0.186,0.199,-0.025,1762,0,0
569722,7.072,5.54,4.606,-0.157,0.109,-0.012,1763,0,0
569742,7.135,5.65,4.503,0.061,0.08,0.006,1762,0,0
569762,6.984,5.655,4.539,0.118,0.127,0.034,1761,0,0
569782,6.694,5.497,4.539,0.106,0.124,0.054,1761,0,0
569802,6.663,5.413,4.427,0.043,0.094,0.063,1760,0,0
569822,6.879,5.382,4.424,-0.034,0.102,0.07,1763,0,0
569842,6.883,5.286,4.748,-0.058,0.133,0.07,1761,0,0
569862,6.637,5.198,4.889,-0.034,0.087,0.057,1760,0,0
569882,6.608,5.322,4.654,0.012,0.027,0.042,1760,0,0
569902,6.785,5.473,4.599,0.002,0.055,0.052,1760,0,0
569922,6.74,5.416,4.784,-0.062,0.1,0.063,1760,0,0
569942,6.57,5.291,4.87,-0.041,0.067,0.059,1762,0,0
569962,6.596,5.26,4.726,-0.028,0.011,0.051,1760,0,0
569982,6.749,5.207,4.652,-0.055,0.026,0.043,1761,0,0
570002,6.756,5.114,4.741,-0.038,0.051,0.039,1760,0,0
570022,6.735,5.102,4.772,-0.012,0.034,0.03,1761,0,0
570042,6.768,5.1,4.609,-0.011,-0.005,0.022,1760,0,0
570062,6.902,5.126,4.515,-0.033,-0.007,0.01,1760,0,0
570082,6.893,5.212,4.597,-0.052,0.015,-0.009,1759,0,0
570102,6.823,5.239,4.597,-0.032,-0.002,-0.026,1759,0,0
570122,6.802,5.265,4.468,0.018,-0.036,-0.03,1759,0,0
570142,6.862,5.308,4.271,0.068,-0.027,-0.035,1760,0,0
570162,6.828,5.528,4.235,0.088,0.017,-0.03,1759,0,0
570182,6.723,5.595,4.298,-0.026,0.027,-0.002,1758,0,0
570202,6.771,5.389,4.322,-0.081,0.006,0.018,1758,0,0
570222,6.893,5.339,4.314,-0.047,0.017,0.027,1759,0,0
570242,6.835,5.253,4.427,-0.058,0.045,0.018,1759,0,0
570262,6.804,5.174,4.523,-0.025,0.045,0.005,1759,0,0
570282,6.802,5.26,4.468,0.03,0.025,0.004,1758,0,0
570302,6.776,5.282,4.365,-0.01,0.022,0.015,1759,0,0
570322,6.812,5.174,4.331,-0.071,0.035,0.003,1759,0,0
570342,6.862,5.21,4.429,-0.058,0.06,-0.023,1758,0,0
570362,6.788,5.318,4.594,-0.023,0.058,-0.023,1759,0,0
570382,6.735,5.399,4.633,-0.021,0.024,-0.017,1758,0,0
570402,6.754,5.437,4.544,-0.058,-0.005,-0.024,1758,0,0
570422,6.795,5.528,4.422,-0.066,0.008,-0.025,1759,0,0
570442,6.692,5.607,4.458,-0.07,0.036,-0.006,1759,0,0
570462,6.658,5.531,4.535,-0.087,0.026,0.016,1758,0,0
570482,6.742,5.313,4.53,-0.105,0.006,0.013,1759,0,0
570502,6.797,5.193,4.415,-0.076,0.004,-0.011,1759,0,0
570522,6.797,5.294,4.336,-0.017,0.02,-0.027,1758,0,0
570542,6.744,5.397,4.396,-0.027,0.037,-0.019,1759,0,0
570562,6.795,5.344,4.381,-0.074,0.036,-0.004,1758,0,0
570582,6.893,5.291,4.403,-0.078,0.037,-0.009,1760,0,0
570602,6.819,5.291,4.496,-0.071,0.042,-0.021,1758,0,0
570622,6.73,5.401,4.501,-0.043,0.027,-0.027,1759,0,0
570642,6.744,5.626,4.484,-0.028,0.026,-0.015,1758,0,0
570662,6.759,5.605,4.575,-0.072,0.052,0.013,1759,0,0
570682,6.713,5.488,4.666,-0.092,0.047,0.028,1759,0,0
570702,6.699,5.385,4.669,-0.096,0.009,0.027,1759,0,0
570722,6.8,5.222,4.594,-0.098,-0.001,0.021,1758,0,0
570742,6.759,5.167,4.559,-0.056,0.019,0.006,1759,0,0
570762,6.697,5.136,4.549,-0.021,0.015,-0.006,1758,0,0
570782,6.754,5.181,4.436,-0.034,0.008,-0.013,1758,0,0
570802,6.816,5.167,4.444,-0.077,0.025,-0.02,1758,0,0
570822,6.802,5.193,4.535,-0.082,0.032,-0.03,1758,0,0
570842,6.771,5.262,4.611,-0.059,0.017,-0.042,1757,0,0
570862,6.764,5.387,4.532,-0.044,-0.007,-0.047,1759,0,0
570882,6.776,5.495,4.369,-0.048,-0.005,-0.038,1758,0,0
570902,6.773,5.557,4.381,-0.06,0.014,-0.029,1758,0,0
570922,6.697,5.528,4.429,-0.061,0.02,-0.026,1758,0,0
570942,6.618,5.602,4.427,-0.023,0.001,-0.021,1758,0,0
570962,6.677,5.646,4.432,-0.049,0.001,-0.001,1759,0,0
570982,6.749,5.547,4.508,-0.091,0.026,0.011,1760,0,0
571002,6.73,5.437,4.602,-0.066,0.025,0.017,1759,0,0
571022,6.711,5.358,4.496,-0.035,0.003,0.024,1760,0,0
571042,6.78,5.227,4.403,-0.079,0.007,0.035,1759,0,0
571062,6.807,5.08,4.47,-0.102,0.03,0.022,1759,0,0
571193,6.725,5.559,4.566,-0.031,-0.009,-0.035,1759,0,0
571212,6.74,5.626,4.441,-0.064,-0.023,-0.012,1760,0,0
571233,6.723,5.466,4.393,-0.104,-0.011,0.002,1759,0,0
571252,6.732,5.428,4.41,-0.083,0.01,-0.001,1759,0,0
571272,6.711,5.411,4.448,-0.047,0.019,-0.001,1759,0,0
571292,6.744,5.413,4.432,-0.063,0.016,0.012,1759,0,0
571313,6.677,5.195,4.422,-0.098,0.018,0.008,1760,0,0
571332,6.771,5.128,4.362,-0.075,0.024,-0.009,1759,0,0
571353,6.797,5.246,4.432,-0.042,0.05,-0.023,1759,0,0
571372,6.764,5.315,4.525,-0.05,0.046,-0.026,1759,0,0
571392,6.721,5.418,4.499,-0.049,0.017,-0.027,1759,0,0
571412,6.706,5.442,4.458,-0.091,0.013,-0.02,1759,0,0
571433,6.749,5.442,4.472,-0.083,0.032,-0.019,1759,0,0
571452,6.713,5.54,4.561,-0.052,0.042,-0.009,1758,0,0
571473,6.694,5.574,4.587,-0.062,0.032,0.005,1756,0,0
571492,6.716,5.516,4.566,-0.093,0.013,0.022,1758,0,0
571513,6.826,5.308,4.673,-0.099,0.021,0.022,1759,0,0
571532,6.78,5.205,4.75,-0.064,0.02,0.005,1759,0,0
571552,6.706,5.236,4.729,-0.012,-0.005,-0.006,1759,0,0
571572,6.747,5.193,4.592,-0.031,-0.028,-0.006,1759,0,0
571593,6.749,5.107,4.539,-0.071,-0.029,-0.019,1758,0,0
571612,6.74,5.169,4.482,-0.056,-0.02,-0.045,1758,0,0
571632,6.716,5.38,4.441,-0.04,-0.011,-0.046,1758,0,0
571652,6.682,5.411,4.468,-0.084,-0.009,-0.038,1758,0,0
571673,6.677,5.418,4.391,-0.104,-0.018,-0.043,1759,0,0
571692,6.773,5.519,4.35,-0.071,-0.012,-0.05,1759,0,0
571712,6.768,5.646,4.331,-0.065,0.01,-0.029,1759,0,0
571732,6.747,5.679,4.422,-0.088,0.028,0.0,1760,0,0
571753,6.665,5.528,4.508,-0.113,0.025,0.012,1759,0,0
571773,6.747,5.382,4.508,-0.09,0.013,0.017,1759,0,0
571792,6.864,5.368,4.441,-0.059,0.028,0.013,1758,0,0
571812,6.785,5.306,4.571,-0.054,0.043,0.014,1758,0,0
571833,6.68,5.25,4.575,-0.041,0.018,0.011,1758,0,0
571853,6.68,5.193,4.511,-0.072,0.002,0.009,1759,0,0
571872,6.766,5.109,4.492,-0.092,0.018,-0.007,1758,0,0
571892,6.797,5.181,4.58,-0.057,0.04,-0.027,1759,0,0
571912,6.694,5.329,4.688,-0.042,0.028,-0.035,1759,0,0
571933,6.67,5.428,4.652,-0.068,-0.001,-0.029,1759,0,0
571953,6.718,5.444,4.559,-0.088,-0.023,-0.03,1760,0,0
571972,6.821,5.521,4.52,-0.067,-0.004,-0.024,1759,0,0
571992,6.713,5.547,4.537,-0.073,0.01,-0.009,1759,0,0
572012,6.634,5.468,4.489,-0.09,-0.014,0.003,1758,0,0
572032,6.653,5.423,4.432,-0.082,-0.02,0.005,1758,0,0
572053,6.752,5.42,4.401,-0.062,0.009,0.012,1758,0,0
572072,6.814,5.37,4.523,-0.062,0.034,0.016,1758,0,0
572093,6.749,5.219,4.606,-0.081,0.022,0.014,1758,0,0
572113,6.716,5.152,4.592,-0.072,-0.006,-0.001,1758,0,0
572132,6.792,5.231,4.532,-0.042,-0.002,-0.012,1759,0,0
572152,6.721,5.289,4.63,-0.058,0.013,-0.018,1759,0,0
572172,6.713,5.308,4.664,-0.073,-0.003,-0.021,1759,0,0
572192,6.764,5.318,4.556,-0.076,-0.022,-0.022,1759,0,0
572212,6.773,5.313,4.463,-0.07,-0.022,-0.027,1758,0,0
572232,6.737,5.454,4.456,-0.058,-0.005,-0.023,1758,0,0
572253,6.689,5.492,4.58,-0.092,-0.002,-0.013,1758,0,0
572272,6.713,5.442,4.549,-0.104,-0.018,-0.01,1758,0,0
572293,6.737,5.392,4.405,-0.069,-0.025,-0.01,1758,0,0
572312,6.788,5.418,4.432,-0.05,-0.002,-0.005,1759,0,0
572333,6.704,5.38,4.583,-0.066,0.01,-0.003,1759,0,0
572352,6.709,5.387,4.539,-0.052,-0.006,0.002,1758,0,0
572372,6.792,5.318,4.463,-0.064,-0.003,0.01,1758,0,0
572392,6.8,5.128,4.427,-0.083,0.006,0.004,1758,0,0
572412,6.797,5.112,4.523,-0.056,0.011,-0.016,1759,0,0
572433,6.778,5.239,4.599,-0.041,0.003,-0.034,1758,0,0
572452,6.766,5.425,4.513,-0.051,-0.009,-0.031,1759,0,0
572472,6.737,5.454,4.413,-0.075,-0.02,-0.018,1759,0,0
572492,6.756,5.466,4.413,-0.093,-0.013,-0.012,1759,0,0
572512,6.735,5.425,4.468,-0.088,0.003,-0.011,1758,0,0
572532,6.711,5.466,4.472,-0.063,0.006,-0.01,1758,0,0
572552,6.677,5.449,4.393,-0.063,0.002,0.001,1758,0,0
572572,6.749,5.375,4.324,-0.076,0.012,0.005,1758,0,0
572593,6.79,5.334,4.415,-0.069,0.029,-0.002,1758,0,0
572612,6.814,5.353,4.448,-0.034,0.036,0.001,1759,0,0
572633,6.821,5.301,4.427,-0.052,0.03,0.009,1757,0,0
572652,6.78,5.258,4.432,-0.062,0.025,0.005,1758,0,0
572673,6.747,5.26,4.429,-0.058,0.036,-0.006,1758,0,0
572692,6.749,5.341,4.539,-0.051,0.042,-0.013,1758,0,0
572713,6.732,5.418,4.53,-0.043,0.038,-0.005,1758,0,0
572732,6.778,5.409,4.578,-0.083,0.036,0.01,1759,0,0
572752,6.778,5.296,4.673,-0.107,0.038,0.007,1759,0,0
572772,6.713,5.286,4.712,-0.07,0.02,-0.007,1759,0,0
572792,6.699,5.294,4.635,-0.05,0.005,-0.003,1758,0,0
572812,6.783,5.234,4.566,-0.068,0.009,-0.006,1758,0,0
572832,6.773,5.162,4.621,-0.051,0.011,-0.024,1759,0,0
572852,6.761,5.236,4.573,-0.038,-0.002,-0.031,1758,0,0
572873,6.768,5.334,4.468,-0.046,-0.01,-0.037,1759,0,0
572893,6.74,5.456,4.499,-0.052,0.002,-0.032,1758,0,0
572912,6.694,5.55,4.554,-0.079,0.011,-0.019,1758,0,0
572932,6.661,5.507,4.566,-0.082,-0.002,-0.006,1759,0,0
572952,6.732,5.437,4.487,-0.076,-0.007,-0.0,1759,0,0
572973,6.773,5.351,4.556,-0.061,0.013,-0.006,1759,0,0
572992,6.742,5.344,4.599,-0.05,0.006,-0.004,1758,0,0
573012,6.742,5.315,4.475,-0.047,-0.019,-0.009,1758,0,0
573032,6.807,5.265,4.312,-0.056,-0.015,-0.013,1758,0,0
573052,6.773,5.284,4.283,-0.044,0.019,-0.018,1758,0,0
573072,6.725,5.385,4.372,-0.039,0.039,-0.017,1758,0,0
573092,6.749,5.425,4.463,-0.056,0.034,-0.004,1758,0,0
573112,6.812,5.361,4.451,-0.08,0.027,0.002,1758,0,0
573133,6.802,5.284,4.527,-0.078,0.034,-0.01,1758,0,0
573153,6.721,5.356,4.583,-0.049,0.037,-0.017,1758,0,0
573173,6.656,5.425,4.609,-0.035,0.027,-0.012,1758,0,0
573192,6.701,5.349,4.606,-0.061,0.015,-0.009,1759,0,0
573212,6.778,5.286,4.583,-0.064,0.012,-0.013,1758,0,0
573232,6.716,5.301,4.547,-0.052,0.013,-0.019,1758,0,0
573252,6.689,5.332,4.549,-0.052,0.004,-0.022,1759,0,0
573273,6.742,5.368,4.527,-0.064,0.012,-0.018,1757,0,0
573292,6.761,5.329,4.525,-0.062,0.017,-0.021,1758,0,0
573313,6.754,5.368,4.523,-0.045,0.01,-0.029,1756,0,0
573332,6.735,5.425,4.489,-0.046,0.001,-0.027,1758,0,0
573353,6.713,5.432,4.424,-0.045,0.005,-0.02,1756,0,0
573372,6.725,5.432,4.379,-0.05,0.021,-0.011,1757,0,0
573392,6.742,5.368,4.436,-0.059,0.03,-0.012,1758,0,0
573412,6.744,5.423,4.487,-0.051,0.029,-0.019,1757,0,0
573432,6.685,5.504,4.537,-0.035,0.021,-0.014,1757,0,0
573452,6.677,5.459,4.539,-0.063,0.023,-0.001,1757,0,0
573473,6.732,5.356,4.518,-0.07,0.023,-0.006,1758,0,0
573492,6.742,5.315,4.511,-0.046,0.024,-0.022,1757,0,0
573512,6.713,5.361,4.475,-0.038,0.029,-0.021,1757,0,0
573532,6.661,5.365,4.444,-0.05,0.023,-0.015,1756,0,0
573552,6.742,5.358,4.391,-0.062,0.022,-0.015,1757,0,0
573572,6.723,5.387,4.503,-0.06,0.043,-0.024,1756,0,0
573593,6.668,5.454,4.561,-0.053,0.038,-0.023,1755,0,0
573612,6.61,5.495,4.52,-0.048,0.015,-0.021,1757,0,0
573633,6.653,5.48,4.386,-0.064,0.023,-0.014,1755,0,0
573652,6.735,5.483,4.46,-0.064,0.054,-0.007,1757,0,0
573672,6.694,5.418,4.642,-0.061,0.062,-0.007,1757,0,0
573692,6.692,5.413,4.7,-0.052,0.027,-0.009,1757,0,0
573712,6.718,5.416,4.606,-0.054,0.007,-0.006,1757,0,0
573732,6.709,5.368,4.571,-0.073,0.017,-0.004,1757,0,0
573752,6.685,5.365,4.578,-0.057,0.027,-0.008,1758,0,0
573772,6.687,5.42,4.671,-0.044,0.02,-0.008,1756,0,0
573793,6.651,5.452,4.642,-0.069,-0.009,-0.008,1756,0,0
573812,6.687,5.437,4.496,-0.075,-0.023,-0.006,1758,0,0
573833,6.665,5.404,4.439,-0.075,-0.002,-0.003,1758,0,0
573853,6.658,5.42,4.468,-0.071,0.015,-0.011,1756,0,0
573872,6.67,5.516,4.542,-0.054,0.012,-0.01,1757,0,0
573892,6.689,5.514,4.549,-0.083,-0.004,-0.002,1757,0,0
573913,6.673,5.389,4.441,-0.088,-0.01,0.002,1758,0,0
573932,6.665,5.373,4.389,-0.05,0.002,-0.002,1757,0,0
573952,6.673,5.442,4.444,-0.054,0.024,0.003,1758,0,0
573972,6.682,5.385,4.568,-0.089,0.023,0.002,1757,0,0
573992,6.732,5.341,4.58,-0.087,0.007,-0.003,1757,0,0
574012,6.737,5.32,4.549,-0.065,0.005,-0.007,1757,0,0
574032,6.665,5.411,4.566,-0.049,0.01,-0.009,1758,0,0
574052,6.632,5.464,4.573,-0.055,0.009,-0.009,1758,0,0
574072,6.711,5.509,4.559,-0.076,0.011,0.002,1757,0,0
574093,6.716,5.397,4.606,-0.101,0.005,0.008,1758,0,0
574112,6.725,5.265,4.618,-0.092,-0.005,-0.001,1757,0,0
574132,6.675,5.274,4.53,-0.055,-0.01,-0.018,1758,0,0
574152,6.68,5.413,4.391,-0.034,-0.003,-0.02,1758,0,0
574172,6.689,5.449,4.422,-0.069,0.015,-0.01,1758,0,0
574192,6.747,5.397,4.451,-0.095,0.017,-0.008,1757,0,0
574212,6.689,5.418,4.499,-0.068,0.009,-0.013,1758,0,0
574233,6.677,5.516,4.453,-0.047,0.01,-0.007,1757,0,0
574252,6.653,5.521,4.465,-0.065,0.025,0.009,1757,0,0
574272,6.68,5.406,4.573,-0.087,0.029,0.011,1757,0,0
574293,6.709,5.358,4.587,-0.07,0.023,0.004,1758,0,0
574313,6.732,5.329,4.513,-0.067,0.018,0.006,1756,0,0
574332,6.709,5.308,4.537,-0.07,0.02,0.005,1758,0,0
574352,6.694,5.308,4.606,-0.059,0.021,-0.005,1758,0,0
574373,6.701,5.397,4.611,-0.06,0.019,-0.006,1758,0,0
574392,6.701,5.358,4.623,-0.078,0.008,-0.005,1758,0,0
574413,6.74,5.344,4.554,-0.065,0.005,-0.006,1758,0,0
574433,6.675,5.38,4.551,-0.064,0.014,-0.011,1758,0,0
574452,6.689,5.452,4.532,-0.059,0.011,-0.006,1757,0,0
574472,6.718,5.432,4.559,-0.077,0.013,0.006,1757,0,0
574492,6.704,5.298,4.554,-0.094,0.006,0.006,1758,0,0
574513,6.728,5.267,4.535,-0.059,0.004,-0.007,1758,0,0
574532,6.704,5.346,4.492,-0.041,0.009,-0.018,1757,0,0
574552,6.677,5.495,4.453,-0.047,0.019,-0.006,1758,0,0
574573,6.68,5.425,4.532,-0.085,0.023,0.003,1758,0,0
574593,6.716,5.332,4.599,-0.08,0.022,0.001,1758,0,0
574612,6.744,5.341,4.616,-0.056,0.018,-0.006,1758,0,0
574632,6.713,5.368,4.621,-0.043,0.009,-0.004,1759,0,0
574652,6.68,5.392,4.611,-0.058,0.008,-0.006,1757,0,0
574672,6.637,5.334,4.573,-0.074,0.004,-0.006,1758,0,0
574692,6.701,5.315,4.537,-0.068,0.003,-0.01,1758,0,0
574713,6.732,5.389,4.487,-0.046,0.012,-0.009,1757,0,0
574732,6.737,5.456,4.573,-0.056,0.019,-0.004,1758,0,0
574752,6.689,5.42,4.647,-0.073,0.012,0.002,1758,0,0
574772,6.694,5.385,4.618,-0.071,-0.002,0.002,1758,0,0
574792,6.689,5.308,4.503,-0.071,-0.009,-0.001,1758,0,0
574813,6.706,5.284,4.441,-0.05,0.003,-0.007,1758,0,0
574832,6.711,5.32,4.477,-0.051,0.016,-0.009,1758,0,0
574852,6.68,5.329,4.566,-0.066,0.018,-0.011,1758,0,0
574873,6.699,5.332,4.527,-0.066,0.009,-0.011,1759,0,0
574892,6.74,5.389,4.503,-0.056,0.013,-0.016,1758,0,0
574912,6.677,5.48,4.563,-0.056,0.019,-0.014,1758,0,0
574932,6.642,5.499,4.616,-0.054,0.011,-0.003,1758,0,0
574953,6.697,5.476,4.604,-0.069,0.003,0.006,1758,0,0
574973,6.716,5.389,4.566,-0.068,0.004,0.011,1757,0,0
574992,6.747,5.327,4.621,-0.073,0.009,0.013,1758,0,0
575013,6.699,5.243,4.688,-0.073,0.002,0.006,1758,0,0
575032,6.747,5.241,4.638,-0.056,-0.01,-0.005,1758,0,0
575052,6.73,5.258,4.52,-0.056,-0.01,-0.012,1757,0,0
575072,6.725,5.26,4.496,-0.064,-0.011,-0.016,1758,0,0
575093,6.697,5.296,4.439,-0.066,-0.008,-0.023,1758,0,0
575112,6.725,5.368,4.448,-0.06,0.001,-0.02,1757,0,0
575132,6.756,5.409,4.492,-0.064,0.01,-0.015,1757,0,0
575152,6.747,5.385,4.52,-0.081,0.01,-0.015,1758,0,0
575173,6.713,5.416,4.503,-0.061,0.001,-0.021,1758,0,0
575192,6.675,5.519,4.391,-0.039,0.004,-0.014,1758,0,0
575212,6.639,5.521,4.391,-0.065,0.021,0.003,1757,0,0
575232,6.689,5.418,4.489,-0.083,0.027,0.009,1759,0,0
575252,6.749,5.349,4.599,-0.064,0.033,0.003,1758,0,0
575273,6.713,5.353,4.59,-0.061,0.023,-0.002,1758,0,0
575292,6.716,5.341,4.583,-0.055,0.01,-0.001,1758,0,0
575312,6.706,5.298,4.539,-0.07,0.016,-0.001,1758,0,0
575333,6.764,5.267,4.58,-0.061,0.021,-0.006,1757,0,0
575352,6.742,5.308,4.587,-0.051,0.017,-0.012,1758,0,0
575372,6.692,5.346,4.575,-0.068,0.007,-0.013,1758,0,0
575393,6.67,5.329,4.554,-0.071,0.006,-0.014,1758,0,0
575413,6.701,5.368,4.48,-0.05,0.017,-0.017,1757,0,0
575433,6.73,5.483,4.556,-0.049,0.027,-0.006,1759,0,0
575453,6.721,5.464,4.599,-0.074,0.022,0.003,1758,0,0
575472,6.675,5.373,4.59,-0.086,0.01,0.001,1759,0,0
575493,6.709,5.337,4.556,-0.057,0.009,-0.003,1759,0,0
575512,6.737,5.325,4.508,-0.041,0.013,-0.001,1758,0,0
575533,6.756,5.301,4.539,-0.055,0.015,-0.003,1758,0,0
575552,6.699,5.224,4.494,-0.063,0.005,-0.01,1758,0,0
575573,6.687,5.313,4.42,-0.042,0.003,-0.023,1760,0,0
575592,6.689,5.471,4.456,-0.043,0.027,-0.017,1759,0,0
575612,6.658,5.488,4.535,-0.071,0.037,-0.008,1759,0,0
575633,6.699,5.444,4.602,-0.064,0.019,-0.006,1759,0,0
575653,6.74,5.452,4.542,-0.048,0.013,-0.004,1759,0,0
575672,6.709,5.44,4.525,-0.055,0.019,0.006,1758,0,0
575692,6.692,5.397,4.602,-0.068,0.019,0.011,1758,0,0
575712,6.699,5.308,4.614,-0.066,0.012,0.007,1757,0,0
575732,6.73,5.291,4.537,-0.06,0.008,0.003,1758,0,0
575752,6.716,5.262,4.515,-0.052,0.01,-0.003,1758,0,0
575772,6.711,5.346,4.539,-0.047,0.017,-0.009,1757,0,0
575792,6.711,5.377,4.559,-0.052,0.018,-0.006,1757,0,0
575812,6.737,5.373,4.542,-0.063,0.015,0.001,1758,0,0
575833,6.735,5.289,4.585,-0.084,0.015,-0.004,1757,0,0
575853,6.711,5.313,4.594,-0.051,0.013,-0.015,1757,0,0
575872,6.694,5.442,4.549,-0.033,0.013,-0.011,1758,0,0
575893,6.709,5.42,4.563,-0.057,0.013,-0.003,1758,0,0
575912,6.682,5.389,4.539,-0.067,0.005,-0.006,1758,0,0
575932,6.706,5.387,4.52,-0.053,0.007,-0.006,1760,0,0
575952,6.692,5.411,4.475,-0.051,0.015,0.001,1758,0,0
575973,6.735,5.375,4.499,-0.066,0.021,0.006,1759,0,0
575992,6.723,5.322,4.578,-0.08,0.026,0.001,1758,0,0
576013,6.74,5.294,4.585,-0.059,0.011,-0.01,1758,0,0
576032,6.749,5.363,4.544,-0.042,0.006,-0.007,1758,0,0
576052,6.699,5.325,4.535,-0.068,0.012,-0.002,1759,0,0
576072,6.711,5.234,4.559,-0.073,0.01,-0.008,1759,0,0
576092,6.747,5.262,4.523,-0.064,0.015,-0.019,1758,0,0
576113,6.704,5.322,4.508,-0.049,0.014,-0.027,1758,0,0
576132,6.699,5.432,4.508,-0.039,0.014,-0.021,1759,0,0
576152,6.668,5.447,4.583,-0.072,0.019,-0.013,1758,0,0
576172,6.685,5.418,4.566,-0.078,0.015,-0.015,1758,0,0
576192,6.73,5.437,4.539,-0.041,0.013,-0.016,1758,0,0
576213,6.713,5.454,4.527,-0.043,0.014,-0.008,1758,0,0
576232,6.689,5.399,4.508,-0.052,0.016,-0.004,1758,0,0
576253,6.732,5.37,4.501,-0.055,0.012,-0.006,1758,0,0
576272,6.711,5.425,4.484,-0.043,0.015,-0.007,1758,0,0
576292,6.67,5.488,4.492,-0.05,0.018,0.001,1758,0,0
576313,6.634,5.461,4.527,-0.076,0.018,0.005,1758,0,0
576332,6.646,5.442,4.525,-0.068,0.019,0.0,1758,0,0
576353,6.63,5.497,4.46,-0.04,0.012,-0.003,1758,0,0
576373,6.649,5.59,4.401,-0.052,0.024,0.013,1758,0,0
576393,6.649,5.488,4.46,-0.096,0.039,0.026,1758,0,0
576412,6.701,5.389,4.429,-0.073,0.04,0.023,1759,0,0
576432,6.792,5.42,4.413,-0.041,0.052,0.032,1759,0,0
576452,6.812,5.339,4.609,-0.077,0.071,0.049,1759,0,0
576473,6.749,5.193,4.784,-0.092,0.052,0.042,1758,0,0
576492,6.764,5.188,4.731,-0.037,0.021,0.027,1758,0,0
576512,6.718,5.248,4.544,-0.021,0.027,0.029,1759,0,0
576532,6.709,5.229,4.566,-0.057,0.046,0.035,1759,0,0
576552,6.694,5.126,4.834,-0.081,0.05,0.026,1760,0,0
576573,6.649,5.121,4.903,-0.052,0.018,-0.001,1760,0,0
576592,6.699,5.25,4.748,-0.034,-0.009,-0.015,1760,0,0
576612,6.754,5.277,4.676,-0.061,-0.013,-0.017,1759,0,0
576633,6.697,5.363,4.75,-0.061,-0.007,-0.019,1760,0,0
576652,6.653,5.468,4.848,-0.051,-0.029,-0.021,1760,0,0
576672,6.718,5.502,4.702,-0.078,-0.053,-0.008,1759,0,0
576693,6.759,5.349,4.506,-0.112,-0.06,-0.003,1759,0,0
576712,6.797,5.296,4.329,-0.068,-0.054,-0.004,1759,0,0
576733,6.807,5.377,4.312,-0.046,-0.032,-0.0,1759,0,0
576752,6.747,5.389,4.367,-0.071,-0.027,0.003,1759,0,0
576772,6.682,5.341,4.221,-0.089,-0.027,-0.002,1759,0,0
576792,6.725,5.329,4.211,-0.081,-0.008,-0.003,1760,0,0
576812,6.785,5.337,4.298,-0.064,0.031,-0.002,1759,0,0
576832,6.766,5.315,4.439,-0.058,0.045,0.001,1759,0,0
576852,6.732,5.296,4.523,-0.069,0.03,0.001,1760,0,0
576872,6.759,5.267,4.523,-0.078,0.024,-0.004,1760,0,0
576893,6.778,5.227,4.592,-0.069,0.034,-0.01,1760,0,0
576913,6.778,5.255,4.7,-0.036,0.033,-0.019,1760,0,0
576932,6.697,5.353,4.707,-0.027,0.016,-0.019,1760,0,0
576953,6.656,5.397,4.757,-0.07,-0.004,-0.015,1757,0,0
576973,6.694,5.392,4.748,-0.102,-0.01,-0.013,1760,0,0
576992,6.759,5.37,4.7,-0.078,-0.01,-0.016,1759,0,0
577013,6.78,5.404,4.554,-0.03,-0.019,-0.013,1761,0,0
577032,6.797,5.485,4.554,-0.045,-0.024,-0.001,1758,0,0
577052,6.809,5.459,4.549,-0.077,-0.024,0.007,1759,0,0
577073,6.766,5.435,4.496,-0.056,-0.03,0.009,1759,0,0
577093,6.768,5.425,4.386,-0.031,-0.026,0.026,1759,0,0
577112,6.764,5.356,4.336,-0.056,-0.008,0.038,1759,0,0
577132,6.788,5.27,4.417,-0.074,0.013,0.038,1759,0,0
577152,6.764,5.262,4.556,-0.066,0.022,0.031,1759,0,0
577172,6.802,5.274,4.563,-0.049,0.006,0.029,1759,0,0
577193,6.867,5.258,4.515,-0.064,-0.003,0.038,1759,0,0
577212,6.898,5.167,4.585,-0.083,0.009,0.038,1760,0,0
577233,6.807,5.116,4.659,-0.061,-0.002,0.021,1759,0,0
577252,6.804,5.207,4.549,-0.026,-0.03,0.003,1759,0,0
577273,6.761,5.329,4.355,-0.055,-0.027,0.005,1758,0,0
577292,6.752,5.303,4.367,-0.075,-0.004,0.007,1759,0,0
577312,6.778,5.286,4.432,-0.055,0.011,0.005,1759,0,0
577332,6.783,5.303,4.492,-0.055,0.009,0.005,1759,0,0
577353,6.816,5.241,4.451,-0.081,-0.004,0.002,1758,0,0
577372,6.852,5.164,4.372,-0.075,0.0,-0.003,1760,0,0
577393,6.893,5.246,4.398,-0.046,0.022,-0.01,1759,0,0
577412,6.855,5.329,4.556,-0.039,0.03,-0.006,1759,0,0
577432,6.783,5.296,4.602,-0.07,0.001,-0.001,1759,0,0
577452,6.814,5.215,4.446,-0.084,-0.008,-0.005,1758,0,0
577472,6.84,5.193,4.348,-0.067,0.014,-0.011,1758,0,0
577492,6.852,5.296,4.451,-0.039,0.036,-0.01,1759,0,0
577513,6.833,5.353,4.583,-0.053,0.029,-0.007,1759,0,0
577532,6.809,5.298,4.501,-0.083,0.007,-0.007,1759,0,0
577553,6.855,5.255,4.403,-0.072,0.008,-0.009,1759,0,0
577572,6.812,5.306,4.446,-0.035,0.029,-0.003,1758,0,0
577593,6.788,5.327,4.492,-0.039,0.035,0.0,1758,0,0
577612,6.778,5.255,4.453,-0.062,0.024,0.002,1758,0,0
577632,6.847,5.217,4.451,-0.081,0.027,-0.008,1759,0,0
577652,6.812,5.215,4.489,-0.054,0.037,-0.015,1759,0,0
577672,6.797,5.329,4.465,-0.026,0.029,-0.014,1759,0,0
577692,6.792,5.353,4.379,-0.056,0.027,-0.009,1758,0,0
577713,6.797,5.353,4.286,-0.074,0.035,-0.013,1757,0,0
577732,6.84,5.392,4.343,-0.054,0.051,-0.004,1760,0,0
577752,6.792,5.37,4.422,-0.067,0.059,0.007,1759,0,0
577772,6.768,5.303,4.48,-0.071,0.049,-0.004,1759,0,0
577793,6.744,5.38,4.343,-0.048,0.049,-0.008,1758,0,0
577813,6.728,5.413,4.35,-0.058,0.073,0.009,1760,0,0
577832,6.716,5.303,4.484,-0.08,0.09,0.013,1759,0,0
577852,6.776,5.255,4.482,-0.058,0.081,0.003,1758,0,0
577872,6.771,5.239,4.413,-0.057,0.087,0.004,1759,0,0
577893,6.835,5.212,4.41,-0.073,0.105,0.014,1759,0,0
577912,6.867,5.104,4.614,-0.08,0.136,0.011,1759,0,0
577932,6.847,5.109,4.75,-0.043,0.115,-0.002,1758,0,0
577952,6.778,5.176,4.626,-0.021,0.087,0.0,1758,0,0
577972,6.749,5.236,4.645,-0.059,0.094,0.0,1758,0,0
577993,6.685,5.234,4.834,-0.06,0.115,-0.006,1760,0,0
578013,6.637,5.318,4.958,-0.021,0.091,-0.013,1760,0,0
578032,6.601,5.416,4.8,-0.039,0.06,-0.004,1759,0,0
578052,6.701,5.318,4.786,-0.087,0.06,0.006,1759,0,0
578073,6.764,5.255,4.906,-0.061,0.067,0.001,1760,0,0
578092,6.706,5.318,4.994,-0.022,0.046,-0.003,1758,0,0
578112,6.646,5.313,4.858,-0.048,0.009,0.006,1759,0,0
578132,6.768,5.195,4.638,-0.083,0.0,0.013,1759,0,0
578152,6.855,5.128,4.642,-0.055,0.033,0.013,1759,0,0
578172,6.744,5.148,4.798,-0.023,0.031,0.004,1760,0,0
578192,6.622,5.205,4.726,-0.04,0.0,0.002,1759,0,0
578212,6.637,5.191,4.623,-0.084,-0.003,-0.007,1759,0,0
578232,6.689,5.236,4.693,-0.051,0.022,-0.019,1761,0,0
578253,6.594,5.315,4.836,-0.02,0.025,-0.023,1759,0,0
578272,6.615,5.351,4.767,-0.035,-0.006,-0.02,1759,0,0
578292,6.768,5.315,4.604,-0.067,-0.014,-0.016,1759,0,0
578312,6.768,5.272,4.594,-0.06,-0.002,-0.017,1759,0,0
578332,6.697,5.327,4.638,-0.042,-0.002,-0.018,1759,0,0
578352,6.673,5.411,4.59,-0.048,-0.011,-0.012,1758,0,0
578372,6.692,5.416,4.482,-0.076,-0.004,-0.005,1759,0,0
578392,6.732,5.385,4.496,-0.063,0.003,0.003,1758,0,0
578412,6.764,5.344,4.492,-0.043,0.014,0.004,1758,0,0
578432,6.713,5.298,4.511,-0.064,0.014,0.008,1760,0,0
578452,6.718,5.258,4.396,-0.064,0.015,0.009,1759,0,0
578472,6.723,5.236,4.468,-0.06,0.04,0.005,1759,0,0
578492,6.694,5.241,4.566,-0.047,0.051,-0.004,1759,0,0
578512,6.68,5.387,4.647,-0.036,0.046,-0.003,1759,0,0
578532,6.651,5.401,4.733,-0.079,0.048,0.006,1759,0,0
578552,6.649,5.313,4.851,-0.086,0.046,0.01,1759,0,0
578573,6.651,5.279,4.908,-0.064,0.029,0.004,1758,0,0
578592,6.689,5.291,4.887,-0.051,0.01,0.001,1759,0,0
578613,6.673,5.332,4.879,-0.063,-0.002,-0.001,1759,0,0
578632,6.682,5.332,4.937,-0.076,-0.009,0.006,1759,0,0
578652,6.651,5.267,5.035,-0.091,-0.023,0.009,1759,0,0
578672,6.656,5.21,5.021,-0.078,-0.059,-0.006,1758,0,0
578692,6.713,5.239,4.906,-0.066,-0.081,-0.013,1759,0,0
578712,6.735,5.255,4.882,-0.085,-0.079,-0.011,1758,0,0
578732,6.744,5.21,4.867,-0.08,-0.094,-0.018,1760,0,0
578752,6.831,5.294,4.702,-0.056,-0.118,-0.022,1760,0,0
578772,6.804,5.327,4.52,-0.076,-0.123,-0.013,1759,0,0
578793,6.831,5.246,4.386,-0.098,-0.112,-0.004,1760,0,0
578812,6.898,5.231,4.254,-0.074,-0.099,-0.007,1759,0,0
578832,6.95,5.222,4.096,-0.067,-0.076,0.0,1759,0,0
578853,6.972,5.124,4.01,-0.088,-0.05,0.008,1759,0,0
578872,6.893,5.061,4.049,-0.079,-0.03,-0.006,1759,0,0
578892,6.756,5.148,4.032,-0.044,-0.016,-0.024,1759,0,0
578913,6.756,5.277,3.938,-0.045,0.015,-0.019,1759,0,0
578932,6.85,5.183,3.898,-0.062,0.061,-0.013,1759,0,0
578952,6.864,5.181,4.087,-0.005,0.105,-0.024,1760,0,0
578972,6.742,5.353,4.302,0.004,0.115,-0.026,1760,0,0
578992,6.661,5.373,4.501,-0.078,0.116,-0.025,1760,0,0
579012,6.675,5.404,4.537,-0.072,0.119,-0.022,1759,0,0
579032,6.74,5.377,4.676,-0.039,0.132,-0.009,1761,0,0
579052,6.728,5.385,4.846,-0.049,0.128,-0.004,1760,0,0
579072,6.699,5.327,5.042,-0.069,0.096,-0.012,1759,0,0
579092,6.625,5.31,5.071,-0.074,0.059,-0.019,1761,0,0
579113,6.594,5.272,5.035,-0.059,0.037,-0.022,1761,0,0
579132,6.642,5.255,5.025,-0.068,0.023,-0.029,1760,0,0
579152,6.675,5.191,4.97,-0.074,0.0,-0.043,1760,0,0
579173,6.665,5.25,4.822,-0.054,-0.026,-0.049,1759,0,0
579192,6.701,5.289,4.633,-0.068,-0.034,-0.045,1761,0,0
579213,6.788,5.322,4.501,-0.084,-0.02,-0.044,1759,0,0
579232,6.84,5.413,4.501,-0.069,0.001,-0.036,1760,0,0
579252,6.816,5.452,4.515,-0.078,0.004,-0.021,1761,0,0
579272,6.816,5.409,4.506,-0.087,-0.013,-0.006,1760,0,0
579292,6.732,5.329,4.417,-0.08,-0.011,-0.003,1760,0,0
579312,6.706,5.394,4.439,-0.042,0.014,-0.001,1761,0,0
579332,6.644,5.425,4.547,-0.042,0.038,0.013,1761,0,0
579352,6.632,5.284,4.654,-0.078,0.033,0.019,1761,0,0
579372,6.685,5.133,4.69,-0.086,0.023,0.009,1761,0,0
579392,6.68,5.095,4.738,-0.056,0.029,-0.009,1760,0,0
579412,6.656,5.179,4.774,-0.033,0.025,-0.02,1761,0,0
579432,6.661,5.231,4.762,-0.048,0.011,-0.02,1761,0,0
579452,6.78,5.234,4.791,-0.055,0.005,-0.026,1761,0,0
579472,6.747,5.26,4.867,-0.056,0.004,-0.029,1760,0,0
579493,6.73,5.215,4.891,-0.09,-0.024,-0.03,1764,0,0
579512,6.852,5.133,4.858,-0.052,-0.05,-0.04,1761,0,0
579533,6.924,5.126,4.853,-0.03,-0.048,-0.051,1760,0,0
579552,6.826,5.037,4.784,-0.041,-0.073,-0.068,1760,0,0
579572,6.833,4.99,4.585,0.003,-0.109,-0.098,1760,0,0
579592,6.919,4.999,4.458,0.07,-0.101,-0.127,1759,0,0
579613,6.902,4.961,4.434,0.184,-0.076,-0.169,1757,0,0
579632,6.78,5.148,4.334,0.35,-0.074,-0.212,1762,0,0
579652,6.73,5.557,4.192,0.386,-0.079,-0.226,1760,0,0
579672,6.694,5.88,4.235,0.287,-0.07,-0.208,1760,0,0
579692,6.661,5.997,4.252,0.205,-0.081,-0.17,1760,0,0
579713,6.709,6.002,4.106,0.176,-0.093,-0.143,1758,0,0
579733,6.699,6.012,4.073,0.174,-0.078,-0.119,1758,0,0
579752,6.61,6.067,4.07,0.136,-0.083,-0.094,1759,0,0
579772,6.663,6.091,3.903,0.092,-0.096,-0.071,1758,0,0
579793,6.783,6.005,3.723,0.059,-0.078,-0.054,1758,0,0
579813,6.907,5.974,3.814,0.064,-0.029,-0.04,1758,0,0
579832,6.991,5.921,3.881,0.023,-0.016,-0.023,1758,0,0
579852,7.207,5.82,3.843,-0.034,-0.025,-0.023,1759,0,0
579872,7.281,5.725,4.034,-0.098,0.017,-0.026,1758,0,0
579893,7.245,5.622,4.29,-0.12,0.048,-0.039,1757,0,0
579912,7.223,5.765,4.35,-0.103,0.033,-0.071,1758,0,0
579932,7.326,6.074,4.422,-0.121,0.061,-0.066,1758,0,0
579953,7.314,6.237,4.585,-0.188,0.084,-0.051,1757,0,0
579972,7.317,6.191,4.796,-0.258,0.079,-0.03,1760,0,0
579992,7.214,5.99,4.903,-0.305,0.043,-0.019,1759,0,0
580012,7.259,5.78,4.764,-0.291,-0.006,-0.031,1758,0,0
580032,7.207,5.71,4.664,-0.213,-0.032,-0.054,1758,0,0
580052,7.072,5.701,4.623,-0.164,-0.034,-0.072,1758,0,0
580072,7.065,5.746,4.386,-0.175,-0.072,-0.075,1758,0,0
580092,7.132,5.677,4.319,-0.311,-0.084,-0.069,1758,0,0
580112,7.046,5.418,4.547,-0.423,-0.095,-0.088,1758,0,0
580133,6.747,5.409,4.731,-0.383,-0.146,-0.12,1757,0,0
580152,6.85,5.464,4.508,-0.359,-0.22,-0.14,1759,0,0
580172,6.974,5.442,4.439,-0.369,-0.235,-0.16,1759,0,0
580192,6.642,5.373,4.556,-0.367,-0.23,-0.216,1757,0,0
580212,6.373,5.418,4.396,-0.318,-0.276,-0.249,1758,0,0
580232,6.199,5.514,4.264,-0.245,-0.28,-0.27,1759,0,0
580253,6.079,5.717,4.348,-0.171,-0.239,-0.307,1759,0,0
580272,5.861,5.942,4.341,-0.12,-0.246,-0.295,1759,0,0
580292,5.657,6.026,4.238,-0.147,-0.269,-0.254,1760,0,0
580312,5.334,5.878,4.235,-0.156,-0.263,-0.238,1759,0,0
580332,5.188,6.041,3.982,-0.068,-0.255,-0.225,1759,0,0
580353,5.198,6.261,3.804,-0.014,-0.218,-0.168,1758,0,0
580372,5.04,6.244,3.903,-0.082,-0.191,-0.094,1759,0,0
580392,5.083,6.031,3.773,-0.143,-0.199,-0.059,1759,0,0
580413,5.444,5.938,3.666,-0.035,-0.167,-0.036,1760,0,0
580432,5.672,6.005,3.742,-0.003,-0.117,-0.008,1760,0,0
580453,5.827,5.957,3.816,-0.043,-0.112,0.011,1759,0,0
580472,6.115,5.88,3.685,-0.045,-0.106,0.029,1759,0,0
580492,6.349,5.693,3.675,-0.07,-0.075,0.03,1759,0,0
580512,6.464,5.622,3.804,-0.063,-0.064,0.01,1759,0,0
580532,6.67,5.655,3.773,-0.053,-0.072,-0.013,1759,0,0
580553,6.778,5.705,3.67,-0.039,-0.052,-0.024,1759,0,0
580572,6.67,5.751,3.768,-0.058,-0.021,-0.038,1759,0,0
580593,6.646,5.832,3.936,-0.048,-0.019,-0.046,1758,0,0
580612,6.823,5.966,3.795,-0.026,-0.034,-0.043,1758,0,0
580632,6.807,5.997,3.656,-0.044,-0.018,-0.04,1758,0,0
580652,6.644,6.05,3.862,-0.078,0.009,-0.029,1759,0,0
580672,6.63,6.091,3.903,-0.047,-0.005,-0.014,1759,0,0
580692,6.732,6.081,3.745,-0.049,-0.01,0.005,1758,0,0
580712,6.656,6.041,3.828,-0.084,0.022,0.012,1759,0,0
580733,6.563,6.019,3.972,-0.067,0.017,0.016,1759,0,0
580752,6.646,6.005,3.879,-0.037,-0.005,0.02,1759,0,0
580772,6.663,5.995,3.73,-0.027,-0.006,0.017,1759,0,0
580792,6.598,5.981,3.735,-0.041,0.016,0.02,1758,0,0
580812,6.584,5.954,3.754,-0.044,0.023,0.029,1759,0,0
580832,6.718,5.89,3.692,-0.05,0.027,0.031,1758,0,0
580852,6.797,5.909,3.745,-0.073,0.052,0.037,1757,0,0
580872,6.682,5.839,4.02,-0.11,0.07,0.042,1758,0,0
580893,6.68,5.744,4.08,-0.076,0.029,0.03,1758,0,0
580912,6.8,5.777,3.843,-0.025,0.006,0.013,1758,0,0
580933,6.855,5.837,3.809,-0.035,0.029,0.009,1756,0,0
580952,6.764,5.813,3.771,-0.041,0.025,-0.0,1758,0,0
580973,6.694,5.825,3.699,-0.035,0.034,-0.006,1758,0,0
580993,6.63,5.854,3.807,-0.055,0.07,0.005,1759,0,0
581012,6.531,5.741,3.929,-0.056,0.059,0.003,1760,0,0
581032,6.62,5.698,3.905,-0.031,0.035,-0.004,1759,0,0
581052,6.685,5.657,3.857,-0.041,0.054,-0.011,1758,0,0
581073,6.618,5.586,4.07,-0.035,0.059,-0.03,1760,0,0
581092,6.488,5.727,4.056,0.008,0.026,-0.051,1760,0,0
581112,6.548,5.904,3.812,0.001,0.02,-0.044,1758,0,0
581133,6.553,5.902,3.8,-0.045,0.051,-0.033,1757,0,0
581152,6.469,5.878,4.039,-0.033,0.063,-0.04,1758,0,0
581173,6.563,6.012,4.029,0.026,0.044,-0.038,1758,0,0
581192,6.618,6.088,3.946,-0.001,0.039,-0.024,1758,0,0
581213,6.577,6.062,4.034,-0.028,0.055,-0.015,1757,0,0
581232,6.579,6.012,4.056,-0.021,0.051,-0.004,1758,0,0
581252,6.716,6.005,3.977,-0.007,0.046,-0.005,1758,0,0
581273,6.637,6.017,4.02,-0.046,0.06,-0.007,1757,0,0
581292,6.515,6.002,4.065,-0.06,0.062,-0.0,1757,0,0
581312,6.536,6.036,4.041,-0.019,0.046,0.006,1758,0,0
581332,6.579,6.091,4.089,-0.057,0.056,0.021,1758,0,0
581352,6.517,5.969,4.259,-0.097,0.06,0.03,1758,0,0
581372,6.567,5.928,4.338,-0.054,0.014,0.03,1758,0,0
581392,6.656,5.849,4.235,-0.075,-0.016,0.031,1757,0,0
581412,6.732,5.77,4.061,-0.094,-0.012,0.023,1758,0,0
581432,6.735,5.739,4.063,-0.07,-0.007,-0.001,1759,0,0
581453,6.689,5.839,4.008,-0.025,-0.009,-0.027,1758,0,0
581473,6.646,6.019,3.946,-0.015,-0.008,-0.027,1758,0,0
581492,6.598,6.024,3.905,-0.065,-0.009,-0.021,1760,0,0
581512,6.61,6.031,3.79,-0.082,-0.011,-0.023,1758,0,0
581532,6.646,6.053,3.761,-0.051,-0.001,-0.018,1758,0,0
581552,6.656,6.098,3.737,-0.058,0.021,-0.009,1758,0,0
581572,6.692,6.084,3.859,-0.082,0.034,0.003,1758,0,0
581593,6.725,6.036,3.938,-0.084,0.026,0.012,1758,0,0
581613,6.725,5.94,3.996,-0.071,0.018,0.016,1758,0,0
581633,6.721,5.964,3.917,-0.057,0.019,0.013,1758,0,0
581652,6.732,5.969,3.895,-0.042,0.022,0.02,1758,0,0
581672,6.728,5.938,3.972,-0.048,0.023,0.028,1758,0,0
581693,6.732,5.88,3.994,-0.059,0.021,0.026,1757,0,0
581712,6.689,5.868,4.065,-0.054,0.013,0.02,1758,0,0
581733,6.62,5.859,4.056,-0.027,0.007,0.021,1758,0,0
581752,6.656,5.868,3.97,-0.031,0.002,0.02,1759,0,0
581772,6.663,5.856,3.946,-0.049,0.006,0.016,1758,0,0
581792,6.613,5.818,4.015,-0.061,0.006,0.011,1758,0,0
581812,6.565,5.844,3.974,-0.038,-0.003,0.001,1758,0,0
581832,6.512,5.868,3.898,-0.057,-0.001,-0.006,1758,0,0
581853,6.503,5.861,3.869,-0.075,0.014,-0.004,1758,0,0
581872,6.483,5.842,4.008,-0.068,0.026,-0.001,1759,0,0
581892,6.515,5.83,4.005,-0.072,0.016,-0.005,1758,0,0
581913,6.553,5.823,4.027,-0.09,0.011,-0.011,1757,0,0
581933,6.603,5.806,4.041,-0.078,0.01,-0.018,1757,0,0
581952,6.608,5.83,4.001,-0.061,0.003,-0.023,1757,0,0
581972,6.553,5.856,3.974,-0.056,-0.003,-0.026,1757,0,0
581993,6.519,5.856,4.013,-0.056,-0.002,-0.022,1756,0,0
582012,6.627,5.816,3.917,-0.05,-0.018,-0.023,1758,0,0
582033,6.773,5.835,3.776,-0.059,-0.007,-0.03,1757,0,0
582052,6.752,5.851,3.821,-0.079,0.028,-0.036,1757,0,0
582073,6.579,5.873,4.003,-0.07,0.034,-0.041,1759,0,0
582092,6.584,5.959,4.022,-0.048,0.004,-0.044,1757,0,0
582113,6.656,6.053,3.867,-0.05,-0.015,-0.039,1757,0,0
582132,6.632,6.067,3.871,-0.063,0.007,-0.026,1757,0,0
582152,6.582,6.033,3.898,-0.041,0.01,-0.019,1757,0,0
582172,6.594,6.05,3.857,-0.036,0.002,-0.016,1757,0,0
582193,6.661,6.029,3.903,-0.061,0.006,-0.01,1757,0,0
582213,6.639,6.007,3.962,-0.057,0.003,-0.007,1757,0,0
582232,6.634,6.007,3.919,-0.041,-0.002,-0.006,1757,0,0
582253,6.613,6.026,3.91,-0.041,0.005,-0.001,1757,0,0
582272,6.627,5.957,3.994,-0.059,0.018,0.004,1757,0,0
582293,6.634,5.926,4.032,-0.058,0.008,0.004,1757,0,0
582313,6.677,5.895,3.938,-0.051,-0.005,-0.001,1757,0,0
582333,6.644,5.935,3.862,-0.062,0.005,-0.006,1756,0,0
582352,6.582,5.892,3.938,-0.076,0.015,-0.007,1757,0,0
582373,6.656,5.854,3.929,-0.07,0.003,-0.008,1757,0,0
582392,6.732,5.844,3.838,-0.056,-0.004,-0.018,1756,0,0
582413,6.701,5.926,3.757,-0.062,0.012,-0.024,1757,0,0
582432,6.606,5.981,3.883,-0.075,0.031,-0.024,1757,0,0
582452,6.558,5.99,3.926,-0.075,0.013,-0.023,1757,0,0
582472,6.649,6.005,3.812,-0.061,-0.001,-0.016,1757,0,0
582492,6.675,5.978,3.78,-0.074,0.02,-0.013,1756,0,0
582512,6.63,5.986,3.924,-0.063,0.028,-0.01,1757,0,0
582533,6.618,5.976,3.955,-0.047,0.011,-0.005,1757,0,0
582552,6.627,5.957,3.871,-0.07,0.007,-0.002,1757,0,0
582572,6.627,5.911,3.833,-0.068,0.019,-0.002,1757,0,0
582592,6.625,5.926,3.9,-0.044,0.025,-0.002,1757,0,0
582612,6.632,5.947,3.915,-0.043,0.02,-0.005,1757,0,0
582632,6.615,5.95,3.91,-0.058,0.011,-0.007,1757,0,0
582653,6.615,5.93,3.919,-0.067,0.008,-0.01,1757,0,0
582672,6.574,5.89,3.91,-0.048,0.01,-0.017,1757,0,0
582692,6.622,5.945,3.79,-0.028,0.014,-0.017,1757,0,0
582712,6.663,5.974,3.795,-0.062,0.038,-0.011,1757,0,0
582733,6.57,5.887,4.008,-0.097,0.051,-0.012,1757,0,0
582752,6.579,5.902,4.094,-0.056,0.019,-0.021,1757,0,0
582772,6.563,6.065,3.96,-0.056,0.001,-0.018,1757,0,0
582792,6.582,6.031,3.936,-0.122,0.006,-0.007,1758,0,0
582813,6.452,5.99,4.017,-0.086,0.019,-0.008,1756,0,0
582832,6.536,6.0,3.996,-0.05,0.003,-0.001,1758,0,0
582852,6.644,5.88,3.895,-0.068,0.002,-0.014,1757,0,0
582872,6.615,5.95,3.869,-0.04,0.021,-0.016,1756,0,0
582892,6.44,5.95,4.065,-0.066,0.031,-0.011,1757,0,0
582912,6.498,5.839,4.034,-0.062,0.002,-0.015,1757,0,0
582932,6.675,5.856,3.883,-0.056,-0.015,-0.02,1757,0,0
582952,6.723,5.885,3.943,-0.074,0.012,-0.024,1757,0,0
582972,6.653,5.914,4.058,-0.061,0.011,-0.034,1758,0,0
582993,6.603,6.072,4.013,-0.032,-0.019,-0.035,1756,0,0
583012,6.591,6.155,3.883,-0.058,-0.013,-0.019,1760,0,0
583033,6.649,6.103,3.862,-0.068,-0.005,-0.002,1758,0,0
583052,6.689,6.009,3.836,-0.061,-0.01,-0.004,1758,0,0
583072,6.675,6.002,3.733,-0.071,0.003,-0.006,1758,0,0
583092,6.529,6.024,3.84,-0.074,0.026,-0.006,1758,0,0
583113,6.529,6.007,3.919,-0.061,0.011,-0.002,1758,0,0
583132,6.596,6.019,3.833,-0.048,0.005,0.002,1757,0,0
583152,6.584,5.969,3.804,-0.074,0.018,0.007,1757,0,0
583172,6.594,5.887,3.895,-0.077,0.027,0.002,1757,0,0
583192,6.56,5.878,3.924,-0.056,0.019,-0.004,1756,0,0
583213,6.553,5.895,3.907,-0.051,0.011,-0.006,1757,0,0
583232,6.56,5.902,3.929,-0.058,0.011,-0.008,1757,0,0
583252,6.658,5.88,3.938,-0.059,0.013,-0.01,1757,0,0
583272,6.658,5.883,3.915,-0.062,0.011,-0.021,1756,0,0
583293,6.622,5.971,3.934,-0.044,0.01,-0.019,1756,0,0
583312,6.555,6.002,3.919,-0.06,0.007,-0.014,1756,0,0
583332,6.517,5.978,3.936,-0.069,0.003,-0.015,1758,0,0
583352,6.651,5.978,3.862,-0.044,0.001,-0.013,1757,0,0
583372,6.673,5.974,3.859,-0.047,0.014,-0.013,1756,0,0
583392,6.637,5.954,3.926,-0.072,0.019,-0.015,1756,0,0
583413,6.618,5.974,3.972,-0.068,0.01,-0.019,1756,0,0
583432,6.601,6.041,3.936,-0.043,0.005,-0.022,1756,0,0
583453,6.634,6.16,3.881,-0.042,0.013,-0.009,1756,0,0
583472,6.541,6.151,3.986,-0.077,0.02,0.006,1757,0,0
583492,6.536,6.009,3.996,-0.081,-0.001,0.009,1757,0,0
583512,6.541,5.94,3.903,-0.052,-0.005,0.004,1757,0,0
583532,6.615,6.005,3.8,-0.05,0.009,0.004,1756,0,0
583552,6.594,5.959,3.886,-0.069,0.017,0.009,1757,0,0
583573,6.543,5.883,3.948,-0.084,0.015,0.01,1756,0,0
583592,6.57,5.777,3.941,-0.079,0.006,0.004,1757,0,0
583612,6.689,5.751,3.84,-0.065,-0.001,-0.014,1756,0,0
583632,6.677,5.837,3.855,-0.055,0.007,-0.026,1756,0,0
583653,6.594,5.935,3.929,-0.054,0.012,-0.027,1757,0,0
583672,6.519,6.019,3.967,-0.047,-0.003,-0.029,1757,0,0
583693,6.563,6.108,3.833,-0.044,-0.011,-0.019,1755,0,0
583712,6.598,6.088,3.8,-0.071,0.007,-0.004,1756,0,0
583733,6.579,5.988,3.814,-0.07,0.015,-0.004,1754,0,0
583752,6.62,6.009,3.809,-0.042,0.007,-0.01,1756,0,0
583772,6.615,6.036,3.804,-0.055,0.016,-0.007,1755,0,0
583792,6.62,6.014,3.888,-0.069,0.025,-0.006,1756,0,0
583812,6.574,6.033,3.907,-0.047,0.023,-0.006,1756,0,0
583833,6.546,6.041,3.886,-0.045,0.018,0.004,1758,0,0
583853,6.62,5.976,3.831,-0.073,0.027,0.012,1756,0,0
583872,6.613,5.885,3.95,-0.09,0.033,0.008,1756,0,0
583892,6.62,5.871,3.97,-0.047,0.016,-0.003,1755,0,0
583912,6.596,5.899,3.919,-0.031,0.011,-0.009,1757,0,0
583933,6.615,5.928,3.946,-0.072,0.015,-0.012,1756,0,0
583952,6.536,5.928,3.984,-0.07,0.003,-0.022,1756,0,0
583972,6.546,5.969,3.879,-0.028,-0.011,-0.023,1756,0,0
583993,6.618,6.069,3.735,-0.033,-0.001,-0.012,1755,0,0
584012,6.608,6.009,3.797,-0.08,0.031,-0.004,1756,0,0
584033,6.539,5.957,3.955,-0.083,0.029,-0.003,1756,0,0
584053,6.591,5.957,3.95,-0.043,0.004,-0.009,1756,0,0
584072,6.649,5.935,3.862,-0.054,0.001,-0.011,1757,0,0
584092,6.632,5.942,3.859,-0.06,0.01,-0.015,1756,0,0
584112,6.62,5.983,3.845,-0.029,0.011,-0.02,1757,0,0
584133,6.598,6.041,3.845,-0.047,0.015,-0.014,1756,0,0
584153,6.601,6.033,3.922,-0.082,0.018,-0.009,1757,0,0
584172,6.541,6.012,3.97,-0.07,0.008,-0.009,1757,0,0
584192,6.555,6.05,3.9,-0.038,0.004,-0.008,1757,0,0
584213,6.539,6.079,3.881,-0.039,0.005,-0.004,1758,0,0
584233,6.548,6.05,3.955,-0.058,0.008,0.003,1758,0,0
584252,6.613,5.978,3.929,-0.072,0.003,0.008,1757,0,0
584273,6.682,5.906,3.9,-0.082,0.007,0.002,1757,0,0
584292,6.632,5.856,3.967,-0.072,0.017,-0.01,1756,0,0
584312,6.594,5.969,3.946,-0.029,0.001,-0.015,1756,0,0
584332,6.656,6.036,3.862,-0.05,-0.008,-0.015,1756,0,0
584353,6.625,6.026,3.859,-0.08,0.005,-0.011,1756,0,0
584372,6.505,6.036,4.01,-0.071,0.011,-0.003,1756,0,0
584392,6.584,6.009,4.003,-0.044,-0.007,0.002,1756,0,0
584412,6.663,5.995,3.761,-0.044,-0.019,-0.001,1756,0,0
584432,6.613,5.971,3.795,-0.072,0.008,0.001,1756,0,0
584452,6.567,5.945,3.898,-0.052,0.003,-0.001,1755,0,0
584473,6.579,5.978,3.795,-0.031,-0.012,-0.011,1756,0,0
584493,6.608,6.0,3.673,-0.071,0.009,-0.004,1756,0,0
584512,6.622,5.928,3.766,-0.088,0.021,-0.004,1756,0,0
584532,6.634,5.926,3.852,-0.06,0.013,-0.017,1756,0,0
584553,6.579,6.014,3.766,-0.046,0.016,-0.018,1756,0,0
584573,6.598,6.009,3.843,-0.064,0.032,-0.003,1756,0,0
584592,6.572,5.976,3.938,-0.077,0.022,-0.003,1756,0,0
584613,6.644,5.954,3.847,-0.049,0.008,-0.015,1756,0,0
584632,6.596,5.99,3.845,-0.042,0.023,-0.011,1756,0,0
584652,6.546,5.986,3.974,-0.067,0.024,-0.013,1756,0,0
584673,6.572,5.983,3.919,-0.06,-0.001,-0.015,1757,0,0
584692,6.63,5.964,3.828,-0.066,0.007,-0.011,1757,0,0
584712,6.627,5.947,3.888,-0.047,0.015,-0.018,1756,0,0
584732,6.589,6.055,3.953,-0.027,0.005,-0.021,1757,0,0
584753,6.505,6.067,3.91,-0.054,-0.009,-0.011,1757,0,0
584772,6.572,5.935,3.929,-0.074,-0.007,-0.004,1756,0,0
584792,6.555,5.827,3.97,-0.051,-0.014,-0.023,1757,0,0
584812,6.582,5.856,3.883,-0.027,-0.019,-0.031,1757,0,0
584832,6.476,5.806,4.008,-0.041,-0.001,-0.03,1757,0,0
584852,6.342,5.634,4.401,-0.062,-0.012,-0.033,1757,0,0
584872,6.263,5.411,4.635,-0.044,-0.059,-0.055,1757,0,0
584892,6.129,5.042,5.219,0.026,-0.094,-0.103,1757,0,0
584912,5.847,5.033,5.959,0.22,-0.128,-0.149,1757,0,0
584933,5.739,5.2,6.663,0.26,-0.228,-0.163,1758,0,0
584953,5.734,5.219,7.616,0.096,-0.315,-0.149,1759,0,0
584973,5.569,4.906,8.928,-0.159,-0.456,-0.125,1759,0,0
584992,5.622,4.499,9.699,-0.183,-0.69,-0.173,1760,0,0
585012,5.643,4.695,10.266,0.012,-0.997,-0.323,1760,0,0
585032,5.48,5.657,10.752,-0.056,-1.258,-0.411,1760,0,0
585052,5.231,6.251,11.2,-0.508,-1.519,-0.387,1760,0,0
585073,4.767,6.244,11.916,-1.011,-1.795,-0.379,1760,0,0
585092,4.025,6.328,12.61,-1.278,-2.178,-0.432,1762,0,0
585113,3.577,6.337,12.72,-1.458,-2.604,-0.596,1761,0,0
585132,3.254,6.984,12.182,-1.141,-3.001,-0.821,1762,0,0
585152,2.71,8.545,11.808,-1.03,-3.255,-0.928,1762,0,0
585172,1.482,10.087,11.784,-1.35,-3.55,-0.918,1763,0,0
585192,0.527,11.286,10.824,-1.677,-4.024,-0.879,1763,0,0
585212,-0.426,12.028,9.292,-1.954,-4.474,-0.813,1764,0,0
585232,-1.247,12.67,7.202,-2.161,-4.739,-0.746,1764,0,0
585252,-2.215,13.305,5.236,-2.048,-4.852,-0.692,1765,0,0
585272,-3.318,14.36,1.729,-2.111,-4.845,-0.572,1763,0,0
585293,-3.488,15.196,-2.418,-2.656,-4.684,-0.33,1766,0,0
585312,-2.576,15.122,-5.456,-3.145,-4.315,-0.055,1762,0,0
585333,-1.374,13.767,-7.405,-3.559,-3.55,0.089,1759,0,0
585352,-0.464,12.392,-7.944,-3.053,-3.04,0.048,1759,0,0
585372,0.393,11.693,-8.056,-2.312,-2.645,-0.037,1757,0,0
585392,1.494,11.174,-7.968,-2.014,-2.315,-0.087,1757,0,0
585412,2.354,10.707,-8.174,-1.707,-2.025,-0.067,1755,0,0
585432,3.335,10.259,-8.449,-1.405,-1.929,0.005,1753,0,0
585452,4.149,9.412,-8.89,-1.509,-1.739,0.071,1750,0,0
585472,5.356,8.471,-8.983,-1.513,-1.528,0.108,1749,0,0
585492,5.976,7.626,-8.569,-1.331,-1.236,0.079,1746,0,0
585512,5.933,7.111,-7.712,-1.132,-1.005,0.013,1746,0,0
585532,6.22,7.214,-7.374,-0.974,-0.852,-0.036,1746,0,0
585552,6.646,7.365,-6.977,-0.859,-0.665,-0.049,1745,0,0
585573,6.431,7.408,-5.942,-0.822,-0.399,-0.049,1746,0,0
585592,6.316,7.53,-5.1,-0.624,-0.264,-0.05,1745,0,0
585613,6.493,7.786,-4.453,-0.455,-0.212,-0.033,1744,0,0
585632,6.395,7.92,-3.898,-0.541,-0.168,0.008,1744,0,0
585652,6.378,7.649,-3.369,-0.62,-0.13,0.05,1744,0,0
585673,6.677,7.12,-2.655,-0.516,-0.108,0.042,1744,0,0
585693,6.768,6.898,-2.231,-0.262,-0.098,-0.004,1743,0,0
585712,6.768,7.104,-2.052,0.026,-0.105,-0.029,1743,0,0
585732,6.936,7.338,-1.906,0.095,-0.107,-0.014,1743,0,0
585752,7.183,7.295,-1.664,0.079,-0.051,0.015,1742,0,0
585772,7.204,7.257,-1.324,0.057,0.025,0.058,1741,0,0
585792,7.266,7.183,-1.336,0.06,0.036,0.096,1740,0,0
585812,7.317,7.049,-1.18,0.05,0.065,0.124,1740,0,0
585833,7.417,6.864,-1.01,0.012,0.085,0.128,1740,0,0
585852,7.415,6.826,-0.795,0.02,0.112,0.123,1738,0,0
585872,7.209,6.797,-0.472,0.039,0.128,0.122,1739,0,0
585893,7.039,6.642,-0.278,0.073,0.102,0.121,1739,0,0
585912,7.147,6.577,-0.508,0.12,0.052,0.117,1739,0,0
585933,7.207,6.57,-0.711,0.105,0.062,0.127,1739,0,0
585952,7.044,6.383,-0.508,0.041,0.11,0.12,1739,0,0
585972,6.953,6.246,-0.302,0.097,0.095,0.1,1739,0,0
585993,6.984,6.263,-0.407,0.162,0.043,0.086,1740,0,0
586013,7.135,6.235,-0.546,0.098,0.016,0.082,1738,0,0
586032,7.262,6.036,-0.644,0.011,0.022,0.06,1737,0,0
586052,7.46,6.007,-0.812,0.007,0.038,0.025,1735,0,0
586073,7.489,6.065,-0.874,0.032,0.073,-0.009,1735,0,0
586092,7.453,6.206,-0.73,0.087,0.094,-0.038,1733,0,0
586113,7.436,6.455,-0.634,0.102,0.098,-0.051,1734,0,0
586132,7.468,6.553,-0.615,0.04,0.078,-0.054,1734,0,0
586153,7.47,6.675,-0.649,-0.009,0.071,-0.049,1734,0,0
586172,7.257,6.665,-0.486,-0.091,0.078,-0.052,1734,0,0
586193,7.276,6.704,-0.541,-0.046,0.046,-0.044,1734,0,0
586212,7.381,6.783,-0.79,0.008,0.022,-0.03,1734,0,0
586233,7.362,6.721,-0.761,-0.05,0.055,-0.021,1733,0,0
586252,7.221,6.606,-0.539,-0.069,0.07,-0.033,1734,0,0
586273,7.283,6.673,-0.572,-0.031,0.038,-0.035,1734,0,0
586292,7.305,6.716,-0.687,-0.053,0.028,-0.018,1734,0,0
586312,7.25,6.615,-0.594,-0.072,0.036,-0.002,1734,0,0
586333,7.166,6.548,-0.539,-0.06,0.034,-0.003,1733,0,0
586352,7.264,6.531,-0.527,-0.047,0.022,-0.015,1736,0,0
586372,7.307,6.553,-0.587,-0.057,0.01,-0.022,1733,0,0
586393,7.286,6.472,-0.639,-0.08,0.002,-0.027,1734,0,0
586412,7.357,6.457,-0.644,-0.055,0.002,-0.038,1733,0,0
586433,7.386,6.56,-0.735,-0.053,0.001,-0.051,1734,0,0
586452,7.429,6.67,-0.828,-0.06,0.006,-0.059,1732,0,0
586472,7.333,6.742,-0.788,-0.05,0.022,-0.06,1732,0,0
586492,7.293,6.886,-0.709,-0.042,0.023,-0.049,1732,0,0
586512,7.228,6.888,-0.725,-0.063,0.015,-0.036,1732,0,0
586532,7.242,6.85,-0.761,-0.074,0.008,-0.028,1732,0,0
586552,7.199,6.859,-0.876,-0.055,0.007,-0.026,1732,0,0
586572,7.298,6.864,-0.97,-0.046,0.011,-0.007,1733,0,0
586593,7.374,6.792,-0.974,-0.033,0.035,0.008,1732,0,0
586612,7.312,6.704,-0.795,-0.038,0.043,-0.002,1731,0,0
586633,7.391,6.732,-0.783,-0.032,0.019,-0.009,1732,0,0
586653,7.46,6.807,-0.881,-0.014,0.007,-0.015,1732,0,0
586672,7.477,6.867,-0.893,-0.015,0.026,-0.009,1732,0,0
586692,7.393,6.931,-0.754,-0.03,0.041,0.006,1731,0,0
586712,7.355,6.895,-0.721,-0.045,0.027,0.017,1731,0,0
586733,7.278,6.835,-0.706,-0.036,0.015,0.021,1732,0,0
586752,7.216,6.888,-0.804,-0.017,0.02,0.023,1732,0,0
586773,7.216,6.891,-0.69,-0.013,0.035,0.04,1731,0,0
586793,7.257,6.831,-0.675,-0.034,0.026,0.064,1731,0,0
586812,7.317,6.721,-0.704,-0.04,0.02,0.081,1732,0,0
586832,7.233,6.517,-0.603,-0.082,0.024,0.075,1731,0,0
586852,7.271,6.388,-0.56,-0.051,0.013,0.059,1733,0,0
586872,7.365,6.27,-0.613,-0.008,-0.013,0.035,1732,0,0
586892,7.468,6.261,-0.812,-0.004,-0.023,0.009,1731,0,0
586913,7.422,6.323,-0.84,-0.022,-0.002,-0.013,1731,0,0
586932,7.324,6.431,-0.73,-0.045,0.009,-0.023,1731,0,0
586952,7.235,6.476,-0.735,-0.069,-0.009,-0.027,1731,0,0
586972,7.24,6.452,-0.812,-0.063,-0.014,-0.028,1731,0,0
586992,7.19,6.546,-0.821,-0.037,-0.005,-0.037,1732,0,0
587013,7.254,6.663,-0.95,-0.036,0.002,-0.026,1731,0,0
587032,7.266,6.632,-0.972,-0.094,0.014,-0.016,1731,0,0
587052,7.305,6.567,-1.041,-0.113,0.026,-0.021,1730,0,0
587072,7.312,6.51,-0.812,-0.091,0.047,-0.025,1732,0,0
587093,7.336,6.558,-0.68,-0.066,0.037,-0.034,1731,0,0
587112,7.417,6.673,-0.73,-0.041,0.012,-0.036,1731,0,0
587133,7.42,6.725,-0.946,-0.086,0.01,-0.033,1731,0,0
587152,7.319,6.701,-0.785,-0.095,0.031,-0.03,1731,0,0
587172,7.245,6.756,-0.661,-0.059,0.022,-0.03,1730,0,0
587192,7.309,6.788,-0.632,-0.029,-0.007,-0.028,1732,0,0
587213,7.429,6.802,-0.678,-0.017,-0.022,-0.02,1730,0,0
587232,7.436,6.754,-0.601,-0.022,-0.029,-0.017,1732,0,0
587253,7.302,6.749,-0.625,-0.007,-0.044,-0.024,1731,0,0
587272,7.281,6.831,-0.759,0.019,-0.074,-0.021,1730,0,0
587292,7.365,6.859,-0.996,0.003,-0.074,-0.004,1730,0,0
587313,7.345,6.783,-1.125,-0.046,-0.042,0.006,1730,0,0
587332,7.314,6.735,-1.144,-0.056,-0.006,0.01,1730,0,0
587352,7.245,6.713,-1.068,-0.064,0.017,0.019,1730,0,0
587373,7.25,6.625,-0.881,-0.074,0.024,0.021,1730,0,0
587392,7.317,6.572,-0.828,-0.065,0.02,0.015,1730,0,0
587413,7.29,6.598,-0.883,-0.072,0.013,0.01,1730,0,0
587432,7.307,6.548,-0.917,-0.089,0.015,0.011,1731,0,0
587452,7.36,6.524,-0.848,-0.075,0.023,0.008,1731,0,0
587472,7.269,6.515,-0.742,-0.063,0.01,0.002,1730,0,0
587492,7.202,6.507,-0.838,-0.078,-0.006,-0.005,1730,0,0
587513,7.219,6.507,-1.02,-0.066,-0.014,-0.015,1729,0,0
587532,7.353,6.553,-1.135,-0.047,0.003,-0.019,1730,0,0
587553,7.348,6.536,-1.053,-0.069,0.031,-0.023,1731,0,0
587572,7.333,6.543,-0.977,-0.081,0.033,-0.034,1730,0,0
587592,7.305,6.608,-0.91,-0.086,0.03,-0.037,1730,0,0
587613,7.293,6.658,-0.883,-0.065,0.023,-0.045,1730,0,0
587632,7.312,6.778,-1.003,-0.043,0.018,-0.037,1731,0,0
587652,7.312,6.802,-1.015,-0.076,0.036,-0.022,1731,0,0
587672,7.298,6.732,-0.931,-0.076,0.045,-0.018,1731,0,0
587692,7.264,6.761,-0.886,-0.054,0.039,-0.018,1730,0,0
587713,7.314,6.778,-0.852,-0.064,0.03,-0.007,1731,0,0
587733,7.336,6.661,-0.852,-0.08,0.029,-0.008,1731,0,0
587752,7.377,6.642,-0.891,-0.062,0.037,-0.014,1730,0,0
587772,7.338,6.718,-0.895,-0.054,0.046,-0.015,1731,0,0
587792,7.278,6.749,-0.852,-0.072,0.041,-0.012,1731,0,0
587812,7.317,6.716,-0.821,-0.084,0.037,-0.008,1732,0,0
587832,7.278,6.699,-0.802,-0.075,0.042,-0.01,1731,0,0
587852,7.23,6.742,-0.769,-0.052,0.039,-0.011,1732,0,0
587872,7.202,6.752,-0.804,-0.039,0.024,-0.003,1731,0,0
587892,7.3,6.709,-0.886,-0.054,0.023,0.002,1730,0,0
587913,7.333,6.603,-0.781,-0.08,0.042,0.001,1730,0,0
587932,7.283,6.589,-0.74,-0.07,0.037,-0.01,1731,0,0
587953,7.321,6.618,-0.79,-0.06,0.03,-0.013,1731,0,0
587972,7.365,6.594,-0.771,-0.064,0.027,-0.011,1730,0,0
587992,7.341,6.558,-0.658,-0.036,0.034,-0.021,1730,0,0
588012,7.238,6.642,-0.618,-0.027,0.015,-0.029,1731,0,0
588033,7.341,6.625,-0.709,-0.055,-0.016,-0.033,1730,0,0
588052,7.367,6.689,-0.876,-0.052,-0.007,-0.033,1731,0,0
