99688,1.379,0.723,9.337,-0.021,0.027,-0.012,1838,0,0
99708,1.343,0.807,9.493,-0.031,0.034,-0.018,1837,0,0
99728,1.372,0.666,9.651,-0.052,-0.021,-0.023,1838,0,0
99748,1.484,0.611,9.404,0.001,-0.042,-0.038,1837,0,0
99768,1.477,0.747,9.33,0.051,-0.04,-0.056,1835,0,0
99788,1.499,0.807,9.357,-0.001,-0.025,-0.051,1835,0,0
99808,1.262,0.781,9.263,0.018,0.011,-0.033,1835,0,0
99828,1.305,1.049,9.67,0.056,-0.002,-0.009,1831,0,0
99848,1.506,0.498,9.517,-0.028,-0.006,0.014,1829,0,0
99868,1.233,0.338,9.28,0.032,0.036,-0.044,1827,0,0
99888,0.862,0.816,9.462,0.35,-0.037,-0.084,1832,0,0
99908,1.006,1.35,9.237,0.08,0.001,-0.027,1839,0,0
99928,1.223,1.07,9.199,-0.333,0.046,0.03,1857,0,0
99948,1.247,0.381,9.354,-0.246,0.038,0.042,1880,0,0
99968,0.989,-0.196,9.773,-0.101,-0.193,0.008,1898,0,0
99988,0.85,0.572,10.503,0.198,-0.524,0.056,1903,0,0
100008,1.652,1.204,8.571,0.419,-0.472,0.083,1903,0,0
100028,2.274,1.705,8.258,0.052,-0.174,0.071,1902,0,0
100048,2.258,1.532,8.928,-0.108,0.001,0.028,1894,0,0
100068,1.98,1.149,9.182,-0.145,0.04,0.0,1878,0,0
100088,1.834,0.797,9.311,-0.22,0.05,-0.026,1865,0,0
100108,1.724,0.955,9.117,-0.136,0.08,-0.046,1859,0,0
100128,1.621,1.233,9.155,-0.182,0.175,-0.026,1859,0,0
100148,1.496,0.991,9.534,-0.275,0.174,-0.014,1859,0,0
100168,1.501,0.615,9.56,-0.289,0.132,-0.021,1860,0,0
100188,1.595,0.534,9.268,-0.201,0.147,-0.038,1862,0,0
100208,1.566,0.903,9.227,-0.099,0.18,-0.044,1862,0,0
100228,1.501,1.046,9.237,-0.174,0.207,-0.038,1865,0,0
100248,1.42,0.804,9.354,-0.323,0.232,-0.024,1864,0,0
100268,1.228,0.457,9.629,-0.262,0.201,-0.031,1867,0,0
100288,0.788,0.271,9.603,-0.151,0.121,-0.029,1866,0,0
100308,1.022,0.472,9.459,-0.009,-0.01,-0.007,1865,0,0
100328,1.197,0.503,9.718,0.061,-0.16,0.006,1861,0,0
100348,1.274,0.603,9.632,0.06,-0.223,0.001,1856,0,0
100368,1.252,0.608,9.74,0.057,-0.307,0.002,1839,0,0
100388,1.346,0.596,9.735,0.118,-0.431,0.034,1818,0,0
100408,1.453,0.721,9.555,0.212,-0.502,0.067,1803,0,0
100428,1.597,0.802,9.371,0.273,-0.549,0.081,1789,0,0
100448,1.875,0.903,9.155,0.237,-0.518,0.065,1776,0,0
100468,2.025,0.943,9.139,0.208,-0.457,0.056,1770,0,0
100488,2.049,1.018,9.215,0.265,-0.445,0.071,1765,0,0
100508,2.167,1.149,8.906,0.232,-0.396,0.055,1761,0,0
100528,2.248,1.324,8.746,0.275,-0.315,0.046,1758,0,0
100548,2.337,1.463,8.83,0.071,-0.224,0.042,1754,0,0
100568,2.406,1.29,8.921,-0.011,-0.158,0.038,1755,0,0
100588,2.425,1.207,8.906,0.013,-0.096,0.019,1754,0,0
100608,2.421,1.288,8.954,-0.044,-0.026,0.0,1756,0,0
100628,2.356,1.336,8.988,-0.065,0.026,-0.005,1756,0,0
100648,2.327,1.381,9.057,-0.084,0.043,-0.002,1757,0,0
100668,2.313,1.25,9.029,-0.12,0.071,-0.032,1759,0,0
100688,2.361,1.283,8.871,-0.169,0.128,-0.043,1762,0,0
100708,2.306,1.243,8.997,-0.267,0.193,-0.033,1765,0,0
100728,2.236,1.104,9.239,-0.266,0.201,-0.05,1764,0,0
100748,2.172,0.946,9.318,-0.299,0.185,-0.064,1770,0,0
100768,2.078,0.845,9.328,-0.265,0.172,-0.063,1772,0,0
100788,2.033,0.9,9.428,-0.169,0.137,-0.064,1774,0,0
100808,2.021,0.97,9.352,-0.173,0.106,-0.064,1775,0,0
100828,2.014,0.994,9.316,-0.17,0.088,-0.045,1776,0,0
100848,1.99,0.929,9.364,-0.11,0.059,-0.019,1776,0,0
100868,2.009,0.91,9.306,-0.101,0.048,-0.018,1777,0,0
100888,2.018,0.934,9.328,-0.086,0.042,-0.021,1777,0,0
100908,1.992,0.994,9.354,-0.055,0.008,-0.011,1777,0,0
100928,2.042,0.881,9.206,-0.075,0.005,-0.001,1776,0,0
100948,2.054,0.883,9.244,-0.051,0.017,-0.005,1779,0,0
100968,1.992,1.034,9.244,-0.027,0.014,-0.007,1778,0,0
100988,2.04,1.07,9.249,-0.079,0.01,-0.003,1779,0,0
101008,2.03,0.891,9.301,-0.09,0.005,-0.003,1777,0,0
101028,2.011,0.857,9.282,-0.068,0.005,-0.007,1777,0,0
101048,2.033,0.958,9.266,-0.06,0.008,-0.004,1777,0,0
101068,2.016,1.013,9.275,-0.065,0.005,-0.009,1777,0,0
101088,2.037,0.982,9.206,-0.091,0.014,-0.007,1777,0,0
101108,2.014,0.927,9.242,-0.085,0.018,-0.001,1777,0,0
101128,2.037,0.924,9.29,-0.087,0.012,-0.002,1777,0,0
101148,2.045,0.871,9.292,-0.08,0.006,-0.004,1777,0,0
101168,2.042,0.905,9.292,-0.059,0.003,-0.011,1779,0,0
101188,2.023,0.977,9.251,-0.07,0.005,-0.015,1777,0,0
101208,2.045,0.994,9.232,-0.096,0.006,-0.008,1778,0,0
101228,2.042,0.924,9.266,-0.097,0.009,-0.003,1777,0,0
101248,2.049,0.874,9.323,-0.083,-0.005,-0.007,1778,0,0
101268,1.992,0.919,9.29,-0.085,-0.019,-0.005,1777,0,0
101288,2.052,0.84,9.213,-0.08,-0.014,-0.009,1777,0,0
101308,2.042,0.948,9.225,-0.077,-0.001,-0.007,1777,0,0
101328,2.045,0.994,9.237,-0.085,-0.002,-0.001,1778,0,0
101348,2.083,0.903,9.258,-0.124,0.0,-0.001,1778,0,0
101368,2.064,0.771,9.246,-0.115,0.009,-0.0,1779,0,0
101388,2.03,0.826,9.278,-0.082,0.01,-0.003,1778,0,0
101408,2.023,0.97,9.244,-0.113,0.011,0.003,1778,0,0
101428,2.042,0.843,9.251,-0.146,0.018,0.007,1779,0,0
101448,2.016,0.716,9.278,-0.126,0.018,0.002,1778,0,0
101468,2.028,0.871,9.354,-0.1,0.002,0.001,1778,0,0
101488,2.042,0.869,9.251,-0.119,0.004,0.013,1779,0,0
101508,2.095,0.752,9.256,-0.103,0.006,0.018,1779,0,0
101528,2.081,0.713,9.282,-0.091,0.006,-0.005,1781,0,0
101548,2.057,0.771,9.323,-0.08,-0.005,-0.018,1780,0,0
101568,1.975,0.809,9.354,0.036,-0.058,-0.018,1780,0,0
101588,1.712,0.69,9.996,0.04,-0.156,0.028,1783,0,0
101608,1.355,0.158,10.793,0.241,-0.467,0.117,1784,0,0
101628,1.645,0.273,10.621,0.512,-0.795,0.099,1784,0,0
101648,2.459,0.266,9.345,0.435,-0.912,-0.103,1782,0,0
101668,2.976,0.196,8.564,0.383,-0.763,-0.335,1781,0,0
101688,2.923,0.342,8.875,0.593,-0.641,-0.467,1783,0,0
101708,2.792,0.678,9.711,1.05,-0.642,-0.486,1782,0,0
101728,3.105,1.243,10.068,1.099,-0.771,-0.608,1782,0,0
101748,3.577,1.717,9.17,1.0,-0.796,-0.744,1784,0,0
101768,3.855,2.579,9.139,0.936,-0.87,-0.559,1780,0,0
101788,3.821,2.899,9.991,0.375,-0.84,-0.284,1778,0,0
101808,3.867,2.478,10.963,0.604,-0.966,-0.24,1778,0,0
101828,4.238,2.847,10.932,1.05,-1.087,-0.415,1778,0,0
101848,4.764,3.431,10.175,0.986,-1.096,-0.54,1776,0,0
101868,4.654,4.142,9.407,0.837,-1.014,-0.507,1776,0,0
101888,4.53,4.278,8.997,0.611,-0.974,-0.344,1776,0,0
101908,4.53,3.946,8.928,0.282,-0.97,-0.242,1776,0,0
101928,4.583,3.417,8.945,0.204,-0.975,-0.238,1775,0,0
101948,4.566,3.457,8.428,0.283,-0.944,-0.213,1776,0,0
101968,4.41,3.836,7.925,0.181,-0.929,-0.083,1776,0,0
101988,4.403,3.524,7.767,-0.43,-0.882,0.105,1775,0,0
102008,4.427,2.588,7.831,-0.785,-0.866,0.176,1776,0,0
102028,4.559,1.918,7.645,-0.69,-0.879,0.106,1776,0,0
102048,4.793,1.81,7.226,-0.389,-0.859,-0.008,1776,0,0
102068,4.817,2.095,6.895,-0.327,-0.784,-0.07,1775,0,0
102088,4.934,2.334,6.754,-0.49,-0.75,-0.066,1775,0,0
102108,5.037,2.198,6.812,-0.711,-0.746,-0.064,1775,0,0
102128,5.21,1.918,6.706,-0.731,-0.739,-0.126,1775,0,0
102148,5.44,2.018,6.579,-0.601,-0.702,-0.225,1775,0,0
102168,5.523,2.32,6.433,-0.493,-0.619,-0.291,1775,0,0
102188,5.526,2.605,6.44,-0.503,-0.534,-0.297,1775,0,0
102208,5.593,2.638,6.704,-0.563,-0.513,-0.298,1775,0,0
102228,5.751,2.751,6.804,-0.597,-0.534,-0.301,1775,0,0
102248,5.988,2.868,6.816,-0.599,-0.502,-0.285,1775,0,0
102268,6.06,2.892,6.95,-0.574,-0.473,-0.281,1775,0,0
102288,6.203,2.904,7.082,-0.501,-0.454,-0.29,1775,0,0
102308,6.318,3.029,7.163,-0.412,-0.435,-0.273,1775,0,0
102328,6.357,3.086,7.29,-0.404,-0.467,-0.227,1774,0,0
102348,6.395,3.038,7.175,-0.464,-0.509,-0.195,1775,0,0
102368,6.491,3.026,6.919,-0.476,-0.549,-0.159,1775,0,0
102388,6.503,2.986,6.694,-0.501,-0.556,-0.119,1774,0,0
102408,6.579,2.794,6.424,-0.47,-0.56,-0.087,1774,0,0
102428,6.646,2.698,6.235,-0.388,-0.545,-0.067,1774,0,0
102448,6.651,2.662,6.165,-0.38,-0.553,-0.062,1774,0,0
102468,6.711,2.626,5.997,-0.406,-0.567,-0.064,1774,0,0
102488,6.914,2.677,5.765,-0.382,-0.546,-0.034,1773,0,0
102508,7.149,2.612,5.643,-0.423,-0.486,0.018,1773,0,0
102528,7.221,2.301,5.691,-0.477,-0.419,0.058,1773,0,0
102549,7.353,2.049,5.768,-0.443,-0.395,0.066,1774,0,0
102568,7.616,1.894,5.923,-0.405,-0.381,0.06,1773,0,0
102588,8.135,1.669,6.146,-0.462,-0.338,0.103,1772,0,0
102608,8.43,1.269,6.4,-0.614,-0.286,0.139,1772,0,0
102628,8.387,0.735,6.761,-0.693,-0.294,0.132,1772,0,0
102648,8.346,0.364,7.082,-0.648,-0.371,0.078,1771,0,0
102668,8.246,0.28,7.151,-0.512,-0.496,-0.048,1773,0,0
102688,8.246,0.421,6.677,-0.296,-0.573,-0.214,1772,0,0
102708,8.102,0.685,6.187,-0.017,-0.539,-0.372,1772,0,0
102728,7.858,0.962,5.861,0.207,-0.51,-0.493,1771,0,0
102748,7.561,1.446,5.653,0.485,-0.48,-0.616,1772,0,0
102768,7.257,1.906,5.303,0.787,-0.446,-0.735,1774,0,0
102788,6.996,2.444,4.657,1.094,-0.4,-0.817,1773,0,0
102808,6.8,2.952,4.18,1.419,-0.325,-0.839,1773,0,0
102828,6.649,3.371,3.903,1.803,-0.233,-0.801,1773,0,0
102848,6.369,4.094,3.512,2.131,-0.215,-0.81,1774,0,0
102868,6.278,4.341,2.945,2.206,-0.253,-0.889,1774,0,0
102888,6.531,4.602,2.385,2.268,-0.204,-0.921,1775,0,0
102908,6.618,5.416,2.418,2.36,-0.058,-0.838,1775,0,0
102928,6.5,5.926,2.851,2.148,0.011,-0.695,1777,0,0
102948,6.357,6.076,2.684,1.717,-0.033,-0.516,1777,0,0
102968,6.469,6.122,2.459,1.318,-0.082,-0.321,1779,0,0
102988,6.694,6.244,2.545,0.904,-0.05,-0.117,1778,0,0
103008,6.744,6.057,2.844,0.346,0.016,0.066,1779,0,0
103028,6.835,5.507,3.206,0.002,0.055,0.194,1777,0,0
103048,6.974,5.195,3.512,-0.064,0.075,0.263,1777,0,0
103068,7.089,4.951,3.737,-0.163,0.07,0.275,1777,0,0
103088,7.132,4.712,3.852,-0.209,0.059,0.258,1778,0,0
103108,7.314,4.602,4.104,-0.135,0.088,0.231,1777,0,0
103128,7.374,4.537,4.341,-0.113,0.117,0.189,1777,0,0
103148,7.355,4.453,4.511,-0.063,0.139,0.14,1777,0,0
103168,7.238,4.48,4.587,0.029,0.106,0.078,1776,0,0
103188,7.269,4.561,4.48,0.095,0.048,0.01,1776,0,0
103208,7.396,4.697,4.389,0.124,0.026,-0.023,1776,0,0
103228,7.451,4.851,4.336,0.11,0.039,-0.029,1775,0,0
103248,7.372,4.911,4.348,0.054,0.049,-0.03,1774,0,0
103268,7.331,4.92,4.341,-0.002,0.025,-0.036,1774,0,0
103288,7.386,4.92,4.288,-0.019,-0.006,-0.029,1773,0,0
103308,7.501,4.963,4.202,-0.031,-0.01,-0.016,1772,0,0
103328,7.554,4.882,4.168,-0.067,-0.006,-0.019,1772,0,0
103348,7.611,4.836,4.089,-0.086,-0.021,-0.037,1770,0,0
103368,7.712,4.932,3.931,-0.058,-0.035,-0.044,1770,0,0
103388,7.788,4.994,4.037,-0.091,-0.041,-0.028,1769,0,0
103408,7.822,4.999,4.137,-0.161,-0.058,-0.017,1766,0,0
103428,7.834,4.915,4.065,-0.154,-0.099,-0.03,1765,0,0
103448,7.915,5.006,3.915,-0.105,-0.128,-0.041,1764,0,0
103468,7.877,5.071,3.773,-0.092,-0.139,-0.047,1765,0,0
103488,7.781,5.143,3.833,-0.095,-0.141,-0.051,1763,0,0
103508,7.693,5.183,3.831,-0.068,-0.175,-0.05,1762,0,0
103528,7.719,5.21,3.706,-0.019,-0.221,-0.044,1762,0,0
103548,7.762,5.219,3.505,0.007,-0.243,-0.032,1762,0,0
103568,7.745,5.174,3.335,-0.029,-0.231,-0.015,1760,0,0
103588,7.688,5.078,3.347,-0.033,-0.231,-0.002,1761,0,0
103608,7.721,4.994,3.144,-0.01,-0.249,-0.003,1759,0,0
103628,7.757,4.999,2.938,0.025,-0.255,-0.015,1757,0,0
103648,7.8,5.028,2.895,0.025,-0.235,-0.022,1760,0,0
103668,7.86,5.054,2.931,-0.015,-0.223,-0.025,1758,0,0
103688,7.827,4.975,2.859,-0.022,-0.222,-0.029,1757,0,0
103708,7.786,4.99,2.679,0.047,-0.205,-0.036,1756,0,0
103728,7.74,5.095,2.571,0.09,-0.186,-0.053,1756,0,0
103748,7.7,5.171,2.454,0.091,-0.14,-0.064,1756,0,0
103768,7.693,5.27,2.476,0.108,-0.09,-0.061,1755,0,0
103788,7.587,5.262,2.607,0.076,-0.052,-0.044,1755,0,0
103808,7.544,5.284,2.665,0.024,-0.042,-0.034,1754,0,0
103828,7.57,5.282,2.619,0.002,-0.029,-0.035,1753,0,0
103848,7.558,5.301,2.555,0.005,0.007,-0.026,1752,0,0
103868,7.525,5.351,2.739,0.007,0.052,-0.006,1752,0,0
103888,7.41,5.267,2.921,-0.024,0.068,0.005,1751,0,0
103908,7.434,5.183,2.986,-0.05,0.047,0.003,1751,0,0
103928,7.537,5.071,2.938,-0.042,0.045,-0.006,1752,0,0
103948,7.606,5.059,2.993,-0.062,0.06,-0.023,1752,0,0
103968,7.58,5.006,3.026,-0.076,0.058,-0.045,1752,0,0
103988,7.638,5.047,2.923,-0.009,0.057,-0.066,1752,0,0
104008,7.664,5.207,2.89,0.018,0.068,-0.081,1751,0,0
104028,7.575,5.329,3.005,0.006,0.076,-0.081,1751,0,0
104048,7.573,5.387,3.074,-0.009,0.053,-0.079,1751,0,0
104068,7.628,5.432,2.947,-0.005,0.047,-0.079,1752,0,0
104088,7.69,5.473,2.859,0.012,0.063,-0.075,1751,0,0
104108,7.568,5.526,2.878,0.016,0.087,-0.071,1750,0,0
104128,7.558,5.499,2.911,0.017,0.093,-0.065,1751,0,0
104148,7.58,5.543,2.935,0.014,0.091,-0.054,1750,0,0
104168,7.618,5.59,2.899,0.005,0.088,-0.05,1750,0,0
104188,7.661,5.638,2.942,0.018,0.108,-0.037,1752,0,0
104208,7.604,5.555,3.156,-0.007,0.122,-0.014,1751,0,0
104228,7.515,5.392,3.179,-0.018,0.097,-0.018,1751,0,0
104248,7.501,5.375,2.954,0.033,0.06,-0.048,1750,0,0
104268,7.556,5.48,2.583,0.08,0.069,-0.073,1751,0,0
104288,7.491,5.622,2.583,0.1,0.118,-0.07,1752,0,0
104308,7.369,5.696,2.535,0.119,0.14,-0.061,1750,0,0
104328,7.314,5.753,2.294,0.151,0.152,-0.058,1750,0,0
104348,7.372,5.851,2.114,0.186,0.179,-0.063,1750,0,0
104368,7.446,6.031,2.325,0.182,0.22,-0.044,1749,0,0
104388,7.379,6.053,2.629,0.164,0.255,-0.016,1750,0,0
104408,7.396,6.021,2.61,0.224,0.237,0.006,1750,0,0
104428,7.456,6.069,2.188,0.263,0.232,-0.002,1751,0,0
104448,7.554,6.16,1.836,0.358,0.262,-0.033,1751,0,0
104468,7.645,6.488,1.846,0.512,0.351,-0.021,1752,0,0
104488,7.685,6.737,1.755,0.553,0.424,0.009,1752,0,0
104508,7.57,6.843,1.322,0.687,0.455,0.012,1751,0,0
104528,7.417,7.149,0.783,0.937,0.483,-0.009,1752,0,0
104548,7.314,7.532,0.35,1.227,0.59,-0.055,1755,0,0
104568,7.228,7.944,-0.247,1.616,0.719,-0.12,1757,0,0
104588,7.427,8.71,-0.278,2.082,0.852,-0.094,1761,0,0
104608,7.283,9.359,0.136,2.135,1.049,0.108,1771,0,0
104628,6.608,9.203,0.213,1.768,1.138,0.326,1781,0,0
104648,6.153,8.519,-0.455,1.701,1.128,0.448,1792,0,0
104668,6.539,8.437,-1.032,1.913,1.232,0.543,1808,0,0
104688,6.744,8.825,-0.357,1.826,1.593,0.723,1827,0,0
104708,5.897,8.277,0.709,1.315,1.853,0.926,1848,0,0
104728,5.437,7.001,1.437,1.025,1.928,1.021,1866,0,0
104748,5.662,6.33,1.508,1.198,1.922,0.972,1873,0,0
104768,5.971,6.29,1.781,1.338,2.007,0.864,1883,0,0
104788,5.564,6.024,2.33,1.182,2.134,0.776,1890,0,0
104808,5.329,5.583,2.322,1.24,2.211,0.667,1893,0,0
104828,5.545,6.065,2.696,1.605,2.25,0.533,1895,0,0
104848,5.602,7.094,3.965,1.513,2.362,0.455,1902,0,0
104868,4.913,7.156,5.001,0.832,2.325,0.519,1905,0,0
104888,4.726,6.129,5.057,0.541,1.995,0.552,1909,0,0
104908,5.665,5.801,4.513,1.094,1.762,0.421,1910,0,0
104928,6.06,6.721,5.394,1.461,1.887,0.294,1913,0,0
104948,5.282,6.977,6.309,1.087,1.892,0.301,1911,0,0
104968,4.954,6.393,6.27,0.92,1.577,0.337,1911,0,0
104988,5.375,6.385,5.681,1.176,1.201,0.295,1910,0,0
105008,5.648,6.9,5.957,1.182,1.126,0.266,1910,0,0
105028,5.353,6.809,5.899,0.66,1.048,0.307,1910,0,0
105048,5.31,6.318,5.423,0.413,0.876,0.319,1909,0,0
105068,5.399,6.318,4.934,0.508,0.772,0.253,1909,0,0
105088,5.492,6.843,5.617,0.483,0.802,0.22,1910,0,0
105108,5.145,6.744,5.997,0.115,0.751,0.274,1906,0,0
105128,5.231,6.323,5.825,-0.078,0.569,0.328,1904,0,0
105148,5.483,5.902,5.329,-0.115,0.424,0.28,1902,0,0
105168,5.583,5.866,5.174,-0.124,0.436,0.209,1897,0,0
105188,5.318,5.885,5.444,-0.132,0.46,0.19,1896,0,0
105208,5.38,5.775,5.461,-0.159,0.379,0.177,1895,0,0
105228,5.519,5.741,5.248,-0.16,0.274,0.121,1894,0,0
105248,5.653,5.842,5.042,-0.238,0.177,0.05,1890,0,0
105268,5.629,5.976,4.956,-0.347,0.122,0.022,1886,0,0
105288,5.861,5.588,4.875,-0.354,0.082,-0.005,1884,0,0
105308,6.079,5.459,4.59,-0.075,0.041,-0.075,1879,0,0
105328,6.115,5.954,4.36,0.156,0.029,-0.147,1874,0,0
105348,6.067,6.381,4.365,0.049,0.032,-0.157,1872,0,0
105368,6.079,6.491,4.307,-0.171,0.006,-0.123,1872,0,0
105388,6.215,6.359,4.247,-0.167,-0.009,-0.107,1870,0,0
105408,6.225,6.335,4.183,-0.073,0.008,-0.105,1867,0,0
105428,6.17,6.531,4.216,-0.051,0.01,-0.099,1866,0,0
105448,6.182,6.594,4.156,-0.104,-0.002,-0.079,1862,0,0
105468,6.175,6.558,4.106,-0.144,0.001,-0.059,1858,0,0
105488,6.139,6.488,4.118,-0.11,0.008,-0.033,1856,0,0
105508,6.132,6.46,4.13,-0.086,0.02,-0.007,1854,0,0
105528,6.124,6.39,4.123,-0.11,0.018,0.001,1853,0,0
105548,6.141,6.268,4.022,-0.091,-0.005,-0.003,1847,0,0
105568,6.1,6.285,3.994,-0.044,-0.002,-0.005,1846,0,0
105588,5.983,6.352,4.041,-0.072,0.009,0.005,1848,0,0
105608,5.966,6.318,3.974,-0.116,0.005,0.017,1844,0,0
105628,6.043,6.172,3.946,-0.106,0.01,0.019,1841,0,0
105648,6.069,6.139,4.08,-0.072,0.028,0.0,1842,0,0
105668,5.974,6.139,4.113,-0.069,0.027,-0.027,1840,0,0
105688,5.993,6.223,4.075,-0.07,0.012,-0.037,1839,0,0
105708,5.986,6.287,4.075,-0.078,0.033,-0.03,1835,0,0
105728,6.002,6.306,4.147,-0.108,0.048,-0.029,1828,0,0
105748,6.055,6.282,4.13,-0.128,0.043,-0.038,1823,0,0
105768,6.079,6.369,4.073,-0.118,0.055,-0.038,1818,0,0
105788,6.029,6.491,4.257,-0.145,0.073,-0.024,1815,0,0
105808,5.971,6.483,4.415,-0.195,0.05,-0.004,1813,0,0
105828,5.997,6.337,4.353,-0.224,0.006,0.004,1812,0,0
105848,6.053,6.237,4.314,-0.163,-0.015,-0.005,1812,0,0
105868,6.06,6.191,4.319,-0.058,-0.01,-0.017,1812,0,0
105888,6.057,6.237,4.221,-0.012,0.002,-0.016,1810,0,0
105908,6.048,6.201,4.161,-0.052,-0.003,-0.023,1810,0,0
105928,6.065,6.086,4.185,-0.078,-0.002,-0.034,1809,0,0
105948,6.065,6.086,4.156,-0.069,0.003,-0.042,1808,0,0
105968,6.134,6.076,4.077,-0.054,0.006,-0.05,1808,0,0
105988,6.141,6.165,4.113,-0.046,0.032,-0.063,1808,0,0
106008,5.95,6.256,4.19,-0.081,0.053,-0.07,1808,0,0
106028,5.906,6.316,4.202,-0.071,0.033,-0.067,1806,0,0
106048,5.935,6.39,4.132,-0.045,0.023,-0.062,1807,0,0
106068,5.899,6.443,4.149,-0.048,0.045,-0.055,1806,0,0
106088,5.804,6.522,4.168,-0.07,0.057,-0.035,1806,0,0
106108,5.818,6.448,4.211,-0.148,0.046,-0.011,1806,0,0
106128,5.897,6.249,4.302,-0.187,0.035,-0.005,1807,0,0
106148,5.938,6.155,4.353,-0.148,0.019,-0.023,1806,0,0
106168,5.976,6.129,4.31,-0.092,0.009,-0.043,1806,0,0
106188,6.048,6.275,4.269,-0.041,0.012,-0.047,1807,0,0
106208,6.06,6.357,4.295,-0.015,0.018,-0.051,1806,0,0
106228,6.045,6.498,4.254,0.014,0.017,-0.05,1806,0,0
106248,6.036,6.63,4.247,0.005,0.01,-0.031,1806,0,0
106268,5.957,6.685,4.257,-0.036,0.018,-0.014,1805,0,0
106288,5.892,6.656,4.31,-0.002,0.018,0.006,1804,0,0
106308,5.904,6.62,4.276,0.048,0.003,0.029,1803,0,0
106328,5.923,6.531,4.183,0.017,0.009,0.04,1804,0,0
106348,5.942,6.507,4.197,-0.023,0.02,0.043,1802,0,0
106368,5.911,6.433,4.247,-0.043,0.034,0.052,1799,0,0
106388,5.832,6.333,4.269,-0.041,0.055,0.061,1799,0,0
106408,5.847,6.335,4.343,-0.023,0.059,0.061,1797,0,0
106428,5.83,6.27,4.451,-0.053,0.041,0.061,1797,0,0
106448,5.839,6.144,4.468,-0.078,0.017,0.06,1795,0,0
106468,5.899,6.105,4.393,-0.05,-0.009,0.05,1795,0,0
106488,5.895,6.096,4.41,-0.023,-0.026,0.027,1795,0,0
106508,5.851,6.103,4.374,-0.015,-0.038,0.011,1795,0,0
106528,5.856,6.151,4.199,0.007,-0.058,0.003,1794,0,0
106548,5.935,6.163,4.063,-0.01,-0.067,-0.006,1792,0,0
106568,5.962,6.16,4.022,-0.025,-0.041,-0.016,1792,0,0
106588,5.969,6.12,4.053,-0.043,-0.027,-0.021,1791,0,0
106608,5.981,6.117,4.099,-0.064,-0.027,-0.039,1791,0,0
106628,5.942,6.132,4.108,-0.055,-0.026,-0.062,1791,0,0
106648,5.928,6.227,4.123,0.006,-0.016,-0.072,1791,0,0
106668,5.916,6.383,4.034,0.031,-0.012,-0.074,1790,0,0
106688,5.957,6.455,3.996,-0.027,-0.007,-0.072,1787,0,0
106708,6.014,6.529,3.982,-0.066,0.011,-0.063,1790,0,0
106728,5.969,6.563,4.128,-0.055,0.034,-0.048,1789,0,0
106748,5.878,6.551,4.259,-0.075,0.022,-0.03,1791,0,0
106768,5.995,6.5,4.252,-0.092,-0.002,-0.009,1789,0,0
106788,6.091,6.385,4.245,-0.092,-0.01,-0.01,1788,0,0
106808,6.084,6.345,4.254,-0.052,-0.014,-0.019,1788,0,0
106828,6.029,6.457,4.195,0.005,-0.034,-0.019,1786,0,0
106848,6.112,6.522,4.094,-0.019,-0.05,-0.005,1788,0,0
106868,6.153,6.421,4.077,-0.075,-0.031,0.003,1787,0,0
106888,6.096,6.409,4.034,-0.023,-0.028,0.004,1786,0,0
106908,6.1,6.476,4.003,-0.007,-0.019,0.011,1784,0,0
106928,6.065,6.457,3.998,-0.055,-0.005,0.017,1785,0,0
106949,6.055,6.378,4.02,-0.032,0.001,0.018,1787,0,0
106968,6.055,6.352,3.97,-0.008,0.006,0.018,1784,0,0
106988,6.065,6.359,3.941,-0.014,0.019,0.005,1783,0,0
107008,5.993,6.436,3.943,-0.034,0.043,-0.004,1784,0,0
107028,5.887,6.479,4.063,-0.033,0.056,0.0,1783,0,0
107048,5.873,6.476,4.14,-0.035,0.048,0.017,1782,0,0
107068,5.909,6.44,4.171,-0.065,0.041,0.023,1783,0,0
107088,5.921,6.357,4.221,-0.099,0.043,0.02,1783,0,0
107108,5.818,6.287,4.345,-0.08,0.032,0.011,1784,0,0
107128,5.871,6.294,4.288,-0.037,-0.014,0.002,1784,0,0
107149,5.995,6.316,4.104,-0.017,-0.035,-0.01,1783,0,0
107168,6.05,6.249,4.025,-0.061,-0.036,-0.023,1783,0,0
107188,6.045,6.278,3.948,-0.034,-0.025,-0.03,1783,0,0
107208,6.033,6.414,3.967,-0.01,-0.006,-0.033,1782,0,0
107228,6.026,6.505,3.967,-0.054,-0.001,-0.034,1782,0,0
107248,5.966,6.524,3.974,-0.061,0.0,-0.029,1784,0,0
107268,5.954,6.57,4.02,-0.035,-0.009,-0.019,1784,0,0
107288,5.993,6.541,4.01,-0.035,-0.02,-0.012,1782,0,0
107308,6.014,6.51,3.893,-0.044,-0.024,-0.011,1783,0,0
107328,6.005,6.464,3.879,-0.048,-0.002,-0.003,1783,0,0
107348,5.95,6.421,3.958,-0.047,0.02,-0.005,1782,0,0
107368,5.969,6.476,3.989,-0.031,0.011,-0.004,1782,0,0
107388,6.002,6.507,3.991,-0.054,0.017,0.001,1784,0,0
107408,5.94,6.472,4.051,-0.075,0.033,0.006,1782,0,0
107428,5.933,6.416,4.185,-0.061,0.031,0.013,1783,0,0
107448,5.959,6.349,4.238,-0.059,0.001,0.006,1782,0,0
107468,5.974,6.321,4.156,-0.055,-0.035,-0.006,1782,0,0
107488,6.029,6.325,4.029,-0.035,-0.038,-0.016,1784,0,0
107508,6.026,6.369,3.96,-0.029,-0.026,-0.022,1783,0,0
107528,6.05,6.436,3.903,-0.029,-0.028,-0.025,1782,0,0
107548,6.091,6.495,3.905,-0.063,-0.024,-0.021,1783,0,0
107568,6.012,6.481,3.934,-0.084,-0.006,-0.025,1782,0,0
107588,5.974,6.507,3.965,-0.031,-0.017,-0.021,1783,0,0
107608,6.074,6.536,3.845,-0.003,-0.026,-0.016,1784,0,0
107628,6.148,6.457,3.771,-0.054,-0.007,-0.019,1783,0,0
107648,6.062,6.495,3.8,-0.043,0.026,-0.027,1784,0,0
107668,5.959,6.637,3.847,-0.021,0.048,-0.014,1783,0,0
107688,5.918,6.67,3.936,-0.077,0.047,0.007,1782,0,0
107708,5.947,6.522,4.008,-0.129,0.043,0.017,1783,0,0
107728,5.983,6.46,4.08,-0.1,0.047,0.019,1783,0,0
107748,5.954,6.474,4.144,-0.068,0.04,0.022,1784,0,0
107768,5.921,6.395,4.173,-0.116,0.012,0.024,1783,0,0
107788,5.962,6.208,4.075,-0.117,-0.024,0.01,1784,0,0
107808,6.031,6.232,3.972,-0.065,-0.036,-0.011,1785,0,0
107828,6.048,6.227,3.955,-0.058,-0.03,-0.024,1784,0,0
107848,6.055,6.354,3.886,-0.027,-0.025,-0.033,1784,0,0
107868,5.997,6.433,3.867,-0.045,-0.018,-0.037,1785,0,0
107888,5.962,6.464,3.859,-0.099,-0.005,-0.037,1784,0,0
107908,5.94,6.443,3.936,-0.067,-0.01,-0.038,1784,0,0
107928,6.024,6.517,3.857,-0.001,-0.022,-0.042,1783,0,0
107948,6.124,6.625,3.785,-0.025,-0.001,-0.043,1783,0,0
107968,6.05,6.701,3.85,-0.041,0.031,-0.034,1785,0,0
107988,5.99,6.718,3.934,-0.046,0.041,-0.016,1783,0,0
108008,6.005,6.732,3.996,-0.054,0.036,0.004,1784,0,0
108028,6.012,6.653,4.068,-0.097,0.038,0.023,1785,0,0
108048,6.012,6.527,4.096,-0.111,0.03,0.031,1784,0,0
108068,6.038,6.438,4.085,-0.087,0.011,0.03,1784,0,0
108088,6.069,6.39,4.034,-0.063,0.009,0.023,1783,0,0
108108,5.976,6.383,4.13,-0.076,0.004,0.021,1783,0,0
108128,5.971,6.318,4.111,-0.087,-0.03,0.015,1785,0,0
108148,6.074,6.316,3.967,-0.078,-0.042,0.002,1784,0,0
108168,6.11,6.316,3.874,-0.055,-0.028,-0.009,1785,0,0
108188,6.045,6.436,3.919,-0.036,-0.012,-0.013,1783,0,0
108208,5.981,6.493,3.929,-0.052,-0.007,-0.01,1784,0,0
108228,5.921,6.486,3.891,-0.077,-0.015,-0.005,1785,0,0
108248,5.976,6.395,3.836,-0.078,-0.018,-0.013,1785,0,0
108268,6.041,6.416,3.783,-0.058,-0.017,-0.022,1783,0,0
108288,6.103,6.505,3.728,-0.035,0.005,-0.025,1783,0,0
108308,6.043,6.574,3.869,-0.057,0.051,-0.018,1784,0,0
108328,5.969,6.572,3.965,-0.071,0.064,0.001,1785,0,0
108348,5.993,6.515,4.027,-0.101,0.053,0.011,1785,0,0
108368,6.005,6.428,4.116,-0.142,0.049,0.01,1786,0,0
108388,6.0,6.404,4.168,-0.097,0.034,0.014,1785,0,0
108408,6.026,6.359,4.125,-0.051,0.022,0.022,1786,0,0
108428,6.065,6.215,4.106,-0.099,0.002,0.013,1785,0,0
108448,6.053,6.11,4.085,-0.087,-0.024,-0.015,1785,0,0
108468,6.033,6.179,4.017,-0.035,-0.049,-0.04,1785,0,0
108488,6.091,6.385,3.783,-0.004,-0.052,-0.047,1785,0,0
108508,6.086,6.515,3.687,-0.025,-0.021,-0.039,1784,0,0
108528,6.043,6.56,3.709,-0.073,0.011,-0.032,1785,0,0
108548,5.993,6.539,3.831,-0.091,0.02,-0.026,1785,0,0
108568,6.041,6.529,3.855,-0.073,0.02,-0.024,1786,0,0
108588,6.062,6.546,3.871,-0.056,0.038,-0.02,1786,0,0
108608,5.99,6.543,3.96,-0.03,0.055,-0.013,1786,0,0
108628,5.959,6.524,3.974,-0.048,0.05,-0.008,1785,0,0
108648,6.019,6.479,3.979,-0.098,0.052,-0.004,1787,0,0
108668,6.079,6.457,4.027,-0.108,0.065,-0.002,1786,0,0
108688,5.997,6.462,4.137,-0.081,0.068,0.004,1786,0,0
108708,5.952,6.476,4.156,-0.077,0.054,0.013,1784,0,0
108728,5.952,6.383,4.164,-0.083,0.031,0.012,1786,0,0
108748,6.074,6.292,4.108,-0.069,0.01,0.003,1786,0,0
108768,6.103,6.354,4.053,-0.053,0.005,-0.006,1785,0,0
108788,6.048,6.407,3.974,-0.049,0.004,-0.007,1785,0,0
108808,5.993,6.426,3.936,-0.067,0.009,-0.003,1786,0,0
108828,5.993,6.404,3.946,-0.071,0.014,0.001,1785,0,0
108848,6.045,6.409,3.938,-0.057,0.012,-0.005,1786,0,0
108868,6.014,6.443,3.943,-0.06,0.02,-0.006,1785,0,0
108888,5.995,6.414,3.948,-0.069,0.028,-0.003,1785,0,0
108908,5.995,6.412,3.996,-0.048,0.034,-0.002,1785,0,0
108928,6.012,6.349,3.931,-0.048,0.04,-0.011,1786,0,0
108948,6.041,6.383,3.895,-0.049,0.048,-0.02,1784,0,0
108968,5.997,6.445,3.924,-0.059,0.067,-0.023,1785,0,0
108988,5.94,6.517,4.07,-0.071,0.087,-0.014,1785,0,0
109008,5.926,6.515,4.12,-0.074,0.073,-0.004,1785,0,0
109028,6.019,6.503,4.159,-0.078,0.043,0.002,1784,0,0
109048,5.988,6.495,4.171,-0.078,0.037,-0.005,1784,0,0
109068,5.921,6.534,4.235,-0.055,0.022,-0.001,1786,0,0
109088,5.94,6.57,4.156,-0.025,0.001,0.012,1785,0,0
109108,5.966,6.539,4.118,-0.055,-0.009,0.023,1786,0,0
109128,5.93,6.414,4.13,-0.086,-0.013,0.025,1785,0,0
109148,5.861,6.297,4.164,-0.078,-0.029,0.009,1785,0,0
109168,5.897,6.297,4.094,-0.055,-0.036,-0.007,1785,0,0
109188,5.957,6.385,4.065,-0.042,-0.025,-0.011,1786,0,0
109208,5.93,6.376,4.068,-0.075,-0.011,-0.011,1786,0,0
109228,5.945,6.273,4.01,-0.088,0.009,-0.014,1787,0,0
109248,6.017,6.251,4.034,-0.08,0.015,-0.025,1785,0,0
109268,6.065,6.311,4.051,-0.087,0.025,-0.038,1785,0,0
109288,6.0,6.421,4.049,-0.089,0.034,-0.041,1785,0,0
109308,5.93,6.507,4.106,-0.078,0.045,-0.033,1786,0,0
109328,5.827,6.56,4.168,-0.097,0.041,-0.021,1786,0,0
109348,5.895,6.565,4.211,-0.113,0.019,-0.005,1787,0,0
109368,5.933,6.426,4.173,-0.123,0.007,0.007,1786,0,0
109388,5.978,6.27,4.12,-0.099,-0.007,0.001,1786,0,0
109408,5.974,6.256,4.053,-0.043,-0.013,-0.01,1786,0,0
109428,5.981,6.345,4.015,-0.047,-0.022,-0.019,1785,0,0
109448,6.033,6.385,3.974,-0.074,-0.022,-0.017,1785,0,0
109468,6.06,6.354,3.989,-0.064,-0.014,-0.013,1785,0,0
109488,6.05,6.397,4.025,-0.06,-0.002,-0.014,1785,0,0
109508,6.005,6.443,4.046,-0.059,0.005,-0.015,1786,0,0
109528,6.0,6.51,4.049,-0.05,-0.002,-0.007,1786,0,0
109548,5.978,6.534,4.037,-0.056,0.002,0.0,1786,0,0
109568,5.988,6.467,4.049,-0.08,0.009,0.01,1786,0,0
109588,5.99,6.304,4.075,-0.09,0.014,0.015,1786,0,0
109608,6.021,6.203,4.149,-0.066,0.016,0.001,1786,0,0
109628,6.005,6.256,4.111,-0.039,0.013,-0.014,1786,0,0
109648,5.966,6.342,4.125,-0.059,0.007,-0.017,1787,0,0
109668,6.0,6.395,4.135,-0.083,0.009,-0.013,1787,0,0
109688,6.014,6.467,4.12,-0.072,0.01,-0.008,1786,0,0
109708,5.981,6.457,4.101,-0.066,0.001,0.003,1785,0,0
109728,6.017,6.421,4.096,-0.068,-0.01,0.008,1784,0,0
109748,6.048,6.371,4.087,-0.061,-0.011,0.001,1786,0,0
109768,6.041,6.378,4.039,-0.033,-0.015,-0.003,1785,0,0
109788,5.995,6.431,3.934,-0.02,-0.015,0.0,1785,0,0
109808,5.981,6.424,3.919,-0.061,-0.008,0.003,1785,0,0
109828,6.021,6.383,3.953,-0.059,0.008,-0.001,1787,0,0
109848,6.012,6.416,3.989,-0.031,0.015,0.004,1787,0,0
109868,5.986,6.393,4.022,-0.054,0.02,0.005,1786,0,0
109888,6.002,6.357,4.077,-0.06,0.02,0.0,1785,0,0
109908,6.021,6.4,4.085,-0.051,0.014,-0.004,1786,0,0
109928,5.986,6.45,4.13,-0.051,0.001,-0.004,1785,0,0
109948,5.974,6.503,4.096,-0.052,0.005,-0.001,1787,0,0
109968,5.945,6.503,4.104,-0.074,0.006,0.006,1786,0,0
109988,5.969,6.445,4.14,-0.068,-0.008,0.011,1787,0,0
110008,6.0,6.404,4.111,-0.061,-0.009,0.007,1787,0,0
110028,6.009,6.416,4.051,-0.066,-0.014,-0.004,1787,0,0
110048,5.997,6.491,3.95,-0.042,-0.011,-0.01,1787,0,0
110068,5.969,6.594,3.929,-0.047,-0.006,0.0,1786,0,0
110088,6.0,6.622,3.996,-0.074,0.005,0.012,1787,0,0
110108,6.057,6.644,3.989,-0.094,0.014,0.02,1787,0,0
110128,6.108,6.68,3.955,-0.099,0.013,0.027,1787,0,0
110148,6.091,6.701,3.955,-0.099,0.038,0.041,1787,0,0
110168,6.007,6.709,4.132,-0.111,0.059,0.056,1788,0,0
110188,5.933,6.771,4.166,-0.154,0.051,0.076,1786,0,0
110208,5.873,6.668,4.123,-0.273,0.04,0.105,1786,0,0
110228,5.93,6.414,4.068,-0.345,0.031,0.111,1787,0,0
110248,5.928,6.311,4.104,-0.307,0.052,0.111,1787,0,0
110268,5.875,6.261,4.202,-0.304,0.068,0.125,1787,0,0
110288,5.899,6.084,4.207,-0.299,0.066,0.142,1787,0,0
110308,5.966,5.83,4.226,-0.301,0.05,0.135,1788,0,0
110328,6.041,5.648,4.319,-0.25,0.049,0.098,1786,0,0
110348,6.026,5.693,4.393,-0.176,0.056,0.081,1787,0,0
110368,6.076,5.715,4.508,-0.183,0.052,0.069,1787,0,0
110388,6.098,5.581,4.575,-0.2,0.026,0.054,1788,0,0
110408,6.172,5.511,4.623,-0.173,0.006,0.025,1787,0,0
110428,6.199,5.504,4.635,-0.137,-0.006,-0.017,1786,0,0
110448,6.328,5.531,4.571,-0.096,-0.016,-0.049,1788,0,0
110468,6.39,5.605,4.53,-0.051,-0.014,-0.069,1787,0,0
110488,6.349,5.854,4.525,-0.041,-0.012,-0.086,1786,0,0
110508,6.282,6.036,4.554,-0.054,-0.02,-0.09,1787,0,0
110528,6.275,6.213,4.441,-0.067,-0.038,-0.074,1787,0,0
110548,6.246,6.275,4.41,-0.08,-0.039,-0.059,1786,0,0
110568,6.148,6.318,4.434,-0.084,-0.035,-0.047,1787,0,0
110588,6.067,6.337,4.463,-0.039,-0.05,-0.036,1787,0,0
110608,6.062,6.354,4.377,-0.002,-0.066,-0.025,1787,0,0
110628,6.067,6.314,4.322,-0.058,-0.058,-0.001,1786,0,0
110648,6.103,6.105,4.345,-0.083,-0.046,0.016,1787,0,0
110668,6.163,5.928,4.345,-0.055,-0.043,0.014,1787,0,0
110688,6.194,5.861,4.302,-0.053,-0.035,0.002,1788,0,0
110708,6.199,5.796,4.3,-0.071,-0.03,-0.005,1788,0,0
110728,6.261,5.772,4.31,-0.065,-0.028,-0.018,1787,0,0
110748,6.366,5.878,4.432,-0.043,-0.039,-0.033,1788,0,0
110768,6.378,5.945,4.266,-0.03,-0.034,-0.046,1789,0,0
110788,6.323,6.103,4.298,-0.006,-0.032,-0.043,1787,0,0
110808,6.246,6.254,4.278,0.023,-0.036,-0.034,1786,0,0
110828,6.235,6.328,4.269,0.018,-0.046,-0.023,1786,0,0
110848,6.172,6.388,4.233,0.021,-0.057,-0.01,1786,0,0
110868,6.124,6.421,4.207,-0.008,-0.051,0.006,1786,0,0
110888,6.117,6.215,4.214,-0.021,-0.03,0.011,1788,0,0
110908,6.05,6.177,4.183,0.046,-0.014,0.004,1788,0,0
110928,5.93,6.249,4.252,-0.007,-0.012,-0.003,1789,0,0
110948,5.962,6.158,4.329,-0.156,-0.021,-0.007,1788,0,0
110968,6.017,6.002,4.369,-0.194,-0.006,-0.019,1787,0,0
110988,6.029,5.971,4.556,-0.125,0.004,-0.021,1788,0,0
111008,6.031,5.933,4.527,-0.122,-0.015,-0.017,1787,0,0
111028,6.17,5.808,4.46,-0.154,-0.049,-0.03,1788,0,0
111048,6.266,5.727,4.305,-0.155,-0.058,-0.057,1788,0,0
111068,6.28,5.796,4.178,-0.104,-0.062,-0.078,1787,0,0
111088,6.34,5.933,4.106,-0.068,-0.075,-0.086,1786,0,0
111108,6.452,6.06,3.936,-0.097,-0.074,-0.094,1786,0,0
111128,6.503,6.122,3.768,-0.08,-0.05,-0.099,1786,0,0
111148,6.4,6.251,3.826,-0.023,-0.021,-0.089,1786,0,0
111168,6.337,6.443,3.838,0.011,-0.025,-0.071,1786,0,0
111188,6.314,6.622,3.824,-0.016,-0.014,-0.051,1788,0,0
111208,6.256,6.74,3.948,-0.059,0.0,-0.013,1786,0,0
111228,6.16,6.606,4.063,-0.077,0.028,0.029,1787,0,0
111248,6.112,6.4,4.135,-0.074,0.024,0.055,1787,0,0
111268,6.155,6.218,4.152,-0.079,0.013,0.062,1787,0,0
111288,6.215,6.079,4.18,-0.078,0.018,0.059,1787,0,0
111308,6.167,5.923,4.322,-0.087,0.034,0.053,1789,0,0
111328,6.146,5.861,4.331,-0.067,0.027,0.036,1788,0,0
111348,6.194,5.825,4.305,-0.059,0.018,0.018,1789,0,0
111368,6.208,5.82,4.341,-0.078,0.018,0.003,1789,0,0
111391,6.213,5.847,4.374,-0.073,0.003,-0.015,1788,0,0
111408,6.266,5.938,4.324,-0.059,-0.002,-0.029,1788,0,0
111428,6.22,6.053,4.348,-0.071,-0.001,-0.039,1788,0,0
111448,6.153,6.146,4.35,-0.074,-0.011,-0.03,1788,0,0
111468,6.148,6.196,4.336,-0.065,-0.023,-0.024,1788,0,0
111488,6.227,6.213,4.254,-0.082,-0.033,-0.016,1787,0,0
111508,6.23,6.175,4.192,-0.095,-0.029,-0.011,1788,0,0
111528,6.167,6.151,4.221,-0.094,-0.018,-0.003,1788,0,0
111548,6.158,6.074,4.228,-0.083,-0.019,0.001,1788,0,0
111568,6.27,6.005,4.106,-0.076,-0.024,0.001,1788,0,0
111588,6.359,5.918,4.113,-0.086,-0.014,-0.004,1787,0,0
111608,6.306,5.88,4.077,-0.09,-0.002,-0.015,1788,0,0
111628,6.376,5.904,4.037,-0.074,0.007,-0.022,1788,0,0
111648,6.349,6.036,4.017,-0.048,0.018,-0.029,1788,0,0
111668,6.309,6.139,4.116,-0.064,0.026,-0.026,1790,0,0
111688,6.278,6.213,4.13,-0.076,0.023,-0.015,1788,0,0
111708,6.314,6.213,4.073,-0.071,0.028,-0.004,1788,0,0
111728,6.285,6.201,4.07,-0.055,0.048,0.003,1789,0,0
111748,6.227,6.218,4.159,-0.051,0.05,0.009,1789,0,0
111768,6.153,6.266,4.204,-0.079,0.032,0.023,1788,0,0
111788,6.187,6.199,4.166,-0.124,0.014,0.033,1787,0,0
111808,6.246,6.074,4.104,-0.133,0.023,0.036,1789,0,0
111828,6.235,5.926,4.185,-0.099,0.045,0.028,1788,0,0
111848,6.206,5.883,4.214,-0.019,0.054,0.01,1788,0,0
111868,6.189,5.928,4.247,0.002,0.052,-0.004,1788,0,0
111888,6.242,5.904,4.286,-0.046,0.045,-0.011,1789,0,0
111908,6.213,5.918,4.377,-0.055,0.046,-0.027,1788,0,0
111928,6.203,6.019,4.312,-0.033,0.041,-0.034,1788,0,0
111948,6.175,6.11,4.357,-0.029,0.047,-0.031,1788,0,0
111968,6.141,6.105,4.487,-0.061,0.037,-0.029,1788,0,0
111988,6.225,6.021,4.427,-0.076,0.015,-0.033,1788,0,0
112008,6.275,6.067,4.3,-0.037,0.011,-0.043,1788,0,0
112028,6.22,6.206,4.266,-0.038,0.025,-0.044,1789,0,0
112048,6.199,6.242,4.319,-0.069,0.029,-0.036,1790,0,0
112068,6.208,6.246,4.262,-0.067,0.025,-0.026,1787,0,0
112088,6.244,6.235,4.197,-0.061,0.022,-0.019,1790,0,0
112108,6.258,6.261,4.185,-0.064,0.035,-0.009,1789,0,0
112128,6.235,6.275,4.19,-0.076,0.042,-0.002,1789,0,0
112148,6.172,6.215,4.211,-0.074,0.046,0.007,1789,0,0
112168,6.122,6.175,4.216,-0.058,0.033,0.014,1788,0,0
112188,6.208,6.17,4.149,-0.052,0.034,0.017,1787,0,0
112208,6.187,6.103,4.183,-0.063,0.04,0.02,1788,0,0
112228,6.175,6.029,4.132,-0.049,0.037,0.023,1788,0,0
112248,6.23,6.031,4.073,-0.019,0.048,0.025,1787,0,0
112268,6.239,6.048,4.14,-0.038,0.06,0.024,1788,0,0
112288,6.182,6.012,4.195,-0.053,0.059,0.024,1788,0,0
112308,6.258,5.986,4.144,-0.021,0.054,0.026,1788,0,0
112328,6.278,6.05,4.123,0.019,0.053,0.026,1787,0,0
112348,6.268,6.117,4.14,0.02,0.054,0.027,1787,0,0
112368,6.273,6.112,4.175,-0.016,0.064,0.037,1789,0,0
112388,6.287,6.065,4.178,-0.005,0.065,0.042,1787,0,0
112408,6.278,6.029,4.168,0.026,0.072,0.041,1787,0,0
112428,6.292,6.055,4.247,0.04,0.072,0.042,1786,0,0
112448,6.294,6.093,4.295,0.031,0.071,0.035,1787,0,0
112468,6.213,6.096,4.319,-0.001,0.072,0.026,1788,0,0
112488,6.172,6.105,4.377,0.009,0.064,0.013,1788,0,0
112508,6.117,6.167,4.413,0.043,0.052,0.003,1787,0,0
112528,6.155,6.215,4.432,0.055,0.044,0.001,1787,0,0
112548,6.167,6.199,4.367,0.039,0.04,-0.005,1787,0,0
112568,6.151,6.302,4.36,0.016,0.039,-0.012,1788,0,0
112588,6.076,6.378,4.353,-0.011,0.055,-0.01,1787,0,0
112608,6.053,6.44,4.281,-0.021,0.054,0.007,1789,0,0
112628,6.021,6.481,4.247,-0.055,0.059,0.029,1787,0,0
112648,5.995,6.359,4.307,-0.119,0.071,0.046,1788,0,0
112668,6.065,6.246,4.312,-0.129,0.078,0.049,1788,0,0
112688,6.038,6.191,4.348,-0.096,0.076,0.051,1788,0,0
112708,5.952,6.194,4.377,-0.103,0.065,0.058,1788,0,0
112728,5.918,6.129,4.458,-0.116,0.046,0.056,1789,0,0
112748,5.899,6.072,4.492,-0.097,0.021,0.043,1788,0,0
112768,5.906,6.1,4.439,-0.089,0.002,0.036,1789,0,0
112788,5.818,6.079,4.434,-0.098,-0.003,0.028,1789,0,0
112808,5.76,6.05,4.556,-0.1,0.008,0.003,1790,0,0
112828,5.708,6.129,4.719,-0.136,0.006,-0.016,1790,0,0
112848,5.689,6.167,4.81,-0.167,-0.018,-0.021,1789,0,0
112868,5.799,6.129,4.81,-0.165,-0.024,-0.013,1789,0,0
112888,5.861,6.11,4.918,-0.202,-0.003,-0.008,1788,0,0
112908,5.926,5.957,4.927,-0.271,-0.019,-0.008,1790,0,0
112928,6.136,5.792,4.86,-0.29,-0.051,-0.009,1790,0,0
112948,6.335,5.6,4.709,-0.269,-0.06,-0.025,1789,0,0
112968,6.572,5.526,4.729,-0.222,-0.06,-0.039,1788,0,0
112988,6.754,5.43,4.755,-0.241,-0.08,-0.05,1790,0,0
113008,6.876,5.32,4.839,-0.233,-0.121,-0.075,1789,0,0
113028,6.898,5.069,4.975,-0.108,-0.175,-0.111,1787,0,0
113048,7.08,4.855,4.827,0.194,-0.273,-0.173,1790,0,0
113068,7.4,5.32,4.269,0.527,-0.339,-0.214,1790,0,0
113088,7.23,5.861,3.886,0.512,-0.334,-0.221,1790,0,0
113108,6.936,6.16,3.694,0.369,-0.353,-0.197,1792,0,0
113128,6.869,6.237,3.565,0.318,-0.379,-0.153,1793,0,0
113148,6.761,6.304,3.333,0.285,-0.363,-0.136,1795,0,0
113168,6.594,6.45,3.103,0.258,-0.341,-0.141,1798,0,0
113188,6.287,6.67,3.019,0.178,-0.292,-0.132,1799,0,0
113208,6.088,6.816,3.1,0.022,-0.229,-0.091,1804,0,0
113228,5.954,6.61,3.211,-0.188,-0.191,-0.07,1807,0,0
113248,5.765,6.404,3.311,-0.296,-0.176,-0.086,1808,0,0
113268,5.562,6.297,3.409,-0.315,-0.147,-0.119,1810,0,0
113288,5.488,6.364,3.44,-0.281,-0.115,-0.148,1811,0,0
113308,5.514,6.534,3.496,-0.223,-0.06,-0.165,1813,0,0
113328,5.488,6.694,3.644,-0.199,-0.031,-0.164,1812,0,0
113348,5.624,6.749,3.577,-0.217,-0.033,-0.14,1812,0,0
113368,5.856,6.713,3.529,-0.26,-0.015,-0.115,1811,0,0
113388,6.041,6.642,3.63,-0.276,0.013,-0.102,1811,0,0
113408,6.141,6.615,3.596,-0.238,0.006,-0.094,1811,0,0
113428,6.287,6.694,3.567,-0.155,0.002,-0.087,1810,0,0
113448,6.306,6.881,3.61,-0.094,0.021,-0.071,1809,0,0
113468,6.316,7.005,3.677,-0.1,0.02,-0.035,1808,0,0
113488,6.29,6.95,3.728,-0.125,0.029,0.012,1807,0,0
113508,6.297,6.85,3.833,-0.161,0.039,0.061,1807,0,0
113528,6.261,6.692,3.984,-0.194,0.045,0.093,1807,0,0
113548,6.261,6.5,4.099,-0.19,0.041,0.109,1807,0,0
113568,6.249,6.361,4.096,-0.155,0.032,0.125,1807,0,0
113588,6.258,6.237,4.104,-0.146,0.02,0.132,1806,0,0
113608,6.282,6.11,4.108,-0.13,0.015,0.121,1805,0,0
113628,6.254,6.124,4.111,-0.107,0.014,0.111,1802,0,0
113648,6.203,6.129,4.051,-0.084,-0.0,0.108,1797,0,0
113668,6.242,6.041,3.965,-0.072,-0.008,0.107,1795,0,0
113688,6.273,5.952,3.936,-0.063,-0.001,0.094,1794,0,0
113708,6.294,5.902,3.876,-0.078,0.0,0.074,1793,0,0
113728,6.349,5.895,3.771,-0.082,0.011,0.052,1792,0,0
113748,6.357,5.847,3.8,-0.084,0.042,0.033,1792,0,0
113768,6.29,5.839,3.903,-0.087,0.057,0.016,1792,0,0
113788,6.254,5.804,3.991,-0.092,0.031,-0.01,1792,0,0
113808,6.33,5.873,3.977,-0.079,0.011,-0.039,1793,0,0
113828,6.325,6.026,3.95,-0.064,0.032,-0.054,1792,0,0
113848,6.23,6.093,3.979,-0.072,0.035,-0.047,1794,0,0
113868,6.258,6.139,3.977,-0.071,0.033,-0.047,1793,0,0
113888,6.256,6.237,4.058,-0.103,0.042,-0.051,1793,0,0
113908,6.201,6.323,4.128,-0.082,0.027,-0.041,1793,0,0
113928,6.254,6.357,4.092,-0.059,0.002,-0.021,1794,0,0
113948,6.342,6.28,4.056,-0.099,0.005,-0.011,1793,0,0
113968,6.333,6.199,4.128,-0.1,0.009,-0.011,1793,0,0
113988,6.388,6.191,4.154,-0.067,-0.007,-0.007,1792,0,0
114008,6.361,6.165,4.094,-0.086,-0.019,-0.004,1793,0,0
114028,6.419,6.081,3.984,-0.078,-0.031,-0.004,1792,0,0
114048,6.44,6.093,4.027,-0.049,-0.022,-0.008,1793,0,0
114068,6.419,6.115,4.058,-0.08,-0.015,-0.013,1793,0,0
114088,6.452,6.1,4.099,-0.09,-0.027,-0.01,1793,0,0
114108,6.438,6.11,4.073,-0.098,-0.024,-0.011,1792,0,0
114128,6.316,6.153,4.068,-0.096,-0.02,-0.014,1793,0,0
114148,6.318,6.179,4.017,-0.068,-0.025,-0.01,1792,0,0
114168,6.349,6.199,3.984,-0.065,-0.022,0.003,1792,0,0
114188,6.364,6.167,3.917,-0.104,-0.015,0.006,1792,0,0
114208,6.347,6.105,3.929,-0.104,-0.005,0.008,1793,0,0
114228,6.306,6.096,4.001,-0.097,0.004,0.01,1792,0,0
114248,6.337,6.031,3.967,-0.093,-0.005,0.007,1792,0,0
114268,6.364,6.012,3.934,-0.076,-0.003,-0.002,1793,0,0
114288,6.309,5.983,3.994,-0.077,0.003,-0.011,1791,0,0
114308,6.297,6.012,3.907,-0.062,-0.005,-0.014,1792,0,0
114328,6.349,6.024,3.941,-0.067,0.006,-0.016,1792,0,0
114348,6.294,6.079,3.998,-0.081,0.014,-0.025,1792,0,0
114368,6.235,6.141,4.022,-0.063,0.005,-0.023,1792,0,0
114388,6.297,6.187,4.029,-0.057,0.002,-0.014,1792,0,0
114408,6.337,6.158,4.056,-0.07,0.011,-0.003,1792,0,0
114428,6.357,6.065,4.113,-0.081,0.007,-0.003,1793,0,0
114448,6.333,6.019,4.094,-0.061,-0.009,-0.013,1792,0,0
114468,6.321,6.117,4.087,-0.041,-0.019,-0.022,1792,0,0
114488,6.366,6.153,4.051,-0.056,-0.033,-0.019,1793,0,0
114508,6.433,6.16,3.893,-0.054,-0.031,-0.016,1792,0,0
114528,6.436,6.134,3.85,-0.054,-0.003,-0.015,1793,0,0
114548,6.357,6.16,3.891,-0.062,0.021,-0.015,1793,0,0
114568,6.337,6.17,3.943,-0.065,0.015,-0.013,1792,0,0
114588,6.354,6.215,3.96,-0.076,0.014,-0.015,1792,0,0
114608,6.29,6.206,3.991,-0.075,0.022,-0.014,1792,0,0
114628,6.299,6.211,4.008,-0.045,0.019,-0.004,1792,0,0
114648,6.33,6.144,4.017,-0.055,0.012,0.006,1792,0,0
114668,6.376,6.091,3.891,-0.075,0.005,0.001,1792,0,0
114688,6.347,6.062,3.831,-0.052,0.007,-0.007,1792,0,0
114708,6.316,6.093,3.847,-0.051,0.027,-0.005,1792,0,0
114728,6.282,6.045,3.893,-0.038,0.031,-0.005,1792,0,0
114748,6.342,6.048,3.816,-0.026,0.029,-0.014,1792,0,0
114768,6.385,6.115,3.879,-0.035,0.049,-0.021,1793,0,0
114788,6.299,6.117,4.056,-0.06,0.054,-0.024,1792,0,0
114808,6.39,6.115,4.061,-0.037,0.036,-0.023,1792,0,0
114828,6.419,6.17,4.046,-0.037,0.039,-0.026,1791,0,0
114848,6.381,6.268,4.132,-0.044,0.045,-0.027,1792,0,0
114868,6.381,6.314,4.204,-0.047,0.023,-0.013,1792,0,0
114888,6.395,6.261,4.14,-0.051,0.009,-0.003,1792,0,0
114908,6.381,6.242,4.195,-0.068,0.012,-0.002,1792,0,0
114928,6.335,6.261,4.137,-0.06,0.002,0.001,1793,0,0
114948,6.383,6.268,4.065,-0.062,0.002,0.013,1791,0,0
114968,6.352,6.22,4.085,-0.086,0.009,0.012,1791,0,0
114988,6.278,6.194,4.061,-0.07,-0.001,0.014,1791,0,0
115008,6.311,6.211,3.979,-0.064,-0.013,0.018,1792,0,0
115028,6.314,6.151,3.852,-0.073,-0.009,0.018,1792,0,0
115048,6.302,6.139,3.812,-0.07,0.012,0.018,1791,0,0
115068,6.275,6.117,3.831,-0.058,0.029,0.018,1792,0,0
115088,6.254,6.11,3.821,-0.055,0.023,0.017,1791,0,0
115108,6.256,6.129,3.745,-0.035,0.025,0.017,1791,0,0
115128,6.299,6.144,3.8,-0.024,0.048,0.02,1791,0,0
115148,6.328,6.062,3.898,-0.045,0.053,0.022,1791,0,0
115168,6.285,6.081,3.836,-0.022,0.038,0.01,1791,0,0
115188,6.302,6.148,3.67,-0.014,0.047,0.007,1791,0,0
115208,6.361,6.213,3.735,-0.021,0.086,0.014,1791,0,0
115228,6.4,6.213,3.867,-0.042,0.101,0.02,1791,0,0
115248,6.421,6.213,3.893,-0.071,0.099,0.027,1791,0,0
115268,6.421,6.184,3.874,-0.104,0.117,0.027,1791,0,0
115288,6.354,6.268,4.034,-0.095,0.141,0.034,1791,0,0
115308,6.378,6.261,4.276,-0.116,0.137,0.051,1792,0,0
115328,6.366,6.165,4.386,-0.126,0.108,0.06,1792,0,0
115348,6.381,6.079,4.334,-0.101,0.077,0.053,1792,0,0
115368,6.395,6.045,4.336,-0.069,0.078,0.057,1792,0,0
115388,6.335,6.038,4.436,-0.061,0.066,0.061,1790,0,0
115408,6.376,5.942,4.369,-0.055,0.023,0.051,1791,0,0
115428,6.428,5.897,4.173,-0.049,0.016,0.037,1791,0,0
115448,6.361,5.942,4.096,-0.036,0.034,0.028,1791,0,0
115468,6.388,6.002,4.19,-0.036,0.039,0.029,1791,0,0
115488,6.393,5.988,4.245,-0.069,0.038,0.028,1791,0,0
115508,6.409,5.926,4.216,-0.075,0.026,0.022,1792,0,0
115528,6.436,5.921,4.226,-0.058,0.022,0.009,1791,0,0
115548,6.409,6.026,4.18,-0.044,0.018,-0.001,1793,0,0
115568,6.373,6.1,4.061,-0.043,0.022,0.003,1792,0,0
115588,6.333,6.132,4.106,-0.055,0.029,0.015,1792,0,0
115608,6.359,6.098,4.147,-0.079,0.027,0.02,1792,0,0
115628,6.337,6.007,4.118,-0.099,0.03,0.022,1791,0,0
115648,6.263,5.993,4.12,-0.073,0.039,0.015,1792,0,0
115668,6.23,6.062,4.18,-0.036,0.042,0.018,1792,0,0
115688,6.225,6.074,4.195,-0.055,0.019,0.021,1792,0,0
115708,6.251,5.945,4.18,-0.079,0.009,0.016,1792,0,0
115728,6.321,5.871,4.14,-0.077,0.018,0.01,1793,0,0
115748,6.302,5.887,4.118,-0.05,0.021,-0.004,1792,0,0
115768,6.29,5.938,4.073,-0.031,0.025,-0.011,1793,0,0
115789,6.287,5.986,4.202,-0.068,0.032,-0.007,1790,0,0
115808,6.258,5.935,4.288,-0.089,0.018,-0.01,1790,0,0
115828,6.325,5.914,4.233,-0.052,-0.009,-0.026,1792,0,0
115848,6.407,6.009,4.099,-0.034,0.003,-0.037,1792,0,0
115868,6.373,6.057,4.132,-0.062,0.032,-0.034,1792,0,0
115888,6.364,6.062,4.214,-0.07,0.03,-0.026,1792,0,0
115908,6.4,6.031,4.24,-0.09,0.013,-0.019,1793,0,0
115928,6.462,5.976,4.226,-0.096,0.007,-0.022,1793,0,0
115948,6.414,6.033,4.204,-0.073,0.009,-0.034,1792,0,0
115968,6.314,6.158,4.152,-0.045,0.003,-0.031,1792,0,0
115988,6.299,6.273,4.137,-0.048,0.006,-0.009,1794,0,0
116008,6.323,6.196,4.142,-0.101,0.006,0.009,1792,0,0
116028,6.349,6.031,4.149,-0.096,-0.003,0.011,1792,0,0
116048,6.364,5.976,4.106,-0.055,-0.001,0.007,1792,0,0
116068,6.369,5.962,4.07,-0.058,0.01,0.003,1792,0,0
116088,6.323,5.981,4.104,-0.06,0.01,-0.001,1792,0,0
116108,6.337,5.986,4.044,-0.048,0.011,-0.004,1792,0,0
116128,6.342,6.031,4.08,-0.063,0.029,-0.006,1792,0,0
116148,6.357,6.057,4.14,-0.085,0.036,0.002,1791,0,0
116168,6.371,5.986,4.168,-0.074,0.034,0.007,1791,0,0
116188,6.395,5.978,4.238,-0.057,0.024,-0.002,1792,0,0
116208,6.383,6.043,4.264,-0.054,0.02,-0.006,1792,0,0
116228,6.385,6.045,4.264,-0.08,0.009,0.001,1792,0,0
116248,6.366,5.981,4.202,-0.072,0.006,0.007,1792,0,0
116268,6.352,5.957,4.135,-0.046,0.01,0.001,1792,0,0
116288,6.294,5.983,4.156,-0.048,0.015,-0.005,1791,0,0
116308,6.306,6.038,4.113,-0.072,0.017,-0.001,1792,0,0
116328,6.297,5.974,4.14,-0.093,0.028,-0.003,1792,0,0
116348,6.258,5.909,4.178,-0.086,0.039,-0.006,1792,0,0
116368,6.22,5.88,4.216,-0.044,0.031,-0.011,1790,0,0
116388,6.309,5.947,4.178,-0.035,0.009,-0.013,1792,0,0
116408,6.335,5.947,4.13,-0.073,0.019,-0.022,1794,0,0
116428,6.275,5.899,4.187,-0.073,0.026,-0.029,1792,0,0
116448,6.314,5.969,4.216,-0.022,0.019,-0.032,1793,0,0
116468,6.378,6.069,4.14,-0.046,0.022,-0.026,1793,0,0
116488,6.366,6.019,4.219,-0.089,0.032,-0.022,1792,0,0
116508,6.419,5.995,4.274,-0.07,0.033,-0.019,1793,0,0
116528,6.416,6.036,4.3,-0.07,0.034,-0.023,1793,0,0
116548,6.359,6.048,4.329,-0.085,0.019,-0.022,1793,0,0
116568,6.318,6.074,4.276,-0.064,0.001,-0.022,1792,0,0
116588,6.316,6.093,4.269,-0.056,0.002,-0.02,1793,0,0
116608,6.309,6.144,4.216,-0.047,0.006,-0.013,1793,0,0
116628,6.302,6.172,4.173,-0.06,0.004,-0.004,1793,0,0
116648,6.294,6.105,4.156,-0.09,0.009,0.006,1793,0,0
116668,6.28,6.043,4.19,-0.081,0.01,0.011,1793,0,0
116688,6.297,6.014,4.149,-0.054,0.014,0.01,1793,0,0
116708,6.266,6.0,4.137,-0.044,0.023,0.007,1793,0,0
116728,6.273,5.954,4.187,-0.06,0.024,0.01,1793,0,0
116748,6.309,5.897,4.211,-0.073,0.015,0.005,1793,0,0
116768,6.352,5.854,4.228,-0.068,0.019,-0.003,1792,0,0
116788,6.316,5.847,4.233,-0.057,0.033,-0.013,1794,0,0
116808,6.292,5.897,4.278,-0.047,0.021,-0.024,1793,0,0
116828,6.328,5.99,4.29,-0.052,0.004,-0.027,1792,0,0
116848,6.302,6.069,4.269,-0.069,0.007,-0.029,1792,0,0
116868,6.266,6.105,4.25,-0.044,0.013,-0.023,1792,0,0
116888,6.287,6.151,4.164,-0.039,0.016,-0.014,1794,0,0
116908,6.282,6.057,4.156,-0.081,0.015,-0.009,1792,0,0
116928,6.292,5.974,4.216,-0.075,0.017,-0.007,1792,0,0
116948,6.354,5.971,4.247,-0.047,0.013,-0.011,1793,0,0
116968,6.349,6.009,4.214,-0.048,0.016,-0.012,1793,0,0
116988,6.218,5.99,4.262,-0.059,0.016,-0.012,1794,0,0
117008,6.254,5.94,4.221,-0.067,0.001,-0.009,1793,0,0
117028,6.354,5.83,4.135,-0.073,-0.005,-0.023,1795,0,0
117048,6.342,5.89,4.159,-0.034,0.009,-0.04,1792,0,0
117068,6.282,6.026,4.183,-0.004,0.013,-0.044,1792,0,0
117088,6.34,6.132,4.099,-0.015,0.018,-0.034,1794,0,0
117108,6.352,6.124,4.144,-0.072,0.025,-0.029,1793,0,0
117128,6.337,6.096,4.235,-0.086,0.019,-0.029,1793,0,0
117148,6.268,6.165,4.281,-0.042,0.02,-0.024,1792,0,0
117168,6.223,6.225,4.25,-0.035,0.019,-0.018,1793,0,0
117188,6.232,6.227,4.199,-0.049,0.017,-0.011,1795,0,0
117208,6.225,6.22,4.221,-0.051,0.016,0.0,1793,0,0
117228,6.22,6.17,4.259,-0.067,0.021,0.011,1792,0,0
117248,6.261,6.053,4.254,-0.073,0.012,0.015,1792,0,0
117268,6.263,5.981,4.204,-0.055,0.005,0.011,1793,0,0
117288,6.297,5.983,4.257,-0.047,-0.003,-0.002,1793,0,0
117308,6.256,6.031,4.204,-0.048,0.003,-0.007,1793,0,0
117328,6.179,6.084,4.219,-0.046,0.012,-0.005,1793,0,0
117348,6.242,6.074,4.25,-0.056,0.003,0.001,1793,0,0
117368,6.29,6.029,4.286,-0.084,0.004,0.002,1793,0,0
117388,6.258,5.942,4.25,-0.083,0.007,-0.006,1792,0,0
117408,6.297,5.964,4.262,-0.051,0.009,-0.013,1793,0,0
117428,6.258,6.012,4.305,-0.041,0.004,-0.013,1793,0,0
117448,6.256,6.053,4.286,-0.072,-0.015,-0.013,1792,0,0
117468,6.285,6.031,4.216,-0.077,-0.026,-0.019,1793,0,0
117488,6.314,6.069,4.154,-0.055,-0.017,-0.02,1792,0,0
117508,6.278,6.122,4.135,-0.039,-0.011,-0.017,1793,0,0
117528,6.258,6.158,4.085,-0.049,-0.011,-0.01,1793,0,0
117548,6.285,6.132,4.013,-0.081,-0.008,-0.004,1793,0,0
117568,6.309,6.076,4.082,-0.077,0.007,-0.003,1792,0,0
117588,6.311,6.074,4.113,-0.058,0.022,-0.001,1792,0,0
117608,6.337,6.093,4.116,-0.039,0.021,0.004,1792,0,0
117628,6.376,6.1,4.216,-0.048,0.026,0.008,1792,0,0
117648,6.325,6.007,4.326,-0.082,0.018,0.013,1793,0,0
117668,6.366,5.923,4.317,-0.066,-0.004,0.004,1792,0,0
117688,6.359,5.954,4.219,-0.021,-0.011,-0.012,1793,0,0
117708,6.292,6.067,4.18,-0.033,-0.012,-0.014,1792,0,0
117728,6.314,6.045,4.106,-0.056,-0.008,-0.009,1793,0,0
117748,6.328,6.045,4.056,-0.049,0.005,-0.01,1792,0,0
117768,6.285,6.144,4.104,-0.058,0.019,-0.014,1792,0,0
117788,6.23,6.175,4.156,-0.077,0.02,-0.004,1792,0,0
117808,6.28,6.129,4.161,-0.079,0.011,0.004,1792,0,0
117828,6.297,6.1,4.185,-0.061,0.01,0.002,1792,0,0
117848,6.235,6.122,4.164,-0.047,0.009,-0.002,1793,0,0
117868,6.237,6.155,4.096,-0.052,-0.002,0.005,1792,0,0
117888,6.275,6.031,4.053,-0.077,0.003,0.009,1792,0,0
117908,6.29,5.95,4.037,-0.06,0.009,0.002,1793,0,0
117928,6.314,5.942,4.082,-0.042,0.021,-0.006,1793,0,0
117948,6.282,5.942,4.12,-0.067,0.024,-0.015,1792,0,0
117968,6.314,5.988,4.178,-0.064,0.019,-0.022,1792,0,0
117988,6.337,6.017,4.214,-0.059,0.018,-0.023,1791,0,0
118008,6.342,6.069,4.226,-0.048,0.019,-0.023,1792,0,0
118028,6.333,6.06,4.228,-0.063,0.017,-0.02,1792,0,0
118048,6.328,6.031,4.209,-0.066,0.011,-0.02,1793,0,0
118068,6.347,6.041,4.219,-0.043,0.004,-0.022,1792,0,0
118088,6.323,6.093,4.199,-0.052,0.004,-0.016,1793,0,0
118108,6.323,6.029,4.211,-0.068,-0.006,-0.014,1793,0,0
118128,6.347,5.981,4.099,-0.05,-0.007,-0.021,1792,0,0
118148,6.328,5.962,4.094,-0.057,0.007,-0.031,1793,0,0
118168,6.246,6.014,4.142,-0.054,0.009,-0.039,1792,0,0
118188,6.235,6.086,4.125,-0.047,0.003,-0.034,1792,0,0
118208,6.263,6.096,4.092,-0.063,0.011,-0.029,1793,0,0
118228,6.223,6.045,4.159,-0.076,0.014,-0.033,1792,0,0
118248,6.215,6.093,4.14,-0.052,0.003,-0.041,1793,0,0
118268,6.227,6.175,4.073,-0.036,0.009,-0.039,1792,0,0
118288,6.208,6.148,4.07,-0.055,0.023,-0.031,1793,0,0
118308,6.223,6.043,4.164,-0.069,0.024,-0.028,1792,0,0
118328,6.254,6.031,4.209,-0.047,0.015,-0.035,1793,0,0
118349,6.261,6.074,4.202,-0.048,0.013,-0.034,1795,0,0
118368,6.235,5.945,4.331,-0.082,0.018,-0.027,1794,0,0
118388,6.235,5.696,4.544,-0.092,0.002,-0.033,1793,0,0
118408,6.28,5.499,4.652,-0.081,-0.037,-0.065,1793,0,0
118428,6.354,5.495,4.87,-0.068,-0.061,-0.082,1792,0,0
118448,6.505,5.277,5.624,-0.117,-0.033,-0.081,1793,0,0
118468,6.412,4.757,6.563,-0.236,-0.079,-0.087,1796,0,0
118488,6.33,4.262,7.4,-0.309,-0.217,-0.164,1795,0,0
118508,6.12,4.034,8.076,-0.339,-0.402,-0.298,1795,0,0
118528,5.835,4.24,8.531,-0.343,-0.561,-0.412,1798,0,0
118548,5.703,4.52,9.658,-0.468,-0.665,-0.5,1796,0,0
118568,5.126,4.48,10.664,-0.777,-0.874,-0.585,1799,0,0
118588,4.458,4.317,11.286,-0.985,-1.284,-0.738,1800,0,0
118608,4.197,4.602,11.171,-0.84,-1.755,-0.967,1801,0,0
118628,4.003,5.507,10.819,-0.783,-2.059,-1.134,1799,0,0
118648,3.519,6.438,10.417,-0.916,-2.279,-1.208,1801,0,0
118668,2.976,7.42,10.245,-0.992,-2.52,-1.261,1801,0,0
118688,2.313,8.607,9.838,-1.097,-2.813,-1.265,1802,0,0
118708,2.045,9.78,9.088,-1.391,-3.024,-1.143,1801,0,0
118728,1.923,10.42,8.775,-1.875,-3.101,-0.96,1801,0,0
118748,1.638,10.29,9.038,-2.319,-3.198,-0.891,1802,0,0
118768,0.979,9.907,8.547,-2.263,-3.471,-0.943,1803,0,0
118788,0.634,10.092,7.137,-1.803,-3.71,-0.992,1802,0,0
118808,0.517,10.779,6.009,-1.395,-3.749,-0.972,1802,0,0
118828,0.393,11.583,4.164,-1.363,-3.819,-0.885,1801,0,0
118848,0.723,12.44,2.799,-1.441,-3.723,-0.669,1799,0,0
118868,0.546,12.182,1.369,-1.939,-3.61,-0.468,1798,0,0
118888,1.135,11.468,-0.347,-2.185,-3.483,-0.404,1797,0,0
118908,1.391,11.418,-2.102,-2.037,-3.224,-0.293,1795,0,0
118928,1.961,11.174,-4.113,-2.326,-3.024,-0.164,1789,0,0
118948,2.799,10.388,-5.138,-2.493,-2.718,-0.099,1776,0,0
118968,3.421,9.685,-5.717,-2.318,-2.343,-0.097,1759,0,0
118988,4.046,9.282,-5.921,-1.997,-1.992,-0.084,1754,0,0
119008,4.652,8.77,-5.93,-1.772,-1.684,-0.084,1751,0,0
119028,5.069,8.262,-5.593,-1.538,-1.48,-0.124,1751,0,0
119048,5.399,8.011,-5.188,-1.264,-1.288,-0.138,1751,0,0
119068,5.849,7.796,-4.918,-1.041,-1.149,-0.14,1750,0,0
119088,6.17,7.587,-4.681,-0.827,-1.019,-0.135,1751,0,0
119108,6.462,7.405,-4.585,-0.681,-0.881,-0.118,1748,0,0
119128,6.651,7.235,-4.448,-0.552,-0.748,-0.099,1750,0,0
119148,6.826,7.147,-4.125,-0.467,-0.627,-0.102,1750,0,0
119168,7.037,7.161,-3.764,-0.345,-0.452,-0.08,1748,0,0
119188,7.015,7.013,-3.359,-0.288,-0.321,-0.034,1749,0,0
119208,7.345,6.807,-3.089,-0.217,-0.22,-0.006,1749,0,0
119228,7.489,6.699,-2.54,-0.18,-0.082,-0.002,1748,0,0
119248,7.374,6.555,-1.793,-0.168,0.017,-0.018,1750,0,0
119268,7.458,6.57,-1.264,-0.054,0.029,-0.032,1749,0,0
119288,7.57,6.689,-0.864,0.042,0.066,-0.024,1749,0,0
119308,7.487,6.802,-0.587,0.032,0.1,-0.012,1749,0,0
119328,7.549,6.845,-0.251,-0.002,0.108,0.009,1750,0,0
119348,7.465,6.788,0.196,-0.053,0.127,0.034,1749,0,0
119368,7.365,6.627,0.565,-0.069,0.092,0.057,1752,0,0
119388,7.649,6.402,0.486,-0.022,0.03,0.062,1751,0,0
119408,7.76,6.373,0.457,0.06,0.052,0.048,1750,0,0
119428,7.566,6.364,0.639,0.062,0.082,0.039,1750,0,0
119448,7.626,6.373,0.57,0.035,0.058,0.047,1753,0,0
119468,7.654,6.304,0.608,-0.03,0.058,0.056,1751,0,0
119488,7.568,6.165,0.697,-0.087,0.053,0.038,1751,0,0
119508,7.736,6.194,0.599,-0.058,0.03,0.024,1751,0,0
119528,7.74,6.318,0.622,-0.043,0.061,0.025,1750,0,0
119548,7.503,6.316,0.898,-0.097,0.082,0.024,1752,0,0
119568,7.458,6.321,0.867,-0.109,0.031,0.028,1753,0,0
119588,7.515,6.246,0.737,-0.107,-0.001,0.031,1750,0,0
119608,7.628,6.189,0.63,-0.136,-0.01,0.022,1752,0,0
119628,7.621,6.179,0.622,-0.09,-0.001,0.018,1752,0,0
119648,7.614,6.208,0.572,-0.049,-0.016,0.011,1751,0,0
119668,7.599,6.273,0.453,-0.047,-0.034,0.007,1751,0,0
119688,7.618,6.29,0.321,-0.104,-0.03,0.01,1753,0,0
119708,7.618,6.28,0.239,-0.1,0.004,0.015,1751,0,0
119728,7.592,6.314,0.242,-0.075,0.031,0.021,1751,0,0
119748,7.547,6.273,0.424,-0.098,0.046,0.027,1753,0,0
119768,7.518,6.17,0.508,-0.127,0.02,0.02,1752,0,0
119788,7.578,6.155,0.395,-0.081,-0.002,0.009,1752,0,0
119808,7.597,6.206,0.271,-0.062,0.023,0.003,1751,0,0
119828,7.513,6.256,0.34,-0.068,0.052,0.001,1751,0,0
119848,7.487,6.273,0.515,-0.087,0.046,0.007,1752,0,0
119868,7.484,6.175,0.52,-0.088,0.017,0.002,1752,0,0
119888,7.599,6.172,0.352,-0.041,-0.004,-0.007,1752,0,0
119908,7.647,6.184,0.421,-0.033,0.033,-0.016,1753,0,0
119928,7.626,6.244,0.46,-0.042,0.029,-0.021,1751,0,0
119948,7.638,6.325,0.39,-0.014,0.016,-0.008,1753,0,0
119968,7.582,6.27,0.67,-0.055,0.034,-0.005,1752,0,0
119988,7.63,6.203,0.713,-0.076,-0.003,-0.023,1753,0,0
120008,7.757,6.266,0.608,-0.002,-0.027,-0.022,1751,0,0
120028,7.638,6.316,0.587,-0.012,-0.019,-0.021,1751,0,0
120048,7.69,6.369,0.488,-0.029,-0.038,-0.029,1752,0,0
120068,7.681,6.428,0.417,-0.019,-0.027,-0.017,1752,0,0
120088,7.568,6.472,0.362,-0.049,-0.017,-0.011,1749,0,0
120108,7.63,6.517,0.213,-0.038,-0.007,0.007,1753,0,0
120128,7.717,6.445,0.215,-0.072,0.034,0.03,1752,0,0
120148,7.602,6.278,0.481,-0.135,0.056,0.033,1754,0,0
120168,7.537,6.141,0.637,-0.091,0.025,0.022,1754,0,0
120188,7.573,6.179,0.543,-0.026,-0.008,0.005,1753,0,0
120208,7.585,6.225,0.383,-0.033,-0.01,-0.004,1753,0,0
120228,7.573,6.306,0.309,-0.025,0.009,0.001,1753,0,0
120248,7.549,6.328,0.405,-0.045,0.023,-0.002,1753,0,0
120268,7.487,6.316,0.503,-0.079,0.016,-0.001,1754,0,0
120288,7.52,6.258,0.445,-0.071,0.005,0.008,1753,0,0
120308,7.645,6.191,0.412,-0.054,0.012,0.009,1753,0,0
120328,7.657,6.117,0.381,-0.05,0.023,0.003,1754,0,0
120348,7.633,6.115,0.381,-0.049,0.02,-0.011,1753,0,0
120368,7.635,6.151,0.414,-0.06,0.014,-0.027,1753,0,0
120388,7.582,6.254,0.421,-0.05,0.018,-0.035,1753,0,0
120408,7.623,6.383,0.335,-0.022,0.015,-0.03,1753,0,0
120428,7.616,6.474,0.294,-0.035,0.034,-0.014,1753,0,0
120448,7.59,6.467,0.433,-0.064,0.052,-0.002,1754,0,0
120468,7.621,6.371,0.52,-0.088,0.042,0.005,1754,0,0
120488,7.693,6.237,0.563,-0.104,0.027,0.003,1754,0,0
120508,7.724,6.258,0.539,-0.067,0.026,-0.009,1754,0,0
120528,7.695,6.369,0.5,-0.018,0.033,-0.01,1754,0,0
120548,7.635,6.495,0.484,-0.029,0.039,0.004,1754,0,0
120568,7.585,6.46,0.534,-0.081,0.031,0.013,1753,0,0
120588,7.661,6.361,0.484,-0.103,0.023,0.017,1756,0,0
120608,7.726,6.318,0.51,-0.081,0.035,0.018,1753,0,0
120628,7.666,6.309,0.651,-0.074,0.044,0.021,1754,0,0
120648,7.618,6.268,0.709,-0.072,0.019,0.023,1753,0,0
120668,7.609,6.199,0.661,-0.05,-0.01,0.018,1754,0,0
120688,7.623,6.189,0.527,-0.045,-0.023,0.007,1754,0,0
120708,7.673,6.27,0.35,-0.032,-0.011,0.004,1755,0,0
120728,7.618,6.304,0.378,-0.041,0.01,0.014,1753,0,0
120748,7.547,6.249,0.45,-0.066,0.014,0.021,1754,0,0
120768,7.57,6.155,0.491,-0.08,0.014,0.017,1755,0,0
120788,7.678,6.129,0.491,-0.069,0.018,0.007,1755,0,0
120808,7.733,6.172,0.52,-0.06,0.019,0.001,1754,0,0
120828,7.693,6.235,0.491,-0.073,0.022,0.002,1754,0,0
120848,7.659,6.22,0.589,-0.079,0.019,0.001,1755,0,0
120868,7.688,6.268,0.558,-0.05,0.01,-0.002,1756,0,0
120888,7.649,6.311,0.577,-0.046,-0.001,-0.001,1754,0,0
120908,7.666,6.304,0.555,-0.05,-0.013,0.002,1754,0,0
120928,7.683,6.314,0.402,-0.045,-0.029,0.003,1755,0,0
120948,7.752,6.366,0.271,-0.048,-0.004,0.016,1755,0,0
120968,7.649,6.335,0.443,-0.069,0.027,0.028,1754,0,0
120988,7.626,6.254,0.536,-0.08,0.009,0.03,1755,0,0
121008,7.709,6.182,0.448,-0.064,-0.004,0.027,1754,0,0
121028,7.714,6.151,0.443,-0.072,0.01,0.025,1755,0,0
121048,7.669,6.129,0.539,-0.081,0.015,0.024,1755,0,0
121068,7.638,6.141,0.517,-0.059,0.011,0.021,1754,0,0
121088,7.649,6.141,0.436,-0.076,0.004,0.017,1754,0,0
121108,7.688,6.117,0.441,-0.095,0.016,0.02,1756,0,0
121128,7.618,6.031,0.467,-0.084,0.012,0.011,1756,0,0
121148,7.657,6.057,0.429,-0.062,0.015,-0.001,1756,0,0
121168,7.628,6.12,0.486,-0.076,0.018,-0.01,1755,0,0
121188,7.614,6.091,0.476,-0.088,0.014,-0.012,1755,0,0
121208,7.661,6.076,0.486,-0.056,0.012,-0.017,1755,0,0
121228,7.673,6.141,0.364,-0.05,0.01,-0.021,1754,0,0
121248,7.638,6.208,0.39,-0.047,0.019,-0.024,1755,0,0
121268,7.57,6.211,0.414,-0.058,0.019,-0.025,1754,0,0
121288,7.683,6.206,0.414,-0.055,0.009,-0.016,1755,0,0
121308,7.697,6.163,0.426,-0.06,0.022,-0.02,1753,0,0
121328,7.714,6.191,0.419,-0.057,0.024,-0.021,1754,0,0
121348,7.712,6.16,0.443,-0.059,0.036,-0.018,1757,0,0
121368,7.733,6.16,0.493,-0.055,0.033,-0.023,1754,0,0
121388,7.681,6.235,0.503,-0.034,0.029,-0.027,1754,0,0
121408,7.702,6.273,0.488,-0.049,0.022,-0.023,1754,0,0
121428,7.712,6.294,0.467,-0.066,0.015,-0.024,1755,0,0
121448,7.69,6.316,0.412,-0.046,0.031,-0.018,1755,0,0
121468,7.647,6.342,0.491,-0.038,0.041,-0.006,1756,0,0
121488,7.635,6.268,0.555,-0.062,0.03,-0.007,1754,0,0
121508,7.63,6.215,0.515,-0.064,0.035,-0.005,1754,0,0
121528,7.621,6.206,0.541,-0.054,0.039,-0.003,1754,0,0
121548,7.626,6.189,0.5,-0.063,0.038,-0.003,1753,0,0
121568,7.654,6.141,0.503,-0.077,0.048,-0.004,1755,0,0
121588,7.635,6.117,0.632,-0.062,0.051,-0.01,1754,0,0
121608,7.652,6.055,0.644,-0.071,0.026,-0.029,1754,0,0
121628,7.683,6.158,0.584,-0.049,0.022,-0.041,1754,0,0
121648,7.676,6.297,0.565,-0.043,0.028,-0.033,1755,0,0
