339934,4.587,6.536,5.219,-0.076,0.019,-0.018,1839.0,0.0,0.0
339943,4.554,6.548,5.195,-0.064,0.014,-0.019,1838.0,0.0,0.0
339951,4.547,6.586,5.174,-0.051,0.01,-0.021,1838.0,0.0,0.0
339959,4.561,6.649,5.167,-0.042,0.006,-0.021,1838.0,0.0,0.0
339967,4.566,6.704,5.143,-0.041,0.005,-0.019,1839.0,0.0,0.0
339975,4.585,6.754,5.109,-0.047,0.011,-0.016,1838.0,0.0,0.0
339983,4.58,6.773,5.124,-0.059,0.025,-0.011,1838.0,0.0,0.0
339991,4.551,6.785,5.171,-0.074,0.03,-0.008,1838.0,0.0,0.0
340000,4.532,6.759,5.224,-0.081,0.031,-0.003,1838.0,0.0,0.0
340008,4.532,6.725,5.248,-0.076,0.027,0.003,1838.0,0.0,0.0
340016,4.561,6.709,5.231,-0.063,0.023,0.007,1839.0,0.0,0.0
340024,4.609,6.687,5.25,-0.056,0.023,0.01,1838.0,0.0,0.0
340032,4.626,6.637,5.239,-0.058,0.026,0.01,1838.0,0.0,0.0
340040,4.638,6.637,5.231,-0.067,0.032,0.01,1839.0,0.0,0.0
340048,4.621,6.586,5.258,-0.074,0.037,0.01,1838.0,0.0,0.0
340056,4.604,6.582,5.306,-0.076,0.037,0.008,1838.0,0.0,0.0
340064,4.575,6.548,5.327,-0.076,0.033,0.006,1838.0,0.0,0.0
340072,4.556,6.541,5.373,-0.071,0.027,0.006,1838.0,0.0,0.0
340080,4.537,6.551,5.365,-0.066,0.022,0.005,1838.0,0.0,0.0
340088,4.544,6.529,5.339,-0.065,0.019,0.005,1838.0,0.0,0.0
340097,4.561,6.531,5.315,-0.069,0.017,0.004,1838.0,0.0,0.0
340105,4.599,6.524,5.315,-0.07,0.021,0.004,1839.0,0.0,0.0
340113,4.611,6.553,5.318,-0.073,0.027,0.001,1838.0,0.0,0.0
340121,4.597,6.541,5.344,-0.077,0.03,-0.001,1838.0,0.0,0.0
340129,4.559,6.541,5.406,-0.076,0.03,-0.005,1837.0,0.0,0.0
340137,4.523,6.558,5.413,-0.069,0.026,-0.004,1838.0,0.0,0.0
340145,4.532,6.586,5.432,-0.056,0.018,-0.004,1837.0,0.0,0.0
340153,4.525,6.596,5.435,-0.051,0.01,-0.001,1838.0,0.0,0.0
340161,4.544,6.62,5.387,-0.055,0.006,-0.001,1838.0,0.0,0.0
340170,4.563,6.589,5.31,-0.066,0.002,0.002,1838.0,0.0,0.0
340178,4.578,6.56,5.308,-0.075,0.003,0.002,1839.0,0.0,0.0
340186,4.575,6.536,5.313,-0.081,0.006,0.002,1839.0,0.0,0.0
340194,4.575,6.546,5.258,-0.082,0.01,0.001,1836.0,0.0,0.0
340202,4.549,6.555,5.282,-0.073,0.013,-0.001,1838.0,0.0,0.0
340211,4.539,6.56,5.306,-0.062,0.015,-0.002,1839.0,0.0,0.0
340219,4.539,6.572,5.301,-0.055,0.014,-0.002,1836.0,0.0,0.0
340227,4.549,6.598,5.315,-0.054,0.011,0.001,1838.0,0.0,0.0
340235,4.575,6.606,5.274,-0.064,0.009,0.004,1838.0,0.0,0.0
340243,4.592,6.584,5.258,-0.075,0.011,0.006,1839.0,0.0,0.0
340251,4.573,6.548,5.267,-0.083,0.018,0.006,1839.0,0.0,0.0
340260,4.53,6.531,5.303,-0.089,0.026,0.002,1840.0,0.0,0.0
340268,4.468,6.515,5.356,-0.089,0.027,-0.002,1839.0,0.0,0.0
340276,4.429,6.474,5.368,-0.083,0.023,-0.004,1837.0,0.0,0.0
340284,4.432,6.488,5.368,-0.071,0.017,-0.008,1838.0,0.0,0.0
340292,4.448,6.527,5.277,-0.058,0.011,-0.01,1839.0,0.0,0.0
340301,4.482,6.536,5.258,-0.052,0.01,-0.01,1839.0,0.0,0.0
340309,4.48,6.536,5.267,-0.054,0.013,-0.01,1839.0,0.0,0.0
340317,4.465,6.536,5.301,-0.061,0.015,-0.009,1837.0,0.0,0.0
340325,4.444,6.507,5.313,-0.068,0.018,-0.008,1839.0,0.0,0.0
340333,4.396,6.503,5.397,-0.068,0.02,-0.009,1838.0,0.0,0.0
340341,4.326,6.5,5.447,-0.067,0.018,-0.011,1837.0,0.0,0.0
340349,4.264,6.45,5.495,-0.06,0.011,-0.014,1838.0,0.0,0.0
340357,4.254,6.428,5.538,-0.053,-0.003,-0.018,1839.0,0.0,0.0
340365,4.233,6.428,5.595,-0.043,-0.012,-0.02,1839.0,0.0,0.0
340373,4.185,6.443,5.672,-0.036,-0.019,-0.021,1839.0,0.0,0.0
340382,4.111,6.479,5.851,-0.038,-0.021,-0.018,1839.0,0.0,0.0
340390,4.051,6.481,6.048,-0.048,-0.026,-0.014,1837.0,0.0,0.0
340398,3.965,6.483,6.318,-0.063,-0.036,-0.011,1838.0,0.0,0.0
340406,3.876,6.416,6.737,-0.072,-0.05,-0.01,1838.0,0.0,0.0
340414,3.757,6.381,7.175,-0.074,-0.065,-0.011,1839.0,0.0,0.0
340423,3.594,6.304,7.645,-0.088,-0.097,-0.019,1839.0,0.0,0.0
340431,3.436,6.242,8.011,-0.113,-0.148,-0.025,1840.0,0.0,0.0
340439,3.314,6.225,8.284,-0.139,-0.21,-0.031,1840.0,0.0,0.0
340447,3.196,6.211,8.607,-0.159,-0.263,-0.033,1840.0,0.0,0.0
340456,3.05,6.244,8.863,-0.192,-0.31,-0.027,1840.0,0.0,0.0
340464,2.861,6.144,9.299,-0.252,-0.349,-0.023,1840.0,0.0,0.0
340472,2.717,6.041,9.826,-0.362,-0.412,-0.017,1841.0,0.0,0.0
340480,2.504,5.849,9.95,-0.556,-0.496,-0.016,1840.0,0.0,0.0
340488,2.423,5.466,10.072,-0.772,-0.591,-0.015,1842.0,0.0,0.0
340496,2.531,4.851,10.295,-0.9,-0.695,-0.055,1841.0,0.0,0.0
340504,2.488,4.518,10.285,-0.917,-0.832,-0.124,1843.0,0.0,0.0
340512,2.562,4.276,10.058,-0.887,-0.949,-0.205,1841.0,0.0,0.0
340520,2.672,4.073,10.032,-0.785,-1.047,-0.297,1841.0,0.0,0.0
340529,2.665,4.058,9.826,-0.678,-1.107,-0.376,1844.0,0.0,0.0
340537,2.641,4.128,9.72,-0.57,-1.165,-0.457,1842.0,0.0,0.0
340545,2.629,4.216,9.596,-0.484,-1.226,-0.537,1843.0,0.0,0.0
340553,2.607,4.353,9.404,-0.423,-1.292,-0.609,1843.0,0.0,0.0
340561,2.576,4.549,9.234,-0.366,-1.365,-0.677,1844.0,0.0,0.0
340569,2.557,4.829,8.942,-0.325,-1.425,-0.734,1842.0,0.0,0.0
340577,2.552,5.09,8.763,-0.319,-1.477,-0.786,1841.0,0.0,0.0
340585,2.567,5.341,8.428,-0.38,-1.533,-0.836,1842.0,0.0,0.0
340594,2.684,5.504,8.468,-0.447,-1.557,-0.875,1842.0,0.0,0.0
340602,2.746,5.698,8.349,-0.539,-1.576,-0.916,1841.0,0.0,0.0
340610,2.789,5.825,8.224,-0.657,-1.607,-0.952,1842.0,0.0,0.0
340618,2.84,5.849,8.135,-0.766,-1.663,-0.988,1841.0,0.0,0.0
340626,2.931,5.906,7.918,-0.837,-1.734,-1.021,1841.0,0.0,0.0
340634,3.067,6.0,7.647,-0.851,-1.798,-1.053,1842.0,0.0,0.0
340642,3.218,6.165,7.422,-0.823,-1.832,-1.082,1841.0,0.0,0.0
340650,3.294,6.373,7.219,-0.804,-1.834,-1.103,1841.0,0.0,0.0
340658,3.218,6.584,7.046,-0.828,-1.815,-1.12,1840.0,0.0,0.0
340666,3.172,6.699,6.936,-0.896,-1.795,-1.128,1840.0,0.0,0.0
340675,3.28,6.721,6.85,-0.997,-1.785,-1.132,1840.0,0.0,0.0
340683,3.479,6.838,6.721,-1.095,-1.78,-1.136,1840.0,0.0,0.0
340691,3.675,6.941,6.668,-1.169,-1.778,-1.153,1840.0,0.0,0.0
340699,3.824,7.022,6.622,-1.219,-1.78,-1.176,1840.0,0.0,0.0
340707,3.91,7.104,6.61,-1.266,-1.784,-1.2,1840.0,0.0,0.0
340715,3.922,7.202,6.675,-1.321,-1.783,-1.217,1839.0,0.0,0.0
340723,3.812,7.312,6.68,-1.393,-1.785,-1.23,1839.0,0.0,0.0
340731,3.594,7.345,6.634,-1.474,-1.798,-1.236,1841.0,0.0,0.0
340739,3.405,7.286,6.572,-1.536,-1.83,-1.243,1839.0,0.0,0.0
340747,3.388,7.269,6.342,-1.557,-1.871,-1.256,1840.0,0.0,0.0
340755,3.46,7.288,6.158,-1.529,-1.901,-1.282,1839.0,0.0,0.0
340763,3.618,7.286,5.959,-1.474,-1.914,-1.312,1840.0,0.0,0.0
340771,3.845,7.35,5.784,-1.433,-1.906,-1.341,1841.0,0.0,0.0
340779,3.891,7.41,5.672,-1.435,-1.892,-1.37,1839.0,0.0,0.0
340787,3.864,7.439,5.562,-1.464,-1.897,-1.4,1839.0,0.0,0.0
340795,3.847,7.513,5.351,-1.496,-1.926,-1.43,1837.0,0.0,0.0
340803,3.687,7.614,5.069,-1.483,-1.939,-1.459,1838.0,0.0,0.0
340812,3.498,7.805,5.047,-1.421,-1.979,-1.479,1840.0,0.0,0.0
340820,3.318,8.112,4.69,-1.35,-1.993,-1.492,1838.0,0.0,0.0
340828,3.177,8.394,4.719,-1.291,-1.999,-1.491,1837.0,0.0,0.0
340836,3.036,8.65,4.571,-1.283,-1.993,-1.477,1837.0,0.0,0.0
340844,2.794,8.827,4.494,-1.315,-1.979,-1.454,1831.0,0.0,0.0
340852,2.78,8.78,4.3,-1.364,-1.978,-1.425,1830.0,0.0,0.0
340860,2.806,8.83,4.298,-1.432,-1.972,-1.394,1830.0,0.0,0.0
340868,3.043,8.856,4.156,-1.453,-1.939,-1.357,1828.0,0.0,0.0
340876,3.244,8.878,4.132,-1.463,-1.904,-1.322,1829.0,0.0,0.0
340884,3.335,8.787,4.101,-1.484,-1.875,-1.29,1829.0,0.0,0.0
340892,3.39,8.756,4.046,-1.535,-1.874,-1.263,1825.0,0.0,0.0
340900,3.407,8.614,4.003,-1.584,-1.893,-1.241,1826.0,0.0,0.0
340908,3.381,8.502,3.907,-1.607,-1.906,-1.227,1822.0,0.0,0.0
340916,3.347,8.54,3.912,-1.601,-1.929,-1.226,1816.0,0.0,0.0
340925,3.292,8.588,3.828,-1.555,-1.956,-1.235,1811.0,0.0,0.0
340933,3.278,8.569,3.598,-1.52,-1.952,-1.248,1809.0,0.0,0.0
340941,3.254,8.475,3.546,-1.462,-1.935,-1.247,1808.0,0.0,0.0
340949,3.213,8.404,3.464,-1.402,-1.923,-1.239,1806.0,0.0,0.0
340956,3.249,8.325,3.22,-1.3,-1.891,-1.228,1805.0,0.0,0.0
340964,3.445,8.282,3.225,-1.165,-1.858,-1.208,1805.0,0.0,0.0
340972,3.68,8.375,3.081,-1.059,-1.799,-1.181,1801.0,0.0,0.0
340980,3.883,8.483,3.1,-0.998,-1.746,-1.15,1804.0,0.0,0.0
340988,4.034,8.519,3.043,-1.001,-1.702,-1.12,1799.0,0.0,0.0
340996,4.082,8.466,3.026,-1.056,-1.668,-1.09,1800.0,0.0,0.0
341004,4.051,8.499,2.959,-1.124,-1.648,-1.067,1801.0,0.0,0.0
341012,3.996,8.423,2.907,-1.17,-1.648,-1.055,1801.0,0.0,0.0
341020,3.907,8.353,2.854,-1.188,-1.659,-1.043,1800.0,0.0,0.0
341028,3.898,8.282,2.832,-1.174,-1.68,-1.037,1801.0,0.0,0.0
341036,3.893,8.205,2.701,-1.128,-1.704,-1.039,1800.0,0.0,0.0
341044,3.974,8.143,2.492,-1.052,-1.725,-1.039,1802.0,0.0,0.0
341052,4.118,8.085,2.318,-0.942,-1.722,-1.04,1800.0,0.0,0.0
341060,4.264,8.114,1.767,-0.799,-1.675,-1.023,1797.0,0.0,0.0
341069,4.513,8.181,1.81,-0.65,-1.621,-1.01,1795.0,0.0,0.0
341077,4.724,8.401,1.772,-0.533,-1.541,-0.98,1792.0,0.0,0.0
341085,4.784,8.535,1.551,-0.527,-1.442,-0.939,1793.0,0.0,0.0
341093,4.76,8.516,1.542,-0.627,-1.352,-0.887,1792.0,0.0,0.0
341101,4.817,8.394,1.446,-0.754,-1.293,-0.839,1793.0,0.0,0.0
341109,4.889,8.298,1.405,-0.849,-1.236,-0.795,1792.0,0.0,0.0
341117,4.927,8.186,1.477,-0.898,-1.176,-0.757,1792.0,0.0,0.0
341125,4.915,8.09,1.561,-0.916,-1.123,-0.729,1792.0,0.0,0.0
341133,4.887,8.011,1.652,-0.916,-1.074,-0.705,1791.0,0.0,0.0
341142,4.831,7.925,1.693,-0.897,-1.026,-0.685,1792.0,0.0,0.0
341150,4.793,7.836,1.635,-0.862,-0.987,-0.671,1790.0,0.0,0.0
341158,4.815,7.76,1.535,-0.798,-0.944,-0.656,1790.0,0.0,0.0
341166,4.877,7.74,1.437,-0.721,-0.903,-0.645,1790.0,0.0,0.0
341174,5.018,7.793,1.336,-0.66,-0.83,-0.63,1788.0,0.0,0.0
341182,5.193,7.894,1.336,-0.625,-0.746,-0.611,1793.0,0.0,0.0
341190,5.291,7.944,1.415,-0.634,-0.645,-0.581,1790.0,0.0,0.0
341198,5.353,7.946,1.547,-0.685,-0.544,-0.54,1789.0,0.0,0.0
341206,5.375,7.918,1.683,-0.764,-0.457,-0.497,1791.0,0.0,0.0
341214,5.397,7.81,1.856,-0.849,-0.387,-0.454,1789.0,0.0,0.0
341222,5.389,7.638,2.073,-0.912,-0.337,-0.414,1789.0,0.0,0.0
341231,5.442,7.484,2.286,-0.93,-0.306,-0.38,1789.0,0.0,0.0
341239,5.507,7.353,2.476,-0.915,-0.293,-0.357,1789.0,0.0,0.0
341247,5.514,7.228,2.622,-0.883,-0.287,-0.343,1788.0,0.0,0.0
341255,5.545,7.156,2.696,-0.839,-0.28,-0.339,1789.0,0.0,0.0
341262,5.578,7.116,2.835,-0.782,-0.268,-0.345,1790.0,0.0,0.0
341270,5.638,7.089,2.938,-0.722,-0.249,-0.353,1790.0,0.0,0.0
341278,5.705,7.08,3.045,-0.671,-0.226,-0.357,1791.0,0.0,0.0
341286,5.741,7.099,3.141,-0.642,-0.2,-0.357341333,5.701,6.922,3.663
341340,5.701,6.804,3.546,-0.414,-0.266,-0.335,1791.0,0.0,0.0
341348,5.77,6.73,3.419,-0.375,-0.287,-0.338,1791.0,0.0,0.0
341356,5.871,6.732,3.304,-0.32,-0.28,-0.339,1791.0,0.0,0.0
341364,5.904,6.797,3.292,-0.267,-0.243,-0.343,1792.0,0.0,0.0
341372,5.856,6.905,3.366,-0.238,-0.196,-0.345,1791.0,0.0,0.0
342261,6.093,6.771,2.883,-0.148,0.126,0.209,1797.0,0.0,0.0
342269,6.076,6.742,2.926,-0.143,0.114,0.198,1797.0,0.0,0.0
342277,6.072,6.668,2.88,-0.156,0.099,0.188,1797.0,0.0,0.0
342284,6.086,6.62,2.818,-0.169,0.087,0.178,1797.0,0.0,0.0
342292,6.117,6.548,2.737,-0.169,0.078,0.156,1796.0,0.0,0.0
343268,5.679,7.312,3.043,-0.049,0.019,0.012,1799.0,0.0,0.0
345288,5.667,7.209,3.158,-0.066,0.067,-0.017,1800.0,0.0,0.0
346295,5.746,7.025,2.708,-0.074,0.07,0.041,1803.0,0.0,0.0
348315,5.964,6.958,3.409,-0.047,0.018,0.011,1803.0,0.0,0.0
349322,5.93,7.281,3.084,-0.004,0.08,-0.107,1807.0,0.0,0.0
351343,5.854,6.953,3.373,-0.039,-0.022,-0.069,1808.0,0.0,0.0
353365,5.818,7.202,2.782,-0.07,-0.001,-0.013,1807.0,0.0,0.0
354376,2.811,10.364,-3.709,0.915,-0.853,-0.748,1809.0,0.0,0.0
354384,2.449,10.657,-4.235,0.899,-0.937,-0.723,1808.0,0.0,0.0
354392,2.322,10.982,-4.784,0.921,-1.003,-0.714,1808.0,0.0,0.0
354400,2.308,11.258,-5.195,0.999,-1.023,-0.727,1808.0,0.0,0.0
354408,2.368,11.54,-5.622,1.103,-0.998,-0.744,1810.0,0.0,0.0
354416,2.593,11.813,-5.856,1.251,-0.903,-0.761,1809.0,0.0,0.0
354424,2.796,12.196,-6.287,1.409,-0.715,-0.777,1810.0,0.0,0.0
354433,2.777,12.826,-6.756,1.489,-0.483,-0.771,1809.0,0.0,0.0
354441,2.337,13.099,-6.972,1.523,-0.175,-0.728,1812.0,0.0,0.0
354449,1.923,13.388,-7.29,1.522,0.102,-0.645,1811.0,0.0,0.0
354457,1.542,13.597,-7.554,1.533,0.315,-0.598,1810.0,0.0,0.0
354465,1.051,13.771,-7.7,1.576,0.476,-0.56,1812.0,0.0,0.0
354473,0.529,13.929,-7.98,1.646,0.633,-0.527,1812.0,0.0,0.0
354481,-0.036,14.087,-8.124,1.725,0.761,-0.493,1811.0,0.0,0.0
354490,-0.52,14.478,-8.373,1.799,0.912,-0.454,1812.0,0.0,0.0
354498,-0.788,14.674,-8.55,1.823,1.08,-0.428,1810.0,0.0,0.0
354506,-0.656,14.858,-8.411,1.855,1.374,-0.36,1813.0,0.0,0.0
354514,-0.697,15.06,-8.408,1.853,1.784,-0.269,1811.0,0.0,0.0
354522,-0.749,15.206,-8.203,1.831,2.146,-0.179,1813.0,0.0,0.0
354531,-0.615,15.158,-7.884,1.841,2.533,-0.075,1815.0,0.0,0.0
354539,-0.618,15.139,-7.532,1.861,2.927,0.072,1813.0,0.0,0.0
354547,-0.953,15.184,-7.288,1.841,3.297,0.245,1811.0,0.0,0.0
354555,-1.535,15.162,-7.147,1.732,3.61,0.415,1812.0,0.0,0.0
354563,-2.349,15.031,-6.857,1.598,3.911,0.603,1811.0,0.0,0.0
354571,-3.177,14.82,-6.407,1.437,4.18,0.791,1812.0,0.0,0.0
354579,-3.922,14.554,-5.926,1.238,4.438,0.966,1811.0,0.0,0.0
354587,-4.506,14.076,-5.514,1.022,4.79,1.15,1812.0,0.0,0.0
354595,-5.042,13.702,-5.03,0.836,5.118,1.301,1811.0,0.0,0.0
354603,-5.365,13.52,-4.508,0.701,5.411,1.433,1812.0,0.0,0.0
354612,-4.841,13.472,-3.713,0.698,5.73,1.503,1812.0,0.0,0.0
354620,-3.946,13.278,-2.552,0.811,6.138,1.524,1811.0,0.0,0.0
354628,-3.742,13.247,-0.838,1.008,6.645,1.55,1811.0,0.0,0.0
354636,-4.111,13.269,0.383,1.144,7.048,1.611,1810.0,0.0,0.0
354644,-5.076,13.261,1.343,1.141,7.369,1.707,1811.0,0.0,0.0
354652,-6.493,13.156,1.408,1.015,7.602,1.86,1811.0,0.0,0.0
354660,-8.169,12.823,1.63,0.791,7.634,2.044,1812.0,0.0,0.0
354668,-9.352,12.486,1.982,0.61,7.472,2.242,1812.0,0.0,0.0
354677,-9.977,11.993,2.138,0.56,7.209,2.41,1814.0,0.0,0.0
354685,-10.096,11.526,2.148,0.586,6.889,2.539,1815.0,0.0,0.0
354693,-9.562,11.212,2.507,0.654,6.602,2.614,1815.0,0.0,0.0
354701,-8.124,10.836,3.467,0.743,6.475,2.621,1816.0,0.0,0.0
354709,-6.845,10.448,4.853,0.79,6.651,2.627,1815.0,0.0,0.0
354717,-6.256,10.295,6.572,0.632,6.951,2.684,1815.0,0.0,0.0
354725,-6.342,10.084,8.013,0.224,7.281,2.811,1815.0,0.0,0.0
354733,-7.362,9.131,9.373,-0.401,7.366,2.981,1819.0,0.0,0.0
354742,-8.135,8.08,10.116,-0.93,7.134,3.099,1820.0,0.0,0.0
354750,-8.636,6.821,10.685,-1.168,6.689,3.226,1825.0,0.0,0.0
354758,-8.454,5.569,11.382,-1.021,6.092,3.336,1827.0,0.0,0.0
354766,-7.884,4.472,12.244,-0.437,5.527,3.358,1831.0,0.0,0.0
354774,-7.046,3.821,13.585,0.206,4.955,3.272,1838.0,0.0,0.0
354782,-5.964,3.476,14.595,0.642,4.455,3.11,1837.0,0.0,0.0
354790,-5.011,3.177,15.139,0.734,4.006,2.902,1840.0,0.0,0.0
354799,-3.982,2.703,15.277,0.489,3.558,2.656,1839.0,0.0,0.0
354807,-3.124,2.028,15.076,0.196,3.222,2.439,1841.0,0.0,0.0
354815,-2.418,1.403,14.842,0.011,2.917,2.225,1842.0,0.0,0.0
354823,-1.652,1.101,14.571,0.088,2.679,2.03,1841.0,0.0,0.0
354831,-0.917,1.092,14.552,0.448,2.542,1.832,1841.0,0.0,0.0
354839,-0.615,1.391,14.854,0.81,2.503,1.679,1843.0,0.0,0.0
354848,-0.646,1.798,15.153,1.026,2.444,1.56,1841.0,0.0,0.0
354856,-0.687,2.143,15.301,1.019,2.299,1.463,1844.0,0.0,0.0
354864,-0.481,2.152,15.277,0.846,2.079,1.363,1841.0,0.0,0.0
354872,-0.084,2.033,15.062,0.623,1.766,1.239,1842.0,0.0,0.0
354880,0.338,1.805,14.676,0.47,1.486,1.111,1841.0,0.0,0.0
354889,0.745,1.484,14.083,0.453,1.241,0.963,1840.0,0.0,0.0
354897,1.044,1.437,13.388,0.544,1.046,0.805,1841.0,0.0,0.0
354905,1.302,1.705,12.833,0.685,0.912,0.654,1840.0,0.0,0.0
354913,1.518,2.09,12.404,0.775,0.809,0.518,1839.0,0.0,0.0
354921,1.772,2.626,11.959,0.762,0.731,0.414,1842.0,0.0,0.0
354929,2.021,3.033,11.526,0.659,0.669,0.331,1840.0,0.0,0.0
354937,2.27,3.46,11.128,0.501,0.624,0.274,1842.0,0.0,0.0
354945,2.423,3.733,10.834,0.338,0.59,0.231,1841.0,0.0,0.0
354953,2.533,3.881,10.575,0.215,0.56,0.192,1840.0,0.0,0.0
354962,2.655,4.003,10.386,0.144,0.521,0.149,1839.0,0.0,0.0
354970,2.684,4.144,10.202,0.126,0.485,0.117,1841.0,0.0,0.0
354978,2.83,4.3,10.166,0.118,0.454,0.09,1840.0,0.0,0.0
354986,3.021,4.47,10.132,0.073,0.431,0.069,1840.0,0.0,0.0
354994,3.132,4.594,10.094,-0.018,0.41,0.047,1840.0,0.0,0.0
355002,3.237,4.575,10.003,-0.131,0.372,0.019,1840.0,0.0,0.0
355010,3.304,4.379,9.864,-0.214,0.305,-0.026,1840.0,0.0,0.0
355019,3.417,4.147,9.713,-0.212,0.219,-0.082,1839.0,0.0,0.0
355027,3.618,4.034,9.378,-0.147,0.116,-0.152,1839.0,0.0,0.0
355035,3.836,4.044,9.033,-0.046,0.013,-0.229,1840.0,0.0,0.0
355043,3.989,4.209,8.6,0.056,-0.071,-0.307,1838.0,0.0,0.0
355051,3.998,4.465,8.186,0.122,-0.134,-0.384,1838.0,0.0,0.0
355059,3.994,4.654,7.827,0.149,-0.183,-0.453,1840.0,0.0,0.0
355067,3.948,4.92,7.518,0.155,-0.215,-0.5,1839.0,0.0,0.0
355075,3.962,5.219,7.254,0.159,-0.224,-0.525,1836.0,0.0,0.0
355083,4.037,5.61,7.065,0.146,-0.205,-0.527,1837.0,0.0,0.0
355091,4.085,5.926,6.919,0.086,-0.169,-0.509,1835.0,0.0,0.0
355100,4.149,6.103,6.8,-0.015,-0.147,-0.481,1837.0,0.0,0.0
355108,4.204,6.172,6.709,-0.11,-0.144,-0.448,1837.0,0.0,0.0
355116,4.271,6.141,6.61,-0.17,-0.158,-0.42,1833.0,0.0,0.0
355124,4.324,6.086,6.524,-0.188,-0.19,-0.402,1834.0,0.0,0.0
355132,4.446,6.072,6.39,-0.187,-0.229,-0.397,1835.0,0.0,0.0
355140,4.525,6.112,6.215,-0.187,-0.259,-0.401,1834.0,0.0,0.0
355148,4.549,6.172,6.007,-0.197,-0.275,-0.412,1834.0,0.0,0.0
355156,4.535,6.251,5.811,-0.213,-0.279,-0.424,1832.0,0.0,0.0
355164,4.499,6.397,5.665,-0.227,-0.273,-0.432,1832.0,0.0,0.0
355173,4.46,6.567,5.535,-0.235,-0.25,-0.433,1832.0,0.0,0.0
355181,4.436,6.713,5.521,-0.235,-0.222,-0.425,1833.0,0.0,0.0
355189,4.398,6.809,5.54,-0.233,-0.192,-0.408,1830.0,0.0,0.0
355197,4.403,6.879,5.528,-0.229,-0.164,-0.382,1831.0,0.0,0.0
355205,4.384,6.924,5.495,-0.215,-0.144,-0.35,1829.0,0.0,0.0
355213,4.369,6.929,5.476,-0.185,-0.142,-0.312,1832.0,0.0,0.0
355221,4.336,6.936,5.428,-0.141,-0.15,-0.276,1829.0,0.0,0.0
355230,4.314,6.943,5.351,-0.091,-0.161,-0.249,1829.0,0.0,0.0
355238,4.283,6.919,5.296,-0.057,-0.17,-0.235,1830.0,0.0,0.0
355246,4.247,6.871,5.198,-0.032,-0.171,-0.222,1829.0,0.0,0.0
355254,4.259,6.855,5.133,-0.013,-0.17,-0.209,1831.0,0.0,0.0
355262,4.326,6.876,5.054,0.001,-0.158,-0.19,1833.0,0.0,0.0
355270,4.444,6.926,5.033,0.003,-0.133,-0.163,1829.0,0.0,0.0
355279,4.547,6.984,5.112,-0.02,-0.079,-0.125,1829.0,0.0,0.0
355287,4.58,6.962,5.207,-0.067,-0.029,-0.089,1829.0,0.0,0.0
355295,4.549,6.871,5.365,-0.121,0.007,-0.06,1828.0,0.0,0.0
355303,4.499,6.721,5.526,-0.163,0.025,-0.038,1831.0,0.0,0.0
355311,4.417,6.553,5.667,-0.176,0.023,-0.024,1829.0,0.0,0.0
355319,4.343,6.414,5.799,-0.156,0.002,-0.017,1833.0,0.0,0.0
355327,4.302,6.342,5.849,-0.112,-0.024,-0.018,1833.0,0.0,0.0
355335,4.293,6.282,5.883,-0.067,-0.047,-0.022,1830.0,0.0,0.0
355343,4.357,6.275,5.837,-0.024,-0.061,-0.025,1832.0,0.0,0.0
355352,4.436,6.263,5.796,0.011,-0.056,-0.025,1834.0,0.0,0.0
355360,4.48,6.306,5.806,0.044,-0.033,-0.023,1830.0,0.0,0.0
355368,4.513,6.311,5.835,0.058,-0.009,-0.02,1833.0,0.0,0.0
355376,4.468,6.316,5.93,0.054,0.01,-0.015,1833.0,0.0,0.0
355384,4.439,6.282,6.031,0.039,0.018,-0.005,1832.0,0.0,0.0
355392,4.367,6.218,6.079,0.02,0.013,0.005,1831.0,0.0,0.0
355400,4.369,6.153,6.072,0.006,0.003,0.011,1830.0,0.0,0.0
355409,4.329,5.986,6.112,0.0,0.001,0.01,1833.0,0.0,0.0
355417,4.381,5.873,6.223,-0.012,-0.015,0.007,1832.0,0.0,0.0
355425,4.357,5.823,6.053,-0.031,-0.025,-0.004,1833.0,0.0,0.0
355433,4.322,5.71,6.017,-0.039,-0.023,-0.019,1831.0,0.0,0.0
355441,4.326,5.72,5.976,-0.034,-0.028,-0.034,1832.0,0.0,0.0
355449,4.35,5.763,5.986,-0.017,-0.027,-0.051,1831.0,0.0,0.0
355457,4.343,5.837,5.983,-0.014,-0.016,-0.06,1829.0,0.0,0.0
355465,4.329,5.856,6.048,-0.025,-0.007,-0.066,1830.0,0.0,0.0
355473,4.305,5.93,6.081,-0.047,-0.001,-0.066,1833.0,0.0,0.0
355482,4.298,5.947,6.12,-0.069,-0.002,-0.066,1831.0,0.0,0.0
355490,4.25,5.945,6.16,-0.089,-0.006,-0.068,1830.0,0.0,0.0
355498,4.262,5.899,6.17,-0.096,-0.016,-0.071,1830.0,0.0,0.0
355506,4.264,5.899,6.139,-0.092,-0.025,-0.076,1833.0,0.0,0.0
355514,4.252,5.89,6.112,-0.09,-0.031,-0.082,1832.0,0.0,0.0
355522,4.264,5.873,6.057,-0.092,-0.033,-0.086,1832.0,0.0,0.0
355530,4.312,5.897,6.036,-0.091,-0.027,-0.092,1833.0,0.0,0.0
355538,4.336,5.935,6.026,-0.083,-0.023,-0.098,1830.0,0.0,0.0
355546,4.345,5.981,5.995,-0.075,-0.019,-0.105,1831.0,0.0,0.0
355555,4.322,6.041,6.005,-0.068,-0.019,-0.111,1829.0,0.0,0.0
355563,4.293,6.081,5.995,-0.07,-0.022,-0.114,1831.0,0.0,0.0
355571,4.233,6.117,6.012,-0.076,-0.028,-0.117,1830.0,0.0,0.0
355579,4.202,6.117,6.017,-0.082,-0.037,-0.117,1830.0,0.0,0.0
355587,4.211,6.124,5.95,-0.079,-0.046,-0.12,1833.0,0.0,0.0
355595,4.211,6.141,5.883,-0.069,-0.052,-0.124,1829.0,0.0,0.0
355603,4.24,6.17,5.792,-0.056,-0.059,-0.13,1829.0,0.0,0.0
355611,4.235,6.223,5.737,-0.042,-0.067,-0.133,1830.0,0.0,0.0
355620,4.269,6.297,5.681,-0.032,-0.072,-0.135,1828.0,0.0,0.0
355628,4.305,6.364,5.667,-0.023,-0.074,-0.135,1829.0,0.0,0.0
355636,4.343,6.45,5.552,-0.016,-0.069,-0.128,1832.0,0.0,0.0
355644,4.369,6.481,5.552,-0.022,-0.053,-0.118,1830.0,0.0,0.0
355652,4.353,6.495,5.636,-0.038,-0.035,-0.107,1831.0,0.0,0.0
355660,4.365,6.517,5.679,-0.045,-0.022,-0.1,1832.0,0.0,0.0
355668,4.295,6.531,5.578,-0.057,-0.017,-0.093,1829.0,0.0,0.0
355676,4.288,6.483,5.607,-0.05,-0.019,-0.09,1831.0,0.0,0.0
355685,4.283,6.488,5.523,-0.036,-0.026,-0.083,1831.0,0.0,0.0
355693,4.305,6.503,5.547,-0.026,-0.028,-0.077,1830.0,0.0,0.0
355701,4.326,6.519,5.523,-0.029,-0.021,-0.075,1832.0,0.0,0.0
355709,4.322,6.529,5.535,-0.036,-0.013,-0.072,1831.0,0.0,0.0
355717,4.312,6.539,5.61,-0.04,-0.003,-0.065,1831.0,0.0,0.0
355725,4.343,6.558,5.662,-0.043,0.008,-0.057,1831.0,0.0,0.0
355734,4.355,6.543,5.722,-0.048,0.017,-0.05,1830.0,0.0,0.0
355742,4.384,6.515,5.737,-0.052,0.022,-0.044,1829.0,0.0,0.0
355750,4.417,6.474,5.799,-0.049,0.024,-0.04,1830.0,0.0,0.0
355758,4.396,6.433,5.825,-0.037,0.022,-0.037,1831.0,0.0,0.0
355766,4.377,6.428,5.827,-0.019,0.022,-0.037,1831.0,0.0,0.0
355774,4.355,6.479,5.859,-0.003,0.022,-0.035,1829.0,0.0,0.0
355782,4.331,6.515,5.897,0.001,0.027,-0.032,1828.0,0.0,0.0
355790,4.314,6.572,5.964,-0.005,0.033,-0.025,1831.0,0.0,0.0
355798,4.25,6.563,6.019,-0.02,0.035,-0.015,1829.0,0.0,0.0
355806,4.226,6.527,6.069,-0.038,0.029,-0.006,1833.0,0.0,0.0
355814,4.219,6.483,6.076,-0.049,0.017,0.002,1830.0,0.0,0.0
355822,4.259,6.404,6.088,-0.047,0.001,0.006,1832.0,0.0,0.0
355830,4.298,6.349,6.086,-0.034,-0.015,0.005,1830.0,0.0,0.0
355839,4.314,6.345,6.067,-0.018,-0.027,0.001,1831.0,0.0,0.0
355847,4.314,6.349,6.029,-0.004,-0.034,-0.006,1830.0,0.0,0.0
355855,4.31,6.364,5.997,0.002,-0.032,-0.007,1832.0,0.0,0.0
355863,4.278,6.383,5.997,0.001,-0.024,-0.006,1828.0,0.0,0.0
355872,4.257,6.366,5.995,-0.009,-0.015,-0.001,1830.0,0.0,0.0
355880,4.221,6.347,6.036,-0.021,-0.011,0.005,1832.0,0.0,0.0
355888,4.178,6.29,6.036,-0.026,-0.018,0.007,1829.0,0.0,0.0
355896,4.219,6.249,6.019,-0.022,-0.034,0.006,1831.0,0.0,0.0
355904,4.252,6.211,5.945,-0.015,-0.048,0.001,1832.0,0.0,0.0
355912,4.317,6.187,5.863,-0.015,-0.057,-0.006,1831.0,0.0,0.0
355920,4.343,6.23,5.772,-0.021,-0.059,-0.013,1832.0,0.0,0.0
355928,4.329,6.235,5.76,-0.031,-0.053,-0.021,1831.0,0.0,0.0
355936,4.286,6.27,5.713,-0.038,-0.041,-0.026,1831.0,0.0,0.0
355944,4.25,6.304,5.696,-0.036,-0.031,-0.028,1831.0,0.0,0.0
355953,4.202,6.364,5.705,-0.031,-0.019,-0.025,1830.0,0.0,0.0
355961,4.137,6.378,5.775,-0.028,-0.014,-0.02,1830.0,0.0,0.0
355969,4.123,6.393,5.748,-0.029,-0.011,-0.014,1831.0,0.0,0.0
355977,4.161,6.369,5.708,-0.032,-0.008,-0.01,1832.0,0.0,0.0
355985,4.192,6.361,5.677,-0.041,-0.004,-0.01,1831.0,0.0,0.0
355993,4.207,6.359,5.65,-0.055,0.002,-0.011,1832.0,0.0,0.0
356001,4.211,6.345,5.648,-0.072,0.005,-0.012,1829.0,0.0,0.0
356010,4.214,6.34,5.669,-0.09,0.007,-0.011,1830.0,0.0,0.0
356018,4.223,6.302,5.727,-0.099,0.008,-0.009,1830.0,0.0,0.0
356026,4.226,6.268,5.775,-0.098,0.008,-0.008,1829.0,0.0,0.0
356034,4.223,6.258,5.847,-0.092,0.006,-0.008,1830.0,0.0,0.0
356042,4.207,6.213,5.842,-0.081,0.002,-0.011,1831.0,0.0,0.0
356050,4.199,6.206,5.835,-0.068,-0.001,-0.017,1830.0,0.0,0.0
356058,4.19,6.175,5.818,-0.052,-0.006,-0.026,1831.0,0.0,0.0
356066,4.192,6.184,5.808,-0.041,-0.009,-0.031,1831.0,0.0,0.0
356075,4.197,6.199,5.753,-0.037,-0.01,-0.035,1832.0,0.0,0.0
356083,4.199,6.246,5.753,-0.038,-0.009,-0.037,1830.0,0.0,0.0
356091,4.185,6.268,5.744,-0.043,-0.008,-0.038,1832.0,0.0,0.0
356099,4.178,6.282,5.727,-0.051,-0.007,-0.04,1827.0,0.0,0.0
356107,4.192,6.302,5.725,-0.06,-0.009,-0.042,1828.0,0.0,0.0
356115,4.214,6.297,5.744,-0.068,-0.013,-0.044,1831.0,0.0,0.0
356123,4.238,6.278,5.782,-0.073,-0.015,-0.048,1828.0,0.0,0.0
356131,4.257,6.282,5.758,-0.075,-0.017,-0.052,1828.0,0.0,0.0
356140,4.235,6.285,5.758,-0.065,-0.017,-0.06,1830.0,0.0,0.0
356148,4.245,6.383,5.794,-0.047,-0.021,-0.064,1830.0,0.0,0.0
356156,4.185,6.39,5.727,-0.034,-0.021,-0.065,1832.0,0.0,0.0
356164,4.171,6.474,5.741,-0.03,-0.018,-0.062,1830.0,0.0,0.0
356172,4.175,6.539,5.725,-0.037,-0.012,-0.055,1828.0,0.0,0.0
356180,4.223,6.543,5.746,-0.054,-0.002,-0.046,1831.0,0.0,0.0
356189,4.274,6.515,5.796,-0.072,0.007,-0.04,1830.0,0.0,0.0
356197,4.293,6.474,5.832,-0.088,0.013,-0.037,1829.0,0.0,0.0
356205,4.305,6.424,5.839,-0.095,0.014,-0.036,1831.0,0.0,0.0
356213,4.329,6.409,5.875,-0.092,0.01,-0.035,1831.0,0.0,0.0
356221,4.343,6.378,5.859,-0.084,0.003,-0.037,1831.0,0.0,0.0
356229,4.324,6.369,5.82,-0.081,-0.006,-0.039,1831.0,0.0,0.0
356237,4.312,6.361,5.753,-0.078,-0.012,-0.042,1832.0,0.0,0.0
356245,4.307,6.376,5.756,-0.073,-0.012,-0.044,1831.0,0.0,0.0
356254,4.298,6.39,5.739,-0.071,-0.007,-0.046,1831.0,0.0,0.0
356262,4.274,6.431,5.768,-0.069,0.001,-0.047,1834.0,0.0,0.0
356270,4.274,6.45,5.784,-0.065,0.004,-0.046,1829.0,0.0,0.0
356278,4.271,6.493,5.78,-0.061,0.003,-0.043,1829.0,0.0,0.0
356286,4.266,6.541,5.78,-0.056,-0.003,-0.039,1830.0,0.0,0.0
356295,4.271,6.543,5.725,-0.057,-0.011,-0.033,1834.0,0.0,0.0
356303,4.266,6.529,5.741,-0.065,-0.018,-0.028,1832.0,0.0,0.0
356311,4.293,6.486,5.708,-0.076,-0.02,-0.024,1831.0,0.0,0.0
356319,4.254,6.455,5.631,-0.088,-0.018,-0.022,1829.0,0.0,0.0
356327,4.226,6.409,5.638,-0.095,-0.015,-0.023,1830.0,0.0,0.0
356335,4.216,6.352,5.61,-0.088,-0.01,-0.026,1833.0,0.0,0.0
356344,4.216,6.357,5.624,-0.075,-0.004,-0.029,1830.0,0.0,0.0
356352,4.197,6.359,5.624,-0.06,0.002,-0.031,1829.0,0.0,0.0
356360,4.199,6.364,5.66,-0.048,0.006,-0.032,1829.0,0.0,0.0
356368,4.173,6.39,5.65,-0.04,0.008,-0.033,1831.0,0.0,0.0
356376,4.149,6.414,5.636,-0.035,0.005,-0.031,1829.0,0.0,0.0
356384,4.159,6.424,5.622,-0.033,0.0,-0.028,1830.0,0.0,0.0
356392,4.161,6.419,5.6,-0.033,-0.003,-0.025,1830.0,0.0,0.0
356400,4.164,6.393,5.555,-0.039,-0.001,-0.022,1829.0,0.0,0.0
356408,4.164,6.364,5.523,-0.057,0.004,-0.023,1830.0,0.0,0.0
356416,4.168,6.345,5.552,-0.072,0.013,-0.024,1830.0,0.0,0.0
356425,4.152,6.325,5.543,-0.077,0.024,-0.026,1831.0,0.0,0.0
356433,4.132,6.316,5.586,-0.074,0.035,-0.029,1830.0,0.0,0.0
356441,4.135,6.316,5.629,-0.069,0.042,-0.031,1831.0,0.0,0.0
356449,4.154,6.328,5.679,-0.066,0.04,-0.033,1831.0,0.0,0.0
356457,4.197,6.359,5.693,-0.064,0.035,-0.033,1829.0,0.0,0.0
356465,4.209,6.364,5.722,-0.06,0.033,-0.035,1829.0,0.0,0.0
356473,4.24,6.359,5.684,-0.059,0.031,-0.037,1828.0,0.0,0.0
356481,4.259,6.378,5.689,-0.061,0.034,-0.037,1830.0,0.0,0.0
356490,4.252,6.39,5.717,-0.065,0.041,-0.037,1829.0,0.0,0.0
356498,4.185,6.383,5.768,-0.072,0.047,-0.037,1830.0,0.0,0.0
356506,4.152,6.383,5.82,-0.076,0.047,-0.036,1830.0,0.0,0.0
356514,4.111,6.39,5.88,-0.073,0.042,-0.035,1832.0,0.0,0.0
356522,4.108,6.421,5.928,-0.066,0.03,-0.035,1830.0,0.0,0.0
356530,4.152,6.407,5.959,-0.057,0.014,-0.036,1827.0,0.0,0.0
356538,4.185,6.404,5.923,-0.051,0.003,-0.037,1832.0,0.0,0.0
356546,4.221,6.424,5.899,-0.047,-0.001,-0.039,1831.0,0.0,0.0
356554,4.226,6.452,5.871,-0.051,-0.002,-0.042,1832.0,0.0,0.0
356562,4.204,6.455,5.796,-0.06,0.0,-0.044,1831.0,0.0,0.0
356571,4.161,6.452,5.818,-0.064,0.001,-0.045,1831.0,0.0,0.0
356579,4.125,6.45,5.784,-0.06,0.004,-0.042,1830.0,0.0,0.0
356587,4.096,6.462,5.794,-0.052,0.004,-0.039,1832.0,0.0,0.0
356595,4.123,6.493,5.806,-0.051,0.003,-0.034,1833.0,0.0,0.0
356604,4.202,6.512,5.811,-0.061,0.004,-0.027,1831.0,0.0,0.0
356612,4.25,6.493,5.816,-0.075,0.008,-0.021,1830.0,0.0,0.0
356620,4.266,6.488,5.792,-0.092,0.014,-0.02,1829.0,0.0,0.0
356628,4.274,6.428,5.811,-0.103,0.016,-0.022,1830.0,0.0,0.0
356636,4.262,6.385,5.816,-0.107,0.02,-0.025,1830.0,0.0,0.0
