180274,6.366,7.202,1.798,-0.048,-0.007,-0.012,1775,0,0
180294,6.371,7.211,1.714,-0.055,0.006,-0.013,1775,0,0
180314,6.373,7.238,1.762,-0.071,0.02,-0.011,1775,0,0
180334,6.335,7.266,1.798,-0.07,0.031,-0.003,1774,0,0
180354,6.294,7.259,1.86,-0.07,0.03,0.01,1775,0,0
180374,6.364,7.171,1.846,-0.079,0.024,0.01,1774,0,0
180394,6.373,7.101,1.901,-0.06,0.025,0.007,1775,0,0
180414,6.383,7.128,1.946,-0.045,0.017,0.001,1775,0,0
180434,6.333,7.132,1.882,-0.048,0.01,0.001,1775,0,0
180454,6.337,7.132,1.824,-0.06,0.015,0.007,1775,0,0
180474,6.328,7.075,1.834,-0.063,0.025,0.007,1775,0,0
180495,6.366,7.049,1.877,-0.061,0.028,0.003,1774,0,0
180514,6.333,7.032,1.963,-0.064,0.021,0.001,1774,0,0
180534,6.306,7.02,1.944,-0.057,0.012,-0.01,1775,0,0
180554,6.258,7.092,1.896,-0.043,0.014,-0.013,1775,0,0
180574,6.285,7.108,1.81,-0.056,0.014,-0.009,1774,0,0
180594,6.258,7.077,1.803,-0.078,0.03,-0.009,1775,0,0
180614,6.294,7.02,1.935,-0.076,0.035,-0.014,1775,0,0
180634,6.369,7.001,2.018,-0.066,0.026,-0.019,1775,0,0
180654,6.371,6.984,1.951,-0.058,0.015,-0.034,1775,0,0
180674,6.357,7.111,1.891,-0.043,0.014,-0.042,1774,0,0
180694,6.376,7.254,1.93,-0.05,0.015,-0.037,1775,0,0
180714,6.349,7.276,1.966,-0.071,0.014,-0.029,1775,0,0
180734,6.325,7.24,1.99,-0.066,0.011,-0.023,1775,0,0
180754,6.34,7.283,1.939,-0.056,0.002,-0.022,1775,0,0
180774,6.354,7.278,1.942,-0.052,0.004,-0.015,1775,0,0
180794,6.333,7.247,1.93,-0.061,0.006,-0.006,1776,0,0
180814,6.381,7.199,1.927,-0.061,0.007,-0.003,1776,0,0
180834,6.361,7.18,1.918,-0.079,0.011,-0.009,1775,0,0
180854,6.29,7.173,2.002,-0.08,0.011,-0.008,1775,0,0
180874,6.325,7.163,2.009,-0.059,-0.002,-0.002,1776,0,0
180894,6.385,7.125,1.913,-0.078,-0.005,-0.005,1775,0,0
180914,6.328,7.123,1.911,-0.073,0.0,-0.016,1775,0,0
180934,6.323,7.192,1.889,-0.063,-0.002,-0.016,1775,0,0
180954,6.311,7.199,1.832,-0.071,-0.008,-0.01,1775,0,0
180974,6.302,7.168,1.8,-0.072,-0.009,-0.009,1775,0,0
180994,6.321,7.144,1.805,-0.074,0.004,-0.01,1775,0,0
181014,6.335,7.13,1.793,-0.066,0.007,-0.015,1775,0,0
181034,6.294,7.161,1.803,-0.062,0.01,-0.016,1774,0,0
181054,6.299,7.171,1.779,-0.061,0.006,-0.018,1775,0,0
181074,6.33,7.214,1.812,-0.054,0.017,-0.017,1775,0,0
181094,6.323,7.221,1.836,-0.075,0.023,-0.01,1774,0,0
181114,6.302,7.159,1.808,-0.073,0.022,-0.006,1775,0,0
181134,6.282,7.08,1.803,-0.07,0.02,-0.015,1774,0,0
181154,6.352,7.111,1.769,-0.068,0.028,-0.022,1775,0,0
181174,6.316,7.183,1.884,-0.043,0.03,-0.027,1775,0,0
181194,6.244,7.29,1.958,-0.034,0.025,-0.021,1776,0,0
181214,6.294,7.343,1.877,-0.058,0.014,-0.006,1776,0,0
181234,6.381,7.204,1.841,-0.069,0.019,0.005,1775,0,0
181254,6.376,7.084,1.901,-0.048,0.025,0.001,1775,0,0
181274,6.337,7.12,1.932,-0.035,0.023,-0.008,1775,0,0
181294,6.297,7.151,1.97,-0.056,0.02,-0.015,1775,0,0
181314,6.318,7.195,1.906,-0.053,0.015,-0.015,1775,0,0
181334,6.314,7.192,1.863,-0.034,0.019,-0.01,1775,0,0
181354,6.302,7.211,1.896,-0.069,0.032,-0.009,1775,0,0
181374,6.337,7.173,1.939,-0.091,0.038,-0.003,1775,0,0
181394,6.333,7.173,2.009,-0.067,0.032,-0.008,1775,0,0
181415,6.299,7.23,1.997,-0.064,0.029,-0.005,1775,0,0
181434,6.294,7.195,2.045,-0.081,0.023,-0.007,1775,0,0
181454,6.299,7.202,2.03,-0.066,0.012,-0.005,1774,0,0
181474,6.266,7.228,2.061,-0.065,0.01,-0.001,1775,0,0
181494,6.273,7.199,2.025,-0.076,-0.004,0.003,1775,0,0
181514,6.285,7.161,1.963,-0.084,-0.003,0.003,1774,0,0
181534,6.333,7.089,1.937,-0.078,0.0,-0.004,1774,0,0
181554,6.342,7.099,1.978,-0.06,-0.009,-0.013,1775,0,0
181574,6.347,7.207,1.925,-0.052,-0.015,-0.021,1775,0,0
181594,6.33,7.317,1.822,-0.065,-0.013,-0.016,1775,0,0
181614,6.304,7.326,1.82,-0.063,-0.001,-0.0,1775,0,0
181634,6.292,7.262,1.851,-0.076,0.007,0.009,1775,0,0
181654,6.309,7.175,1.875,-0.083,0.0,0.006,1775,0,0
181674,6.297,7.149,1.776,-0.057,-0.002,0.003,1775,0,0
181694,6.333,7.154,1.724,-0.049,0.01,0.006,1775,0,0
181714,6.318,7.137,1.786,-0.066,0.025,0.011,1775,0,0
181734,6.297,7.051,1.86,-0.076,0.027,0.003,1775,0,0
181754,6.287,7.061,1.841,-0.064,0.021,-0.006,1774,0,0
181774,6.302,7.123,1.856,-0.047,0.024,-0.013,1776,0,0
181794,6.285,7.187,1.906,-0.036,0.028,-0.005,1774,0,0
181814,6.297,7.163,1.87,-0.054,0.029,0.001,1775,0,0
181834,6.297,7.118,1.875,-0.081,0.038,0.001,1775,0,0
181854,6.321,7.049,1.863,-0.078,0.044,-0.006,1775,0,0
181874,6.325,7.056,1.93,-0.056,0.048,-0.013,1775,0,0
181894,6.33,7.149,2.011,-0.05,0.051,-0.017,1775,0,0
181914,6.393,7.159,2.002,-0.073,0.043,-0.012,1775,0,0
181934,6.378,7.132,1.99,-0.073,0.042,-0.014,1775,0,0
181954,6.27,7.192,2.057,-0.058,0.038,-0.014,1775,0,0
181974,6.235,7.24,2.102,-0.044,0.036,-0.009,1775,0,0
181994,6.251,7.233,2.059,-0.055,0.027,-0.003,1775,0,0
182014,6.297,7.108,2.002,-0.072,0.021,-0.001,1775,0,0
182034,6.325,7.039,1.961,-0.066,0.022,-0.006,1775,0,0
182054,6.311,7.034,2.018,-0.083,0.033,-0.016,1775,0,0
182075,6.285,7.017,2.102,-0.07,0.029,-0.025,1775,0,0
182094,6.256,7.072,2.126,-0.055,0.013,-0.031,1775,0,0
182114,6.275,7.156,2.069,-0.067,0.005,-0.033,1775,0,0
182134,6.244,7.171,1.97,-0.069,0.004,-0.031,1776,0,0
182154,6.244,7.207,1.867,-0.067,0.009,-0.028,1774,0,0
182174,6.273,7.247,1.848,-0.072,0.025,-0.023,1775,0,0
182194,6.239,7.245,1.992,-0.076,0.035,-0.019,1775,0,0
182214,6.258,7.209,2.093,-0.066,0.015,-0.017,1775,0,0
182234,6.314,7.204,2.011,-0.066,0.006,-0.017,1775,0,0
182254,6.273,7.24,1.896,-0.063,0.006,-0.021,1775,0,0
182274,6.287,7.274,1.891,-0.052,0.017,-0.009,1774,0,0
182294,6.263,7.235,1.92,-0.071,0.025,-0.001,1775,0,0
182314,6.302,7.128,1.97,-0.083,0.017,-0.004,1775,0,0
182334,6.287,7.094,1.992,-0.071,0.01,-0.019,1775,0,0
182354,6.22,7.214,1.951,-0.033,0.004,-0.026,1775,0,0
182374,6.22,7.298,1.87,-0.021,0.005,-0.014,1775,0,0
182394,6.242,7.264,1.846,-0.05,0.017,-0.007,1775,0,0
182414,6.223,7.214,1.865,-0.068,0.025,-0.002,1775,0,0
182434,6.244,7.163,1.908,-0.07,0.031,-0.001,1775,0,0
182454,6.263,7.128,1.923,-0.061,0.028,-0.005,1776,0,0
182474,6.287,7.168,1.946,-0.038,0.028,-0.012,1775,0,0
182494,6.335,7.228,1.987,-0.041,0.03,-0.01,1775,0,0
182514,6.349,7.281,2.047,-0.057,0.035,-0.005,1775,0,0
182534,6.294,7.286,2.145,-0.055,0.031,0.003,1775,0,0
182554,6.314,7.247,2.191,-0.064,0.017,0.01,1775,0,0
182574,6.354,7.221,2.109,-0.069,0.007,0.009,1775,0,0
182594,6.371,7.187,1.946,-0.063,0.003,0.004,1775,0,0
182614,6.357,7.214,1.853,-0.076,0.014,0.006,1775,0,0
182634,6.323,7.238,1.791,-0.091,0.028,0.007,1775,0,0
182654,6.278,7.235,1.867,-0.086,0.037,0.01,1775,0,0
182674,6.258,7.269,1.927,-0.077,0.038,0.01,1775,0,0
182694,6.22,7.269,1.944,-0.064,0.031,0.01,1776,0,0
182714,6.235,7.276,1.935,-0.05,0.033,0.015,1775,0,0
182734,6.22,7.276,1.899,-0.048,0.039,0.029,1775,0,0
182754,6.187,7.19,1.973,-0.069,0.044,0.042,1775,0,0
182774,6.177,7.037,2.009,-0.083,0.038,0.042,1775,0,0
182794,6.203,6.867,1.951,-0.069,0.031,0.025,1774,0,0
182814,6.323,6.895,1.867,-0.041,0.029,0.009,1775,0,0
182834,6.292,6.977,1.839,-0.038,0.042,-0.005,1775,0,0
182854,6.237,7.032,1.865,-0.06,0.051,-0.014,1775,0,0
182874,6.256,7.08,1.927,-0.063,0.052,-0.014,1775,0,0
182894,6.297,7.077,1.93,-0.07,0.057,-0.015,1775,0,0
182914,6.27,7.029,1.935,-0.056,0.059,-0.031,1775,0,0
182934,6.345,7.135,1.889,-0.04,0.059,-0.039,1775,0,0
182954,6.436,7.24,1.879,-0.047,0.074,-0.035,1775,0,0
182974,6.431,7.302,1.987,-0.072,0.094,-0.025,1775,0,0
182994,6.328,7.309,2.253,-0.069,0.096,-0.014,1775,0,0
183014,6.246,7.295,2.373,-0.07,0.069,-0.003,1775,0,0
183034,6.311,7.24,2.26,-0.057,0.043,0.004,1775,0,0
183054,6.28,7.175,2.126,-0.046,0.042,0.006,1775,0,0
183074,6.275,7.142,2.002,-0.052,0.048,0.006,1775,0,0
183094,6.237,7.128,2.025,-0.072,0.06,0.007,1775,0,0
183114,6.191,7.113,2.066,-0.084,0.062,-0.0,1775,0,0
183135,6.132,7.12,2.119,-0.066,0.059,-0.002,1774,0,0
183154,6.098,7.106,2.109,-0.061,0.047,-0.005,1775,0,0
183174,6.136,7.08,1.992,-0.052,0.052,-0.009,1775,0,0
183194,6.112,7.13,2.042,-0.064,0.064,-0.012,1775,0,0
183214,6.179,7.135,2.1,-0.08,0.064,-0.009,1775,0,0
183234,6.237,7.084,2.138,-0.068,0.063,-0.015,1773,0,0
183254,6.251,7.111,2.148,-0.052,0.064,-0.02,1775,0,0
183274,6.282,7.209,2.114,-0.055,0.068,-0.017,1775,0,0
183294,6.323,7.216,2.188,-0.072,0.071,-0.007,1775,0,0
183314,6.287,7.175,2.258,-0.082,0.064,-0.012,1776,0,0
183334,6.273,7.199,2.284,-0.059,0.051,-0.013,1775,0,0
183354,6.244,7.242,2.222,-0.043,0.044,-0.007,1775,0,0
183374,6.148,7.242,2.162,-0.062,0.05,-0.001,1776,0,0
183395,6.158,7.175,2.088,-0.071,0.056,0.002,1776,0,0
183414,6.249,7.108,2.119,-0.079,0.058,0.002,1775,0,0
183434,6.23,7.07,2.236,-0.08,0.06,-0.005,1776,0,0
183454,6.105,7.108,2.342,-0.038,0.048,-0.013,1775,0,0
183474,6.041,7.199,2.294,-0.026,0.024,-0.016,1775,0,0
183494,6.084,7.168,2.102,-0.046,0.019,-0.012,1775,0,0
183514,6.112,7.13,1.994,-0.048,0.035,-0.013,1776,0,0
183534,6.124,7.101,1.908,-0.051,0.051,-0.015,1776,0,0
183554,6.108,7.101,1.8,-0.056,0.072,-0.025,1775,0,0
183574,6.079,7.084,1.642,-0.017,0.076,-0.047,1775,0,0
183594,6.237,7.271,1.499,0.033,0.088,-0.052,1776,0,0
183614,6.227,7.496,1.439,0.021,0.132,-0.043,1774,0,0
183634,6.17,7.604,1.398,-0.003,0.166,-0.011,1776,0,0
183654,6.151,7.491,1.341,-0.037,0.199,0.026,1775,0,0
183674,6.103,7.321,1.35,-0.036,0.239,0.029,1776,0,0
183694,6.0,7.293,1.389,0.022,0.261,0.014,1776,0,0
183714,6.074,7.367,1.264,0.081,0.273,0.013,1775,0,0
183734,6.012,7.446,1.159,0.083,0.307,0.015,1776,0,0
183754,5.911,7.515,1.037,0.084,0.355,0.029,1775,0,0
183774,5.799,7.626,0.843,0.11,0.413,0.051,1776,0,0
183794,5.655,7.604,0.888,0.096,0.48,0.061,1775,0,0
183814,5.578,7.609,0.96,0.135,0.531,0.06,1776,0,0
183834,5.535,7.726,0.867,0.214,0.568,0.074,1775,0,0
183854,5.435,7.769,0.582,0.239,0.627,0.096,1775,0,0
183874,5.315,7.784,0.139,0.271,0.712,0.105,1775,0,0
183894,5.186,7.922,-0.127,0.358,0.839,0.115,1775,0,0
183914,5.112,8.375,0.218,0.439,0.997,0.167,1775,0,0
183934,4.803,8.48,1.082,0.336,1.07,0.251,1775,0,0
183954,4.834,8.193,1.334,0.285,1.046,0.304,1775,0,0
183974,4.642,8.112,0.682,0.489,1.081,0.314,1776,0,0
183994,4.331,8.42,-0.153,0.644,1.209,0.314,1776,0,0
184014,4.468,9.088,-0.488,0.708,1.417,0.367,1775,0,0
184034,4.573,9.421,0.429,0.516,1.68,0.543,1775,0,0
184054,3.855,8.947,1.657,0.228,1.833,0.678,1776,0,0
184074,3.428,8.265,1.743,0.331,1.765,0.671,1777,0,0
184094,4.005,8.59,0.958,0.7,1.791,0.714,1776,0,0
184114,4.401,8.971,1.221,0.761,2.039,0.811,1776,0,0
184134,3.833,8.686,2.421,0.566,2.26,0.896,1776,0,0
184154,3.376,8.246,2.938,0.561,2.245,0.917,1776,0,0
184174,3.704,8.186,3.275,0.676,2.223,0.932,1776,0,0
184194,3.996,8.253,3.91,0.685,2.286,1.031,1776,0,0
184214,3.723,7.784,3.929,0.642,2.278,1.051,1776,0,0
184234,3.639,7.702,3.543,0.891,2.267,0.979,1777,0,0
184254,4.075,8.248,4.681,1.05,2.447,0.985,1777,0,0
184274,3.891,8.241,6.251,0.715,2.517,1.09,1777,0,0
184294,3.448,7.506,6.558,0.451,2.253,1.152,1778,0,0
184314,3.663,6.603,5.452,0.739,1.887,1.054,1778,0,0
184334,4.365,7.19,5.143,1.24,1.989,1.004,1777,0,0
184354,3.711,7.578,6.187,1.002,2.209,1.008,1777,0,0
184374,3.259,7.058,6.876,0.825,2.029,0.959,1778,0,0
184394,3.103,6.97,6.699,0.949,1.786,0.93,1777,0,0
184414,3.529,7.003,6.898,0.954,1.727,0.927,1777,0,0
184434,3.433,6.843,7.848,0.775,1.775,0.918,1778,0,0
184455,3.127,6.349,8.478,0.608,1.537,0.87,1778,0,0
184474,3.213,5.768,8.248,0.682,1.185,0.793,1778,0,0
184494,3.733,5.883,7.937,0.919,1.03,0.715,1780,0,0
184514,3.792,6.203,8.499,0.73,1.078,0.663,1779,0,0
184534,3.536,5.983,8.789,0.4,0.942,0.606,1779,0,0
184554,3.565,5.593,8.54,0.289,0.549,0.479,1778,0,0
184574,3.977,5.636,7.781,0.434,0.309,0.362,1779,0,0
184594,4.101,5.959,7.25,0.475,0.312,0.289,1779,0,0
184614,3.929,6.084,6.931,0.392,0.254,0.203,1778,0,0
184634,4.19,6.285,6.335,0.34,0.13,0.141,1778,0,0
184654,4.42,6.529,5.701,0.209,0.089,0.079,1778,0,0
184674,4.456,6.812,5.485,0.114,0.112,0.037,1777,0,0
184694,4.432,7.072,5.543,0.088,0.136,0.052,1777,0,0
184714,4.362,7.039,5.713,0.052,0.109,0.084,1776,0,0
184734,4.36,6.697,5.665,-0.009,0.009,0.076,1777,0,0
184754,4.475,6.457,5.267,0.021,-0.09,0.029,1777,0,0
184774,4.575,6.476,4.925,0.08,-0.125,-0.008,1777,0,0
184794,4.465,6.529,4.714,0.137,-0.126,-0.037,1776,0,0
184814,4.58,6.62,4.456,0.191,-0.141,-0.066,1776,0,0
184834,4.743,6.744,4.204,0.2,-0.135,-0.093,1776,0,0
184854,4.733,6.881,4.077,0.107,-0.116,-0.109,1776,0,0
184874,4.707,6.919,3.903,0.054,-0.123,-0.122,1775,0,0
184894,4.784,7.046,3.687,0.122,-0.126,-0.132,1775,0,0
184914,4.92,7.35,3.567,0.175,-0.068,-0.119,1775,0,0
184934,4.855,7.671,3.563,0.058,-0.015,-0.082,1775,0,0
184954,4.848,7.554,3.658,-0.137,-0.014,-0.049,1775,0,0
184974,4.92,7.353,3.711,-0.135,-0.014,-0.046,1776,0,0
184994,4.853,7.453,3.785,-0.001,0.009,-0.039,1775,0,0
185014,4.815,7.587,3.761,0.048,0.006,-0.026,1776,0,0
185034,4.884,7.628,3.579,0.053,0.003,-0.004,1775,0,0
185054,4.93,7.558,3.579,0.016,0.037,0.016,1775,0,0
185074,4.843,7.374,3.675,-0.007,0.077,0.028,1775,0,0
185094,4.8,7.257,3.862,0.0,0.085,0.033,1775,0,0
185114,4.93,7.171,3.843,0.017,0.085,0.034,1775,0,0
185134,4.915,7.173,3.907,0.021,0.117,0.024,1775,0,0
185154,4.788,7.14,4.14,0.0,0.127,0.015,1775,0,0
185175,4.705,7.135,4.233,-0.016,0.098,0.009,1775,0,0
185194,4.817,7.161,4.199,0.011,0.067,-0.004,1775,0,0
185214,4.934,7.29,4.164,0.062,0.058,-0.014,1775,0,0
185234,4.968,7.41,4.19,0.053,0.042,-0.002,1776,0,0
185254,5.023,7.369,4.175,0.007,0.008,0.006,1775,0,0
185274,5.049,7.259,4.029,-0.007,-0.006,0.005,1775,0,0
185294,5.04,7.257,3.886,0.002,-0.005,0.002,1775,0,0
185314,4.987,7.228,3.871,-0.013,0.008,0.004,1775,0,0
185334,4.968,7.219,3.879,-0.013,0.018,-0.001,1775,0,0
185354,5.033,7.254,3.838,0.002,0.021,-0.005,1776,0,0
185374,4.987,7.331,3.838,-0.016,0.04,-0.008,1775,0,0
185394,4.791,7.429,3.929,-0.049,0.058,-0.015,1776,0,0
185414,4.695,7.537,3.965,-0.033,0.048,-0.006,1775,0,0
185434,4.738,7.566,3.874,-0.02,0.045,0.025,1775,0,0
185454,4.796,7.377,3.831,-0.071,0.061,0.038,1775,0,0
185474,4.815,7.173,3.859,-0.102,0.074,0.03,1776,0,0
185494,4.781,7.104,4.005,-0.084,0.078,0.011,1775,0,0
185514,4.791,7.123,4.046,-0.043,0.048,-0.002,1775,0,0
185534,4.791,7.226,3.91,-0.002,0.015,-0.012,1774,0,0
185554,4.815,7.278,3.778,-0.008,0.012,-0.013,1774,0,0
185574,4.793,7.293,3.723,-0.013,0.021,-0.012,1775,0,0
185594,4.82,7.336,3.694,0.001,0.022,-0.014,1775,0,0
185614,4.781,7.372,3.62,-0.006,0.031,-0.011,1774,0,0
185634,4.731,7.412,3.596,-0.01,0.047,-0.002,1775,0,0
185654,4.678,7.374,3.601,-0.002,0.068,0.006,1775,0,0
185674,4.736,7.278,3.733,0.001,0.088,0.007,1775,0,0
185694,4.748,7.24,3.824,0.011,0.082,-0.008,1775,0,0
185714,4.724,7.288,3.802,0.023,0.076,-0.022,1775,0,0
185734,4.647,7.348,3.836,0.028,0.083,-0.028,1775,0,0
185754,4.714,7.424,3.91,0.035,0.099,-0.018,1774,0,0
185774,4.784,7.47,3.998,0.024,0.097,-0.012,1776,0,0
185794,4.788,7.484,4.082,-0.009,0.073,-0.014,1774,0,0
185814,4.719,7.525,4.073,-0.015,0.06,-0.009,1775,0,0
185834,4.709,7.537,4.096,0.005,0.06,0.01,1775,0,0
185854,4.772,7.463,4.12,0.001,0.044,0.012,1774,0,0
185874,4.81,7.494,4.113,-0.019,0.024,0.002,1775,0,0
185894,4.798,7.468,3.998,-0.033,0.004,0.005,1774,0,0
185914,4.827,7.451,3.862,-0.004,-0.01,0.01,1775,0,0
185934,4.882,7.436,3.843,-0.011,0.009,0.021,1775,0,0
185954,4.834,7.386,3.785,-0.021,0.002,0.014,1775,0,0
185974,4.791,7.403,3.663,-0.015,-0.01,0.003,1774,0,0
185994,4.745,7.451,3.594,-0.018,0.003,-0.006,1774,0,0
186014,4.717,7.523,3.654,-0.013,0.022,-0.009,1774,0,0
186034,4.697,7.594,3.713,0.008,0.033,-0.006,1775,0,0
186054,4.702,7.647,3.694,-0.006,0.032,0.01,1774,0,0
186074,4.719,7.53,3.723,-0.063,0.044,0.023,1773,0,0
186094,4.688,7.4,3.792,-0.088,0.056,0.024,1774,0,0
186114,4.683,7.343,3.852,-0.061,0.058,0.019,1775,0,0
186134,4.676,7.355,3.893,-0.045,0.039,0.013,1774,0,0
186154,4.693,7.369,3.847,-0.045,0.013,0.007,1775,0,0
186174,4.721,7.338,3.718,-0.056,0.007,0.01,1775,0,0
186194,4.786,7.262,3.67,-0.054,0.006,-0.003,1775,0,0
186214,4.841,7.326,3.706,-0.043,0.016,-0.015,1775,0,0
186234,4.767,7.427,3.725,-0.034,0.014,-0.027,1775,0,0
186254,4.738,7.508,3.709,-0.039,0.006,-0.02,1775,0,0
186274,4.788,7.482,3.644,-0.04,-0.007,-0.007,1775,0,0
186294,4.843,7.468,3.634,-0.022,-0.001,-0.004,1774,0,0
186314,4.805,7.458,3.622,-0.023,0.0,-0.016,1775,0,0
186334,4.741,7.537,3.594,-0.004,-0.006,-0.018,1774,0,0
186354,4.762,7.587,3.565,-0.008,0.005,-0.009,1774,0,0
186374,4.702,7.563,3.572,-0.026,0.019,-0.002,1775,0,0
186394,4.676,7.523,3.642,-0.036,0.043,0.014,1774,0,0
186414,4.695,7.379,3.752,-0.07,0.047,0.02,1774,0,0
186434,4.733,7.238,3.833,-0.075,0.042,0.014,1775,0,0
186454,4.752,7.197,3.816,-0.054,0.029,-0.005,1775,0,0
186474,4.712,7.298,3.804,-0.032,0.015,-0.027,1775,0,0
186494,4.717,7.389,3.847,-0.028,0.008,-0.037,1775,0,0
186514,4.755,7.465,3.819,-0.025,-0.008,-0.039,1773,0,0
186534,4.824,7.542,3.757,-0.026,-0.022,-0.037,1774,0,0
186554,4.879,7.616,3.646,-0.04,-0.018,-0.033,1775,0,0
186574,4.781,7.654,3.694,-0.047,-0.025,-0.024,1775,0,0
186594,4.719,7.649,3.706,-0.031,-0.037,-0.014,1774,0,0
186614,4.736,7.621,3.618,-0.008,-0.047,-0.006,1774,0,0
186634,4.848,7.53,3.488,-0.002,-0.058,-0.009,1775,0,0
186654,4.884,7.487,3.369,0.001,-0.042,-0.021,1775,0,0
186674,4.82,7.614,3.347,-0.015,-0.001,-0.027,1775,0,0
186694,4.764,7.714,3.529,-0.028,0.043,-0.008,1775,0,0
186714,4.769,7.697,3.661,-0.064,0.057,0.02,1775,0,0
186734,4.793,7.539,3.795,-0.097,0.046,0.029,1775,0,0
186754,4.796,7.338,3.831,-0.104,0.033,0.025,1775,0,0
186774,4.81,7.314,3.771,-0.06,0.008,0.004,1775,0,0
186794,4.781,7.422,3.709,-0.038,-0.011,-0.005,1775,0,0
186814,4.721,7.511,3.654,-0.056,-0.018,-0.01,1775,0,0
186834,4.693,7.47,3.57,-0.059,-0.041,-0.012,1775,0,0
186854,4.774,7.458,3.393,-0.017,-0.051,-0.015,1775,0,0
186874,4.824,7.515,3.299,-0.001,-0.034,-0.016,1775,0,0
186894,4.81,7.463,3.349,0.015,-0.006,-0.032,1774,0,0
186914,4.793,7.525,3.349,0.089,-0.002,-0.044,1773,0,0
186934,4.745,7.669,3.304,0.083,-0.006,-0.037,1773,0,0
186954,4.764,7.623,3.302,0.029,0.003,-0.037,1773,0,0
186974,4.786,7.609,3.345,0.03,0.021,-0.039,1774,0,0
186994,4.748,7.681,3.371,-0.004,0.034,-0.036,1771,0,0
187014,4.786,7.638,3.417,-0.053,0.048,-0.025,1775,0,0
187034,4.762,7.664,3.56,-0.045,0.075,-0.018,1774,0,0
187054,4.709,7.681,3.733,-0.057,0.078,-0.006,1773,0,0
187074,4.76,7.654,3.797,-0.078,0.054,0.004,1774,0,0
187094,4.853,7.532,3.802,-0.088,0.026,0.002,1774,0,0
187114,4.841,7.434,3.685,-0.073,0.002,-0.008,1772,0,0
187134,4.851,7.501,3.572,-0.038,-0.027,-0.02,1773,0,0
187154,4.954,7.611,3.474,-0.045,-0.034,-0.021,1773,0,0
187174,4.973,7.64,3.383,-0.068,-0.028,-0.021,1774,0,0
187194,4.958,7.793,3.278,-0.04,-0.032,-0.015,1773,0,0
187214,4.891,7.896,3.223,-0.055,-0.024,0.004,1773,0,0
187234,4.774,7.872,3.208,-0.077,-0.002,0.025,1773,0,0
187254,4.7,7.819,3.263,-0.043,0.008,0.044,1772,0,0
187274,4.707,7.688,3.256,-0.026,0.005,0.047,1772,0,0
187294,4.697,7.532,3.136,-0.043,0.022,0.047,1773,0,0
187314,4.659,7.403,3.22,-0.038,0.05,0.038,1773,0,0
187334,4.659,7.408,3.383,-0.037,0.088,0.03,1773,0,0
187354,4.606,7.429,3.567,-0.05,0.098,0.021,1773,0,0
187374,4.583,7.47,3.663,-0.074,0.088,0.019,1773,0,0
187394,4.628,7.41,3.711,-0.098,0.082,0.018,1773,0,0
187414,4.606,7.365,3.895,-0.092,0.072,0.009,1773,0,0
187434,4.616,7.427,4.001,-0.059,0.023,-0.011,1774,0,0
187454,4.642,7.511,3.915,-0.047,-0.024,-0.022,1773,0,0
187474,4.681,7.535,3.697,-0.041,-0.054,-0.03,1774,0,0
187494,4.714,7.575,3.428,-0.012,-0.065,-0.031,1774,0,0
187514,4.755,7.657,3.304,-0.023,-0.054,-0.03,1775,0,0
187534,4.726,7.671,3.318,-0.074,-0.034,-0.023,1774,0,0
187554,4.726,7.616,3.316,-0.074,-0.022,-0.023,1774,0,0
187574,4.731,7.578,3.297,-0.046,-0.018,-0.028,1775,0,0
187594,4.764,7.602,3.242,-0.031,-0.011,-0.037,1774,0,0
187614,4.738,7.654,3.321,-0.039,0.005,-0.043,1773,0,0
187634,4.652,7.657,3.436,-0.052,0.019,-0.032,1774,0,0
187654,4.673,7.618,3.457,-0.053,0.029,-0.017,1773,0,0
187674,4.745,7.542,3.5,-0.068,0.031,-0.019,1774,0,0
187694,4.781,7.544,3.591,-0.09,0.04,-0.023,1774,0,0
187714,4.731,7.501,3.742,-0.09,0.033,-0.02,1774,0,0
187734,4.75,7.475,3.754,-0.075,-0.005,-0.02,1774,0,0
187754,4.827,7.439,3.646,-0.068,-0.045,-0.032,1774,0,0
187774,4.879,7.525,3.481,-0.052,-0.055,-0.048,1774,0,0
187794,4.831,7.671,3.342,-0.038,-0.047,-0.052,1774,0,0
187814,4.891,7.827,3.299,-0.019,-0.051,-0.04,1774,0,0
187834,4.978,7.887,3.208,-0.034,-0.046,-0.021,1775,0,0
187854,5.011,7.776,3.115,-0.053,-0.027,-0.012,1774,0,0
187874,4.887,7.807,3.191,0.002,0.002,-0.005,1773,0,0
187894,4.793,7.968,3.259,0.012,0.006,0.019,1774,0,0
187914,4.839,7.863,3.261,-0.058,-0.01,0.041,1773,0,0
187934,4.855,7.683,3.244,-0.051,0.009,0.043,1774,0,0
187954,4.774,7.597,3.275,-0.037,0.027,0.04,1774,0,0
187974,4.736,7.494,3.218,-0.038,0.046,0.042,1773,0,0
187994,4.755,7.465,3.323,-0.055,0.072,0.04,1774,0,0
188014,4.724,7.506,3.472,-0.081,0.087,0.033,1773,0,0
188034,4.688,7.508,3.625,-0.104,0.072,0.036,1774,0,0
188054,4.705,7.381,3.618,-0.116,0.046,0.032,1774,0,0
188074,4.683,7.266,3.558,-0.081,0.019,0.009,1773,0,0
188094,4.712,7.326,3.472,-0.027,-0.006,-0.017,1774,0,0
188114,4.724,7.539,3.364,-0.026,-0.014,-0.032,1774,0,0
188134,4.755,7.649,3.287,-0.054,-0.018,-0.033,1774,0,0
188154,4.798,7.673,3.203,-0.052,-0.009,-0.031,1774,0,0
188174,4.741,7.719,3.182,-0.05,0.006,-0.03,1773,0,0
188194,4.745,7.74,3.261,-0.051,0.014,-0.021,1774,0,0
188214,4.784,7.743,3.328,-0.054,0.013,-0.019,1774,0,0
188234,4.803,7.719,3.275,-0.043,0.015,-0.023,1774,0,0
188254,4.767,7.724,3.203,-0.029,0.035,-0.015,1773,0,0
188274,4.695,7.673,3.285,-0.033,0.051,-0.005,1774,0,0
188294,4.774,7.597,3.373,-0.056,0.056,-0.004,1774,0,0
188314,4.863,7.561,3.438,-0.077,0.072,-0.008,1774,0,0
188334,4.786,7.58,3.529,-0.083,0.078,-0.006,1774,0,0
188354,4.743,7.616,3.63,-0.086,0.072,0.001,1774,0,0
188374,4.769,7.57,3.661,-0.08,0.058,0.005,1774,0,0
188394,4.848,7.549,3.677,-0.08,0.028,0.001,1774,0,0
188414,4.875,7.547,3.613,-0.084,0.0,-0.006,1773,0,0
188434,4.891,7.568,3.498,-0.067,-0.015,-0.012,1773,0,0
188454,4.858,7.657,3.388,-0.048,-0.018,-0.017,1774,0,0
188474,4.81,7.776,3.349,-0.049,-0.013,-0.014,1774,0,0
188494,4.729,7.784,3.359,-0.09,-0.009,-0.001,1773,0,0
188514,4.712,7.69,3.338,-0.094,-0.006,0.011,1774,0,0
188534,4.781,7.621,3.256,-0.047,0.001,0.011,1774,0,0
188554,4.786,7.592,3.297,-0.052,0.017,0.008,1774,0,0
188574,4.707,7.523,3.361,-0.087,0.021,0.001,1773,0,0
188594,4.685,7.468,3.412,-0.079,0.02,-0.009,1773,0,0
188614,4.671,7.556,3.299,-0.04,0.03,-0.018,1773,0,0
188634,4.709,7.69,3.309,-0.038,0.048,-0.011,1773,0,0
188654,4.743,7.666,3.402,-0.091,0.067,0.003,1773,0,0
188674,4.774,7.525,3.572,-0.122,0.075,0.01,1774,0,0
188694,4.788,7.482,3.618,-0.098,0.061,0.003,1774,0,0
188714,4.743,7.544,3.682,-0.077,0.034,-0.01,1774,0,0
188734,4.738,7.642,3.613,-0.064,0.004,-0.014,1774,0,0
188754,4.707,7.731,3.488,-0.046,-0.02,-0.013,1773,0,0
188774,4.738,7.738,3.359,-0.055,-0.023,-0.002,1774,0,0
188794,4.76,7.671,3.247,-0.08,-0.009,0.012,1774,0,0
188814,4.736,7.556,3.292,-0.086,-0.001,0.014,1775,0,0
188834,4.702,7.477,3.314,-0.059,-0.003,0.006,1774,0,0
188854,4.719,7.448,3.254,-0.046,-0.002,-0.005,1775,0,0
188874,4.673,7.441,3.256,-0.046,0.01,-0.019,1774,0,0
188894,4.633,7.463,3.285,-0.046,0.024,-0.029,1774,0,0
188914,4.638,7.501,3.361,-0.029,0.042,-0.036,1774,0,0
188934,4.678,7.561,3.409,-0.025,0.05,-0.038,1773,0,0
188954,4.714,7.604,3.409,-0.052,0.065,-0.033,1774,0,0
188974,4.709,7.618,3.634,-0.08,0.082,-0.027,1773,0,0
188994,4.705,7.616,3.788,-0.082,0.072,-0.023,1774,0,0
189014,4.748,7.647,3.814,-0.088,0.051,-0.018,1773,0,0
189034,4.779,7.599,3.797,-0.084,0.022,-0.016,1774,0,0
189054,4.824,7.594,3.754,-0.068,-0.002,-0.015,1773,0,0
189074,4.836,7.585,3.718,-0.064,-0.021,-0.013,1774,0,0
189094,4.831,7.547,3.656,-0.073,-0.047,-0.021,1775,0,0
189114,4.86,7.599,3.457,-0.06,-0.065,-0.033,1774,0,0
189134,4.752,7.824,3.338,-0.042,-0.053,-0.024,1774,0,0
189154,4.69,7.858,3.273,-0.067,-0.032,0.001,1775,0,0
189174,4.702,7.712,3.304,-0.09,-0.015,0.026,1774,0,0
189194,4.808,7.523,3.352,-0.073,-0.023,0.019,1773,0,0
189214,4.839,7.479,3.297,-0.05,-0.025,-0.003,1774,0,0
189234,4.697,7.578,3.254,-0.042,-0.01,-0.012,1774,0,0
189254,4.573,7.673,3.27,-0.033,0.005,-0.007,1775,0,0
189275,4.63,7.681,3.314,-0.046,0.034,0.007,1774,0,0
189294,4.733,7.592,3.393,-0.075,0.06,0.018,1774,0,0
189314,4.769,7.482,3.56,-0.099,0.06,0.012,1774,0,0
189334,4.709,7.42,3.661,-0.09,0.044,0.003,1774,0,0
189354,4.724,7.465,3.637,-0.06,0.013,-0.007,1774,0,0
189374,4.788,7.549,3.579,-0.049,-0.014,-0.013,1774,0,0
189394,4.774,7.633,3.486,-0.058,-0.022,-0.019,1774,0,0
189414,4.69,7.669,3.407,-0.042,-0.035,-0.018,1774,0,0
189434,4.671,7.712,3.316,-0.029,-0.045,-0.009,1773,0,0
189454,4.755,7.685,3.201,-0.048,-0.033,-0.002,1772,0,0
189474,4.769,7.652,3.211,-0.054,-0.018,-0.006,1773,0,0
189494,4.743,7.649,3.249,-0.036,-0.006,-0.007,1774,0,0
189514,4.693,7.649,3.275,-0.033,-0.002,-0.005,1773,0,0
189534,4.733,7.635,3.302,-0.031,0.001,-0.006,1774,0,0
189554,4.812,7.64,3.381,-0.025,0.006,-0.008,1773,0,0
189574,4.791,7.633,3.486,-0.043,0.017,-0.007,1774,0,0
189594,4.776,7.614,3.531,-0.051,0.017,-0.001,1774,0,0
189614,4.815,7.616,3.539,-0.045,0.013,0.001,1774,0,0
189634,4.824,7.664,3.57,-0.057,0.013,-0.003,1774,0,0
189654,4.839,7.688,3.603,-0.076,0.004,0.001,1773,0,0
189674,4.834,7.659,3.584,-0.078,-0.008,0.006,1774,0,0
189694,4.808,7.602,3.488,-0.059,-0.023,0.008,1774,0,0
189714,4.779,7.633,3.376,-0.059,-0.023,0.005,1774,0,0
189734,4.745,7.635,3.333,-0.081,-0.023,0.001,1774,0,0
189754,4.786,7.611,3.285,-0.074,-0.022,0.002,1774,0,0
189774,4.858,7.611,3.247,-0.064,-0.006,0.003,1773,0,0
189794,4.796,7.64,3.27,-0.071,0.009,-0.004,1774,0,0
189814,4.721,7.664,3.349,-0.075,0.008,0.001,1774,0,0
189834,4.729,7.645,3.393,-0.075,-0.006,0.007,1775,0,0
189854,4.817,7.532,3.297,-0.065,-0.01,0.01,1777,0,0
189874,4.834,7.46,3.275,-0.06,0.005,0.001,1773,0,0
189894,4.784,7.444,3.352,-0.062,0.009,-0.01,1773,0,0
189914,4.752,7.496,3.4,-0.06,-0.0,-0.02,1774,0,0
189934,4.843,7.542,3.347,-0.061,-0.006,-0.023,1775,0,0
189954,4.86,7.568,3.393,-0.059,0.005,-0.027,1775,0,0
189974,4.824,7.633,3.419,-0.063,0.011,-0.027,1775,0,0
189995,4.851,7.652,3.443,-0.067,0.014,-0.02,1775,0,0
190014,4.855,7.63,3.438,-0.081,0.01,-0.018,1774,0,0
190034,4.879,7.642,3.397,-0.083,0.002,-0.019,1775,0,0
190054,4.805,7.7,3.376,-0.067,0.005,-0.019,1775,0,0
190074,4.791,7.762,3.338,-0.07,0.011,-0.009,1775,0,0
190094,4.779,7.75,3.381,-0.085,0.008,-0.0,1774,0,0
190114,4.786,7.709,3.378,-0.083,0.007,0.009,1774,0,0
190134,4.752,7.649,3.397,-0.085,0.009,0.017,1774,0,0
190154,4.767,7.499,3.412,-0.097,0.004,0.012,1774,0,0
190174,4.822,7.429,3.385,-0.076,-0.005,-0.001,1774,0,0
190194,4.803,7.542,3.309,-0.049,-0.003,-0.01,1774,0,0
190214,4.733,7.611,3.33,-0.065,0.01,-0.006,1774,0,0
190234,4.676,7.59,3.409,-0.083,0.014,-0.001,1775,0,0
190254,4.791,7.496,3.395,-0.082,0.005,-0.004,1773,0,0
190274,4.82,7.503,3.414,-0.063,0.006,-0.017,1775,0,0
190294,4.764,7.59,3.46,-0.06,0.007,-0.02,1775,0,0
190314,4.721,7.628,3.445,-0.056,0.0,-0.015,1774,0,0
190334,4.8,7.64,3.419,-0.055,-0.008,-0.007,1774,0,0
190354,4.786,7.633,3.407,-0.064,-0.004,-0.008,1774,0,0
190374,4.803,7.594,3.426,-0.068,-0.001,-0.001,1775,0,0
190394,4.774,7.527,3.417,-0.07,0.001,-0.006,1774,0,0
190414,4.781,7.535,3.46,-0.071,0.0,-0.016,1775,0,0
190434,4.791,7.578,3.414,-0.061,-0.007,-0.014,1774,0,0
190454,4.796,7.575,3.369,-0.066,-0.003,-0.012,1774,0,0
190474,4.843,7.523,3.395,-0.081,0.007,-0.013,1774,0,0
190494,4.839,7.511,3.44,-0.07,0.013,-0.018,1774,0,0
190514,4.822,7.58,3.443,-0.064,0.006,-0.021,1775,0,0
190534,4.791,7.664,3.462,-0.059,-0.006,-0.017,1774,0,0
190554,4.858,7.652,3.414,-0.072,-0.007,-0.006,1774,0,0
190574,4.872,7.616,3.457,-0.064,-0.011,-0.009,1775,0,0
190594,4.808,7.657,3.361,-0.043,-0.011,-0.01,1775,0,0
190614,4.779,7.671,3.345,-0.054,-0.021,-0.003,1775,0,0
190634,4.846,7.594,3.302,-0.064,-0.018,-0.005,1774,0,0
190654,4.851,7.645,3.259,-0.043,0.003,-0.003,1775,0,0
190674,4.8,7.676,3.309,-0.052,0.016,0.007,1775,0,0
190694,4.817,7.633,3.39,-0.092,0.014,0.013,1774,0,0
190714,4.853,7.523,3.409,-0.086,0.014,0.009,1774,0,0
190734,4.865,7.527,3.426,-0.058,0.012,0.001,1774,0,0
190754,4.846,7.616,3.397,-0.054,0.005,-0.002,1774,0,0
190774,4.817,7.661,3.417,-0.075,0.006,0.002,1774,0,0
190794,4.827,7.614,3.419,-0.078,0.0,0.008,1774,0,0
190814,4.855,7.578,3.333,-0.059,-0.007,0.004,1773,0,0
190834,4.851,7.606,3.287,-0.062,-0.005,0.003,1774,0,0
190854,4.805,7.688,3.321,-0.059,0.001,0.0,1775,0,0
190874,4.8,7.781,3.314,-0.056,0.002,0.009,1775,0,0
190894,4.822,7.81,3.302,-0.057,0.005,0.023,1775,0,0
190914,4.824,7.717,3.33,-0.076,0.015,0.037,1775,0,0
190934,4.879,7.647,3.424,-0.075,0.012,0.036,1775,0,0
190954,4.896,7.661,3.417,-0.064,0.009,0.035,1775,0,0
190974,4.887,7.693,3.345,-0.06,0.012,0.04,1776,0,0
190994,4.822,7.7,3.397,-0.08,0.023,0.038,1775,0,0
191014,4.788,7.695,3.505,-0.094,0.034,0.043,1775,0,0
191034,4.748,7.623,3.563,-0.099,0.025,0.046,1776,0,0
191054,4.764,7.523,3.524,-0.106,0.01,0.035,1774,0,0
191074,4.776,7.503,3.445,-0.111,0.015,0.021,1775,0,0
191094,4.721,7.496,3.524,-0.118,0.019,0.02,1775,0,0
191114,4.712,7.36,3.546,-0.124,0.012,0.026,1775,0,0
191134,4.791,7.173,3.479,-0.126,-0.006,0.014,1775,0,0
191154,4.887,7.027,3.436,-0.119,-0.013,-0.015,1776,0,0
191174,4.891,7.029,3.381,-0.104,-0.012,-0.05,1775,0,0
191194,4.875,7.195,3.402,-0.09,-0.001,-0.074,1775,0,0
191214,4.858,7.36,3.464,-0.105,0.005,-0.084,1775,0,0
191234,4.841,7.518,3.541,-0.103,-0.009,-0.093,1776,0,0
191254,4.858,7.709,3.627,-0.103,-0.015,-0.081,1775,0,0
191274,4.827,7.731,3.594,-0.109,-0.012,-0.061,1776,0,0
191294,4.733,7.621,3.701,-0.109,-0.02,-0.059,1776,0,0
191314,4.76,7.556,3.699,-0.115,-0.027,-0.062,1776,0,0
191334,4.793,7.479,3.67,-0.108,-0.029,-0.062,1775,0,0
191354,4.834,7.453,3.634,-0.104,-0.034,-0.06,1776,0,0
191374,4.966,7.36,3.603,-0.132,-0.019,-0.054,1775,0,0
191394,5.049,7.223,3.637,-0.162,-0.007,-0.062,1775,0,0
191414,5.064,7.295,3.646,-0.144,-0.014,-0.08,1775,0,0
191434,5.021,7.468,3.558,-0.112,-0.027,-0.083,1775,0,0
191454,4.949,7.645,3.469,-0.094,-0.041,-0.067,1775,0,0
191474,4.973,7.819,3.371,-0.089,-0.046,-0.049,1774,0,0
191494,4.911,7.956,3.354,-0.091,-0.034,-0.025,1775,0,0
191514,4.839,7.913,3.302,-0.082,-0.026,0.011,1775,0,0
191534,4.848,7.728,3.285,-0.082,-0.017,0.04,1776,0,0
191554,4.891,7.465,3.292,-0.083,-0.005,0.042,1775,0,0
191574,4.918,7.393,3.273,-0.059,0.008,0.026,1775,0,0
191594,4.887,7.484,3.333,-0.051,0.021,0.02,1775,0,0
191614,4.822,7.587,3.452,-0.061,0.031,0.026,1776,0,0
191634,4.76,7.566,3.613,-0.067,0.02,0.037,1775,0,0
191654,4.822,7.484,3.625,-0.057,0.001,0.037,1775,0,0
191674,4.805,7.472,3.594,-0.05,0.003,0.03,1775,0,0
191694,4.741,7.496,3.706,-0.049,0.009,0.027,1775,0,0
191714,4.693,7.487,3.773,-0.064,-0.001,0.024,1775,0,0
191735,4.721,7.444,3.725,-0.078,-0.017,0.02,1776,0,0
191754,4.714,7.362,3.709,-0.087,-0.017,0.016,1774,0,0
191774,4.693,7.307,3.661,-0.076,-0.031,0.01,1776,0,0
191794,4.812,7.319,3.598,-0.063,-0.031,0.003,1776,0,0
191814,4.944,7.309,3.543,-0.068,-0.028,-0.004,1775,0,0
191835,4.889,7.355,3.481,-0.072,-0.036,-0.017,1775,0,0
191854,4.884,7.436,3.464,-0.071,-0.039,-0.013,1776,0,0
191874,4.908,7.427,3.464,-0.065,-0.037,-0.015,1776,0,0
191894,4.942,7.496,3.405,-0.025,-0.041,-0.019,1776,0,0
191914,5.001,7.597,3.428,-0.042,-0.039,-0.009,1777,0,0
191934,4.951,7.537,3.426,-0.059,-0.046,-0.005,1775,0,0
191954,4.985,7.556,3.354,-0.03,-0.05,-0.007,1776,0,0
191974,4.994,7.657,3.28,-0.018,-0.024,-0.004,1776,0,0
191994,4.978,7.678,3.347,-0.041,-0.003,0.011,1776,0,0
192014,4.99,7.599,3.419,-0.047,0.001,0.028,1775,0,0
192034,5.037,7.551,3.508,-0.051,0.006,0.035,1776,0,0
192054,5.03,7.477,3.565,-0.064,0.011,0.034,1776,0,0
192074,5.023,7.47,3.622,-0.05,-0.001,0.031,1776,0,0
192094,4.925,7.489,3.587,-0.043,-0.019,0.032,1776,0,0
192114,4.913,7.508,3.467,-0.042,-0.036,0.037,1776,0,0
192134,4.911,7.456,3.488,-0.045,-0.037,0.045,1776,0,0
192154,4.946,7.415,3.445,-0.038,-0.044,0.042,1775,0,0
192174,4.97,7.369,3.407,-0.03,-0.049,0.029,1775,0,0
192194,4.918,7.369,3.294,-0.034,-0.049,0.02,1776,0,0
192214,4.887,7.427,3.29,-0.035,-0.037,0.01,1775,0,0
192234,4.894,7.448,3.275,-0.033,-0.023,0.008,1776,0,0
192254,4.939,7.403,3.227,-0.04,-0.022,0.007,1775,0,0
192274,5.023,7.345,3.208,-0.065,0.001,-0.003,1776,0,0
192294,5.069,7.353,3.335,-0.062,0.028,-0.015,1776,0,0
192314,5.023,7.389,3.479,-0.046,0.028,-0.024,1776,0,0
192334,5.016,7.513,3.522,-0.048,0.0,-0.022,1776,0,0
192354,5.104,7.52,3.503,-0.071,-0.006,-0.015,1776,0,0
192374,5.128,7.503,3.455,-0.058,-0.004,-0.014,1775,0,0
192394,5.128,7.489,3.51,-0.047,-0.004,-0.009,1776,0,0
192414,5.148,7.484,3.522,-0.061,-0.018,-0.01,1776,0,0
192434,5.198,7.513,3.443,-0.056,-0.04,-0.018,1776,0,0
192454,5.155,7.592,3.302,-0.065,-0.035,-0.012,1775,0,0
192474,5.121,7.592,3.242,-0.063,-0.025,0.002,1776,0,0
192494,5.116,7.57,3.237,-0.052,-0.008,0.017,1776,0,0
192514,5.145,7.506,3.282,-0.077,-0.006,0.021,1775,0,0
192534,5.167,7.405,3.237,-0.097,0.003,0.014,1775,0,0
192554,5.064,7.36,3.232,-0.078,0.013,0.008,1775,0,0
192574,5.069,7.377,3.232,-0.044,0.019,0.005,1775,0,0
192594,5.045,7.465,3.251,-0.049,0.024,0.005,1775,0,0
192614,4.999,7.508,3.323,-0.08,0.01,0.002,1775,0,0
192634,5.028,7.448,3.266,-0.077,0.005,0.006,1775,0,0
192654,5.069,7.386,3.156,-0.042,0.013,0.003,1775,0,0
192674,5.138,7.412,3.158,-0.025,0.031,-0.003,1775,0,0
192694,5.088,7.468,3.237,-0.039,0.038,-0.009,1776,0,0
192714,5.054,7.525,3.345,-0.06,0.029,-0.01,1775,0,0
192734,5.028,7.592,3.347,-0.055,0.031,-0.011,1775,0,0
192755,4.987,7.652,3.349,-0.042,0.039,-0.003,1776,0,0
192774,5.006,7.647,3.402,-0.054,0.046,0.009,1775,0,0
192794,5.033,7.518,3.438,-0.076,0.048,0.012,1775,0,0
192814,5.076,7.446,3.481,-0.086,0.048,0.007,1775,0,0
192834,5.001,7.41,3.517,-0.086,0.043,-0.004,1776,0,0
192854,4.975,7.456,3.531,-0.076,0.029,-0.006,1775,0,0
192874,5.001,7.479,3.543,-0.082,0.023,-0.001,1775,0,0
192894,5.004,7.389,3.565,-0.101,0.019,-0.005,1776,0,0
192914,5.059,7.295,3.543,-0.088,0.014,-0.008,1776,0,0
192934,5.047,7.278,3.503,-0.099,0.015,-0.018,1775,0,0
192954,5.023,7.286,3.524,-0.106,0.006,-0.029,1775,0,0
192974,4.98,7.391,3.553,-0.099,-0.004,-0.037,1775,0,0
192994,5.011,7.424,3.472,-0.094,-0.018,-0.037,1775,0,0
193014,5.085,7.468,3.33,-0.08,-0.023,-0.034,1775,0,0
193034,5.114,7.482,3.247,-0.085,-0.011,-0.036,1776,0,0
193054,5.073,7.52,3.232,-0.1,0.006,-0.027,1776,0,0
193074,5.045,7.53,3.318,-0.103,0.019,-0.019,1776,0,0
193094,5.09,7.523,3.347,-0.086,0.016,-0.014,1777,0,0
193114,5.121,7.554,3.338,-0.072,0.014,-0.009,1776,0,0
193134,5.085,7.518,3.333,-0.083,0.021,0.001,1775,0,0
193154,5.069,7.432,3.345,-0.08,0.026,0.004,1775,0,0
193174,5.104,7.422,3.39,-0.065,0.041,0.007,1775,0,0
193194,5.04,7.379,3.476,-0.083,0.046,0.006,1776,0,0
193214,5.009,7.302,3.553,-0.089,0.033,0.001,1776,0,0
193235,5.042,7.271,3.486,-0.061,0.019,-0.006,1776,0,0
193254,5.033,7.353,3.419,-0.033,0.016,-0.01,1776,0,0
193274,5.025,7.422,3.457,-0.058,0.031,-0.007,1776,0,0
193294,4.985,7.355,3.486,-0.089,0.033,-0.009,1775,0,0
193314,4.992,7.343,3.474,-0.061,0.027,-0.017,1776,0,0
193334,4.954,7.439,3.46,-0.045,0.023,-0.024,1775,0,0
193354,4.99,7.446,3.469,-0.049,0.023,-0.022,1776,0,0
193374,5.069,7.403,3.409,-0.052,0.031,-0.021,1776,0,0
193394,5.09,7.424,3.357,-0.045,0.04,-0.021,1776,0,0
193414,5.057,7.491,3.39,-0.062,0.055,-0.015,1776,0,0
193435,4.994,7.513,3.488,-0.066,0.06,-0.012,1775,0,0
193454,5.023,7.556,3.503,-0.046,0.058,-0.009,1776,0,0
193474,5.006,7.645,3.567,-0.036,0.052,-0.006,1776,0,0
193494,4.963,7.683,3.606,-0.05,0.048,0.013,1776,0,0
193514,4.906,7.64,3.692,-0.05,0.041,0.031,1776,0,0
193534,4.913,7.513,3.713,-0.05,0.029,0.041,1776,0,0
193554,4.911,7.441,3.752,-0.057,0.018,0.039,1776,0,0
193574,4.942,7.355,3.857,-0.062,0.005,0.039,1776,0,0
193594,4.999,7.276,3.788,-0.047,-0.013,0.038,1776,0,0
193614,5.104,7.223,3.668,-0.041,-0.016,0.033,1776,0,0
193634,5.126,7.161,3.584,-0.082,-0.004,0.023,1776,0,0
193654,5.191,7.125,3.618,-0.101,-0.005,0.016,1776,0,0
193674,5.241,7.14,3.639,-0.094,-0.007,-0.006,1776,0,0
193694,5.246,7.238,3.498,-0.073,-0.014,-0.019,1776,0,0
193714,5.265,7.357,3.345,-0.05,-0.023,-0.013,1776,0,0
193734,5.303,7.424,3.242,-0.065,-0.023,-0.005,1776,0,0
193754,5.272,7.465,3.091,-0.069,-0.013,-0.004,1776,0,0
193774,5.298,7.535,2.911,-0.044,0.003,0.009,1776,0,0
193794,5.303,7.527,2.868,-0.029,0.023,0.021,1776,0,0
193814,5.341,7.511,2.832,-0.019,0.042,0.028,1776,0,0
193834,5.334,7.57,2.851,-0.013,0.066,0.038,1776,0,0
193854,5.346,7.542,2.923,-0.016,0.088,0.047,1776,0,0
193874,5.318,7.475,3.077,-0.022,0.106,0.051,1776,0,0
193894,5.164,7.463,3.227,-0.001,0.11,0.041,1776,0,0
193914,5.047,7.585,3.294,0.02,0.114,0.039,1776,0,0
193934,4.954,7.688,3.412,0.019,0.125,0.046,1776,0,0
193954,4.894,7.724,3.646,-0.019,0.123,0.051,1776,0,0
193974,4.851,7.647,3.862,-0.057,0.11,0.06,1776,0,0
193994,4.87,7.472,3.936,-0.05,0.078,0.06,1776,0,0
194014,4.867,7.384,3.943,-0.027,0.051,0.048,1776,0,0
194034,4.913,7.444,3.881,-0.022,0.033,0.041,1776,0,0
194054,4.853,7.499,3.78,-0.054,0.026,0.04,1776,0,0
194074,4.831,7.465,3.625,-0.096,0.022,0.048,1776,0,0
194094,4.908,7.353,3.579,-0.098,0.026,0.054,1775,0,0
194114,4.942,7.242,3.644,-0.102,0.027,0.044,1776,0,0
194134,4.958,7.235,3.598,-0.105,0.016,0.027,1775,0,0
194154,4.915,7.228,3.498,-0.098,0.003,0.011,1776,0,0
194174,4.939,7.29,3.469,-0.085,-0.005,0.009,1776,0,0
194194,4.956,7.293,3.527,-0.092,-0.004,0.005,1776,0,0
194214,5.004,7.247,3.512,-0.094,-0.012,-0.006,1776,0,0
194234,5.013,7.288,3.496,-0.069,-0.012,-0.02,1776,0,0
194254,5.035,7.35,3.493,-0.077,-0.011,-0.023,1777,0,0
194274,5.066,7.345,3.438,-0.078,-0.007,-0.024,1776,0,0
194294,5.107,7.391,3.338,-0.07,0.007,-0.032,1776,0,0
194314,5.078,7.499,3.373,-0.088,0.037,-0.025,1777,0,0
194334,5.183,7.441,3.474,-0.129,0.053,-0.013,1778,0,0
194354,5.176,7.374,3.56,-0.129,0.062,-0.009,1775,0,0
194374,5.119,7.372,3.577,-0.104,0.058,-0.008,1776,0,0
194394,5.116,7.372,3.608,-0.098,0.06,0.001,1780,0,0
194414,5.121,7.302,3.644,-0.116,0.049,0.008,1777,0,0
194434,5.157,7.259,3.608,-0.107,0.044,0.009,1776,0,0
194454,5.152,7.262,3.658,-0.106,0.052,0.007,1777,0,0
194474,5.035,7.319,3.766,-0.102,0.036,0.001,1776,0,0
194494,4.99,7.374,3.745,-0.077,0.009,0.006,1778,0,0
194514,4.98,7.348,3.62,-0.074,-0.001,0.012,1776,0,0
194534,5.071,7.305,3.531,-0.078,-0.003,0.014,1776,0,0
194554,5.162,7.314,3.529,-0.087,0.019,0.017,1776,0,0
194574,5.078,7.25,3.644,-0.096,0.031,0.016,1776,0,0
194594,4.99,7.211,3.675,-0.09,0.018,0.013,1776,0,0
194614,4.937,7.185,3.697,-0.082,0.005,0.007,1776,0,0
194634,5.066,7.156,3.668,-0.07,-0.007,-0.004,1776,0,0
194654,5.171,7.173,3.567,-0.051,-0.002,-0.018,1776,0,0
194674,5.193,7.247,3.555,-0.075,0.019,-0.019,1776,0,0
194694,5.157,7.219,3.668,-0.096,0.03,-0.02,1776,0,0
194714,5.143,7.25,3.764,-0.092,0.027,-0.023,1776,0,0
194734,5.186,7.333,3.749,-0.089,0.009,-0.024,1776,0,0
194754,5.205,7.345,3.67,-0.083,0.005,-0.017,1775,0,0
194774,5.253,7.319,3.603,-0.079,0.009,-0.009,1776,0,0
194794,5.294,7.271,3.558,-0.089,0.015,-0.016,1776,0,0
194814,5.195,7.29,3.512,-0.084,0.022,-0.017,1776,0,0
194834,5.193,7.321,3.493,-0.079,0.025,-0.002,1776,0,0
194854,5.183,7.247,3.476,-0.091,0.037,-0.001,1776,0,0
194874,5.193,7.242,3.44,-0.072,0.059,-0.008,1776,0,0
194894,5.14,7.068,3.61,-0.072,0.079,-0.012,1776,0,0
194914,5.121,7.228,3.661,-0.003,0.087,-0.014,1776,0,0
194934,5.042,7.403,3.706,-0.064,0.079,-0.004,1776,0,0
194954,5.04,7.329,3.84,-0.162,0.062,0.007,1776,0,0
194974,5.037,7.219,3.907,-0.104,0.055,0.003,1776,0,0
194994,5.033,7.252,3.831,-0.021,0.04,-0.0,1777,0,0
195014,5.112,7.319,3.757,-0.037,0.029,-0.001,1774,0,0
195034,5.097,7.276,3.871,-0.092,0.036,0.001,1776,0,0
195054,5.045,7.219,3.934,-0.094,0.029,0.0,1776,0,0
195074,5.042,7.242,3.864,-0.076,0.008,-0.004,1776,0,0
195094,5.054,7.223,3.79,-0.088,0.008,-0.007,1776,0,0
195115,5.155,7.116,3.78,-0.098,0.016,-0.013,1776,0,0
195134,5.164,6.936,3.874,-0.068,0.018,-0.037,1776,0,0
195154,5.033,7.029,3.84,-0.019,0.004,-0.067,1776,0,0
195174,5.057,7.283,3.747,-0.035,-0.003,-0.056,1776,0,0
195194,5.088,7.144,3.816,-0.106,0.004,-0.055,1776,0,0
195214,5.013,7.051,3.917,-0.072,0.003,-0.072,1776,0,0
195234,4.944,7.209,3.876,0.011,-0.0,-0.09,1776,0,0
195254,4.99,7.4,3.855,0.087,-0.021,-0.093,1776,0,0
195274,4.992,7.53,3.836,0.052,-0.038,-0.079,1776,0,0
195294,4.908,7.585,3.814,-0.034,-0.063,-0.06,1776,0,0
195314,4.992,7.441,3.721,-0.071,-0.065,-0.042,1776,0,0
195334,5.045,7.35,3.63,-0.057,-0.051,-0.041,1776,0,0
195354,4.985,7.329,3.677,-0.068,-0.046,-0.051,1776,0,0
195374,4.958,7.393,3.642,-0.057,-0.048,-0.051,1776,0,0
195394,4.86,7.389,3.67,-0.075,-0.052,-0.046,1776,0,0
195414,4.774,7.439,3.637,-0.07,-0.051,-0.052,1776,0,0
195434,4.774,7.633,3.572,-0.056,-0.044,-0.046,1776,0,0
195454,4.683,7.635,3.584,-0.1,-0.038,-0.027,1776,0,0
195474,4.695,7.59,3.584,-0.091,-0.043,-0.01,1776,0,0
195494,4.695,7.59,3.57,-0.073,-0.029,0.0,1776,0,0
195514,4.721,7.535,3.572,-0.088,-0.022,0.015,1775,0,0
195534,4.81,7.405,3.543,-0.098,-0.022,0.021,1776,0,0
195554,4.946,7.281,3.56,-0.094,-0.016,0.015,1776,0,0
195574,4.97,7.209,3.704,-0.091,-0.007,0.01,1776,0,0
195594,5.04,7.101,3.898,-0.103,-0.021,-0.001,1776,0,0
195614,5.227,7.065,3.898,-0.112,-0.046,-0.019,1776,0,0
195634,5.298,7.111,3.876,-0.106,-0.048,-0.042,1776,0,0
195654,5.308,7.266,3.938,-0.096,-0.048,-0.046,1776,0,0
195674,5.289,7.386,4.008,-0.102,-0.071,-0.046,1776,0,0
195694,5.241,7.463,3.833,-0.091,-0.107,-0.047,1778,0,0
195714,5.195,7.602,3.558,-0.074,-0.108,-0.037,1776,0,0
195734,5.179,7.75,3.417,-0.074,-0.083,-0.016,1776,0,0
195754,5.076,7.872,3.455,-0.13,-0.055,0.024,1776,0,0
195774,5.095,7.652,3.452,-0.18,-0.039,0.051,1776,0,0
195794,5.104,7.451,3.479,-0.122,-0.014,0.06,1776,0,0
195814,5.119,7.408,3.613,-0.095,0.005,0.07,1776,0,0
195834,5.083,7.298,3.692,-0.115,-0.006,0.075,1776,0,0
195854,5.114,7.228,3.61,-0.123,-0.023,0.066,1776,0,0
195874,5.095,7.18,3.699,-0.124,-0.013,0.064,1776,0,0
195894,5.088,7.063,3.776,-0.132,-0.022,0.064,1775,0,0
195914,5.258,6.891,3.764,-0.126,-0.043,0.047,1776,0,0
195934,5.284,6.819,3.771,-0.133,-0.039,0.013,1775,0,0
195954,5.203,6.905,3.812,-0.126,-0.044,-0.016,1776,0,0
195974,5.181,7.037,3.797,-0.117,-0.059,-0.032,1776,0,0
195994,5.246,7.116,3.883,-0.144,-0.056,-0.03,1776,0,0
196014,5.296,6.981,4.07,-0.176,-0.064,-0.035,1776,0,0
196034,5.296,6.91,4.226,-0.173,-0.096,-0.058,1776,0,0
196054,5.25,7.087,4.219,-0.143,-0.128,-0.083,1776,0,0
196074,5.267,7.317,4.061,-0.126,-0.151,-0.08,1776,0,0
196094,5.339,7.353,4.02,-0.156,-0.148,-0.063,1776,0,0
196114,5.385,7.183,3.974,-0.215,-0.165,-0.06,1776,0,0
196134,5.385,7.058,3.788,-0.206,-0.184,-0.074,1776,0,0
196154,5.294,7.204,3.531,-0.125,-0.174,-0.097,1776,0,0
196174,5.203,7.508,3.481,-0.096,-0.128,-0.079,1776,0,0
196194,5.169,7.432,3.529,-0.226,-0.1,-0.05,1776,0,0
196214,5.224,7.199,3.484,-0.244,-0.11,-0.045,1776,0,0
196234,5.274,7.094,3.311,-0.17,-0.091,-0.046,1776,0,0
196254,5.224,7.336,3.402,-0.1,-0.041,-0.055,1775,0,0
196274,5.08,7.599,3.572,-0.124,-0.028,-0.04,1776,0,0
196294,5.114,7.683,3.524,-0.145,-0.044,0.016,1776,0,0
196315,5.215,7.52,3.589,-0.169,-0.034,0.051,1776,0,0
196334,5.167,7.204,3.74,-0.207,-0.033,0.057,1776,0,0
196354,5.203,7.125,3.699,-0.11,-0.067,0.054,1776,0,0
196374,5.289,7.197,3.668,-0.041,-0.06,0.062,1776,0,0
196394,5.255,7.128,3.661,-0.1,-0.05,0.058,1776,0,0
196414,5.294,7.041,3.601,-0.096,-0.048,0.056,1776,0,0
196434,5.313,7.075,3.591,-0.085,-0.026,0.059,1776,0,0
196454,5.229,7.07,3.649,-0.12,-0.013,0.055,1776,0,0
196474,5.16,7.096,3.649,-0.103,-0.005,0.063,1775,0,0
196494,5.136,7.022,3.649,-0.122,0.002,0.066,1776,0,0
196514,5.164,6.967,3.658,-0.103,0.005,0.056,1777,0,0
196534,5.188,6.958,3.584,-0.074,0.012,0.053,1776,0,0
196554,5.152,6.912,3.651,-0.093,0.029,0.059,1776,0,0
196574,5.246,6.821,3.704,-0.099,0.028,0.046,1777,0,0
196594,5.248,6.821,3.766,-0.085,0.033,0.03,1775,0,0
196614,5.169,6.919,3.874,-0.074,0.028,0.023,1776,0,0
196634,5.291,6.874,3.824,-0.067,0.012,0.022,1776,0,0
196654,5.38,6.79,3.747,-0.066,0.022,0.011,1776,0,0
196674,5.368,6.847,3.831,-0.053,0.031,0.0,1776,0,0
196694,5.358,6.931,3.893,-0.048,0.021,-0.005,1776,0,0
196714,5.425,6.998,3.802,-0.064,0.008,-0.011,1776,0,0
196734,5.37,7.046,3.749,-0.058,0.024,-0.013,1776,0,0
196754,5.322,7.082,3.819,-0.046,0.039,-0.001,1776,0,0
196774,5.358,7.096,3.903,-0.068,0.031,0.01,1775,0,0
196794,5.385,7.013,3.833,-0.072,0.015,0.014,1776,0,0
196814,5.377,6.943,3.768,-0.073,0.026,0.014,1776,0,0
196834,5.368,6.871,3.883,-0.055,0.031,0.012,1778,0,0
196854,5.361,6.922,3.905,-0.022,0.002,0.0,1776,0,0
196874,5.349,7.025,3.778,-0.024,0.001,0.005,1776,0,0
196894,5.32,6.972,3.84,-0.063,0.018,0.013,1776,0,0
196914,5.361,6.8,3.859,-0.073,0.009,0.003,1776,0,0
196934,5.351,6.742,3.828,-0.039,0.0,-0.017,1776,0,0
196954,5.332,6.845,3.706,-0.023,-0.002,-0.031,1776,0,0
196974,5.356,7.068,3.625,-0.022,0.007,-0.029,1776,0,0
196994,5.375,7.08,3.706,-0.099,0.032,-0.017,1776,0,0
197014,5.289,7.101,3.761,-0.115,0.055,-0.012,1779,0,0
197034,5.282,6.833,3.922,-0.141,0.046,-0.014,1776,0,0
197054,5.361,6.73,3.9,-0.042,0.037,-0.043,1776,0,0
197074,5.351,6.996,3.879,0.024,0.034,-0.053,1776,0,0
197094,5.363,7.087,3.91,-0.047,0.03,-0.044,1775,0,0
197114,5.368,7.108,3.924,-0.063,0.024,-0.036,1777,0,0
197134,5.339,7.116,3.881,-0.044,0.011,-0.03,1776,0,0
197155,5.373,7.061,3.847,-0.059,0.006,-0.023,1776,0,0
197174,5.382,7.025,3.819,-0.042,0.002,-0.027,1776,0,0
197194,5.368,7.094,3.816,-0.017,0.009,-0.033,1776,0,0
197214,5.346,7.163,3.816,-0.03,0.013,-0.031,1776,0,0
197234,5.315,7.197,3.764,-0.053,0.013,-0.02,1776,0,0
197254,5.399,7.137,3.819,-0.063,0.016,-0.007,1776,0,0
197274,5.349,7.099,3.907,-0.035,0.016,-0.006,1777,0,0
197294,5.332,7.116,3.883,-0.012,0.0,-0.006,1776,0,0
197314,5.339,7.092,3.838,-0.035,-0.008,-0.005,1775,0,0
197334,5.339,7.022,3.816,-0.055,-0.001,-0.007,1776,0,0
197354,5.301,7.063,3.85,-0.029,0.003,-0.009,1776,0,0
197374,5.296,7.144,3.876,-0.029,0.0,0.001,1776,0,0
197394,5.26,7.037,3.807,-0.064,-0.002,0.006,1777,0,0
197414,5.279,6.9,3.761,-0.064,-0.003,-0.005,1775,0,0
197434,5.346,6.898,3.754,-0.034,0.003,-0.021,1776,0,0
197454,5.38,7.041,3.752,-0.025,-0.001,-0.033,1776,0,0
197474,5.382,7.18,3.764,-0.041,0.009,-0.026,1776,0,0
197494,5.313,7.24,3.867,-0.063,0.016,-0.013,1776,0,0
197514,5.358,7.209,3.955,-0.059,-0.0,-0.004,1776,0,0
197534,5.394,7.161,3.864,-0.061,-0.014,0.0,1776,0,0
197554,5.428,7.108,3.788,-0.072,-0.012,-0.002,1775,0,0
197574,5.425,7.108,3.819,-0.054,-0.003,-0.001,1775,0,0
197594,5.356,7.111,3.879,-0.053,-0.003,0.007,1776,0,0
197614,5.377,7.056,3.816,-0.068,-0.028,0.011,1776,0,0
197634,5.404,6.998,3.687,-0.082,-0.023,0.001,1776,0,0
197654,5.444,7.037,3.654,-0.057,-0.004,-0.006,1776,0,0
197675,5.432,7.144,3.723,-0.036,-0.002,0.0,1776,0,0
197694,5.377,7.13,3.723,-0.074,-0.006,0.009,1777,0,0
197714,5.389,7.08,3.704,-0.096,-0.007,0.009,1776,0,0
197734,5.399,7.068,3.649,-0.065,-0.001,0.008,1776,0,0
197754,5.385,7.108,3.692,-0.048,0.009,0.012,1776,0,0
197774,5.341,7.084,3.656,-0.053,0.001,0.016,1776,0,0
197794,5.373,7.01,3.613,-0.057,-0.006,0.017,1776,0,0
197814,5.437,6.986,3.601,-0.046,0.003,0.006,1775,0,0
197834,5.375,7.034,3.601,-0.039,0.017,0.0,1776,0,0
197854,5.373,7.049,3.601,-0.046,0.027,0.006,1776,0,0
197874,5.394,6.991,3.697,-0.067,0.03,0.007,1775,0,0
197894,5.351,6.998,3.783,-0.062,0.031,0.001,1775,0,0
197914,5.332,7.037,3.747,-0.035,0.021,-0.002,1775,0,0
197934,5.358,7.099,3.694,-0.037,0.028,0.002,1776,0,0
197954,5.301,7.077,3.747,-0.062,0.031,0.002,1776,0,0
197974,5.32,7.003,3.802,-0.059,0.029,0.005,1775,0,0
197994,5.329,6.893,3.857,-0.058,0.017,0.002,1776,0,0
198014,5.411,6.847,3.809,-0.047,-0.001,-0.015,1776,0,0
198034,5.401,6.902,3.723,-0.035,0.002,-0.029,1775,0,0
198054,5.394,6.998,3.745,-0.04,0.013,-0.033,1775,0,0
198074,5.413,7.051,3.778,-0.062,0.018,-0.03,1776,0,0
198094,5.404,6.991,3.85,-0.078,0.023,-0.027,1775,0,0
198114,5.404,6.91,3.977,-0.086,0.007,-0.031,1775,0,0
198134,5.449,6.852,3.941,-0.067,-0.015,-0.047,1776,0,0
198154,5.456,6.902,3.855,-0.05,-0.028,-0.069,1775,0,0
198174,5.382,6.998,3.797,-0.052,-0.026,-0.082,1776,0,0
198194,5.313,7.094,3.824,-0.066,-0.021,-0.067,1776,0,0
198214,5.365,7.053,3.845,-0.091,-0.033,-0.063,1776,0,0
198234,5.425,6.986,4.025,-0.093,-0.031,-0.066,1776,0,0
198254,5.409,6.934,4.178,-0.093,-0.051,-0.072,1776,0,0
198274,5.476,6.953,4.429,-0.076,-0.075,-0.074,1776,0,0
198294,5.535,6.917,4.99,-0.123,-0.088,-0.06,1777,0,0
198314,5.555,6.598,5.382,-0.203,-0.163,-0.067,1776,0,0
198334,5.6,6.354,5.557,-0.18,-0.273,-0.098,1776,0,0
198354,5.634,6.278,5.756,-0.144,-0.383,-0.126,1776,0,0
198374,5.763,6.285,6.012,-0.159,-0.466,-0.167,1776,0,0
198394,5.59,6.287,6.472,-0.249,-0.549,-0.216,1775,0,0
198414,5.25,6.426,6.931,-0.367,-0.646,-0.247,1776,0,0
198434,4.808,6.527,7.369,-0.473,-0.794,-0.301,1776,0,0
198454,4.58,6.452,7.503,-0.565,-0.966,-0.35,1776,0,0
198474,4.539,6.407,7.432,-0.523,-1.099,-0.411,1777,0,0
198494,4.482,6.646,7.288,-0.484,-1.216,-0.468,1778,0,0
198514,4.417,6.946,7.333,-0.631,-1.315,-0.499,1777,0,0
198534,4.113,7.18,7.515,-0.822,-1.414,-0.541,1777,0,0
198554,3.946,7.228,7.578,-0.927,-1.542,-0.565,1777,0,0
198574,4.085,7.214,7.535,-0.993,-1.655,-0.583,1776,0,0
198594,3.919,7.187,7.812,-1.105,-1.769,-0.641,1777,0,0
198614,3.311,7.494,7.848,-1.165,-1.924,-0.742,1777,0,0
198634,2.715,8.193,7.587,-1.112,-2.143,-0.821,1778,0,0
198654,2.574,9.009,7.262,-1.099,-2.308,-0.785,1777,0,0
198674,2.236,9.301,7.446,-1.252,-2.391,-0.727,1778,0,0
198694,1.487,9.371,7.329,-1.38,-2.539,-0.714,1778,0,0
198714,1.307,9.591,7.058,-1.325,-2.692,-0.654,1778,0,0
198734,1.118,9.541,6.756,-1.48,-2.812,-0.594,1778,0,0
198754,1.02,9.139,6.584,-1.525,-2.987,-0.63,1778,0,0
198774,0.56,9.369,6.012,-1.324,-3.105,-0.651,1778,0,0
198794,0.287,9.629,5.241,-1.265,-3.2,-0.599,1777,0,0
198814,0.809,9.222,3.958,-1.486,-3.289,-0.58,1776,0,0
198834,1.118,9.117,2.607,-1.51,-3.296,-0.652,1776,0,0
198854,1.015,9.596,1.592,-1.545,-3.224,-0.673,1776,0,0
198874,1.178,10.065,0.656,-1.665,-3.193,-0.647,1776,0,0
198894,1.041,10.159,-0.804,-1.787,-3.1,-0.616,1775,0,0
198914,1.657,10.312,-2.291,-1.786,-2.929,-0.602,1775,0,0
198934,2.131,10.515,-3.196,-1.64,-2.621,-0.541,1775,0,0
198954,2.358,10.549,-3.807,-1.666,-2.424,-0.471,1776,0,0
198974,2.614,10.369,-4.53,-1.799,-2.225,-0.4,1775,0,0
198994,3.249,10.005,-4.98,-1.727,-1.977,-0.333,1775,0,0
199020,4.207,9.699,-5.368,-1.413,-1.544,-0.279,1774,0,0
199034,4.616,9.448,-5.308,-1.293,-1.339,-0.26,1774,0,0
199054,4.805,9.122,-5.08,-1.113,-1.116,-0.243,1772,0,0
199074,5.37,8.897,-4.982,-0.911,-0.97,-0.219,1773,0,0
199094,6.048,8.722,-4.75,-0.746,-0.807,-0.172,1772,0,0
199114,6.124,8.499,-4.271,-0.641,-0.617,-0.149,1772,0,0
199134,6.333,8.317,-3.735,-0.501,-0.468,-0.122,1772,0,0
199154,6.567,8.258,-3.405,-0.371,-0.379,-0.086,1772,0,0
199174,6.663,8.112,-2.931,-0.303,-0.274,-0.04,1772,0,0
199194,6.814,7.973,-2.571,-0.256,-0.151,0.009,1772,0,0
199214,7.01,7.776,-2.116,-0.239,-0.043,0.039,1772,0,0
199234,6.991,7.59,-1.391,-0.208,0.045,0.065,1773,0,0
199254,6.833,7.494,-0.757,-0.133,0.094,0.075,1774,0,0
199274,7.005,7.499,-0.335,-0.081,0.096,0.094,1772,0,0
199294,7.01,7.446,0.206,-0.065,0.132,0.125,1772,0,0
199314,6.797,7.266,0.625,-0.087,0.115,0.132,1769,0,0
199334,6.886,7.101,0.761,-0.02,0.067,0.12,1773,0,0
199354,6.893,7.063,0.769,0.071,0.074,0.117,1773,0,0
199374,6.788,7.027,0.972,0.104,0.102,0.111,1773,0,0
199394,6.685,6.953,1.199,0.083,0.113,0.11,1773,0,0
199414,6.627,6.869,1.298,0.065,0.084,0.11,1773,0,0
199434,6.713,6.701,1.185,0.054,0.05,0.087,1772,0,0
199454,6.812,6.677,1.049,0.069,0.063,0.065,1773,0,0
199474,6.756,6.773,1.087,0.023,0.104,0.059,1772,0,0
199494,6.67,6.737,1.362,-0.028,0.122,0.05,1772,0,0
199514,6.651,6.675,1.525,-0.038,0.091,0.034,1773,0,0
199534,6.73,6.642,1.413,-0.03,0.048,0.011,1773,0,0
199554,6.812,6.749,1.113,-0.011,0.039,-0.009,1773,0,0
199574,6.744,6.838,1.214,-0.013,0.072,-0.011,1773,0,0
199594,6.653,6.84,1.334,-0.052,0.06,-0.022,1772,0,0
199614,6.701,6.819,1.305,-0.048,0.028,-0.034,1773,0,0
199634,6.665,6.907,1.264,-0.037,0.01,-0.033,1773,0,0
199654,6.709,6.938,1.228,-0.027,0.001,-0.041,1772,0,0
199674,6.847,7.072,1.111,-0.001,0.014,-0.038,1773,0,0
199694,6.888,7.173,1.073,-0.03,0.036,-0.017,1773,0,0
199714,6.804,7.061,1.161,-0.088,0.041,-0.009,1772,0,0
199734,6.847,6.941,1.154,-0.103,0.03,-0.016,1772,0,0
199754,6.934,6.938,1.159,-0.076,0.031,-0.029,1772,0,0
199774,6.862,7.072,1.223,-0.047,0.036,-0.03,1773,0,0
199794,6.797,7.209,1.209,-0.044,0.034,-0.022,1773,0,0
199814,6.752,7.216,1.152,-0.075,0.029,-0.008,1773,0,0
199834,6.732,7.128,1.077,-0.08,0.021,-0.001,1772,0,0
199854,6.759,7.061,1.065,-0.064,0.032,0.003,1773,0,0
199874,6.735,7.051,1.142,-0.069,0.042,-0.002,1773,0,0
199894,6.756,7.084,1.176,-0.037,0.029,0.003,1774,0,0
199914,6.778,7.084,1.109,-0.031,0.014,0.012,1773,0,0
199934,6.84,6.993,1.013,-0.073,0.02,0.015,1773,0,0
199954,6.814,6.881,1.025,-0.069,0.035,0.009,1774,0,0
199974,6.752,6.876,1.185,-0.042,0.038,-0.003,1773,0,0
199994,6.737,6.974,1.188,-0.042,0.021,-0.013,1773,0,0
200014,6.732,7.041,1.173,-0.046,0.013,-0.012,1773,0,0
200034,6.675,7.034,1.195,-0.032,0.013,-0.007,1772,0,0
200054,6.687,7.041,1.147,-0.018,0.006,-0.003,1771,0,0
200074,6.756,7.022,1.077,-0.043,0.01,0.001,1773,0,0
200094,6.764,6.972,1.063,-0.075,0.032,0.004,1773,0,0
200114,6.68,6.946,1.197,-0.061,0.04,-0.005,1772,0,0
200135,6.802,6.938,1.211,-0.048,0.025,-0.002,1769,0,0
200154,6.802,6.907,1.073,-0.066,0.017,-0.011,1773,0,0
200174,6.742,6.922,1.03,-0.051,0.028,-0.018,1773,0,0
200194,6.699,6.998,1.032,-0.035,0.042,-0.02,1772,0,0
200214,6.701,7.008,1.073,-0.063,0.042,-0.018,1772,0,0
200234,6.78,7.044,1.01,-0.074,0.045,-0.014,1772,0,0
200254,6.713,7.02,1.116,-0.061,0.054,-0.012,1771,0,0
200275,6.694,7.041,1.109,-0.049,0.054,-0.011,1773,0,0
200294,6.768,7.075,1.075,-0.049,0.049,-0.01,1773,0,0
200314,6.752,7.08,1.113,-0.052,0.061,-0.007,1773,0,0
200335,6.685,7.096,1.228,-0.042,0.053,-0.008,1774,0,0
200354,6.697,7.082,1.216,-0.019,0.03,-0.011,1773,0,0
200374,6.74,7.183,1.149,0.006,0.021,-0.01,1773,0,0
200394,6.68,7.252,1.183,0.034,0.023,0.005,1773,0,0
200414,6.689,7.264,1.161,0.036,0.01,0.027,1773,0,0
200434,6.812,7.118,1.041,0.026,0.005,0.039,1772,0,0
200454,6.855,7.008,0.989,-0.004,0.025,0.039,1773,0,0
200474,6.826,6.991,0.912,-0.029,0.042,0.039,1773,0,0
200494,6.795,6.924,0.972,-0.034,0.052,0.047,1773,0,0
200514,6.845,6.804,1.027,-0.052,0.058,0.035,1774,0,0
200534,6.972,6.816,1.077,-0.036,0.065,0.021,1773,0,0
200554,6.852,6.831,1.104,-0.039,0.063,0.007,1773,0,0
200574,6.754,6.895,1.097,-0.035,0.047,-0.013,1773,0,0
200594,6.742,7.017,1.149,-0.019,0.057,-0.007,1772,0,0
200614,6.677,7.07,1.188,-0.032,0.053,-0.004,1772,0,0
200634,6.692,7.053,1.166,-0.047,0.051,0.004,1774,0,0
200654,6.701,6.989,1.109,-0.05,0.058,0.01,1772,0,0
200674,6.821,6.876,1.101,-0.067,0.05,0.007,1773,0,0
200694,6.826,6.843,1.034,-0.039,0.053,-0.002,1773,0,0
200714,6.752,6.891,1.075,-0.031,0.067,-0.017,1772,0,0
200734,6.754,6.986,1.082,-0.05,0.062,-0.021,1773,0,0
200755,6.792,7.08,1.006,-0.047,0.073,-0.015,1772,0,0
200774,6.761,7.125,1.135,-0.053,0.088,-0.006,1773,0,0
200794,6.689,7.137,1.317,-0.052,0.087,0.002,1771,0,0
200814,6.701,7.154,1.362,-0.034,0.063,0.009,1773,0,0
200834,6.747,7.106,1.31,-0.038,0.052,0.019,1773,0,0
200854,6.797,6.986,1.365,-0.042,0.046,0.02,1773,0,0
200874,6.847,6.919,1.314,-0.029,0.036,0.016,1773,0,0
200894,6.84,6.898,1.243,-0.044,0.033,0.014,1774,0,0
200914,6.814,6.891,1.192,-0.052,0.039,0.009,1773,0,0
200934,6.78,6.9,1.355,-0.058,0.039,0.005,1773,0,0
200954,6.74,6.881,1.396,-0.056,0.027,-0.007,1773,0,0
200974,6.804,6.85,1.389,-0.053,0.003,-0.013,1773,0,0
200994,6.819,6.905,1.221,-0.041,-0.019,-0.021,1774,0,0
201014,6.785,7.008,1.053,-0.031,-0.009,-0.02,1772,0,0
201034,6.692,7.065,1.077,-0.047,0.026,-0.012,1773,0,0
201054,6.744,7.051,1.137,-0.079,0.029,-0.002,1773,0,0
201074,6.838,6.977,1.149,-0.105,0.027,0.003,1773,0,0
201094,6.788,6.95,1.223,-0.084,0.024,-0.001,1773,0,0
201114,6.689,6.991,1.226,-0.05,0.011,-0.008,1773,0,0
201134,6.737,6.991,1.104,-0.038,0.001,-0.01,1773,0,0
201154,6.766,7.034,1.025,-0.033,0.012,-0.01,1771,0,0
201174,6.711,7.07,1.075,-0.047,0.024,-0.004,1774,0,0
201194,6.74,7.022,1.039,-0.078,0.028,0.008,1772,0,0
201214,6.735,6.953,1.113,-0.075,0.039,0.01,1772,0,0
201234,6.694,6.912,1.231,-0.041,0.038,-0.0,1773,0,0
201254,6.761,6.958,1.125,-0.034,0.02,-0.005,1770,0,0
201274,6.828,6.946,0.96,-0.06,0.019,-0.005,1773,0,0
201294,6.812,6.919,0.934,-0.079,0.048,-0.006,1772,0,0
201314,6.73,6.984,1.075,-0.056,0.068,-0.011,1773,0,0
201334,6.699,7.07,1.252,-0.059,0.068,-0.008,1772,0,0
201354,6.68,7.049,1.417,-0.078,0.056,-0.001,1773,0,0
201374,6.737,6.998,1.36,-0.043,0.026,-0.001,1774,0,0
201394,6.862,7.01,1.161,-0.037,0.011,-0.001,1772,0,0
201414,6.835,6.912,1.073,-0.074,0.034,0.0,1773,0,0
201434,6.759,6.907,1.123,-0.072,0.052,-0.006,1771,0,0
201454,6.759,6.96,1.305,-0.048,0.054,-0.008,1773,0,0
201474,6.735,6.977,1.314,-0.068,0.036,-0.013,1772,0,0
201495,6.778,6.981,1.269,-0.053,0.021,-0.018,1771,0,0
201514,6.766,7.058,1.228,-0.042,0.035,-0.017,1773,0,0
201534,6.776,7.125,1.267,-0.038,0.039,-0.007,1772,0,0
201554,6.73,7.159,1.269,-0.055,0.03,0.007,1773,0,0
201574,6.747,7.053,1.293,-0.088,0.043,0.02,1772,0,0
201594,6.742,6.874,1.288,-0.093,0.041,0.019,1773,0,0
201614,6.838,6.788,1.252,-0.066,0.029,0.008,1772,0,0
201634,6.826,6.821,1.214,-0.067,0.036,-0.002,1773,0,0
201654,6.833,6.871,1.343,-0.078,0.043,-0.011,1773,0,0
201674,6.728,6.912,1.427,-0.08,0.034,-0.014,1772,0,0
201694,6.768,6.941,1.36,-0.071,0.009,-0.015,1772,0,0
201714,6.778,6.955,1.307,-0.074,0.009,-0.021,1772,0,0
201734,6.725,7.015,1.329,-0.068,0.011,-0.023,1772,0,0
201754,6.735,7.104,1.269,-0.031,-0.001,-0.011,1772,0,0
201774,6.778,7.101,1.135,-0.042,-0.001,-0.007,1772,0,0
201794,6.785,7.101,1.111,-0.072,0.01,-0.005,1772,0,0
201814,6.792,7.072,1.164,-0.064,0.023,-0.001,1770,0,0
201834,6.771,7.082,1.247,-0.05,0.03,0.01,1773,0,0
201854,6.749,7.017,1.312,-0.053,0.02,0.018,1773,0,0
201874,6.752,6.934,1.314,-0.052,0.013,0.021,1772,0,0
201894,6.783,6.895,1.216,-0.06,0.016,0.01,1772,0,0
201914,6.783,6.912,1.202,-0.038,0.03,0.007,1772,0,0
201934,6.749,6.926,1.264,-0.062,0.037,0.01,1773,0,0
201954,6.788,6.847,1.319,-0.084,0.023,0.005,1773,0,0
201974,6.821,6.773,1.35,-0.077,0.015,-0.006,1772,0,0
201994,6.718,6.864,1.367,-0.05,0.013,-0.015,1773,0,0
202014,6.713,6.972,1.317,-0.036,-0.001,-0.02,1772,0,0
202034,6.747,7.039,1.24,-0.059,0.006,-0.012,1772,0,0
202054,6.778,6.962,1.257,-0.083,0.015,-0.006,1772,0,0
202074,6.788,6.891,1.228,-0.075,0.011,-0.004,1773,0,0
202094,6.8,6.867,1.238,-0.072,0.011,-0.014,1774,0,0
202114,6.761,6.907,1.209,-0.057,0.009,-0.022,1773,0,0
202134,6.752,6.996,1.214,-0.047,0.004,-0.023,1773,0,0
202154,6.737,7.025,1.118,-0.06,0.017,-0.017,1774,0,0
202174,6.737,7.027,1.073,-0.072,0.032,-0.007,1773,0,0
202194,6.747,6.998,1.178,-0.086,0.052,0.006,1773,0,0
202214,6.692,6.891,1.3,-0.086,0.04,0.0,1773,0,0
202234,6.711,6.826,1.341,-0.066,0.025,-0.011,1774,0,0
202254,6.732,6.881,1.257,-0.045,0.017,-0.026,1773,0,0
202274,6.802,6.965,1.116,-0.06,0.031,-0.024,1773,0,0
202294,6.737,6.998,1.185,-0.071,0.053,-0.016,1773,0,0
202314,6.656,6.991,1.341,-0.076,0.049,-0.011,1772,0,0
202334,6.675,6.943,1.381,-0.074,0.029,-0.011,1772,0,0
202354,6.773,6.893,1.317,-0.06,0.013,-0.019,1772,0,0
202374,6.783,6.907,1.329,-0.042,0.02,-0.026,1773,0,0
202394,6.783,6.946,1.317,-0.039,0.014,-0.031,1773,0,0
202414,6.821,6.993,1.25,-0.057,0.01,-0.03,1773,0,0
202434,6.804,7.003,1.18,-0.072,0.024,-0.028,1772,0,0
202454,6.78,7.022,1.276,-0.063,0.036,-0.024,1771,0,0
202474,6.732,7.084,1.346,-0.057,0.036,-0.021,1772,0,0
202494,6.74,7.14,1.41,-0.055,0.032,-0.015,1771,0,0
202514,6.728,7.123,1.408,-0.058,0.026,-0.003,1772,0,0
202534,6.73,7.061,1.417,-0.063,0.015,0.002,1772,0,0
202554,6.771,6.948,1.334,-0.063,0.006,-0.001,1773,0,0
202574,6.835,6.965,1.307,-0.066,0.013,-0.01,1772,0,0
202594,6.732,7.034,1.348,-0.056,0.02,-0.012,1772,0,0
202614,6.632,7.08,1.348,-0.046,0.013,-0.005,1771,0,0
202634,6.622,7.075,1.3,-0.057,0.006,0.003,1772,0,0
202654,6.651,6.962,1.314,-0.084,0.012,0.006,1772,0,0
202674,6.778,6.807,1.219,-0.079,0.002,-0.003,1772,0,0
202695,6.785,6.826,1.089,-0.05,0.015,-0.016,1771,0,0
202714,6.711,6.967,1.125,-0.053,0.046,-0.024,1772,0,0
202734,6.663,7.041,1.269,-0.081,0.057,-0.02,1773,0,0
202754,6.689,7.025,1.377,-0.09,0.052,-0.013,1772,0,0
202774,6.723,6.991,1.444,-0.08,0.041,-0.014,1772,0,0
202794,6.732,7.001,1.475,-0.062,0.026,-0.015,1773,0,0
202814,6.744,7.008,1.417,-0.043,0.015,-0.017,1773,0,0
202834,6.697,7.017,1.377,-0.036,0.01,-0.018,1773,0,0
202854,6.651,7.072,1.3,-0.046,0.002,-0.023,1773,0,0
202874,6.792,7.12,1.209,-0.067,0.014,-0.01,1773,0,0
202894,6.747,7.08,1.293,-0.081,0.037,0.002,1773,0,0
202914,6.699,7.008,1.434,-0.067,0.026,0.003,1773,0,0
202934,6.713,7.027,1.42,-0.043,0.015,0.001,1773,0,0
202954,6.699,7.013,1.367,-0.068,0.008,-0.001,1773,0,0
202974,6.689,6.998,1.355,-0.051,0.013,0.002,1774,0,0
202994,6.73,6.95,1.362,-0.059,0.018,-0.002,1773,0,0
203014,6.883,6.895,1.214,-0.076,0.017,-0.01,1773,0,0
203034,6.893,6.919,1.233,-0.083,0.035,-0.015,1773,0,0
203054,6.776,7.017,1.336,-0.072,0.046,-0.017,1773,0,0
203074,6.701,7.137,1.489,-0.057,0.037,-0.007,1773,0,0
203094,6.73,7.197,1.415,-0.067,0.023,0.002,1772,0,0
203114,6.689,7.147,1.389,-0.076,0.014,0.011,1772,0,0
203134,6.692,7.099,1.379,-0.048,0.006,0.02,1773,0,0
203154,6.728,7.032,1.331,-0.056,0.004,0.025,1773,0,0
203174,6.735,6.91,1.274,-0.075,0.007,0.021,1773,0,0
203194,6.675,6.852,1.269,-0.063,0.018,0.008,1773,0,0
203214,6.642,6.922,1.29,-0.042,0.023,0.005,1773,0,0
203234,6.685,6.972,1.346,-0.054,0.021,0.005,1773,0,0
203254,6.637,6.91,1.444,-0.075,0.022,0.002,1773,0,0
203274,6.677,6.828,1.374,-0.068,0.013,-0.004,1773,0,0
203294,6.728,6.831,1.286,-0.063,0.021,-0.01,1773,0,0
203314,6.744,6.795,1.231,-0.075,0.032,-0.017,1773,0,0
203334,6.783,6.876,1.211,-0.086,0.043,-0.025,1773,0,0
203354,6.78,6.941,1.322,-0.094,0.054,-0.026,1773,0,0
203374,6.737,7.027,1.48,-0.084,0.05,-0.023,1772,0,0
203394,6.754,7.056,1.48,-0.076,0.029,-0.021,1774,0,0
203415,6.725,7.084,1.453,-0.068,0.022,-0.019,1771,0,0
203434,6.673,7.116,1.379,-0.06,0.014,-0.011,1773,0,0
203454,6.692,7.099,1.247,-0.055,0.019,-0.004,1773,0,0
203474,6.713,7.039,1.247,-0.085,0.036,0.001,1773,0,0
203494,6.697,6.991,1.441,-0.076,0.046,-0.001,1773,0,0
203514,6.706,6.974,1.53,-0.056,0.034,-0.005,1774,0,0
203534,6.699,7.003,1.487,-0.05,0.018,-0.004,1773,0,0
203554,6.73,7.001,1.432,-0.067,0.017,-0.002,1773,0,0
203574,6.768,6.946,1.348,-0.074,0.027,-0.002,1773,0,0
203594,6.728,6.898,1.46,-0.067,0.033,-0.005,1774,0,0
203614,6.685,6.931,1.523,-0.051,0.023,-0.01,1773,0,0
203634,6.716,7.02,1.525,-0.042,0.01,-0.012,1774,0,0
203654,6.725,7.015,1.468,-0.05,0.014,-0.006,1772,0,0
203674,6.673,6.986,1.52,-0.056,0.016,0.003,1773,0,0
203694,6.642,6.907,1.508,-0.07,0.005,0.001,1773,0,0
203714,6.721,6.891,1.408,-0.068,-0.001,-0.008,1773,0,0
203734,6.742,6.917,1.353,-0.061,0.013,-0.015,1773,0,0
203754,6.661,7.025,1.475,-0.043,0.025,-0.011,1774,0,0
203774,6.606,7.116,1.563,-0.059,0.018,0.001,1773,0,0
203794,6.646,6.991,1.566,-0.084,-0.006,0.008,1773,0,0
203814,6.754,6.874,1.408,-0.082,-0.014,0.001,1772,0,0
203835,6.74,6.852,1.341,-0.053,0.003,-0.009,1773,0,0
203854,6.706,6.934,1.415,-0.044,0.014,-0.014,1773,0,0
203874,6.728,6.986,1.408,-0.068,0.008,-0.007,1773,0,0
203894,6.735,6.955,1.393,-0.096,0.01,-0.007,1774,0,0
203914,6.718,6.917,1.417,-0.077,0.003,-0.014,1773,0,0
203934,6.723,6.986,1.334,-0.055,-0.003,-0.015,1773,0,0
203954,6.737,7.032,1.286,-0.05,0.01,-0.013,1773,0,0
203974,6.709,7.058,1.369,-0.054,0.021,-0.014,1775,0,0
203994,6.699,7.049,1.432,-0.058,0.012,-0.005,1774,0,0
204014,6.687,6.984,1.437,-0.061,-0.004,-0.002,1774,0,0
204034,6.785,6.965,1.271,-0.051,0.005,-0.009,1774,0,0
204054,6.74,7.02,1.274,-0.042,0.037,-0.009,1775,0,0
204074,6.646,7.041,1.444,-0.061,0.046,0.001,1774,0,0
204094,6.728,6.97,1.554,-0.085,0.025,0.006,1774,0,0
204114,6.823,6.912,1.508,-0.07,0.005,0.001,1774,0,0
204134,6.773,6.948,1.408,-0.048,0.01,-0.004,1774,0,0
204154,6.677,7.017,1.501,-0.055,0.014,-0.004,1774,0,0
204174,6.692,6.991,1.53,-0.067,0.0,-0.003,1774,0,0
204194,6.795,6.95,1.489,-0.07,-0.01,-0.003,1773,0,0
204214,6.795,6.898,1.427,-0.063,-0.009,-0.009,1774,0,0
204234,6.699,6.922,1.386,-0.043,-0.003,-0.012,1774,0,0
204254,6.675,6.977,1.391,-0.048,-0.009,-0.017,1774,0,0
204274,6.744,7.013,1.362,-0.061,-0.008,-0.015,1773,0,0
204294,6.732,7.027,1.353,-0.067,0.004,-0.006,1773,0,0
204314,6.682,6.97,1.439,-0.069,0.015,0.001,1773,0,0
204334,6.699,6.931,1.453,-0.076,0.005,-0.005,1773,0,0
204354,6.723,6.941,1.453,-0.075,0.008,-0.01,1772,0,0
204374,6.699,6.95,1.472,-0.075,0.014,-0.008,1773,0,0
204394,6.663,6.962,1.563,-0.063,0.007,-0.005,1773,0,0
204414,6.701,6.943,1.46,-0.071,-0.014,-0.006,1773,0,0
204434,6.749,6.914,1.386,-0.074,-0.012,-0.015,1772,0,0
204454,6.716,6.917,1.389,-0.06,-0.001,-0.022,1774,0,0
204474,6.618,6.97,1.434,-0.055,0.001,-0.019,1774,0,0
204494,6.675,6.986,1.262,-0.075,-0.009,-0.014,1773,0,0
204514,6.742,6.938,1.231,-0.091,0.009,-0.012,1773,0,0
204534,6.721,6.922,1.267,-0.078,0.019,-0.022,1773,0,0
204554,6.721,6.95,1.319,-0.066,0.02,-0.029,1773,0,0
204574,6.68,7.037,1.334,-0.071,0.019,-0.026,1773,0,0
204594,6.701,7.063,1.317,-0.07,0.017,-0.02,1773,0,0
204614,6.744,7.037,1.305,-0.071,0.023,-0.011,1773,0,0
204634,6.747,6.924,1.384,-0.081,0.029,-0.017,1772,0,0
204654,6.718,6.943,1.41,-0.066,0.02,-0.027,1774,0,0
204674,6.771,7.046,1.365,-0.047,0.007,-0.024,1774,0,0
