538881,4.709,7.951,2.95,-0.059,0.035,0.004,1808.0,0.0,0.0
538889,4.705,7.98,3.017,-0.061,0.037,0.009,1809.0,0.0,0.0
538898,4.683,7.951,3.014,-0.063,0.037,0.011,1807.0,0.0,0.0
538906,4.7,7.915,3.043,-0.066,0.035,0.015,1811.0,0.0,0.0
538914,4.731,7.858,3.017,-0.067,0.031,0.015,1807.0,0.0,0.0
538922,4.729,7.858,3.014,-0.066,0.028,0.013,1809.0,0.0,0.0
538930,4.714,7.855,2.995,-0.063,0.026,0.01,1811.0,0.0,0.0
538938,4.729,7.865,2.947,-0.055,0.026,0.006,1809.0,0.0,0.0
538947,4.717,7.908,2.94,-0.047,0.031,0.006,1808.0,0.0,0.0
538955,4.695,7.961,2.945,-0.047,0.039,0.008,1808.0,0.0,0.0
538963,4.654,7.987,2.966,-0.056,0.044,0.014,1809.0,0.0,0.0
538971,4.645,7.985,3.021,-0.072,0.047,0.02,1809.0,0.0,0.0
538979,4.638,7.92,3.021,-0.077,0.045,0.024,1808.0,0.0,0.0
538987,4.65,7.858,3.043,-0.078,0.041,0.026,1808.0,0.0,0.0
538995,4.65,7.8,3.045,-0.076,0.034,0.023,1809.0,0.0,0.0
539003,4.669,7.803,3.007,-0.072,0.029,0.019,1808.0,0.0,0.0
539011,4.664,7.793,2.983,-0.064,0.03,0.014,1809.0,0.0,0.0
539019,4.638,7.839,2.969,-0.055,0.037,0.008,1809.0,0.0,0.0
539027,4.618,7.843,3.017,-0.048,0.042,0.007,1808.0,0.0,0.0
539036,4.59,7.906,3.007,-0.044,0.043,0.01,1809.0,0.0,0.0
539044,4.585,7.93,2.988,-0.042,0.039,0.014,1809.0,0.0,0.0
539052,4.583,7.937,3.014,-0.045,0.036,0.017,1811.0,0.0,0.0
539060,4.587,7.889,3.019,-0.055,0.031,0.02,1808.0,0.0,0.0
539068,4.583,7.841,3.036,-0.062,0.027,0.022,1809.0,0.0,0.0
539076,4.604,7.815,2.995,-0.065,0.023,0.021,1808.0,0.0,0.0
539085,4.647,7.776,2.952,-0.063,0.024,0.02,1809.0,0.0,0.0
539093,4.642,7.752,2.923,-0.056,0.029,0.017,1809.0,0.0,0.0
539101,4.64,7.736,2.914,-0.05,0.036,0.014,1807.0,0.0,0.0
539109,4.647,7.757,2.928,-0.048,0.045,0.013,1809.0,0.0,0.0
539117,4.633,7.743,2.933,-0.05,0.053,0.011,1809.0,0.0,0.0
539125,4.635,7.757,2.993,-0.052,0.056,0.011,1810.0,0.0,0.0
539133,4.662,7.764,3.012,-0.054,0.054,0.01,1808.0,0.0,0.0
539141,4.688,7.745,3.024,-0.054,0.051,0.009,1810.0,0.0,0.0
539149,4.693,7.733,3.041,-0.058,0.049,0.008,1808.0,0.0,0.0
539157,4.705,7.726,3.053,-0.062,0.046,0.006,1808.0,0.0,0.0
539166,4.719,7.726,3.067,-0.062,0.047,0.002,1810.0,0.0,0.0
539174,4.707,7.75,3.045,-0.06,0.049,-0.002,1809.0,0.0,0.0
539182,4.7,7.726,3.05,-0.056,0.054,-0.006,1809.0,0.0,0.0
539190,4.676,7.757,3.1,-0.054,0.058,-0.006,1810.0,0.0,0.0
539198,4.666,7.788,3.127,-0.056,0.058,-0.007,1807.0,0.0,0.0
539206,4.652,7.839,3.134,-0.06,0.055,-0.009,1809.0,0.0,0.0
539214,4.657,7.815,3.17,-0.062,0.049,-0.008,1808.0,0.0,0.0
539222,4.69,7.819,3.191,-0.062,0.041,-0.007,1808.0,0.0,0.0
539230,4.678,7.798,3.156,-0.061,0.03,-0.008,1809.0,0.0,0.0
539239,4.678,7.798,3.146,-0.062,0.021,-0.01,1810.0,0.0,0.0
539247,4.69,7.812,3.108,-0.06,0.014,-0.015,1808.0,0.0,0.0
539255,4.714,7.829,3.05,-0.054,0.012,-0.017,1808.0,0.0,0.0
539263,4.709,7.86,2.978,-0.051,0.016,-0.017,1808.0,0.0,0.0
539271,4.685,7.889,2.993,-0.057,0.028,-0.017,1808.0,0.0,0.0
539279,4.633,7.898,3.053,-0.07,0.039,-0.014,1810.0,0.0,0.0
539287,4.614,7.898,3.1,-0.075,0.045,-0.01,1808.0,0.0,0.0
539296,4.587,7.865,3.172,-0.076,0.042,-0.006,1808.0,0.0,0.0
539304,4.609,7.819,3.201,-0.072,0.033,-0.005,1808.0,0.0,0.0
539312,4.63,7.788,3.191,-0.063,0.019,-0.004,1809.0,0.0,0.0
539320,4.683,7.774,3.158,-0.052,0.006,-0.009,1810.0,0.0,0.0
539328,4.695,7.762,3.134,-0.047,-0.001,-0.014,1809.0,0.0,0.0
539337,4.688,7.767,3.038,-0.048,-0.002,-0.018,1809.0,0.0,0.0
539345,4.662,7.798,2.986,-0.051,0.002,-0.019,1807.0,0.0,0.0
539353,4.638,7.834,2.964,-0.054,0.006,-0.019,1808.0,0.0,0.0
539361,4.614,7.851,3.002,-0.057,0.014,-0.018,1808.0,0.0,0.0
539369,4.599,7.846,3.005,-0.058,0.019,-0.015,1808.0,0.0,0.0
539377,4.59,7.855,3.024,-0.055,0.023,-0.015,1809.0,0.0,0.0
539385,4.594,7.851,3.05,-0.051,0.025,-0.014,1808.0,0.0,0.0
539393,4.614,7.846,3.038,-0.05,0.022,-0.013,1809.0,0.0,0.0
539401,4.63,7.831,3.079,-0.054,0.019,-0.012,1807.0,0.0,0.0
539409,4.669,7.798,3.108,-0.06,0.017,-0.012,1809.0,0.0,0.0
539417,4.669,7.772,3.089,-0.066,0.013,-0.012,1808.0,0.0,0.0
539426,4.669,7.736,3.086,-0.067,0.01,-0.013,1808.0,0.0,0.0
539434,4.676,7.721,3.112,-0.066,0.009,-0.017,1809.0,0.0,0.0
539442,4.662,7.728,3.098,-0.065,0.008,-0.022,1808.0,0.0,0.0
539450,4.652,7.743,3.127,-0.059,0.004,-0.028,1808.0,0.0,0.0
539458,4.642,7.791,3.115,-0.054,0.004,-0.032,1809.0,0.0,0.0
539466,4.647,7.817,3.072,-0.052,0.004,-0.031,1808.0,0.0,0.0
539475,4.659,7.834,3.091,-0.055,0.006,-0.029,1808.0,0.0,0.0
539483,4.666,7.846,3.089,-0.061,0.009,-0.027,1808.0,0.0,0.0
539491,4.664,7.822,3.122,-0.064,0.009,-0.027,1809.0,0.0,0.0
539499,4.659,7.829,3.127,-0.062,0.005,-0.027,1808.0,0.0,0.0
539507,4.669,7.846,3.127,-0.057,-0.002,-0.029,1808.0,0.0,0.0
539515,4.673,7.87,3.098,-0.057,-0.008,-0.03,1809.0,0.0,0.0
539523,4.69,7.903,3.084,-0.062,-0.007,-0.029,1808.0,0.0,0.0
539531,4.666,7.918,3.079,-0.073,-0.007,-0.029,1809.0,0.0,0.0
539539,4.654,7.887,3.098,-0.082,-0.005,-0.029,1809.0,0.0,0.0
539548,4.666,7.867,3.129,-0.085,-0.007,-0.028,1807.0,0.0,0.0
539556,4.659,7.841,3.146,-0.079,-0.009,-0.029,1809.0,0.0,0.0
539564,4.697,7.86,3.122,-0.064,-0.013,-0.028,1808.0,0.0,0.0
539572,4.726,7.891,3.12,-0.05,-0.017,-0.028,1808.0,0.0,0.0
539580,4.729,7.932,3.105,-0.045,-0.018,-0.027,1810.0,0.0,0.0
539589,4.688,7.949,3.089,-0.051,-0.019,-0.025,1810.0,0.0,0.0
539597,4.657,7.98,3.043,-0.059,-0.021,-0.022,1808.0,0.0,0.0
539605,4.63,7.992,3.033,-0.065,-0.022,-0.017,1808.0,0.0,0.0
539613,4.597,7.98,3.021,-0.072,-0.022,-0.012,1809.0,0.0,0.0
539621,4.587,7.958,2.988,-0.078,-0.018,-0.01,1808.0,0.0,0.0
539629,4.587,7.922,2.986,-0.08,-0.015,-0.007,1809.0,0.0,0.0
539637,4.616,7.87,2.998,-0.079,-0.014,-0.006,1809.0,0.0,0.0
539645,4.64,7.846,3.012,-0.075,-0.016,-0.006,1810.0,0.0,0.0
539653,4.678,7.793,2.99,-0.067,-0.02,-0.01,1808.0,0.0,0.0
539661,4.724,7.791,2.945,-0.059,-0.023,-0.015,1810.0,0.0,0.0
539669,4.721,7.831,2.938,-0.053,-0.021,-0.019,1810.0,0.0,0.0
539678,4.683,7.877,2.916,-0.054,-0.015,-0.025,1808.0,0.0,0.0
539686,4.645,7.901,2.909,-0.06,-0.007,-0.025,1809.0,0.0,0.0
539694,4.609,7.963,2.95,-0.066,-0.002,-0.021,1811.0,0.0,0.0
539702,4.578,7.975,2.95,-0.067,-0.002,-0.015,1810.0,0.0,0.0
539710,4.592,7.985,2.945,-0.067,-0.006,-0.01,1811.0,0.0,0.0
539718,4.606,7.954,2.995,-0.064,-0.011,-0.006,1811.0,0.0,0.0
539726,4.659,7.925,2.988,-0.06,-0.016,-0.004,1810.0,0.0,0.0
539734,4.685,7.915,2.952,-0.06,-0.016,-0.007,1809.0,0.0,0.0
539743,4.676,7.896,2.916,-0.064,-0.014,-0.009,1808.0,0.0,0.0
539751,4.662,7.93,2.902,-0.068,-0.01,-0.009,1809.0,0.0,0.0
539759,4.642,7.918,2.933,-0.071,-0.003,-0.007,1809.0,0.0,0.0
539767,4.618,7.913,2.966,-0.072,0.004,-0.006,1808.0,0.0,0.0
539775,4.585,7.896,3.007,-0.072,0.008,-0.005,1812.0,0.0,0.0
539783,4.554,7.875,3.045,-0.07,0.009,-0.005,1811.0,0.0,0.0
539791,4.556,7.834,3.089,-0.066,0.005,-0.005,1809.0,0.0,0.0
539799,4.58,7.834,3.096,-0.063,0.001,-0.006,1809.0,0.0,0.0
539807,4.587,7.798,3.112,-0.069,-0.006,-0.008,1808.0,0.0,0.0
539816,4.606,7.764,3.077,-0.079,-0.017,-0.013,1811.0,0.0,0.0
539824,4.609,7.728,3.067,-0.082,-0.019,-0.02,1811.0,0.0,0.0
539832,4.618,7.731,3.072,-0.081,-0.017,-0.027,1810.0,0.0,0.0
539840,4.59,7.75,3.108,-0.079,-0.013,-0.033,1810.0,0.0,0.0
539848,4.523,7.796,3.179,-0.076,-0.008,-0.036,1810.0,0.0,0.0
539856,4.463,7.805,3.256,-0.077,-0.012,-0.038,1809.0,0.0,0.0
539864,4.436,7.8,3.263,-0.077,-0.022,-0.035,1809.0,0.0,0.0
539873,4.432,7.784,3.287,-0.072,-0.035,-0.036,1808.0,0.0,0.0
539881,4.448,7.786,3.309,-0.066,-0.043,-0.038,1809.0,0.0,0.0
539889,4.456,7.779,3.311,-0.064,-0.049,-0.041,1809.0,0.0,0.0
539897,4.463,7.769,3.326,-0.072,-0.055,-0.043,1810.0,0.0,0.0
539905,4.456,7.76,3.326,-0.087,-0.059,-0.046,1807.0,0.0,0.0
539913,4.413,7.733,3.397,-0.1,-0.066,-0.052,1811.0,0.0,0.0
539921,4.365,7.693,3.445,-0.108,-0.077,-0.059,1811.0,0.0,0.0
539929,4.334,7.659,3.486,-0.11,-0.091,-0.067,1812.0,0.0,0.0
539937,4.293,7.652,3.486,-0.104,-0.104,-0.076,1810.0,0.0,0.0
539946,4.238,7.654,3.543,-0.096,-0.116,-0.085,1810.0,0.0,0.0
539954,4.14,7.657,3.603,-0.088,-0.129,-0.096,1810.0,0.0,0.0
539962,4.094,7.661,3.663,-0.084,-0.143,-0.103,1809.0,0.0,0.0
539970,4.058,7.676,3.716,-0.076,-0.162,-0.109,1810.0,0.0,0.0
539978,4.037,7.688,3.747,-0.072,-0.182,-0.114,1811.0,0.0,0.0
539986,4.025,7.688,3.804,-0.076,-0.202,-0.12,1808.0,0.0,0.0
539994,4.032,7.683,3.809,-0.088,-0.218,-0.128,1810.0,0.0,0.0
540002,4.027,7.676,3.898,-0.106,-0.229,-0.137,1810.0,0.0,0.0
540010,4.001,7.633,4.013,-0.127,-0.234,-0.145,1810.0,0.0,0.0
540018,3.919,7.673,4.199,-0.148,-0.237,-0.155,1809.0,0.0,0.0
540026,3.747,7.712,4.413,-0.161,-0.247,-0.17,1810.0,0.0,0.0
540034,3.618,7.728,4.714,-0.167,-0.268,-0.176,1812.0,0.0,0.0
540043,3.481,7.803,4.908,-0.161,-0.299,-0.177,1810.0,0.0,0.0
540051,3.388,7.819,5.083,-0.165,-0.329,-0.178,1809.0,0.0,0.0
540059,3.294,7.788,5.26,-0.2,-0.372,-0.183,1810.0,0.0,0.0
540067,3.247,7.676,5.375,-0.248,-0.419,-0.195,1810.0,0.0,0.0
540075,3.256,7.494,5.476,-0.286,-0.473,-0.213,1808.0,0.0,0.0
540083,3.275,7.353,5.509,-0.302,-0.535,-0.236,1811.0,0.0,0.0
540091,3.294,7.252,5.449,-0.294,-0.595,-0.264,1811.0,0.0,0.0
540099,3.378,7.185,5.337,-0.266,-0.649,-0.297,1809.0,0.0,0.0
540107,3.376,7.228,5.27,-0.249,-0.684,-0.326,1811.0,0.0,0.0
540116,3.364,7.331,5.239,-0.249,-0.697,-0.35,1810.0,0.0,0.0
540124,3.282,7.432,5.313,-0.27,-0.695,-0.366,1809.0,0.0,0.0
540132,3.132,7.539,5.567,-0.33,-0.694,-0.377,1810.0,0.0,0.0
540140,3.005,7.594,5.76,-0.412,-0.704,-0.383,1811.0,0.0,0.0
540148,2.859,7.57,6.033,-0.501,-0.727,-0.392,1812.0,0.0,0.0
540156,2.739,7.525,6.244,-0.58,-0.763,-0.409,1811.0,0.0,0.0
540164,2.612,7.482,6.51,-0.639,-0.805,-0.429,1812.0,0.0,0.0
540172,2.495,7.393,6.831,-0.676,-0.861,-0.453,1814.0,0.0,0.0
540181,2.368,7.353,7.017,-0.706,-0.94,-0.48,1811.0,0.0,0.0
540189,2.301,7.254,7.084,-0.724,-1.041,-0.512,1811.0,0.0,0.0
540196,2.456,7.228,7.017,-0.723,-1.152,-0.545,1812.0,0.0,0.0
540204,2.617,7.336,6.874,-0.708,-1.248,-0.58,1813.0,0.0,0.0
540212,2.761,7.393,6.766,-0.694,-1.321,-0.62,1812.0,0.0,0.0
540220,2.804,7.496,6.656,-0.701,-1.369,-0.657,1811.0,0.0,0.0
540228,2.732,7.602,6.653,-0.736,-1.4,-0.6540275,1.832,7.7,6.28
540283,1.899,7.772,6.27,-0.891,-1.703,-0.996,1812.0,0.0,0.0
540290,2.093,7.887,6.17,-0.954,-1.739,-1.04,1812.0,0.0,0.0
540298,2.296,8.131,6.139,-1.009,-1.774,-1.076,1812.0,0.0,0.0
540306,2.344,8.408,6.16,-1.062,-1.803,-1.104,1810.0,0.0,0.0
540314,2.296,8.617,6.184,-1.13,-1.828,-1.117,1812.0,0.0,0.0
541198,4.367,8.452,3.519,-0.088,0.434,0.3,1809.0,0.0,0.0
541206,4.324,8.37,3.541,-0.079,0.414,0.302,1809.0,0.0,0.0
541214,4.348,8.308,3.548,-0.067,0.391,0.303,1808.0,0.0,0.0
541221,4.417,8.258,3.534,-0.051,0.377,0.304,1809.0,0.0,0.0
541229,4.465,8.229,3.543,-0.044,0.37,0.302,1809.0,0.0,0.0
542205,4.355,7.638,3.431,-0.107,0.054,-0.021,1810.0,0.0,0.0
544225,4.178,7.717,3.898,-0.042,-0.02,0.004,1810.0,0.0,0.0
545232,4.173,7.635,3.62,-0.062,-0.016,-0.007,1810.0,0.0,0.0
547252,4.017,7.752,3.883,-0.077,0.024,0.002,1811.0,0.0,0.0
548259,4.068,7.822,3.405,-0.062,-0.044,-0.023,1815.0,0.0,0.0
550280,4.135,7.963,3.445,-0.07,0.054,-0.018,1815.0,0.0,0.0
551287,4.061,8.064,3.357,-0.058,0.01,-0.027,1814.0,0.0,0.0
553308,5.511,7.453,1.774,-0.08,-0.1,-0.071,1814.0,0.0,0.0
553877,5.315,7.791,1.762,-0.058,-0.067,-0.083,1809.0,0.0,0.0
553885,5.353,7.843,1.678,-0.065,-0.071,-0.084,1808.0,0.0,0.0
553894,5.337,7.827,1.664,-0.068,-0.066,-0.087,1810.0,0.0,0.0
553902,5.303,7.817,1.638,-0.064,-0.064,-0.088,1808.0,0.0,0.0
553910,5.289,7.817,1.63,-0.054,-0.066,-0.093,1809.0,0.0,0.0
553918,5.303,7.853,1.626,-0.044,-0.069,-0.097,1809.0,0.0,0.0
553926,5.313,7.918,1.618,-0.033,-0.067,-0.099,1809.0,0.0,0.0
553934,5.325,7.987,1.638,-0.028,-0.061,-0.099,1809.0,0.0,0.0
553942,5.327,8.021,1.614,-0.027,-0.056,-0.096,1809.0,0.0,0.0
553950,5.313,8.078,1.595,-0.031,-0.052,-0.092,1810.0,0.0,0.0
553958,5.308,8.131,1.585,-0.036,-0.048,-0.086,1809.0,0.0,0.0
553966,5.296,8.157,1.58,-0.048,-0.047,-0.078,1811.0,0.0,0.0
553975,5.322,8.157,1.542,-0.063,-0.05,-0.072,1809.0,0.0,0.0
553983,5.337,8.114,1.544,-0.071,-0.05,-0.067,1808.0,0.0,0.0
553991,5.334,8.104,1.561,-0.07,-0.048,-0.064,1810.0,0.0,0.0
553999,5.315,8.104,1.568,-0.063,-0.044,-0.062,1809.0,0.0,0.0
554007,5.274,8.128,1.547,-0.059,-0.043,-0.058,1809.0,0.0,0.0
554015,5.27,8.124,1.525,-0.055,-0.043,-0.053,1809.0,0.0,0.0
554023,5.289,8.138,1.446,-0.049,-0.041,-0.048,1809.0,0.0,0.0
554031,5.327,8.126,1.42,-0.039,-0.033,-0.047,1809.0,0.0,0.0
554039,5.329,8.124,1.391,-0.03,-0.025,-0.048,1808.0,0.0,0.0
554047,5.361,8.121,1.413,-0.024,-0.013,-0.05,1809.0,0.0,0.0
554056,5.373,8.176,1.448,-0.023,0.001,-0.048,1811.0,0.0,0.0
554064,5.356,8.215,1.492,-0.033,0.013,-0.041,1809.0,0.0,0.0
554072,5.298,8.248,1.523,-0.053,0.021,-0.027,1810.0,0.0,0.0
554080,5.27,8.238,1.566,-0.08,0.021,-0.01,1810.0,0.0,0.0
554088,5.26,8.164,1.647,-0.093,0.019,0.001,1809.0,0.0,0.0
554096,5.277,8.045,1.623,-0.093,0.014,0.008,1809.0,0.0,0.0
554104,5.301,7.98,1.662,-0.084,0.008,0.008,1811.0,0.0,0.0
554112,5.32,7.927,1.654,-0.068,0.007,0.0,1810.0,0.0,0.0
554121,5.344,7.908,1.626,-0.05,0.009,-0.01,1810.0,0.0,0.0
554129,5.346,7.939,1.638,-0.036,0.012,-0.017,1811.0,0.0,0.0
554137,5.315,7.985,1.647,-0.033,0.01,-0.018,1811.0,0.0,0.0
554145,5.277,8.028,1.664,-0.039,0.009,-0.016,1811.0,0.0,0.0
554153,5.265,8.037,1.63,-0.048,0.006,-0.01,1810.0,0.0,0.0
554161,5.26,8.011,1.635,-0.055,0.007,-0.006,1810.0,0.0,0.0
554169,5.255,7.999,1.638,-0.059,0.011,-0.003,1811.0,0.0,0.0
554178,5.239,7.989,1.695,-0.063,0.014,-0.004,1810.0,0.0,0.0
554186,5.246,7.949,1.736,-0.067,0.017,-0.006,1810.0,0.0,0.0
554194,5.27,7.922,1.753,-0.07,0.017,-0.009,1811.0,0.0,0.0
554202,5.298,7.877,1.736,-0.065,0.015,-0.01,1810.0,0.0,0.0
554210,5.313,7.875,1.741,-0.057,0.014,-0.009,1809.0,0.0,0.0
554218,5.346,7.879,1.736,-0.053,0.015,-0.01,1811.0,0.0,0.0
554227,5.332,7.875,1.738,-0.06,0.014,-0.009,1811.0,0.0,0.0
554235,5.341,7.884,1.743,-0.075,0.009,-0.01,1810.0,0.0,0.0
554243,5.322,7.901,1.724,-0.082,0.006,-0.014,1810.0,0.0,0.0
554251,5.327,7.913,1.779,-0.077,0.005,-0.019,1809.0,0.0,0.0
554259,5.296,7.918,1.81,-0.066,0.006,-0.023,1809.0,0.0,0.0
554268,5.274,7.934,1.81,-0.061,0.003,-0.023,1810.0,0.0,0.0
554276,5.289,7.951,1.765,-0.061,-0.002,-0.019,1809.0,0.0,0.0
554284,5.286,7.961,1.75,-0.062,-0.007,-0.017,1809.0,0.0,0.0
554292,5.27,7.942,1.731,-0.066,-0.014,-0.016,1811.0,0.0,0.0
554300,5.313,7.903,1.676,-0.07,-0.017,-0.017,1810.0,0.0,0.0
554308,5.32,7.903,1.671,-0.072,-0.017,-0.019,1808.0,0.0,0.0
554316,5.337,7.915,1.683,-0.073,-0.007,-0.021,1811.0,0.0,0.0
554325,5.289,7.93,1.726,-0.075,0.001,-0.021,1809.0,0.0,0.0
554333,5.205,7.906,1.784,-0.072,0.003,-0.022,1809.0,0.0,0.0
554341,5.148,7.879,1.784,-0.065,-0.002,-0.023,1811.0,0.0,0.0
554349,5.138,7.87,1.796,-0.055,-0.011,-0.024,1811.0,0.0,0.0
554357,5.126,7.834,1.719,-0.058,-0.025,-0.026,1812.0,0.0,0.0
554365,5.188,7.812,1.652,-0.072,-0.037,-0.028,1811.0,0.0,0.0
554374,5.284,7.776,1.556,-0.084,-0.035,-0.03,1808.0,0.0,0.0
554382,5.308,7.776,1.525,-0.09,-0.024,-0.034,1809.0,0.0,0.0
554390,5.313,7.757,1.537,-0.09,-0.007,-0.038,1811.0,0.0,0.0
554398,5.265,7.76,1.575,-0.082,0.004,-0.045,1811.0,0.0,0.0
554406,5.16,7.784,1.681,-0.074,0.004,-0.05,1812.0,0.0,0.0
554414,5.076,7.798,1.709,-0.068,-0.008,-0.055,1808.0,0.0,0.0
554422,5.071,7.788,1.714,-0.065,-0.025,-0.057,1810.0,0.0,0.0
554430,5.085,7.776,1.652,-0.064,-0.041,-0.059,1811.0,0.0,0.0
554439,5.128,7.75,1.563,-0.066,-0.049,-0.063,1810.0,0.0,0.0
554447,5.157,7.705,1.487,-0.071,-0.053,-0.069,1810.0,0.0,0.0
554455,5.169,7.681,1.441,-0.072,-0.052,-0.078,1810.0,0.0,0.0
554463,5.164,7.611,1.405,-0.061,-0.052,-0.091,1809.0,0.0,0.0
554471,5.143,7.597,1.35,-0.044,-0.056,-0.103,1810.0,0.0,0.0
554479,5.119,7.59,1.271,-0.028,-0.066,-0.114,1811.0,0.0,0.0
554488,5.071,7.532,1.192,-0.021,-0.078,-0.128,1810.0,0.0,0.0
554496,5.085,7.503,1.099,-0.024,-0.09,-0.14,1810.0,0.0,0.0
554504,5.08,7.456,0.96,-0.028,-0.097,-0.155,1809.0,0.0,0.0
554512,5.085,7.427,0.826,-0.027,-0.103,-0.175,1812.0,0.0,0.0
554520,5.069,7.396,0.673,-0.016,-0.104,-0.197,1810.0,0.0,0.0
554528,5.073,7.396,0.505,0.003,-0.11,-0.222,1811.0,0.0,0.0
554536,5.073,7.348,0.405,0.031,-0.12,-0.25,1811.0,0.0,0.0
554544,5.045,7.314,0.271,0.075,-0.135,-0.28,1811.0,0.0,0.0
554552,5.023,7.238,0.089,0.15,-0.163,-0.323,1811.0,0.0,0.0
554561,4.994,7.254,-0.139,0.235,-0.187,-0.365,1811.0,0.0,0.0
554569,4.949,7.278,-0.335,0.326,-0.212,-0.41,1811.0,0.0,0.0
554577,4.932,7.379,-0.575,0.412,-0.23,-0.449,1812.0,0.0,0.0
554585,4.954,7.52,-0.831,0.479,-0.248,-0.482,1810.0,0.0,0.0
554593,5.03,7.666,-1.01,0.517,-0.259,-0.506,1813.0,0.0,0.0
554601,4.978,7.872,-1.274,0.531,-0.26,-0.523,1811.0,0.0,0.0
554609,4.918,8.116,-1.46,0.529,-0.265,-0.53,1810.0,0.0,0.0
554617,4.863,8.384,-1.748,0.507,-0.262,-0.526,1811.0,0.0,0.0
554625,4.752,8.59,-1.975,0.466,-0.258,-0.517,1814.0,0.0,0.0
554634,4.525,8.787,-2.32,0.41,-0.253,-0.499,1813.0,0.0,0.0
554642,4.326,8.911,-2.631,0.365,-0.254,-0.485,1811.0,0.0,0.0
554650,4.161,9.033,-2.957,0.355,-0.258,-0.479,1814.0,0.0,0.0
554658,4.032,9.081,-3.302,0.387,-0.264,-0.479,1813.0,0.0,0.0
554666,3.934,9.143,-3.632,0.464,-0.253,-0.484,1815.0,0.0,0.0
554674,3.859,9.282,-4.037,0.572,-0.217,-0.491,1813.0,0.0,0.0
554682,3.733,9.431,-4.468,0.671,-0.144,-0.503,1812.0,0.0,0.0
554690,3.529,9.742,-4.808,0.745,-0.052,-0.509,1815.0,0.0,0.0
554699,3.23,10.063,-5.112,0.837,0.031,-0.508,1817.0,0.0,0.0
554707,2.928,10.398,-5.471,0.886,0.107,-0.497,1814.0,0.0,0.0
554715,2.777,10.803,-5.926,0.899,0.167,-0.47,1813.0,0.0,0.0
554723,2.636,11.274,-6.345,0.865,0.233,-0.416,1814.0,0.0,0.0
554731,2.528,11.645,-6.735,0.791,0.317,-0.345,1812.0,0.0,0.0
554739,2.411,11.923,-7.041,0.706,0.43,-0.265,1814.0,0.0,0.0
554748,2.277,12.067,-7.377,0.638,0.599,-0.188,1815.0,0.0,0.0
554756,2.116,12.069,-7.219,0.666,0.798,-0.12,1814.0,0.0,0.0
554764,1.93,12.131,-6.862,0.747,0.997,-0.068,1814.0,0.0,0.0
554772,1.762,12.148,-6.687,0.87,1.173,-0.041,1815.0,0.0,0.0
554780,1.539,12.198,-6.579,0.98,1.356,-0.025,1813.0,0.0,0.0
554788,1.164,12.297,-6.694,1.065,1.531,-0.006,1812.0,0.0,0.0
554796,0.819,12.45,-6.936,1.131,1.674,0.022,1813.0,0.0,0.0
554804,0.539,12.673,-7.274,1.14,1.794,0.067,1812.0,0.0,0.0
554812,0.261,12.9,-7.594,1.096,1.909,0.12,1813.0,0.0,0.0
554820,0.022,13.077,-7.855,1.015,2.036,0.181,1814.0,0.0,0.0
554829,-0.089,13.29,-7.896,0.947,2.196,0.245,1812.0,0.0,0.0
554837,-0.168,13.487,-7.525,0.911,2.439,0.322,1812.0,0.0,0.0
554845,0.014,13.683,-6.958,0.918,2.698,0.394,1811.0,0.0,0.0
554853,0.302,13.812,-6.096,0.973,3.004,0.471,1813.0,0.0,0.0
554861,0.141,14.09,-5.253,1.027,3.316,0.559,1813.0,0.0,0.0
554869,-0.385,14.296,-4.623,1.035,3.583,0.656,1814.0,0.0,0.0
554877,-1.125,14.466,-4.166,0.997,3.78,0.776,1813.0,0.0,0.0
554886,-1.925,14.574,-3.895,0.937,3.884,0.911,1812.0,0.0,0.0
554894,-2.758,14.523,-3.785,0.832,3.941,1.064,1814.0,0.0,0.0
554902,-3.414,14.43,-3.826,0.718,3.976,1.197,1814.0,0.0,0.0
554910,-3.436,14.365,-3.656,0.629,4.036,1.32,1815.0,0.0,0.0
554918,-2.94,14.178,-2.842,0.605,4.193,1.43,1813.0,0.0,0.0
554926,-2.512,14.155,-1.812,0.618,4.433,1.54,1815.0,0.0,0.0
554934,-2.203,14.147,-0.702,0.609,4.74,1.649,1813.0,0.0,0.0
554943,-2.097,13.965,0.436,0.574,5.067,1.762,1813.0,0.0,0.0
554951,-2.466,13.616,1.573,0.572,5.38,1.903,1814.0,0.0,0.0
554959,-3.261,13.218,2.325,0.591,5.563,2.023,1815.0,0.0,0.0
554967,-4.214,12.754,2.844,0.619,5.611,2.123,1817.0,0.0,0.0
554975,-4.994,12.299,3.196,0.662,5.552,2.196,1816.0,0.0,0.0
554983,-5.555,11.839,3.579,0.723,5.408,2.245,1816.0,0.0,0.0
554991,-5.413,11.693,4.087,0.823,5.228,2.281,1817.0,0.0,0.0
554999,-4.489,11.401,5.203,0.969,5.143,2.299,1817.0,0.0,0.0
555008,-3.737,11.325,6.325,1.063,5.19,2.333,1818.0,0.0,0.0
555016,-3.306,11.114,7.444,0.979,5.276,2.388,1816.0,0.0,0.0
555024,-3.354,10.532,8.602,0.735,5.35,2.484,1818.0,0.0,0.0
555032,-3.747,9.742,9.4,0.502,5.242,2.585,1820.0,0.0,0.0
555040,-4.118,8.657,9.926,0.371,4.987,2.668,1823.0,0.0,0.0
555048,-4.132,7.64,10.127,0.421,4.617,2.706,1825.0,0.0,0.0
555056,-3.376,6.785,10.489,0.679,4.229,2.682,1825.0,0.0,0.0
555065,-2.545,6.105,11.044,1.012,3.898,2.596,1826.0,0.0,0.0
555073,-1.642,5.823,11.353,1.245,3.651,2.486,1825.0,0.0,0.0
555081,-1.034,5.425,11.763,1.255,3.46,2.363,1827.0,0.0,0.0
555089,-0.63,5.04,11.964,1.067,3.289,2.261,1825.0,0.0,0.0
555097,-0.345,4.63,12.0,0.79,3.119,2.18,1824.0,0.0,0.0
555105,-0.213,4.032,12.05,0.527,2.917,2.097,1825.0,0.0,0.0
555113,-0.06,3.273,11.842,0.393,2.679,1.994,1828.0,0.0,0.0
555121,0.529,2.682,11.782,0.48,2.416,1.852,1826.0,0.0,0.0
555129,1.195,2.583,11.899,0.716,2.275,1.703,1830.0,0.0,0.0
555137,1.58,2.713,12.04,0.931,2.197,1.553,1827.0,0.0,0.0
555146,1.743,2.983,12.131,0.989,2.126,1.418,1825.0,0.0,0.0
555154,1.817,3.127,12.194,0.897,2.028,1.301,1829.0,0.0,0.0
555162,1.836,3.196,12.064,0.723,1.87,1.189,1826.0,0.0,0.0
555170,1.901,3.1,11.775,0.559,1.678,1.091,1826.0,0.0,0.0
555178,2.04,2.885,11.195,0.475,1.456,0.984,1828.0,0.0,0.0
555186,2.492,2.916,10.709,0.545,1.263,0.872,1825.0,0.0,0.0
555194,3.005,3.23,10.59,0.692,1.172,0.764,1831.0,0.0,0.0
555203,3.285,3.759,10.412,0.74,1.151,0.68,1828.0,0.0,0.0
555211,3.328,4.161,10.319,0.577,1.142,0.621,1829.0,0.0,0.0
555219,3.256,4.312,10.254,0.311,1.105,0.582,1829.0,0.0,0.0
555227,3.124,4.317,10.175,0.047,1.025,0.555,1828.0,0.0,0.0
555235,3.112,4.065,9.991,-0.172,0.885,0.517,1829.0,0.0,0.0
555243,3.244,3.725,9.584,-0.201,0.737,0.462,1826.0,0.0,0.0
555251,3.522,3.505,9.108,-0.096,0.587,0.383,1829.0,0.0,0.0
555259,3.977,3.515,8.715,0.093,0.471,0.281,1828.0,0.0,0.0
555267,4.345,3.725,8.464,0.286,0.417,0.175,1828.0,0.0,0.0
555275,4.575,4.118,8.322,0.403,0.41,0.09,1827.0,0.0,0.0
555284,4.628,4.566,8.296,0.412,0.417,0.027,1828.0,0.0,0.0
555292,4.537,4.954,8.289,0.321,0.414,-0.015,1827.0,0.0,0.0
555300,4.374,5.193,8.274,0.192,0.375,-0.038,1830.0,0.0,0.0
555308,4.302,5.279,8.198,0.064,0.285,-0.048,1829.0,0.0,0.0
555316,4.314,5.212,7.956,0.035,0.176,-0.056,1825.0,0.0,0.0
555324,4.427,5.136,7.611,0.073,0.053,-0.072,1826.0,0.0,0.0
555332,4.659,5.203,7.161,0.129,-0.063,-0.1,1828.0,0.0,0.0
555340,4.968,5.262,6.668,0.161,-0.149,-0.138,1827.0,0.0,0.0
555349,5.241,5.418,6.218,0.156,-0.19,-0.176,1824.0,0.0,0.0
555357,5.571,5.624,5.849,0.13,-0.188,-0.207,1826.0,0.0,0.0
555365,5.763,5.885,5.662,0.082,-0.147,-0.224,1825.0,0.0,0.0
555373,5.796,6.117,5.583,0.002,-0.095,-0.228,1825.0,0.0,0.0
555381,5.653,6.215,5.504,-0.107,-0.054,-0.222,1825.0,0.0,0.0
555389,5.545,6.191,5.511,-0.183,-0.048,-0.216,1827.0,0.0,0.0
555397,5.499,6.177,5.444,-0.211,-0.075,-0.217,1826.0,0.0,0.0
555406,5.514,6.136,5.322,-0.197,-0.123,-0.232,1825.0,0.0,0.0
555414,5.564,6.069,5.155,-0.152,-0.179,-0.261,1826.0,0.0,0.0
555422,5.626,6.127,4.911,-0.081,-0.23,-0.296,1826.0,0.0,0.0
555430,5.734,6.242,4.685,0.001,-0.27,-0.328,1826.0,0.0,0.0
555438,5.804,6.46,4.444,0.07,-0.285,-0.351,1824.0,0.0,0.0
555446,5.918,6.711,4.266,0.119,-0.28,-0.361,1825.0,0.0,0.0
555454,6.012,6.917,4.226,0.144,-0.248,-0.355,1825.0,0.0,0.0
555462,6.007,7.118,4.207,0.148,-0.213,-0.337,1825.0,0.0,0.0
555470,5.923,7.24,4.202,0.132,-0.188,-0.313,1825.0,0.0,0.0
555479,5.883,7.324,4.18,0.102,-0.181,-0.282,1826.0,0.0,0.0
555487,5.835,7.312,4.144,0.069,-0.186,-0.253,1824.0,0.0,0.0
555495,5.772,7.288,4.07,0.043,-0.2,-0.232,1824.0,0.0,0.0
555503,5.696,7.233,3.96,0.03,-0.216,-0.217,1825.0,0.0,0.0
555511,5.638,7.168,3.819,0.034,-0.236,-0.207,1824.0,0.0,0.0
555519,5.607,7.175,3.699,0.043,-0.252,-0.197,1827.0,0.0,0.0
555527,5.617,7.23,3.587,0.052,-0.256,-0.189,1823.0,0.0,0.0
555536,5.624,7.271,3.543,0.064,-0.249,-0.181,1825.0,0.0,0.0
555544,5.66,7.281,3.519,0.08,-0.234,-0.169,1827.0,0.0,0.0
555552,5.679,7.283,3.486,0.096,-0.216,-0.153,1826.0,0.0,0.0
555560,5.684,7.298,3.503,0.109,-0.192,-0.134,1827.0,0.0,0.0
555568,5.698,7.345,3.469,0.114,-0.163,-0.114,1824.0,0.0,0.0
555576,5.698,7.317,3.438,0.113,-0.128,-0.095,1825.0,0.0,0.0
555584,5.643,7.295,3.433,0.101,-0.096,-0.074,1823.0,0.0,0.0
555592,5.602,7.209,3.462,0.084,-0.072,-0.055,1826.0,0.0,0.0
555600,5.624,7.154,3.452,0.067,-0.053,-0.035,1828.0,0.0,0.0
555608,5.655,7.149,3.469,0.047,-0.03,-0.021,1823.0,0.0,0.0
555616,5.665,7.125,3.531,0.016,-0.007,-0.011,1826.0,0.0,0.0
555625,5.655,7.08,3.637,-0.022,0.015,-0.005,1825.0,0.0,0.0
555633,5.598,7.029,3.783,-0.057,0.034,-0.002,1826.0,0.0,0.0
555641,5.528,6.972,3.9,-0.072,0.048,0.002,1825.0,0.0,0.0
555649,5.452,6.95,3.972,-0.067,0.054,0.007,1823.0,0.0,0.0
555657,5.42,6.931,3.996,-0.047,0.053,0.012,1825.0,0.0,0.0
555665,5.382,6.9,3.998,-0.025,0.044,0.015,1828.0,0.0,0.0
555673,5.413,6.879,3.967,-0.003,0.035,0.019,1824.0,0.0,0.0
555681,5.483,6.876,3.989,0.012,0.04,0.024,1826.0,0.0,0.0
555689,5.523,6.85,4.053,0.01,0.053,0.029,1828.0,0.0,0.0
555697,5.538,6.802,4.092,-0.018,0.064,0.033,1825.0,0.0,0.0
555706,5.555,6.749,4.144,-0.051,0.073,0.031,1826.0,0.0,0.0
555714,5.535,6.68,4.187,-0.06,0.078,0.026,1826.0,0.0,0.0
555722,5.492,6.625,4.216,-0.049,0.075,0.02,1825.0,0.0,0.0
555730,5.461,6.627,4.243,-0.029,0.067,0.015,1824.0,0.0,0.0
555738,5.44,6.665,4.254,-0.015,0.06,0.01,1827.0,0.0,0.0
555746,5.447,6.694,4.31,-0.014,0.058,0.006,1824.0,0.0,0.0
555755,5.464,6.735,4.357,-0.026,0.058,0.005,1824.0,0.0,0.0
555763,5.459,6.713,4.403,-0.039,0.056,0.003,1823.0,0.0,0.0
555771,5.435,6.685,4.451,-0.051,0.048,0.003,1824.0,0.0,0.0
555779,5.432,6.685,4.458,-0.054,0.036,0.001,1824.0,0.0,0.0
555787,5.459,6.658,4.46,-0.051,0.021,-0.001,1827.0,0.0,0.0
555795,5.488,6.646,4.434,-0.045,0.007,-0.006,1826.0,0.0,0.0
555803,5.502,6.637,4.314,-0.044,-0.002,-0.01,1825.0,0.0,0.0
555812,5.521,6.658,4.276,-0.045,-0.001,-0.014,1826.0,0.0,0.0
555820,5.576,6.677,4.271,-0.044,0.006,-0.019,1825.0,0.0,0.0
555828,5.545,6.713,4.3,-0.047,0.014,-0.023,1824.0,0.0,0.0
555836,5.499,6.747,4.334,-0.055,0.015,-0.026,1826.0,0.0,0.0
555844,5.423,6.747,4.365,-0.064,0.004,-0.027,1823.0,0.0,0.0
555852,5.401,6.756,4.391,-0.064,-0.013,-0.025,1824.0,0.0,0.0
555860,5.399,6.744,4.379,-0.061,-0.027,-0.023,1825.0,0.0,0.0
555868,5.404,6.73,4.319,-0.066,-0.039,-0.021,1825.0,0.0,0.0
555876,5.464,6.711,4.238,-0.078,-0.046,-0.021,1824.0,0.0,0.0
555884,5.476,6.694,4.183,-0.086,-0.045,-0.023,1823.0,0.0,0.0
555892,5.528,6.692,4.175,-0.087,-0.039,-0.028,1825.0,0.0,0.0
555901,5.523,6.665,4.19,-0.09,-0.03,-0.034,1826.0,0.0,0.0
555909,5.483,6.658,4.209,-0.094,-0.031,-0.041,1823.0,0.0,0.0
555917,5.476,6.646,4.195,-0.09,-0.039,-0.045,1823.0,0.0,0.0
555925,5.476,6.656,4.207,-0.074,-0.048,-0.048,1824.0,0.0,0.0
555933,5.478,6.675,4.154,-0.058,-0.057,-0.049,1827.0,0.0,0.0
555941,5.533,6.701,4.053,-0.051,-0.061,-0.049,1825.0,0.0,0.0
555949,5.581,6.716,3.998,-0.055,-0.057,-0.048,1825.0,0.0,0.0
555958,5.6,6.73,3.955,-0.069,-0.047,-0.049,1826.0,0.0,0.0
555966,5.593,6.728,3.967,-0.085,-0.039,-0.052,1826.0,0.0,0.0
555974,5.586,6.701,3.979,-0.095,-0.032,-0.056,1822.0,0.0,0.0
555982,5.574,6.697,3.967,-0.098,-0.03,-0.06,1827.0,0.0,0.0
555990,5.564,6.713,3.972,-0.094,-0.036,-0.06,1826.0,0.0,0.0
555998,5.586,6.713,3.926,-0.088,-0.045,-0.06,1824.0,0.0,0.0
556007,5.588,6.735,3.905,-0.076,-0.057,-0.059,1823.0,0.0,0.0
556015,5.634,6.74,3.857,-0.058,-0.062,-0.06,1826.0,0.0,0.0
556023,5.643,6.773,3.809,-0.038,-0.058,-0.062,1824.0,0.0,0.0
556031,5.643,6.814,3.826,-0.026,-0.05,-0.062,1824.0,0.0,0.0
556039,5.636,6.847,3.795,-0.024,-0.038,-0.064,1825.0,0.0,0.0
556047,5.614,6.888,3.802,-0.03,-0.027,-0.063,1825.0,0.0,0.0
556055,5.617,6.895,3.824,-0.037,-0.018,-0.06,1824.0,0.0,0.0
556064,5.593,6.924,3.788,-0.043,-0.011,-0.055,1825.0,0.0,0.0
556072,5.59,6.912,3.778,-0.047,-0.014,-0.052,1825.0,0.0,0.0
556080,5.607,6.905,3.778,-0.048,-0.016,-0.049,1825.0,0.0,0.0
556088,5.638,6.883,3.809,-0.045,-0.018,-0.049,1823.0,0.0,0.0
556096,5.648,6.905,3.78,-0.039,-0.014,-0.049,1823.0,0.0,0.0
556104,5.674,6.941,3.79,-0.038,-0.001,-0.047,1824.0,0.0,0.0
556112,5.653,6.981,3.847,-0.042,0.017,-0.042,1823.0,0.0,0.0
556120,5.612,7.02,3.926,-0.055,0.031,-0.035,1826.0,0.0,0.0
556129,5.571,6.981,3.994,-0.072,0.034,-0.027,1825.0,0.0,0.0
556137,5.55,6.938,4.049,-0.08,0.028,-0.02,1823.0,0.0,0.0
556145,5.54,6.883,4.075,-0.079,0.017,-0.015,1825.0,0.0,0.0
556153,5.571,6.843,4.082,-0.071,0.003,-0.013,1825.0,0.0,0.0
556161,5.612,6.814,4.056,-0.057,-0.003,-0.017,1823.0,0.0,0.0
556169,5.641,6.835,4.032,-0.04,-0.004,-0.022,1823.0,0.0,0.0
556177,5.6,6.879,4.044,-0.03,0.001,-0.026,1825.0,0.0,0.0
556185,5.595,6.888,4.073,-0.031,-0.0,-0.026,1822.0,0.0,0.0
556194,5.622,6.9,4.058,-0.038,-0.004,-0.023,1825.0,0.0,0.0
556202,5.622,6.9,4.073,-0.045,-0.009,-0.02,1824.0,0.0,0.0
556210,5.612,6.869,4.029,-0.046,-0.014,-0.019,1828.0,0.0,0.0
556218,5.562,6.857,3.97,-0.043,-0.018,-0.021,1823.0,0.0,0.0
556226,5.533,6.833,3.953,-0.035,-0.019,-0.025,1825.0,0.0,0.0
556234,5.511,6.869,3.955,-0.025,-0.016,-0.027,1824.0,0.0,0.0
556242,5.461,6.958,3.948,-0.022,-0.006,-0.029,1825.0,0.0,0.0
556251,5.43,6.967,3.972,-0.037,0.011,-0.025,1826.0,0.0,0.0
556259,5.425,6.979,4.008,-0.06,0.02,-0.015,1825.0,0.0,0.0
556267,5.416,6.955,4.017,-0.082,0.024,-0.003,1826.0,0.0,0.0
556275,5.437,6.895,4.025,-0.095,0.023,0.005,1824.0,0.0,0.0
556283,5.471,6.809,4.022,-0.098,0.019,0.008,1825.0,0.0,0.0
556291,5.466,6.735,4.029,-0.096,0.014,0.003,1826.0,0.0,0.0
556299,5.504,6.68,4.003,-0.085,0.01,-0.007,1825.0,0.0,0.0
556307,5.535,6.668,4.053,-0.07,0.014,-0.018,1825.0,0.0,0.0
556316,5.495,6.704,4.073,-0.062,0.019,-0.027,1824.0,0.0,0.0
556324,5.449,6.744,4.044,-0.065,0.02,-0.035,1825.0,0.0,0.0
556332,5.428,6.8,4.056,-0.069,0.017,-0.038,1825.0,0.0,0.0
556340,5.42,6.838,4.061,-0.068,0.011,-0.04,1826.0,0.0,0.0
556348,5.389,6.845,4.063,-0.063,0.002,-0.042,1823.0,0.0,0.0
556356,5.394,6.857,4.044,-0.055,-0.007,-0.045,1825.0,0.0,0.0
556364,5.397,6.898,4.003,-0.045,-0.012,-0.048,1826.0,0.0,0.0
556372,5.392,6.934,4.005,-0.035,-0.019,-0.05,1825.0,0.0,0.0
556380,5.389,6.97,3.96,-0.031,-0.023,-0.046,1825.0,0.0,0.0
556389,5.413,6.993,3.938,-0.034,-0.023,-0.043,1824.0,0.0,0.0
556397,5.428,7.013,3.929,-0.043,-0.021,-0.038,1823.0,0.0,0.0
556405,5.435,6.993,3.919,-0.054,-0.018,-0.034,1824.0,0.0,0.0
556413,5.471,6.938,3.905,-0.064,-0.011,-0.032,1826.0,0.0,0.0
556421,5.502,6.917,3.938,-0.074,-0.004,-0.033,1826.0,0.0,0.0
556429,5.514,6.864,3.965,-0.08,0.002,-0.035,1825.0,0.0,0.0
556437,5.49,6.835,3.974,-0.082,0.006,-0.038,1826.0,0.0,0.0
556445,5.461,6.809,4.015,-0.077,0.004,-0.041,1824.0,0.0,0.0
556453,5.478,6.8,4.02,-0.066,-0.001,-0.045,1825.0,0.0,0.0
556461,5.476,6.814,4.003,-0.055,-0.006,-0.048,1823.0,0.0,0.0
556470,5.476,6.843,3.962,-0.046,-0.011,-0.049,1826.0,0.0,0.0
556478,5.49,6.852,3.943,-0.04,-0.013,-0.05,1822.0,0.0,0.0
556486,5.492,6.855,3.907,-0.042,-0.012,-0.051,1823.0,0.0,0.0
556494,5.492,6.886,3.934,-0.051,-0.005,-0.05,1825.0,0.0,0.0
556502,5.483,6.922,3.95,-0.064,0.001,-0.051,1825.0,0.0,0.0
556510,5.464,6.953,3.986,-0.08,0.007,-0.05,1825.0,0.0,0.0
556518,5.466,6.97,4.003,-0.091,0.008,-0.047,1823.0,0.0,0.0
556526,5.468,6.984,4.003,-0.094,0.005,-0.043,1824.0,0.0,0.0
556534,5.471,6.97,4.015,-0.092,0.002,-0.04,1823.0,0.0,0.0
556543,5.468,6.955,3.989,-0.085,-0.002,-0.039,1825.0,0.0,0.0
556551,5.456,6.943,3.974,-0.078,-0.004,-0.04,1825.0,0.0,0.0
556559,5.437,6.958,3.96,-0.067,-0.007,-0.044,1824.0,0.0,0.0
556567,5.401,6.977,3.929,-0.058,-0.006,-0.046,1825.0,0.0,0.0
556575,5.389,7.003,3.953,-0.052,-0.005,-0.045,1824.0,0.0,0.0
556583,5.37,7.015,3.96,-0.054,-0.006,-0.042,1826.0,0.0,0.0
556591,5.377,7.001,3.994,-0.064,-0.012,-0.036,1823.0,0.0,0.0
556599,5.392,6.974,3.974,-0.07,-0.018,-0.031,1823.0,0.0,0.0
556607,5.437,6.941,3.898,-0.066,-0.025,-0.027,1826.0,0.0,0.0
556615,5.456,6.874,3.886,-0.059,-0.028,-0.027,1824.0,0.0,0.0
556624,5.48,6.869,3.824,-0.055,-0.026,-0.029,1824.0,0.0,0.0
556632,5.521,6.862,3.778,-0.054,-0.02,-0.034,1824.0,0.0,0.0
556640,5.497,6.886,3.773,-0.054,-0.009,-0.038,1822.0,0.0,0.0
556648,5.425,6.917,3.816,-0.057,-0.0,-0.044,1823.0,0.0,0.0
556656,5.361,6.948,3.869,-0.057,0.004,-0.047,1823.0,0.0,0.0
556664,5.334,7.015,3.895,-0.054,0.005,-0.042,1822.0,0.0,0.0
556672,5.303,7.056,3.96,-0.05,0.005,-0.035,1823.0,0.0,0.0
556681,5.322,7.061,3.962,-0.053,0.003,-0.025,1825.0,0.0,0.0
556689,5.37,7.022,3.919,-0.064,-0.0,-0.017,1826.0,0.0,0.0
556697,5.435,6.972,3.836,-0.074,-0.001,-0.013,1823.0,0.0,0.0
556705,5.468,6.891,3.795,-0.077,0.001,-0.017,1824.0,0.0,0.0
556713,5.49,6.859,3.809,-0.075,0.004,-0.023,1824.0,0.0,0.0
556721,5.504,6.85,3.855,-0.072,0.009,-0.029,1823.0,0.0,0.0
556729,5.497,6.893,3.847,-0.068,0.016,-0.033,1822.0,0.0,0.0
556737,5.483,6.926,3.912,-0.071,0.02,-0.035,1823.0,0.0,0.0
556745,5.461,6.948,3.965,-0.074,0.019,-0.033,1824.0,0.0,0.0
556754,5.49,6.953,3.998,-0.072,0.017,-0.028,1823.0,0.0,0.0
556762,5.535,6.984,4.003,-0.067,0.015,-0.027,1823.0,0.0,0.0
556770,5.545,7.001,3.982,-0.062,0.013,-0.027,1825.0,0.0,0.0
556778,5.531,7.029,3.998,-0.058,0.014,-0.032,1822.0,0.0,0.0
556786,5.526,7.068,4.008,-0.051,0.013,-0.033,1824.0,0.0,0.0
556794,5.48,7.132,4.032,-0.047,0.011,-0.031,1824.0,0.0,0.0
556802,5.437,7.197,4.053,-0.047,0.009,-0.023,1826.0,0.0,0.0
556811,5.43,7.187,4.041,-0.051,0.005,-0.014,1823.0,0.0,0.0
556819,5.401,7.18,4.013,-0.055,-0.002,-0.005,1822.0,0.0,0.0
556827,5.447,7.142,3.996,-0.057,-0.009,0.003,1825.0,0.0,0.0
556835,5.478,7.058,3.95,-0.061,-0.013,0.008,1823.0,0.0,0.0
556843,5.49,6.991,3.941,-0.065,-0.012,0.009,1824.0,0.0,0.0
556851,5.476,6.972,3.936,-0.067,-0.007,0.007,1822.0,0.0,0.0
556859,5.459,6.946,3.931,-0.068,-0.003,0.005,1823.0,0.0,0.0
556867,5.425,6.953,3.922,-0.068,-0.001,0.004,1826.0,0.0,0.0
556875,5.409,6.953,3.934,-0.064,0.0,0.006,1822.0,0.0,0.0
556884,5.385,6.962,3.929,-0.061,0.008,0.01,1821.0,0.0,0.0
556892,5.375,6.972,3.955,-0.067,0.015,0.016,1823.0,0.0,0.0
556900,5.373,6.934,3.979,-0.083,0.022,0.019,1824.0,0.0,0.0
556908,5.389,6.881,4.025,-0.102,0.021,0.021,1823.0,0.0,0.0
556916,5.37,6.804,4.056,-0.11,0.012,0.018,1822.0,0.0,0.0
556924,5.392,6.728,4.049,-0.104,0.0,0.013,1825.0,0.0,0.0
556932,5.416,6.687,4.01,-0.095,-0.011,0.003,1822.0,0.0,0.0
556941,5.435,6.665,3.936,-0.084,-0.018,-0.007,1823.0,0.0,0.0
556949,5.444,6.721,3.893,-0.073,-0.02,-0.018,1824.0,0.0,0.0
556957,5.425,6.756,3.912,-0.061,-0.013,-0.025,1823.0,0.0,0.0
556965,5.413,6.812,3.895,-0.052,-0.001,-0.028,1824.0,0.0,0.0
556973,5.406,6.876,3.917,-0.053,0.006,-0.026,1823.0,0.0,0.0
556981,5.399,6.902,3.924,-0.063,0.011,-0.023,1823.0,0.0,0.0
556989,5.389,6.91,3.934,-0.077,0.011,-0.019,1822.0,0.0,0.0
556997,5.387,6.902,3.965,-0.083,0.006,-0.02,1825.0,0.0,0.0
557005,5.368,6.888,3.974,-0.079,-0.006,-0.025,1822.0,0.0,0.0
557013,5.368,6.867,3.948,-0.071,-0.016,-0.027,1824.0,0.0,0.0
557022,5.377,6.874,3.888,-0.066,-0.022,-0.031,1825.0,0.0,0.0
557030,5.375,6.914,3.864,-0.064,-0.022,-0.033,1824.0,0.0,0.0
