2291149,0.907,5.816,-7.992,-0.043,0.029,0.002,1584,0,0
2291169,0.941,5.839,-7.918,-0.054,0.022,-0.025,1584,0,0
2291190,0.912,5.942,-7.889,-0.049,0.015,-0.048,1584,0,0
2291209,0.97,5.962,-7.946,-0.051,-0.009,-0.055,1584,0,0
2291229,0.941,6.036,-8.021,-0.039,-0.013,-0.04,1584,0,0
2291249,0.869,6.079,-8.056,-0.049,-0.022,-0.043,1584,0,0
2291269,0.864,6.086,-8.09,-0.063,-0.026,-0.055,1584,0,0
2291290,0.852,6.141,-8.138,-0.054,-0.029,-0.042,1584,0,0
2291309,0.831,6.17,-8.104,-0.056,-0.019,-0.023,1584,0,0
2291329,0.766,6.134,-8.119,-0.091,-0.013,-0.035,1584,0,0
2291349,0.733,6.1,-8.147,-0.061,-0.017,-0.039,1584,0,0
2291369,0.721,6.208,-8.205,-0.019,-0.009,-0.012,1584,0,0
2291389,0.627,6.187,-8.183,-0.057,-0.009,0.005,1585,0,0
2291410,0.697,6.136,-8.279,-0.076,-0.003,0.013,1584,0,0
2291429,0.673,6.065,-8.238,-0.094,0.014,0.011,1585,0,0
2291449,0.599,5.954,-8.169,-0.092,0.024,0.015,1585,0,0
2291469,0.591,5.978,-8.085,-0.05,0.019,0.019,1584,0,0
2291489,0.699,5.988,-8.128,-0.069,0.02,0.017,1585,0,0
2291509,0.773,5.892,-8.037,-0.107,0.027,0.01,1586,0,0
2291530,0.788,5.842,-7.956,-0.101,0.026,-0.019,1585,0,0
2291549,0.845,5.847,-7.946,-0.082,0.008,-0.049,1585,0,0
2291569,0.91,5.993,-8.023,-0.039,0.009,-0.055,1585,0,0
2291590,0.836,6.053,-7.977,-0.066,0.015,-0.061,1586,0,0
2291609,0.742,6.081,-7.963,-0.056,-0.002,-0.078,1587,0,0
2291629,0.802,6.223,-8.037,-0.047,-0.013,-0.07,1586,0,0
2291649,0.778,6.194,-8.121,-0.08,-0.01,-0.039,1586,0,0
2291669,0.752,6.136,-8.131,-0.067,-0.004,-0.026,1587,0,0
2291690,0.737,6.108,-8.157,-0.06,-0.002,-0.042,1587,0,0
2291709,0.745,6.179,-8.26,-0.038,0.007,-0.033,1586,0,0
2291729,0.692,6.184,-8.27,-0.038,0.021,-0.01,1587,0,0
2291749,0.646,6.127,-8.289,-0.065,0.031,-0.006,1587,0,0
2291770,0.644,6.139,-8.25,-0.064,0.036,-0.01,1586,0,0
2291790,0.591,6.127,-8.176,-0.048,0.043,0.008,1587,0,0
2291809,0.587,6.163,-8.135,-0.05,0.039,0.034,1587,0,0
2291829,0.618,6.093,-8.126,-0.068,0.041,0.036,1587,0,0
2291850,0.649,6.062,-8.097,-0.072,0.05,0.018,1585,0,0
2291869,0.666,6.029,-7.989,-0.077,0.051,0.013,1586,0,0
2291889,0.692,5.959,-7.891,-0.078,0.036,0.014,1587,0,0
2291909,0.771,5.976,-7.839,-0.048,0.019,0.012,1588,0,0
2291929,0.797,5.969,-7.867,-0.058,0.002,0.002,1587,0,0
2291949,0.862,5.945,-7.963,-0.092,-0.009,-0.009,1586,0,0
2291969,0.891,5.923,-7.989,-0.1,0.002,-0.026,1588,0,0
2291989,0.838,5.938,-7.956,-0.073,0.0,-0.06,1588,0,0
2292009,0.804,6.029,-8.001,-0.027,-0.028,-0.062,1587,0,0
2292029,0.867,6.191,-8.155,-0.02,-0.028,-0.026,1586,0,0
2292049,0.826,6.179,-8.207,-0.083,-0.014,-0.017,1586,0,0
2292069,0.761,6.098,-8.215,-0.068,-0.012,-0.036,1587,0,0
2292090,0.728,6.163,-8.291,-0.043,-0.001,-0.03,1587,0,0
2292110,0.656,6.144,-8.377,-0.055,0.006,-0.002,1587,0,0
2292129,0.692,6.091,-8.363,-0.082,0.026,0.012,1586,0,0
2292149,0.634,6.029,-8.207,-0.087,0.048,-0.005,1587,0,0
2292169,0.661,6.057,-8.181,-0.063,0.054,-0.005,1588,0,0
2292189,0.658,6.065,-8.176,-0.068,0.058,0.013,1586,0,0
2292210,0.642,5.997,-8.078,-0.088,0.053,0.016,1587,0,0
2292229,0.658,6.019,-8.085,-0.08,0.048,0.007,1586,0,0
2292249,0.663,6.031,-8.078,-0.092,0.052,0.006,1587,0,0
2292269,0.646,6.007,-8.033,-0.105,0.054,-0.006,1587,0,0
2292290,0.666,5.945,-7.937,-0.089,0.044,-0.017,1586,0,0
2292309,0.764,6.024,-7.896,-0.056,0.034,-0.01,1588,0,0
2292329,0.8,6.0,-7.901,-0.102,0.026,-0.016,1588,0,0
2292349,0.857,5.947,-7.968,-0.13,0.021,-0.043,1589,0,0
2292369,0.891,5.988,-7.944,-0.107,0.027,-0.085,1588,0,0
2292389,0.864,6.048,-7.839,-0.076,0.012,-0.101,1589,0,0
2292409,0.869,6.122,-7.977,-0.038,-0.014,-0.068,1588,0,0
2292429,0.934,6.208,-8.14,-0.059,-0.017,-0.035,1588,0,0
2292449,0.955,6.155,-8.164,-0.104,0.006,-0.054,1588,0,0
2292469,0.814,6.196,-8.124,-0.061,0.026,-0.075,1588,0,0
2292490,0.68,6.361,-8.109,-0.02,0.023,-0.051,1588,0,0
2292510,0.608,6.369,-8.145,-0.068,0.013,-0.011,1589,0,0
2292529,0.625,6.29,-8.207,-0.059,0.021,0.009,1589,0,0
2292549,0.587,6.242,-8.157,-0.052,0.037,0.019,1589,0,0
2292569,0.551,6.17,-8.131,-0.066,0.042,0.033,1588,0,0
2292589,0.634,6.11,-8.064,-0.064,0.044,0.039,1589,0,0
2292610,0.678,6.065,-7.942,-0.072,0.053,0.026,1589,0,0
2292629,0.706,6.057,-7.853,-0.043,0.05,0.018,1589,0,0
2292650,0.69,6.112,-7.717,-0.047,0.029,0.013,1589,0,0
2292670,0.776,6.021,-7.757,-0.084,-0.013,0.003,1590,0,0
2292689,0.888,5.945,-7.92,-0.088,-0.022,-0.005,1589,0,0
2292709,0.912,5.95,-7.987,-0.024,-0.022,-0.015,1589,0,0
2292729,0.874,6.139,-8.071,0.012,-0.012,-0.016,1590,0,0
2292749,0.848,6.235,-8.033,-0.062,-0.012,-0.014,1589,0,0
2292769,0.769,6.182,-7.999,-0.1,-0.023,-0.018,1589,0,0
2292789,0.788,6.148,-8.116,-0.064,-0.029,-0.009,1589,0,0
2292810,0.728,6.223,-8.205,-0.017,-0.014,0.022,1590,0,0
2292829,0.737,6.148,-8.253,-0.056,-0.007,0.033,1591,0,0
2292849,0.721,5.976,-8.212,-0.089,0.007,0.022,1590,0,0
2292869,0.699,5.969,-8.234,-0.077,0.021,0.0,1589,0,0
2292889,0.704,5.954,-8.226,-0.097,0.033,-0.011,1589,0,0
2292909,0.675,5.954,-8.128,-0.093,0.051,-0.022,1591,0,0
2292930,0.661,5.966,-7.97,-0.066,0.043,-0.039,1592,0,0
2292950,0.709,6.088,-7.989,-0.036,0.026,-0.034,1589,0,0
2292969,0.747,6.129,-8.028,-0.056,0.013,-0.022,1590,0,0
2292989,0.771,6.079,-8.03,-0.072,0.015,-0.019,1589,0,0
2293010,0.826,6.136,-8.08,-0.068,0.022,-0.029,1590,0,0
2293029,0.828,6.196,-8.068,-0.075,0.034,-0.043,1590,0,0
2293049,0.8,6.254,-8.009,-0.044,0.038,-0.035,1590,0,0
2293069,0.728,6.381,-7.939,-0.031,0.034,-0.007,1589,0,0
2293089,0.718,6.278,-7.958,-0.077,0.017,0.026,1589,0,0
2293109,0.749,6.179,-8.028,-0.076,0.009,0.044,1590,0,0
2293129,0.773,6.067,-8.009,-0.065,0.009,0.037,1590,0,0
2293150,0.778,6.043,-8.054,-0.048,0.009,0.021,1591,0,0
2293169,0.816,6.076,-8.097,-0.044,0.015,0.012,1589,0,0
2293190,0.804,6.105,-8.071,-0.06,0.03,0.0,1590,0,0
2293210,0.735,6.065,-7.961,-0.084,0.03,-0.005,1590,0,0
2293229,0.74,6.026,-7.918,-0.072,0.01,-0.003,1590,0,0
2293249,0.79,5.995,-7.989,-0.049,-0.004,-0.006,1590,0,0
2293269,0.814,6.05,-8.095,-0.021,-0.002,-0.009,1591,0,0
2293289,0.828,6.124,-8.157,-0.02,0.006,-0.006,1592,0,0
2293309,0.8,6.127,-8.188,-0.067,0.015,-0.008,1590,0,0
2293330,0.8,6.105,-8.169,-0.075,0.022,-0.015,1590,0,0
2293349,0.773,6.117,-8.112,-0.055,0.032,-0.014,1590,0,0
2293369,0.706,6.158,-8.056,-0.033,0.03,0.006,1590,0,0
2293389,0.685,6.175,-8.004,-0.045,0.021,0.017,1590,0,0
2293409,0.697,6.122,-8.066,-0.079,0.01,0.018,1591,0,0
2293430,0.785,6.088,-8.112,-0.083,0.018,0.023,1591,0,0
2293449,0.819,5.986,-8.052,-0.093,0.029,0.021,1590,0,0
2293469,0.792,5.94,-7.994,-0.06,0.027,0.007,1591,0,0
2293489,0.814,5.981,-8.085,-0.045,0.019,-0.007,1590,0,0
2293509,0.852,6.019,-8.061,-0.058,0.027,-0.009,1590,0,0
2293530,0.785,5.99,-7.946,-0.062,0.025,-0.013,1591,0,0
2293549,0.802,6.021,-7.977,-0.068,0.006,-0.026,1591,0,0
2293569,0.869,6.029,-8.018,-0.079,0.0,-0.04,1593,0,0
2293589,0.883,6.057,-8.116,-0.041,0.002,-0.039,1590,0,0
2293609,0.864,6.187,-8.152,-0.027,0.013,-0.033,1590,0,0
2293629,0.802,6.208,-8.14,-0.054,0.02,-0.022,1591,0,0
2293649,0.742,6.232,-8.152,-0.061,0.026,-0.009,1591,0,0
2293669,0.702,6.16,-8.102,-0.074,0.031,-0.002,1591,0,0
2293690,0.713,6.144,-8.054,-0.051,0.031,0.012,1589,0,0
2293709,0.725,6.144,-8.011,-0.037,0.029,0.016,1592,0,0
2293729,0.735,6.124,-8.023,-0.033,0.01,0.013,1590,0,0
2293749,0.771,6.115,-8.037,-0.045,0.011,0.021,1590,0,0
2293769,0.819,6.105,-8.035,-0.046,0.013,0.024,1591,0,0
2293789,0.867,6.041,-7.944,-0.057,0.015,0.016,1591,0,0
2293809,0.883,6.072,-7.963,-0.043,0.019,0.013,1590,0,0
2293830,0.838,6.019,-7.949,-0.068,0.012,0.005,1592,0,0
2293849,0.874,5.954,-7.982,-0.068,-0.01,0.0,1591,0,0
2293869,0.955,5.95,-8.025,-0.049,-0.019,0.002,1590,0,0
2293889,0.953,5.928,-8.126,-0.064,-0.022,-0.012,1591,0,0
2293909,0.927,5.926,-8.241,-0.054,-0.017,-0.022,1592,0,0
2293930,0.871,5.995,-8.284,-0.055,0.003,-0.029,1591,0,0
2293949,0.759,6.06,-8.198,-0.056,0.017,-0.039,1591,0,0
2293969,0.687,6.194,-8.159,-0.044,0.017,-0.031,1592,0,0
2293989,0.69,6.208,-8.128,-0.071,0.017,-0.011,1592,0,0
2294009,0.728,6.141,-8.126,-0.086,0.019,0.002,1591,0,0
2294030,0.735,6.153,-8.08,-0.054,0.026,0.0,1593,0,0
2294049,0.666,6.23,-8.068,-0.059,0.021,0.008,1591,0,0
2294069,0.8,6.239,-8.133,-0.096,0.008,0.045,1592,0,0
2294089,0.907,6.029,-8.088,-0.123,0.025,0.058,1592,0,0
2294109,0.9,5.906,-7.891,-0.083,0.039,0.021,1593,0,0
2294129,0.862,5.921,-7.764,-0.037,0.021,-0.007,1593,0,0
2294149,0.855,5.933,-7.834,-0.042,-0.01,-0.015,1593,0,0
2294169,0.912,5.899,-7.985,-0.067,-0.026,-0.017,1593,0,0
2294189,0.946,5.887,-8.071,-0.056,-0.032,-0.03,1593,0,0
2294210,0.91,5.974,-8.109,-0.036,-0.025,-0.041,1594,0,0
2294229,0.814,6.093,-8.205,-0.033,-0.02,-0.048,1593,0,0
2294250,0.74,6.203,-8.262,-0.055,-0.02,-0.046,1593,0,0
2294269,0.706,6.273,-8.267,-0.062,-0.001,-0.029,1593,0,0
2294289,0.661,6.302,-8.248,-0.062,0.018,0.002,1594,0,0
2294310,0.644,6.208,-8.186,-0.071,0.025,0.023,1593,0,0
2294329,0.639,6.11,-8.15,-0.083,0.024,0.021,1593,0,0
2294349,0.752,6.146,-8.176,-0.075,0.022,0.026,1592,0,0
2294369,0.8,6.072,-8.102,-0.089,0.039,0.038,1592,0,0
2294389,0.812,5.974,-8.021,-0.078,0.042,0.03,1591,0,0
2294409,0.845,5.93,-7.865,-0.042,0.035,0.005,1592,0,0
2294429,0.871,6.026,-7.829,-0.018,0.023,-0.012,1591,0,0
2294449,0.852,6.005,-7.776,-0.049,-0.003,-0.017,1592,0,0
2294469,0.924,6.007,-7.91,-0.048,-0.029,-0.008,1594,0,0
2294490,0.9,6.076,-8.071,-0.058,-0.03,-0.008,1593,0,0
2294509,0.927,6.043,-8.126,-0.075,-0.031,-0.023,1592,0,0
2294529,0.9,6.076,-8.226,-0.03,-0.023,-0.026,1592,0,0
2294550,0.814,6.124,-8.224,-0.018,-0.002,-0.019,1589,0,0
2294570,0.728,6.141,-8.243,-0.039,0.011,-0.003,1590,0,0
2294589,0.639,6.124,-8.183,-0.067,0.017,-0.003,1592,0,0
2294609,0.634,6.088,-8.193,-0.048,0.013,-0.009,1591,0,0
2294630,0.663,6.141,-8.253,-0.023,0.017,0.012,1590,0,0
2294649,0.687,6.235,-8.284,-0.051,0.03,0.035,1593,0,0
2294669,0.785,6.065,-8.162,-0.123,0.033,0.039,1591,0,0
2294689,0.828,5.933,-8.109,-0.093,0.046,0.03,1592,0,0
2294710,0.819,5.866,-8.011,-0.05,0.045,0.004,1591,0,0
2294729,0.874,5.899,-7.968,-0.04,0.04,-0.019,1592,0,0
2294749,0.903,6.005,-7.87,-0.039,0.034,-0.025,1592,0,0
2294770,0.912,6.009,-7.908,-0.047,0.011,-0.014,1591,0,0
2294789,0.95,5.959,-7.985,-0.076,-0.008,-0.015,1591,0,0
2294809,0.994,5.933,-8.061,-0.061,-0.009,-0.03,1591,0,0
2294830,0.915,5.995,-8.126,-0.031,-0.014,-0.042,1590,0,0
2294850,0.862,6.096,-8.238,-0.032,-0.011,-0.031,1591,0,0
2294869,0.79,6.139,-8.274,-0.061,0.005,-0.014,1591,0,0
2294889,0.608,6.129,-8.222,-0.068,0.011,-0.018,1592,0,0
2294910,0.625,6.239,-8.286,-0.061,0.002,0.001,1592,0,0
2294929,0.68,6.163,-8.286,-0.079,0.012,0.029,1591,0,0
2294949,0.725,6.062,-8.248,-0.058,0.033,0.032,1591,0,0
2294969,0.745,6.026,-8.116,-0.031,0.049,0.012,1592,0,0
2294989,0.797,6.069,-8.076,-0.029,0.046,0.006,1592,0,0
2295009,0.876,5.997,-7.987,-0.042,0.036,0.013,1592,0,0
2295029,0.931,5.935,-8.011,-0.055,0.029,0.016,1591,0,0
2295050,0.927,5.885,-8.006,-0.07,0.024,-0.007,1592,0,0
2295069,0.936,5.957,-8.004,-0.037,0.021,-0.025,1592,0,0
2295089,0.874,6.069,-8.064,-0.035,0.016,-0.024,1591,0,0
2295109,0.869,6.074,-8.095,-0.058,0.003,-0.009,1592,0,0
2295129,0.871,6.002,-8.147,-0.079,-0.007,0.003,1593,0,0
2295149,0.893,5.993,-8.169,-0.062,0.001,-0.001,1592,0,0
2295170,0.891,5.993,-8.217,-0.054,0.018,-0.017,1593,0,0
2295189,0.824,5.986,-8.152,-0.051,0.028,-0.024,1593,0,0
2295209,0.747,6.036,-8.131,-0.05,0.024,-0.013,1593,0,0
2295229,0.769,6.005,-8.109,-0.078,0.012,-0.004,1593,0,0
2295249,0.831,5.957,-8.078,-0.076,0.01,-0.001,1592,0,0
2295269,0.824,5.938,-8.078,-0.057,0.014,-0.014,1592,0,0
2295289,0.826,5.995,-8.08,-0.053,0.01,-0.029,1594,0,0
2295309,0.807,6.036,-8.066,-0.067,0.008,-0.031,1592,0,0
2295329,0.816,6.069,-8.088,-0.074,0.002,-0.026,1592,0,0
2295349,0.852,6.041,-8.14,-0.077,-0.006,-0.018,1593,0,0
2295370,0.883,6.029,-8.152,-0.07,0.005,-0.007,1594,0,0
2295390,0.814,6.017,-8.107,-0.051,0.004,-0.01,1592,0,0
2295409,0.833,6.057,-8.145,-0.06,0.002,-0.017,1593,0,0
2295429,0.795,6.036,-8.138,-0.093,0.011,-0.015,1593,0,0
2295449,0.785,6.019,-8.119,-0.082,0.011,-0.014,1593,0,0
2295469,0.797,5.981,-8.109,-0.078,0.0,-0.011,1593,0,0
2295490,0.874,5.971,-8.114,-0.078,0.004,-0.007,1593,0,0
2295509,0.848,5.914,-8.059,-0.086,0.006,-0.017,1594,0,0
2295529,0.831,5.923,-8.013,-0.07,-0.002,-0.033,1592,0,0
2295549,0.809,5.995,-8.112,-0.061,-0.007,-0.034,1592,0,0
2295569,0.785,6.017,-8.174,-0.077,-0.006,-0.027,1593,0,0
2295589,0.771,6.038,-8.188,-0.078,0.0,-0.037,1593,0,0
2295610,0.737,6.065,-8.159,-0.08,0.012,-0.043,1591,0,0
2295629,0.706,6.105,-8.131,-0.073,0.01,-0.04,1593,0,0
2295649,0.713,6.129,-8.162,-0.077,0.009,-0.03,1592,0,0
2295669,0.759,6.151,-8.112,-0.07,0.013,-0.022,1592,0,0
2295690,0.807,6.17,-8.1,-0.059,0.018,-0.014,1590,0,0
2295709,0.795,6.103,-8.004,-0.076,0.022,-0.015,1592,0,0
2295729,0.778,6.115,-7.97,-0.067,0.012,-0.017,1593,0,0
2295749,0.785,6.146,-8.004,-0.045,0.003,-0.014,1593,0,0
2295769,0.785,6.167,-8.042,-0.059,0.003,-0.002,1593,0,0
2295790,0.742,6.1,-8.052,-0.079,0.002,-0.001,1593,0,0
2295809,0.747,6.067,-8.042,-0.06,-0.007,-0.004,1592,0,0
2295829,0.766,6.067,-8.059,-0.05,-0.008,0.002,1592,0,0
2295849,0.769,6.043,-8.14,-0.051,-0.005,0.009,1593,0,0
2295869,0.773,6.021,-8.128,-0.06,0.0,0.003,1591,0,0
2295889,0.733,6.005,-8.095,-0.063,-0.001,-0.01,1592,0,0
2295910,0.761,6.045,-8.138,-0.053,-0.004,-0.007,1592,0,0
2295930,0.745,6.029,-8.212,-0.059,0.007,-0.001,1590,0,0
2295949,0.754,6.007,-8.147,-0.065,0.011,-0.013,1591,0,0
2295969,0.771,6.041,-8.145,-0.062,0.015,-0.02,1591,0,0
2295990,0.766,6.065,-8.133,-0.068,0.022,-0.014,1590,0,0
2296009,0.74,6.045,-8.095,-0.065,0.022,-0.011,1591,0,0
2296029,0.733,6.017,-8.092,-0.072,0.016,-0.016,1590,0,0
2296049,0.709,6.043,-8.071,-0.053,0.014,-0.013,1590,0,0
2296069,0.702,6.11,-8.109,-0.052,0.012,-0.007,1590,0,0
2296090,0.723,6.048,-8.095,-0.077,0.015,-0.009,1590,0,0
2296109,0.749,6.036,-8.071,-0.052,0.02,-0.011,1589,0,0
2296130,0.754,6.06,-8.064,-0.044,0.02,-0.015,1588,0,0
2296149,0.733,6.074,-8.025,-0.055,0.011,-0.01,1588,0,0
2296169,0.752,6.076,-8.088,-0.056,0.006,-0.005,1588,0,0
2296189,0.723,6.072,-8.102,-0.053,0.006,-0.012,1586,0,0
2296210,0.742,6.115,-8.128,-0.047,0.01,-0.009,1588,0,0
2296230,0.716,6.1,-8.143,-0.054,0.014,-0.003,1586,0,0
2296249,0.728,6.11,-8.157,-0.046,0.016,0.0,1587,0,0
2296269,0.769,6.153,-8.145,-0.047,0.017,0.002,1587,0,0
2296290,0.792,6.076,-8.121,-0.062,0.023,0.01,1587,0,0
2296309,0.8,6.036,-8.107,-0.062,0.023,0.014,1586,0,0
2296329,0.828,5.986,-8.076,-0.063,0.018,0.009,1586,0,0
2296349,0.843,5.928,-8.054,-0.059,0.012,0.005,1586,0,0
2296370,0.833,5.962,-8.054,-0.046,0.015,-0.006,1588,0,0
2296389,0.814,5.964,-8.071,-0.054,0.01,-0.01,1586,0,0
2296409,0.8,6.007,-8.114,-0.056,0.01,-0.01,1587,0,0
2296429,0.73,6.021,-8.056,-0.069,0.004,-0.018,1586,0,0
2296449,0.759,6.06,-8.145,-0.055,0.001,-0.015,1587,0,0
2296469,0.764,6.117,-8.167,-0.041,0.009,-0.003,1586,0,0
2296489,0.721,6.108,-8.119,-0.058,0.013,0.001,1586,0,0
2296509,0.737,6.079,-8.133,-0.064,0.007,0.005,1586,0,0
2296529,0.788,6.053,-8.159,-0.076,0.007,0.014,1586,0,0
2296549,0.785,5.926,-8.171,-0.088,0.011,0.01,1587,0,0
2296569,0.797,5.926,-8.152,-0.061,0.013,0.006,1586,0,0
2296589,0.759,5.959,-8.133,-0.062,0.016,0.001,1586,0,0
2296609,0.749,5.952,-8.085,-0.086,0.013,-0.005,1586,0,0
2296629,0.764,5.942,-8.061,-0.083,0.013,-0.019,1586,0,0
2296650,0.711,5.969,-8.068,-0.064,0.013,-0.035,1586,0,0
2296670,0.713,6.079,-8.121,-0.054,0.003,-0.026,1586,0,0
2296689,0.723,6.218,-8.15,-0.087,0.005,0.001,1586,0,0
2296709,0.785,6.112,-8.109,-0.131,0.007,0.01,1588,0,0
2296730,0.819,6.038,-8.073,-0.083,0.021,-0.006,1587,0,0
2296749,0.826,6.045,-8.028,-0.052,0.02,-0.021,1586,0,0
2296769,0.867,6.12,-8.013,-0.041,0.013,-0.009,1587,0,0
2296789,0.809,6.055,-8.04,-0.07,0.01,-0.005,1588,0,0
2296809,0.781,5.971,-8.004,-0.075,-0.005,-0.005,1588,0,0
2296830,0.771,5.966,-8.121,-0.06,-0.007,-0.014,1588,0,0
2296849,0.742,6.014,-8.183,-0.055,-0.002,-0.029,1588,0,0
2296869,0.702,6.103,-8.21,-0.044,0.011,-0.027,1587,0,0
2296889,0.673,6.122,-8.222,-0.078,0.015,-0.013,1588,0,0
2296910,0.702,6.048,-8.222,-0.091,0.018,-0.003,1588,0,0
2296929,0.702,6.005,-8.198,-0.081,0.029,-0.003,1587,0,0
2296950,0.74,5.988,-8.097,-0.061,0.039,-0.016,1586,0,0
2296970,0.73,6.031,-8.011,-0.051,0.035,-0.027,1586,0,0
2296989,0.769,6.112,-7.977,-0.055,0.024,-0.023,1587,0,0
2297009,0.781,6.144,-7.954,-0.068,0.022,-0.011,1588,0,0
2297030,0.783,6.175,-7.915,-0.048,0.011,-0.006,1589,0,0
2297049,0.788,6.172,-7.989,-0.058,0.002,0.0,1588,0,0
2297069,0.783,6.124,-8.061,-0.07,-0.003,0.001,1588,0,0
2297090,0.802,6.151,-8.131,-0.052,-0.001,-0.005,1588,0,0
2297110,0.79,6.153,-8.14,-0.042,0.011,0.001,1588,0,0
2297129,0.747,6.136,-8.112,-0.049,0.015,0.009,1588,0,0
2297149,0.754,6.079,-8.116,-0.071,0.01,0.012,1587,0,0
2297169,0.754,5.976,-8.107,-0.07,0.009,0.007,1587,0,0
2297189,0.788,6.012,-8.114,-0.039,0.017,0.006,1588,0,0
2297209,0.812,5.99,-8.092,-0.043,0.019,0.0,1588,0,0
2297229,0.807,5.993,-8.121,-0.059,0.018,-0.005,1588,0,0
2297249,0.785,6.017,-8.109,-0.059,0.021,-0.008,1588,0,0
2297269,0.769,5.974,-8.119,-0.067,0.015,-0.01,1587,0,0
2297290,0.804,6.014,-8.126,-0.047,0.012,-0.006,1587,0,0
2297309,0.754,6.043,-8.126,-0.058,0.017,-0.007,1587,0,0
2297329,0.735,6.026,-8.116,-0.071,0.017,-0.018,1587,0,0
2297349,0.759,6.069,-8.133,-0.064,0.015,-0.011,1588,0,0
2297369,0.807,6.019,-8.143,-0.068,0.022,0.001,1588,0,0
2297389,0.79,5.988,-8.047,-0.056,0.019,-0.007,1587,0,0
2297409,0.802,6.084,-8.073,-0.05,0.015,-0.015,1587,0,0
2297430,0.757,6.084,-8.09,-0.066,0.006,-0.01,1587,0,0
2297449,0.766,6.055,-8.14,-0.073,0.006,-0.004,1587,0,0
2297469,0.761,6.041,-8.15,-0.063,0.011,-0.006,1588,0,0
2297489,0.749,6.088,-8.114,-0.037,0.018,-0.014,1589,0,0
2297509,0.745,6.144,-8.083,-0.052,0.018,-0.014,1589,0,0
2297530,0.769,6.132,-8.131,-0.061,0.014,0.002,1586,0,0
2297550,0.757,6.062,-8.114,-0.07,0.012,0.013,1588,0,0
2297569,0.79,5.995,-8.167,-0.063,0.015,0.014,1588,0,0
2297589,0.802,5.971,-8.095,-0.043,0.022,0.002,1588,0,0
2297609,0.809,6.009,-8.085,-0.033,0.024,-0.005,1588,0,0
2297629,0.79,6.021,-8.126,-0.053,0.02,-0.002,1587,0,0
2297649,0.769,6.0,-8.109,-0.066,0.019,-0.006,1587,0,0
2297669,0.816,6.024,-8.08,-0.059,0.02,-0.017,1588,0,0
2297690,0.819,6.057,-8.1,-0.046,0.02,-0.007,1589,0,0
2297710,0.783,6.048,-8.076,-0.039,0.011,0.007,1589,0,0
2297730,0.819,6.05,-8.071,-0.051,0.005,0.001,1587,0,0
2297749,0.812,6.069,-8.116,-0.05,0.015,-0.006,1588,0,0
2297769,0.771,6.072,-8.126,-0.05,0.018,-0.002,1588,0,0
2297789,0.781,6.036,-8.09,-0.067,0.014,0.002,1587,0,0
2297809,0.816,6.005,-8.04,-0.048,0.007,0.0,1587,0,0
2297829,0.797,6.05,-8.097,-0.035,0.007,0.002,1588,0,0
2297850,0.814,6.067,-8.128,-0.048,0.002,0.004,1586,0,0
2297869,0.814,6.014,-8.112,-0.068,0.005,0.007,1589,0,0
2297890,0.792,5.964,-8.104,-0.055,0.005,0.002,1589,0,0
2297909,0.802,5.993,-8.135,-0.037,-0.001,-0.005,1587,0,0
2297930,0.828,6.012,-8.203,-0.051,0.002,-0.001,1588,0,0
2297949,0.8,6.005,-8.181,-0.056,0.014,0.003,1588,0,0
2297969,0.757,5.971,-8.152,-0.058,0.011,-0.003,1588,0,0
2297989,0.757,6.012,-8.155,-0.057,0.009,-0.008,1587,0,0
2298009,0.783,6.031,-8.203,-0.061,0.019,-0.004,1588,0,0
2298029,0.8,5.986,-8.222,-0.071,0.025,0.002,1588,0,0
2298049,0.814,5.885,-8.159,-0.071,0.025,0.007,1588,0,0
2298069,0.836,5.899,-8.076,-0.048,0.021,-0.007,1588,0,0
2298089,0.838,5.976,-8.054,-0.052,0.014,-0.013,1588,0,0
2298110,0.828,5.959,-8.128,-0.064,0.011,-0.01,1589,0,0
2298129,0.812,5.93,-8.169,-0.084,0.011,-0.019,1589,0,0
2298149,0.824,5.95,-8.155,-0.058,0.011,-0.027,1590,0,0
2298169,0.752,6.093,-8.102,-0.027,0.017,-0.023,1589,0,0
2298190,0.759,6.112,-8.157,-0.066,0.011,-0.016,1588,0,0
2298209,0.776,6.074,-8.217,-0.079,0.013,-0.008,1588,0,0
2298229,0.761,6.062,-8.157,-0.07,0.022,-0.009,1589,0,0
2298250,0.792,6.069,-8.162,-0.068,0.021,-0.007,1588,0,0
2298269,0.809,6.007,-8.135,-0.065,0.023,0.004,1588,0,0
2298289,0.831,5.94,-8.088,-0.073,0.02,0.004,1588,0,0
2298309,0.828,5.959,-8.052,-0.063,0.017,-0.006,1588,0,0
2298330,0.857,5.986,-8.059,-0.058,0.017,-0.009,1588,0,0
2298349,0.812,5.995,-8.107,-0.068,0.012,-0.011,1588,0,0
2298369,0.826,5.99,-8.159,-0.068,0.01,-0.018,1587,0,0
2298390,0.804,6.043,-8.121,-0.056,0.009,-0.01,1588,0,0
2298409,0.816,6.067,-8.133,-0.06,0.01,-0.003,1589,0,0
2298429,0.819,6.031,-8.138,-0.082,0.013,-0.005,1588,0,0
2298450,0.814,6.038,-8.126,-0.064,0.017,-0.015,1588,0,0
2298469,0.795,6.069,-8.121,-0.05,0.014,-0.012,1588,0,0
2298490,0.804,6.122,-8.088,-0.051,0.011,0.003,1588,0,0
2298509,0.804,6.036,-8.112,-0.082,0.012,0.009,1589,0,0
2298529,0.833,5.976,-8.112,-0.07,0.008,-0.002,1588,0,0
2298550,0.814,6.0,-8.119,-0.05,0.017,-0.009,1588,0,0
2298569,0.792,6.045,-8.107,-0.033,0.009,0.0,1589,0,0
2298589,0.838,6.069,-8.203,-0.052,0.007,0.009,1588,0,0
2298609,0.814,5.93,-8.167,-0.095,0.011,0.001,1589,0,0
2298629,0.814,5.959,-8.128,-0.041,0.017,-0.012,1588,0,0
2298650,0.785,6.017,-8.102,-0.034,0.015,-0.009,1588,0,0
2298669,0.795,6.053,-8.145,-0.046,0.013,0.006,1588,0,0
2298689,0.828,5.993,-8.128,-0.084,0.013,0.009,1588,0,0
2298709,0.864,5.954,-8.112,-0.073,0.018,-0.004,1589,0,0
2298729,0.848,5.971,-8.071,-0.049,0.012,-0.008,1589,0,0
2298749,0.886,5.99,-8.104,-0.05,0.005,-0.004,1589,0,0
2298769,0.857,5.971,-8.124,-0.073,0.009,-0.003,1588,0,0
2298789,0.804,5.964,-8.143,-0.07,0.012,-0.015,1588,0,0
2298809,0.771,5.966,-8.143,-0.067,0.009,-0.025,1588,0,0
2298829,0.761,6.043,-8.164,-0.04,0.009,-0.015,1589,0,0
2298850,0.788,6.041,-8.191,-0.057,0.018,-0.011,1590,0,0
2298870,0.802,6.057,-8.188,-0.065,0.022,-0.013,1589,0,0
2298890,0.79,6.065,-8.179,-0.064,0.025,-0.01,1589,0,0
2298909,0.802,6.05,-8.126,-0.069,0.022,-0.0,1589,0,0
2298929,0.852,6.033,-8.157,-0.048,0.025,0.003,1589,0,0
2298950,0.855,6.007,-8.052,-0.058,0.025,0.0,1589,0,0
2298970,0.836,6.0,-8.061,-0.052,0.013,0.0,1591,0,0
2298990,0.869,5.997,-8.095,-0.056,0.007,0.002,1589,0,0
2299009,0.874,5.957,-8.112,-0.071,0.009,-0.004,1589,0,0
2299029,0.848,5.945,-8.078,-0.06,0.009,-0.014,1588,0,0
2299049,0.792,6.029,-8.14,-0.034,0.003,-0.017,1589,0,0
2299070,0.819,6.088,-8.176,-0.043,0.002,0.001,1590,0,0
2299090,0.802,6.048,-8.207,-0.064,0.008,0.016,1588,0,0
2299109,0.812,6.0,-8.179,-0.074,0.01,0.01,1588,0,0
2299129,0.816,5.95,-8.169,-0.072,0.016,-0.004,1589,0,0
2299149,0.812,5.935,-8.162,-0.044,0.02,-0.008,1589,0,0
2299169,0.812,6.007,-8.114,-0.043,0.016,-0.001,1588,0,0
2299189,0.871,5.971,-8.126,-0.072,0.009,-0.001,1589,0,0
2299209,0.891,5.938,-8.107,-0.075,0.014,-0.0,1588,0,0
2299229,0.864,5.923,-8.109,-0.053,0.016,-0.017,1589,0,0
2299249,0.838,5.978,-8.112,-0.047,0.009,-0.026,1589,0,0
2299269,0.848,6.072,-8.171,-0.046,0.007,-0.016,1589,0,0
2299289,0.816,6.057,-8.171,-0.066,0.011,0.002,1589,0,0
2299309,0.783,6.005,-8.124,-0.069,0.011,0.004,1588,0,0
2299329,0.819,5.976,-8.147,-0.071,0.006,-0.009,1588,0,0
2299349,0.781,5.995,-8.145,-0.047,0.014,-0.016,1589,0,0
2299370,0.812,6.091,-8.155,-0.045,0.016,-0.001,1588,0,0
2299389,0.821,6.053,-8.145,-0.08,0.015,0.013,1588,0,0
2299409,0.879,5.914,-8.128,-0.084,0.01,0.002,1589,0,0
2299429,0.871,5.928,-8.104,-0.033,0.014,-0.013,1589,0,0
2299450,0.814,6.033,-8.15,-0.031,0.009,-0.007,1588,0,0
2299470,0.8,6.014,-8.186,-0.068,0.0,-0.0,1588,0,0
2299490,0.857,5.952,-8.188,-0.068,0.005,-0.002,1590,0,0
2299509,0.816,5.957,-8.147,-0.046,0.015,-0.007,1589,0,0
2299529,0.776,6.002,-8.147,-0.039,0.009,-0.004,1589,0,0
2299550,0.807,6.002,-8.219,-0.063,0.006,-0.004,1589,0,0
2299569,0.838,5.969,-8.229,-0.07,0.018,-0.006,1589,0,0
2299590,0.84,5.997,-8.176,-0.05,0.026,-0.005,1590,0,0
2299609,0.821,5.988,-8.121,-0.05,0.023,-0.001,1588,0,0
2299630,0.876,5.947,-8.162,-0.051,0.016,0.004,1588,0,0
2299649,0.893,5.892,-8.152,-0.069,0.018,-0.001,1588,0,0
2299669,0.862,5.904,-8.128,-0.063,0.017,-0.011,1589,0,0
2299689,0.848,5.945,-8.109,-0.05,0.013,-0.013,1589,0,0
2299709,0.838,5.974,-8.107,-0.051,0.009,-0.006,1589,0,0
2299729,0.84,5.983,-8.133,-0.064,0.009,-0.01,1589,0,0
2299750,0.852,5.997,-8.198,-0.055,0.008,-0.01,1589,0,0
2299769,0.819,6.019,-8.207,-0.057,0.013,-0.004,1588,0,0
2299789,0.8,5.969,-8.21,-0.067,0.009,-0.001,1588,0,0
2299809,0.855,5.99,-8.21,-0.056,0.017,-0.004,1588,0,0
2299829,0.833,5.99,-8.157,-0.062,0.021,-0.007,1587,0,0
2299849,0.831,5.986,-8.164,-0.051,0.015,0.003,1588,0,0
2299869,0.864,5.947,-8.131,-0.069,0.013,0.008,1589,0,0
2299889,0.836,5.883,-8.155,-0.074,0.014,-0.005,1588,0,0
2299909,0.836,5.923,-8.131,-0.056,0.018,-0.018,1587,0,0
2299929,0.845,6.012,-8.169,-0.052,0.014,-0.021,1589,0,0
2299949,0.893,6.014,-8.174,-0.07,0.014,-0.01,1588,0,0
2299970,0.819,5.952,-8.145,-0.075,0.013,-0.009,1588,0,0
2299989,0.809,5.969,-8.152,-0.055,0.009,-0.014,1588,0,0
2300010,0.814,6.031,-8.188,-0.064,0.009,-0.014,1589,0,0
2300029,0.819,6.019,-8.169,-0.07,0.01,-0.007,1589,0,0
2300050,0.871,5.995,-8.133,-0.066,0.015,-0.006,1588,0,0
2300070,0.845,5.974,-8.078,-0.061,0.015,-0.005,1588,0,0
2300089,0.862,5.988,-8.133,-0.053,0.005,-0.001,1588,0,0
2300109,0.862,5.959,-8.112,-0.069,0.004,-0.007,1589,0,0
2300129,0.85,5.957,-8.155,-0.059,0.003,-0.011,1590,0,0
2300149,0.785,5.962,-8.188,-0.06,0.001,-0.011,1589,0,0
2300170,0.831,5.952,-8.226,-0.068,-0.001,-0.009,1590,0,0
2300189,0.821,5.957,-8.25,-0.058,0.007,-0.006,1588,0,0
2300209,0.821,5.976,-8.231,-0.064,0.016,-0.011,1589,0,0
2300230,0.838,5.983,-8.241,-0.07,0.022,-0.012,1590,0,0
2300250,0.8,5.983,-8.203,-0.071,0.026,-0.007,1588,0,0
2300269,0.833,5.954,-8.174,-0.078,0.021,-0.002,1589,0,0
2300289,0.864,5.897,-8.147,-0.077,0.02,-0.008,1589,0,0
2300310,0.862,5.899,-8.109,-0.064,0.02,-0.013,1589,0,0
2300330,0.857,5.995,-8.1,-0.052,0.015,-0.011,1589,0,0
2300349,0.867,5.981,-8.066,-0.071,0.014,-0.016,1588,0,0
2300369,0.85,6.021,-8.066,-0.064,0.008,-0.017,1589,0,0
2300389,0.845,6.057,-8.092,-0.062,0.005,-0.02,1588,0,0
2300409,0.826,6.06,-8.131,-0.06,0.003,-0.004,1588,0,0
2300430,0.8,6.021,-8.215,-0.058,-0.003,0.01,1589,0,0
2300450,0.826,5.962,-8.207,-0.079,0.002,0.006,1588,0,0
2300469,0.831,5.904,-8.179,-0.075,0.011,-0.007,1589,0,0
2300490,0.812,5.94,-8.164,-0.059,0.012,-0.011,1589,0,0
2300509,0.845,5.954,-8.15,-0.072,0.009,-0.012,1590,0,0
2300529,0.848,5.959,-8.195,-0.083,0.011,-0.013,1588,0,0
2300550,0.836,5.938,-8.169,-0.07,0.013,-0.015,1590,0,0
2300569,0.809,6.005,-8.128,-0.044,0.017,-0.018,1589,0,0
2300589,0.814,6.033,-8.107,-0.06,0.011,-0.018,1590,0,0
2300610,0.84,6.041,-8.181,-0.078,0.014,-0.01,1590,0,0
2300629,0.826,5.971,-8.114,-0.081,0.018,-0.014,1589,0,0
2300649,0.824,6.009,-8.085,-0.044,0.013,-0.017,1590,0,0
2300669,0.771,6.069,-8.124,-0.034,0.012,-0.016,1589,0,0
2300690,0.809,6.105,-8.159,-0.046,0.009,-0.003,1588,0,0
2300709,0.821,6.081,-8.15,-0.072,0.011,0.007,1591,0,0
2300729,0.821,5.959,-8.131,-0.075,0.01,0.006,1589,0,0
2300749,0.9,5.966,-8.159,-0.041,0.008,0.005,1589,0,0
2300769,0.883,5.914,-8.133,-0.059,0.007,0.005,1589,0,0
2300789,0.85,5.899,-8.147,-0.059,0.001,0.003,1589,0,0
2300809,0.831,5.885,-8.25,-0.07,0.002,-0.006,1589,0,0
2300829,0.79,5.827,-8.272,-0.064,0.01,-0.011,1588,0,0
2300850,0.747,5.899,-8.277,-0.052,0.015,-0.022,1589,0,0
2300869,0.814,5.974,-8.291,-0.061,0.02,-0.029,1588,0,0
2300889,0.812,6.062,-8.236,-0.056,0.032,-0.022,1589,0,0
2300909,0.804,6.055,-8.131,-0.057,0.035,-0.008,1590,0,0
2300929,0.812,6.014,-8.076,-0.069,0.027,-0.004,1589,0,0
2300949,0.881,6.005,-8.013,-0.064,0.016,-0.011,1589,0,0
2300969,0.898,6.033,-8.033,-0.05,0.016,-0.011,1589,0,0
2300990,0.881,6.069,-8.028,-0.054,0.009,-0.007,1588,0,0
2301009,0.871,6.079,-8.092,-0.059,-0.001,-0.004,1589,0,0
2301029,0.852,6.057,-8.133,-0.063,-0.004,0.003,1587,0,0
2301049,0.824,6.038,-8.157,-0.047,-0.002,0.013,1589,0,0
2301069,0.812,6.0,-8.207,-0.062,-0.001,0.015,1589,0,0
2301090,0.8,5.89,-8.229,-0.078,0.001,0.01,1589,0,0
2301110,0.804,5.897,-8.226,-0.065,0.01,0.003,1589,0,0
2301129,0.797,5.911,-8.191,-0.06,0.017,-0.005,1588,0,0
2301149,0.836,5.911,-8.212,-0.068,0.021,-0.007,1591,0,0
2301169,0.826,5.844,-8.198,-0.086,0.021,-0.013,1589,0,0
2301189,0.824,5.859,-8.162,-0.067,0.017,-0.027,1590,0,0
2301209,0.848,5.974,-8.183,-0.05,0.015,-0.031,1590,0,0
2301229,0.838,6.045,-8.162,-0.043,0.018,-0.021,1591,0,0
2301249,0.828,6.11,-8.147,-0.059,0.017,-0.017,1590,0,0
2301269,0.833,6.05,-8.138,-0.093,0.013,-0.009,1589,0,0
2301289,0.831,5.99,-8.126,-0.071,0.012,0.002,1589,0,0
2301310,0.814,6.0,-8.138,-0.042,0.012,-0.002,1590,0,0
2301330,0.814,6.048,-8.135,-0.047,0.011,-0.008,1589,0,0
2301349,0.845,6.096,-8.179,-0.072,0.015,0.001,1589,0,0
2301369,0.816,5.99,-8.135,-0.104,0.015,0.011,1589,0,0
2301389,0.821,5.873,-8.078,-0.093,0.008,0.009,1590,0,0
2301410,0.883,5.854,-8.128,-0.049,-0.001,-0.001,1589,0,0
2301429,0.871,5.93,-8.183,-0.038,0.005,-0.004,1590,0,0
2301449,0.833,5.918,-8.215,-0.062,0.009,-0.009,1590,0,0
2301470,0.821,5.921,-8.2,-0.082,0.009,-0.018,1590,0,0
2301490,0.836,5.947,-8.174,-0.075,0.009,-0.025,1588,0,0
2301509,0.836,5.997,-8.162,-0.045,0.015,-0.018,1590,0,0
2301530,0.814,6.026,-8.207,-0.056,0.018,-0.016,1589,0,0
2301549,0.848,6.062,-8.164,-0.061,0.025,-0.014,1590,0,0
2301570,0.819,6.069,-8.102,-0.067,0.026,-0.01,1590,0,0
2301589,0.804,6.024,-8.071,-0.066,0.014,0.002,1590,0,0
2301609,0.869,5.974,-8.095,-0.07,0.009,-0.001,1590,0,0
2301630,0.879,5.957,-8.095,-0.054,0.018,-0.013,1590,0,0
2301649,0.831,6.065,-8.066,-0.038,0.018,-0.016,1592,0,0
2301669,0.8,6.074,-8.085,-0.064,-0.001,-0.005,1590,0,0
2301690,0.874,6.086,-8.159,-0.061,-0.003,0.01,1590,0,0
2301709,0.855,6.024,-8.128,-0.06,0.007,0.004,1590,0,0
2301729,0.812,6.012,-8.159,-0.048,0.009,0.006,1589,0,0
2301749,0.802,5.966,-8.191,-0.056,0.002,0.014,1590,0,0
2301769,0.824,5.885,-8.212,-0.075,0.005,0.015,1589,0,0
2301789,0.8,5.875,-8.217,-0.059,0.016,0.002,1588,0,0
2301809,0.814,5.88,-8.179,-0.055,0.018,-0.01,1589,0,0
2301829,0.833,5.904,-8.215,-0.063,0.019,-0.01,1589,0,0
2301849,0.833,5.844,-8.183,-0.068,0.014,-0.013,1589,0,0
2301869,0.86,5.883,-8.212,-0.046,0.017,-0.02,1590,0,0
2301890,0.848,6.0,-8.167,-0.041,0.024,-0.031,1590,0,0
2301909,0.826,6.062,-8.159,-0.053,0.024,-0.024,1590,0,0
2301929,0.804,6.036,-8.1,-0.077,0.019,-0.014,1590,0,0
2301949,0.857,6.012,-8.107,-0.059,0.01,-0.015,1591,0,0
2301970,0.848,6.088,-8.119,-0.044,0.021,-0.013,1589,0,0
2301989,0.826,6.112,-8.104,-0.049,0.02,-0.006,1590,0,0
2302009,0.84,6.151,-8.078,-0.059,0.013,0.002,1590,0,0
2302029,0.886,6.045,-8.092,-0.082,0.009,0.014,1591,0,0
2302050,0.912,5.988,-8.083,-0.053,0.005,0.021,1591,0,0
2302069,0.919,5.935,-8.071,-0.05,0.001,0.016,1590,0,0
2302090,0.883,5.883,-8.152,-0.051,-0.003,0.013,1590,0,0
2302109,0.893,5.863,-8.212,-0.061,-0.004,0.007,1588,0,0
2302129,0.848,5.832,-8.265,-0.078,-0.001,-0.01,1590,0,0
2302150,0.816,5.854,-8.279,-0.058,0.009,-0.023,1592,0,0
2302169,0.776,5.928,-8.255,-0.034,0.01,-0.019,1591,0,0
2302189,0.812,6.017,-8.291,-0.05,0.013,-0.011,1590,0,0
2302209,0.84,5.966,-8.236,-0.087,0.026,-0.01,1589,0,0
2302229,0.797,5.954,-8.131,-0.072,0.032,-0.015,1591,0,0
2302249,0.85,6.019,-8.078,-0.053,0.025,-0.013,1590,0,0
2302269,0.843,5.986,-8.078,-0.071,0.016,-0.006,1590,0,0
2302290,0.881,5.964,-8.078,-0.067,0.006,-0.007,1590,0,0
2302309,0.891,6.029,-8.083,-0.055,0.008,-0.012,1590,0,0
2302329,0.833,6.043,-8.104,-0.055,0.005,-0.01,1590,0,0
2302349,0.814,6.031,-8.116,-0.061,-0.003,-0.004,1591,0,0
2302369,0.816,6.012,-8.195,-0.074,-0.009,0.006,1592,0,0
2302389,0.814,5.962,-8.27,-0.067,-0.005,0.01,1592,0,0
2302409,0.812,5.93,-8.219,-0.058,0.006,0.003,1592,0,0
2302429,0.79,5.933,-8.224,-0.051,0.01,0.002,1591,0,0
2302449,0.843,5.93,-8.246,-0.063,0.01,0.002,1591,0,0
2302469,0.852,5.878,-8.21,-0.081,0.015,-0.002,1591,0,0
2302489,0.879,5.892,-8.155,-0.065,0.021,-0.012,1590,0,0
2302509,0.838,5.923,-8.135,-0.059,0.018,-0.016,1590,0,0
2302529,0.864,5.959,-8.145,-0.065,0.013,-0.017,1591,0,0
2302549,0.857,5.954,-8.155,-0.066,0.014,-0.023,1590,0,0
2302569,0.862,6.002,-8.174,-0.058,0.02,-0.021,1593,0,0
2302589,0.836,6.048,-8.131,-0.055,0.016,-0.019,1591,0,0
2302610,0.821,6.074,-8.152,-0.068,0.013,-0.011,1591,0,0
2302629,0.831,6.024,-8.164,-0.07,0.008,-0.009,1591,0,0
2302649,0.831,6.041,-8.135,-0.056,0.013,-0.009,1591,0,0
2302669,0.795,6.055,-8.126,-0.054,0.017,-0.009,1590,0,0
2302690,0.809,6.06,-8.128,-0.058,0.009,0.007,1590,0,0
2302709,0.891,5.997,-8.138,-0.075,0.005,0.016,1590,0,0
2302730,0.915,5.897,-8.119,-0.076,0.009,0.013,1591,0,0
2302750,0.874,5.854,-8.121,-0.043,0.002,-0.005,1591,0,0
2302769,0.874,5.93,-8.181,-0.033,0.0,-0.006,1592,0,0
2302789,0.828,5.918,-8.236,-0.063,0.005,-0.002,1591,0,0
2302809,0.8,5.871,-8.217,-0.081,0.008,-0.009,1590,0,0
2302829,0.8,5.911,-8.229,-0.065,0.009,-0.023,1591,0,0
2302850,0.807,6.009,-8.224,-0.048,0.018,-0.029,1591,0,0
2302869,0.8,6.06,-8.21,-0.046,0.022,-0.02,1589,0,0
2302889,0.807,6.076,-8.2,-0.07,0.023,-0.002,1590,0,0
2302909,0.819,5.966,-8.159,-0.08,0.022,0.004,1591,0,0
2302929,0.876,5.938,-8.15,-0.059,0.023,-0.004,1592,0,0
2302950,0.862,5.978,-8.088,-0.048,0.021,-0.002,1591,0,0
2302969,0.867,5.978,-8.102,-0.064,0.016,0.0,1591,0,0
2302989,0.883,5.938,-8.124,-0.073,0.009,-0.004,1590,0,0
2303009,0.845,5.947,-8.131,-0.052,0.007,-0.004,1590,0,0
2303029,0.838,5.978,-8.147,-0.057,0.007,-0.006,1591,0,0
2303050,0.836,5.969,-8.2,-0.064,0.007,-0.002,1591,0,0
2303070,0.812,5.95,-8.2,-0.063,0.009,0.0,1591,0,0
2303089,0.821,5.94,-8.203,-0.061,0.009,-0.002,1591,0,0
2303109,0.84,5.962,-8.174,-0.05,0.017,-0.004,1593,0,0
2303129,0.826,5.99,-8.133,-0.051,0.016,-0.005,1590,0,0
2303149,0.881,5.99,-8.164,-0.047,0.012,-0.005,1590,0,0
2303170,0.857,6.041,-8.143,-0.052,0.015,0.001,1591,0,0
2303189,0.893,6.038,-8.131,-0.052,0.015,0.004,1590,0,0
2303209,0.826,6.05,-8.09,-0.041,0.02,-0.0,1590,0,0
2303230,0.838,6.091,-8.107,-0.029,0.017,-0.007,1590,0,0
2303250,0.862,6.12,-8.147,-0.035,0.015,-0.001,1590,0,0
2303269,0.888,6.069,-8.162,-0.047,0.016,0.022,1590,0,0
2303289,0.871,5.952,-8.076,-0.054,0.015,0.024,1591,0,0
2303309,0.886,5.954,-8.073,-0.017,0.005,0.015,1590,0,0
2303329,0.881,5.966,-8.179,0.007,0.0,0.019,1590,0,0
2303349,0.912,5.964,-8.222,-0.004,0.006,0.022,1590,0,0
2303369,0.883,5.969,-8.147,-0.012,0.017,0.013,1590,0,0
2303390,0.876,5.981,-8.131,-0.0,0.014,0.021,1589,0,0
2303409,0.876,5.933,-8.104,-0.01,0.002,0.04,1590,0,0
2303429,0.876,5.792,-8.2,-0.031,-0.015,0.038,1590,0,0
2303449,0.915,5.71,-8.284,-0.023,-0.012,0.02,1591,0,0
2303470,0.85,5.732,-8.303,-0.006,-0.001,0.007,1590,0,0
2303489,0.804,5.789,-8.329,0.003,0.0,0.006,1590,0,0
2303509,0.821,5.765,-8.344,-0.023,-0.001,0.01,1590,0,0
2303529,0.833,5.777,-8.389,-0.03,0.002,0.005,1590,0,0
2303549,0.874,5.739,-8.365,-0.035,0.009,-0.002,1591,0,0
2303570,0.891,5.739,-8.404,-0.024,0.023,0.001,1591,0,0
2303590,0.898,5.689,-8.432,-0.052,0.029,-0.002,1590,0,0
2303609,0.95,5.698,-8.358,-0.063,0.038,-0.022,1590,0,0
2303629,0.919,5.768,-8.27,-0.047,0.043,-0.027,1590,0,0
2303650,0.907,5.82,-8.231,-0.04,0.031,-0.009,1590,0,0
2303669,0.907,5.715,-8.286,-0.091,0.02,-0.003,1590,0,0
2303689,0.95,5.669,-8.286,-0.091,0.022,-0.024,1590,0,0
2303709,0.948,5.744,-8.279,-0.066,0.034,-0.046,1590,0,0
2303730,0.848,5.868,-8.272,-0.073,0.036,-0.043,1588,0,0
2303749,0.797,5.856,-8.265,-0.085,0.022,-0.018,1590,0,0
2303770,0.819,5.811,-8.262,-0.105,0.012,-0.014,1590,0,0
2303789,0.84,5.777,-8.289,-0.106,0.022,-0.034,1590,0,0
2303809,0.864,5.863,-8.203,-0.059,0.038,-0.053,1590,0,0
2303829,0.871,6.029,-8.179,-0.038,0.034,-0.046,1591,0,0
2303849,0.86,6.069,-8.188,-0.068,0.025,-0.025,1590,0,0
2303870,0.941,6.036,-8.095,-0.084,0.017,-0.018,1590,0,0
2303889,0.986,6.084,-8.116,-0.05,0.01,-0.018,1590,0,0
2303909,0.958,6.112,-8.088,-0.029,0.011,0.003,1590,0,0
2303929,0.941,6.017,-8.162,-0.034,-0.002,0.021,1591,0,0
2303950,0.982,5.928,-8.258,-0.058,-0.01,0.018,1590,0,0
2303969,1.003,5.847,-8.274,-0.051,-0.004,0.013,1590,0,0
2303989,0.941,5.813,-8.344,-0.025,0.0,0.019,1591,0,0
2304009,0.893,5.76,-8.394,-0.025,-0.001,0.022,1590,0,0
2304029,0.84,5.684,-8.466,-0.053,0.01,0.012,1590,0,0
2304049,0.802,5.653,-8.466,-0.055,0.029,-0.007,1589,0,0
2304069,0.802,5.691,-8.428,-0.039,0.039,-0.016,1590,0,0
2304089,0.848,5.713,-8.332,-0.053,0.045,-0.017,1590,0,0
2304109,0.924,5.744,-8.27,-0.055,0.038,-0.027,1590,0,0
2304129,0.962,5.851,-8.236,-0.058,0.042,-0.027,1592,0,0
2304149,0.934,5.839,-8.212,-0.055,0.035,-0.012,1590,0,0
2304170,0.9,5.784,-8.207,-0.062,0.027,-0.006,1591,0,0
2304189,0.907,5.787,-8.226,-0.07,0.019,-0.018,1590,0,0
2304209,0.912,5.83,-8.234,-0.058,0.024,-0.028,1591,0,0
2304229,0.828,5.851,-8.226,-0.063,0.023,-0.023,1591,0,0
2304250,0.848,5.89,-8.248,-0.065,0.014,-0.014,1590,0,0
2304270,0.881,5.859,-8.262,-0.08,0.016,-0.007,1591,0,0
2304289,0.898,5.863,-8.274,-0.068,0.018,-0.01,1592,0,0
2304310,0.931,5.847,-8.298,-0.071,0.02,-0.015,1590,0,0
2304329,0.934,5.799,-8.253,-0.071,0.02,-0.008,1591,0,0
2304349,0.984,5.777,-8.234,-0.072,0.017,-0.01,1592,0,0
2304370,0.962,5.787,-8.243,-0.064,0.014,-0.013,1590,0,0
2304389,0.946,5.799,-8.229,-0.062,0.009,-0.013,1591,0,0
2304409,0.881,5.76,-8.303,-0.07,0.008,-0.01,1590,0,0
2304429,0.903,5.748,-8.337,-0.084,0.008,-0.023,1591,0,0
2304449,0.948,5.756,-8.351,-0.075,0.019,-0.039,1590,0,0
2304469,0.919,5.849,-8.262,-0.049,0.033,-0.036,1590,0,0
2304490,0.848,5.842,-8.219,-0.072,0.026,-0.031,1591,0,0
2304510,0.838,5.827,-8.241,-0.082,0.014,-0.029,1591,0,0
2304529,0.869,5.787,-8.248,-0.078,0.012,-0.037,1590,0,0
2304549,0.903,5.827,-8.317,-0.049,0.021,-0.049,1591,0,0
2304569,0.895,5.928,-8.284,-0.029,0.032,-0.056,1592,0,0
2304590,0.879,6.045,-8.272,-0.021,0.033,-0.049,1592,0,0
2304610,0.9,6.103,-8.272,-0.023,0.031,-0.023,1589,0,0
2304629,0.883,6.057,-8.217,-0.039,0.029,-0.003,1591,0,0
2304649,0.919,5.928,-8.217,-0.041,0.025,0.007,1591,0,0
2304669,0.941,5.859,-8.226,-0.033,0.024,0.007,1590,0,0
2304690,0.982,5.832,-8.267,-0.036,0.022,-0.006,1590,0,0
2304709,0.984,5.871,-8.27,-0.009,0.025,-0.01,1591,0,0
2304729,0.91,5.909,-8.265,-0.013,0.019,0.007,1590,0,0
2304749,0.891,5.827,-8.315,-0.021,0.012,0.027,1590,0,0
2304769,0.927,5.744,-8.368,-0.032,0.019,0.025,1590,0,0
2304790,0.852,5.665,-8.334,-0.044,0.026,0.01,1592,0,0
2304809,0.85,5.636,-8.368,-0.033,0.022,0.002,1590,0,0
2304829,0.852,5.665,-8.423,-0.03,0.022,-0.003,1590,0,0
2304849,0.848,5.708,-8.432,-0.031,0.034,-0.014,1590,0,0
2304870,0.869,5.792,-8.406,-0.022,0.037,-0.016,1591,0,0
2304889,0.893,5.811,-8.411,-0.03,0.036,-0.009,1591,0,0
2304909,1.003,5.813,-8.437,-0.048,0.043,-0.006,1591,0,0
2304929,1.018,5.78,-8.298,-0.048,0.061,-0.01,1590,0,0
2304950,0.998,5.818,-8.191,-0.025,0.058,-0.007,1591,0,0
2304969,1.018,5.808,-8.186,-0.047,0.043,0.009,1592,0,0
2304989,1.077,5.691,-8.186,-0.063,0.03,0.019,1591,0,0
2305010,1.039,5.65,-8.215,-0.051,0.017,-0.001,1591,0,0
2305029,1.044,5.653,-8.267,-0.047,0.016,-0.015,1590,0,0
2305049,0.965,5.679,-8.305,-0.04,0.008,-0.011,1590,0,0
2305070,0.948,5.732,-8.404,-0.039,0.005,-0.006,1591,0,0
2305090,0.972,5.696,-8.449,-0.058,0.005,-0.009,1590,0,0
2305109,0.939,5.708,-8.454,-0.048,0.017,-0.01,1590,0,0
2305129,0.891,5.76,-8.394,-0.04,0.022,-0.009,1589,0,0
2305149,0.9,5.772,-8.401,-0.066,0.024,-0.01,1590,0,0
2305169,0.948,5.77,-8.358,-0.071,0.024,-0.007,1590,0,0
2305189,0.953,5.732,-8.356,-0.067,0.024,-0.002,1590,0,0
2305210,0.977,5.737,-8.325,-0.052,0.018,-0.003,1591,0,0
2305229,1.041,5.83,-8.356,-0.034,0.021,0.003,1592,0,0
2305249,1.044,5.775,-8.32,-0.068,0.024,0.007,1591,0,0
2305269,0.996,5.677,-8.246,-0.078,0.024,0.004,1591,0,0
2305289,0.977,5.619,-8.315,-0.066,0.009,-0.003,1591,0,0
2305309,1.051,5.698,-8.411,-0.041,0.01,-0.009,1592,0,0
2305330,1.027,5.777,-8.373,-0.044,0.026,-0.011,1594,0,0
2305349,0.991,5.789,-8.38,-0.051,0.027,-0.001,1591,0,0
2305369,0.998,5.744,-8.327,-0.089,0.018,0.001,1592,0,0
2305389,1.07,5.653,-8.334,-0.089,0.021,-0.002,1592,0,0
2305409,0.986,5.634,-8.334,-0.053,0.026,0.001,1592,0,0
2305430,0.962,5.638,-8.356,-0.058,0.017,-0.001,1590,0,0
2305449,0.97,5.641,-8.332,-0.083,0.014,-0.016,1592,0,0
2305469,0.977,5.71,-8.418,-0.059,0.015,-0.033,1592,0,0
2305489,0.927,5.727,-8.334,-0.057,0.026,-0.028,1591,0,0
2305509,0.943,5.772,-8.392,-0.057,0.018,-0.016,1593,0,0
2305529,1.032,5.799,-8.396,-0.064,0.021,-0.018,1592,0,0
2305550,1.068,5.806,-8.358,-0.047,0.041,-0.027,1592,0,0
2305569,1.003,5.885,-8.322,-0.052,0.045,-0.018,1591,0,0
2305589,0.953,5.772,-8.279,-0.065,0.035,-0.005,1592,0,0
2305610,1.046,5.751,-8.222,-0.036,0.028,-0.007,1592,0,0
2305629,1.092,5.789,-8.2,-0.011,0.029,-0.003,1590,0,0
2305649,1.003,5.76,-8.174,-0.051,0.014,0.004,1591,0,0
2305670,1.027,5.643,-8.284,-0.075,-0.008,-0.0,1592,0,0
2305689,1.034,5.602,-8.265,-0.047,-0.007,-0.024,1591,0,0
2305710,0.998,5.751,-8.317,0.013,-0.013,-0.019,1591,0,0
2305729,0.96,5.794,-8.37,-0.018,-0.02,0.004,1591,0,0
2305749,0.977,5.677,-8.475,-0.084,-0.019,0.015,1590,0,0
2305769,0.982,5.571,-8.464,-0.074,-0.011,-0.008,1592,0,0
2305789,1.003,5.696,-8.49,-0.027,0.002,-0.022,1591,0,0
2305810,0.958,5.811,-8.464,-0.011,0.006,0.001,1593,0,0
2305829,0.96,5.756,-8.487,-0.058,0.001,0.023,1590,0,0
2305849,1.041,5.612,-8.528,-0.112,0.006,0.021,1591,0,0
2305869,1.075,5.531,-8.547,-0.074,0.02,0.009,1590,0,0
2305889,0.989,5.523,-8.394,-0.045,0.033,0.0,1591,0,0
2305909,0.948,5.516,-8.351,-0.057,0.019,0.001,1591,0,0
2305929,1.001,5.461,-8.373,-0.099,0.012,-0.013,1591,0,0
2305949,1.051,5.454,-8.339,-0.11,0.015,-0.044,1591,0,0
2305969,0.962,5.55,-8.294,-0.076,0.02,-0.068,1592,0,0
2305989,1.01,5.703,-8.277,-0.06,0.01,-0.062,1590,0,0
2306010,0.986,5.746,-8.229,-0.092,0.004,-0.052,1591,0,0
2306029,1.099,5.763,-8.207,-0.094,-0.014,-0.051,1591,0,0
2306050,1.116,5.794,-8.15,-0.087,-0.02,-0.05,1591,0,0
2306070,1.068,5.772,-8.21,-0.082,-0.039,-0.048,1591,0,0
2306090,1.037,5.832,-8.301,-0.072,-0.043,-0.049,1590,0,0
2306109,0.948,5.868,-8.341,-0.069,-0.034,-0.049,1590,0,0
2306130,0.819,5.93,-8.392,-0.05,-0.04,-0.029,1591,0,0
2306150,0.819,5.928,-8.497,-0.073,-0.039,-0.001,1591,0,0
2306169,0.816,5.818,-8.588,-0.112,-0.034,0.008,1591,0,0
2306189,0.814,5.746,-8.598,-0.102,-0.012,0.008,1590,0,0
2306209,0.8,5.705,-8.571,-0.084,0.002,0.007,1592,0,0
2306230,0.833,5.655,-8.612,-0.085,0.014,0.015,1591,0,0
2306249,0.893,5.6,-8.574,-0.118,0.033,0.017,1591,0,0
2306269,0.874,5.497,-8.468,-0.137,0.04,-0.004,1593,0,0
2306289,0.886,5.555,-8.382,-0.109,0.041,-0.022,1591,0,0
2306309,0.91,5.653,-8.344,-0.112,0.047,-0.024,1591,0,0
2306329,0.898,5.638,-8.246,-0.131,0.045,-0.031,1591,0,0
2306349,0.883,5.665,-8.207,-0.137,0.034,-0.043,1591,0,0
2306370,0.9,5.76,-8.217,-0.131,0.026,-0.056,1591,0,0
2306390,0.924,5.839,-8.219,-0.125,0.033,-0.061,1591,0,0
2306409,0.879,5.868,-8.124,-0.127,0.032,-0.06,1591,0,0
2306429,0.852,5.906,-8.054,-0.106,0.014,-0.056,1590,0,0
2306449,0.886,6.012,-8.04,-0.091,0.002,-0.055,1591,0,0
2306469,0.905,5.99,-8.066,-0.094,-0.006,-0.051,1591,0,0
2306489,0.955,6.029,-8.135,-0.067,-0.011,-0.043,1591,0,0
2306509,1.008,6.074,-8.212,-0.1,-0.012,-0.045,1591,0,0
2306530,1.053,6.084,-8.176,-0.075,-0.003,-0.04,1593,0,0
2306549,0.96,6.187,-8.174,-0.027,-0.001,-0.016,1592,0,0
2306569,0.924,6.127,-8.258,-0.076,-0.019,0.011,1592,0,0
2306589,0.943,5.964,-8.337,-0.094,-0.015,0.027,1591,0,0
2306610,0.903,5.808,-8.389,-0.061,0.001,0.028,1591,0,0
2306629,0.814,5.768,-8.334,-0.04,0.011,0.023,1591,0,0
2306649,0.742,5.689,-8.339,-0.043,0.006,0.012,1592,0,0
2306669,0.792,5.677,-8.351,-0.048,0.011,0.001,1592,0,0
2306689,0.797,5.729,-8.282,-0.054,0.018,-0.018,1592,0,0
2306709,0.79,5.827,-8.253,-0.031,0.019,-0.029,1591,0,0
2306729,0.802,5.952,-8.341,-0.027,0.019,-0.02,1592,0,0
2306750,0.836,5.928,-8.313,-0.061,0.025,-0.012,1590,0,0
2306770,0.826,5.875,-8.241,-0.063,0.029,-0.01,1593,0,0
2306789,0.855,5.926,-8.179,-0.043,0.024,-0.008,1591,0,0
2306809,0.857,5.892,-8.217,-0.034,0.015,-0.004,1591,0,0
2306829,0.919,5.899,-8.317,-0.03,0.017,0.001,1591,0,0
2306849,0.96,5.844,-8.325,-0.067,0.024,0.0,1591,0,0
2306869,0.907,5.796,-8.207,-0.043,0.035,-0.013,1593,0,0
2306890,0.836,5.88,-8.143,-0.005,0.023,-0.014,1591,0,0
2306909,0.903,5.856,-8.222,-0.023,0.002,0.004,1591,0,0
2306929,0.881,5.737,-8.27,-0.054,0.008,0.0,1591,0,0
2306949,0.883,5.722,-8.205,-0.031,0.017,-0.023,1590,0,0
2306970,0.814,5.808,-8.135,-0.018,0.009,-0.039,1591,0,0
2306989,0.848,5.904,-8.222,-0.013,-0.015,-0.025,1593,0,0
2307010,0.862,5.952,-8.375,-0.03,-0.018,-0.001,1593,0,0
2307029,0.893,5.825,-8.456,-0.06,-0.01,0.002,1592,0,0
2307050,0.912,5.765,-8.528,-0.04,0.005,0.002,1590,0,0
2307069,0.879,5.753,-8.49,-0.029,0.017,0.006,1591,0,0
2307090,0.912,5.729,-8.497,-0.035,0.023,0.013,1593,0,0
2307109,0.905,5.631,-8.432,-0.08,0.029,0.01,1591,0,0
2307129,0.907,5.574,-8.322,-0.068,0.03,0.006,1590,0,0
2307149,0.852,5.535,-8.315,-0.057,0.023,-0.005,1591,0,0
2307169,0.848,5.516,-8.38,-0.077,0.012,-0.018,1592,0,0
2307189,0.883,5.559,-8.432,-0.082,0.018,-0.035,1592,0,0
2307209,0.86,5.681,-8.387,-0.079,0.033,-0.045,1591,0,0
2307229,0.821,5.737,-8.315,-0.11,0.032,-0.044,1592,0,0
2307249,0.838,5.729,-8.301,-0.134,0.026,-0.041,1592,0,0
2307269,0.855,5.71,-8.243,-0.133,0.023,-0.047,1592,0,0
2307290,0.874,5.804,-8.226,-0.112,0.015,-0.058,1591,0,0
2307309,0.802,5.873,-8.289,-0.112,0.01,-0.055,1591,0,0
2307329,0.778,5.911,-8.349,-0.116,0.015,-0.046,1592,0,0
2307349,0.773,5.976,-8.317,-0.121,0.025,-0.036,1591,0,0
2307370,0.807,5.976,-8.282,-0.128,0.026,-0.034,1591,0,0
2307390,0.857,5.947,-8.246,-0.131,0.028,-0.027,1590,0,0
2307409,0.84,5.866,-8.145,-0.124,0.03,-0.011,1592,0,0
2307429,0.893,5.751,-8.095,-0.159,0.016,-0.002,1591,0,0
2307450,1.044,5.598,-8.109,-0.186,0.0,-0.028,1590,0,0
2307470,1.075,5.631,-8.186,-0.141,0.006,-0.064,1591,0,0
2307489,0.898,5.782,-8.186,-0.121,0.009,-0.082,1592,0,0
2307509,0.716,5.811,-8.167,-0.161,-0.004,-0.067,1591,0,0
2307529,0.666,5.672,-8.147,-0.186,-0.017,-0.069,1591,0,0
2307549,0.795,5.686,-8.193,-0.154,-0.026,-0.097,1592,0,0
2307569,0.831,5.832,-8.286,-0.119,-0.011,-0.125,1592,0,0
2307589,0.828,5.878,-8.313,-0.104,0.02,-0.152,1590,0,0
2307609,0.735,6.199,-8.346,-0.077,0.041,-0.161,1592,0,0
2307629,0.68,6.376,-8.131,-0.144,0.03,-0.144,1591,0,0
2307649,0.666,6.436,-8.107,-0.137,0.025,-0.102,1592,0,0
2307669,0.594,6.436,-8.131,-0.136,0.02,-0.054,1591,0,0
2307690,0.625,6.294,-8.155,-0.164,0.012,-0.038,1591,0,0
2307709,0.702,6.263,-8.14,-0.139,0.026,-0.044,1591,0,0
2307729,0.658,6.342,-8.102,-0.076,0.048,-0.042,1590,0,0
2307749,0.682,6.416,-8.011,-0.105,0.049,-0.018,1590,0,0
2307769,0.73,6.254,-7.939,-0.152,0.034,0.004,1592,0,0
2307790,0.795,6.148,-7.946,-0.14,0.026,-0.004,1591,0,0
2307810,0.792,6.165,-7.855,-0.091,0.03,-0.013,1592,0,0
2307829,0.723,6.215,-7.781,-0.054,0.018,-0.003,1591,0,0
2307849,0.745,6.191,-7.855,-0.065,-0.015,0.013,1592,0,0
2307870,0.761,6.115,-8.001,-0.083,-0.02,0.007,1591,0,0
2307889,0.771,6.079,-8.028,-0.081,-0.008,-0.019,1591,0,0
2307909,0.711,6.177,-7.975,-0.038,-0.005,-0.02,1592,0,0
2307929,0.709,6.225,-8.114,-0.037,-0.017,-0.004,1591,0,0
2307949,0.742,6.127,-8.176,-0.072,-0.008,-0.001,1591,0,0
2307970,0.692,6.112,-8.126,-0.062,0.013,-0.01,1591,0,0
2307989,0.625,6.11,-8.076,-0.05,0.019,-0.017,1591,0,0
2308009,0.663,6.124,-8.112,-0.036,0.014,-0.007,1592,0,0
2308029,0.706,6.129,-8.116,-0.041,0.024,-0.005,1591,0,0
2308049,0.716,6.12,-8.037,-0.058,0.024,-0.015,1591,0,0
2308070,0.728,6.134,-8.066,-0.049,0.024,-0.01,1592,0,0
2308089,0.692,6.072,-8.011,-0.054,0.024,-0.005,1592,0,0
2308110,0.675,6.024,-8.016,-0.042,0.022,-0.013,1592,0,0
2308129,0.668,6.067,-8.004,-0.03,0.016,-0.025,1591,0,0
2308149,0.725,6.179,-8.001,-0.041,0.012,-0.023,1591,0,0
2308170,0.778,6.191,-8.056,-0.065,0.007,-0.013,1590,0,0
2308190,0.761,6.105,-8.011,-0.066,0.012,0.003,1591,0,0
2308209,0.661,6.093,-8.001,-0.044,0.002,0.004,1591,0,0
2308229,0.654,6.069,-7.961,-0.051,-0.009,0.006,1591,0,0
2308249,0.68,5.986,-8.076,-0.084,-0.017,0.004,1590,0,0
2308269,0.728,5.892,-8.095,-0.116,-0.018,-0.001,1590,0,0
2308289,0.702,5.861,-8.126,-0.13,-0.011,-0.022,1590,0,0
2308309,0.675,5.938,-8.112,-0.104,-0.003,-0.04,1591,0,0
2308329,0.661,6.031,-8.138,-0.112,-0.003,-0.033,1592,0,0
2308350,0.639,5.928,-8.124,-0.155,-0.004,-0.037,1592,0,0
2308370,0.678,5.861,-8.066,-0.141,-0.003,-0.067,1590,0,0
2308389,0.713,6.021,-8.095,-0.087,-0.004,-0.075,1591,0,0
2308409,0.675,6.17,-8.145,-0.115,0.004,-0.071,1591,0,0
2308429,0.675,6.242,-8.207,-0.118,0.01,-0.067,1591,0,0
2308449,0.663,6.352,-8.171,-0.11,0.03,-0.072,1590,0,0
2308470,0.532,6.337,-8.126,-0.091,0.044,-0.06,1591,0,0
2308489,0.453,6.364,-7.999,-0.104,0.048,-0.022,1591,0,0
2308510,0.491,6.211,-7.934,-0.182,0.036,-0.013,1593,0,0
2308529,0.56,6.175,-7.872,-0.149,0.038,-0.027,1592,0,0
2308549,0.575,6.203,-7.791,-0.129,0.033,-0.032,1592,0,0
2308569,0.673,6.22,-7.779,-0.128,0.022,-0.032,1592,0,0
2308590,0.704,6.177,-7.796,-0.156,0.014,-0.045,1593,0,0
2308609,0.663,6.235,-7.788,-0.113,0.009,-0.052,1592,0,0
2308629,0.579,6.321,-7.867,-0.125,-0.009,-0.048,1592,0,0
2308649,0.613,6.314,-8.011,-0.085,-0.007,-0.043,1592,0,0
2308669,0.543,6.416,-7.985,-0.043,0.015,-0.041,1592,0,0
2308690,0.579,6.51,-8.066,-0.061,0.018,-0.021,1592,0,0
2308709,0.599,6.462,-8.131,-0.111,0.027,0.004,1592,0,0
2308730,0.68,6.333,-8.016,-0.121,0.051,0.003,1591,0,0
2308749,0.735,6.354,-7.86,-0.07,0.06,-0.005,1591,0,0
2308769,0.737,6.412,-7.733,-0.053,0.057,0.005,1592,0,0
2308790,0.658,6.385,-7.697,-0.059,0.044,0.017,1590,0,0
2308809,0.73,6.373,-7.688,-0.088,0.028,0.019,1592,0,0
2308829,0.745,6.263,-7.652,-0.096,0.023,0.014,1591,0,0
2308849,0.673,6.251,-7.671,-0.054,0.016,0.007,1591,0,0
2308870,0.637,6.304,-7.75,-0.068,-0.006,0.007,1591,0,0
2308889,0.687,6.251,-7.877,-0.111,-0.01,0.01,1590,0,0
2308909,0.692,6.163,-7.927,-0.121,0.001,-0.003,1592,0,0
2308930,0.567,6.129,-7.843,-0.116,0.009,-0.02,1591,0,0
2308949,0.524,6.081,-7.8,-0.124,-0.004,-0.026,1592,0,0
2308969,0.615,6.069,-7.834,-0.108,-0.019,-0.041,1591,0,0
2308990,0.663,6.139,-7.903,-0.114,-0.023,-0.06,1591,0,0
2309009,0.658,6.225,-7.949,-0.096,-0.016,-0.067,1591,0,0
2309029,0.639,6.33,-7.942,-0.127,-0.005,-0.07,1591,0,0
2309049,0.536,6.318,-7.908,-0.139,-0.003,-0.08,1593,0,0
2309070,0.536,6.383,-7.922,-0.081,0.008,-0.082,1591,0,0
2309090,0.45,6.5,-7.92,-0.08,0.019,-0.08,1591,0,0
2309109,0.51,6.517,-7.853,-0.101,0.023,-0.071,1591,0,0
2309130,0.462,6.507,-7.791,-0.08,0.014,-0.067,1592,0,0
2309149,0.503,6.57,-7.846,-0.083,0.004,-0.053,1592,0,0
2309169,0.491,6.574,-7.817,-0.108,0.007,-0.044,1590,0,0
2309189,0.524,6.56,-7.767,-0.105,-0.005,-0.046,1592,0,0
2309210,0.596,6.608,-7.822,-0.09,-0.019,-0.048,1590,0,0
2309229,0.558,6.632,-7.91,-0.098,-0.013,-0.047,1592,0,0
2309249,0.539,6.697,-7.922,-0.09,-0.004,-0.052,1591,0,0
2309269,0.52,6.812,-7.879,-0.085,0.001,-0.038,1593,0,0
2309290,0.45,6.74,-7.891,-0.076,-0.017,-0.002,1590,0,0
2309309,0.472,6.718,-8.009,-0.076,-0.006,0.017,1591,0,0
2309329,0.39,6.618,-7.834,-0.159,0.014,0.018,1592,0,0
2309349,0.424,6.529,-7.901,-0.127,0.018,0.043,1591,0,0
2309369,0.453,6.464,-7.81,-0.14,0.027,0.048,1591,0,0
2309389,0.378,6.335,-7.695,-0.151,0.042,0.033,1591,0,0
2309409,0.388,6.383,-7.592,-0.123,0.039,0.027,1591,0,0
2309429,0.448,6.371,-7.57,-0.17,0.033,0.034,1593,0,0
2309449,0.522,6.244,-7.551,-0.164,0.025,0.03,1591,0,0
2309469,0.541,6.273,-7.525,-0.113,0.023,0.017,1591,0,0
2309489,0.558,6.345,-7.535,-0.102,0.015,0.009,1592,0,0
2309510,0.539,6.328,-7.52,-0.116,0.006,0.009,1592,0,0
2309529,0.527,6.304,-7.585,-0.118,-0.001,-0.004,1592,0,0
2309549,0.52,6.285,-7.573,-0.123,0.001,-0.02,1593,0,0
2309569,0.455,6.294,-7.597,-0.098,-0.003,-0.034,1591,0,0
2309589,0.548,6.472,-7.657,-0.063,0.004,-0.033,1591,0,0
2309610,0.555,6.495,-7.482,-0.112,0.011,-0.034,1590,0,0
2309629,0.608,6.443,-7.468,-0.113,0.004,-0.05,1592,0,0
2309649,0.642,6.503,-7.47,-0.098,-0.013,-0.059,1591,0,0
2309669,0.601,6.594,-7.479,-0.108,-0.017,-0.057,1591,0,0
2309689,0.551,6.673,-7.458,-0.106,-0.024,-0.066,1592,0,0
2309709,0.539,6.742,-7.491,-0.09,-0.035,-0.061,1591,0,0
2309729,0.51,6.766,-7.604,-0.095,-0.033,-0.051,1591,0,0
2309749,0.491,6.697,-7.642,-0.099,-0.029,-0.06,1591,0,0
2309769,0.529,6.768,-7.695,-0.058,-0.014,-0.058,1591,0,0
2309789,0.409,6.809,-7.669,-0.055,-0.013,-0.038,1591,0,0
2309810,0.359,6.823,-7.683,-0.084,-0.018,-0.022,1591,0,0
2309829,0.362,6.795,-7.695,-0.102,-0.012,-0.003,1590,0,0
2309849,0.429,6.735,-7.642,-0.103,-0.004,0.023,1590,0,0
2309869,0.457,6.596,-7.649,-0.13,-0.001,0.024,1591,0,0
2309890,0.51,6.548,-7.669,-0.098,0.001,-0.0,1591,0,0
2309909,0.474,6.63,-7.623,-0.07,0.012,-0.005,1591,0,0
2309929,0.419,6.658,-7.527,-0.076,0.011,0.011,1591,0,0
2309950,0.431,6.622,-7.501,-0.091,-0.001,0.022,1592,0,0
2309969,0.464,6.539,-7.561,-0.111,-0.002,0.019,1592,0,0
2309989,0.455,6.5,-7.57,-0.114,0.002,-0.001,1592,0,0
2310009,0.436,6.469,-7.532,-0.091,-0.001,-0.016,1591,0,0
2310029,0.445,6.622,-7.558,-0.059,0.005,-0.015,1590,0,0
2310049,0.405,6.668,-7.544,-0.095,0.005,-0.016,1591,0,0
2310069,0.433,6.63,-7.527,-0.117,0.006,-0.015,1591,0,0
2310089,0.417,6.579,-7.515,-0.114,0.001,-0.014,1592,0,0
2310109,0.46,6.579,-7.477,-0.096,-0.0,-0.022,1592,0,0
2310130,0.433,6.642,-7.539,-0.074,0.003,-0.036,1592,0,0
2310149,0.412,6.735,-7.554,-0.064,0.006,-0.026,1592,0,0
2310170,0.405,6.728,-7.578,-0.095,0.006,-0.01,1593,0,0
2310189,0.438,6.618,-7.494,-0.115,0.003,-0.01,1592,0,0
2310209,0.402,6.62,-7.436,-0.075,0.006,-0.025,1592,0,0
2310229,0.407,6.752,-7.491,-0.047,0.002,-0.025,1591,0,0
2310249,0.405,6.709,-7.535,-0.079,-0.009,-0.014,1593,0,0
2310269,0.369,6.663,-7.535,-0.084,-0.006,-0.008,1592,0,0
2310289,0.321,6.675,-7.544,-0.08,-0.005,-0.026,1593,0,0
2310309,0.393,6.768,-7.587,-0.065,0.004,-0.025,1592,0,0
2310329,0.385,6.694,-7.527,-0.069,0.011,-0.015,1592,0,0
2310350,0.347,6.701,-7.539,-0.034,0.01,-0.025,1591,0,0
2310369,0.369,6.792,-7.475,-0.07,0.018,-0.019,1592,0,0
2310389,0.347,6.697,-7.463,-0.092,0.006,-0.018,1592,0,0
2310409,0.426,6.759,-7.491,-0.059,0.006,-0.02,1592,0,0
2310429,0.438,6.735,-7.53,-0.07,0.014,-0.007,1592,0,0
2310449,0.405,6.74,-7.472,-0.058,0.015,-0.001,1592,0,0
2310470,0.385,6.742,-7.446,-0.066,0.011,-0.004,1590,0,0
2310489,0.333,6.728,-7.453,-0.064,0.009,-0.005,1591,0,0
2310509,0.342,6.682,-7.496,-0.072,0.001,-0.001,1592,0,0
2310530,0.409,6.661,-7.52,-0.065,0.006,0.005,1593,0,0
2310549,0.426,6.615,-7.444,-0.072,0.014,-0.003,1592,0,0
2310569,0.419,6.642,-7.422,-0.041,0.013,-0.01,1592,0,0
2310589,0.352,6.675,-7.42,-0.047,0.011,-0.009,1591,0,0
2310609,0.347,6.603,-7.439,-0.073,-0.007,-0.011,1592,0,0
2310630,0.393,6.596,-7.511,-0.071,-0.01,-0.01,1592,0,0
2310649,0.383,6.637,-7.515,-0.053,-0.0,-0.019,1592,0,0
2310669,0.318,6.656,-7.513,-0.039,0.006,-0.029,1593,0,0
2310689,0.285,6.646,-7.535,-0.049,0.009,-0.033,1592,0,0
2310709,0.318,6.685,-7.484,-0.056,0.002,-0.032,1591,0,0
2310730,0.362,6.694,-7.475,-0.056,-0.0,-0.022,1591,0,0
2310749,0.371,6.68,-7.444,-0.052,0.006,-0.014,1592,0,0
2310769,0.326,6.608,-7.441,-0.064,0.001,-0.022,1592,0,0
2310789,0.402,6.634,-7.463,-0.058,-0.012,-0.038,1592,0,0
2310809,0.366,6.723,-7.491,-0.042,-0.009,-0.044,1593,0,0
2310829,0.34,6.79,-7.468,-0.031,-0.013,-0.039,1593,0,0
2310849,0.318,6.816,-7.506,-0.039,-0.009,-0.026,1592,0,0
2310869,0.323,6.792,-7.475,-0.074,-0.012,-0.012,1592,0,0
2310889,0.302,6.725,-7.408,-0.085,-0.023,-0.006,1592,0,0
2310909,0.318,6.723,-7.496,-0.067,-0.03,-0.016,1592,0,0
2310929,0.33,6.737,-7.532,-0.06,-0.025,-0.021,1591,0,0
2310949,0.28,6.754,-7.508,-0.034,-0.015,-0.017,1592,0,0
2310969,0.244,6.771,-7.544,-0.029,-0.029,-0.008,1591,0,0
2310989,0.259,6.831,-7.532,-0.038,-0.038,0.001,1591,0,0
2311009,0.256,6.651,-7.475,-0.095,-0.057,-0.003,1591,0,0
2311029,0.292,6.603,-7.465,-0.061,-0.06,-0.027,1590,0,0
2311049,0.244,6.582,-7.628,0.005,-0.075,-0.05,1591,0,0
2311069,0.275,6.603,-7.59,-0.019,-0.049,-0.038,1589,0,0
2311089,0.237,6.634,-7.496,0.029,-0.077,-0.051,1588,0,0
2311109,0.163,6.668,-7.477,0.036,-0.073,-0.06,1587,0,0
2311129,0.153,6.685,-7.501,0.023,-0.102,-0.068,1586,0,0
2311149,0.124,6.673,-7.537,-0.015,-0.126,-0.074,1585,0,0
2311170,0.182,6.534,-7.458,-0.056,-0.148,-0.072,1584,0,0
2311189,0.122,6.79,-7.362,0.008,-0.211,-0.045,1580,0,0
2311210,0.022,6.495,-7.254,-0.108,-0.26,-0.079,1576,0,0
2311229,0.117,6.527,-7.226,-0.16,-0.407,-0.148,1562,0,0
2311249,0.101,6.464,-7.058,-0.233,-0.536,-0.307,1526,0,0
2311270,-0.022,6.053,-7.254,-0.084,-0.666,-0.323,1487,0,0
2311289,-0.144,7.075,-7.132,0.233,-0.737,-0.148,1446,0,0
2311309,-0.268,7.791,-7.197,0.238,-0.873,-0.023,1402,0,0
2311329,-0.371,8.107,-7.63,-0.821,-0.92,-0.012,1364,0,0
2311350,-0.919,6.9,-8.121,-1.73,-0.838,-0.029,1327,0,0
2311369,-0.534,6.28,-7.731,-1.459,-0.754,0.189,1271,0,0
2311389,-0.972,7.635,-8.851,-1.182,-0.415,0.192,1216,0,0
2311409,-0.704,7.918,-8.207,-1.729,-0.06,-0.011,1154,2464,200
2311429,-0.503,7.554,-7.005,-1.975,0.175,-0.023,1110,3612,200
2311450,-0.527,8.183,-6.369,-2.018,0.205,0.143,1082,3921,200
2311470,-0.819,8.854,-5.818,-2.029,0.164,0.312,1067,4094,200
2311490,-0.893,10.503,-6.122,-2.448,0.07,0.483,1048,4095,200
2311509,-0.852,10.693,-6.507,-3.362,0.118,0.896,1040,4095,200
2311529,-0.148,11.377,-6.613,-4.106,0.355,1.34,1040,4095,200
2311550,0.579,13.024,-6.857,-5.177,0.735,1.674,1041,4095,200
2311569,-0.079,11.813,-5.784,-6.387,1.025,1.985,1052,4095,200
2311589,-3.211,10.728,-2.54,-7.145,0.624,2.372,1068,4095,200
2311610,-3.184,12.965,-1.674,-7.992,-0.511,2.987,1074,4095,200
2311629,-0.211,11.801,-2.895,-8.731,-1.213,3.538,1077,4095,200
2311649,1.504,7.42,-3.694,-8.731,-1.144,3.805,1082,4095,200
2311669,1.741,4.86,-2.684,-8.731,-0.558,3.818,1087,4095,200
2311689,1.03,3.045,1.343,-8.731,-0.277,4.006,1096,4095,200
2311709,1.046,0.941,4.31,-8.567,-0.491,3.959,1103,4095,200
2311729,1.798,-2.861,5.516,-7.769,-0.873,3.503,1109,4095,200
2311749,4.096,-5.792,6.649,-6.194,-0.889,3.006,1116,4095,200
2311769,6.345,-6.129,7.329,-4.368,-0.356,2.483,1120,4095,200
2311789,5.878,-6.675,7.592,-2.818,0.353,1.983,1122,4095,200
2311809,4.774,-7.221,8.207,-2.106,0.731,1.253,1125,4095,200
2311829,4.413,-5.028,9.041,-1.425,0.678,0.72,1127,4095,200
2311850,4.08,-4.132,9.189,-1.097,0.406,0.529,1130,4095,200
2311870,3.733,-5.528,8.844,-0.905,0.212,0.369,1133,4095,200
2311889,4.549,-4.918,8.574,-0.454,0.232,0.131,1135,4095,200
2311910,4.597,-3.275,8.358,-0.099,0.227,-0.084,1135,4095,200
2311929,3.792,-3.792,7.882,-0.082,0.147,-0.18,1136,4095,200
2311950,3.982,-3.579,8.102,0.003,0.09,-0.213,1138,4095,200
2311969,4.568,-2.342,8.207,0.027,0.012,-0.23,1138,4095,200
2311989,4.195,-2.239,7.776,-0.052,-0.063,-0.221,1140,4095,200
2312009,3.934,-3.089,7.482,-0.179,-0.029,-0.173,1143,4095,200
2312029,4.559,-3.282,8.193,-0.042,0.075,-0.179,1143,4095,200
2312049,4.652,-3.124,8.449,0.148,0.066,-0.294,1146,4095,200
2312070,3.821,-3.34,8.035,0.168,-0.033,-0.373,1150,3823,200
2312090,3.766,-3.065,8.114,0.09,-0.065,-0.412,1155,2678,200
2312109,4.587,-2.236,8.255,0.171,-0.022,-0.365,1179,0,0
2312129,4.887,-2.344,7.379,0.312,0.242,-0.348,1220,0,0
2312149,5.054,-2.444,6.802,0.234,0.667,-0.362,1268,0,0
2312170,4.173,-2.636,7.36,0.074,0.855,-0.501,1321,0,0
2312189,3.977,-1.944,7.386,0.076,0.973,-0.467,1382,0,0
2312209,4.051,-1.875,8.394,0.035,0.972,-0.351,1444,0,0
2312229,3.989,-1.899,8.629,-0.193,0.996,-0.3,1517,0,0
2312249,3.991,-2.195,8.835,-0.549,0.914,-0.195,1588,0,0
2312269,3.809,-2.899,9.009,-0.619,0.841,-0.093,1652,0,0
2312290,3.551,-3.232,9.342,-0.402,0.72,-0.049,1698,0,0
2312309,3.383,-3.206,9.017,0.1,0.599,-0.092,1728,0,0
2312329,3.201,-2.61,8.882,0.402,0.555,-0.115,1748,0,0
2312350,2.885,-2.186,9.201,0.086,0.431,-0.089,1762,0,0
2312369,2.911,-2.514,9.148,-0.165,0.312,-0.037,1773,0,0
2312390,2.998,-2.787,9.076,-0.083,0.205,-0.005,1776,0,0
2312409,2.971,-2.725,9.074,0.058,0.107,0.003,1776,0,0
2312429,2.799,-2.593,8.885,0.153,0.071,0.021,1775,0,0
2312449,2.861,-2.464,8.961,0.093,-0.004,0.041,1773,0,0
2312470,3.026,-2.66,9.096,-0.059,-0.059,0.039,1766,0,0
2312489,3.079,-2.897,9.1,-0.095,-0.063,-0.006,1760,0,0
2312509,3.156,-2.928,9.12,-0.033,-0.07,-0.045,1755,0,0
2312529,3.201,-2.789,8.988,0.077,-0.073,-0.04,1750,0,0
2312549,3.184,-2.514,8.894,0.157,-0.041,-0.023,1746,0,0
2312569,3.112,-2.476,8.985,0.035,-0.007,-0.028,1744,0,0
2312589,3.002,-2.677,8.959,-0.028,-0.007,-0.06,1743,0,0
2312610,3.048,-2.538,9.026,0.091,-0.05,-0.08,1739,0,0
2312629,3.096,-2.365,8.83,0.137,-0.05,-0.066,1733,0,0
2312649,3.146,-2.136,8.792,0.169,-0.01,-0.037,1732,0,0
2312669,3.139,-2.15,8.746,0.144,0.042,-0.009,1730,0,0
2312690,3.093,-2.114,8.753,0.057,0.071,-0.018,1728,0,0
2312709,3.031,-2.155,8.748,-0.005,0.07,-0.03,1728,0,0
2312729,3.024,-2.136,8.854,-0.024,0.055,-0.023,1727,0,0
2312749,3.002,-2.184,8.985,-0.018,0.015,0.015,1726,0,0
2312769,3.043,-2.215,8.902,0.025,-0.001,0.047,1725,0,0
2312789,3.053,-2.282,8.957,0.014,0.009,0.031,1723,0,0
2312809,3.055,-2.318,8.964,-0.058,-0.003,-0.009,1722,0,0
2312829,3.11,-2.265,8.983,-0.06,-0.033,-0.027,1721,0,0
2312849,3.134,-2.354,8.921,-0.069,-0.039,-0.01,1719,0,0
2312869,3.199,-2.437,8.89,0.018,-0.008,-0.007,1718,0,0
2312889,3.191,-2.339,8.911,0.132,0.035,-0.021,1716,0,0
2312909,3.115,-2.148,8.94,0.098,0.065,-0.027,1716,0,0
2312929,2.993,-2.009,9.017,-0.017,0.054,-0.014,1715,0,0
2312950,2.998,-2.076,9.091,-0.099,-0.013,0.001,1715,0,0
2312969,3.077,-2.172,9.069,-0.108,-0.067,0.01,1716,0,0
2312989,3.108,-2.27,9.005,-0.057,-0.058,0.016,1715,0,0
2313010,3.117,-2.253,8.942,-0.006,-0.035,-0.004,1713,0,0
2313029,3.165,-2.217,8.892,0.015,-0.017,-0.018,1712,0,0
2313049,3.144,-2.107,8.887,0.038,0.008,-0.016,1711,0,0
2313069,3.136,-2.069,8.892,-0.025,0.008,-0.022,1712,0,0
2313090,3.11,-2.088,8.976,-0.098,-0.021,-0.023,1711,0,0
2313109,3.079,-2.131,8.95,-0.077,-0.027,-0.018,1711,0,0
2313129,3.086,-2.1,8.945,-0.059,-0.026,-0.018,1710,0,0
2313149,3.12,-2.093,8.921,-0.044,-0.032,-0.026,1710,0,0
2313169,3.096,-2.023,8.825,0.0,-0.008,-0.02,1708,0,0
2313189,3.117,-1.963,8.882,-0.003,0.011,-0.011,1706,0,0
2313210,3.115,-1.985,8.868,-0.064,0.011,-0.004,1705,0,0
2313229,3.112,-2.023,8.93,-0.046,0.002,-0.001,1703,0,0
2313249,3.081,-2.088,8.849,-0.049,-0.0,0.003,1704,0,0
2313269,3.127,-2.15,8.823,-0.039,-0.004,-0.002,1705,0,0
2313290,3.177,-2.112,8.722,0.026,0.028,-0.009,1702,0,0
2313309,3.081,-1.994,8.832,0.027,0.051,-0.023,1702,0,0
2313329,3.081,-1.982,8.875,-0.028,0.026,-0.035,1702,0,0
2313350,3.108,-1.968,8.899,-0.031,0.019,-0.024,1702,0,0
2313369,3.129,-1.942,8.861,-0.047,0.027,-0.01,1701,0,0
2313390,3.139,-1.982,8.921,-0.074,0.017,-0.007,1702,0,0
2313410,3.144,-2.057,8.923,-0.075,0.016,0.001,1700,0,0
2313429,3.168,-2.093,8.933,-0.011,0.03,0.0,1701,0,0
2313449,3.177,-2.028,8.945,0.016,0.053,-0.011,1700,0,0
2313469,3.127,-1.944,8.997,-0.013,0.059,-0.013,1699,0,0
2313490,3.127,-1.887,8.973,-0.042,0.05,-0.007,1699,0,0
2313509,3.112,-2.018,8.981,-0.058,0.031,-0.01,1698,0,0
2313529,3.091,-1.99,9.045,-0.027,0.016,-0.015,1699,0,0
2313550,3.053,-1.99,9.019,-0.05,0.011,-0.009,1699,0,0
2313570,3.096,-1.935,8.964,-0.05,0.002,-0.002,1699,0,0
2313589,3.124,-1.963,8.947,-0.038,0.013,0.002,1699,0,0
2313609,3.156,-2.083,9.019,-0.093,0.018,-0.005,1700,0,0
2313629,3.132,-2.155,9.036,-0.082,0.009,-0.021,1698,0,0
2313649,3.1,-2.045,8.954,-0.013,0.003,-0.022,1698,0,0
2313669,3.11,-1.968,8.851,-0.021,0.015,-0.015,1698,0,0
2313689,3.074,-1.935,8.911,-0.039,0.024,-0.022,1698,0,0
2313709,3.072,-1.87,8.892,-0.019,0.018,-0.023,1698,0,0
2313729,3.077,-1.911,8.918,-0.046,0.023,-0.01,1698,0,0
2313749,3.077,-1.992,8.95,-0.054,0.031,-0.004,1699,0,0
2313769,3.105,-1.927,8.959,-0.023,0.028,-0.002,1698,0,0
2313789,3.115,-1.829,8.976,-0.057,0.026,-0.001,1698,0,0
2313810,3.124,-1.958,9.079,-0.129,0.027,0.005,1699,0,0
2313829,3.096,-2.109,9.088,-0.082,0.027,-0.005,1698,0,0
2313849,3.093,-2.009,9.021,-0.021,0.012,-0.018,1698,0,0
2313869,3.12,-1.844,8.918,-0.043,-0.002,-0.019,1698,0,0
2313890,3.132,-1.894,9.031,-0.123,0.011,-0.012,1698,0,0
2313910,3.115,-2.011,9.045,-0.094,0.014,-0.018,1698,0,0
2313930,3.096,-1.911,9.045,-0.029,0.007,-0.012,1697,0,0
2313949,3.05,-1.798,9.002,-0.028,0.007,-0.001,1698,0,0
2313969,3.06,-1.822,8.997,-0.076,0.0,0.0,1697,0,0
