2172289,1.793,-0.939,9.309,-0.116,0.022,-0.007,1739,0,0
2172309,1.757,-0.998,9.39,-0.07,0.04,0.006,1739,0,0
2172329,1.731,-1.003,9.414,-0.028,0.051,0.014,1740,0,0
2172349,1.762,-0.991,9.462,-0.04,0.053,0.025,1738,0,0
2172369,1.733,-1.077,9.562,-0.071,0.043,0.029,1739,0,0
2172389,1.702,-1.195,9.651,-0.132,0.012,0.031,1739,0,0
2172409,1.721,-1.252,9.639,-0.111,-0.001,0.031,1739,0,0
2172429,1.755,-1.35,9.567,-0.074,0.007,0.03,1739,0,0
2172449,1.693,-1.331,9.55,-0.011,0.008,0.017,1739,0,0
2172469,1.642,-1.195,9.481,-0.022,-0.023,0.0,1740,0,0
2172489,1.726,-1.159,9.392,-0.119,-0.052,-0.009,1739,0,0
2172509,1.765,-1.25,9.321,-0.14,-0.03,-0.008,1739,0,0
2172529,1.688,-1.29,9.347,-0.039,0.001,-0.015,1738,0,0
2172549,1.621,-1.118,9.297,0.022,-0.014,-0.031,1738,0,0
2172569,1.662,-0.9,9.155,-0.021,-0.035,-0.038,1738,0,0
2172589,1.76,-0.96,9.096,-0.132,-0.023,-0.033,1737,0,0
2172609,1.815,-1.051,9.155,-0.102,0.009,-0.026,1738,0,0
2172629,1.786,-1.018,9.182,0.001,0.037,-0.017,1738,0,0
2172649,1.791,-1.006,9.323,0.001,0.048,-0.011,1738,0,0
2172669,1.738,-0.982,9.345,-0.027,0.032,-0.019,1738,0,0
2172689,1.745,-0.867,9.304,-0.043,0.003,-0.02,1738,0,0
2172709,1.755,-0.867,9.285,-0.096,0.006,-0.005,1736,0,0
2172729,1.753,-0.962,9.38,-0.1,0.031,0.011,1736,0,0
2172749,1.686,-1.041,9.438,-0.038,0.041,0.025,1736,0,0
2172769,1.702,-1.068,9.392,0.01,0.028,0.027,1738,0,0
2172789,1.736,-0.996,9.416,-0.053,0.022,0.026,1736,0,0
2172809,1.733,-1.144,9.431,-0.134,0.024,0.028,1737,0,0
2172829,1.724,-1.341,9.476,-0.115,0.03,0.029,1737,0,0
2172849,1.714,-1.422,9.57,-0.044,0.033,0.021,1738,0,0
2172869,1.688,-1.329,9.464,-0.009,0.023,0.006,1736,0,0
2172889,1.686,-1.243,9.443,-0.061,-0.005,-0.007,1736,0,0
2172910,1.741,-1.324,9.424,-0.121,-0.013,-0.022,1736,0,0
2172929,1.745,-1.355,9.378,-0.07,-0.001,-0.033,1736,0,0
2172949,1.729,-1.18,9.325,-0.009,0.01,-0.037,1737,0,0
2172969,1.705,-1.082,9.297,-0.017,0.017,-0.033,1737,0,0
2172989,1.693,-1.061,9.304,-0.039,0.01,-0.043,1738,0,0
2173009,1.702,-1.037,9.333,-0.078,-0.003,-0.048,1737,0,0
2173029,1.736,-1.03,9.275,-0.089,-0.005,-0.047,1737,0,0
2173049,1.765,-0.934,9.21,-0.019,0.017,-0.038,1736,0,0
2173069,1.729,-0.84,9.143,0.011,0.041,-0.024,1738,0,0
2173089,1.736,-0.776,9.158,-0.008,0.04,-0.022,1738,0,0
2173109,1.729,-0.824,9.278,-0.091,0.033,-0.017,1738,0,0
2173129,1.779,-0.936,9.388,-0.119,0.032,-0.016,1738,0,0
2173149,1.757,-0.962,9.376,-0.022,0.035,-0.013,1738,0,0
2173169,1.724,-0.833,9.309,0.026,0.054,0.004,1738,0,0
2173189,1.688,-0.8,9.38,-0.041,0.062,0.02,1738,0,0
2173209,1.707,-0.994,9.536,-0.136,0.038,0.028,1737,0,0
2173229,1.724,-1.207,9.56,-0.119,0.021,0.022,1737,0,0
2173249,1.774,-1.231,9.507,-0.033,0.033,0.012,1738,0,0
2173269,1.75,-1.144,9.483,0.003,0.065,0.019,1738,0,0
2173289,1.671,-1.099,9.574,-0.031,0.065,0.027,1737,0,0
2173309,1.621,-1.188,9.656,-0.091,0.024,0.022,1739,0,0
2173329,1.678,-1.319,9.639,-0.153,-0.021,0.006,1738,0,0
2173349,1.724,-1.446,9.536,-0.11,-0.023,-0.018,1737,0,0
2173369,1.705,-1.276,9.426,0.003,-0.007,-0.037,1737,0,0
2173389,1.642,-1.039,9.385,0.027,0.01,-0.03,1737,0,0
2173409,1.53,-0.9,9.361,-0.041,0.001,-0.021,1738,0,0
2173429,1.573,-1.025,9.376,-0.13,-0.032,-0.025,1738,0,0
2173449,1.697,-1.137,9.309,-0.103,-0.038,-0.04,1738,0,0
2173469,1.736,-1.049,9.179,-0.022,-0.008,-0.05,1737,0,0
2173489,1.674,-0.905,9.196,-0.005,0.024,-0.042,1737,0,0
2173509,1.638,-0.857,9.258,-0.019,0.029,-0.022,1735,0,0
2173529,1.642,-0.828,9.285,-0.039,0.013,-0.02,1736,0,0
2173549,1.678,-0.845,9.254,-0.104,0.001,-0.023,1735,0,0
2173569,1.705,-0.922,9.285,-0.103,0.016,-0.017,1737,0,0
2173589,1.705,-1.013,9.333,-0.008,0.043,-0.009,1735,0,0
2173609,1.623,-0.85,9.359,0.042,0.044,-0.003,1735,0,0
2173629,1.64,-0.831,9.349,-0.049,0.03,0.013,1735,0,0
2173649,1.683,-0.965,9.414,-0.108,0.021,0.016,1735,0,0
2173669,1.683,-1.14,9.483,-0.082,0.03,0.018,1735,0,0
2173689,1.693,-1.197,9.459,-0.011,0.038,0.017,1735,0,0
2173709,1.681,-1.13,9.414,0.0,0.043,0.02,1736,0,0
2173729,1.659,-1.188,9.5,-0.06,0.046,0.016,1736,0,0
2173749,1.626,-1.267,9.503,-0.098,0.021,-0.001,1736,0,0
2173770,1.676,-1.267,9.397,-0.083,0.008,-0.015,1734,0,0
2173789,1.743,-1.228,9.39,-0.05,0.02,-0.025,1735,0,0
2173809,1.678,-1.154,9.407,-0.027,0.037,-0.033,1735,0,0
2173829,1.602,-1.058,9.445,-0.051,0.022,-0.041,1735,0,0
2173849,1.626,-1.02,9.474,-0.071,0.0,-0.052,1737,0,0
2173869,1.642,-1.006,9.464,-0.058,0.005,-0.061,1737,0,0
2173889,1.65,-0.862,9.349,0.007,0.014,-0.058,1736,0,0
2173909,1.671,-0.661,9.28,0.013,0.018,-0.034,1736,0,0
2173929,1.724,-0.781,9.4,-0.1,0.024,-0.016,1735,0,0
2173949,1.705,-0.955,9.483,-0.086,0.023,-0.023,1735,0,0
2173969,1.714,-0.867,9.448,0.004,0.01,-0.027,1736,0,0
2173989,1.693,-0.735,9.366,-0.025,0.01,-0.017,1734,0,0
2174009,1.693,-0.783,9.371,-0.079,0.007,-0.009,1734,0,0
2174030,1.647,-0.797,9.392,-0.056,0.016,0.003,1737,0,0
2174049,1.681,-0.831,9.471,-0.063,0.019,0.008,1735,0,0
2174069,1.638,-0.903,9.481,-0.062,0.011,0.008,1734,0,0
2174089,1.633,-0.891,9.402,-0.026,0.007,0.015,1734,0,0
2174109,1.645,-0.905,9.345,-0.056,0.021,0.019,1734,0,0
2174130,1.659,-1.073,9.414,-0.086,0.031,0.022,1733,0,0
2174150,1.647,-1.233,9.555,-0.071,0.03,0.019,1736,0,0
2174169,1.618,-1.279,9.574,-0.04,0.019,0.004,1735,0,0
2174189,1.587,-1.171,9.529,-0.028,0.002,-0.017,1735,0,0
2174209,1.587,-1.082,9.402,-0.041,-0.009,-0.025,1735,0,0
2174229,1.616,-1.082,9.347,-0.066,-0.008,-0.033,1736,0,0
2174249,1.645,-1.116,9.342,-0.081,0.004,-0.041,1735,0,0
2174269,1.628,-1.097,9.354,-0.025,0.016,-0.046,1735,0,0
2174289,1.599,-1.02,9.397,-0.008,0.014,-0.062,1735,0,0
2174309,1.609,-0.919,9.352,-0.031,0.002,-0.073,1736,0,0
2174329,1.638,-0.876,9.352,-0.019,0.013,-0.071,1736,0,0
2174349,1.686,-0.881,9.39,0.029,0.023,-0.073,1735,0,0
2174369,1.652,-0.812,9.335,0.09,0.032,-0.078,1736,0,0
2174389,1.621,-0.646,9.254,0.096,0.036,-0.075,1735,0,0
2174409,1.638,-0.539,9.292,0.022,0.031,-0.063,1735,0,0
2174429,1.683,-0.584,9.294,-0.055,0.016,-0.051,1736,0,0
2174449,1.741,-0.656,9.323,-0.021,0.022,-0.05,1737,0,0
2174469,1.683,-0.658,9.359,0.023,0.048,-0.046,1735,0,0
2174489,1.65,-0.646,9.4,0.076,0.076,-0.033,1736,0,0
2174509,1.575,-0.536,9.402,0.082,0.067,-0.029,1736,0,0
2174529,1.544,-0.467,9.433,-0.03,0.022,-0.024,1737,0,0
2174550,1.626,-0.539,9.361,-0.084,0.012,-0.002,1736,0,0
2174569,1.652,-0.725,9.433,-0.047,0.05,0.017,1736,0,0
2174590,1.63,-0.888,9.51,-0.005,0.068,0.013,1735,0,0
2174609,1.566,-0.848,9.517,0.038,0.063,0.006,1736,0,0
2174629,1.508,-0.723,9.459,0.018,0.037,-0.0,1737,0,0
2174649,1.525,-0.706,9.38,-0.047,0.011,-0.005,1736,0,0
2174669,1.532,-0.718,9.378,-0.085,0.018,-0.005,1737,0,0
2174689,1.508,-0.771,9.421,-0.06,0.037,0.0,1735,0,0
2174709,1.492,-0.826,9.443,-0.014,0.03,-0.002,1736,0,0
2174729,1.523,-0.769,9.392,0.013,0.023,-0.021,1736,0,0
2174749,1.592,-0.678,9.318,-0.017,0.029,-0.031,1734,0,0
2174769,1.551,-0.589,9.357,-0.041,0.047,-0.027,1735,0,0
2174789,1.528,-0.668,9.519,-0.064,0.043,-0.015,1735,0,0
2174809,1.537,-0.821,9.56,-0.037,0.029,-0.023,1736,0,0
2174829,1.549,-0.742,9.474,0.006,0.009,-0.053,1735,0,0
2174850,1.592,-0.532,9.369,-0.005,0.007,-0.061,1736,0,0
2174869,1.573,-0.421,9.357,-0.041,0.02,-0.051,1735,0,0
2174889,1.52,-0.378,9.388,-0.051,0.029,-0.029,1734,0,0
2174909,1.532,-0.455,9.402,-0.014,0.027,-0.014,1735,0,0
2174929,1.518,-0.486,9.522,-0.064,0.033,-0.015,1735,0,0
2174950,1.511,-0.529,9.565,-0.061,0.031,-0.016,1734,0,0
2174969,1.492,-0.474,9.534,-0.025,0.022,-0.008,1736,0,0
2174989,1.52,-0.529,9.51,-0.052,0.025,0.011,1736,0,0
2175009,1.542,-0.594,9.562,-0.056,0.029,0.023,1736,0,0
2175029,1.525,-0.678,9.656,-0.091,0.016,0.025,1734,0,0
2175049,1.52,-0.843,9.673,-0.141,-0.011,0.012,1735,0,0
2175070,1.571,-0.898,9.574,-0.077,-0.016,-0.005,1734,0,0
2175089,1.542,-0.764,9.495,-0.037,-0.003,-0.01,1736,0,0
2175109,1.508,-0.745,9.527,-0.083,-0.013,-0.02,1736,0,0
2175129,1.499,-0.716,9.471,-0.076,-0.031,-0.031,1735,0,0
2175149,1.571,-0.639,9.328,-0.046,-0.025,-0.037,1734,0,0
2175170,1.595,-0.591,9.354,-0.063,0.003,-0.04,1735,0,0
2175189,1.525,-0.572,9.385,-0.057,0.007,-0.047,1735,0,0
2175209,1.487,-0.469,9.404,-0.063,-0.014,-0.046,1735,0,0
2175229,1.492,-0.45,9.325,-0.062,-0.016,-0.038,1734,0,0
2175249,1.532,-0.462,9.29,-0.037,-0.003,-0.035,1734,0,0
2175269,1.506,-0.335,9.242,0.001,-0.001,-0.035,1734,0,0
2175289,1.544,-0.294,9.122,-0.036,0.002,-0.026,1734,0,0
2175309,1.575,-0.376,9.179,-0.075,0.018,-0.015,1734,0,0
2175329,1.535,-0.493,9.294,-0.054,0.028,-0.014,1734,0,0
2175350,1.559,-0.508,9.266,-0.009,0.038,-0.014,1734,0,0
2175369,1.551,-0.45,9.249,0.013,0.052,-0.014,1733,0,0
2175389,1.544,-0.378,9.282,-0.003,0.059,-0.006,1734,0,0
2175409,1.535,-0.479,9.378,-0.049,0.063,0.003,1734,0,0
2175429,1.511,-0.644,9.479,-0.03,0.064,0.003,1735,0,0
2175449,1.511,-0.778,9.479,0.049,0.063,-0.01,1733,0,0
2175469,1.501,-0.749,9.438,0.153,0.067,-0.027,1735,0,0
2175489,1.504,-0.584,9.455,0.233,0.08,-0.036,1735,0,0
2175509,1.396,-0.706,9.692,0.291,0.082,-0.04,1734,0,0
2175529,1.377,-0.893,9.84,0.556,0.063,-0.06,1734,0,0
2175549,1.532,-0.867,9.694,0.97,0.083,-0.11,1733,0,0
2175569,1.53,-0.63,9.586,1.438,0.157,-0.174,1732,0,0
2175589,1.358,-0.105,9.567,1.836,0.252,-0.23,1732,0,0
2175609,1.168,0.407,9.663,2.19,0.252,-0.26,1731,0,0
2175629,1.252,0.879,9.61,2.566,0.198,-0.301,1730,0,0
2175649,1.379,1.401,9.347,2.98,0.226,-0.351,1726,0,0
2175669,1.283,2.047,9.153,3.355,0.345,-0.419,1720,0,0
2175689,1.053,3.002,8.897,3.849,0.387,-0.47,1713,0,0
2175709,1.094,3.926,8.528,4.119,0.336,-0.451,1696,0,0
2175729,1.058,4.64,8.116,4.004,0.317,-0.387,1680,0,0
2175749,0.927,5.205,7.436,4.03,0.312,-0.305,1661,0,0
2175769,0.869,5.859,6.706,4.156,0.277,-0.273,1647,0,0
2175789,0.742,6.577,5.906,4.199,0.332,-0.255,1634,0,0
2175809,0.771,7.599,5.308,3.823,0.298,-0.269,1626,0,0
2175829,0.476,7.987,4.968,3.374,0.267,-0.244,1619,0,0
2175849,0.297,8.375,4.7,2.978,0.222,-0.207,1615,0,0
2175869,0.22,8.792,4.31,2.729,0.098,-0.159,1611,0,0
2175889,0.172,8.981,3.924,2.244,0.02,-0.11,1602,0,0
2175909,0.134,8.916,3.486,1.975,-0.063,-0.094,1596,0,0
2175929,0.259,8.928,3.158,1.734,-0.137,-0.107,1587,0,0
2175949,0.342,9.12,2.761,1.487,-0.132,-0.103,1585,0,0
2175970,0.314,9.292,2.562,1.231,-0.121,-0.062,1585,0,0
2175989,0.168,9.244,2.365,0.912,-0.15,-0.039,1586,0,0
2176009,0.141,9.122,2.195,0.669,-0.186,-0.046,1587,0,0
2176030,0.22,8.969,1.954,0.579,-0.207,-0.076,1585,0,0
2176049,0.297,9.033,1.721,0.59,-0.189,-0.108,1584,0,0
2176069,0.376,9.21,1.599,0.498,-0.139,-0.112,1583,0,0
2176089,0.309,9.151,1.604,0.351,-0.102,-0.104,1584,0,0
2176109,0.266,9.021,1.607,0.328,-0.119,-0.116,1583,0,0
2176129,0.256,9.014,1.398,0.488,-0.133,-0.142,1582,0,0
2176149,0.285,9.189,1.101,0.618,-0.126,-0.157,1579,0,0
2176169,0.292,9.476,0.922,0.582,-0.096,-0.136,1578,0,0
2176189,0.16,9.553,0.893,0.421,-0.087,-0.114,1577,0,0
2176210,0.055,9.488,0.812,0.259,-0.127,-0.092,1577,0,0
2176229,0.141,9.582,0.651,0.169,-0.186,-0.065,1576,0,0
2176249,0.263,9.56,0.57,-0.017,-0.197,-0.032,1576,0,0
2176269,0.211,9.385,0.553,-0.161,-0.176,-0.023,1576,0,0
2176289,0.247,9.273,0.522,-0.117,-0.142,-0.04,1574,0,0
2176309,0.321,9.397,0.534,-0.011,-0.084,-0.057,1575,0,0
2176329,0.304,9.507,0.594,-0.013,-0.009,-0.049,1573,0,0
2176349,0.184,9.531,0.757,-0.046,0.043,-0.044,1573,0,0
2176369,0.172,9.594,0.934,-0.028,0.038,-0.044,1573,0,0
2176389,0.175,9.661,0.986,-0.042,0.028,-0.025,1575,0,0
2176409,0.17,9.582,1.034,-0.097,0.016,-0.01,1577,0,0
2176429,0.206,9.505,1.058,-0.109,-0.001,-0.002,1576,0,0
2176449,0.18,9.459,1.08,-0.094,-0.011,-0.006,1577,0,0
2176469,0.136,9.495,1.101,-0.055,-0.019,-0.011,1578,0,0
2176489,0.091,9.56,1.008,-0.028,-0.024,0.008,1579,0,0
2176509,0.096,9.488,0.941,-0.039,-0.017,0.026,1574,0,0
2176529,0.103,9.428,0.955,-0.051,-0.025,0.028,1578,0,0
2176549,0.115,9.373,0.931,-0.03,-0.045,0.03,1579,0,0
2176569,0.11,9.412,0.879,-0.033,-0.05,0.039,1578,0,0
2176589,0.129,9.335,0.821,-0.068,-0.037,0.044,1578,0,0
2176609,0.081,9.304,0.814,-0.038,-0.027,0.036,1576,0,0
2176629,0.134,9.282,0.807,-0.04,-0.018,0.025,1577,0,0
2176649,0.271,9.323,0.814,-0.027,-0.012,0.028,1577,0,0
2176669,0.306,9.328,0.9,-0.094,0.004,0.022,1577,0,0
2176689,0.271,9.357,1.034,-0.14,0.001,0.004,1576,0,0
2176709,0.275,9.309,1.149,-0.155,-0.017,-0.006,1577,0,0
2176729,0.266,9.273,1.137,-0.102,-0.021,-0.014,1577,0,0
2176749,0.294,9.38,1.075,-0.003,-0.011,-0.014,1578,0,0
2176769,0.287,9.476,1.19,-0.039,-0.011,-0.018,1578,0,0
2176789,0.261,9.474,1.128,-0.106,-0.03,-0.025,1579,0,0
2176809,0.192,9.448,1.125,-0.115,-0.049,-0.041,1577,0,0
2176829,0.18,9.531,1.034,-0.052,-0.042,-0.039,1579,0,0
2176849,0.177,9.641,1.001,-0.023,-0.014,-0.019,1579,0,0
2176869,0.163,9.574,1.087,-0.07,-0.001,-0.002,1579,0,0
2176889,0.158,9.431,1.149,-0.073,-0.019,0.001,1580,0,0
2176909,0.153,9.464,1.056,-0.039,-0.044,0.006,1579,0,0
2176929,0.192,9.469,0.941,-0.06,-0.057,0.01,1579,0,0
2176949,0.239,9.392,0.934,-0.082,-0.052,0.014,1579,0,0
2176970,0.306,9.361,0.972,-0.042,-0.037,0.012,1575,0,0
2176989,0.23,9.366,0.915,-0.023,-0.034,0.002,1577,0,0
2177009,0.201,9.459,0.905,-0.029,-0.054,-0.009,1578,0,0
2177029,0.261,9.515,0.86,-0.073,-0.058,0.001,1578,0,0
2177049,0.311,9.4,0.879,-0.085,-0.042,0.018,1576,0,0
2177069,0.28,9.304,0.804,-0.051,-0.023,0.018,1577,0,0
2177089,0.256,9.378,0.792,-0.007,-0.022,-0.002,1577,0,0
2177109,0.278,9.483,0.792,-0.023,-0.017,-0.013,1577,0,0
2177129,0.321,9.505,0.814,-0.046,-0.014,-0.005,1576,0,0
2177149,0.323,9.522,0.797,-0.056,0.004,0.001,1576,0,0
2177169,0.287,9.51,0.843,-0.055,0.028,0.0,1577,0,0
2177189,0.285,9.495,0.838,-0.037,0.048,0.006,1577,0,0
2177209,0.192,9.524,0.883,-0.025,0.056,0.009,1576,0,0
2177229,0.139,9.61,0.936,-0.05,0.031,0.001,1578,0,0
2177249,0.271,9.637,0.888,-0.094,0.027,0.027,1578,0,0
2177269,0.299,9.481,1.003,-0.108,0.055,0.045,1580,0,0
2177289,0.23,9.419,1.142,-0.056,0.062,0.027,1577,0,0
2177309,0.23,9.507,1.183,-0.032,0.046,0.028,1579,0,0
2177329,0.251,9.51,1.027,-0.038,0.016,0.045,1579,0,0
2177349,0.373,9.416,0.996,-0.075,0.002,0.058,1580,0,0
2177369,0.46,9.285,0.95,-0.079,0.006,0.054,1579,0,0
2177389,0.419,9.28,0.986,-0.019,0.016,0.035,1579,0,0
2177410,0.323,9.34,0.941,-0.02,0.003,0.035,1578,0,0
2177429,0.306,9.301,0.848,-0.041,-0.028,0.038,1579,0,0
2177449,0.352,9.292,0.747,-0.034,-0.034,0.023,1579,0,0
2177469,0.395,9.357,0.733,-0.008,-0.007,0.011,1579,0,0
2177489,0.364,9.469,0.778,0.021,0.018,0.023,1579,0,0
2177509,0.385,9.476,0.737,0.007,0.019,0.037,1578,0,0
2177529,0.45,9.388,0.706,-0.049,0.017,0.033,1580,0,0
2177549,0.412,9.342,0.886,-0.056,0.03,0.006,1579,0,0
2177569,0.395,9.366,0.984,-0.058,0.04,-0.016,1580,0,0
2177589,0.342,9.455,1.006,-0.057,0.042,-0.015,1581,0,0
2177609,0.354,9.323,0.974,-0.095,0.035,-0.007,1579,0,0
2177629,0.407,9.21,0.891,-0.094,0.038,-0.017,1580,0,0
2177649,0.512,9.325,0.91,-0.086,0.053,-0.049,1580,0,0
2177669,0.524,9.471,1.073,-0.152,0.063,-0.05,1580,0,0
2177689,0.453,9.369,1.209,-0.204,0.053,-0.032,1581,0,0
2177709,0.424,9.093,1.255,-0.189,0.018,-0.042,1581,0,0
2177729,0.438,9.108,1.116,-0.116,-0.03,-0.079,1581,0,0
2177749,0.472,9.345,1.02,-0.079,-0.034,-0.11,1582,0,0
2177769,0.347,9.426,0.991,-0.092,-0.009,-0.116,1581,0,0
2177789,0.175,9.515,1.025,-0.055,-0.01,-0.105,1581,0,0
2177809,0.148,9.536,1.044,-0.079,-0.03,-0.084,1583,0,0
2177829,0.115,9.414,1.137,-0.152,-0.041,-0.075,1582,0,0
2177849,0.0,9.301,1.156,-0.118,-0.052,-0.08,1582,0,0
2177869,0.019,9.373,1.032,-0.056,-0.068,-0.088,1584,0,0
2177889,0.026,9.397,0.991,-0.088,-0.046,-0.088,1582,0,0
2177910,0.055,9.328,1.111,-0.11,-0.035,-0.079,1582,0,0
2177929,0.115,9.266,1.307,-0.12,-0.039,-0.094,1583,0,0
2177949,0.081,9.21,1.42,-0.135,-0.047,-0.11,1583,0,0
2177969,0.098,9.266,1.319,-0.09,-0.064,-0.104,1583,0,0
2177989,0.153,9.304,1.18,-0.081,-0.08,-0.106,1583,0,0
2178009,0.242,9.34,1.087,-0.156,-0.078,-0.12,1582,0,0
2178030,0.208,9.402,1.226,-0.177,-0.059,-0.127,1582,0,0
2178049,0.105,9.445,1.417,-0.134,-0.05,-0.119,1583,0,0
2178069,0.026,9.486,1.334,-0.072,-0.072,-0.099,1583,0,0
2178089,0.113,9.562,1.156,-0.068,-0.103,-0.087,1583,0,0
2178109,0.177,9.565,1.087,-0.107,-0.096,-0.076,1583,0,0
2178129,0.105,9.512,1.07,-0.048,-0.082,-0.056,1583,0,0
2178149,0.086,9.548,1.018,0.017,-0.077,-0.042,1584,0,0
2178169,0.072,9.491,0.864,-0.066,-0.081,-0.033,1583,0,0
2178189,0.18,9.402,0.685,-0.086,-0.074,-0.027,1583,0,0
2178209,0.256,9.333,0.634,-0.048,-0.047,-0.023,1583,0,0
2178230,0.172,9.27,0.737,-0.067,-0.02,-0.048,1583,0,0
2178255,0.043,9.397,0.74,-0.047,-0.021,-0.074,1584,0,0
2178269,-0.069,9.538,0.804,-0.037,-0.012,-0.078,1584,0,0
2178289,-0.108,9.677,0.893,-0.018,-0.003,-0.065,1584,0,0
2178309,-0.156,9.792,0.967,0.025,0.003,-0.038,1584,0,0
2178329,-0.239,9.809,1.041,-0.032,-0.001,-0.008,1583,0,0
2178349,-0.18,9.692,1.085,-0.091,-0.024,0.015,1584,0,0
2178369,-0.17,9.51,0.974,-0.111,-0.032,0.034,1584,0,0
2178389,-0.038,9.325,0.934,-0.062,-0.008,0.035,1584,0,0
2178409,0.127,9.352,0.852,0.013,0.015,0.032,1584,0,0
2178429,0.333,9.392,0.783,-0.013,0.013,0.034,1585,0,0
2178449,0.433,9.352,0.68,-0.061,0.009,0.036,1584,0,0
2178469,0.417,9.301,0.67,-0.028,0.019,0.027,1584,0,0
2178489,0.352,9.342,0.543,0.001,0.025,0.012,1583,0,0
2178509,0.263,9.395,0.376,-0.008,0.033,0.003,1584,0,0
2178530,0.16,9.459,0.309,0.03,0.046,-0.003,1583,0,0
2178549,0.093,9.503,0.213,0.046,0.068,0.004,1584,0,0
2178569,0.101,9.606,0.163,0.034,0.099,0.01,1584,0,0
2178589,0.101,9.62,0.208,-0.015,0.137,0.01,1584,0,0
2178609,-0.05,9.598,0.405,-0.026,0.176,0.009,1584,0,0
2178629,-0.192,9.682,0.582,0.004,0.197,0.01,1584,0,0
2178649,-0.206,9.759,0.826,-0.021,0.202,0.018,1584,0,0
2178669,-0.18,9.73,1.034,-0.06,0.206,0.029,1585,0,0
2178689,-0.17,9.697,1.281,-0.037,0.203,0.048,1585,0,0
2178709,-0.182,9.596,1.482,-0.052,0.187,0.052,1585,0,0
2178729,-0.263,9.596,1.674,-0.088,0.147,0.043,1585,0,0
2178749,-0.328,9.613,1.839,-0.11,0.092,0.05,1585,0,0
2178769,-0.266,9.574,1.851,-0.159,0.044,0.073,1587,0,0
2178789,-0.168,9.486,1.762,-0.173,0.017,0.082,1585,0,0
2178809,-0.105,9.586,1.762,-0.236,-0.014,0.088,1586,0,0
2178829,-0.026,9.448,1.99,-0.416,-0.056,0.113,1586,0,0
2178849,0.096,8.983,2.049,-0.451,-0.106,0.105,1586,0,0
2178869,0.302,8.61,1.899,-0.256,-0.119,0.052,1586,0,0
2178889,0.424,8.715,1.717,-0.02,-0.086,-0.017,1586,0,0
2178909,0.373,8.89,1.556,0.09,-0.058,-0.063,1587,0,0
2178929,0.323,8.875,1.413,0.162,-0.05,-0.099,1586,0,0
2178949,0.294,9.026,1.183,0.282,-0.038,-0.141,1585,0,0
2178969,0.213,9.143,0.998,0.325,-0.035,-0.162,1586,0,0
2178989,0.182,9.321,0.718,0.344,-0.039,-0.152,1586,0,0
2179009,0.211,9.452,0.534,0.316,-0.033,-0.133,1584,0,0
2179029,0.103,9.392,0.402,0.256,-0.024,-0.117,1585,0,0
2179049,0.069,9.397,0.187,0.267,-0.019,-0.103,1585,0,0
2179069,0.065,9.455,-0.012,0.253,-0.031,-0.089,1587,0,0
2179089,0.132,9.651,-0.263,0.183,-0.027,-0.064,1585,0,0
2179109,0.168,9.737,-0.393,0.076,-0.0,-0.025,1585,0,0
2179129,0.074,9.546,-0.412,-0.038,0.031,0.002,1585,0,0
2179149,0.05,9.395,-0.35,-0.021,0.062,-0.006,1585,0,0
2179169,0.002,9.452,-0.29,0.046,0.102,-0.016,1586,0,0
2179189,-0.139,9.541,-0.141,0.075,0.147,-0.015,1588,0,0
2179209,-0.285,9.606,0.053,0.094,0.169,-0.005,1586,0,0
2179229,-0.23,9.658,0.247,0.045,0.174,0.007,1586,0,0
2179249,-0.18,9.529,0.503,-0.048,0.176,0.014,1586,0,0
2179269,-0.184,9.414,0.692,-0.049,0.168,0.003,1589,0,0
2179289,-0.134,9.455,0.706,-0.013,0.163,-0.005,1588,0,0
2179342,-0.11,9.591,0.898,-0.012,0.149,-0.01,1589,0,0
2179356,-0.141,9.586,0.948,-0.038,0.127,-0.008,1587,0,0
2179368,-0.11,9.57,0.895,-0.046,0.097,-0.001,1590,0,0
2179380,-0.101,9.522,0.876,-0.05,0.077,0.006,1587,0,0
2179391,-0.045,9.462,0.833,-0.051,0.051,0.011,1587,0,0
2179409,0.048,9.426,0.644,-0.048,0.034,0.015,1588,0,0
2179430,0.012,9.397,0.575,-0.07,0.041,0.011,1588,0,0
2179449,-0.041,9.424,0.553,-0.051,0.046,-0.009,1587,0,0
2179469,-0.01,9.538,0.541,-0.027,0.043,-0.021,1589,0,0
2179489,-0.043,9.682,0.575,-0.021,0.038,-0.014,1589,0,0
2179509,-0.06,9.687,0.62,-0.047,0.017,0.006,1589,0,0
2179529,0.072,9.625,0.474,-0.055,-0.005,0.024,1586,0,0
2179549,0.11,9.603,0.385,-0.054,0.005,0.018,1588,0,0
2179569,0.16,9.618,0.28,-0.054,0.021,0.021,1589,0,0
2179590,0.034,9.582,0.373,-0.061,0.03,0.023,1589,0,0
2179609,-0.024,9.515,0.385,-0.06,0.011,0.02,1590,0,0
2179629,0.043,9.55,0.283,-0.035,0.003,0.03,1589,0,0
2179649,0.065,9.517,0.192,-0.053,0.001,0.035,1591,0,0
2179669,0.05,9.445,0.144,-0.059,0.001,0.033,1588,0,0
2179690,0.024,9.431,0.081,-0.054,0.017,0.022,1589,0,0
2179709,-0.017,9.419,0.187,-0.047,0.034,0.019,1589,0,0
2179729,-0.036,9.347,0.283,-0.038,0.039,0.021,1589,0,0
2179749,-0.036,9.313,0.278,-0.001,0.032,0.015,1589,0,0
2179769,0.074,9.359,0.067,-0.003,0.034,0.009,1590,0,0
2179789,0.144,9.335,0.187,-0.052,0.035,-0.002,1589,0,0
2179809,0.132,9.366,0.311,-0.068,0.041,-0.018,1589,0,0
2179829,0.101,9.424,0.347,-0.056,0.038,-0.026,1589,0,0
2179849,0.081,9.459,0.366,-0.047,0.033,-0.022,1587,0,0
2179869,-0.036,9.443,0.275,-0.044,0.029,-0.022,1588,0,0
2179889,-0.067,9.522,0.175,-0.015,0.031,-0.023,1589,0,0
2179909,-0.069,9.673,0.199,-0.033,0.044,-0.024,1589,0,0
2179929,-0.031,9.646,0.251,-0.091,0.058,-0.011,1589,0,0
2179949,0.007,9.527,0.426,-0.094,0.068,-0.0,1589,0,0
2179969,0.053,9.448,0.555,-0.059,0.058,-0.009,1589,0,0
2179989,0.069,9.517,0.611,-0.036,0.028,-0.02,1591,0,0
2180009,0.074,9.601,0.539,-0.039,0.002,-0.01,1590,0,0
2180029,0.077,9.558,0.52,-0.056,-0.014,-0.002,1590,0,0
2180049,0.069,9.524,0.448,-0.052,-0.03,-0.005,1589,0,0
2180069,0.074,9.517,0.261,-0.05,-0.042,-0.001,1589,0,0
2180089,0.098,9.493,0.098,-0.063,-0.041,0.006,1589,0,0
2180109,0.098,9.428,0.103,-0.044,-0.033,-0.004,1589,0,0
2180129,0.057,9.512,0.105,-0.027,-0.023,-0.016,1590,0,0
2180149,0.022,9.562,0.101,-0.023,-0.011,-0.008,1590,0,0
2180169,0.053,9.462,0.022,-0.035,-0.021,0.003,1588,0,0
2180189,0.05,9.462,0.096,-0.014,-0.021,-0.006,1588,0,0
2180209,0.053,9.517,0.041,-0.013,-0.017,-0.017,1589,0,0
2180229,0.01,9.555,0.002,-0.009,0.003,-0.011,1589,0,0
2180249,-0.019,9.481,0.12,-0.025,0.012,-0.012,1589,0,0
2180269,0.038,9.438,0.139,-0.013,0.014,-0.011,1588,0,0
2180289,0.06,9.419,0.146,-0.006,0.022,-0.01,1588,0,0
2180309,0.026,9.402,0.163,0.007,0.036,-0.027,1589,0,0
2180344,-0.141,9.29,0.35,0.022,0.043,-0.027,1592,0,0
2180356,-0.136,9.148,0.321,0.055,0.033,-0.034,1589,0,0
2180369,-0.038,9.026,0.196,0.124,0.025,-0.055,1589,0,0
2180389,0.12,9.0,0.031,0.271,0.054,-0.097,1589,0,0
2180409,0.017,9.088,-0.022,0.375,0.096,-0.128,1589,0,0
2180429,-0.012,9.158,-0.038,0.453,0.077,-0.15,1589,0,0
2180449,0.002,9.301,-0.249,0.48,0.05,-0.168,1589,0,0
2180469,-0.072,9.354,-0.462,0.493,0.054,-0.185,1588,0,0
2180489,-0.124,9.323,-0.618,0.596,0.06,-0.183,1586,0,0
2180509,-0.086,9.361,-0.752,0.738,0.092,-0.154,1584,0,0
2180529,-0.06,9.239,-0.95,0.849,0.121,-0.17,1579,0,0
2180549,-0.091,9.105,-1.269,0.979,0.167,-0.235,1576,0,0
2180569,-0.069,9.112,-1.365,1.253,0.239,-0.242,1569,0,0
2180589,-0.041,9.328,-1.518,1.562,0.315,-0.19,1564,0,0
2180609,0.01,8.971,-2.356,1.979,0.382,-0.189,1559,0,0
2180629,-0.223,9.177,-2.243,1.815,0.368,-0.277,1556,0,0
2180649,-0.522,9.297,-2.643,2.072,0.311,-0.345,1535,0,0
2180670,-0.706,9.448,-3.187,2.212,0.227,-0.393,1535,0,0
2180689,-0.711,9.488,-3.651,2.225,0.252,-0.365,1533,0,0
2180709,-0.599,9.761,-3.737,2.071,0.107,-0.315,1528,0,0
2180729,-0.764,9.471,-4.254,1.687,0.005,-0.281,1525,0,0
2180749,-0.948,9.17,-4.647,1.525,-0.074,-0.246,1520,0,0
2180769,-0.86,9.213,-4.958,1.462,-0.164,-0.204,1519,0,0
2180789,-0.917,9.199,-5.2,1.106,-0.212,-0.149,1516,0,0
2180809,-0.888,9.005,-5.466,0.693,-0.211,-0.054,1512,0,0
2180829,-1.144,8.851,-5.416,0.547,-0.209,0.035,1517,0,0
2180849,-1.13,8.396,-5.638,0.249,-0.205,0.065,1519,0,0
2180869,-0.95,8.138,-5.703,0.258,-0.231,0.103,1518,0,0
2180889,-0.826,7.985,-5.82,0.2,-0.196,0.128,1519,0,0
2180909,-0.838,7.807,-5.794,0.16,-0.148,0.124,1521,0,0
2180929,-0.881,7.676,-5.756,0.169,-0.117,0.1,1519,0,0
2180949,-0.895,7.649,-5.868,0.203,-0.107,0.076,1520,0,0
2180969,-0.84,7.57,-5.918,0.199,-0.093,0.06,1521,0,0
2180989,-0.852,7.573,-5.935,0.212,-0.062,0.07,1520,0,0
2181009,-0.922,7.515,-5.962,0.09,-0.041,0.035,1521,0,0
2181029,-1.025,7.398,-5.906,0.012,-0.044,0.01,1520,0,0
2181049,-1.02,7.355,-5.971,-0.055,-0.057,-0.017,1519,0,0
2181069,-0.934,7.312,-5.993,-0.086,-0.053,-0.046,1518,0,0
2181089,-0.852,7.341,-5.923,-0.053,-0.008,-0.067,1518,0,0
2181109,-0.915,7.53,-5.715,-0.018,0.036,-0.088,1516,0,0
2181129,-1.006,7.717,-5.607,-0.016,0.035,-0.112,1516,0,0
2181149,-1.128,7.843,-5.641,-0.041,0.012,-0.114,1517,0,0
2181169,-1.073,7.894,-5.739,-0.042,-0.011,-0.093,1516,0,0
2181189,-0.927,7.956,-5.772,-0.023,0.003,-0.074,1516,0,0
2181209,-0.831,8.006,-5.677,-0.015,0.026,-0.084,1513,0,0
2181229,-0.922,8.152,-5.586,0.044,0.033,-0.078,1514,0,0
2181249,-0.915,8.248,-5.689,0.125,0.021,-0.052,1513,0,0
2181269,-0.886,8.2,-5.763,0.136,0.002,-0.043,1512,0,0
2181289,-0.869,8.064,-5.885,0.178,-0.004,-0.017,1510,0,0
2181309,-0.874,7.951,-6.009,0.266,-0.013,0.014,1509,0,0
2181329,-0.816,7.834,-6.163,0.305,-0.031,0.009,1508,0,0
2181349,-0.812,7.695,-6.328,0.285,-0.032,-0.001,1508,0,0
2181369,-0.941,7.518,-6.333,0.283,-0.023,-0.011,1506,0,0
2181389,-1.056,7.432,-6.464,0.345,-0.056,-0.038,1505,0,0
2181409,-1.006,7.621,-6.692,0.359,-0.067,-0.054,1504,0,0
2181429,-1.008,7.671,-6.804,0.318,-0.044,-0.041,1503,0,0
2181449,-1.053,7.532,-6.776,0.17,-0.015,-0.026,1502,0,0
2181469,-1.063,7.463,-6.819,0.141,0.004,-0.02,1502,0,0
2181489,-1.116,7.523,-6.699,0.077,0.019,-0.031,1502,0,0
2181509,-1.092,7.573,-6.563,-0.018,0.011,-0.035,1501,0,0
2181529,-1.075,7.424,-6.531,-0.081,0.0,-0.028,1501,0,0
2181549,-0.998,7.324,-6.46,-0.059,0.01,-0.03,1499,0,0
2181569,-0.977,7.456,-6.359,0.014,0.025,-0.037,1498,0,0
2181589,-1.041,7.393,-6.287,0.036,0.03,-0.046,1496,0,0
2181609,-1.085,7.381,-6.304,0.072,0.015,-0.045,1497,0,0
2181629,-1.14,7.422,-6.347,0.071,-0.019,-0.055,1495,0,0
2181649,-1.207,7.343,-6.371,0.052,-0.029,-0.075,1493,0,0
2181669,-1.24,7.235,-6.352,0.118,-0.04,-0.078,1491,0,0
2181689,-1.235,7.288,-6.378,0.209,-0.068,-0.055,1490,0,0
2181709,-1.3,7.216,-6.481,0.19,-0.092,-0.044,1489,0,0
2181729,-1.267,7.058,-6.699,0.158,-0.119,-0.05,1489,0,0
2181749,-1.209,7.051,-6.812,0.225,-0.101,-0.054,1488,0,0
2181769,-1.171,7.175,-6.764,0.231,-0.093,-0.052,1488,0,0
2181789,-1.214,7.14,-6.862,0.145,-0.082,-0.029,1488,0,0
2181810,-1.391,7.07,-6.965,0.082,-0.086,0.012,1489,0,0
2181829,-1.307,7.051,-6.97,0.06,-0.108,0.038,1488,0,0
2181849,-1.204,7.075,-7.032,0.012,-0.112,0.04,1490,0,0
2181869,-1.171,6.914,-7.101,-0.071,-0.079,0.018,1491,0,0
2181889,-1.168,6.847,-7.106,-0.025,-0.029,0.011,1493,0,0
2181909,-1.257,6.931,-7.02,0.004,-0.007,0.02,1493,0,0
2181929,-1.35,6.955,-7.001,-0.075,-0.024,0.006,1495,0,0
2181949,-1.25,7.022,-7.039,-0.109,-0.038,-0.026,1497,0,0
2181969,-1.154,7.063,-7.077,-0.103,-0.019,-0.047,1499,0,0
2181989,-1.18,7.049,-7.001,-0.076,0.029,-0.04,1500,0,0
2182009,-1.228,7.135,-6.855,-0.031,0.041,-0.022,1501,0,0
2182029,-1.384,7.19,-6.802,-0.035,0.019,-0.023,1501,0,0
2182049,-1.319,7.3,-6.876,-0.041,-0.0,-0.015,1502,0,0
2182069,-1.271,7.341,-6.955,-0.064,0.006,0.003,1502,0,0
2182089,-1.25,7.187,-6.917,-0.115,0.023,-0.0,1503,0,0
2182109,-1.322,7.187,-6.859,-0.071,0.028,-0.001,1502,0,0
2182129,-1.346,7.288,-6.886,-0.032,0.032,0.009,1503,0,0
2182149,-1.341,7.24,-6.883,-0.061,0.031,0.009,1503,0,0
2182169,-1.302,7.156,-6.919,-0.089,0.023,0.006,1503,0,0
2182189,-1.365,7.027,-6.97,-0.144,0.016,-0.007,1504,0,0
2182209,-1.269,6.955,-6.91,-0.116,0.017,-0.003,1503,0,0
2182229,-1.204,6.97,-6.84,-0.047,0.029,0.003,1504,0,0
2182249,-1.247,7.008,-6.814,-0.018,0.031,0.003,1505,0,0
2182269,-1.331,7.108,-6.84,0.018,0.022,0.011,1503,0,0
2182289,-1.231,7.104,-6.886,-0.015,0.014,0.03,1503,0,0
2182309,-1.19,6.891,-6.953,-0.049,0.019,0.04,1502,0,0
2182329,-1.099,6.864,-6.879,-0.031,0.035,0.016,1502,0,0
2182349,-1.209,6.95,-6.572,0.02,0.001,0.006,1499,0,0
2182369,-1.334,6.886,-6.512,0.082,-0.112,0.038,1497,0,0
2182389,-1.295,6.831,-6.555,0.123,-0.191,0.046,1491,0,0
2182409,-1.12,6.9,-6.543,0.18,-0.29,0.018,1480,0,0
2182429,-1.401,6.891,-6.443,0.218,-0.416,0.035,1457,0,0
2182449,-1.674,6.989,-6.0,0.421,-0.66,0.117,1437,0,0
2182469,-1.776,7.298,-5.286,0.702,-1.137,0.257,1399,0,0
2182489,-1.745,7.525,-6.091,0.695,-1.438,0.441,1361,0,0
2182509,-1.678,7.324,-7.621,0.352,-1.374,0.527,1325,0,0
2182529,-1.975,6.984,-7.824,0.062,-1.192,0.454,1294,0,0
2182549,-2.887,6.539,-7.269,-0.054,-1.177,0.391,1250,0,0
2182569,-2.758,6.555,-7.128,0.014,-1.268,0.343,1192,2241,200
2182589,-2.124,6.974,-8.018,-0.236,-1.074,0.145,1138,2669,200
2182609,-1.645,6.768,-7.925,-0.241,-0.622,-0.024,1108,3493,200
2182629,-1.772,6.823,-7.415,-0.265,-0.407,-0.027,1092,3891,200
2182649,-2.219,7.942,-6.902,-0.261,-0.294,0.086,1072,4083,200
2182669,-2.818,7.635,-7.197,-0.506,-0.36,0.111,1054,4095,200
2182689,-2.588,7.101,-7.369,-0.889,-0.379,0.063,1044,4095,200
2182709,-1.52,7.034,-6.912,-1.034,-0.257,-0.078,1039,4095,200
2182729,-1.702,7.049,-7.214,-0.78,-0.052,-0.149,1036,4095,200
2182749,-2.851,7.422,-7.532,-0.828,0.139,-0.172,1032,4095,200
2182769,-2.871,9.598,-7.86,-1.583,0.283,0.031,1023,4095,200
2182789,-2.145,11.205,-8.399,-2.978,0.489,0.417,1021,4095,200
2182809,-1.616,9.385,-8.871,-4.201,0.89,0.808,1023,4095,200
2182829,-2.131,7.966,-8.286,-4.576,1.464,1.079,1025,4095,200
2182849,-3.522,9.716,-5.902,-4.608,1.779,1.227,1039,4095,200
2182869,-4.348,12.565,-3.9,-5.057,1.275,1.694,1042,4095,200
2182889,-4.013,12.991,-3.795,-6.354,0.49,2.386,1045,4095,200
2182909,-2.279,12.208,-4.154,-7.787,0.155,3.089,1048,4095,200
2182929,-0.86,11.032,-3.926,-8.731,0.274,3.455,1051,4095,200
2182949,-1.267,9.294,-3.452,-8.731,0.382,3.556,1062,4095,200
2182969,-2.55,5.708,-0.759,-8.731,-0.248,3.794,1073,4095,200
2182989,-0.742,4.499,1.094,-8.731,-0.797,4.176,1079,4095,200
2183009,1.31,2.878,1.834,-8.731,-0.803,4.185,1081,4095,200
2183029,2.239,-2.665,2.878,-8.731,-0.53,3.73,1086,4095,200
2183049,3.378,-8.169,5.176,-8.41,-0.195,2.725,1091,4095,200
2183069,4.013,-9.072,8.43,-5.164,0.004,1.709,1100,4095,200
2183089,3.915,-6.622,9.287,-1.987,0.074,1.03,1102,4095,200
2183109,3.091,-4.458,8.734,-0.745,0.275,0.67,1102,4095,200
2183129,2.883,-2.892,9.203,-0.741,0.356,0.411,1102,4095,200
2183149,2.909,-2.186,9.495,-0.931,0.139,0.216,1103,4095,200
2183169,2.591,-3.074,8.954,-0.942,-0.087,0.116,1104,4095,200
2183189,3.093,-3.606,8.349,-0.563,-0.033,0.042,1104,4095,200
2183209,3.536,-2.327,8.574,0.002,0.119,-0.03,1104,4095,200
2183229,2.792,-1.671,8.607,-0.069,0.075,-0.094,1105,4095,200
2183249,2.54,-2.43,8.471,-0.358,-0.04,-0.133,1104,4095,200
2183269,3.148,-2.734,8.906,-0.3,-0.07,-0.168,1108,4095,200
2183289,3.345,-2.373,9.155,-0.015,-0.048,-0.221,1120,3872,200
2183309,2.899,-2.535,8.535,0.147,-0.027,-0.248,1143,2724,200
2183329,3.383,-1.958,8.473,0.203,0.13,-0.232,1183,0,0
2183349,3.5,-2.021,8.478,0.019,0.322,-0.339,1236,0,0
2183370,3.395,-2.286,8.112,-0.006,0.426,-0.448,1289,0,0
2183389,3.326,-2.267,8.32,-0.043,0.633,-0.471,1330,0,0
2183409,3.218,-1.913,8.782,-0.133,0.745,-0.412,1373,0,0
2183429,2.998,-1.975,8.859,-0.233,0.66,-0.387,1418,0,0
2183449,2.856,-1.939,8.988,-0.211,0.594,-0.361,1472,0,0
2183470,2.756,-1.829,9.28,-0.125,0.531,-0.271,1529,0,0
2183489,2.612,-1.587,9.141,-0.164,0.491,-0.201,1584,0,0
2183509,2.722,-1.566,9.558,-0.28,0.486,-0.1,1620,0,0
2183529,2.646,-1.937,9.531,-0.417,0.295,-0.109,1652,0,0
2183549,2.444,-2.191,9.273,-0.331,0.347,-0.11,1693,0,0
2183569,2.425,-2.174,9.582,0.06,0.246,-0.111,1725,0,0
2183589,2.435,-1.956,9.548,0.225,0.114,-0.082,1747,0,0
2183609,2.444,-1.834,9.558,0.077,0.04,-0.065,1765,0,0
2183630,2.409,-1.817,9.172,0.018,-0.014,-0.083,1775,0,0
2183650,2.466,-1.755,9.191,0.071,-0.033,-0.072,1782,0,0
2183669,2.456,-1.846,9.098,0.082,-0.011,-0.042,1790,0,0
2183689,2.488,-1.951,8.959,0.152,0.041,-0.035,1792,0,0
2183709,2.49,-1.918,8.854,0.261,0.082,-0.055,1792,0,0
2183729,2.43,-1.58,8.926,0.296,0.099,-0.07,1791,0,0
2183749,2.296,-1.451,9.105,0.143,0.101,-0.059,1788,0,0
2183769,2.339,-1.757,9.369,-0.016,0.08,-0.041,1784,0,0
2183789,2.399,-2.097,9.304,0.052,0.078,-0.035,1781,0,0
2183809,2.425,-1.891,9.194,0.258,0.091,-0.054,1777,0,0
2183829,2.325,-1.604,9.23,0.288,0.135,-0.064,1776,0,0
2183849,2.265,-1.499,9.244,0.166,0.149,-0.051,1776,0,0
2183869,2.188,-1.607,9.328,0.099,0.124,-0.044,1775,0,0
2183889,2.239,-1.638,9.414,0.035,0.068,-0.055,1771,0,0
2183909,2.217,-1.556,9.254,0.051,0.044,-0.066,1767,0,0
2183929,2.21,-1.475,9.251,0.079,0.034,-0.066,1762,0,0
2183949,2.31,-1.398,9.244,0.116,0.044,-0.057,1758,0,0
2183969,2.298,-1.434,9.285,0.085,0.087,-0.046,1754,0,0
2183989,2.215,-1.331,9.251,0.069,0.084,-0.049,1750,0,0
2184009,2.195,-1.204,9.371,0.052,0.044,-0.052,1748,0,0
2184029,2.241,-1.305,9.378,-0.009,0.031,-0.053,1744,0,0
2184049,2.267,-1.425,9.462,0.011,0.029,-0.078,1744,0,0
2184069,2.205,-1.25,9.366,0.124,0.013,-0.086,1743,0,0
2184089,2.193,-0.816,9.275,0.106,0.003,-0.046,1741,0,0
2184109,2.169,-0.96,9.33,-0.048,0.018,-0.012,1739,0,0
2184129,2.181,-1.235,9.448,-0.05,0.021,-0.02,1738,0,0
2184149,2.251,-1.221,9.397,0.041,-0.015,-0.049,1734,0,0
2184170,2.284,-1.144,9.29,0.017,-0.013,-0.05,1730,0,0
2184189,2.267,-1.109,9.366,0.037,0.014,-0.032,1730,0,0
2184209,2.234,-1.065,9.462,0.08,0.031,-0.017,1729,0,0
2184229,2.222,-1.039,9.457,0.089,0.03,-0.022,1728,0,0
2184249,2.193,-0.943,9.412,0.05,0.009,-0.017,1727,0,0
2184269,2.248,-0.871,9.431,-0.01,-0.024,-0.003,1726,0,0
2184289,2.279,-1.003,9.416,-0.103,-0.018,0.005,1725,0,0
2184309,2.251,-1.164,9.44,-0.049,-0.013,0.004,1724,0,0
2184329,2.229,-1.178,9.414,0.068,-0.02,-0.003,1724,0,0
2184349,2.236,-1.065,9.357,0.11,-0.015,-0.017,1722,0,0
2184369,2.2,-0.886,9.273,0.086,-0.009,-0.021,1718,0,0
2184389,2.195,-0.831,9.165,0.042,-0.033,-0.012,1718,0,0
2184410,2.282,-0.919,9.258,-0.058,-0.042,-0.005,1719,0,0
2184429,2.289,-0.996,9.22,-0.008,-0.016,0.003,1714,0,0
2184449,2.255,-0.917,9.17,0.117,0.019,-0.01,1712,0,0
2184469,2.155,-0.757,9.096,0.099,0.032,-0.033,1712,0,0
2184489,2.116,-0.661,9.043,-0.001,0.013,-0.033,1712,0,0
2184509,2.138,-0.725,8.988,-0.017,0.001,-0.036,1712,0,0
2184529,2.112,-0.745,8.954,0.018,0.011,-0.043,1711,0,0
2184549,2.133,-0.615,8.878,0.074,0.027,-0.035,1711,0,0
2184569,2.164,-0.508,8.875,0.095,0.047,-0.017,1710,0,0
2184589,2.294,-0.558,8.935,0.021,0.074,-0.003,1707,0,0
2184609,2.365,-0.709,9.098,-0.05,0.116,0.009,1709,0,0
2184629,2.306,-0.903,9.402,-0.048,0.14,0.011,1710,0,0
2184649,2.265,-0.996,9.579,-0.009,0.132,-0.001,1710,0,0
2184669,2.267,-0.9,9.618,0.052,0.12,-0.004,1709,0,0
2184689,2.2,-0.654,9.627,0.046,0.113,-0.001,1710,0,0
2184709,2.162,-0.702,9.711,-0.116,0.076,-0.007,1709,0,0
2184729,2.193,-0.874,9.749,-0.145,0.032,-0.011,1710,0,0
2184749,2.198,-0.869,9.706,-0.019,0.029,-0.011,1708,0,0
2184769,2.143,-0.735,9.646,-0.014,0.021,-0.014,1708,0,0
2184790,2.119,-0.654,9.538,-0.039,-0.011,-0.02,1708,0,0
2184809,2.145,-0.594,9.438,-0.046,-0.03,-0.033,1709,0,0
2184829,2.164,-0.637,9.373,-0.076,-0.023,-0.033,1707,0,0
