1797712,-0.634,8.554,-4.233,-0.029,0.006,0.029,1636,0,0
1797732,-0.759,8.607,-4.233,-0.032,0.017,0.011,1635,0,0
1797752,-0.704,8.724,-4.283,-0.039,0.016,0.002,1635,0,0
1797772,-0.642,8.681,-4.233,-0.077,0.023,-0.001,1635,0,0
1797792,-0.611,8.595,-4.13,-0.076,0.031,-0.01,1635,0,0
1797812,-0.637,8.72,-4.128,-0.014,0.029,-0.021,1636,0,0
1797832,-0.666,8.88,-4.175,-0.025,0.02,-0.028,1636,0,0
1797852,-0.699,8.904,-4.245,-0.058,0.027,-0.018,1634,0,0
1797872,-0.69,8.945,-4.166,-0.046,0.044,-0.015,1635,0,0
1797892,-0.728,8.95,-4.07,-0.067,0.037,-0.025,1636,0,0
1797912,-0.725,9.041,-4.063,-0.062,0.027,-0.01,1635,0,0
1797932,-0.709,9.017,-4.125,-0.075,0.025,0.006,1634,0,0
1797952,-0.718,8.988,-4.116,-0.079,0.035,0.011,1634,0,0
1797972,-0.716,9.005,-4.017,-0.068,0.043,0.01,1634,0,0
1797992,-0.757,9.021,-3.946,-0.065,0.032,0.018,1634,0,0
1798012,-0.8,9.012,-4.005,-0.051,0.017,0.039,1635,0,0
1798032,-0.721,8.933,-4.044,-0.091,0.005,0.056,1634,0,0
1798052,-0.663,8.756,-4.053,-0.106,0.008,0.058,1634,0,0
1798072,-0.668,8.662,-4.087,-0.072,0.019,0.05,1634,0,0
1798092,-0.666,8.641,-4.068,-0.049,0.011,0.048,1634,0,0
1798112,-0.584,8.631,-4.08,-0.067,0.005,0.044,1634,0,0
1798132,-0.56,8.581,-4.02,-0.083,-0.005,0.029,1634,0,0
1798152,-0.584,8.562,-4.075,-0.081,-0.007,0.018,1634,0,0
1798172,-0.62,8.557,-4.099,-0.072,-0.008,0.007,1633,0,0
1798192,-0.563,8.578,-4.164,-0.052,-0.003,-0.001,1632,0,0
1798212,-0.541,8.578,-4.173,-0.058,0.002,-0.01,1632,0,0
1798232,-0.534,8.593,-4.108,-0.075,-0.003,-0.022,1632,0,0
1798252,-0.615,8.59,-4.24,-0.081,-0.013,-0.041,1632,0,0
1798272,-0.589,8.686,-4.276,-0.05,0.004,-0.044,1632,0,0
1798292,-0.584,8.758,-4.262,-0.072,0.026,-0.043,1632,0,0
1798312,-0.651,8.787,-4.195,-0.099,0.026,-0.049,1632,0,0
1798332,-0.627,8.796,-4.085,-0.141,0.011,-0.052,1633,0,0
1798352,-0.603,8.859,-4.12,-0.179,0.002,-0.062,1633,0,0
1798372,-0.661,9.093,-4.144,-0.276,-0.011,-0.052,1632,0,0
1798392,-0.814,9.072,-3.97,-0.444,-0.036,-0.03,1632,0,0
1798412,-0.804,9.084,-3.845,-0.457,-0.049,-0.01,1633,0,0
1798432,-0.773,9.155,-3.79,-0.394,-0.036,0.001,1633,0,0
1798453,-0.709,9.189,-3.79,-0.374,-0.017,0.011,1633,0,0
1798472,-0.711,9.079,-3.709,-0.377,-0.001,0.025,1634,0,0
1798492,-0.754,9.129,-3.733,-0.376,-0.002,0.047,1634,0,0
1798512,-0.752,9.206,-3.74,-0.463,-0.014,0.067,1633,0,0
1798532,-0.697,9.117,-3.682,-0.616,-0.032,0.082,1634,0,0
1798552,-0.682,9.23,-3.627,-0.678,-0.03,0.105,1635,0,0
1798572,-0.864,9.692,-3.606,-0.833,-0.055,0.136,1634,0,0
1798592,-0.991,9.986,-3.618,-1.265,-0.162,0.202,1634,0,0
1798612,-0.761,10.106,-3.582,-1.775,-0.236,0.308,1634,0,0
1798632,-0.596,10.166,-3.45,-2.18,-0.258,0.414,1634,0,0
1798652,-0.407,10.144,-2.94,-2.552,-0.244,0.492,1634,0,0
1798672,-0.395,10.606,-2.421,-2.954,-0.226,0.659,1633,0,0
1798692,-0.45,11.162,-1.992,-3.56,-0.324,0.912,1633,0,0
1798712,-0.484,10.841,-1.329,-4.309,-0.367,1.149,1633,0,0
1798732,-0.366,10.3,-0.541,-5.122,-0.415,1.306,1633,0,0
1798752,0.067,9.725,0.318,-5.676,-0.499,1.456,1634,0,0
1798772,0.539,9.131,1.101,-6.146,-0.507,1.683,1635,0,0
1798792,0.797,8.186,2.016,-6.451,-0.471,1.865,1635,0,0
1798812,0.886,5.966,3.701,-6.455,-0.376,1.765,1640,0,0
1798832,1.298,4.051,5.516,-5.572,-0.381,1.562,1647,0,0
1798852,1.93,3.814,6.385,-3.862,-0.307,1.407,1648,0,0
1798872,2.444,4.726,6.869,-2.853,-0.192,1.355,1650,0,0
1798892,2.734,4.597,7.211,-3.046,-0.009,1.333,1651,0,0
1798912,2.811,3.021,7.877,-3.172,0.138,1.214,1653,0,0
1798932,2.907,1.911,8.629,-2.637,0.148,0.966,1657,0,0
1798952,2.662,1.621,8.916,-1.97,0.161,0.67,1658,0,0
1798972,2.626,1.628,8.923,-1.15,0.069,0.507,1661,0,0
1798992,2.825,2.184,8.851,-0.706,-0.024,0.439,1658,0,0
1799012,2.969,2.318,8.722,-0.789,-0.006,0.375,1661,0,0
1799032,3.108,1.982,8.856,-0.849,0.012,0.281,1659,0,0
1799052,3.12,1.753,8.959,-0.734,0.013,0.181,1658,0,0
1799073,3.055,1.99,8.827,-0.529,0.013,0.136,1658,0,0
1799092,2.978,2.392,8.612,-0.489,-0.009,0.163,1657,0,0
1799112,2.926,2.739,8.576,-0.729,-0.037,0.236,1657,0,0
1799133,2.966,2.629,8.619,-1.118,-0.059,0.307,1658,0,0
1799152,3.029,2.136,8.765,-1.384,-0.067,0.325,1656,0,0
1799172,3.036,1.733,8.906,-1.414,-0.084,0.335,1655,0,0
1799192,3.117,1.358,8.916,-1.327,-0.082,0.381,1655,0,0
1799212,3.146,1.451,8.863,-1.267,-0.044,0.455,1653,0,0
1799232,3.072,1.472,8.818,-1.555,-0.031,0.496,1653,0,0
1799252,3.086,0.836,8.873,-2.006,-0.086,0.542,1651,0,0
1799272,3.182,-0.163,9.019,-2.093,-0.117,0.633,1649,0,0
1799292,3.273,-0.836,9.091,-1.863,-0.077,0.669,1648,0,0
1799313,3.294,-1.137,9.11,-1.598,-0.037,0.654,1647,0,0
1799333,3.302,-1.41,9.038,-1.571,0.016,0.61,1644,0,0
1799352,3.122,-1.925,8.837,-1.483,0.088,0.513,1643,0,0
1799372,2.959,-2.195,8.961,-1.397,0.083,0.409,1643,0,0
1799392,2.919,-2.464,9.131,-1.131,0.026,0.352,1640,0,0
1799412,3.026,-3.055,9.127,-0.952,0.038,0.287,1638,0,0
1799432,3.065,-3.261,9.021,-0.596,0.08,0.183,1636,0,0
1799452,3.002,-2.995,8.825,-0.212,0.122,0.064,1637,0,0
1799472,2.847,-2.483,8.775,-0.126,0.138,-0.011,1637,0,0
1799492,2.813,-2.49,8.856,-0.261,0.114,-0.054,1637,0,0
1799512,2.792,-2.715,8.99,-0.192,0.041,-0.066,1638,0,0
1799532,2.808,-2.504,8.772,-0.02,-0.019,-0.07,1638,0,0
1799552,2.938,-2.239,8.574,0.032,-0.017,-0.078,1639,0,0
1799572,2.988,-2.164,8.543,-0.065,0.048,-0.078,1638,0,0
1799592,2.909,-2.346,8.674,-0.116,0.122,-0.074,1640,0,0
1799612,2.825,-2.44,8.746,-0.023,0.155,-0.069,1640,0,0
1799632,2.844,-2.227,8.887,0.065,0.151,-0.028,1640,0,0
1799652,2.83,-2.155,8.997,-0.005,0.131,0.02,1643,0,0
1799673,2.859,-2.334,9.086,-0.106,0.118,0.03,1640,0,0
1799692,2.861,-2.595,9.146,-0.117,0.109,0.015,1643,0,0
1799712,2.899,-2.808,9.199,-0.02,0.118,-0.005,1642,0,0
1799732,2.851,-2.725,9.22,0.106,0.123,-0.027,1643,0,0
1799752,2.775,-2.444,9.215,0.126,0.097,-0.018,1645,0,0
1799772,2.744,-2.382,9.139,0.042,0.065,-0.01,1645,0,0
1799792,2.739,-2.411,9.155,0.028,0.039,-0.022,1646,0,0
1799812,2.751,-2.504,9.129,0.042,0.027,-0.033,1646,0,0
1799832,2.698,-2.528,9.112,0.103,0.022,-0.043,1646,0,0
1799852,2.715,-2.37,9.019,0.197,0.017,-0.055,1647,0,0
1799897,2.799,-2.028,8.933,0.117,0.001,-0.081,1646,0,0
1799909,2.861,-2.066,8.914,0.089,0.002,-0.08,1648,0,0
1799919,2.923,-2.105,8.923,0.086,0.003,-0.083,1647,0,0
1799932,2.938,-2.131,8.856,0.112,0.012,-0.092,1647,0,0
1799952,2.947,-1.879,8.863,0.171,0.013,-0.095,1647,0,0
1799972,2.942,-1.604,8.875,0.112,0.023,-0.084,1646,0,0
1799992,2.916,-1.702,8.997,0.036,0.047,-0.068,1647,0,0
1800012,2.897,-1.769,9.1,0.107,0.06,-0.068,1647,0,0
1800033,2.861,-1.776,9.199,0.154,0.053,-0.067,1648,0,0
1800052,2.866,-1.654,9.249,0.161,0.044,-0.073,1648,0,0
1800072,2.789,-1.475,9.292,0.137,0.013,-0.073,1648,0,0
1800092,2.756,-1.41,9.237,0.064,-0.013,-0.053,1648,0,0
1800112,2.825,-1.539,9.167,0.047,-0.008,-0.026,1648,0,0
1800132,2.78,-1.58,9.175,0.092,0.002,-0.004,1648,0,0
1800152,2.789,-1.602,9.143,0.085,-0.002,0.007,1648,0,0
1800172,2.758,-1.65,9.172,0.059,-0.003,0.011,1651,0,0
1800192,2.734,-1.664,9.163,0.047,0.005,0.017,1648,0,0
1800212,2.71,-1.693,9.122,0.033,0.01,0.017,1648,0,0
1800232,2.741,-1.721,9.076,0.048,0.018,0.015,1648,0,0
1800252,2.775,-1.59,9.057,0.066,0.024,0.017,1648,0,0
1800272,2.82,-1.501,9.024,0.009,0.019,0.028,1648,0,0
1800292,2.851,-1.597,9.067,-0.062,0.023,0.029,1649,0,0
1800312,2.885,-1.748,9.163,-0.06,0.026,0.015,1648,0,0
1800332,2.873,-1.702,9.134,0.021,0.024,-0.003,1649,0,0
1800352,2.856,-1.607,9.187,0.05,0.009,-0.021,1648,0,0
1800372,2.84,-1.456,9.254,0.035,-0.006,-0.024,1648,0,0
1800392,2.787,-1.405,9.273,0.027,-0.015,-0.024,1648,0,0
1800412,2.777,-1.358,9.227,0.009,-0.041,-0.024,1648,0,0
1800432,2.806,-1.338,9.139,-0.007,-0.055,-0.01,1648,0,0
1800452,2.837,-1.401,9.129,-0.014,-0.054,0.0,1648,0,0
1800473,2.854,-1.484,9.143,-0.013,-0.047,-0.008,1649,0,0
1800492,2.844,-1.484,9.131,0.01,-0.042,-0.017,1648,0,0
1800512,2.88,-1.384,9.048,0.043,-0.033,-0.015,1648,0,0
1800532,2.861,-1.24,8.995,0.018,-0.022,-0.006,1648,0,0
1800552,2.816,-1.267,9.055,-0.051,-0.018,0.0,1648,0,0
1800572,2.825,-1.465,9.096,-0.073,-0.026,-0.001,1648,0,0
1800592,2.849,-1.549,9.096,-0.019,-0.014,-0.01,1648,0,0
1800612,2.832,-1.501,9.06,0.021,0.007,-0.02,1648,0,0
1800632,2.82,-1.365,9.057,0.013,0.02,-0.01,1648,0,0
1800652,2.83,-1.417,9.189,-0.027,0.018,0.005,1648,0,0
1800673,2.849,-1.547,9.232,-0.055,0.009,-0.001,1647,0,0
1800692,2.88,-1.587,9.239,-0.043,-0.002,-0.018,1648,0,0
1800712,2.921,-1.535,9.167,-0.058,-0.015,-0.034,1648,0,0
1800732,2.942,-1.48,9.158,-0.062,-0.026,-0.041,1648,0,0
1800752,2.945,-1.444,9.139,-0.04,-0.027,-0.058,1648,0,0
1800772,2.923,-1.348,9.124,-0.021,-0.023,-0.068,1648,0,0
1800792,2.916,-1.3,9.103,-0.034,-0.035,-0.071,1648,0,0
1800812,2.957,-1.228,9.081,-0.034,-0.053,-0.082,1648,0,0
1800832,3.041,-1.188,9.043,-0.036,-0.048,-0.084,1648,0,0
1800852,3.072,-1.123,9.029,-0.008,-0.018,-0.076,1648,0,0
1800872,3.031,-0.994,9.088,-0.002,-0.023,-0.06,1649,0,0
1800892,3.05,-1.006,9.143,-0.067,-0.034,-0.047,1648,0,0
1800912,3.024,-1.082,9.139,-0.083,-0.028,-0.041,1648,0,0
1800932,2.99,-1.044,9.076,-0.035,-0.03,-0.029,1648,0,0
1800952,3.045,-0.977,9.041,-0.034,-0.023,-0.019,1648,0,0
1800972,3.096,-1.041,9.072,-0.048,-0.0,-0.009,1648,0,0
1800992,3.084,-1.199,9.153,-0.024,0.005,-0.01,1648,0,0
1801012,3.024,-1.147,9.151,0.017,-0.006,-0.007,1648,0,0
1801032,3.007,-1.063,9.096,-0.011,-0.019,0.006,1648,0,0
1801052,3.041,-1.085,9.088,-0.089,-0.023,0.013,1648,0,0
1801072,3.06,-1.238,9.05,-0.126,-0.014,0.016,1648,0,0
1801092,3.038,-1.312,9.012,-0.055,0.002,0.012,1649,0,0
1801112,2.981,-1.267,9.038,-0.01,0.014,0.006,1648,0,0
1801132,2.983,-1.195,9.06,-0.037,-0.001,0.001,1648,0,0
1801152,3.029,-1.192,9.062,-0.088,-0.005,0.007,1648,0,0
1801172,2.998,-1.343,9.05,-0.106,-0.004,-0.006,1648,0,0
1801192,2.974,-1.379,9.005,-0.055,-0.015,-0.028,1648,0,0
1801212,2.99,-1.154,8.942,0.012,-0.001,-0.035,1648,0,0
1801232,2.99,-0.996,8.873,-0.018,0.014,-0.04,1648,0,0
1801252,3.045,-1.001,8.882,-0.077,0.036,-0.025,1648,0,0
1801272,3.002,-1.089,9.017,-0.06,0.056,-0.003,1648,0,0
1801292,3.026,-1.192,9.11,-0.047,0.041,-0.0,1648,0,0
1801312,3.086,-1.178,9.088,-0.038,0.029,-0.009,1649,0,0
1801332,3.11,-1.099,9.074,-0.05,0.031,-0.014,1648,0,0
1801352,3.033,-1.073,9.141,-0.064,0.03,-0.012,1649,0,0
1801372,3.021,-1.077,9.213,-0.045,0.008,-0.004,1648,0,0
1801392,3.045,-1.068,9.167,-0.027,0.007,0.01,1648,0,0
1801412,3.055,-1.027,9.12,-0.023,0.01,0.016,1648,0,0
1801432,3.045,-1.032,9.189,-0.064,0.008,0.025,1649,0,0
1801452,3.072,-1.132,9.203,-0.098,0.01,0.032,1649,0,0
1801472,3.081,-1.231,9.251,-0.089,0.006,0.038,1648,0,0
1801492,3.062,-1.279,9.218,-0.054,0.002,0.041,1649,0,0
1801512,3.062,-1.312,9.218,-0.051,0.004,0.037,1648,0,0
1801532,3.017,-1.295,9.201,-0.064,-0.002,0.025,1649,0,0
1801552,3.005,-1.235,9.158,-0.073,-0.021,0.011,1649,0,0
1801572,3.043,-1.252,9.088,-0.064,-0.022,0.013,1649,0,0
1801592,3.007,-1.247,9.081,-0.044,-0.013,0.019,1649,0,0
1801612,3.012,-1.281,9.124,-0.065,-0.018,0.012,1648,0,0
1801632,3.005,-1.274,9.139,-0.071,-0.026,0.003,1648,0,0
1801652,3.045,-1.279,9.084,-0.071,-0.034,-0.01,1648,0,0
1801672,3.069,-1.221,8.983,-0.059,-0.03,-0.023,1649,0,0
1801692,3.093,-1.135,8.94,-0.048,-0.019,-0.015,1648,0,0
1801712,3.067,-1.099,8.957,-0.05,0.002,-0.005,1648,0,0
1801732,3.057,-1.168,9.038,-0.099,0.005,-0.009,1647,0,0
1801752,3.065,-1.243,8.973,-0.092,-0.006,-0.02,1648,0,0
1801772,3.129,-1.176,8.909,-0.025,0.007,-0.022,1648,0,0
1801792,3.055,-1.013,8.916,-0.035,0.026,-0.021,1648,0,0
1801812,3.048,-1.037,9.024,-0.084,0.028,-0.011,1648,0,0
1801832,3.033,-1.125,9.079,-0.075,0.021,-0.007,1647,0,0
1801852,3.062,-1.144,9.031,-0.051,0.014,-0.01,1648,0,0
1801872,3.127,-1.132,9.096,-0.051,0.022,-0.015,1648,0,0
1801892,3.096,-1.154,9.129,-0.062,0.022,-0.016,1648,0,0
1801912,3.091,-1.195,9.153,-0.042,0.017,-0.014,1648,0,0
1801932,3.072,-1.183,9.108,-0.016,0.018,-0.012,1648,0,0
1801952,3.021,-1.109,9.096,-0.021,0.021,-0.002,1648,0,0
1801972,3.002,-1.156,9.184,-0.065,0.018,0.006,1648,0,0
1801992,3.014,-1.298,9.225,-0.094,0.004,-0.001,1648,0,0
1802012,3.019,-1.302,9.127,-0.07,-0.001,-0.007,1649,0,0
1802032,3.0,-1.262,9.031,-0.047,0.007,-0.006,1648,0,0
1802052,3.062,-1.267,9.103,-0.073,0.009,-0.001,1648,0,0
1802072,3.098,-1.396,9.153,-0.105,0.014,-0.007,1648,0,0
1802092,3.072,-1.425,9.203,-0.08,0.013,-0.031,1648,0,0
1802112,3.01,-1.312,9.167,-0.049,-0.008,-0.047,1648,0,0
1802132,3.043,-1.197,9.055,-0.045,-0.027,-0.051,1649,0,0
1802152,3.122,-1.18,8.966,-0.074,-0.028,-0.051,1648,0,0
1802172,3.175,-1.159,8.985,-0.062,-0.009,-0.058,1648,0,0
1802192,3.103,-1.056,9.064,-0.057,0.005,-0.056,1649,0,0
1802213,3.057,-1.08,9.115,-0.05,-0.007,-0.05,1648,0,0
1802232,3.072,-1.001,9.048,-0.036,-0.017,-0.041,1649,0,0
1802252,3.127,-0.943,9.033,-0.044,-0.009,-0.038,1648,0,0
1802272,3.086,-0.9,8.988,-0.057,-0.002,-0.03,1648,0,0
1802292,3.115,-0.936,8.971,-0.05,0.0,-0.01,1648,0,0
1802313,3.148,-1.022,9.024,-0.049,0.011,0.011,1649,0,0
1802332,3.089,-1.106,9.086,-0.063,0.014,0.011,1648,0,0
1802352,3.096,-1.171,9.076,-0.049,-0.007,0.002,1648,0,0
1802372,3.141,-1.161,8.983,-0.031,-0.002,0.004,1648,0,0
1802393,3.132,-1.247,8.985,-0.06,0.014,0.009,1650,0,0
1802412,3.1,-1.298,9.0,-0.058,0.018,0.0,1648,0,0
1802432,3.098,-1.31,8.995,-0.051,0.015,-0.014,1648,0,0
1802452,3.146,-1.279,9.009,-0.06,0.031,-0.022,1648,0,0
1802472,3.165,-1.243,9.06,-0.05,0.048,-0.022,1649,0,0
1802492,3.1,-1.233,9.153,-0.042,0.04,-0.025,1650,0,0
1802513,3.074,-1.173,9.17,-0.067,0.021,-0.038,1648,0,0
1802532,3.055,-1.14,9.184,-0.089,0.019,-0.046,1648,0,0
1802552,3.026,-1.099,9.206,-0.054,0.012,-0.053,1649,0,0
1802572,3.014,-0.972,9.131,-0.004,-0.0,-0.056,1649,0,0
1802592,3.043,-0.881,9.074,-0.018,0.005,-0.039,1649,0,0
1802612,3.048,-0.929,8.973,-0.063,0.009,-0.025,1648,0,0
1802633,3.043,-1.046,8.978,-0.071,0.01,-0.02,1649,0,0
1802652,3.079,-1.068,9.0,-0.071,0.01,-0.018,1648,0,0
1802672,3.134,-1.149,9.029,-0.061,0.014,-0.017,1648,0,0
1802704,3.179,-1.154,8.981,-0.042,0.021,-0.023,1648,0,0
1802716,3.182,-1.161,8.954,-0.041,0.022,-0.027,1648,0,0
1802732,3.163,-1.099,8.99,-0.056,0.033,-0.025,1648,0,0
1802752,3.168,-1.137,9.041,-0.079,0.038,-0.034,1648,0,0
1802772,3.182,-1.116,9.096,-0.039,0.038,-0.046,1649,0,0
1802792,3.134,-0.927,9.117,0.018,0.042,-0.041,1648,0,0
1802812,3.081,-0.781,9.187,-0.036,0.039,-0.023,1648,0,0
1802832,3.1,-0.869,9.266,-0.133,0.012,-0.003,1650,0,0
1802852,3.163,-1.025,9.23,-0.107,0.006,0.003,1649,0,0
1802872,3.16,-1.056,9.22,-0.042,0.015,0.003,1648,0,0
1802892,3.158,-0.97,9.282,-0.03,0.019,0.016,1648,0,0
1802912,3.139,-1.104,9.328,-0.106,0.002,0.021,1648,0,0
1802932,3.134,-1.228,9.364,-0.087,-0.021,0.01,1649,0,0
1802952,3.134,-1.233,9.318,-0.027,-0.03,0.003,1649,0,0
1802972,3.1,-1.24,9.29,-0.037,-0.047,-0.001,1648,0,0
1802992,3.151,-1.295,9.306,-0.054,-0.058,-0.018,1649,0,0
1803012,3.127,-1.271,9.301,-0.061,-0.068,-0.04,1649,0,0
1803033,3.136,-1.144,9.134,-0.05,-0.086,-0.057,1650,0,0
1803052,3.232,-1.003,9.043,-0.014,-0.082,-0.048,1649,0,0
1803072,3.318,-0.991,9.005,-0.036,-0.05,-0.033,1648,0,0
1803092,3.189,-1.094,9.139,-0.105,-0.028,-0.038,1648,0,0
1803112,3.146,-1.19,9.187,-0.109,-0.048,-0.051,1649,0,0
1803133,3.247,-1.116,8.914,-0.05,-0.072,-0.051,1648,0,0
1803152,3.359,-1.02,8.76,-0.038,-0.043,-0.046,1648,0,0
1803172,3.247,-0.953,8.799,-0.115,0.007,-0.033,1648,0,0
1803192,3.115,-1.068,8.911,-0.189,0.019,-0.029,1648,0,0
1803212,3.132,-1.231,8.935,-0.169,0.004,-0.03,1648,0,0
1803232,3.196,-1.295,8.885,-0.101,0.027,-0.053,1649,0,0
1803252,3.134,-1.106,8.94,-0.077,0.055,-0.07,1648,0,0
1803272,3.079,-1.003,9.012,-0.126,0.06,-0.06,1648,0,0
1803292,3.134,-1.027,9.021,-0.161,0.06,-0.051,1648,0,0
1803312,3.144,-1.12,9.072,-0.169,0.064,-0.041,1648,0,0
1803333,3.067,-1.228,9.237,-0.149,0.065,-0.052,1649,0,0
1803352,3.007,-1.279,9.306,-0.135,0.05,-0.067,1648,0,0
1803372,2.954,-1.264,9.323,-0.112,0.033,-0.082,1648,0,0
1803392,2.94,-1.219,9.263,-0.096,0.021,-0.09,1648,0,0
1803412,2.945,-1.199,9.199,-0.088,0.015,-0.083,1648,0,0
1803432,2.957,-1.279,9.17,-0.128,0.009,-0.075,1648,0,0
1803452,2.99,-1.439,9.115,-0.164,0.009,-0.09,1648,0,0
1803472,3.002,-1.561,9.11,-0.139,0.02,-0.113,1648,0,0
1803492,3.038,-1.48,9.005,-0.093,0.017,-0.125,1649,0,0
1803512,3.11,-1.384,9.0,-0.101,0.011,-0.123,1648,0,0
1803532,3.144,-1.427,8.973,-0.143,0.026,-0.119,1649,0,0
1803552,3.136,-1.463,8.938,-0.172,0.034,-0.122,1649,0,0
1803572,3.179,-1.489,8.933,-0.168,0.014,-0.124,1648,0,0
1803592,3.338,-1.482,8.856,-0.118,0.002,-0.138,1648,0,0
1803612,3.376,-1.279,8.801,-0.061,0.022,-0.141,1648,0,0
1803632,3.364,-1.073,8.813,-0.1,0.028,-0.124,1648,0,0
1803652,3.393,-1.164,8.861,-0.182,0.009,-0.103,1648,0,0
1803672,3.357,-1.243,8.815,-0.119,-0.005,-0.107,1648,0,0
1803692,3.354,-1.116,8.825,-0.061,0.01,-0.115,1648,0,0
1803712,3.299,-1.02,8.873,-0.055,0.035,-0.107,1648,0,0
1803732,3.208,-0.941,8.849,-0.015,0.02,-0.106,1648,0,0
1803753,3.242,-0.828,8.844,-0.019,0.021,-0.084,1649,0,0
1803772,3.156,-0.9,8.933,-0.071,0.033,-0.065,1648,0,0
1803792,3.072,-1.094,9.1,-0.075,0.026,-0.056,1648,0,0
1803812,3.072,-1.19,9.134,-0.027,0.001,-0.057,1648,0,0
1803832,3.139,-1.08,9.0,0.018,-0.016,-0.055,1648,0,0
1803852,3.177,-1.092,9.024,-0.051,-0.02,-0.047,1648,0,0
1803873,3.194,-1.271,8.993,-0.079,-0.033,-0.047,1648,0,0
1803892,3.304,-1.31,8.854,-0.023,-0.054,-0.054,1648,0,0
1803912,3.486,-1.219,8.629,0.046,-0.065,-0.077,1648,0,0
1803932,3.555,-0.994,8.569,0.084,-0.025,-0.1,1648,0,0
1803952,3.484,-0.838,8.732,0.044,0.002,-0.105,1648,0,0
1803972,3.421,-0.785,8.969,0.03,-0.01,-0.093,1648,0,0
1803992,3.376,-0.752,9.076,0.094,-0.025,-0.088,1648,0,0
1804012,3.345,-0.663,9.11,0.106,-0.025,-0.088,1648,0,0
1804032,3.306,-0.577,9.148,0.07,-0.041,-0.084,1648,0,0
1804052,3.366,-0.532,8.997,0.093,-0.08,-0.077,1648,0,0
1804072,3.488,-0.462,8.868,0.159,-0.059,-0.059,1648,0,0
1804093,3.419,-0.34,8.957,0.154,-0.002,-0.037,1649,0,0
1804112,3.438,-0.402,9.036,0.08,-0.01,-0.005,1649,0,0
1804132,3.572,-0.51,8.954,0.102,-0.031,0.011,1648,0,0
1804153,3.603,-0.476,8.933,0.107,0.003,0.014,1650,0,0
1804172,3.479,-0.476,9.096,0.056,0.047,0.028,1649,0,0
1804192,3.405,-0.555,9.294,0.066,0.043,0.038,1649,0,0
1804212,3.342,-0.606,9.388,0.133,0.029,0.033,1649,0,0
1804232,3.201,-0.445,9.443,0.131,0.033,0.044,1649,0,0
1804252,3.05,-0.493,9.558,0.004,0.021,0.077,1650,0,0
1804272,2.966,-0.869,9.708,-0.084,-0.007,0.084,1648,0,0
1804292,2.974,-1.125,9.651,-0.014,-0.046,0.063,1649,0,0
1804312,2.978,-1.039,9.354,0.045,-0.072,0.051,1650,0,0
1804332,3.038,-1.027,9.038,-0.042,-0.084,0.049,1649,0,0
1804352,3.237,-1.197,8.837,-0.119,-0.064,0.041,1648,0,0
1804372,3.352,-1.384,8.839,-0.087,-0.016,0.018,1649,0,0
1804392,3.318,-1.369,8.911,-0.042,0.018,-0.018,1649,0,0
1804412,3.294,-1.29,8.978,-0.044,0.02,-0.051,1649,0,0
1804432,3.29,-1.168,8.964,-0.048,0.007,-0.079,1649,0,0
1804452,3.318,-1.01,8.933,-0.073,-0.001,-0.104,1649,0,0
1804472,3.285,-0.939,8.923,-0.11,0.001,-0.119,1649,0,0
1804492,3.215,-0.888,8.902,-0.082,0.001,-0.129,1649,0,0
1804512,3.249,-0.644,8.758,-0.025,0.013,-0.124,1649,0,0
1804532,3.273,-0.45,8.672,-0.057,0.034,-0.097,1648,0,0
1804552,3.28,-0.443,8.698,-0.108,0.048,-0.072,1649,0,0
1804572,3.345,-0.551,8.777,-0.118,0.068,-0.052,1648,0,0
1804592,3.338,-0.62,8.859,-0.09,0.083,-0.06,1649,0,0
1804612,3.448,-0.498,8.796,-0.02,0.073,-0.06,1649,0,0
1804632,3.601,-0.328,8.703,0.02,0.073,-0.036,1649,0,0
1804652,3.644,-0.283,8.847,-0.018,0.103,-0.015,1648,0,0
1804672,3.606,-0.306,9.091,-0.075,0.106,-0.03,1648,0,0
1804692,3.577,-0.249,9.28,-0.066,0.086,-0.046,1648,0,0
1804712,3.575,-0.069,9.364,0.017,0.063,-0.037,1648,0,0
1804732,3.529,0.065,9.524,0.058,0.039,-0.015,1648,0,0
1804752,3.407,0.103,9.582,0.053,0.012,0.005,1648,0,0
1804772,3.304,0.132,9.503,0.05,-0.021,0.032,1648,0,0
1804792,3.259,0.103,9.498,0.027,-0.048,0.055,1649,0,0
1804812,3.182,0.022,9.409,0.02,-0.065,0.086,1649,0,0
1804832,3.218,-0.141,9.395,0.01,-0.076,0.117,1648,0,0
1804852,3.294,-0.517,9.345,-0.04,-0.079,0.124,1649,0,0
1804872,3.28,-0.735,9.256,-0.013,-0.084,0.11,1649,0,0
1804892,3.287,-0.776,9.167,0.001,-0.093,0.102,1649,0,0
1804912,3.304,-0.821,9.141,-0.027,-0.098,0.094,1649,0,0
1804932,3.352,-0.943,9.081,-0.036,-0.1,0.085,1649,0,0
1804952,3.4,-0.96,8.976,-0.015,-0.093,0.065,1649,0,0
1804972,3.378,-0.871,8.93,-0.033,-0.084,0.048,1649,0,0
1804992,3.436,-0.821,8.866,-0.062,-0.079,0.036,1649,0,0
1805012,3.428,-0.795,8.818,-0.061,-0.065,0.038,1649,0,0
1805032,3.455,-0.769,8.777,-0.058,-0.05,0.023,1649,0,0
1805052,3.467,-0.67,8.729,-0.059,-0.039,0.0,1649,0,0
1805072,3.464,-0.488,8.701,-0.05,-0.021,-0.009,1649,0,0
1805092,3.448,-0.395,8.885,-0.056,-0.006,-0.016,1649,0,0
1805112,3.419,-0.366,8.909,-0.064,-0.013,-0.022,1649,0,0
1805132,3.462,-0.285,8.856,-0.028,-0.017,-0.008,1649,0,0
1805152,3.524,-0.256,8.727,-0.039,-0.014,0.003,1649,0,0
1805172,3.563,-0.328,8.76,-0.081,0.014,0.011,1649,0,0
1805192,3.546,-0.419,8.902,-0.087,0.022,0.01,1649,0,0
1805212,3.519,-0.539,8.971,-0.082,0.022,0.002,1648,0,0
1805232,3.5,-0.529,8.947,-0.033,0.017,-0.014,1648,0,0
1805252,3.527,-0.371,8.861,0.005,0.016,-0.013,1648,0,0
1805272,3.577,-0.266,8.842,-0.021,0.035,0.001,1648,0,0
1805292,3.527,-0.373,8.978,-0.088,0.05,0.015,1650,0,0
1805312,3.498,-0.572,9.055,-0.072,0.035,0.015,1650,0,0
1805332,3.491,-0.587,8.935,-0.016,0.01,0.003,1649,0,0
1805352,3.527,-0.484,8.823,0.003,0.011,-0.005,1648,0,0
1805372,3.529,-0.371,8.801,-0.019,0.034,-0.001,1649,0,0
1805392,3.498,-0.328,8.851,-0.03,0.04,0.006,1648,0,0
1805412,3.467,-0.318,8.885,-0.029,0.044,0.016,1648,0,0
1805432,3.45,-0.352,8.959,-0.03,0.048,0.016,1649,0,0
1805452,3.448,-0.381,9.009,-0.037,0.047,0.016,1648,0,0
1805472,3.467,-0.462,9.007,-0.037,0.042,0.011,1649,0,0
1805492,3.534,-0.443,9.038,-0.02,0.035,0.009,1648,0,0
1805512,3.51,-0.438,9.041,-0.036,0.034,0.008,1649,0,0
1805532,3.496,-0.424,9.029,-0.042,0.043,0.009,1649,0,0
1805552,3.428,-0.393,9.139,-0.023,0.046,0.01,1649,0,0
1805572,3.46,-0.462,9.21,-0.046,0.037,-0.001,1650,0,0
1805592,3.476,-0.469,9.194,-0.016,0.021,-0.018,1649,0,0
1805612,3.419,-0.263,9.134,0.005,0.026,-0.003,1649,0,0
1805632,3.385,-0.247,9.115,-0.044,0.03,0.02,1649,0,0
1805652,3.402,-0.383,9.134,-0.104,0.025,0.033,1649,0,0
1805672,3.428,-0.587,9.134,-0.103,0.018,0.031,1649,0,0
1805692,3.457,-0.654,9.103,-0.072,0.024,0.018,1649,0,0
1805712,3.433,-0.587,9.048,-0.053,0.033,0.01,1648,0,0
1805732,3.385,-0.543,9.062,-0.077,0.024,0.005,1648,0,0
1805752,3.378,-0.591,9.033,-0.116,0.004,-0.014,1648,0,0
1805772,3.424,-0.582,9.0,-0.097,0.005,-0.033,1648,0,0
1805792,3.433,-0.409,8.966,-0.052,0.014,-0.043,1649,0,0
1805812,3.419,-0.254,8.894,-0.041,0.024,-0.037,1648,0,0
1805832,3.397,-0.151,8.93,-0.077,0.03,-0.015,1648,0,0
1805852,3.45,-0.194,9.021,-0.119,0.018,0.001,1648,0,0
1805872,3.512,-0.354,9.033,-0.13,0.01,-0.004,1648,0,0
1805892,3.515,-0.373,9.005,-0.092,0.003,-0.017,1648,0,0
1805912,3.534,-0.28,8.969,-0.067,0.013,-0.016,1648,0,0
1805932,3.462,-0.204,8.978,-0.055,0.028,-0.007,1649,0,0
1805952,3.393,-0.153,9.079,-0.06,0.023,0.003,1648,0,0
1805972,3.405,-0.199,9.086,-0.084,0.007,0.007,1649,0,0
1805993,3.436,-0.223,9.029,-0.095,0.006,0.017,1649,0,0
1806012,3.426,-0.278,9.074,-0.083,0.019,0.03,1648,0,0
1806032,3.426,-0.354,9.098,-0.082,0.014,0.044,1648,0,0
1806052,3.45,-0.362,9.072,-0.095,0.012,0.057,1648,0,0
1806072,3.431,-0.436,9.105,-0.145,0.015,0.072,1648,0,0
1806092,3.407,-0.656,9.136,-0.202,0.003,0.068,1648,0,0
1806112,3.436,-0.754,9.122,-0.179,-0.001,0.061,1648,0,0
1806132,3.378,-0.713,9.103,-0.114,0.006,0.049,1648,0,0
1806152,3.321,-0.582,9.038,-0.092,0.006,0.043,1649,0,0
1806172,3.335,-0.553,8.961,-0.133,0.006,0.049,1649,0,0
1806192,3.33,-0.603,8.952,-0.173,0.003,0.047,1648,0,0
1806212,3.369,-0.757,8.966,-0.193,-0.003,0.039,1648,0,0
1806232,3.397,-0.881,8.99,-0.163,0.007,0.021,1648,0,0
1806252,3.349,-0.883,9.012,-0.099,0.008,-0.001,1648,0,0
1806272,3.39,-0.697,8.859,-0.027,-0.006,-0.021,1648,0,0
1806292,3.44,-0.551,8.796,-0.063,0.013,-0.022,1648,0,0
1806312,3.405,-0.572,8.792,-0.112,0.032,-0.021,1648,0,0
1806332,3.405,-0.63,8.873,-0.116,0.032,-0.018,1648,0,0
1806352,3.45,-0.615,8.935,-0.091,0.029,-0.014,1648,0,0
1806372,3.467,-0.608,8.918,-0.09,0.032,-0.009,1648,0,0
1806392,3.421,-0.642,8.914,-0.107,0.033,-0.013,1648,0,0
1806412,3.4,-0.572,8.909,-0.106,0.034,-0.01,1648,0,0
1806432,3.409,-0.5,8.959,-0.114,0.043,-0.001,1648,0,0
1806452,3.376,-0.546,9.029,-0.132,0.058,0.008,1648,0,0
1806473,3.34,-0.579,9.076,-0.114,0.046,0.015,1648,0,0
1806492,3.366,-0.687,9.117,-0.134,0.047,0.026,1648,0,0
1806512,3.361,-0.749,9.12,-0.17,0.041,0.052,1648,0,0
1806532,3.424,-0.85,9.165,-0.176,0.035,0.071,1649,0,0
1806552,3.45,-0.982,9.177,-0.224,0.022,0.059,1648,0,0
1806572,3.486,-1.08,9.237,-0.22,0.018,0.044,1648,0,0
1806592,3.452,-1.113,9.239,-0.164,0.022,0.029,1648,0,0
1806612,3.321,-1.089,9.258,-0.135,0.011,0.007,1648,0,0
1806632,3.309,-0.974,9.134,-0.1,-0.019,-0.017,1648,0,0
1806652,3.357,-0.879,8.976,-0.099,-0.028,-0.022,1648,0,0
1806672,3.388,-0.879,8.959,-0.11,-0.022,-0.017,1648,0,0
1806692,3.354,-0.84,8.94,-0.111,-0.009,-0.01,1648,0,0
1806712,3.311,-0.85,8.885,-0.123,-0.003,-0.01,1649,0,0
1806732,3.304,-0.852,8.799,-0.095,0.005,-0.009,1648,0,0
1806752,3.342,-0.828,8.847,-0.068,0.009,-0.004,1648,0,0
1806772,3.326,-0.862,8.902,-0.107,0.022,-0.002,1648,0,0
1806792,3.323,-0.919,8.942,-0.121,0.012,-0.004,1648,0,0
1806812,3.333,-0.996,8.94,-0.135,0.011,-0.007,1648,0,0
1806832,3.366,-1.044,8.909,-0.128,0.013,-0.006,1648,0,0
1806852,3.414,-1.085,8.921,-0.083,0.038,-0.0,1648,0,0
1806872,3.448,-1.104,9.029,-0.056,0.059,-0.003,1648,0,0
1806892,3.405,-0.998,9.086,-0.068,0.059,-0.001,1648,0,0
1806912,3.376,-0.998,9.108,-0.125,0.037,0.008,1648,0,0
1806932,3.417,-1.125,9.141,-0.166,0.025,0.018,1648,0,0
1806952,3.448,-1.293,9.201,-0.158,0.03,0.008,1648,0,0
1806972,3.381,-1.305,9.189,-0.088,0.033,-0.021,1648,0,0
1806992,3.306,-1.075,9.093,-0.048,0.02,-0.031,1648,0,0
1807012,3.282,-0.917,8.993,-0.087,0.012,-0.022,1649,0,0
1807032,3.27,-0.998,9.009,-0.14,0.013,-0.009,1648,0,0
1807052,3.29,-1.085,9.057,-0.108,0.0,-0.01,1648,0,0
1807072,3.311,-1.094,8.997,-0.09,-0.005,-0.014,1648,0,0
1807092,3.352,-1.106,8.899,-0.07,0.006,-0.017,1648,0,0
1807112,3.357,-1.061,9.002,-0.038,0.02,-0.017,1648,0,0
1807132,3.318,-1.02,9.009,-0.056,0.013,-0.019,1648,0,0
1807152,3.261,-0.986,8.94,-0.052,-0.005,-0.016,1649,0,0
1807172,3.306,-0.955,8.847,-0.067,-0.008,-0.01,1648,0,0
1807192,3.335,-1.022,8.815,-0.071,0.01,-0.002,1649,0,0
1807212,3.385,-1.049,8.854,-0.038,0.037,0.001,1649,0,0
1807232,3.297,-1.018,8.957,-0.012,0.048,0.007,1649,0,0
1807252,3.278,-1.006,9.002,-0.058,0.032,0.015,1649,0,0
1807272,3.347,-1.109,8.99,-0.083,0.014,0.013,1649,0,0
1807292,3.443,-1.147,8.959,-0.085,0.022,0.008,1649,0,0
1807312,3.395,-1.168,9.057,-0.078,0.035,0.007,1649,0,0
1807332,3.316,-1.109,9.115,-0.054,0.03,0.006,1649,0,0
1807352,3.333,-1.07,9.115,-0.051,0.013,0.009,1649,0,0
1807372,3.364,-1.137,9.17,-0.103,0.008,0.003,1649,0,0
1807392,3.378,-1.18,9.131,-0.108,-0.001,-0.003,1649,0,0
1807412,3.402,-1.149,9.069,-0.072,0.001,-0.001,1649,0,0
1807432,3.421,-1.161,9.072,-0.087,0.009,0.001,1648,0,0
1807452,3.395,-1.185,9.129,-0.102,0.012,-0.001,1648,0,0
1807472,3.393,-1.166,9.129,-0.127,-0.016,-0.01,1648,0,0
1807492,3.412,-1.159,9.067,-0.183,-0.037,-0.018,1648,0,0
1807512,3.361,-1.13,9.036,-0.194,-0.04,-0.018,1648,0,0
1807532,3.314,-1.092,8.954,-0.153,-0.034,-0.01,1647,0,0
1807552,3.314,-1.006,8.918,-0.167,-0.041,-0.001,1646,0,0
1807573,3.419,-1.14,8.904,-0.245,-0.056,-0.018,1641,0,0
1807592,3.376,-1.322,8.82,-0.336,-0.046,-0.056,1623,0,0
1807612,3.414,-1.508,8.942,-0.322,-0.064,-0.067,1601,0,0
1807632,3.44,-1.549,8.971,-0.237,-0.081,-0.068,1575,0,0
1807652,3.572,-1.36,9.254,-0.151,-0.148,-0.062,1528,0,0
1807672,3.737,-1.425,9.012,-0.191,-0.145,-0.06,1486,0,0
1807692,3.924,-1.508,9.069,-0.193,-0.109,-0.07,1455,0,0
1807712,4.135,-1.427,9.486,-0.066,-0.168,-0.071,1407,0,0
1807732,3.895,-1.437,8.729,-0.083,-0.163,-0.026,1365,0,0
1807752,3.807,-1.233,8.578,-0.116,-0.136,-0.02,1337,0,0
1807772,3.484,-1.015,8.435,-0.065,-0.1,-0.026,1292,0,0
1807792,3.342,-1.018,8.358,-0.257,-0.098,0.033,1249,0,0
1807812,3.158,-1.243,8.526,-0.382,-0.118,0.035,1211,0,0
1807832,3.27,-1.676,7.705,-0.751,0.038,-0.094,1166,1054,200
1807853,3.419,-2.191,8.533,-0.586,0.268,-0.151,1125,3366,200
1807872,3.539,-1.844,8.71,-0.39,0.259,-0.113,1105,3781,200
1807892,3.424,-1.97,9.163,-0.204,0.314,-0.05,1088,4028,200
1807912,2.861,-2.356,9.428,-0.2,0.096,-0.053,1068,4095,200
1807932,3.318,-2.339,9.237,-0.154,-0.059,-0.101,1050,4095,200
1807952,4.223,-2.756,9.385,0.065,-0.064,-0.233,1036,4095,200
1807972,3.615,-3.551,9.105,0.554,-0.043,-0.438,1014,4095,200
1807992,4.037,-3.797,8.353,1.37,0.056,-0.64,1003,4095,200
1808012,4.793,-4.511,8.485,2.43,0.403,-0.952,991,4095,200
1808032,4.034,-3.354,8.193,3.749,0.582,-1.311,975,4095,200
1808052,2.698,-0.11,7.774,4.135,0.541,-1.488,960,4095,200
1808073,3.488,0.048,8.325,3.68,0.5,-1.628,950,4095,200
1808092,3.347,-2.037,7.834,4.598,0.707,-2.108,943,4095,200
1808112,2.184,0.828,5.99,5.917,1.043,-2.491,937,4095,200
1808132,2.126,3.445,5.825,6.533,1.404,-2.593,938,4095,200
1808152,0.929,4.793,5.612,6.579,1.342,-2.56,943,4095,200
1808172,0.974,1.597,4.3,7.273,1.447,-2.76,944,4095,200
1808192,-0.18,5.535,2.054,8.731,1.694,-3.139,947,4095,200
1808212,-2.409,10.853,0.848,8.731,1.43,-2.926,949,4095,200
1808232,-1.891,11.514,0.522,7.302,0.942,-2.432,952,4095,200
1808252,-2.112,5.734,-1.805,7.313,0.63,-2.409,956,4095,200
1808272,-3.27,8.305,-4.626,8.434,0.644,-2.647,964,4095,200
1808292,-4.69,15.749,-4.858,6.912,0.125,-2.232,970,4095,200
1808312,-4.752,13.987,-5.397,3.437,-0.587,-1.115,973,4095,200
1808332,-2.789,8.547,-5.94,2.029,-0.618,-0.659,975,4095,200
1808353,-3.555,8.78,-5.617,1.761,-0.512,-0.632,979,4095,200
1808469,-3.201,7.372,-4.956,0.019,0.156,-0.028,997,4095,200
1808480,-3.141,7.975,-4.597,0.07,0.123,-0.007,998,4095,200
1808491,-2.677,8.531,-4.405,0.022,0.06,-0.011,1002,4095,200
1808502,-3.144,7.958,-4.549,-0.03,-0.008,0.024,1005,4095,200
1808512,-3.067,8.028,-4.626,-0.052,-0.064,0.097,1007,4095,200
1808523,-2.251,8.89,-4.702,-0.112,-0.079,0.121,1008,4095,200
1808533,-2.559,8.413,-4.954,-0.209,-0.066,0.143,1008,4095,200
1808544,-2.995,7.477,-5.1,-0.262,-0.037,0.194,1010,4095,200
1808613,-3.057,7.278,-5.329,-0.205,0.347,0.012,1049,2628,200
1808630,-3.326,7.18,-5.25,-0.045,0.464,0.002,1067,0,0
1808641,-3.194,7.75,-4.834,0.105,0.512,-0.012,1078,0,0
1808652,-3.1,7.805,-4.41,0.214,0.451,-0.037,1094,0,0
1808665,-2.811,8.018,-5.401,0.11,0.474,-0.073,1115,0,0
1808675,-2.938,8.368,-5.643,-0.101,0.528,-0.158,1129,0,0
1808686,-2.89,8.332,-5.49,-0.266,0.64,-0.173,1140,0,0
1808697,-3.072,8.016,-5.325,-0.377,0.675,-0.199,1158,0,0
1808768,-1.681,8.868,-4.64,-0.326,0.898,0.306,1359,0,0
1808780,-1.906,8.662,-4.583,-0.322,0.905,0.325,1400,0,0
1808791,-2.073,8.296,-4.741,-0.375,0.914,0.283,1436,0,0
1808801,-2.32,8.408,-4.975,-0.544,0.913,0.287,1476,0,0
1808812,-2.409,8.444,-4.748,-0.722,0.907,0.318,1516,0,0
1808823,-2.358,8.507,-4.219,-0.726,0.786,0.346,1553,0,0
1808834,-2.081,8.035,-3.776,-0.65,0.614,0.357,1590,0,0
1808845,-1.834,7.697,-3.464,-0.556,0.444,0.31,1615,0,0
1808915,-1.626,8.765,-4.202,-0.379,0.079,0.234,1740,0,0
1808927,-1.63,8.633,-4.286,-0.56,0.084,0.221,1752,0,0
1808938,-1.647,8.444,-4.312,-0.668,0.085,0.17,1767,0,0
1808950,-1.604,8.157,-4.209,-0.62,0.078,0.084,1775,0,0
1808962,-1.513,8.183,-4.168,-0.438,0.068,0.003,1780,0,0
1809069,-1.592,9.117,-4.183,-0.237,-0.033,0.044,1790,0,0
1809089,-1.774,8.938,-4.108,-0.44,-0.029,0.041,1790,0,0
1809109,-1.729,8.574,-3.943,-0.481,-0.056,0.051,1790,0,0
1809129,-1.401,8.406,-3.907,-0.348,-0.051,0.076,1788,0,0
1809149,-1.336,8.442,-3.95,-0.186,0.018,0.058,1785,0,0
1809169,-1.494,8.636,-3.929,-0.109,0.052,-0.004,1780,0,0
1809189,-1.743,8.844,-3.809,-0.146,0.019,-0.038,1774,0,0
1809209,-1.681,8.768,-3.766,-0.297,-0.064,-0.013,1767,0,0
1809229,-1.511,8.691,-3.852,-0.303,-0.064,0.029,1764,0,0
1809249,-1.393,8.744,-3.869,-0.159,-0.008,0.029,1763,0,0
1809269,-1.453,8.849,-3.752,-0.1,0.062,0.037,1762,0,0
1809289,-1.638,8.789,-3.677,-0.095,0.062,0.036,1762,0,0
1809309,-1.683,8.717,-3.766,-0.096,0.009,0.015,1759,0,0
1809329,-1.563,8.866,-3.843,-0.151,-0.006,0.022,1757,0,0
1809349,-1.468,8.842,-3.78,-0.211,0.007,0.047,1755,0,0
1809369,-1.456,8.744,-3.587,-0.207,0.02,0.058,1755,0,0
1809389,-1.463,8.784,-3.558,-0.145,0.017,0.04,1756,0,0
1809409,-1.489,8.892,-3.491,-0.124,-0.004,0.025,1757,0,0
1809429,-1.499,8.995,-3.515,-0.139,-0.017,0.034,1757,0,0
1809449,-1.456,9.014,-3.524,-0.128,-0.01,0.063,1758,0,0
1809469,-1.448,8.894,-3.555,-0.157,0.006,0.075,1760,0,0
1809489,-1.413,8.789,-3.546,-0.189,0.01,0.064,1762,0,0
1809509,-1.47,8.648,-3.548,-0.16,0.003,0.033,1763,0,0
1809529,-1.377,8.717,-3.618,-0.08,0.006,0.002,1763,0,0
1809549,-1.391,8.827,-3.606,-0.06,0.031,0.001,1761,0,0
1809569,-1.47,8.799,-3.546,-0.084,0.031,-0.006,1757,0,0
1809589,-1.441,8.882,-3.546,-0.054,0.022,-0.014,1752,0,0
1809609,-1.403,8.961,-3.548,-0.061,0.01,-0.014,1746,0,0
1809629,-1.437,8.978,-3.493,-0.092,0.017,-0.001,1744,0,0
1809649,-1.441,8.916,-3.601,-0.08,0.015,0.009,1743,0,0
1809669,-1.408,8.926,-3.603,-0.055,0.029,0.013,1742,0,0
1809689,-1.408,8.899,-3.567,-0.094,0.043,0.005,1740,0,0
1809709,-1.434,8.83,-3.519,-0.093,0.037,-0.015,1732,0,0
1809729,-1.386,8.916,-3.498,-0.057,0.038,-0.013,1726,0,0
1809749,-1.465,8.993,-3.357,-0.061,0.029,-0.007,1726,0,0
1809769,-1.465,8.947,-3.335,-0.098,-0.002,-0.003,1725,0,0
1809789,-1.336,8.933,-3.448,-0.078,-0.012,0.007,1720,0,0
1809809,-1.314,8.94,-3.414,-0.069,-0.006,0.01,1719,0,0
1809829,-1.451,8.878,-3.417,-0.114,-0.018,0.001,1717,0,0
1809849,-1.458,8.878,-3.555,-0.078,-0.027,-0.007,1715,0,0
1809869,-1.444,8.954,-3.632,-0.05,-0.007,-0.009,1713,0,0
1809889,-1.465,8.935,-3.558,-0.059,0.015,0.005,1713,0,0
1809909,-1.496,8.952,-3.536,-0.054,0.012,0.018,1709,0,0
1809929,-1.477,8.911,-3.486,-0.08,0.002,0.022,1699,0,0
1809949,-1.384,8.851,-3.498,-0.11,-0.001,0.009,1684,0,0
1809969,-1.425,8.77,-3.469,-0.101,0.006,-0.003,1669,0,0
1809989,-1.427,8.765,-3.436,-0.076,0.01,-0.01,1664,0,0
1810009,-1.393,8.854,-3.508,-0.055,0.006,-0.01,1665,0,0
1810029,-1.353,9.012,-3.474,-0.045,0.017,-0.003,1666,0,0
1810049,-1.429,9.029,-3.378,-0.063,0.033,-0.007,1669,0,0
1810069,-1.487,8.981,-3.304,-0.068,0.018,-0.006,1668,0,0
1810089,-1.448,9.014,-3.352,-0.05,-0.011,0.008,1668,0,0
1810109,-1.319,8.988,-3.421,-0.084,-0.019,0.023,1666,0,0
1810129,-1.319,8.88,-3.426,-0.086,-0.006,0.017,1666,0,0
1810149,-1.372,8.844,-3.417,-0.055,-0.014,0.0,1665,0,0
1810169,-1.389,8.892,-3.541,-0.05,-0.027,0.004,1664,0,0
1810189,-1.396,8.933,-3.587,-0.048,-0.017,0.015,1665,0,0
1810209,-1.398,8.921,-3.508,-0.076,-0.003,0.005,1665,0,0
1810229,-1.429,8.914,-3.474,-0.084,-0.007,-0.0,1664,0,0
1810249,-1.348,8.899,-3.61,-0.066,-0.005,0.014,1663,0,0
1810269,-1.317,8.818,-3.522,-0.086,0.014,0.009,1663,0,0
1810289,-1.367,8.813,-3.424,-0.067,0.021,-0.013,1663,0,0
1810309,-1.398,8.926,-3.4,-0.04,0.01,-0.018,1660,0,0
1810329,-1.319,8.945,-3.481,-0.087,-0.004,-0.006,1662,0,0
1810349,-1.319,8.792,-3.44,-0.105,0.007,-0.004,1659,0,0
1810369,-1.427,8.835,-3.428,-0.043,0.022,-0.009,1660,0,0
1810389,-1.477,8.926,-3.464,-0.034,0.023,-0.005,1660,0,0
1810409,-1.432,8.88,-3.498,-0.078,0.01,-0.003,1657,0,0
1810429,-1.379,8.825,-3.469,-0.074,0.011,-0.011,1655,0,0
1810449,-1.379,8.861,-3.476,-0.045,0.018,-0.017,1651,0,0
1810469,-1.405,8.918,-3.474,-0.044,0.023,-0.017,1649,0,0
1810489,-1.379,8.93,-3.515,-0.068,0.015,-0.018,1649,0,0
1810509,-1.389,8.894,-3.462,-0.07,0.017,-0.01,1648,0,0
1810529,-1.451,8.849,-3.436,-0.064,0.009,-0.008,1649,0,0
1810549,-1.458,8.849,-3.498,-0.081,-0.004,-0.012,1652,0,0
1810718,-1.429,9.005,-3.426,-0.039,0.024,0.011,1644,0,0
1810738,-1.432,8.985,-3.498,-0.051,0.013,0.016,1645,0,0
1810757,-1.386,8.952,-3.486,-0.071,0.016,0.021,1646,0,0
1810778,-1.396,8.923,-3.493,-0.034,0.021,0.022,1646,0,0
1810798,-1.377,8.911,-3.575,-0.056,0.029,0.026,1646,0,0
1810818,-1.302,8.803,-3.589,-0.061,0.042,0.024,1647,0,0
1810837,-1.334,8.777,-3.522,-0.033,0.059,0.019,1648,0,0
1810858,-1.36,8.811,-3.541,-0.019,0.067,0.019,1648,0,0
1810877,-1.326,8.847,-3.575,0.008,0.072,0.017,1647,0,0
1810898,-1.302,8.952,-3.563,0.016,0.077,0.027,1648,0,0
1810917,-1.36,8.971,-3.519,-0.014,0.079,0.024,1648,0,0
1810938,-1.369,8.976,-3.464,-0.035,0.068,0.02,1648,0,0
1810957,-1.334,8.964,-3.508,-0.021,0.056,0.02,1648,0,0
1810978,-1.257,8.945,-3.603,-0.045,0.051,0.018,1647,0,0
1810997,-1.243,8.878,-3.558,-0.055,0.068,0.017,1647,0,0
1811018,-1.346,8.875,-3.39,-0.061,0.056,0.008,1647,0,0
1811037,-1.401,8.89,-3.443,-0.059,0.027,0.001,1647,0,0
1811058,-1.314,8.835,-3.536,-0.104,-0.002,-0.008,1648,0,0
1811077,-1.185,8.775,-3.61,-0.103,0.01,-0.018,1647,0,0
1811097,-1.231,8.787,-3.529,-0.075,0.04,-0.023,1647,0,0
1811118,-1.267,8.854,-3.407,-0.037,0.046,-0.015,1647,0,0
1811138,-1.396,8.928,-3.412,-0.042,0.016,-0.017,1648,0,0
1811158,-1.377,8.921,-3.448,-0.07,-0.018,-0.013,1646,0,0
1811178,-1.281,8.842,-3.541,-0.09,-0.026,0.003,1646,0,0
1811197,-1.24,8.71,-3.496,-0.076,-0.007,-0.001,1646,0,0
1811218,-1.365,8.679,-3.491,-0.064,0.0,-0.03,1645,0,0
1811238,-1.358,8.813,-3.603,-0.03,0.0,-0.038,1646,0,0
1811258,-1.281,8.916,-3.615,-0.037,0.011,-0.042,1645,0,0
1811278,-1.247,8.95,-3.5,-0.059,0.021,-0.033,1645,0,0
1811297,-1.369,9.0,-3.402,-0.045,0.008,-0.027,1645,0,0
1811317,-1.343,9.002,-3.438,-0.067,-0.018,-0.026,1644,0,0
1811338,-1.298,8.95,-3.594,-0.071,-0.023,-0.013,1644,0,0
1811357,-1.204,8.918,-3.677,-0.042,-0.003,-0.003,1642,0,0
1811377,-1.283,8.878,-3.589,-0.037,0.017,-0.008,1641,0,0
1811397,-1.432,8.892,-3.551,-0.038,0.007,-0.018,1642,0,0
1811418,-1.405,8.966,-3.603,-0.059,-0.023,-0.023,1642,0,0
1811437,-1.281,8.897,-3.692,-0.101,-0.021,-0.018,1641,0,0
1811458,-1.228,8.827,-3.666,-0.078,0.023,-0.015,1640,0,0
1811478,-1.374,8.832,-3.546,-0.051,0.039,-0.025,1641,0,0
1811498,-1.446,8.911,-3.479,-0.06,0.014,-0.039,1640,0,0
1811517,-1.379,9.057,-3.558,-0.057,0.002,-0.034,1639,0,0
1811538,-1.281,9.052,-3.575,-0.076,0.016,-0.016,1636,0,0
1811557,-1.305,8.973,-3.431,-0.082,0.025,-0.009,1637,0,0
1811578,-1.346,8.969,-3.457,-0.048,0.008,-0.008,1635,0,0
1811597,-1.338,8.99,-3.572,-0.064,0.004,-0.002,1635,0,0
1811618,-1.298,8.995,-3.632,-0.068,0.007,0.001,1635,0,0
1811637,-1.326,8.959,-3.558,-0.066,0.02,0.006,1635,0,0
1811657,-1.405,8.887,-3.524,-0.073,0.009,0.01,1635,0,0
1811677,-1.338,8.818,-3.615,-0.059,-0.01,0.018,1636,0,0
1811698,-1.348,8.748,-3.74,-0.056,0.002,0.01,1636,0,0
1811717,-1.295,8.763,-3.745,-0.043,0.022,-0.009,1634,0,0
1811738,-1.312,8.851,-3.701,-0.026,0.042,-0.015,1635,0,0
1811758,-1.36,8.909,-3.618,-0.055,0.046,-0.01,1634,0,0
1811778,-1.381,8.851,-3.529,-0.079,0.028,-0.013,1634,0,0
1811797,-1.324,8.88,-3.498,-0.071,0.02,-0.021,1634,0,0
1811818,-1.398,8.923,-3.536,-0.081,0.014,-0.033,1634,0,0
1811837,-1.358,9.012,-3.606,-0.069,0.028,-0.026,1632,0,0
1811858,-1.386,9.041,-3.524,-0.057,0.055,-0.01,1633,0,0
1811878,-1.405,8.99,-3.366,-0.067,0.064,0.002,1633,0,0
1811898,-1.425,8.94,-3.268,-0.068,0.032,-0.006,1633,0,0
1811918,-1.365,8.964,-3.354,-0.086,-0.007,-0.011,1633,0,0
1811938,-1.298,9.017,-3.539,-0.066,-0.002,0.002,1633,0,0
1811958,-1.269,9.0,-3.491,-0.052,0.017,0.013,1632,0,0
1811978,-1.365,8.947,-3.426,-0.071,0.014,0.013,1632,0,0
1811997,-1.362,8.93,-3.464,-0.052,-0.007,0.014,1633,0,0
1812018,-1.317,8.983,-3.56,-0.058,-0.033,0.019,1632,0,0
1812038,-1.245,8.904,-3.642,-0.078,-0.029,0.031,1631,0,0
1812058,-1.3,8.787,-3.745,-0.067,-0.007,0.03,1631,0,0
1812077,-1.314,8.768,-3.735,-0.044,0.009,0.016,1631,0,0
1812097,-1.298,8.844,-3.699,-0.048,0.011,0.006,1630,0,0
1812117,-1.264,8.851,-3.677,-0.049,0.017,0.009,1631,0,0
1812138,-1.243,8.813,-3.661,-0.058,0.023,0.014,1632,0,0
1812157,-1.245,8.705,-3.615,-0.065,0.027,0.002,1632,0,0
1812178,-1.223,8.744,-3.5,-0.06,0.027,-0.015,1631,0,0
1812197,-1.259,8.811,-3.493,-0.044,0.026,-0.031,1632,0,0
1812218,-1.271,8.952,-3.457,-0.043,0.026,-0.037,1631,0,0
1812238,-1.267,8.983,-3.39,-0.089,0.014,-0.03,1631,0,0
1812257,-1.317,8.911,-3.405,-0.102,0.007,-0.023,1631,0,0
1812277,-1.358,8.885,-3.46,-0.06,0.007,-0.029,1632,0,0
1812298,-1.389,8.971,-3.551,-0.052,0.011,-0.023,1631,0,0
1812318,-1.401,8.94,-3.577,-0.066,0.01,-0.013,1631,0,0
1812338,-1.403,8.878,-3.558,-0.075,0.007,-0.008,1630,0,0
1812357,-1.343,8.844,-3.565,-0.058,0.002,-0.013,1631,0,0
1812378,-1.29,8.866,-3.613,-0.043,0.011,-0.011,1630,0,0
1812397,-1.286,8.873,-3.591,-0.034,0.014,-0.009,1629,0,0
1812418,-1.279,8.909,-3.615,-0.049,-0.001,-0.009,1630,0,0
1812437,-1.279,8.897,-3.618,-0.068,-0.001,-0.012,1630,0,0
1812457,-1.305,8.827,-3.675,-0.071,0.007,-0.011,1628,0,0
1812477,-1.338,8.823,-3.699,-0.041,0.018,-0.011,1629,0,0
1812498,-1.338,8.859,-3.68,-0.054,0.015,-0.026,1629,0,0
1812518,-1.252,8.885,-3.689,-0.071,0.025,-0.02,1629,0,0
1812537,-1.286,8.823,-3.584,-0.08,0.037,-0.02,1630,0,0
1812557,-1.353,8.856,-3.563,-0.058,0.027,-0.031,1630,0,0
1812578,-1.322,8.964,-3.598,-0.047,0.023,-0.033,1630,0,0
1812597,-1.338,9.052,-3.625,-0.056,0.031,-0.033,1630,0,0
1812681,-1.369,9.002,-3.541,-0.072,0.034,-0.005,1628,0,0
1812693,-1.389,8.99,-3.505,-0.07,0.038,-0.005,1629,0,0
1812704,-1.432,8.973,-3.491,-0.069,0.036,-0.003,1628,0,0
1812715,-1.437,8.966,-3.484,-0.073,0.032,0.003,1627,0,0
1812726,-1.422,8.945,-3.512,-0.084,0.027,0.006,1628,0,0
1812737,-1.408,8.918,-3.505,-0.092,0.031,0.006,1628,0,0
1812748,-1.408,8.868,-3.522,-0.097,0.037,0.002,1627,0,0
1812761,-1.405,8.873,-3.452,-0.08,0.035,-0.002,1627,0,0
1812974,-1.257,8.811,-3.589,-0.074,0.005,-0.028,1627,0,0
1812994,-1.365,8.784,-3.548,-0.04,0.009,-0.034,1627,0,0
1813014,-1.403,8.892,-3.663,-0.026,-0.001,-0.036,1627,0,0
1813034,-1.319,8.993,-3.766,-0.052,-0.004,-0.035,1628,0,0
1813054,-1.283,8.942,-3.675,-0.094,0.025,-0.037,1627,0,0
1813074,-1.346,8.909,-3.527,-0.054,0.038,-0.044,1627,0,0
1813094,-1.422,9.064,-3.488,-0.043,0.023,-0.044,1626,0,0
1813114,-1.425,9.179,-3.567,-0.062,0.018,-0.031,1628,0,0
1813134,-1.458,9.165,-3.596,-0.071,0.032,-0.01,1628,0,0
1813154,-1.484,9.079,-3.474,-0.082,0.041,-0.002,1628,0,0
1813174,-1.501,9.141,-3.44,-0.073,0.027,0.005,1629,0,0
1813194,-1.396,9.151,-3.4,-0.06,0.03,0.029,1629,0,0
1813214,-1.425,8.976,-3.378,-0.07,0.025,0.045,1629,0,0
1813234,-1.401,8.825,-3.455,-0.062,0.008,0.046,1629,0,0
1813254,-1.343,8.748,-3.531,-0.073,0.003,0.031,1629,0,0
1813274,-1.298,8.756,-3.534,-0.079,0.007,0.009,1629,0,0
1813294,-1.322,8.818,-3.479,-0.038,0.012,0.008,1628,0,0
1813315,-1.329,8.88,-3.46,-0.04,0.001,0.018,1628,0,0
1813334,-1.336,8.813,-3.543,-0.098,-0.022,0.017,1629,0,0
1813354,-1.231,8.758,-3.627,-0.092,-0.026,0.009,1629,0,0
1813375,-1.19,8.801,-3.651,-0.042,-0.002,0.004,1629,0,0
1813395,-1.286,8.818,-3.594,-0.042,0.011,0.002,1630,0,0
1813414,-1.338,8.856,-3.646,-0.042,-0.003,0.002,1628,0,0
1813434,-1.295,8.815,-3.764,-0.069,0.0,0.002,1629,0,0
1813455,-1.252,8.689,-3.704,-0.088,0.014,-0.01,1628,0,0
1813474,-1.211,8.655,-3.61,-0.05,0.027,-0.021,1628,0,0
1813494,-1.341,8.78,-3.594,-0.025,0.027,-0.039,1627,0,0
1813514,-1.377,8.969,-3.608,-0.046,0.019,-0.046,1629,0,0
1813534,-1.326,9.024,-3.598,-0.083,0.027,-0.033,1630,0,0
1813554,-1.293,8.926,-3.438,-0.089,0.037,-0.024,1628,0,0
1813575,-1.336,8.866,-3.338,-0.074,0.034,-0.032,1629,0,0
1813594,-1.403,8.885,-3.34,-0.072,0.011,-0.037,1628,0,0
1813614,-1.422,8.952,-3.431,-0.076,-0.006,-0.034,1629,0,0
1813634,-1.372,8.966,-3.519,-0.084,-0.009,-0.028,1628,0,0
1813654,-1.379,8.959,-3.493,-0.078,0.005,-0.023,1629,0,0
1813674,-1.408,8.94,-3.455,-0.067,0.006,-0.025,1630,0,0
1813695,-1.458,8.911,-3.505,-0.046,-0.006,-0.014,1628,0,0
1813714,-1.355,8.911,-3.634,-0.036,-0.017,0.0,1628,0,0
1813734,-1.295,8.856,-3.687,-0.057,-0.013,0.001,1628,0,0
1813754,-1.336,8.787,-3.666,-0.057,0.005,-0.006,1629,0,0
1813775,-1.377,8.823,-3.603,-0.033,0.007,-0.015,1629,0,0
1813795,-1.377,8.882,-3.603,-0.062,-0.006,-0.027,1630,0,0
1813814,-1.305,8.899,-3.61,-0.101,-0.001,-0.025,1628,0,0
1813834,-1.295,8.875,-3.524,-0.064,0.019,-0.017,1628,0,0
1813949,-1.353,8.933,-3.637,-0.058,0.033,-0.011,1629,0,0
1815954,-1.341,8.763,-3.651,-0.064,-0.003,-0.003,1623,0,0
1815973,-1.35,8.784,-3.689,-0.049,0.009,-0.015,1623,0,0
1815993,-1.386,8.875,-3.656,-0.04,0.019,-0.014,1622,0,0
1816013,-1.42,8.914,-3.615,-0.066,0.019,-0.011,1623,0,0
1816034,-1.343,8.859,-3.61,-0.072,0.013,-0.008,1621,0,0
1816053,-1.324,8.82,-3.632,-0.052,0.015,-0.013,1623,0,0
1816073,-1.307,8.849,-3.675,-0.059,0.018,-0.023,1624,0,0
1816093,-1.389,8.871,-3.68,-0.075,0.03,-0.023,1622,0,0
1816234,-1.41,8.811,-3.582,-0.049,0.01,-0.011,1622,0,0
1816254,-1.432,8.83,-3.563,-0.071,0.01,-0.026,1623,0,0
1816274,-1.391,8.885,-3.491,-0.08,0.018,-0.029,1622,0,0
1816294,-1.47,8.928,-3.467,-0.05,0.019,-0.019,1622,0,0
1816314,-1.437,8.978,-3.455,-0.048,0.005,-0.009,1621,0,0
1816334,-1.439,8.978,-3.488,-0.057,-0.002,-0.003,1622,0,0
1816354,-1.439,8.94,-3.512,-0.058,-0.003,0.009,1621,0,0
1816374,-1.434,8.842,-3.582,-0.052,-0.003,0.014,1621,0,0
1816394,-1.403,8.796,-3.62,-0.068,-0.005,0.002,1622,0,0
1816414,-1.377,8.796,-3.587,-0.066,0.007,-0.01,1622,0,0
1816434,-1.441,8.863,-3.529,-0.052,0.01,-0.014,1623,0,0
1816454,-1.398,8.964,-3.591,-0.048,0.002,-0.007,1621,0,0
1816474,-1.396,8.952,-3.567,-0.061,0.009,0.001,1623,0,0
1816494,-1.386,8.921,-3.594,-0.045,0.013,0.008,1623,0,0
1816514,-1.338,8.918,-3.531,-0.038,0.009,0.011,1622,0,0
1816534,-1.362,8.83,-3.515,-0.063,0.003,0.007,1621,0,0
1816554,-1.398,8.839,-3.613,-0.036,-0.008,0.007,1621,0,0
1816574,-1.355,8.794,-3.651,-0.046,-0.003,0.009,1622,0,0
1816594,-1.35,8.748,-3.668,-0.074,-0.003,-0.005,1621,0,0
1816614,-1.334,8.801,-3.67,-0.061,0.011,-0.017,1620,0,0
1816634,-1.377,8.88,-3.61,-0.051,0.013,-0.019,1620,0,0
1816654,-1.367,8.94,-3.644,-0.042,0.008,-0.012,1619,0,0
1816674,-1.288,8.909,-3.642,-0.066,0.007,0.002,1620,0,0
1816694,-1.279,8.76,-3.694,-0.077,0.007,-0.0,1620,0,0
1816714,-1.305,8.717,-3.733,-0.078,0.004,-0.019,1619,0,0
1816734,-1.322,8.77,-3.795,-0.071,0.01,-0.039,1621,0,0
1816754,-1.384,8.909,-3.797,-0.045,0.027,-0.031,1621,0,0
1816774,-1.427,8.94,-3.771,-0.034,0.042,-0.014,1619,0,0
1816794,-1.425,8.875,-3.689,-0.067,0.035,-0.014,1621,0,0
1816814,-1.369,8.863,-3.63,-0.058,0.036,-0.019,1619,0,0
1816834,-1.413,8.88,-3.57,-0.047,0.048,-0.018,1620,0,0
1816854,-1.47,8.909,-3.575,-0.039,0.041,-0.019,1619,0,0
1816874,-1.41,8.911,-3.63,-0.061,0.042,-0.013,1620,0,0
1816894,-1.444,8.83,-3.563,-0.085,0.047,-0.015,1620,0,0
1816914,-1.381,8.806,-3.484,-0.074,0.031,-0.025,1619,0,0
1816934,-1.398,8.859,-3.565,-0.048,0.025,-0.022,1619,0,0
1816954,-1.405,8.916,-3.575,-0.059,0.018,-0.024,1620,0,0
1816974,-1.389,8.909,-3.627,-0.075,0.014,-0.018,1620,0,0
1816994,-1.427,8.792,-3.67,-0.039,0.031,-0.022,1620,0,0
1817014,-1.463,8.882,-3.701,-0.01,0.029,-0.016,1620,0,0
1817034,-1.465,8.856,-3.709,-0.072,0.015,-0.017,1620,0,0
1817054,-1.441,8.813,-3.749,-0.067,0.032,-0.015,1620,0,0
1817074,-1.468,8.868,-3.62,-0.026,0.045,-0.017,1621,0,0
1817094,-1.532,8.983,-3.589,-0.037,0.05,-0.014,1621,0,0
1817114,-1.506,9.009,-3.555,-0.051,0.043,-0.008,1620,0,0
1817134,-1.415,8.985,-3.589,-0.065,0.042,0.001,1620,0,0
1817154,-1.377,8.947,-3.536,-0.057,0.05,0.007,1620,0,0
1817174,-1.401,8.966,-3.426,-0.05,0.042,0.002,1620,0,0
1817194,-1.417,9.05,-3.505,-0.05,0.019,0.002,1620,0,0
1817214,-1.358,9.088,-3.584,-0.068,0.007,0.018,1621,0,0
1817234,-1.358,8.961,-3.603,-0.07,0.015,0.025,1622,0,0
1817254,-1.427,8.928,-3.615,-0.04,0.014,0.028,1620,0,0
1817274,-1.432,8.938,-3.685,-0.053,0.003,0.035,1622,0,0
1817294,-1.377,8.866,-3.725,-0.078,0.006,0.036,1619,0,0
1817314,-1.334,8.777,-3.67,-0.069,0.02,0.038,1619,0,0
1817334,-1.319,8.724,-3.62,-0.074,0.026,0.03,1620,0,0
1817354,-1.286,8.696,-3.56,-0.074,0.019,0.021,1619,0,0
1817374,-1.3,8.758,-3.579,-0.059,0.005,0.007,1620,0,0
1817394,-1.317,8.806,-3.63,-0.077,-0.005,0.003,1619,0,0
1817414,-1.288,8.746,-3.709,-0.088,-0.006,0.003,1619,0,0
1817434,-1.298,8.698,-3.658,-0.06,0.003,0.003,1620,0,0
1817454,-1.334,8.722,-3.68,-0.045,0.006,0.002,1618,0,0
1817474,-1.331,8.734,-3.61,-0.05,0.005,-0.001,1619,0,0
1817494,-1.336,8.672,-3.661,-0.066,0.002,-0.012,1618,0,0
1817514,-1.331,8.715,-3.646,-0.034,0.004,-0.02,1618,0,0
1817534,-1.331,8.763,-3.637,-0.027,0.011,-0.02,1619,0,0
1817554,-1.31,8.787,-3.639,-0.048,0.008,-0.025,1618,0,0
1817574,-1.307,8.806,-3.625,-0.06,-0.001,-0.038,1618,0,0
1817594,-1.312,8.875,-3.632,-0.05,0.003,-0.037,1619,0,0
1817614,-1.331,8.827,-3.62,-0.049,0.006,-0.023,1618,0,0
1817634,-1.381,8.799,-3.642,-0.047,-0.004,-0.026,1619,0,0
1817654,-1.331,8.815,-3.759,-0.047,-0.006,-0.041,1618,0,0
1817674,-1.302,8.902,-3.742,-0.054,0.007,-0.051,1618,0,0
1817694,-1.336,8.973,-3.716,-0.053,0.011,-0.052,1619,0,0
1817714,-1.365,9.005,-3.654,-0.058,0.011,-0.038,1618,0,0
1817734,-1.429,9.017,-3.745,-0.064,0.0,-0.029,1619,0,0
1817754,-1.401,9.036,-3.792,-0.056,0.0,-0.027,1618,0,0
1817774,-1.441,9.005,-3.802,-0.068,0.02,-0.009,1618,0,0
1817794,-1.472,8.902,-3.776,-0.062,0.026,-0.003,1618,0,0
1817814,-1.417,8.83,-3.747,-0.076,0.023,-0.009,1618,0,0
1817834,-1.374,8.815,-3.713,-0.075,0.027,-0.01,1618,0,0
1817854,-1.465,8.815,-3.682,-0.073,0.028,-0.022,1618,0,0
1817874,-1.441,8.921,-3.644,-0.07,0.025,-0.024,1618,0,0
1817894,-1.463,8.935,-3.699,-0.088,0.027,-0.013,1619,0,0
1817914,-1.451,8.909,-3.565,-0.075,0.037,-0.008,1618,0,0
1818046,-1.446,8.811,-3.62,-0.052,0.005,0.002,1619,0,0
1818066,-1.405,8.839,-3.649,-0.067,-0.007,-0.002,1618,0,0
1818086,-1.374,8.863,-3.603,-0.067,-0.006,-0.003,1618,0,0
1818197,-1.403,8.818,-3.654,-0.061,0.014,0.005,1618,0,0
1818209,-1.405,8.82,-3.601,-0.063,0.009,-0.001,1618,0,0
1818219,-1.393,8.854,-3.644,-0.067,0.003,-0.001,1618,0,0
1818230,-1.379,8.878,-3.625,-0.077,0.002,0.006,1619,0,0
1818241,-1.358,8.885,-3.649,-0.081,0.002,0.011,1618,0,0
1818251,-1.362,8.844,-3.62,-0.071,0.007,0.011,1619,0,0
1818262,-1.358,8.799,-3.596,-0.06,0.004,0.011,1620,0,0
1818273,-1.391,8.794,-3.57,-0.052,0.009,0.011,1618,0,0
1818355,-1.314,8.693,-3.596,-0.031,-0.005,0.0,1617,0,0
1818366,-1.324,8.732,-3.579,-0.035,-0.007,-0.005,1618,0,0
1818377,-1.381,8.77,-3.649,-0.035,-0.01,-0.008,1617,0,0
1818388,-1.389,8.806,-3.689,-0.037,-0.015,-0.007,1618,0,0
1818400,-1.322,8.815,-3.733,-0.048,-0.015,-0.003,1618,0,0
1818411,-1.305,8.77,-3.716,-0.055,-0.007,-0.004,1619,0,0
1818422,-1.314,8.734,-3.687,-0.054,-0.004,-0.009,1618,0,0
1818489,-1.35,8.775,-3.847,-0.063,0.011,-0.016,1618,0,0
1818501,-1.369,8.803,-3.795,-0.045,0.024,-0.022,1618,0,0
1818512,-1.393,8.847,-3.771,-0.033,0.031,-0.025,1618,0,0
1818523,-1.403,8.916,-3.713,-0.028,0.03,-0.022,1618,0,0
1818534,-1.396,8.964,-3.651,-0.03,0.026,-0.016,1618,0,0
1818636,-1.42,8.976,-3.711,-0.049,0.004,-0.005,1620,0,0
1818656,-1.377,9.005,-3.759,-0.055,0.003,0.008,1619,0,0
1818675,-1.386,8.89,-3.728,-0.075,0.01,0.014,1619,0,0
1818696,-1.401,8.787,-3.639,-0.066,0.009,0.009,1618,0,0
1818716,-1.417,8.801,-3.675,-0.051,-0.003,0.001,1618,0,0
1818736,-1.41,8.849,-3.701,-0.071,-0.007,0.001,1619,0,0
1818756,-1.384,8.842,-3.689,-0.07,0.001,0.007,1618,0,0
1818776,-1.393,8.753,-3.637,-0.064,0.003,0.004,1620,0,0
1818796,-1.369,8.717,-3.608,-0.051,-0.005,0.002,1618,0,0
1818816,-1.353,8.717,-3.685,-0.063,-0.021,0.002,1618,0,0
1818836,-1.334,8.698,-3.761,-0.067,-0.017,-0.008,1619,0,0
1818856,-1.346,8.727,-3.783,-0.061,-0.005,-0.016,1618,0,0
1818876,-1.386,8.782,-3.728,-0.046,0.004,-0.019,1620,0,0
1818896,-1.377,8.825,-3.692,-0.046,-0.0,-0.017,1618,0,0
1818916,-1.365,8.854,-3.692,-0.029,-0.0,-0.01,1619,0,0
1818936,-1.334,8.873,-3.754,-0.051,-0.006,-0.011,1619,0,0
1818955,-1.374,8.835,-3.742,-0.055,-0.005,-0.014,1618,0,0
1818976,-1.42,8.861,-3.792,-0.043,0.001,-0.012,1619,0,0
1818996,-1.353,8.856,-3.747,-0.043,0.013,-0.008,1619,0,0
1819016,-1.319,8.823,-3.694,-0.049,0.009,-0.015,1620,0,0
1819036,-1.305,8.868,-3.711,-0.049,-0.006,-0.022,1619,0,0
1819056,-1.312,8.906,-3.718,-0.066,-0.003,-0.026,1618,0,0
1819076,-1.415,8.964,-3.766,-0.05,0.003,-0.02,1618,0,0
1819096,-1.41,8.894,-3.764,-0.03,0.011,-0.003,1618,0,0
1819116,-1.417,8.945,-3.845,-0.02,0.018,0.0,1619,0,0
1819136,-1.413,8.897,-3.826,-0.082,0.011,0.0,1619,0,0
1819155,-1.384,8.796,-3.752,-0.082,0.014,-0.005,1619,0,0
1819176,-1.456,8.866,-3.73,-0.038,0.018,-0.003,1619,0,0
1819195,-1.405,8.911,-3.723,-0.053,0.018,0.004,1618,0,0
1819216,-1.422,8.811,-3.668,-0.088,0.017,0.01,1619,0,0
1819235,-1.386,8.772,-3.63,-0.055,0.011,0.006,1618,0,0
1819256,-1.398,8.772,-3.62,-0.058,0.003,-0.003,1618,0,0
1819275,-1.367,8.782,-3.706,-0.062,-0.001,-0.009,1617,0,0
1819296,-1.348,8.813,-3.713,-0.047,0.005,-0.004,1619,0,0
1819315,-1.398,8.813,-3.709,-0.069,0.004,-0.005,1618,0,0
1819336,-1.384,8.772,-3.668,-0.069,0.001,-0.006,1618,0,0
1819355,-1.393,8.775,-3.713,-0.048,-0.004,-0.011,1618,0,0
1819376,-1.372,8.854,-3.783,-0.038,-0.004,-0.007,1619,0,0
1819396,-1.391,8.844,-3.795,-0.059,-0.003,-0.007,1619,0,0
1819416,-1.377,8.806,-3.768,-0.069,-0.003,-0.007,1619,0,0
1819436,-1.391,8.803,-3.788,-0.053,0.003,-0.013,1620,0,0
1819456,-1.417,8.863,-3.833,-0.049,0.004,-0.011,1620,0,0
1819476,-1.362,8.847,-3.819,-0.065,0.008,-0.006,1620,0,0
1819496,-1.338,8.827,-3.768,-0.064,0.015,-0.009,1619,0,0
1819516,-1.398,8.904,-3.697,-0.044,0.013,-0.017,1619,0,0
1819536,-1.391,8.985,-3.747,-0.048,0.007,-0.004,1619,0,0
1819556,-1.379,8.887,-3.74,-0.069,0.008,0.015,1618,0,0
1819576,-1.367,8.77,-3.733,-0.059,0.007,0.011,1619,0,0
1819595,-1.381,8.823,-3.749,-0.044,0.012,-0.002,1618,0,0
1819616,-1.389,8.866,-3.723,-0.071,0.01,0.0,1619,0,0
1819635,-1.369,8.794,-3.754,-0.063,0.006,0.004,1618,0,0
1819656,-1.334,8.801,-3.773,-0.06,0.017,0.002,1618,0,0
1819676,-1.41,8.82,-3.713,-0.059,0.015,-0.002,1618,0,0
1819696,-1.451,8.803,-3.694,-0.068,-0.001,-0.002,1618,0,0
1819716,-1.377,8.748,-3.778,-0.076,-0.007,0.0,1619,0,0
1819736,-1.295,8.739,-3.773,-0.058,0.005,-0.01,1619,0,0
1819756,-1.36,8.818,-3.687,-0.053,0.009,-0.026,1619,0,0
1819776,-1.425,8.95,-3.723,-0.056,-0.006,-0.019,1619,0,0
1819796,-1.417,8.918,-3.771,-0.078,-0.01,-0.0,1618,0,0
1819816,-1.381,8.827,-3.838,-0.077,-0.003,0.003,1619,0,0
1819836,-1.408,8.787,-3.857,-0.062,0.012,0.001,1618,0,0
