2490854,-0.148,5.318,-8.784,-0.013,-0.035,-0.012,1669,0,0
2490874,-0.103,5.423,-8.856,0.052,-0.014,0.014,1666,0,0
2490894,-0.127,5.298,-8.861,-0.006,0.012,0.021,1665,0,0
2490914,-0.187,5.176,-8.77,-0.006,0.027,0.022,1663,0,0
2490934,-0.218,5.164,-8.765,-0.016,0.008,0.018,1664,0,0
2490954,-0.153,4.994,-8.801,-0.067,0.0,-0.013,1663,0,0
2490974,-0.113,5.09,-8.789,-0.053,0.033,-0.055,1661,0,0
2490994,-0.225,5.152,-8.768,-0.057,0.051,-0.055,1660,0,0
2491014,-0.225,5.176,-8.792,-0.09,0.052,-0.039,1659,0,0
2491035,-0.204,5.152,-8.696,-0.131,0.047,-0.063,1656,0,0
2491054,-0.192,5.234,-8.655,-0.142,0.054,-0.106,1655,0,0
2491075,-0.139,5.397,-8.705,-0.089,0.052,-0.119,1652,0,0
2491094,-0.115,5.634,-8.66,-0.05,0.066,-0.067,1649,0,0
2491114,-0.16,5.538,-8.605,-0.143,0.066,-0.034,1648,0,0
2491134,-0.189,5.37,-8.6,-0.179,0.048,-0.053,1647,0,0
2491154,-0.204,5.435,-8.645,-0.163,0.038,-0.071,1645,0,0
2491174,-0.168,5.466,-8.617,-0.121,0.042,-0.057,1645,0,0
2491194,-0.239,5.461,-8.566,-0.095,0.042,-0.027,1645,0,0
2491214,-0.23,5.499,-8.641,-0.076,0.019,-0.018,1639,0,0
2491234,-0.189,5.6,-8.703,-0.096,0.016,-0.022,1640,0,0
2491254,-0.158,5.593,-8.698,-0.114,0.03,-0.023,1638,0,0
2491274,-0.172,5.588,-8.681,-0.061,0.041,0.002,1637,0,0
2491294,-0.168,5.567,-8.633,-0.047,0.042,0.023,1635,0,0
2491314,-0.124,5.499,-8.531,-0.013,0.039,0.006,1635,0,0
2491334,-0.134,5.598,-8.533,0.04,0.02,0.022,1634,0,0
2491354,-0.093,5.543,-8.574,-0.006,-0.006,0.053,1633,0,0
2491374,-0.122,5.42,-8.662,-0.019,-0.007,0.063,1633,0,0
2491395,-0.081,5.341,-8.641,-0.022,0.002,0.056,1629,0,0
2491414,-0.045,5.212,-8.66,-0.009,0.003,0.046,1631,0,0
2491434,-0.103,5.239,-8.645,0.022,0.007,0.046,1630,0,0
2491454,-0.093,5.253,-8.581,-0.033,0.006,0.028,1631,0,0
2491475,-0.208,5.14,-8.574,-0.074,-0.009,0.013,1631,0,0
2491494,-0.11,5.09,-8.689,-0.047,-0.025,0.025,1632,0,0
2491514,-0.053,5.104,-8.748,-0.064,-0.018,0.015,1631,0,0
2491534,-0.067,5.167,-8.667,-0.08,0.0,-0.021,1630,0,0
2491554,-0.141,5.217,-8.638,-0.06,0.011,-0.032,1629,0,0
2491574,-0.153,5.246,-8.648,-0.026,-0.012,-0.014,1626,0,0
2491594,-0.06,5.344,-8.751,-0.059,-0.024,0.004,1625,0,0
2491614,-0.127,5.231,-8.818,-0.123,0.003,-0.012,1625,0,0
2491634,-0.144,5.191,-8.701,-0.08,0.025,-0.029,1624,0,0
2491654,-0.187,5.327,-8.636,-0.032,0.021,-0.024,1624,0,0
2491675,-0.141,5.325,-8.626,-0.081,0.005,-0.017,1624,0,0
2491694,-0.127,5.306,-8.648,-0.074,0.001,-0.028,1624,0,0
2491714,-0.108,5.44,-8.633,-0.066,0.012,-0.028,1625,0,0
2491734,-0.148,5.38,-8.588,-0.125,0.008,-0.014,1625,0,0
2491754,-0.187,5.274,-8.622,-0.13,-0.0,-0.02,1624,0,0
2491774,-0.196,5.308,-8.629,-0.113,-0.006,-0.036,1624,0,0
2491794,-0.184,5.37,-8.6,-0.087,-0.001,-0.032,1624,0,0
2491814,-0.163,5.38,-8.581,-0.089,0.001,-0.017,1624,0,0
2491834,-0.201,5.322,-8.586,-0.15,-0.007,-0.017,1622,0,0
2491854,-0.146,5.227,-8.622,-0.191,-0.014,-0.053,1622,0,0
2491874,-0.134,5.282,-8.519,-0.161,-0.005,-0.102,1623,0,0
2491894,-0.182,5.349,-8.475,-0.083,-0.008,-0.076,1623,0,0
2491914,-0.223,5.516,-8.521,-0.061,-0.022,-0.023,1622,0,0
2491934,-0.239,5.44,-8.581,-0.143,-0.051,-0.035,1622,0,0
2491954,-0.184,5.428,-8.701,-0.106,-0.059,-0.045,1619,0,0
2491974,-0.177,5.61,-8.772,-0.083,-0.042,-0.03,1618,0,0
2491995,-0.211,5.531,-8.739,-0.119,-0.025,-0.015,1616,0,0
2492014,-0.249,5.509,-8.689,-0.099,-0.011,-0.031,1616,0,0
2492034,-0.268,5.574,-8.65,-0.083,-0.003,-0.039,1616,0,0
2492054,-0.314,5.488,-8.614,-0.093,-0.017,-0.022,1615,0,0
2492074,-0.249,5.511,-8.598,-0.062,-0.026,-0.004,1615,0,0
2492094,-0.271,5.557,-8.66,-0.093,-0.016,-0.023,1613,0,0
2492114,-0.299,5.535,-8.612,-0.126,0.003,-0.024,1614,0,0
2492134,-0.323,5.394,-8.492,-0.12,0.009,-0.022,1615,0,0
2492154,-0.311,5.461,-8.437,-0.06,-0.006,-0.029,1614,0,0
2492174,-0.271,5.614,-8.504,-0.034,-0.017,-0.027,1615,0,0
2492194,-0.275,5.65,-8.528,-0.081,-0.026,-0.015,1614,0,0
2492214,-0.34,5.523,-8.552,-0.141,-0.023,-0.01,1611,0,0
2492234,-0.381,5.339,-8.622,-0.126,-0.018,-0.014,1610,0,0
2492254,-0.378,5.442,-8.581,-0.059,-0.011,-0.02,1607,0,0
2492274,-0.35,5.507,-8.516,-0.084,-0.003,-0.036,1605,0,0
2492294,-0.342,5.624,-8.442,-0.067,0.001,-0.031,1605,0,0
2492314,-0.388,5.66,-8.502,-0.102,-0.001,-0.014,1604,0,0
2492334,-0.376,5.526,-8.497,-0.138,-0.008,-0.02,1604,0,0
2492354,-0.314,5.48,-8.413,-0.092,-0.001,-0.029,1602,0,0
2492374,-0.34,5.564,-8.356,-0.068,-0.001,-0.026,1602,0,0
2492394,-0.345,5.6,-8.387,-0.099,-0.025,-0.039,1601,0,0
2492414,-0.338,5.636,-8.44,-0.081,-0.044,-0.038,1599,0,0
2492434,-0.409,5.629,-8.485,-0.138,-0.03,-0.018,1599,0,0
2492454,-0.424,5.523,-8.483,-0.139,-0.011,0.002,1598,0,0
2492474,-0.464,5.406,-8.459,-0.137,-0.002,-0.006,1598,0,0
2492494,-0.448,5.473,-8.507,-0.118,0.009,-0.019,1598,0,0
2492514,-0.474,5.547,-8.521,-0.14,0.014,-0.026,1597,0,0
2492534,-0.412,5.535,-8.418,-0.137,0.017,-0.025,1597,0,0
2492554,-0.433,5.629,-8.38,-0.098,0.017,-0.017,1597,0,0
2492574,-0.397,5.72,-8.37,-0.087,0.017,-0.025,1597,0,0
2492594,-0.35,5.758,-8.408,-0.083,0.009,-0.017,1597,0,0
2492614,-0.292,5.794,-8.394,-0.095,0.009,0.006,1596,0,0
2492634,-0.357,5.71,-8.392,-0.145,0.001,0.007,1595,0,0
2492654,-0.388,5.667,-8.363,-0.135,-0.009,-0.006,1595,0,0
2492674,-0.378,5.744,-8.454,-0.096,-0.005,-0.011,1595,0,0
2492694,-0.362,5.804,-8.437,-0.075,0.007,0.009,1595,0,0
2492714,-0.417,5.734,-8.404,-0.097,0.015,0.027,1595,0,0
2492734,-0.419,5.593,-8.346,-0.139,0.005,0.018,1595,0,0
2492754,-0.376,5.543,-8.32,-0.133,-0.002,-0.001,1594,0,0
2492775,-0.39,5.624,-8.411,-0.075,-0.001,-0.014,1595,0,0
2492794,-0.352,5.775,-8.423,-0.046,0.007,-0.016,1593,0,0
2492814,-0.357,5.871,-8.375,-0.064,0.013,-0.003,1593,0,0
2492834,-0.464,5.868,-8.384,-0.112,0.006,0.011,1594,0,0
2492854,-0.395,5.72,-8.411,-0.167,-0.01,0.007,1591,0,0
2492874,-0.333,5.691,-8.497,-0.119,0.008,0.008,1593,0,0
2492894,-0.397,5.737,-8.504,-0.071,0.033,0.006,1594,0,0
2492914,-0.433,5.782,-8.473,-0.065,0.039,0.004,1594,0,0
2492934,-0.369,5.816,-8.464,-0.089,0.038,0.011,1592,0,0
2492954,-0.294,5.691,-8.454,-0.122,0.036,0.012,1593,0,0
2492974,-0.34,5.689,-8.413,-0.075,0.048,0.013,1591,0,0
2492994,-0.342,5.76,-8.435,-0.033,0.048,0.014,1593,0,0
2493014,-0.28,5.816,-8.442,-0.045,0.047,0.019,1591,0,0
2493034,-0.254,5.763,-8.411,-0.077,0.058,0.025,1591,0,0
2493054,-0.321,5.641,-8.382,-0.096,0.062,0.022,1592,0,0
2493074,-0.381,5.629,-8.437,-0.077,0.067,0.022,1591,0,0
2493094,-0.342,5.61,-8.452,-0.068,0.066,0.016,1592,0,0
2493114,-0.309,5.617,-8.42,-0.091,0.079,-0.002,1593,0,0
2493135,-0.333,5.61,-8.322,-0.112,0.076,-0.023,1594,0,0
2493154,-0.359,5.693,-8.308,-0.088,0.069,-0.018,1593,0,0
2493174,-0.328,5.725,-8.32,-0.065,0.074,-0.009,1593,0,0
2493194,-0.28,5.715,-8.286,-0.059,0.081,-0.012,1593,0,0
2493214,-0.261,5.746,-8.229,-0.081,0.087,-0.019,1589,0,0
2493234,-0.266,5.748,-8.191,-0.092,0.079,-0.025,1593,0,0
2493254,-0.227,5.863,-8.135,-0.073,0.071,-0.035,1593,0,0
2493274,-0.144,5.981,-8.025,-0.063,0.059,-0.028,1594,0,0
2493294,-0.165,6.031,-8.006,-0.071,0.05,0.001,1595,0,0
2493315,-0.189,5.902,-8.013,-0.088,0.026,0.018,1594,0,0
2493334,-0.16,5.849,-8.112,-0.081,0.008,0.015,1594,0,0
2493354,-0.189,5.794,-8.135,-0.104,-0.003,0.005,1594,0,0
2493374,-0.28,5.741,-8.222,-0.077,-0.013,0.002,1594,0,0
2493394,-0.259,5.808,-8.291,-0.039,-0.018,0.002,1594,0,0
2493414,-0.242,5.866,-8.298,-0.057,-0.013,0.005,1594,0,0
2493434,-0.275,5.799,-8.303,-0.081,-0.006,0.009,1594,0,0
2493454,-0.28,5.753,-8.291,-0.074,-0.005,0.003,1594,0,0
2493474,-0.187,5.763,-8.27,-0.087,-0.007,-0.004,1594,0,0
2493494,-0.194,5.734,-8.298,-0.072,-0.005,-0.002,1594,0,0
2493514,-0.249,5.808,-8.267,-0.045,-0.005,-0.001,1594,0,0
2493534,-0.278,5.832,-8.255,-0.05,-0.007,-0.003,1593,0,0
2493554,-0.244,5.806,-8.291,-0.056,-0.012,0.004,1592,0,0
2493574,-0.182,5.784,-8.294,-0.052,-0.01,0.014,1593,0,0
2493594,-0.184,5.756,-8.284,-0.066,-0.013,0.008,1594,0,0
2493614,-0.208,5.741,-8.305,-0.079,-0.02,-0.006,1594,0,0
2493634,-0.273,5.765,-8.346,-0.066,-0.025,-0.019,1595,0,0
2493654,-0.208,5.816,-8.43,-0.035,-0.02,-0.01,1594,0,0
2493674,-0.211,5.895,-8.452,-0.025,-0.001,-0.0,1595,0,0
2493694,-0.235,5.892,-8.394,-0.056,0.01,0.006,1594,0,0
2493714,-0.28,5.827,-8.38,-0.079,0.007,0.014,1594,0,0
2493734,-0.223,5.748,-8.337,-0.066,0.001,0.012,1594,0,0
2493754,-0.259,5.739,-8.377,-0.037,0.007,0.008,1594,0,0
2493774,-0.249,5.792,-8.349,-0.025,0.015,0.008,1593,0,0
2493794,-0.263,5.796,-8.353,-0.057,0.018,0.006,1595,0,0
2493814,-0.247,5.705,-8.236,-0.08,0.014,0.002,1593,0,0
2493834,-0.223,5.722,-8.222,-0.061,0.014,0.0,1593,0,0
2493854,-0.213,5.739,-8.212,-0.058,0.009,-0.005,1593,0,0
2493874,-0.22,5.732,-8.294,-0.054,0.0,-0.006,1593,0,0
2493894,-0.239,5.741,-8.358,-0.074,-0.009,-0.011,1594,0,0
2493914,-0.227,5.76,-8.384,-0.07,-0.008,-0.013,1591,0,0
2493934,-0.242,5.787,-8.384,-0.055,0.005,-0.018,1593,0,0
2493954,-0.256,5.825,-8.437,-0.056,0.009,-0.019,1592,0,0
2493974,-0.29,5.827,-8.459,-0.073,0.01,-0.01,1593,0,0
2493994,-0.309,5.808,-8.44,-0.066,0.025,-0.008,1593,0,0
2494014,-0.306,5.801,-8.296,-0.054,0.035,-0.014,1592,0,0
2494034,-0.314,5.847,-8.262,-0.052,0.035,-0.01,1592,0,0
2494054,-0.204,5.856,-8.207,-0.079,0.019,-0.01,1591,0,0
2494074,-0.22,5.856,-8.229,-0.083,0.012,-0.019,1593,0,0
2494106,-0.239,6.009,-8.272,-0.053,0.014,0.006,1591,0,0
2494119,-0.287,5.947,-8.248,-0.067,0.009,0.02,1592,0,0
2494134,-0.28,5.856,-8.277,-0.08,-0.003,0.019,1592,0,0
2494154,-0.225,5.794,-8.368,-0.066,-0.002,0.013,1591,0,0
2494174,-0.22,5.82,-8.382,-0.071,0.019,0.011,1592,0,0
2494194,-0.347,5.775,-8.279,-0.077,0.024,0.011,1593,0,0
2494214,-0.321,5.78,-8.265,-0.073,0.014,0.01,1590,0,0
2494234,-0.23,5.758,-8.27,-0.088,0.009,-0.0,1589,0,0
2494254,-0.16,5.784,-8.231,-0.08,0.016,-0.002,1590,0,0
2494274,-0.294,5.777,-8.179,-0.078,0.007,0.001,1591,0,0
2494294,-0.278,5.827,-8.222,-0.056,-0.014,0.001,1590,0,0
2494314,-0.144,5.875,-8.313,-0.076,-0.004,-0.007,1590,0,0
2494334,-0.141,5.935,-8.215,-0.078,0.014,0.005,1590,0,0
2494354,-0.283,5.813,-8.119,-0.087,0.005,0.017,1592,0,0
2494374,-0.335,5.696,-8.215,-0.065,-0.021,0.018,1590,0,0
2494394,-0.187,5.653,-8.344,-0.047,-0.013,0.017,1590,0,0
2494414,-0.134,5.662,-8.282,-0.058,0.009,0.002,1590,0,0
2494434,-0.242,5.641,-8.238,-0.064,0.002,-0.009,1590,0,0
2494454,-0.189,5.669,-8.31,-0.052,-0.011,-0.006,1590,0,0
2494474,-0.17,5.696,-8.337,-0.054,-0.007,-0.012,1591,0,0
2494494,-0.201,5.717,-8.313,-0.04,-0.005,-0.018,1590,0,0
2494515,-0.292,5.734,-8.31,-0.05,0.0,-0.012,1588,0,0
2494534,-0.261,5.708,-8.344,-0.058,-0.008,-0.018,1590,0,0
2494554,-0.266,5.76,-8.356,-0.059,0.0,-0.041,1591,0,0
2494574,-0.256,5.895,-8.377,-0.042,0.012,-0.038,1591,0,0
2494594,-0.33,5.918,-8.282,-0.079,0.017,-0.03,1591,0,0
2494614,-0.294,5.885,-8.21,-0.063,0.004,-0.025,1591,0,0
2494634,-0.247,5.942,-8.26,-0.028,0.001,-0.016,1591,0,0
2494655,-0.292,5.947,-8.262,-0.069,0.002,-0.013,1591,0,0
2494674,-0.261,5.921,-8.265,-0.082,0.001,-0.013,1590,0,0
2494694,-0.304,5.964,-8.219,-0.069,0.001,-0.014,1592,0,0
2494714,-0.338,5.997,-8.277,-0.041,-0.004,0.001,1592,0,0
2494734,-0.309,6.012,-8.262,-0.054,-0.003,0.022,1592,0,0
2494754,-0.309,5.863,-8.243,-0.095,-0.003,0.022,1593,0,0
2494774,-0.278,5.789,-8.231,-0.087,-0.015,0.01,1593,0,0
2494794,-0.232,5.806,-8.31,-0.059,-0.019,0.012,1594,0,0
2494814,-0.247,5.856,-8.384,-0.055,-0.013,0.007,1593,0,0
2494834,-0.314,5.89,-8.459,-0.046,-0.009,0.015,1592,0,0
2494854,-0.323,5.88,-8.511,-0.055,0.006,0.035,1593,0,0
2494874,-0.299,5.734,-8.509,-0.079,0.015,0.039,1593,0,0
2494894,-0.28,5.665,-8.466,-0.062,0.029,0.02,1593,0,0
2494914,-0.283,5.705,-8.404,-0.065,0.035,0.001,1593,0,0
2494934,-0.275,5.751,-8.322,-0.054,0.045,0.003,1593,0,0
2494954,-0.194,5.792,-8.215,-0.058,0.038,0.005,1593,0,0
2494974,-0.194,5.763,-8.15,-0.081,0.023,-0.005,1593,0,0
2494994,-0.259,5.806,-8.217,-0.071,0.014,-0.012,1594,0,0
2495014,-0.237,5.871,-8.234,-0.051,0.021,-0.001,1594,0,0
2495034,-0.225,5.806,-8.133,-0.052,0.03,0.015,1594,0,0
2495054,-0.235,5.794,-8.045,-0.056,0.018,0.003,1593,0,0
2495074,-0.268,5.799,-8.114,-0.057,-0.005,0.003,1594,0,0
2495094,-0.256,5.739,-8.198,-0.055,-0.011,0.017,1593,0,0
2495114,-0.266,5.674,-8.289,-0.055,-0.01,0.01,1592,0,0
2495134,-0.323,5.674,-8.284,-0.054,-0.003,-0.008,1594,0,0
2495155,-0.263,5.751,-8.351,-0.056,-0.005,-0.014,1592,0,0
2495174,-0.237,5.792,-8.294,-0.066,-0.003,-0.013,1595,0,0
2495194,-0.271,5.801,-8.229,-0.06,-0.001,-0.009,1594,0,0
2495214,-0.326,5.796,-8.327,-0.074,-0.011,-0.007,1595,0,0
2495234,-0.235,5.775,-8.373,-0.062,-0.011,-0.008,1593,0,0
2495254,-0.218,5.837,-8.387,-0.06,0.003,-0.016,1594,0,0
2495274,-0.292,5.921,-8.27,-0.064,0.011,-0.02,1594,0,0
2495294,-0.285,5.928,-8.236,-0.059,0.001,-0.002,1595,0,0
2495314,-0.249,5.83,-8.279,-0.07,-0.008,0.012,1595,0,0
2495334,-0.187,5.758,-8.337,-0.061,-0.007,0.011,1594,0,0
2495354,-0.211,5.734,-8.332,-0.054,0.002,-0.003,1594,0,0
2495374,-0.254,5.792,-8.279,-0.062,0.004,-0.011,1595,0,0
2495394,-0.285,5.863,-8.27,-0.048,-0.002,-0.006,1593,0,0
2495414,-0.304,5.849,-8.291,-0.063,-0.003,0.006,1595,0,0
2495434,-0.278,5.715,-8.303,-0.072,-0.009,0.01,1595,0,0
2495454,-0.247,5.686,-8.327,-0.055,-0.006,0.003,1594,0,0
2495474,-0.29,5.732,-8.346,-0.074,-0.005,-0.019,1594,0,0
2495494,-0.278,5.823,-8.313,-0.048,-0.001,-0.027,1595,0,0
2495514,-0.29,5.966,-8.332,-0.026,0.002,-0.002,1595,0,0
2495534,-0.309,5.93,-8.325,-0.058,-0.005,0.015,1595,0,0
2495554,-0.306,5.806,-8.37,-0.059,-0.003,0.012,1595,0,0
2495574,-0.302,5.823,-8.387,-0.02,0.011,0.006,1597,0,0
2495594,-0.397,5.839,-8.353,-0.047,0.019,0.006,1596,0,0
2495614,-0.333,5.758,-8.337,-0.09,0.017,0.009,1596,0,0
2495634,-0.256,5.677,-8.241,-0.116,0.026,-0.015,1596,0,0
2495654,-0.357,5.669,-8.054,-0.074,0.024,-0.042,1595,0,0
2495674,-0.376,5.933,-8.126,-0.003,-0.011,-0.028,1594,0,0
2495694,-0.242,6.007,-8.334,-0.051,-0.018,0.006,1596,0,0
2495714,-0.141,5.804,-8.361,-0.137,0.009,0.01,1595,0,0
2495734,-0.184,5.684,-8.203,-0.143,0.021,-0.018,1596,0,0
2495754,-0.213,5.765,-8.061,-0.089,0.003,-0.014,1595,0,0
2495774,-0.158,5.899,-8.143,-0.05,-0.016,0.013,1596,0,0
2495794,-0.146,5.827,-8.15,-0.083,-0.03,0.013,1595,0,0
2495814,-0.278,5.689,-8.195,-0.064,-0.047,0.013,1597,0,0
2495834,-0.316,5.665,-8.353,-0.016,-0.058,0.026,1596,0,0
2495854,-0.33,5.583,-8.535,-0.074,-0.06,0.007,1595,0,0
2495874,-0.373,5.564,-8.487,-0.075,-0.031,-0.032,1597,0,0
2495894,-0.522,5.657,-8.384,-0.027,-0.016,-0.041,1596,0,0
2495914,-0.481,5.768,-8.444,-0.026,-0.017,-0.021,1596,0,0
2495934,-0.453,5.679,-8.408,-0.079,-0.004,-0.031,1596,0,0
2495954,-0.472,5.631,-8.274,-0.072,0.013,-0.052,1597,0,0
2495974,-0.469,5.691,-8.143,-0.057,0.006,-0.063,1597,0,0
2495994,-0.481,5.827,-8.124,-0.042,-0.008,-0.07,1596,0,0
2496014,-0.462,6.105,-8.128,0.004,-0.012,-0.081,1597,0,0
2496034,-0.414,6.393,-8.023,0.034,-0.007,-0.046,1597,0,0
2496054,-0.395,6.311,-7.966,0.005,-0.025,0.02,1597,0,0
2496074,-0.412,6.1,-8.042,0.006,-0.062,0.035,1597,0,0
2496094,-0.479,6.036,-8.25,0.053,-0.065,0.021,1596,0,0
2496114,-0.524,6.177,-8.358,0.087,-0.035,0.03,1597,0,0
2496134,-0.52,6.127,-8.356,0.038,-0.013,0.064,1597,0,0
2496154,-0.433,5.902,-8.253,-0.001,-0.006,0.075,1597,0,0
2496174,-0.366,5.758,-8.109,-0.015,-0.027,0.056,1597,0,0
2496195,-0.314,5.772,-8.167,0.0,-0.044,0.053,1598,0,0
2496214,-0.335,5.76,-8.231,-0.005,-0.044,0.063,1596,0,0
2496234,-0.29,5.669,-8.305,-0.02,-0.044,0.068,1597,0,0
2496254,-0.263,5.576,-8.38,-0.042,-0.042,0.046,1597,0,0
2496274,-0.311,5.595,-8.437,-0.03,-0.03,0.041,1596,0,0
2496294,-0.371,5.588,-8.432,-0.026,-0.033,0.044,1597,0,0
2496314,-0.366,5.528,-8.521,-0.008,-0.043,0.048,1595,0,0
2496334,-0.371,5.552,-8.578,0.021,-0.023,0.037,1597,0,0
2496354,-0.417,5.617,-8.511,0.014,-0.003,0.032,1597,0,0
2496374,-0.347,5.6,-8.499,-0.026,0.009,0.043,1597,0,0
2496394,-0.347,5.392,-8.423,-0.063,0.011,0.047,1597,0,0
2496414,-0.247,5.315,-8.401,-0.051,-0.002,0.018,1596,0,0
2496434,-0.11,5.483,-8.356,-0.032,-0.002,-0.001,1597,0,0
2496454,-0.211,5.595,-8.38,-0.039,-0.012,0.012,1597,0,0
2496474,-0.304,5.502,-8.473,-0.076,-0.032,0.017,1597,0,0
2496494,-0.28,5.42,-8.631,-0.058,-0.019,0.013,1597,0,0
2496514,-0.35,5.44,-8.617,-0.07,0.006,0.0,1597,0,0
2496534,-0.409,5.461,-8.502,-0.068,0.012,-0.003,1598,0,0
2496554,-0.359,5.418,-8.507,-0.058,0.015,0.014,1597,0,0
2496574,-0.271,5.322,-8.535,-0.05,0.003,0.005,1597,0,0
2496594,-0.362,5.318,-8.6,-0.046,0.006,-0.022,1596,0,0
2496614,-0.421,5.406,-8.722,-0.023,0.005,-0.023,1598,0,0
2496634,-0.316,5.435,-8.72,-0.038,0.022,-0.011,1597,0,0
2496654,-0.283,5.286,-8.686,-0.055,0.027,-0.02,1597,0,0
2496674,-0.362,5.265,-8.677,-0.016,0.018,-0.032,1597,0,0
2496694,-0.381,5.27,-8.741,-0.014,0.014,-0.044,1597,0,0
2496715,-0.39,5.291,-8.863,-0.018,0.028,-0.047,1597,0,0
2496734,-0.491,5.332,-8.811,-0.021,0.044,-0.064,1597,0,0
2496754,-0.596,5.416,-8.825,-0.036,0.042,-0.078,1597,0,0
2496774,-0.496,5.528,-8.844,-0.041,0.056,-0.085,1597,0,0
2496795,-0.5,5.607,-8.643,-0.038,0.083,-0.091,1595,0,0
2496814,-0.658,5.689,-8.449,-0.027,0.087,-0.091,1597,0,0
2496834,-0.709,5.801,-8.389,-0.034,0.06,-0.082,1598,0,0
2496854,-0.603,5.847,-8.365,-0.063,0.052,-0.063,1598,0,0
2496874,-0.558,5.832,-8.294,-0.09,0.051,-0.05,1598,0,0
2496894,-0.448,5.859,-8.186,-0.105,0.046,-0.055,1597,0,0
2496914,-0.426,5.959,-8.169,-0.111,0.023,-0.05,1598,0,0
2496934,-0.407,5.988,-8.181,-0.113,0.006,-0.02,1598,0,0
2496954,-0.362,5.892,-8.308,-0.131,-0.003,0.004,1598,0,0
2496974,-0.376,5.775,-8.246,-0.146,0.002,0.017,1597,0,0
2496994,-0.431,5.629,-8.224,-0.122,-0.013,0.019,1598,0,0
2497014,-0.285,5.555,-8.346,-0.101,-0.023,0.014,1598,0,0
2497034,-0.271,5.523,-8.346,-0.103,-0.021,0.009,1596,0,0
2497054,-0.397,5.464,-8.262,-0.1,-0.018,0.005,1598,0,0
2497074,-0.469,5.459,-8.241,-0.084,-0.04,0.001,1598,0,0
2497094,-0.395,5.531,-8.346,-0.084,-0.046,-0.018,1598,0,0
2497114,-0.34,5.6,-8.396,-0.086,-0.038,-0.023,1597,0,0
2497134,-0.474,5.586,-8.341,-0.086,-0.029,-0.014,1598,0,0
2497154,-0.529,5.552,-8.303,-0.074,-0.043,-0.008,1597,0,0
2497174,-0.627,5.521,-8.341,-0.076,-0.057,-0.02,1598,0,0
2497194,-0.622,5.543,-8.475,-0.082,-0.05,-0.04,1599,0,0
2497214,-0.656,5.667,-8.607,-0.07,-0.028,-0.053,1599,0,0
2497234,-0.67,5.758,-8.538,-0.077,0.001,-0.033,1599,0,0
2497254,-0.551,5.734,-8.399,-0.106,0.008,-0.033,1599,0,0
2497274,-0.522,5.794,-8.219,-0.095,0.008,-0.054,1598,0,0
2497294,-0.503,5.986,-8.238,-0.044,-0.005,-0.035,1598,0,0
2497315,-0.479,6.031,-8.313,-0.058,-0.01,0.006,1598,0,0
2497334,-0.412,5.859,-8.329,-0.094,-0.007,0.02,1599,0,0
2497354,-0.407,5.732,-8.32,-0.095,-0.009,0.006,1599,0,0
2497374,-0.455,5.758,-8.322,-0.089,-0.013,-0.002,1598,0,0
2497394,-0.4,5.818,-8.38,-0.095,-0.017,0.006,1598,0,0
2497414,-0.453,5.806,-8.435,-0.119,-0.013,0.006,1598,0,0
2497434,-0.481,5.839,-8.473,-0.105,-0.008,0.002,1599,0,0
2497454,-0.546,5.895,-8.454,-0.09,0.004,0.029,1599,0,0
2497474,-0.522,5.801,-8.42,-0.102,0.011,0.062,1599,0,0
2497494,-0.388,5.567,-8.382,-0.135,0.026,0.067,1598,0,0
2497514,-0.469,5.334,-8.282,-0.121,0.02,0.036,1599,0,0
2497535,-0.438,5.42,-8.305,-0.013,-0.005,0.019,1598,0,0
2497554,-0.419,5.571,-8.475,-0.011,-0.004,0.02,1599,0,0
2497574,-0.441,5.495,-8.521,-0.067,0.011,0.018,1599,0,0
2497594,-0.515,5.44,-8.466,-0.058,0.02,0.009,1598,0,0
2497614,-0.577,5.435,-8.507,-0.008,0.016,0.007,1599,0,0
2497634,-0.575,5.48,-8.583,0.011,0.021,0.012,1599,0,0
2497654,-0.457,5.382,-8.612,-0.046,0.033,-0.005,1598,0,0
2497674,-0.323,5.353,-8.504,-0.098,0.059,-0.034,1599,0,0
2497694,-0.376,5.356,-8.377,-0.097,0.047,-0.058,1599,0,0
2497714,-0.433,5.523,-8.459,-0.048,0.024,-0.067,1599,0,0
2497734,-0.436,5.66,-8.641,-0.032,0.022,-0.062,1598,0,0
2497754,-0.35,5.72,-8.736,-0.066,0.047,-0.052,1599,0,0
2497774,-0.414,5.576,-8.691,-0.116,0.062,-0.052,1599,0,0
2497794,-0.376,5.543,-8.669,-0.097,0.064,-0.065,1599,0,0
2497814,-0.421,5.619,-8.624,-0.109,0.073,-0.092,1599,0,0
2497834,-0.522,5.727,-8.557,-0.082,0.071,-0.09,1599,0,0
2497854,-0.491,5.837,-8.511,-0.087,0.065,-0.076,1599,0,0
2497874,-0.522,5.899,-8.411,-0.082,0.067,-0.076,1599,0,0
2497894,-0.632,5.99,-8.344,-0.03,0.03,-0.068,1599,0,0
2497914,-0.625,5.873,-8.305,-0.087,0.014,-0.04,1599,0,0
2497934,-0.527,5.66,-8.279,-0.125,-0.006,-0.044,1599,0,0
2497954,-0.515,5.693,-8.265,-0.066,-0.016,-0.066,1598,0,0
2497974,-0.563,5.725,-8.159,-0.111,-0.039,-0.099,1594,0,0
2497994,-0.622,5.808,-8.14,-0.068,-0.086,-0.103,1592,0,0
2498014,-0.73,5.696,-7.908,-0.091,-0.181,-0.143,1590,0,0
2498034,-0.824,5.411,-7.831,-0.162,-0.339,-0.221,1585,0,0
2498054,-0.86,5.447,-7.944,-0.141,-0.469,-0.272,1571,0,0
2498074,-0.733,5.883,-7.999,-0.026,-0.579,-0.248,1532,0,0
2498094,-0.946,6.165,-8.028,-0.135,-0.558,-0.234,1501,0,0
2498114,-1.463,6.232,-7.738,-0.433,-0.665,-0.281,1483,0,0
2498134,-1.595,6.019,-7.345,-0.792,-0.985,-0.381,1456,0,0
2498154,-1.377,4.82,-7.513,-0.808,-1.185,-0.441,1406,0,0
2498174,-1.106,5.708,-7.992,-0.108,-1.118,-0.281,1358,0,0
2498194,-1.518,6.881,-7.592,0.144,-1.008,-0.211,1319,0,0
2498214,-2.14,7.42,-7.19,-0.705,-1.139,-0.341,1297,0,0
2498234,-2.705,6.235,-7.503,-1.806,-1.186,-0.625,1279,0,0
2498254,-2.727,5.442,-7.159,-1.469,-1.363,-0.624,1225,0,0
2498274,-2.574,6.642,-7.125,-0.998,-1.285,-0.416,1175,0,0
2498294,-2.409,7.796,-7.281,-1.218,-0.987,-0.132,1131,0,0
2498314,-2.964,7.74,-7.166,-1.576,-0.729,-0.072,1083,0,0
2498334,-3.73,7.266,-7.058,-1.614,-0.525,-0.051,1060,0,0
2498354,-3.352,7.372,-6.428,-1.533,-0.512,-0.02,1022,0,0
2498374,-3.134,7.575,-5.401,-1.48,-0.456,0.091,985,0,0
2498394,-3.496,7.403,-5.59,-1.723,-0.37,-0.055,951,0,0
2498414,-3.371,6.838,-4.561,-1.33,-0.334,-0.052,924,0,0
2498434,-3.699,7.027,-4.46,-0.88,-0.315,-0.126,909,435,200
2498454,-3.103,7.087,-5.262,-0.53,-0.226,-0.185,901,2987,200
2498474,-3.388,8.076,-5.1,-0.489,0.011,-0.205,896,3598,200
2498494,-3.747,8.061,-4.468,-0.669,-0.018,-0.161,889,3916,200
2498514,-4.073,8.004,-4.247,-0.585,-0.114,-0.066,889,4089,200
2498534,-4.171,7.604,-4.654,-0.554,-0.203,0.038,892,4095,200
2498554,-3.428,8.143,-4.934,-0.582,-0.149,0.14,895,4095,200
2498574,-2.753,7.894,-4.942,-0.619,0.01,0.087,895,4095,200
2498594,-3.948,6.756,-4.566,-0.357,0.163,-0.1,894,4095,200
2498614,-4.477,8.023,-4.343,-0.319,0.054,-0.141,896,4095,200
2498634,-2.911,9.656,-4.894,-0.631,0.025,0.041,896,4095,200
2498654,-3.208,9.225,-5.09,-1.096,0.151,0.208,900,4095,200
2498674,-3.584,8.547,-5.061,-1.563,0.275,0.361,904,4095,200
2498694,-3.397,9.72,-4.271,-1.854,0.319,0.434,910,4095,200
2498714,-3.096,11.207,-4.98,-2.557,0.349,0.64,911,4095,200
2498734,-3.419,12.05,-5.337,-3.661,0.555,1.069,912,4095,200
2498755,-3.668,11.305,-4.051,-4.982,0.677,1.552,917,4095,200
2498774,-4.396,8.935,-1.614,-5.046,0.286,1.667,918,4095,200
2498794,-4.197,10.839,-1.453,-5.077,-0.13,1.746,921,4095,200
2498814,-4.08,13.941,-1.039,-5.991,-0.439,2.233,924,4095,200
2498834,-2.363,13.494,-1.707,-7.849,-0.607,2.944,925,4095,200
2498854,-1.887,8.528,-1.642,-8.731,-0.454,3.145,930,4095,200
2498874,-2.562,5.488,0.256,-8.731,-0.527,3.134,934,4095,200
2498894,-2.243,5.473,2.567,-8.731,-0.885,3.25,938,4095,200
2498914,-0.879,6.021,3.103,-8.731,-1.033,3.13,939,4095,200
2498934,-0.757,3.299,2.82,-8.731,-1.103,3.264,942,4095,200
2498954,0.998,-4.583,3.814,-8.731,-0.978,2.841,940,4095,200
2498974,2.94,-9.598,7.034,-7.367,-0.637,1.998,940,4095,200
2498994,2.334,-8.011,8.43,-4.208,-0.519,1.575,942,4095,200
2499014,1.901,-5.301,7.946,-2.955,-0.314,1.128,944,4095,200
2499034,2.55,-5.023,7.884,-2.72,-0.088,0.832,944,4095,200
2499054,1.786,-6.431,8.222,-1.716,0.14,0.504,945,4095,200
2499074,1.013,-4.307,8.696,-1.066,0.07,0.42,944,4095,200
2499094,1.683,-3.567,8.547,-1.266,-0.027,0.454,945,4095,200
2499114,1.664,-5.164,8.356,-1.013,-0.006,0.302,946,4095,200
2499134,1.262,-4.432,8.32,-0.75,-0.04,0.263,948,4095,200
2499155,2.049,-4.69,8.43,-0.664,-0.056,0.232,950,4095,200
2499174,1.879,-5.744,8.145,-0.355,-0.012,0.115,952,4095,200
2499194,1.489,-5.624,8.203,-0.039,-0.002,-0.008,956,4095,200
2499214,1.753,-4.855,8.612,0.034,-0.063,-0.092,960,4095,200
2499234,1.908,-4.52,8.911,-0.02,-0.194,-0.189,971,3908,200
2499254,1.42,-5.432,8.49,-0.165,-0.243,-0.237,986,3232,200
2499274,1.566,-5.289,8.44,0.011,-0.229,-0.268,1007,2052,200
2499294,1.92,-4.369,8.15,0.05,-0.153,-0.254,1041,0,0
2499314,2.145,-4.379,8.037,0.01,-0.042,-0.297,1087,0,0
2499334,2.263,-4.657,7.956,-0.131,-0.026,-0.4,1137,0,0
2499355,2.057,-3.792,8.176,-0.238,0.063,-0.405,1187,0,0
2499374,1.944,-3.558,8.15,-0.455,0.048,-0.334,1243,0,0
2499394,2.322,-4.099,7.712,-0.727,0.115,-0.215,1302,0,0
2499414,2.181,-5.133,7.523,-0.673,0.313,-0.181,1365,0,0
2499434,1.954,-4.513,6.603,-0.268,0.505,-0.216,1455,0,0
2499454,2.571,-4.477,5.471,-0.131,1.142,0.059,1537,0,0
2499474,2.04,-4.118,9.091,-0.287,1.423,0.45,1630,0,0
2499494,1.784,-5.49,9.014,-0.995,1.109,0.341,1694,0,0
2499514,1.528,-5.863,9.151,-1.244,0.851,0.262,1755,0,0
2499534,1.448,-6.141,9.732,-0.378,0.399,0.282,1804,0,0
2499554,0.929,-5.885,7.518,0.483,0.471,0.254,1835,0,0
2499574,0.895,-4.705,8.344,0.688,0.587,0.139,1866,0,0
2499594,0.776,-4.195,8.94,0.342,0.341,0.116,1881,0,0
2499614,0.797,-4.944,8.392,-0.214,0.23,0.179,1888,0,0
2499634,0.855,-5.65,7.934,0.062,0.292,0.179,1889,0,0
2499654,0.702,-4.98,8.025,0.813,0.352,0.115,1891,0,0
2499674,0.512,-4.302,8.15,0.585,0.25,0.086,1893,0,0
2499694,0.527,-4.678,8.547,0.004,0.07,0.087,1895,0,0
2499714,0.766,-5.061,8.614,-0.064,-0.006,0.073,1892,0,0
2499734,0.776,-5.128,8.471,0.059,0.019,0.051,1893,0,0
2499754,0.67,-4.968,8.368,0.177,0.084,0.016,1893,0,0
2499774,0.524,-4.7,8.478,0.227,0.073,-0.015,1893,0,0
2499794,0.493,-4.712,9.0,0.131,-0.039,0.018,1893,0,0
2499814,0.601,-4.851,8.981,0.185,-0.13,0.054,1893,0,0
2499834,0.666,-4.76,8.825,0.27,-0.104,0.045,1891,0,0
2499854,0.675,-4.472,8.662,0.218,-0.069,0.031,1887,0,0
2499874,0.637,-4.286,8.471,0.114,-0.045,0.028,1884,0,0
2499894,0.625,-4.427,8.617,0.076,0.006,0.04,1884,0,0
2499914,0.603,-4.647,8.787,0.129,0.035,0.045,1882,0,0
2499934,0.543,-4.59,8.782,0.305,0.037,0.03,1880,0,0
2499954,0.479,-4.063,8.643,0.323,-0.009,-0.009,1879,0,0
2499974,0.491,-3.924,8.569,0.042,-0.062,0.009,1878,0,0
2499994,0.555,-4.228,8.626,-0.163,-0.114,0.04,1875,0,0
2500014,0.622,-4.367,8.557,0.03,-0.103,0.037,1873,0,0
2500034,0.661,-4.29,8.49,0.151,-0.059,0.034,1872,0,0
2500054,0.663,-4.142,8.552,0.192,-0.016,0.02,1872,0,0
2500074,0.642,-3.917,8.643,0.08,-0.023,-0.009,1871,0,0
2500094,0.682,-4.053,8.763,-0.129,-0.058,-0.012,1871,0,0
2500114,0.723,-4.266,8.602,-0.099,-0.051,0.009,1868,0,0
2500134,0.728,-4.125,8.698,0.108,-0.023,0.02,1868,0,0
2500154,0.682,-3.984,8.71,0.075,-0.015,0.008,1866,0,0
2500174,0.67,-4.027,8.71,0.003,-0.021,-0.005,1864,0,0
2500194,0.721,-4.058,8.839,0.0,-0.032,-0.01,1861,0,0
2500214,0.725,-3.948,8.751,0.015,-0.035,0.001,1861,0,0
2500234,0.728,-3.938,8.899,-0.004,-0.034,0.041,1859,0,0
2500254,0.723,-4.008,8.815,0.016,-0.045,0.058,1859,0,0
2500274,0.812,-4.008,8.796,0.052,-0.055,0.031,1857,0,0
2500294,0.819,-3.874,8.715,-0.005,-0.041,0.003,1856,0,0
2500314,0.766,-3.929,8.763,-0.113,-0.022,0.002,1856,0,0
2500334,0.733,-4.08,8.784,-0.064,-0.013,0.031,1853,0,0
2500354,0.73,-3.986,8.662,0.112,0.003,0.041,1849,0,0
2500374,0.716,-3.8,8.674,0.087,0.004,0.03,1846,0,0
2500394,0.74,-3.867,8.717,-0.078,-0.024,0.016,1843,0,0
2500414,0.757,-4.065,8.856,-0.12,-0.052,-0.001,1842,0,0
2500434,0.785,-4.118,8.818,0.005,-0.051,-0.0,1841,0,0
2500454,0.809,-3.986,8.748,0.108,-0.03,0.021,1841,0,0
2500474,0.85,-3.922,8.698,0.156,0.005,0.018,1840,0,0
2500494,0.824,-3.816,8.76,0.1,0.024,-0.001,1839,0,0
2500514,0.831,-3.845,8.847,0.044,0.025,-0.001,1837,0,0
2500534,0.802,-3.84,8.868,0.058,0.013,0.013,1838,0,0
2500554,0.771,-3.776,8.966,0.101,-0.003,0.03,1837,0,0
2500574,0.783,-3.668,8.875,0.122,-0.01,0.031,1836,0,0
2500594,0.781,-3.572,8.863,0.066,-0.016,0.013,1833,0,0
2500614,0.752,-3.677,8.911,-0.044,-0.03,0.007,1830,0,0
2500634,0.781,-3.737,8.885,-0.033,-0.044,0.015,1828,0,0
2500654,0.759,-3.613,8.885,0.067,-0.027,0.023,1826,0,0
2500674,0.792,-3.486,8.923,0.032,-0.021,0.034,1824,0,0
2500694,0.79,-3.656,8.985,-0.067,-0.018,0.043,1824,0,0
2500714,0.812,-3.807,9.031,-0.05,-0.027,0.033,1823,0,0
2500734,0.819,-3.809,9.012,-0.018,-0.056,0.016,1823,0,0
2500754,0.838,-3.747,8.859,0.011,-0.059,0.007,1822,0,0
2500774,0.845,-3.68,8.844,0.045,-0.043,0.008,1821,0,0
2500794,0.816,-3.546,8.803,0.043,-0.032,0.008,1821,0,0
2500814,0.848,-3.57,8.763,0.032,-0.018,0.01,1821,0,0
2500834,0.876,-3.687,8.753,-0.022,-0.024,-0.002,1822,0,0
2500854,0.9,-3.668,8.741,0.063,-0.034,-0.02,1822,0,0
2500874,0.91,-3.589,8.729,0.034,-0.012,-0.027,1822,0,0
2500894,0.922,-3.503,8.76,0.007,0.01,-0.037,1821,0,0
2500914,0.939,-3.457,8.758,-0.037,0.021,-0.042,1821,0,0
2500934,0.857,-3.496,8.835,-0.049,0.044,-0.029,1821,0,0
2500954,0.869,-3.603,8.906,-0.011,0.042,-0.029,1822,0,0
2500974,0.876,-3.469,8.871,0.068,0.057,-0.029,1822,0,0
2500994,0.804,-3.177,8.892,0.006,0.067,-0.022,1822,0,0
2501014,0.783,-3.287,9.009,-0.133,0.045,-0.023,1822,0,0
2501034,0.855,-3.503,9.086,-0.104,0.032,-0.022,1822,0,0
2501054,0.85,-3.486,9.103,0.005,0.037,-0.016,1823,0,0
2501074,0.824,-3.364,9.096,-0.006,0.031,-0.011,1822,0,0
2501094,0.836,-3.342,9.009,-0.059,0.014,-0.006,1823,0,0
2501114,0.903,-3.407,9.064,-0.067,0.011,-0.009,1823,0,0
2501134,0.891,-3.505,9.108,-0.08,0.003,-0.011,1823,0,0
2501154,0.857,-3.493,9.103,-0.021,0.003,0.002,1824,0,0
2501174,0.869,-3.46,8.99,-0.004,0.007,0.01,1821,0,0
2501194,0.874,-3.448,8.981,-0.031,-0.006,-0.007,1823,0,0
2501214,0.883,-3.347,8.938,-0.042,0.001,-0.015,1822,0,0
2501234,0.876,-3.402,9.041,-0.09,0.007,-0.002,1823,0,0
2501254,0.821,-3.496,9.045,-0.056,0.002,-0.001,1821,0,0
