1664626,-2.025,8.179,-4.563,-0.051,0.001,0.005,1328,0,0
1664646,-1.973,8.217,-4.594,-0.039,0.003,0.006,1327,0,0
1664666,-1.956,8.164,-4.614,-0.051,0.013,0.002,1326,0,0
1664686,-2.028,8.14,-4.58,-0.059,0.016,-0.018,1327,0,0
1664706,-2.047,8.203,-4.621,-0.043,0.015,-0.025,1327,0,0
1664726,-2.023,8.236,-4.633,-0.05,0.02,-0.028,1327,0,0
1664746,-2.006,8.222,-4.635,-0.058,0.026,-0.036,1327,0,0
1664766,-2.061,8.291,-4.566,-0.055,0.029,-0.054,1327,0,0
1664786,-1.999,8.492,-4.563,-0.059,0.031,-0.057,1327,0,0
1664806,-2.025,8.504,-4.465,-0.084,0.034,-0.045,1327,0,0
1664826,-2.136,8.547,-4.451,-0.083,0.021,-0.044,1327,0,0
1664846,-2.107,8.65,-4.525,-0.086,0.02,-0.038,1327,0,0
1664866,-2.1,8.629,-4.434,-0.085,0.042,-0.023,1328,0,0
1664886,-2.152,8.607,-4.345,-0.07,0.035,-0.01,1327,0,0
1664906,-2.124,8.614,-4.369,-0.081,0.023,0.006,1327,0,0
1664926,-2.073,8.574,-4.403,-0.095,0.02,0.013,1327,0,0
1664946,-2.076,8.531,-4.319,-0.065,0.017,0.018,1327,0,0
1664966,-2.066,8.485,-4.305,-0.07,0.009,0.032,1327,0,0
1664986,-2.049,8.308,-4.398,-0.074,-0.004,0.035,1327,0,0
1665006,-1.982,8.315,-4.527,-0.055,-0.011,0.02,1327,0,0
1665026,-2.018,8.332,-4.551,-0.053,0.006,0.013,1327,0,0
1665046,-2.054,8.375,-4.484,-0.053,0.008,0.024,1328,0,0
1665066,-2.016,8.277,-4.46,-0.066,-0.001,0.03,1327,0,0
1665086,-1.963,8.188,-4.551,-0.06,-0.001,0.026,1328,0,0
1665106,-1.951,8.155,-4.537,-0.036,0.006,0.014,1327,0,0
1665126,-1.975,8.176,-4.475,-0.043,0.015,0.003,1328,0,0
1665146,-1.987,8.217,-4.547,-0.069,0.016,-0.004,1327,0,0
1665166,-1.978,8.286,-4.544,-0.047,0.01,-0.016,1327,0,0
1665186,-2.004,8.258,-4.477,-0.057,0.001,-0.018,1328,0,0
1665206,-1.961,8.219,-4.539,-0.067,-0.002,-0.029,1327,0,0
1665226,-1.982,8.322,-4.537,-0.059,0.001,-0.047,1328,0,0
1665246,-2.018,8.428,-4.554,-0.074,0.005,-0.054,1328,0,0
1665266,-2.047,8.507,-4.472,-0.082,0.01,-0.047,1328,0,0
1665286,-2.088,8.528,-4.436,-0.087,0.008,-0.039,1327,0,0
1665306,-2.078,8.576,-4.475,-0.081,0.003,-0.031,1328,0,0
1665326,-2.03,8.61,-4.523,-0.091,0.015,-0.023,1327,0,0
1665346,-2.107,8.59,-4.417,-0.084,0.022,-0.014,1327,0,0
1665366,-2.148,8.581,-4.355,-0.078,0.015,0.0,1328,0,0
1665386,-2.136,8.54,-4.379,-0.072,0.005,0.017,1328,0,0
1665406,-2.049,8.454,-4.496,-0.059,0.003,0.028,1328,0,0
1665426,-2.028,8.317,-4.523,-0.06,0.006,0.022,1327,0,0
1665446,-2.011,8.294,-4.563,-0.067,0.002,0.006,1328,0,0
1665466,-2.009,8.327,-4.547,-0.061,0.012,0.002,1327,0,0
1665486,-2.052,8.341,-4.515,-0.045,0.022,0.013,1328,0,0
1665506,-2.04,8.301,-4.561,-0.06,0.01,0.019,1328,0,0
1665526,-2.011,8.174,-4.573,-0.082,0.012,0.01,1328,0,0
1665546,-2.002,8.14,-4.58,-0.07,0.024,-0.008,1327,0,0
1665566,-2.042,8.217,-4.585,-0.041,0.033,-0.017,1328,0,0
1665586,-2.045,8.289,-4.563,-0.059,0.039,-0.014,1328,0,0
1665606,-2.054,8.26,-4.511,-0.078,0.039,-0.023,1328,0,0
1665626,-1.99,8.27,-4.422,-0.074,0.035,-0.029,1328,0,0
1665646,-1.985,8.298,-4.408,-0.074,0.025,-0.037,1327,0,0
1665666,-1.963,8.322,-4.46,-0.093,0.017,-0.05,1328,0,0
1665686,-2.011,8.43,-4.499,-0.09,0.027,-0.058,1328,0,0
1665706,-2.109,8.528,-4.372,-0.115,0.031,-0.058,1328,0,0
1665726,-2.081,8.633,-4.314,-0.112,0.024,-0.05,1328,0,0
1665746,-2.088,8.681,-4.298,-0.092,0.028,-0.027,1328,0,0
1665766,-2.097,8.612,-4.302,-0.105,0.02,-0.004,1328,0,0
1665786,-2.133,8.49,-4.319,-0.113,0.006,-0.001,1328,0,0
1665806,-2.116,8.428,-4.377,-0.103,0.005,-0.001,1328,0,0
1665826,-2.049,8.447,-4.384,-0.072,0.022,0.0,1328,0,0
1665846,-2.028,8.449,-4.302,-0.061,0.018,0.009,1328,0,0
1665866,-2.049,8.358,-4.29,-0.082,-0.004,0.009,1328,0,0
1665886,-2.037,8.317,-4.451,-0.103,-0.013,0.007,1327,0,0
1665906,-1.961,8.272,-4.508,-0.082,0.003,-0.003,1328,0,0
1665926,-2.052,8.272,-4.434,-0.059,0.004,-0.016,1328,0,0
1665946,-2.052,8.416,-4.436,-0.037,-0.007,-0.012,1328,0,0
1665966,-2.047,8.375,-4.496,-0.09,-0.012,-0.009,1328,0,0
1665986,-2.042,8.346,-4.635,-0.092,-0.003,-0.007,1327,0,0
1666006,-2.073,8.241,-4.63,-0.101,0.018,-0.02,1328,0,0
1666026,-2.073,8.329,-4.525,-0.071,0.039,-0.033,1328,0,0
1666046,-2.143,8.387,-4.398,-0.086,0.039,-0.031,1329,0,0
1666066,-2.116,8.519,-4.432,-0.089,0.026,-0.025,1328,0,0
1666086,-2.105,8.801,-4.424,-0.206,0.001,0.011,1328,0,0
1666106,-2.184,8.935,-4.393,-0.37,-0.033,0.071,1328,0,0
1666126,-2.21,8.997,-4.336,-0.531,-0.07,0.144,1327,0,0
1666146,-2.006,8.701,-4.202,-0.595,-0.053,0.175,1327,0,0
1666166,-1.932,8.715,-3.998,-0.463,-0.02,0.182,1328,0,0
1666186,-2.097,9.041,-3.821,-0.44,-0.024,0.204,1328,0,0
1666206,-2.274,9.124,-3.929,-0.613,-0.067,0.272,1328,0,0
1666226,-2.095,8.894,-4.125,-0.733,-0.08,0.307,1329,0,0
1666246,-1.891,9.045,-4.252,-0.714,-0.018,0.318,1328,0,0
1666266,-1.992,9.594,-4.116,-0.864,0.033,0.392,1328,0,0
1666286,-2.035,9.888,-3.594,-1.187,0.04,0.501,1327,0,0
1666306,-1.973,10.221,-3.254,-1.574,-0.017,0.685,1330,0,0
1666326,-2.035,10.999,-3.129,-1.875,-0.159,0.942,1332,0,0
1666346,-2.002,12.036,-3.242,-2.712,-0.323,1.33,1339,0,0
1666366,-1.867,12.428,-3.232,-3.924,-0.488,1.884,1344,0,0
1666386,-1.836,12.062,-2.564,-5.034,-0.601,2.398,1355,0,0
1666406,-1.666,11.703,-2.088,-5.929,-0.851,2.796,1363,0,0
1666426,-1.46,11.164,-1.566,-6.909,-0.985,3.18,1380,0,0
1666446,-0.529,9.208,-1.252,-7.966,-1.226,3.38,1398,0,0
1666466,0.622,6.211,0.184,-8.456,-1.143,3.311,1419,0,0
1666486,1.745,4.104,2.009,-8.072,-1.136,3.041,1439,0,0
1666506,2.641,3.127,3.833,-7.16,-1.133,2.752,1453,0,0
1666526,3.168,2.727,5.071,-6.304,-1.033,2.579,1463,0,0
1666546,3.838,0.84,6.304,-5.597,-0.848,2.333,1471,0,0
1666566,4.697,-1.374,7.707,-4.551,-0.619,1.903,1475,0,0
1666586,5.205,-2.349,8.54,-3.032,-0.422,1.385,1478,0,0
1666606,5.344,-2.289,8.792,-1.62,-0.179,0.794,1481,0,0
1666626,5.112,-1.171,8.667,-0.45,-0.031,0.351,1481,0,0
1666646,4.695,0.227,8.37,-0.106,0.027,0.171,1485,0,0
1666666,4.47,0.579,8.277,-0.245,0.032,0.101,1486,0,0
1666686,4.566,0.266,8.289,-0.186,0.01,0.034,1487,0,0
1666706,4.671,0.354,8.076,0.139,0.061,-0.038,1488,0,0
1666726,4.559,1.075,7.922,0.258,0.114,-0.048,1487,0,0
1666746,4.448,1.247,8.047,-0.024,0.157,-0.008,1488,0,0
1666766,4.391,0.783,8.392,-0.171,0.173,-0.001,1488,0,0
1666786,4.448,0.546,8.605,0.095,0.156,-0.047,1489,0,0
1666806,4.575,0.903,8.497,0.412,0.178,-0.087,1489,0,0
1666826,4.525,1.453,8.387,0.372,0.184,-0.075,1488,0,0
1666846,4.434,1.686,8.499,0.063,0.162,-0.026,1489,0,0
1666866,4.489,1.348,8.753,-0.232,0.137,0.013,1490,0,0
1666886,4.597,0.833,8.945,-0.143,0.113,0.003,1490,0,0
1666906,4.616,0.809,8.873,0.127,0.111,-0.047,1491,0,0
1666926,4.527,1.228,8.689,0.252,0.103,-0.078,1492,0,0
1666946,4.405,1.832,8.564,0.065,0.046,-0.032,1493,0,0
1666966,4.343,1.788,8.595,-0.294,0.01,0.037,1492,0,0
1666986,4.439,1.365,8.756,-0.4,-0.012,0.062,1492,0,0
1667006,4.532,1.049,8.803,-0.229,-0.007,0.044,1492,0,0
1667026,4.451,1.152,8.763,-0.052,0.017,0.025,1493,0,0
1667046,4.362,1.46,8.595,-0.034,0.005,0.036,1493,0,0
1667066,4.36,1.42,8.672,-0.146,0.002,0.05,1493,0,0
1667086,4.415,1.137,8.751,-0.161,0.005,0.04,1493,0,0
1667106,4.393,0.953,8.717,-0.031,0.001,0.017,1494,0,0
1667126,4.341,0.994,8.557,0.126,0.015,-0.016,1493,0,0
1667146,4.209,1.195,8.449,0.171,0.027,-0.041,1493,0,0
1667166,4.149,1.626,8.315,0.081,-0.014,-0.006,1494,0,0
1667186,4.288,1.513,8.31,-0.146,-0.036,0.059,1494,0,0
1667206,4.35,1.044,8.473,-0.202,-0.009,0.07,1495,0,0
1667226,4.329,0.867,8.528,-0.06,0.007,0.029,1494,0,0
1667246,4.322,1.027,8.449,0.076,-0.011,-0.006,1496,0,0
1667266,4.401,1.195,8.351,0.079,-0.01,-0.017,1494,0,0
1667286,4.389,1.367,8.416,0.062,0.004,-0.012,1495,0,0
1667306,4.331,1.432,8.442,-0.013,0.006,0.002,1495,0,0
1667326,4.35,1.267,8.509,-0.056,0.003,0.001,1494,0,0
1667346,4.424,1.109,8.538,0.025,0.031,-0.028,1496,0,0
1667366,4.403,1.247,8.468,0.159,0.055,-0.052,1496,0,0
1667386,4.345,1.53,8.423,0.149,0.042,-0.034,1496,0,0
1667406,4.331,1.477,8.562,0.037,0.021,-0.008,1495,0,0
1667426,4.355,1.367,8.617,-0.023,0.006,-0.001,1496,0,0
1667446,4.353,1.403,8.643,0.003,-0.01,-0.001,1496,0,0
1667466,4.372,1.434,8.504,-0.016,-0.014,0.005,1495,0,0
1667486,4.355,1.377,8.48,-0.04,-0.004,0.013,1496,0,0
1667506,4.348,1.281,8.521,-0.034,0.005,0.009,1496,0,0
1667526,4.345,1.324,8.487,-0.004,-0.003,0.004,1496,0,0
1667546,4.338,1.355,8.404,0.007,-0.006,-0.002,1496,0,0
1667566,4.396,1.336,8.37,0.009,0.015,-0.013,1495,0,0
1667586,4.357,1.405,8.361,0.035,0.037,-0.022,1496,0,0
1667606,4.343,1.595,8.423,0.01,0.02,-0.005,1496,0,0
1667626,4.338,1.525,8.535,-0.099,0.012,0.014,1497,0,0
1667646,4.357,1.257,8.612,-0.108,-0.001,-0.003,1496,0,0
1667666,4.36,1.391,8.485,-0.025,-0.007,-0.021,1496,0,0
1667686,4.372,1.642,8.368,-0.008,-0.0,-0.002,1496,0,0
1667706,4.341,1.575,8.413,-0.096,0.008,0.023,1494,0,0
1667726,4.379,1.389,8.507,-0.106,0.001,0.015,1497,0,0
1667746,4.403,1.446,8.483,-0.056,0.0,0.001,1496,0,0
1667766,4.391,1.573,8.473,-0.069,-0.011,0.008,1496,0,0
1667786,4.432,1.463,8.454,-0.118,-0.002,0.017,1493,0,0
1667806,4.492,1.31,8.492,-0.076,0.018,0.004,1495,0,0
1667826,4.413,1.425,8.423,-0.015,0.018,-0.015,1495,0,0
1667846,4.377,1.626,8.401,-0.054,-0.006,-0.01,1496,0,0
1667866,4.398,1.59,8.416,-0.128,-0.005,0.007,1497,0,0
1667886,4.391,1.482,8.483,-0.122,-0.002,0.018,1496,0,0
1667906,4.451,1.389,8.406,-0.087,-0.007,0.017,1496,0,0
1667926,4.453,1.365,8.303,-0.06,0.011,0.002,1495,0,0
1667946,4.35,1.393,8.349,-0.05,0.035,-0.017,1497,0,0
1667966,4.281,1.508,8.394,-0.032,0.033,-0.02,1497,0,0
1667986,4.305,1.614,8.408,-0.026,0.022,-0.007,1497,0,0
1668006,4.319,1.686,8.344,-0.082,0.013,0.011,1495,0,0
1668026,4.353,1.539,8.399,-0.155,0.029,0.03,1494,0,0
1668046,4.379,1.317,8.475,-0.107,0.042,0.021,1494,0,0
1668066,4.401,1.271,8.485,-0.01,0.046,0.002,1492,0,0
1668086,4.393,1.446,8.435,0.039,0.047,-0.01,1495,0,0
1668106,4.329,1.688,8.444,-0.038,0.041,0.007,1496,0,0
1668126,4.322,1.595,8.547,-0.143,0.033,0.033,1495,0,0
1668146,4.374,1.391,8.581,-0.121,0.034,0.044,1494,0,0
1668166,4.384,1.384,8.547,-0.05,0.035,0.049,1495,0,0
1668186,4.377,1.348,8.538,-0.059,0.035,0.057,1495,0,0
1668206,4.405,1.286,8.552,-0.093,0.019,0.05,1495,0,0
1668226,4.448,1.264,8.557,-0.102,-0.003,0.025,1495,0,0
1668246,4.47,1.36,8.483,-0.083,-0.005,0.019,1496,0,0
1668266,4.484,1.312,8.483,-0.077,0.011,0.011,1495,0,0
1668286,4.494,1.267,8.54,-0.048,0.016,0.007,1495,0,0
1668306,4.46,1.305,8.588,-0.006,0.004,-0.007,1495,0,0
1668326,4.379,1.422,8.538,-0.025,-0.014,-0.019,1495,0,0
1668346,4.357,1.532,8.42,-0.066,-0.029,-0.02,1495,0,0
1668366,4.369,1.575,8.361,-0.079,-0.027,-0.007,1496,0,0
1668386,4.393,1.523,8.327,-0.066,-0.008,0.007,1495,0,0
1668406,4.393,1.523,8.315,-0.056,0.018,0.024,1495,0,0
1668426,4.369,1.468,8.43,-0.092,0.026,0.038,1497,0,0
1668446,4.403,1.329,8.574,-0.115,0.026,0.042,1496,0,0
1668466,4.393,1.233,8.626,-0.07,0.03,0.037,1496,0,0
1668486,4.362,1.25,8.638,-0.039,0.019,0.029,1496,0,0
1668506,4.389,1.293,8.566,-0.059,-0.008,0.025,1496,0,0
1668526,4.432,1.247,8.507,-0.122,-0.018,0.028,1496,0,0
1668546,4.434,1.097,8.49,-0.123,-0.011,0.015,1497,0,0
1668566,4.446,1.101,8.44,-0.06,-0.0,-0.003,1496,0,0
1668586,4.53,1.204,8.404,-0.015,0.01,-0.019,1495,0,0
1668606,4.439,1.324,8.425,-0.045,0.014,-0.026,1497,0,0
1668626,4.377,1.348,8.485,-0.092,-0.013,-0.025,1496,0,0
1668646,4.422,1.319,8.447,-0.099,-0.026,-0.028,1495,0,0
1668666,4.441,1.307,8.337,-0.042,-0.007,-0.052,1495,0,0
1668686,4.403,1.48,8.317,0.037,0.021,-0.065,1494,0,0
1668706,4.353,1.583,8.356,0.057,0.037,-0.067,1495,0,0
1668726,4.233,1.721,8.408,0.008,0.019,-0.052,1495,0,0
1668746,4.314,1.762,8.315,-0.066,-0.018,-0.027,1496,0,0
1668766,4.413,1.599,8.361,-0.11,-0.002,-0.002,1495,0,0
1668786,4.355,1.384,8.442,-0.07,0.041,-0.005,1496,0,0
1668806,4.329,1.429,8.447,0.012,0.055,-0.002,1496,0,0
1668826,4.334,1.551,8.384,0.021,0.049,0.023,1496,0,0
1668846,4.427,1.453,8.49,-0.091,0.046,0.05,1496,0,0
1668866,4.408,1.161,8.72,-0.156,0.039,0.045,1496,0,0
1668886,4.429,1.022,8.741,-0.111,0.015,0.018,1497,0,0
1668906,4.501,1.063,8.578,-0.042,0.012,-0.003,1495,0,0
1668926,4.539,1.166,8.485,-0.019,0.026,-0.015,1495,0,0
1668946,4.492,1.209,8.559,-0.038,0.028,-0.027,1496,0,0
1668966,4.429,1.3,8.619,-0.058,-0.0,-0.038,1496,0,0
1668986,4.444,1.365,8.514,-0.09,-0.022,-0.047,1496,0,0
1669006,4.463,1.393,8.384,-0.071,-0.025,-0.069,1497,0,0
1669026,4.458,1.58,8.38,-0.011,-0.012,-0.068,1497,0,0
1669046,4.372,1.688,8.416,0.006,0.002,-0.067,1496,0,0
1669066,4.278,1.745,8.523,-0.018,-0.005,-0.062,1496,0,0
1669086,4.298,1.832,8.485,-0.034,-0.037,-0.038,1496,0,0
1669106,4.319,1.851,8.361,-0.097,-0.043,-0.011,1495,0,0
1669126,4.343,1.652,8.349,-0.113,-0.026,0.005,1496,0,0
1669146,4.377,1.496,8.296,-0.028,0.003,0.009,1495,0,0
1669166,4.396,1.42,8.191,0.068,0.039,0.0,1496,0,0
1669186,4.391,1.559,8.191,0.072,0.067,-0.005,1496,0,0
1669206,4.374,1.571,8.325,-0.037,0.053,0.017,1495,0,0
1669226,4.444,1.305,8.423,-0.145,0.037,0.03,1495,0,0
1669246,4.511,1.154,8.478,-0.107,0.036,0.022,1497,0,0
1669266,4.477,1.185,8.533,-0.05,0.055,0.007,1496,0,0
1669286,4.389,1.264,8.657,-0.047,0.062,-0.011,1497,0,0
1669306,4.334,1.417,8.633,-0.061,0.023,-0.023,1497,0,0
1669326,4.401,1.537,8.631,-0.101,-0.005,-0.017,1496,0,0
1669346,4.446,1.501,8.607,-0.109,0.005,-0.012,1497,0,0
1669366,4.396,1.48,8.576,-0.061,0.014,-0.017,1496,0,0
1669386,4.365,1.504,8.526,-0.031,0.002,-0.024,1496,0,0
1669406,4.369,1.604,8.456,-0.029,-0.017,-0.028,1497,0,0
1669426,4.338,1.652,8.356,-0.07,-0.025,-0.033,1497,0,0
1669446,4.338,1.65,8.361,-0.079,-0.02,-0.029,1496,0,0
1669466,4.334,1.63,8.315,-0.04,-0.007,-0.013,1497,0,0
1669486,4.286,1.573,8.325,-0.011,0.007,-0.009,1498,0,0
1669506,4.266,1.583,8.313,-0.009,0.005,-0.011,1497,0,0
1669526,4.336,1.554,8.32,-0.057,-0.0,-0.009,1497,0,0
1669546,4.377,1.518,8.315,-0.083,0.015,-0.002,1497,0,0
1669566,4.374,1.484,8.349,-0.063,0.033,0.005,1497,0,0
1669586,4.446,1.458,8.361,-0.05,0.052,0.022,1496,0,0
1669606,4.446,1.393,8.473,-0.059,0.065,0.022,1496,0,0
1669626,4.446,1.314,8.619,-0.105,0.052,0.015,1496,0,0
1669646,4.494,1.276,8.698,-0.11,0.027,0.015,1497,0,0
1669666,4.525,1.209,8.732,-0.095,0.019,-0.004,1497,0,0
1669686,4.492,1.233,8.763,-0.054,0.023,-0.027,1497,0,0
1669706,4.415,1.381,8.732,-0.014,0.012,-0.038,1494,0,0
1669726,4.324,1.53,8.641,-0.048,-0.015,-0.032,1497,0,0
1669746,4.386,1.52,8.593,-0.114,-0.041,-0.025,1498,0,0
1669766,4.444,1.434,8.473,-0.107,-0.042,-0.034,1497,0,0
1669786,4.417,1.437,8.394,-0.045,-0.02,-0.044,1497,0,0
1669806,4.36,1.571,8.296,-0.019,-0.007,-0.05,1498,0,0
1669826,4.319,1.695,8.322,-0.046,-0.013,-0.039,1497,0,0
1669846,4.322,1.647,8.337,-0.107,-0.028,-0.024,1498,0,0
1669866,4.331,1.52,8.308,-0.112,-0.018,-0.019,1497,0,0
1669886,4.389,1.482,8.193,-0.048,-0.007,-0.025,1497,0,0
1669906,4.458,1.508,8.157,-0.011,0.023,-0.024,1497,0,0
1669926,4.348,1.532,8.308,-0.045,0.042,-0.025,1497,0,0
1669946,4.298,1.52,8.387,-0.086,0.029,-0.021,1497,0,0
1669966,4.374,1.551,8.399,-0.081,0.021,-0.014,1496,0,0
1669986,4.429,1.542,8.341,-0.08,0.044,-0.008,1498,0,0
1670006,4.436,1.532,8.394,-0.065,0.066,-0.002,1497,0,0
1670026,4.475,1.482,8.499,-0.061,0.067,0.002,1496,0,0
1670046,4.446,1.444,8.643,-0.078,0.056,-0.005,1497,0,0
1670066,4.389,1.513,8.724,-0.094,0.033,-0.01,1495,0,0
1670086,4.372,1.614,8.622,-0.09,0.007,-0.002,1497,0,0
1670106,4.405,1.578,8.571,-0.087,0.012,0.015,1497,0,0
1670126,4.345,1.482,8.648,-0.066,0.019,0.008,1498,0,0
1670146,4.322,1.52,8.636,-0.038,-0.001,0.011,1498,0,0
1670166,4.334,1.492,8.49,-0.074,-0.03,0.017,1497,0,0
1670186,4.424,1.417,8.344,-0.104,-0.028,0.017,1497,0,0
1670206,4.439,1.348,8.31,-0.08,-0.004,0.012,1497,0,0
1670226,4.391,1.372,8.313,-0.059,0.005,-0.002,1498,0,0
1670246,4.381,1.468,8.325,-0.047,0.01,-0.003,1496,0,0
1670266,4.389,1.487,8.346,-0.06,0.021,0.01,1496,0,0
1670286,4.362,1.422,8.38,-0.066,0.023,0.01,1496,0,0
1670306,4.386,1.41,8.454,-0.06,0.02,0.012,1497,0,0
1670326,4.357,1.401,8.485,-0.076,0.017,0.016,1497,0,0
1670346,4.503,1.346,8.466,-0.1,0.018,0.023,1497,0,0
1670366,4.628,1.298,8.473,-0.071,0.031,0.03,1496,0,0
1670386,4.633,1.298,8.562,-0.06,0.048,0.033,1496,0,0
1670406,4.542,1.314,8.638,-0.125,0.037,0.029,1496,0,0
1670426,4.575,1.195,8.657,-0.197,0.006,0.021,1496,0,0
1670446,4.623,1.065,8.657,-0.168,0.0,-0.003,1496,0,0
1670466,4.614,1.128,8.528,-0.088,0.008,-0.036,1496,0,0
1670486,4.53,1.408,8.375,-0.054,0.03,-0.051,1497,0,0
1670506,4.381,1.535,8.478,-0.124,0.044,-0.047,1497,0,0
1670526,4.281,1.417,8.732,-0.189,0.042,-0.049,1497,0,0
1670546,4.223,1.492,8.741,-0.118,0.014,-0.052,1496,0,0
1670566,4.152,1.573,8.645,-0.077,0.009,-0.031,1496,0,0
1670586,4.013,1.501,8.619,-0.094,0.011,-0.027,1497,0,0
1670606,4.029,1.405,8.693,-0.136,0.007,-0.018,1497,0,0
1670626,3.977,1.214,8.736,-0.148,0.005,-0.014,1497,0,0
1670646,3.958,1.02,8.66,-0.117,-0.006,-0.033,1498,0,0
1670666,4.032,0.994,8.449,-0.101,-0.002,-0.037,1497,0,0
1670686,4.108,0.831,8.456,-0.151,0.024,-0.036,1496,0,0
1670706,4.166,0.563,8.554,-0.167,0.042,-0.067,1498,0,0
1670726,4.14,0.551,8.65,-0.158,0.044,-0.101,1499,0,0
1670746,4.195,0.584,8.657,-0.146,0.029,-0.123,1498,0,0
1670766,4.243,0.639,8.636,-0.129,0.029,-0.146,1497,0,0
1670786,4.262,0.843,8.578,-0.115,0.03,-0.17,1497,0,0
1670806,4.334,1.104,8.461,-0.146,0.043,-0.161,1497,0,0
1670826,4.35,1.195,8.466,-0.192,0.043,-0.128,1499,0,0
1670846,4.422,1.12,8.485,-0.219,0.029,-0.11,1496,0,0
1670866,4.477,1.068,8.459,-0.216,0.027,-0.118,1497,0,0
1670886,4.503,1.14,8.401,-0.212,0.028,-0.123,1496,0,0
1670906,4.458,1.192,8.43,-0.211,0.021,-0.111,1497,0,0
1670926,4.492,1.109,8.576,-0.178,0.019,-0.106,1497,0,0
1670946,4.434,1.056,8.612,-0.145,0.002,-0.127,1497,0,0
1670966,4.393,1.147,8.483,-0.111,-0.032,-0.152,1498,0,0
1670986,4.432,1.293,8.279,-0.093,-0.038,-0.157,1497,0,0
1671006,4.41,1.341,8.193,-0.081,-0.005,-0.154,1497,0,0
1671026,4.283,1.465,8.325,-0.04,0.016,-0.153,1495,0,0
1671046,4.24,1.621,8.274,-0.046,0.009,-0.146,1497,0,0
1671066,4.238,1.681,8.313,-0.116,0.002,-0.123,1498,0,0
1671086,4.18,1.516,8.43,-0.133,0.004,-0.112,1497,0,0
1671106,4.156,1.561,8.485,-0.033,0.004,-0.118,1497,0,0
1671126,4.207,1.815,8.349,0.006,0.009,-0.094,1497,0,0
1671146,4.271,1.863,8.332,-0.05,0.017,-0.058,1498,0,0
1671166,4.266,1.729,8.396,-0.054,0.019,-0.036,1496,0,0
1671186,4.302,1.63,8.504,-0.013,0.024,-0.032,1497,0,0
1671206,4.415,1.733,8.483,0.0,0.006,-0.029,1497,0,0
1671226,4.597,1.894,8.234,-0.009,-0.012,0.003,1496,0,0
1671246,4.633,1.791,8.315,-0.034,0.033,0.034,1497,0,0
1671266,4.427,1.686,8.521,-0.005,0.063,0.023,1497,0,0
1671286,4.47,1.927,8.526,0.051,0.009,0.034,1497,0,0
1671306,4.597,2.109,8.344,0.054,-0.015,0.064,1497,0,0
1671326,4.515,2.095,8.396,0.019,0.03,0.087,1498,0,0
1671346,4.377,2.095,8.545,0.021,0.055,0.11,1498,0,0
1671366,4.281,1.999,8.818,0.051,0.058,0.14,1498,0,0
1671386,4.118,1.913,8.93,0.038,0.038,0.165,1497,0,0
1671406,4.02,1.709,8.978,0.028,0.013,0.184,1497,0,0
1671426,4.01,1.456,9.052,0.046,-0.004,0.183,1497,0,0
1671446,3.97,1.314,8.966,0.054,-0.011,0.185,1496,0,0
1671466,3.97,1.142,8.842,0.034,-0.03,0.197,1497,0,0
1671486,4.039,0.845,8.667,0.021,-0.03,0.189,1497,0,0
1671506,4.032,0.718,8.643,-0.004,-0.023,0.164,1498,0,0
1671526,4.156,0.682,8.543,-0.055,-0.019,0.144,1497,0,0
1671546,4.307,0.553,8.554,-0.118,-0.008,0.147,1496,0,0
1671566,4.389,0.275,8.636,-0.143,0.01,0.122,1497,0,0
1671586,4.422,0.17,8.638,-0.112,0.013,0.064,1497,0,0
1671606,4.408,0.381,8.557,-0.099,0.007,0.0,1497,0,0
1671626,4.401,0.615,8.631,-0.15,0.019,-0.024,1496,0,0
1671646,4.329,0.752,8.693,-0.161,0.025,-0.04,1497,0,0
1671666,4.281,0.912,8.691,-0.151,0.01,-0.06,1497,0,0
1671686,4.252,1.077,8.571,-0.15,0.006,-0.065,1497,0,0
1671706,4.175,1.149,8.485,-0.177,0.013,-0.062,1497,0,0
1671726,4.195,1.132,8.504,-0.176,0.015,-0.058,1497,0,0
1671746,4.192,1.166,8.516,-0.143,0.008,-0.066,1497,0,0
1671766,4.132,1.298,8.418,-0.13,0.003,-0.061,1497,0,0
1671786,4.209,1.341,8.241,-0.123,0.005,-0.042,1496,0,0
1671806,4.381,1.233,8.21,-0.12,0.03,-0.022,1497,0,0
1671826,4.314,1.063,8.356,-0.1,0.041,-0.031,1496,0,0
1671846,4.269,1.152,8.425,-0.064,0.014,-0.04,1496,0,0
1671866,4.365,1.3,8.27,-0.079,-0.003,-0.042,1497,0,0
1671886,4.487,1.322,8.21,-0.123,0.001,-0.031,1497,0,0
1671906,4.571,1.3,8.195,-0.089,0.022,-0.033,1498,0,0
1671926,4.499,1.36,8.353,-0.039,0.064,-0.041,1496,0,0
1671946,4.46,1.568,8.519,-0.005,0.063,-0.044,1497,0,0
1671966,4.503,1.75,8.507,-0.006,0.034,-0.019,1497,0,0
1671986,4.489,1.808,8.495,-0.019,0.021,0.007,1498,0,0
1672006,4.429,1.779,8.521,-0.041,0.03,0.026,1496,0,0
1672026,4.317,1.707,8.588,-0.032,0.035,0.035,1497,0,0
1672046,4.276,1.647,8.722,0.009,0.033,0.041,1497,0,0
1672066,4.197,1.705,8.753,0.078,0.011,0.042,1497,0,0
1672086,4.104,1.757,8.698,0.071,-0.007,0.065,1496,0,0
1672106,4.099,1.578,8.686,0.01,-0.01,0.088,1497,0,0
1672126,4.044,1.348,8.686,0.013,0.005,0.092,1498,0,0
1672146,4.075,1.25,8.746,0.06,0.019,0.098,1497,0,0
1672166,4.123,1.128,8.801,0.069,0.023,0.117,1497,0,0
1672186,4.18,0.934,8.799,0.021,0.011,0.123,1498,0,0
1672206,4.214,0.764,8.782,-0.047,-0.004,0.121,1498,0,0
1672226,4.286,0.515,8.803,-0.092,-0.014,0.107,1498,0,0
1672246,4.331,0.345,8.806,-0.071,-0.016,0.075,1497,0,0
1672266,4.42,0.328,8.703,-0.025,-0.025,0.035,1498,0,0
1672286,4.456,0.536,8.514,-0.015,-0.039,0.006,1497,0,0
1672306,4.499,0.711,8.313,-0.072,-0.044,-0.013,1497,0,0
1672326,4.456,0.764,8.327,-0.139,-0.026,-0.038,1497,0,0
1672346,4.468,0.814,8.351,-0.12,-0.011,-0.067,1498,0,0
1672366,4.396,1.013,8.365,-0.055,0.014,-0.09,1497,0,0
1672386,4.312,1.348,8.42,-0.01,0.029,-0.098,1498,0,0
1672406,4.257,1.523,8.492,-0.049,0.025,-0.08,1499,0,0
1672426,4.209,1.599,8.464,-0.069,0.011,-0.067,1498,0,0
1672446,4.278,1.7,8.408,-0.069,0.011,-0.046,1498,0,0
1672467,4.317,1.7,8.408,-0.09,0.023,-0.011,1501,0,0
1672486,4.293,1.53,8.442,-0.103,0.029,0.006,1498,0,0
1672506,4.329,1.348,8.507,-0.088,0.034,0.001,1499,0,0
1672526,4.367,1.31,8.478,-0.035,0.043,-0.006,1498,0,0
1672546,4.405,1.372,8.49,-0.002,0.038,0.001,1498,0,0
1672566,4.503,1.307,8.478,-0.056,0.033,0.018,1499,0,0
1672586,4.499,1.166,8.566,-0.103,0.037,0.015,1499,0,0
1672606,4.489,1.068,8.693,-0.079,0.028,0.0,1499,0,0
1672626,4.477,1.113,8.727,-0.029,0.027,-0.014,1498,0,0
1672646,4.389,1.223,8.703,-0.006,0.017,-0.02,1498,0,0
1672666,4.302,1.398,8.633,-0.02,-0.004,-0.015,1498,0,0
1672686,4.314,1.46,8.641,-0.068,-0.021,0.003,1498,0,0
1672706,4.302,1.334,8.701,-0.091,-0.023,0.006,1498,0,0
1672726,4.288,1.295,8.581,-0.04,-0.032,0.003,1498,0,0
1672746,4.334,1.377,8.382,0.005,-0.028,0.003,1499,0,0
1672766,4.322,1.441,8.325,-0.036,-0.007,0.014,1498,0,0
1672786,4.298,1.348,8.466,-0.077,0.0,0.022,1499,0,0
1672806,4.281,1.302,8.59,-0.059,0.001,0.015,1498,0,0
1672826,4.319,1.302,8.569,-0.036,-0.003,0.02,1501,0,0
1672846,4.377,1.267,8.497,-0.048,-0.003,0.035,1499,0,0
1672866,4.336,1.135,8.562,-0.063,0.002,0.032,1497,0,0
1672886,4.348,1.073,8.495,-0.06,-0.008,0.019,1499,0,0
1672906,4.391,1.116,8.411,-0.065,-0.014,0.016,1498,0,0
1672926,4.424,1.08,8.432,-0.091,-0.005,0.006,1498,0,0
1672946,4.441,1.08,8.473,-0.064,0.015,0.001,1498,0,0
1672966,4.434,1.13,8.475,-0.044,0.021,0.002,1498,0,0
1672986,4.42,1.168,8.554,-0.085,0.009,-0.01,1498,0,0
1673006,4.417,1.195,8.578,-0.103,-0.006,-0.017,1498,0,0
1673026,4.377,1.25,8.552,-0.103,-0.017,-0.021,1498,0,0
1673046,4.417,1.307,8.418,-0.092,-0.025,-0.017,1498,0,0
1673066,4.456,1.326,8.353,-0.064,-0.005,-0.019,1499,0,0
1673086,4.398,1.405,8.449,-0.051,0.016,-0.019,1496,0,0
1673106,4.355,1.437,8.475,-0.076,-0.005,-0.017,1497,0,0
1673126,4.391,1.451,8.44,-0.096,-0.016,-0.007,1498,0,0
1673146,4.422,1.451,8.365,-0.088,-0.001,0.0,1498,0,0
1673166,4.413,1.422,8.332,-0.064,0.024,0.008,1498,0,0
1673186,4.422,1.425,8.373,-0.06,0.04,0.025,1498,0,0
1673206,4.391,1.444,8.43,-0.087,0.041,0.033,1498,0,0
1673226,4.472,1.41,8.519,-0.149,0.027,0.054,1498,0,0
1673246,4.501,1.305,8.641,-0.169,0.023,0.077,1497,0,0
1673266,4.468,1.211,8.686,-0.146,0.02,0.086,1498,0,0
1673286,4.456,1.262,8.636,-0.141,0.006,0.092,1498,0,0
1673306,4.446,1.176,8.614,-0.149,0.009,0.095,1498,0,0
1673326,4.403,1.156,8.65,-0.134,-0.001,0.091,1498,0,0
1673346,4.391,1.156,8.557,-0.138,-0.024,0.086,1498,0,0
1673366,4.42,1.18,8.42,-0.152,-0.031,0.1,1498,0,0
1673386,4.436,1.077,8.289,-0.168,-0.023,0.105,1497,0,0
1673406,4.472,1.008,8.325,-0.171,-0.013,0.104,1498,0,0
1673426,4.427,0.922,8.406,-0.152,-0.003,0.09,1498,0,0
1673446,4.393,0.869,8.464,-0.081,0.007,0.066,1498,0,0
1673466,4.408,0.974,8.43,-0.026,0.015,0.051,1498,0,0
1673486,4.389,1.001,8.492,-0.044,0.02,0.05,1497,0,0
1673506,4.298,0.97,8.516,-0.059,0.009,0.041,1498,0,0
1673526,4.288,1.003,8.394,-0.06,0.0,0.04,1498,0,0
1673546,4.413,0.967,8.346,-0.06,0.019,0.05,1498,0,0
1673566,4.377,0.895,8.394,-0.048,0.054,0.057,1498,0,0
1673586,4.355,0.931,8.454,-0.041,0.061,0.073,1496,0,0
1673606,4.417,0.776,8.578,-0.114,0.063,0.089,1498,0,0
1673626,4.41,0.572,8.71,-0.152,0.047,0.078,1498,0,0
1673646,4.429,0.476,8.71,-0.138,0.028,0.059,1498,0,0
1673666,4.475,0.498,8.633,-0.078,0.031,0.038,1497,0,0
1673686,4.513,0.613,8.581,-0.052,0.042,0.023,1496,0,0
1673706,4.458,0.678,8.552,-0.079,0.043,0.017,1496,0,0
1673726,4.458,0.723,8.614,-0.11,0.023,0.011,1496,0,0
1673746,4.482,0.74,8.636,-0.13,0.014,0.0,1496,0,0
1673766,4.523,0.709,8.554,-0.11,0.012,-0.018,1497,0,0
1673786,4.48,0.929,8.519,-0.04,0.016,-0.025,1496,0,0
1673806,4.439,1.03,8.578,-0.05,0.02,-0.013,1498,0,0
1673826,4.393,1.02,8.547,-0.074,0.017,-0.011,1498,0,0
1673846,4.355,1.049,8.528,-0.071,0.022,-0.016,1496,0,0
1673866,4.348,1.147,8.535,-0.055,0.011,0.0,1496,0,0
1673886,4.415,1.13,8.535,-0.072,0.01,0.025,1497,0,0
1673906,4.436,1.001,8.643,-0.099,0.026,0.039,1496,0,0
1673926,4.422,0.915,8.681,-0.101,0.027,0.044,1496,0,0
1673946,4.393,0.807,8.696,-0.094,0.011,0.053,1496,0,0
1673966,4.396,0.776,8.662,-0.106,-0.012,0.053,1496,0,0
1673986,4.434,0.781,8.574,-0.149,-0.019,0.068,1496,0,0
1674006,4.436,0.74,8.59,-0.18,-0.006,0.079,1496,0,0
1674026,4.391,0.685,8.569,-0.207,-0.002,0.096,1497,0,0
1674046,4.398,0.541,8.617,-0.222,-0.008,0.109,1495,0,0
1674066,4.456,0.39,8.698,-0.24,-0.023,0.099,1493,0,0
1674086,4.513,0.39,8.631,-0.255,-0.046,0.089,1492,0,0
1674106,4.547,0.474,8.478,-0.305,-0.062,0.09,1493,0,0
1674126,4.609,0.429,8.629,-0.319,-0.054,0.084,1491,0,0
1674146,4.695,0.441,8.758,-0.3,-0.087,0.103,1487,0,0
1674166,4.542,0.46,8.777,-0.306,-0.111,0.13,1469,0,0
1674186,4.506,0.448,8.545,-0.277,-0.128,0.156,1447,0,0
1674206,4.542,0.393,8.337,-0.268,-0.09,0.135,1423,0,0
1674226,4.635,0.508,8.643,-0.235,-0.098,0.128,1401,0,0
1674246,4.594,0.515,8.552,-0.222,-0.162,0.183,1376,0,0
1674266,4.875,0.448,8.712,-0.318,-0.182,0.181,1339,0,0
1674286,4.781,-0.077,8.303,-0.348,-0.133,0.182,1303,0,0
1674306,4.501,-0.105,8.095,-0.151,-0.039,0.103,1275,0,0
1674326,4.314,0.625,7.93,-0.181,-0.045,0.115,1250,0,0
1674346,4.633,0.558,8.152,-0.52,-0.041,0.205,1232,0,0
1674366,4.939,-0.136,8.622,-0.793,-0.084,0.258,1207,0,0
1674386,5.133,-0.515,8.777,-0.79,-0.102,0.245,1178,0,0
1674406,4.489,-0.201,8.179,-0.806,-0.122,0.274,1161,0,0
1674426,4.489,-0.311,8.322,-1.103,-0.12,0.267,1147,0,0
1674446,4.934,-1.365,8.452,-1.141,-0.078,0.248,1136,2236,200
1674466,4.927,-1.791,8.406,-0.921,-0.015,0.19,1125,3110,200
1674486,4.899,-1.209,8.389,-0.775,0.012,0.165,1118,3564,200
1674506,5.1,-1.209,8.636,-0.713,0.111,0.159,1114,3836,200
1674526,4.755,-1.717,8.657,-0.605,0.052,0.116,1115,3920,200
1674546,4.413,-2.016,8.21,-0.552,-0.03,0.072,1118,4008,200
1674566,5.042,-1.944,8.143,-0.501,0.062,0.079,1123,4043,200
1674586,5.054,-1.618,8.487,-0.347,0.165,0.054,1126,4095,200
1674606,4.142,-2.368,8.238,-0.224,0.089,0.001,1127,4095,200
1674626,4.415,-3.053,8.475,-0.006,0.058,-0.083,1132,4095,200
1674646,4.934,-4.439,9.61,0.993,0.005,-0.324,1136,4095,200
1674666,5.009,-5.641,9.062,2.659,-0.074,-0.856,1144,4095,200
1674686,4.946,-4.156,7.25,4.178,0.131,-1.451,1152,4095,200
1674706,5.148,-2.816,7.482,5.091,0.438,-1.896,1164,4095,200
1674726,4.513,-2.32,7.362,6.195,0.439,-2.378,1171,4095,200
1674746,3.663,0.29,5.646,6.934,0.427,-2.955,1178,4095,200
1674766,4.022,3.081,5.16,7.049,0.625,-3.195,1184,4095,200
1674786,3.182,6.917,4.439,6.462,0.642,-3.045,1188,4095,200
1674806,2.449,4.946,3.962,5.946,0.696,-2.866,1189,4095,200
1674826,2.962,3.505,3.235,6.957,0.976,-3.088,1191,4095,200
1674846,1.269,6.215,1.073,8.174,1.145,-3.511,1192,4095,200
1674866,-0.685,6.23,-0.606,8.436,1.103,-3.734,1193,4095,200
1674902,-2.049,4.592,-5.229,8.731,0.893,-4.338,1198,4095,200
1674914,-3.833,6.409,-7.937,8.731,0.65,-4.364,1199,4095,200
1674928,-4.882,12.347,-8.93,8.731,0.382,-3.968,1198,4095,200
1674946,-5.069,18.122,-8.569,7.197,-0.411,-2.699,1198,4095,200
1674966,-4.314,12.953,-8.384,2.848,-0.857,-1.048,1199,4095,200
1674986,-2.907,7.743,-7.779,1.42,-0.764,-0.211,1198,4095,200
1675006,-2.349,7.824,-7.745,1.164,-0.658,-0.001,1200,4095,200
1675026,-3.768,7.767,-7.956,0.846,-0.453,0.115,1200,4095,200
1675046,-2.239,6.931,-7.709,0.179,-0.39,0.221,1200,4095,200
1675066,-2.717,5.983,-8.317,0.108,-0.201,0.072,1200,4095,200
1675086,-2.286,6.402,-7.585,-0.009,0.019,-0.048,1201,4095,200
1675106,-2.363,7.288,-7.118,-0.08,0.1,-0.063,1201,4095,200
1675126,-3.522,7.223,-6.974,-0.03,0.011,-0.027,1203,4095,200
1675146,-2.157,8.349,-6.541,-0.353,-0.091,0.152,1204,4095,200
1675166,-2.382,6.601,-7.235,-0.422,-0.083,0.127,1205,4095,200
1675186,-1.911,6.536,-7.511,-0.035,0.167,-0.05,1205,4095,200
1675206,-1.432,7.86,-7.259,0.092,0.493,-0.011,1205,4095,200
1675226,-3.151,7.113,-7.338,-0.17,0.759,0.033,1200,4032,200
1675246,-3.151,7.688,-5.842,-0.375,0.647,0.149,1200,3147,200
1675266,-2.607,6.551,-6.948,-0.436,0.384,0.225,1231,0,0
1675286,-2.203,6.661,-8.806,-0.464,0.92,0.208,1271,0,0
1675306,-1.142,6.404,-8.813,-0.819,1.574,-0.191,1314,0,0
1675326,-1.719,6.663,-7.216,-0.761,2.091,-0.247,1367,0,0
1675346,-2.033,6.46,-5.557,-0.463,1.824,-0.23,1424,0,0
1675366,-2.107,7.57,-5.231,-0.31,1.304,-0.114,1482,0,0
1675386,-1.448,7.879,-5.425,-0.301,0.918,0.044,1520,0,0
1675406,-1.099,7.774,-5.777,-0.286,0.597,0.176,1551,0,0
1675426,-1.168,7.508,-5.801,-0.25,0.391,0.158,1580,0,0
1675446,-1.238,7.547,-5.715,-0.095,0.148,0.067,1601,0,0
1675466,-1.185,7.719,-5.727,-0.024,-0.055,0.071,1621,0,0
1675486,-0.658,7.638,-6.05,-0.076,-0.155,0.122,1640,0,0
1675506,-0.591,7.573,-6.431,-0.139,-0.08,0.108,1657,0,0
1675526,-0.934,7.477,-6.191,-0.135,-0.052,0.052,1678,0,0
1675546,-1.19,7.434,-6.021,-0.106,-0.124,0.008,1692,0,0
1675566,-0.998,7.611,-6.39,-0.15,-0.174,0.006,1703,0,0
1675586,-0.946,7.664,-6.558,-0.282,-0.142,0.012,1715,0,0
1675606,-1.013,7.46,-6.402,-0.333,-0.126,-0.001,1727,0,0
1675626,-1.022,7.372,-6.448,-0.261,-0.082,-0.033,1735,0,0
1675646,-1.12,7.496,-6.486,-0.141,-0.036,-0.034,1739,0,0
1675666,-1.286,7.791,-6.378,-0.125,-0.026,0.006,1742,0,0
1675686,-1.319,7.815,-6.254,-0.263,-0.074,0.023,1742,0,0
1675706,-1.147,7.254,-6.242,-0.335,-0.092,-0.041,1739,0,0
1675726,-0.927,7.424,-6.433,-0.074,-0.037,-0.08,1735,0,0
1675746,-0.917,7.788,-6.428,-0.069,0.046,-0.051,1732,0,0
1675766,-1.331,7.887,-6.223,-0.235,0.078,0.015,1730,0,0
1675786,-1.427,7.776,-6.081,-0.357,0.006,0.045,1727,0,0
1675806,-1.077,7.599,-5.997,-0.371,-0.013,0.044,1722,0,0
1675826,-0.939,7.453,-5.914,-0.28,-0.004,0.013,1716,0,0
1675846,-0.962,7.499,-5.923,-0.124,-0.006,-0.034,1711,0,0
1675866,-1.113,7.75,-5.964,-0.071,-0.006,-0.049,1704,0,0
1675886,-1.18,7.896,-5.959,-0.101,-0.019,-0.049,1694,0,0
1675906,-1.233,8.04,-6.065,-0.113,-0.017,-0.005,1687,0,0
1675926,-1.283,8.071,-5.993,-0.193,-0.041,0.046,1682,0,0
1675946,-1.154,7.776,-6.031,-0.289,-0.045,0.043,1679,0,0
1675966,-1.013,7.69,-6.002,-0.217,-0.01,0.009,1674,0,0
1675986,-1.097,7.898,-5.868,-0.165,0.006,-0.008,1664,0,0
1676006,-1.322,7.992,-5.741,-0.218,-0.015,0.015,1651,0,0
1676026,-1.255,7.951,-5.725,-0.289,-0.063,0.055,1643,0,0
1676046,-1.046,7.815,-5.739,-0.283,-0.07,0.055,1634,0,0
1676066,-0.967,7.81,-5.713,-0.248,-0.047,0.043,1632,0,0
1676086,-1.044,7.839,-5.662,-0.212,-0.02,0.04,1634,0,0
1676106,-1.07,7.879,-5.605,-0.185,-0.027,0.021,1634,0,0
1676126,-1.173,8.011,-5.626,-0.123,-0.024,0.018,1635,0,0
1676146,-1.171,8.097,-5.581,-0.166,-0.059,0.041,1633,0,0
1676166,-1.094,7.81,-5.619,-0.254,-0.064,0.045,1627,0,0
1676186,-1.008,7.733,-5.705,-0.154,-0.037,0.015,1621,0,0
1676206,-1.061,7.987,-5.636,-0.064,-0.01,-0.008,1622,0,0
1676226,-1.204,8.267,-5.677,-0.107,-0.021,0.016,1622,0,0
1676246,-1.274,8.274,-5.741,-0.243,-0.056,0.06,1621,0,0
1676266,-1.199,7.932,-5.72,-0.326,-0.051,0.067,1619,0,0
1676286,-1.085,7.846,-5.629,-0.196,-0.016,0.039,1616,0,0
1676306,-1.07,7.879,-5.598,-0.11,0.017,0.01,1612,0,0
1676326,-1.053,8.016,-5.617,-0.03,0.054,-0.019,1609,0,0
1676346,-1.166,8.171,-5.435,-0.009,0.055,-0.026,1602,0,0
1676366,-1.171,8.265,-5.468,-0.052,0.043,-0.009,1600,0,0
1676386,-1.118,8.26,-5.456,-0.116,0.027,0.019,1600,0,0
1676406,-0.996,8.289,-5.492,-0.147,0.014,0.043,1600,0,0
1676426,-1.006,8.164,-5.377,-0.174,0.026,0.055,1600,0,0
1676446,-1.085,8.104,-5.255,-0.128,0.021,0.059,1600,0,0
1676466,-1.03,8.028,-5.341,-0.131,-0.003,0.056,1597,0,0
1676486,-0.912,7.922,-5.447,-0.13,-0.002,0.038,1593,0,0
1676506,-0.924,7.951,-5.449,-0.053,0.021,-0.0,1592,0,0
1676526,-0.977,8.215,-5.375,-0.008,0.025,-0.012,1590,0,0
1676546,-1.082,8.313,-5.358,-0.097,-0.009,0.014,1589,0,0
1676566,-1.065,8.179,-5.411,-0.187,-0.033,0.044,1587,0,0
1676586,-1.046,7.951,-5.485,-0.155,-0.017,0.044,1585,0,0
1676606,-0.989,7.906,-5.571,-0.069,0.025,0.025,1583,0,0
1676626,-1.03,8.004,-5.516,-0.028,0.042,0.007,1581,0,0
1676646,-1.104,8.112,-5.387,-0.053,0.017,-0.015,1577,0,0
1676666,-1.034,8.14,-5.375,-0.111,-0.006,-0.017,1576,0,0
1676686,-0.941,8.155,-5.397,-0.119,0.004,0.011,1575,0,0
1676706,-1.025,8.073,-5.296,-0.155,0.006,0.022,1576,0,0
1676726,-0.977,7.989,-5.31,-0.129,0.001,0.007,1576,0,0
1676746,-0.95,8.054,-5.334,-0.066,0.015,-0.02,1578,0,0
1676766,-1.015,8.26,-5.291,-0.038,0.016,-0.038,1580,0,0
1676786,-1.041,8.313,-5.219,-0.087,-0.001,-0.021,1578,0,0
1676806,-1.037,8.224,-5.255,-0.094,-0.014,-0.001,1577,0,0
1676826,-1.039,8.212,-5.394,-0.054,-0.016,-0.005,1576,0,0
1676846,-1.01,8.26,-5.437,-0.05,0.001,-0.014,1573,0,0
1676866,-1.046,8.286,-5.404,-0.043,0.024,-0.008,1574,0,0
1676886,-1.075,8.191,-5.313,-0.044,0.024,0.011,1573,0,0
1676906,-1.077,8.181,-5.341,-0.077,0.006,0.016,1574,0,0
1676926,-1.02,8.1,-5.37,-0.115,-0.008,0.007,1574,0,0
1676946,-1.015,8.114,-5.409,-0.079,0.001,0.003,1575,0,0
1676966,-1.049,8.143,-5.43,-0.053,0.011,0.0,1574,0,0
1676986,-1.034,8.152,-5.377,-0.081,0.017,0.004,1574,0,0
1677006,-1.041,8.078,-5.356,-0.109,0.007,0.001,1571,0,0
1677026,-1.034,8.083,-5.375,-0.106,0.009,-0.009,1571,0,0
1677046,-0.984,8.112,-5.356,-0.093,0.023,-0.02,1572,0,0
1677066,-1.106,8.128,-5.236,-0.078,0.024,-0.017,1573,0,0
1677086,-1.077,8.116,-5.265,-0.063,0.014,-0.016,1571,0,0
