1840469,-0.642,9.014,-3.443,-0.043,0.012,-0.005,1734,0,0
1840489,-0.632,9.064,-3.467,-0.03,0.015,-0.008,1734,0,0
1840509,-0.661,9.076,-3.443,-0.055,0.025,-0.023,1734,0,0
1840529,-0.608,9.105,-3.433,-0.055,0.035,-0.022,1734,0,0
1840549,-0.565,9.091,-3.302,-0.066,0.048,-0.021,1735,0,0
1840569,-0.646,9.136,-3.182,-0.074,0.04,-0.031,1734,0,0
1840589,-0.682,9.215,-3.141,-0.068,0.029,-0.035,1734,0,0
1840609,-0.812,9.256,-3.206,-0.075,0.016,-0.013,1734,0,0
1840629,-0.723,9.22,-3.29,-0.066,0.018,0.014,1734,0,0
1840649,-0.694,9.091,-3.287,-0.078,0.033,0.015,1735,0,0
1840669,-0.702,9.055,-3.199,-0.057,0.037,0.012,1734,0,0
1840689,-0.737,9.029,-3.103,-0.046,0.023,0.016,1735,0,0
1840710,-0.716,8.978,-3.148,-0.055,-0.007,0.021,1734,0,0
1840769,-0.563,8.94,-3.302,-0.056,-0.007,-0.019,1734,0,0
1840780,-0.575,8.995,-3.261,-0.047,-0.008,-0.025,1734,0,0
1840792,-0.644,9.038,-3.244,-0.045,-0.009,-0.025,1734,0,0
1840802,-0.634,9.064,-3.292,-0.046,-0.017,-0.021,1734,0,0
1840922,-0.603,9.05,-3.457,-0.066,0.033,-0.006,1733,0,0
1840942,-0.632,9.029,-3.357,-0.048,0.023,-0.012,1733,0,0
1840962,-0.591,9.103,-3.407,-0.039,0.017,-0.006,1733,0,0
1840982,-0.558,9.088,-3.476,-0.054,0.024,-0.012,1733,0,0
1841002,-0.555,9.072,-3.395,-0.076,0.048,-0.029,1735,0,0
1841022,-0.632,9.151,-3.211,-0.067,0.054,-0.037,1734,0,0
1841042,-0.745,9.306,-3.077,-0.061,0.038,-0.031,1734,0,0
1841062,-0.764,9.359,-3.153,-0.076,0.017,-0.003,1734,0,0
1841082,-0.766,9.206,-3.199,-0.084,0.018,0.022,1733,0,0
1841226,-0.613,8.938,-3.369,-0.04,-0.011,0.011,1736,0,0
1841246,-0.582,8.95,-3.409,-0.058,-0.006,0.002,1733,0,0
1841266,-0.582,8.93,-3.369,-0.072,0.007,-0.018,1733,0,0
1841286,-0.584,8.933,-3.314,-0.049,0.007,-0.017,1734,0,0
1841306,-0.563,8.981,-3.395,-0.045,-0.005,-0.016,1733,0,0
1841326,-0.524,9.0,-3.395,-0.071,0.001,-0.024,1732,0,0
1841346,-0.577,9.055,-3.366,-0.055,0.017,-0.021,1732,0,0
1841377,-0.587,9.033,-3.311,-0.05,0.004,-0.017,1732,0,0
1841388,-0.601,9.038,-3.364,-0.052,-0.006,-0.023,1731,0,0
1841529,-0.716,9.335,-3.182,-0.1,0.045,-0.009,1730,0,0
1841549,-0.769,9.301,-3.177,-0.112,0.03,0.005,1730,0,0
1841569,-0.692,9.266,-3.16,-0.108,0.013,0.02,1730,0,0
1841589,-0.733,9.28,-3.153,-0.136,0.005,0.038,1730,0,0
1841609,-0.661,9.143,-3.136,-0.204,-0.025,0.045,1729,0,0
1841629,-0.651,9.172,-3.156,-0.239,-0.044,0.049,1729,0,0
1841649,-0.656,9.196,-3.057,-0.35,-0.08,0.061,1729,0,0
1841669,-0.692,9.158,-3.007,-0.448,-0.114,0.084,1728,0,0
1841689,-0.723,9.407,-3.077,-0.492,-0.143,0.114,1729,0,0
1841709,-0.891,10.106,-3.237,-0.749,-0.233,0.194,1729,0,0
1841729,-0.979,10.762,-3.304,-1.392,-0.417,0.303,1728,0,0
1841749,-0.781,11.229,-3.067,-2.323,-0.597,0.436,1727,0,0
1841769,-0.802,11.171,-2.693,-3.323,-0.727,0.657,1726,0,0
1841789,-0.915,11.246,-2.389,-4.224,-0.864,0.944,1725,0,0
1841809,-0.895,10.24,-1.918,-4.974,-0.923,1.118,1725,0,0
1841829,-0.347,9.692,-1.104,-5.047,-0.869,1.147,1725,0,0
1841849,0.201,10.204,-0.637,-4.952,-0.795,1.16,1726,0,0
1841869,0.354,10.297,0.211,-5.358,-0.758,1.238,1728,0,0
1841889,0.747,9.067,1.322,-6.644,-0.698,1.306,1729,0,0
1841909,1.125,6.737,2.713,-7.618,-0.674,1.321,1734,0,0
1841929,1.197,5.258,4.913,-7.076,-0.837,1.448,1740,0,0
1841949,1.542,4.432,5.918,-6.111,-0.944,1.604,1744,0,0
1841969,2.028,3.606,6.831,-5.493,-0.956,1.532,1744,0,0
1841989,2.662,1.724,7.408,-4.911,-0.754,1.285,1745,0,0
1842009,3.232,0.342,8.164,-3.892,-0.495,1.036,1744,0,0
1842029,3.275,-0.034,8.557,-2.543,-0.264,0.809,1745,0,0
1842049,3.335,0.069,8.926,-1.499,-0.084,0.593,1745,0,0
1842069,3.282,0.194,9.055,-0.736,0.079,0.373,1745,0,0
1842089,3.033,0.917,9.064,-0.196,0.168,0.219,1745,0,0
1842109,2.741,1.99,8.806,-0.229,0.136,0.176,1744,0,0
1842129,2.703,2.437,8.775,-0.881,0.014,0.233,1744,0,0
1842149,2.818,1.415,8.916,-1.417,-0.037,0.293,1744,0,0
1842169,2.923,0.481,9.172,-1.239,-0.038,0.261,1744,0,0
1842189,2.995,0.285,9.242,-0.667,-0.001,0.195,1743,0,0
1842209,2.926,0.86,9.17,-0.382,0.006,0.173,1742,0,0
1842229,2.849,1.144,9.026,-0.625,-0.027,0.19,1741,0,0
1842249,2.902,0.69,9.199,-0.871,-0.056,0.183,1737,0,0
1842269,3.043,0.18,9.392,-0.73,-0.086,0.167,1733,0,0
1842289,3.158,0.019,9.266,-0.444,-0.052,0.133,1731,0,0
1842309,3.23,-0.184,9.282,-0.136,0.037,0.087,1728,0,0
1842329,3.148,-0.196,9.187,0.144,0.145,0.039,1727,0,0
1842349,2.95,0.225,9.117,0.38,0.185,-0.001,1725,0,0
1842369,2.837,0.788,9.045,0.314,0.149,-0.007,1727,0,0
1842389,2.732,0.934,9.062,0.004,0.064,0.028,1726,0,0
1842409,2.737,0.582,9.127,-0.193,0.006,0.056,1726,0,0
1842429,2.909,0.134,9.143,-0.103,0.027,0.03,1726,0,0
1842723,3.012,1.159,9.349,-0.012,0.051,0.092,1725,0,0
1842743,2.969,1.07,9.486,-0.117,0.034,0.103,1724,0,0
1842763,2.892,0.886,9.61,-0.209,-0.004,0.085,1725,0,0
1842783,2.816,0.843,9.61,-0.15,-0.033,0.056,1725,0,0
1842803,2.794,1.022,9.467,-0.101,-0.056,0.051,1726,0,0
1842823,2.816,0.931,9.33,-0.209,-0.063,0.058,1725,0,0
1842843,2.794,0.685,9.203,-0.269,-0.05,0.043,1726,0,0
1842864,2.722,0.656,9.17,-0.158,-0.035,0.023,1724,0,0
1842883,2.691,0.735,9.076,-0.054,-0.036,0.009,1725,0,0
1842963,2.732,0.773,8.878,-0.085,-0.029,-0.008,1725,0,0
1842976,2.751,0.836,8.866,-0.077,-0.028,-0.007,1724,0,0
1842987,2.772,0.871,8.835,-0.082,-0.03,-0.003,1725,0,0
1842997,2.784,0.826,8.825,-0.095,-0.029,-0.004,1725,0,0
1843009,2.78,0.761,8.806,-0.09,-0.022,-0.012,1726,0,0
1843020,2.782,0.754,8.78,-0.056,-0.018,-0.022,1724,0,0
1843033,2.825,0.845,8.691,-0.011,-0.014,-0.028,1724,0,0
1843045,2.887,0.936,8.648,-0.006,-0.008,-0.027,1724,0,0
1843064,2.959,1.03,8.71,-0.063,0.015,-0.023,1724,0,0
1843083,3.038,0.95,8.854,-0.124,0.03,-0.037,1724,0,0
1843103,3.053,0.876,9.007,-0.113,0.055,-0.042,1724,0,0
1843123,3.053,0.97,9.05,-0.016,0.074,-0.04,1725,0,0
1843143,3.026,1.082,9.117,-0.009,0.071,-0.033,1725,0,0
1843164,3.057,1.152,9.093,-0.024,0.055,-0.017,1724,0,0
1843183,3.069,1.204,9.074,-0.041,0.043,-0.009,1725,0,0
1843203,3.053,1.116,9.17,-0.102,0.048,-0.01,1725,0,0
1843224,2.907,1.015,9.258,-0.071,0.052,-0.027,1723,0,0
1843243,2.823,1.125,9.21,0.036,0.015,-0.025,1725,0,0
1843263,2.871,1.281,9.081,0.039,-0.001,-0.0,1724,0,0
1843283,2.928,1.176,9.057,-0.009,0.032,0.019,1725,0,0
1843303,2.904,0.979,9.143,-0.06,0.055,0.025,1725,0,0
1843323,2.88,0.795,9.189,-0.059,0.05,0.022,1725,0,0
1843343,2.851,0.778,9.165,-0.03,0.03,0.009,1725,0,0
1843363,2.842,0.816,9.232,-0.039,0.022,0.002,1726,0,0
1843384,2.82,0.816,9.246,-0.026,0.034,0.005,1725,0,0
1843403,2.749,0.845,9.239,-0.01,0.036,0.005,1726,0,0
1843423,2.727,0.962,9.177,-0.034,0.01,0.005,1725,0,0
1843443,2.765,0.941,9.155,-0.134,-0.024,-0.002,1726,0,0
1843463,2.837,0.764,9.115,-0.164,-0.036,-0.01,1726,0,0
1843483,2.911,0.699,9.081,-0.052,-0.02,-0.029,1725,0,0
1843503,2.971,0.903,8.93,0.056,0.009,-0.053,1725,0,0
1843523,2.95,1.178,8.899,0.05,0.034,-0.054,1726,0,0
1843543,2.902,1.29,9.052,-0.042,0.022,-0.043,1726,0,0
1843563,2.933,1.188,9.199,-0.146,-0.004,-0.036,1726,0,0
1843584,2.959,1.077,9.139,-0.124,-0.025,-0.041,1726,0,0
1843603,2.976,1.132,9.038,-0.036,-0.024,-0.046,1726,0,0
1843623,3.007,1.25,8.993,0.029,0.006,-0.035,1726,0,0
1843643,2.921,1.322,9.041,0.04,0.023,-0.02,1726,0,0
1843663,2.835,1.384,9.1,-0.03,0.008,-0.003,1726,0,0
1843683,2.82,1.293,9.045,-0.106,-0.021,0.005,1727,0,0
1843704,2.923,1.123,9.007,-0.116,-0.022,0.012,1725,0,0
1843723,2.988,0.996,8.957,-0.075,0.015,0.015,1726,0,0
1843743,2.919,0.979,8.995,-0.012,0.062,0.019,1727,0,0
1843763,2.813,1.089,9.064,-0.019,0.059,0.023,1726,0,0
1843784,2.794,1.015,9.134,-0.118,0.029,0.026,1726,0,0
1843804,2.835,0.84,9.189,-0.156,0.015,0.015,1726,0,0
1843823,2.806,0.86,9.199,-0.084,0.027,0.01,1727,0,0
1843843,2.761,0.965,9.16,-0.048,0.024,0.017,1727,0,0
1843863,2.799,0.924,9.167,-0.09,0.012,0.015,1727,0,0
1843883,2.866,0.838,9.167,-0.107,0.007,-0.003,1727,0,0
1843904,2.895,0.821,9.227,-0.121,0.005,-0.019,1727,0,0
1843923,2.868,0.886,9.196,-0.087,-0.008,-0.027,1727,0,0
1843943,2.89,0.996,9.146,-0.03,-0.012,-0.034,1727,0,0
1843963,2.907,1.13,9.045,-0.011,0.002,-0.036,1726,0,0
1843983,2.875,1.216,9.024,-0.029,0.004,-0.037,1726,0,0
1844004,2.885,1.257,9.0,-0.103,-0.008,-0.022,1728,0,0
1844024,2.892,1.18,9.041,-0.133,-0.013,-0.008,1725,0,0
1844043,2.89,1.073,9.076,-0.1,-0.009,0.001,1726,0,0
1844063,2.885,1.089,9.014,-0.011,-0.005,0.006,1726,0,0
1844084,2.916,1.207,8.997,-0.001,-0.008,0.007,1726,0,0
1844103,2.95,1.202,8.95,-0.09,-0.009,0.014,1726,0,0
1844123,2.954,1.044,9.067,-0.126,0.001,0.02,1726,0,0
1844143,2.902,0.974,9.11,-0.048,0.012,0.016,1726,0,0
1844163,2.919,1.051,9.06,-0.008,0.011,0.019,1726,0,0
1844184,2.952,1.092,8.959,-0.02,0.013,0.03,1725,0,0
1844204,3.031,0.931,8.971,-0.085,0.021,0.032,1726,0,0
1844224,3.036,0.804,9.129,-0.11,0.04,0.023,1726,0,0
1844243,2.928,0.728,9.297,-0.085,0.045,0.009,1726,0,0
1844263,2.837,0.807,9.325,-0.046,0.025,-0.002,1726,0,0
1844283,2.837,0.869,9.251,-0.023,-0.001,-0.014,1726,0,0
1844303,2.868,0.924,9.165,-0.051,-0.009,-0.018,1725,0,0
1844323,2.909,0.958,9.167,-0.096,-0.019,-0.015,1726,0,0
1844343,2.863,0.895,9.146,-0.098,-0.015,-0.024,1726,0,0
1844363,2.828,0.927,9.117,-0.041,-0.01,-0.032,1725,0,0
1844383,2.832,0.977,9.067,0.001,-0.01,-0.026,1726,0,0
1844403,2.849,1.041,8.95,-0.025,-0.022,-0.032,1726,0,0
1844423,2.916,1.111,8.799,-0.067,-0.03,-0.034,1725,0,0
1844443,2.95,1.092,8.724,-0.065,-0.011,-0.032,1726,0,0
1844463,2.95,1.142,8.815,-0.051,0.025,-0.032,1726,0,0
1844483,2.892,1.166,8.909,-0.045,0.043,-0.019,1727,0,0
1844504,2.89,1.159,8.961,-0.03,0.03,-0.015,1726,0,0
1844523,2.928,1.152,8.878,-0.053,0.015,-0.014,1726,0,0
1844543,2.942,1.111,8.89,-0.08,0.029,-0.012,1725,0,0
1844563,2.962,1.03,8.997,-0.053,0.051,-0.018,1725,0,0
1844583,2.935,1.065,9.153,0.015,0.06,-0.022,1725,0,0
1844604,2.928,1.235,9.143,0.021,0.055,-0.018,1726,0,0
1844623,2.935,1.235,9.153,-0.032,0.05,-0.002,1726,0,0
1844643,3.002,1.113,9.297,-0.093,0.041,0.008,1726,0,0
1844663,3.036,0.96,9.359,-0.099,0.035,0.006,1727,0,0
1844683,2.981,0.907,9.443,-0.064,0.036,0.004,1727,0,0
1844704,2.847,0.977,9.409,-0.004,0.031,0.002,1726,0,0
1844723,2.784,1.109,9.349,-0.021,0.007,0.006,1727,0,0
1844743,2.816,1.051,9.263,-0.108,-0.027,0.001,1727,0,0
1844763,2.909,0.946,9.153,-0.129,-0.04,-0.005,1727,0,0
1844783,2.897,0.939,9.067,-0.091,-0.023,-0.006,1727,0,0
1844804,2.83,0.934,8.995,-0.038,-0.003,-0.011,1726,0,0
1844823,2.825,1.008,8.933,-0.013,-0.01,-0.016,1726,0,0
1844843,2.88,1.082,8.871,-0.067,-0.013,-0.023,1727,0,0
1844863,2.952,1.027,8.918,-0.127,0.0,-0.028,1726,0,0
1844884,2.954,0.958,8.971,-0.065,0.011,-0.036,1726,0,0
1844903,2.902,1.111,9.017,0.011,0.022,-0.038,1726,0,0
1844923,2.818,1.243,9.021,-0.017,0.011,-0.036,1726,0,0
1844943,2.842,1.343,8.897,-0.048,-0.008,-0.032,1726,0,0
1844963,2.966,1.31,8.837,-0.088,0.002,-0.021,1726,0,0
1844983,3.017,1.223,8.882,-0.077,0.034,-0.007,1727,0,0
1845003,2.938,1.202,9.041,-0.018,0.059,0.003,1727,0,0
1845024,2.878,1.216,9.1,-0.026,0.047,0.007,1727,0,0
1845043,2.897,1.231,9.105,-0.062,0.016,0.009,1727,0,0
1845063,2.988,1.197,9.029,-0.092,0.005,0.01,1727,0,0
1845084,2.998,1.125,9.067,-0.092,0.032,0.015,1726,0,0
1845103,2.945,1.018,9.184,-0.054,0.054,0.02,1727,0,0
1845123,2.921,1.013,9.278,-0.013,0.05,0.019,1727,0,0
1845143,2.861,1.099,9.21,-0.047,0.027,0.021,1727,0,0
1845163,2.866,1.077,9.201,-0.127,0.007,0.022,1727,0,0
1845183,2.849,0.924,9.191,-0.123,0.008,0.015,1727,0,0
1845203,2.82,0.931,9.187,-0.044,0.022,0.013,1727,0,0
1845224,2.765,1.015,9.179,-0.027,0.02,0.011,1728,0,0
1845243,2.744,1.053,9.134,-0.086,0.01,0.005,1727,0,0
1845263,2.811,0.965,9.112,-0.122,-0.011,0.0,1727,0,0
1845283,2.863,0.874,9.129,-0.093,-0.002,-0.008,1726,0,0
1845303,2.849,0.876,9.165,-0.056,-0.002,-0.02,1727,0,0
1845323,2.868,0.953,9.084,-0.036,-0.018,-0.03,1726,0,0
1845343,2.902,1.063,8.918,-0.051,-0.029,-0.039,1726,0,0
1845363,2.907,1.123,8.899,-0.098,-0.014,-0.044,1726,0,0
1845383,2.825,1.19,8.897,-0.055,0.009,-0.041,1726,0,0
1845403,2.761,1.334,8.945,0.001,0.022,-0.023,1726,0,0
1845423,2.782,1.398,8.923,-0.015,0.018,0.001,1726,0,0
1845443,2.907,1.262,8.964,-0.089,0.009,0.016,1727,0,0
1845463,3.043,1.003,8.959,-0.12,0.007,0.009,1726,0,0
1845483,3.036,0.962,8.985,-0.059,0.026,-0.006,1726,0,0
1845504,2.957,1.022,9.1,-0.022,0.044,-0.005,1726,0,0
1845523,2.859,1.101,9.227,-0.015,0.039,0.0,1728,0,0
1845544,2.895,1.12,9.244,-0.027,0.009,-0.001,1727,0,0
1845563,2.962,1.039,9.146,-0.084,-0.001,-0.004,1727,0,0
1845583,2.947,1.008,9.148,-0.08,0.01,-0.005,1727,0,0
1845603,2.914,1.075,9.234,-0.039,0.022,-0.003,1726,0,0
1845623,2.847,1.109,9.263,-0.055,0.026,0.013,1727,0,0
1845643,2.801,1.046,9.258,-0.074,0.004,0.017,1727,0,0
1845663,2.847,0.927,9.21,-0.109,-0.026,0.004,1726,0,0
1845683,2.854,0.855,9.136,-0.099,-0.026,-0.017,1726,0,0
1845703,2.868,0.984,8.981,-0.048,-0.02,-0.025,1726,0,0
1845724,2.849,1.099,8.926,-0.029,0.0,-0.015,1727,0,0
1845744,2.78,1.144,8.997,-0.067,0.012,-0.005,1727,0,0
1845763,2.772,1.053,9.076,-0.11,-0.004,-0.006,1727,0,0
1845783,2.842,0.977,9.091,-0.106,-0.018,-0.018,1727,0,0
1845803,2.899,1.037,9.007,-0.055,-0.02,-0.027,1727,0,0
1845824,2.928,1.159,8.902,-0.022,-0.012,-0.029,1727,0,0
1845843,2.926,1.228,8.916,-0.058,-0.006,-0.018,1727,0,0
1845863,2.911,1.14,8.976,-0.078,0.004,-0.016,1727,0,0
1845883,2.911,1.13,8.921,-0.026,0.006,-0.021,1727,0,0
1845903,2.99,1.18,8.897,-0.002,0.018,-0.017,1727,0,0
1845924,3.031,1.128,8.921,-0.018,0.033,-0.016,1727,0,0
1845943,2.986,1.135,9.017,-0.032,0.034,-0.019,1727,0,0
1845963,2.978,1.159,9.165,-0.064,0.016,-0.015,1727,0,0
1845983,3.012,1.113,9.206,-0.077,0.005,-0.008,1727,0,0
1846003,3.057,1.073,9.177,-0.029,0.012,-0.01,1727,0,0
1846023,2.986,1.144,9.148,-0.002,0.022,-0.013,1727,0,0
1846043,2.976,1.302,9.139,-0.034,0.01,-0.001,1728,0,0
1846063,2.923,1.18,9.191,-0.111,0.005,0.01,1727,0,0
1846083,2.928,1.053,9.215,-0.116,0.0,0.01,1727,0,0
1846103,2.907,1.018,9.199,-0.058,0.001,0.008,1726,0,0
1846123,2.911,1.041,9.115,-0.052,0.007,0.012,1727,0,0
1846143,2.868,0.998,9.155,-0.079,0.009,0.008,1727,0,0
1846163,2.854,0.931,9.158,-0.092,-0.009,0.003,1727,0,0
1846183,2.904,0.936,9.146,-0.094,-0.019,-0.003,1727,0,0
1846203,2.885,0.948,9.129,-0.088,-0.023,-0.014,1727,0,0
1846224,2.89,0.982,9.084,-0.07,-0.025,-0.023,1727,0,0
1846243,2.904,1.03,9.007,-0.044,-0.028,-0.031,1727,0,0
1846263,2.919,1.089,8.942,-0.043,-0.029,-0.043,1727,0,0
1846283,2.933,1.219,8.851,-0.067,-0.031,-0.045,1727,0,0
1846303,2.976,1.329,8.792,-0.071,-0.017,-0.033,1727,0,0
1846323,2.971,1.329,8.827,-0.076,0.008,-0.015,1726,0,0
1846344,2.928,1.238,8.952,-0.06,0.026,-0.009,1727,0,0
1846363,2.945,1.209,9.064,-0.024,0.018,-0.009,1726,0,0
1846383,3.005,1.228,9.014,-0.034,0.002,-0.005,1726,0,0
1846403,3.041,1.207,9.002,-0.079,0.006,-0.001,1726,0,0
1846423,3.033,1.128,9.036,-0.08,0.014,0.002,1726,0,0
1846443,2.998,1.075,9.115,-0.057,0.02,0.004,1726,0,0
1846463,2.964,1.12,9.146,-0.042,0.013,0.003,1727,0,0
1846484,3.014,1.128,9.029,-0.051,-0.002,0.001,1728,0,0
1846503,3.079,1.14,9.033,-0.063,0.007,0.012,1727,0,0
1846523,3.045,1.099,9.074,-0.074,0.013,0.017,1727,0,0
1846544,2.957,1.097,9.103,-0.071,0.013,0.018,1726,0,0
1846563,2.914,1.116,9.108,-0.086,0.009,0.019,1727,0,0
1846583,2.904,1.013,9.143,-0.102,0.007,0.016,1727,0,0
1846603,2.923,0.943,9.153,-0.072,0.005,0.007,1726,0,0
1846623,2.974,0.994,9.12,-0.044,0.009,-0.001,1726,0,0
1846643,3.005,1.063,9.12,-0.025,0.007,0.004,1726,0,0
1846663,2.971,1.073,9.088,-0.059,0.004,0.013,1727,0,0
1846683,2.964,1.027,9.105,-0.111,-0.006,0.007,1727,0,0
1846703,2.957,0.965,9.115,-0.116,-0.018,-0.007,1727,0,0
1846724,2.978,0.984,9.064,-0.061,-0.028,-0.018,1726,0,0
1846743,3.002,1.07,8.964,-0.019,-0.015,-0.016,1727,0,0
1846764,2.986,1.164,8.897,-0.016,-0.001,-0.011,1725,0,0
1846783,2.95,1.204,8.861,-0.067,-0.011,-0.007,1726,0,0
1846803,3.033,1.128,8.799,-0.13,-0.011,-0.007,1726,0,0
1846823,3.043,1.034,8.88,-0.106,0.015,-0.01,1726,0,0
1846844,3.036,1.08,8.978,-0.02,0.031,-0.007,1724,0,0
1846863,3.05,1.178,9.014,-0.015,0.035,0.003,1726,0,0
1846883,3.053,1.097,9.091,-0.084,0.025,0.001,1726,0,0
1846903,3.043,1.058,9.06,-0.087,0.004,-0.007,1727,0,0
1846923,3.077,1.077,9.069,-0.067,0.005,-0.009,1727,0,0
1846943,3.069,1.097,9.074,-0.059,0.018,-0.009,1726,0,0
1846963,3.017,1.185,9.088,-0.019,0.027,-0.004,1726,0,0
1846983,2.978,1.264,9.108,-0.029,0.026,0.015,1726,0,0
1847003,2.99,1.147,9.127,-0.109,0.013,0.03,1726,0,0
1847023,3.055,0.857,9.079,-0.152,0.0,0.022,1726,0,0
1847043,3.084,0.802,9.057,-0.08,0.01,0.003,1726,0,0
1847063,3.002,0.927,9.057,-0.015,0.033,-0.004,1726,0,0
1847084,2.919,1.051,9.06,-0.047,0.035,-0.002,1726,0,0
1847103,2.897,1.065,9.105,-0.103,0.016,0.003,1726,0,0
1847123,2.935,0.931,9.117,-0.132,-0.005,0.004,1726,0,0
1847143,3.019,0.809,9.036,-0.109,-0.001,-0.013,1728,0,0
1847163,3.019,0.864,8.966,-0.054,0.009,-0.032,1727,0,0
1847183,3.038,1.022,8.923,-0.013,0.02,-0.034,1726,0,0
1847203,2.931,1.154,8.921,-0.05,0.026,-0.025,1726,0,0
1847223,2.871,1.144,8.969,-0.114,0.013,-0.015,1726,0,0
1847243,2.954,1.051,8.904,-0.109,0.006,-0.019,1726,0,0
1847264,3.01,1.094,8.856,-0.058,0.024,-0.031,1726,0,0
1847283,3.067,1.18,8.856,-0.037,0.048,-0.021,1726,0,0
1847303,3.041,1.209,8.985,-0.035,0.076,-0.006,1726,0,0
1847323,2.974,1.221,9.151,-0.054,0.069,0.005,1727,0,0
1847343,2.945,1.113,9.215,-0.104,0.028,0.009,1726,0,0
1847363,3.014,0.974,9.096,-0.106,0.001,0.0,1727,0,0
1847383,3.074,0.943,9.05,-0.057,0.012,-0.011,1726,0,0
1847403,3.002,1.085,9.033,-0.013,0.041,-0.013,1726,0,0
1847423,2.933,1.238,9.11,-0.015,0.048,0.004,1726,0,0
1847443,2.904,1.147,9.239,-0.111,0.035,0.027,1725,0,0
1847463,2.959,0.876,9.354,-0.172,0.009,0.024,1726,0,0
1847483,3.057,0.752,9.342,-0.114,-0.001,0.011,1725,0,0
1847504,3.041,0.886,9.275,-0.064,0.009,0.002,1725,0,0
1847523,2.964,0.991,9.297,-0.08,0.005,-0.002,1725,0,0
1847544,2.945,1.008,9.242,-0.105,-0.011,0.009,1725,0,0
1847563,2.993,0.955,9.251,-0.123,-0.02,0.014,1725,0,0
1847584,2.988,0.86,9.191,-0.128,-0.033,0.003,1723,0,0
1847603,2.959,0.871,9.11,-0.085,-0.039,-0.011,1726,0,0
1847623,2.914,0.991,8.978,-0.053,-0.034,-0.018,1726,0,0
1847643,2.883,1.082,8.851,-0.053,-0.034,-0.019,1724,0,0
1847664,2.933,1.077,8.701,-0.063,-0.029,-0.006,1725,0,0
1847683,2.983,1.041,8.6,-0.087,-0.009,-0.004,1726,0,0
1847703,3.0,0.934,8.696,-0.1,0.008,-0.011,1725,0,0
1847723,2.94,0.994,8.784,-0.051,0.031,-0.017,1725,0,0
1847744,2.904,1.125,8.851,-0.02,0.042,-0.01,1726,0,0
1847763,2.928,1.125,8.827,-0.04,0.039,0.006,1725,0,0
1847783,3.01,1.015,8.887,-0.074,0.039,0.01,1725,0,0
1847803,3.033,0.9,8.971,-0.086,0.046,0.003,1725,0,0
1847823,3.019,0.91,9.069,-0.05,0.056,-0.006,1725,0,0
1847843,3.021,0.934,9.1,-0.016,0.062,-0.008,1726,0,0
1847863,3.017,0.991,9.141,0.009,0.063,-0.005,1726,0,0
1847884,2.95,1.053,9.203,-0.028,0.054,0.005,1725,0,0
1847903,2.962,0.931,9.206,-0.097,0.039,0.003,1726,0,0
1847924,2.971,0.888,9.146,-0.076,0.043,-0.003,1727,0,0
1847943,2.976,0.927,9.294,-0.023,0.062,0.005,1726,0,0
1847963,2.921,0.917,9.376,-0.034,0.062,0.01,1725,0,0
1847984,2.911,0.886,9.369,-0.057,0.032,0.009,1725,0,0
1848003,2.923,0.809,9.34,-0.11,0.002,0.001,1726,0,0
1848023,2.966,0.773,9.261,-0.123,-0.01,-0.014,1726,0,0
1848043,2.933,0.893,9.251,-0.058,0.002,-0.016,1727,0,0
1848063,2.859,1.001,9.287,-0.052,-0.005,-0.011,1726,0,0
1848084,2.875,1.001,9.27,-0.096,-0.031,-0.011,1726,0,0
1848103,2.935,0.936,9.234,-0.098,-0.046,-0.021,1726,0,0
1848123,2.976,0.943,9.093,-0.086,-0.055,-0.034,1726,0,0
1848143,2.99,0.984,8.942,-0.06,-0.042,-0.032,1726,0,0
1848163,2.942,1.08,8.933,-0.045,-0.022,-0.034,1726,0,0
1848183,2.933,1.156,8.93,-0.056,-0.016,-0.019,1726,0,0
1848204,2.954,1.135,8.88,-0.062,-0.013,-0.002,1724,0,0
1848223,2.954,1.01,8.93,-0.09,-0.014,0.001,1726,0,0
1848243,2.957,0.898,8.918,-0.084,-0.015,-0.011,1725,0,0
1848263,2.947,0.929,8.868,-0.038,-0.012,-0.025,1725,0,0
1848284,3.002,1.032,8.861,-0.013,0.001,-0.022,1725,0,0
1848303,2.966,1.061,8.909,-0.032,0.016,-0.015,1726,0,0
1848323,2.947,1.063,8.885,-0.042,0.024,-0.01,1727,0,0
1848343,2.957,1.018,8.916,-0.062,0.035,-0.003,1726,0,0
1848363,2.978,0.96,8.983,-0.063,0.044,-0.003,1726,0,0
1848383,2.959,0.934,9.134,-0.04,0.058,-0.003,1727,0,0
1848403,2.957,0.948,9.136,-0.029,0.059,0.002,1726,0,0
1848423,2.926,0.986,9.172,-0.043,0.052,0.018,1727,0,0
1848443,2.99,0.819,9.246,-0.123,0.029,0.016,1727,0,0
1848463,3.084,0.687,9.27,-0.122,0.019,-0.004,1726,0,0
1848484,3.055,0.759,9.206,-0.06,0.014,-0.031,1727,0,0
1848503,3.01,0.979,9.244,-0.059,0.005,-0.031,1726,0,0
1848523,2.983,1.039,9.16,-0.078,-0.003,-0.025,1726,0,0
1848543,3.005,1.094,9.12,-0.08,-0.007,-0.022,1727,0,0
1848564,3.026,1.176,9.098,-0.12,-0.017,-0.019,1723,0,0
1848583,3.081,1.135,9.096,-0.164,-0.016,0.002,1726,0,0
1848603,3.05,1.049,9.105,-0.153,-0.007,0.01,1726,0,0
1848624,3.06,1.022,9.163,-0.157,-0.011,0.014,1726,0,0
1848643,3.021,1.051,9.167,-0.156,-0.025,0.026,1726,0,0
1848664,3.041,1.018,9.182,-0.229,-0.044,0.031,1725,0,0
1848683,3.065,0.814,9.175,-0.283,-0.05,0.03,1724,0,0
1848704,3.036,0.709,9.005,-0.227,-0.061,0.026,1721,0,0
1848724,2.976,0.788,8.973,-0.169,-0.052,0.021,1722,0,0
1848743,2.978,0.795,8.914,-0.12,-0.037,0.033,1721,0,0
1848763,2.938,0.747,8.78,-0.112,0.001,0.035,1720,0,0
1848783,2.945,0.673,8.89,-0.12,0.002,0.023,1720,0,0
1848803,2.954,0.668,8.897,-0.15,-0.007,0.019,1719,0,0
1848823,2.964,0.615,8.952,-0.183,0.004,0.022,1720,0,0
1848843,3.002,0.448,9.014,-0.149,0.02,0.019,1719,0,0
1848863,3.0,0.469,9.009,-0.054,0.039,0.015,1720,0,0
1848884,2.954,0.546,8.99,-0.041,0.04,0.012,1720,0,0
1848904,3.024,0.52,9.045,-0.092,0.023,-0.003,1720,0,0
1848923,3.038,0.479,9.098,-0.087,0.021,-0.019,1721,0,0
1848943,3.053,0.625,9.086,-0.058,0.02,-0.015,1722,0,0
1848963,3.057,0.682,9.072,-0.032,0.024,-0.007,1722,0,0
1848984,3.108,0.759,9.074,-0.009,0.027,-0.004,1722,0,0
1849004,3.033,0.819,9.21,-0.065,0.019,0.002,1721,0,0
1849023,3.077,0.74,9.218,-0.14,-0.006,0.011,1721,0,0
1849043,3.151,0.73,9.199,-0.126,-0.028,0.022,1721,0,0
1849063,3.172,0.642,9.297,-0.176,-0.041,0.027,1721,0,0
1849083,3.189,0.606,9.333,-0.192,-0.053,0.024,1719,0,0
1849103,3.211,0.603,9.261,-0.164,-0.06,0.02,1718,0,0
1849124,3.223,0.582,9.287,-0.191,-0.058,0.019,1716,0,0
1849143,3.218,0.553,9.316,-0.24,-0.076,0.021,1714,0,0
1849163,3.213,0.464,9.182,-0.26,-0.088,0.021,1711,0,0
1849183,3.287,0.364,9.16,-0.229,-0.099,0.019,1694,0,0
1849204,3.242,0.306,8.871,-0.229,-0.06,0.011,1676,0,0
1849223,3.127,0.311,8.772,-0.167,-0.015,0.011,1658,0,0
1849243,3.074,0.364,8.868,-0.051,0.009,0.011,1644,0,0
1849263,3.108,0.421,9.055,-0.014,0.008,0.019,1625,0,0
1849283,3.057,0.522,8.892,-0.06,0.013,0.032,1615,0,0
1849303,3.038,0.436,8.938,-0.137,0.001,0.025,1605,0,0
1849323,3.127,0.342,9.019,-0.187,-0.032,0.015,1598,0,0
1849343,3.184,0.271,9.019,-0.173,-0.041,0.017,1585,0,0
1849364,3.292,0.309,9.108,-0.153,-0.048,0.021,1571,0,0
1849383,3.309,0.323,9.206,-0.18,-0.056,0.022,1535,0,0
1849403,3.364,0.273,9.21,-0.182,-0.1,0.044,1501,0,0
1849424,3.318,0.156,8.928,-0.191,-0.085,0.043,1468,0,0
1849443,3.191,0.187,8.593,-0.112,0.0,0.051,1446,0,0
1849463,3.134,0.373,8.717,0.014,0.062,0.051,1425,0,0
1849483,3.455,0.517,9.234,-0.097,0.003,0.078,1390,0,0
1849503,3.508,0.12,9.184,-0.395,-0.017,0.101,1349,0,0
1849523,3.292,-0.194,8.938,-0.33,0.017,0.091,1327,0,0
1849543,3.199,0.168,8.964,-0.154,0.021,0.093,1303,0,0
1849563,3.239,0.479,9.122,-0.338,-0.065,0.116,1281,0,0
1849583,3.285,0.481,9.155,-0.636,-0.164,0.127,1247,0,0
1849603,3.055,0.63,8.885,-0.901,-0.241,0.209,1221,0,0
1849623,3.309,-0.024,8.835,-1.14,-0.223,0.23,1205,0,0
1849644,3.419,-0.388,8.899,-1.232,-0.233,0.242,1195,0,0
1849663,3.508,-0.352,9.002,-1.352,-0.304,0.259,1169,0,0
1849683,3.78,-1.123,8.89,-1.457,-0.308,0.293,1146,0,0
1849704,3.56,-1.312,8.844,-1.308,-0.3,0.352,1130,0,0
1849723,3.534,-2.028,8.724,-1.181,-0.273,0.315,1119,0,0
1849743,4.008,-3.132,8.93,-0.95,-0.183,0.245,1115,0,0
1849763,4.037,-3.151,9.321,-0.556,-0.143,0.124,1100,0,0
1849783,3.644,-2.466,9.23,-0.336,-0.152,0.075,1089,0,0
1849803,3.158,-2.205,8.906,-0.349,-0.187,0.047,1087,0,0
1849823,3.654,-2.662,9.06,-0.331,-0.283,-0.007,1082,0,0
1849843,4.214,-2.614,8.782,-0.195,-0.272,-0.062,1072,0,0
1849863,4.14,-2.351,8.669,-0.114,-0.216,-0.072,1057,0,0
1849883,3.764,-2.148,8.758,-0.055,-0.227,-0.049,1042,0,0
1849903,3.831,-2.169,8.387,-0.106,-0.232,-0.035,1037,0,0
1849924,3.833,-2.174,8.286,-0.122,-0.175,-0.054,1034,0,0
1849943,4.111,-2.327,8.322,-0.168,-0.177,-0.043,1022,0,0
1849963,4.42,-2.289,8.382,-0.086,-0.096,-0.039,1012,0,0
1849983,4.293,-2.018,8.61,0.083,-0.05,0.002,994,0,0
1850003,3.56,-1.822,7.702,0.045,-0.104,0.017,976,0,0
1850023,4.015,-2.167,8.344,-0.181,0.05,-0.131,960,2191,200
1850043,4.185,-2.215,8.432,-0.138,0.071,-0.127,953,3128,200
1850063,4.247,-2.559,8.291,-0.145,0.091,-0.139,944,3367,200
1850083,3.565,-2.203,8.396,0.01,0.149,-0.13,940,3663,200
1850103,3.539,-2.191,8.622,-0.048,0.017,-0.046,937,3894,200
1850123,4.307,-1.784,8.626,-0.047,0.004,-0.007,943,4017,200
1850143,4.338,-2.179,8.344,-0.145,0.01,-0.029,947,4093,200
1850163,3.979,-2.71,8.145,-0.108,0.114,-0.045,951,4095,200
1850183,3.986,-2.397,8.732,-0.045,0.138,-0.015,954,4095,200
1850204,4.211,-2.107,9.0,0.025,0.029,-0.04,958,4095,200
1850223,3.764,-2.411,8.751,0.015,-0.056,-0.063,961,4095,200
1850243,3.733,-2.667,8.595,-0.029,-0.122,-0.063,964,4095,200
1850263,4.542,-2.648,8.425,0.053,-0.045,-0.098,967,4095,200
1850283,4.492,-2.679,8.653,0.416,0.105,-0.25,972,4095,200
1850303,3.594,-2.799,8.586,0.763,0.091,-0.368,975,4095,200
1850323,3.929,-3.062,8.492,1.088,0.057,-0.456,977,4095,200
1850343,4.808,-2.71,8.327,1.561,0.129,-0.618,982,4095,200
1850363,4.606,-3.452,8.066,2.1,0.321,-0.876,986,4095,200
1850383,4.101,-4.465,7.963,3.061,0.533,-1.291,989,4095,200
1850403,4.135,-3.261,7.671,4.602,0.722,-1.719,991,4095,200
1850424,3.795,0.048,6.874,5.642,0.819,-1.987,995,4095,200
1850443,3.053,1.147,6.831,5.368,0.73,-2.128,1002,4095,200
1850463,3.505,-2.124,6.553,5.602,0.863,-2.555,1006,4095,200
1850483,3.158,-2.555,4.494,7.988,1.371,-3.338,1006,4095,200
1850503,1.082,4.549,2.31,8.731,1.68,-3.75,1008,4095,200
1850523,-0.682,9.601,1.267,8.731,1.567,-3.521,1008,4095,200
1850543,-1.152,8.076,0.785,8.302,1.214,-3.163,1008,4095,200
1850563,-1.389,6.378,-2.083,8.731,1.176,-3.154,1009,4095,200
1850584,-3.081,10.791,-4.824,8.731,1.015,-3.106,1009,4095,200
1850603,-4.298,14.976,-5.504,7.633,0.54,-2.526,1011,4095,200
1850624,-4.458,14.657,-5.27,3.871,-0.263,-1.483,1010,4095,200
1850643,-2.708,10.072,-5.947,1.821,-0.574,-0.885,1012,4095,200
1850663,-2.035,9.146,-6.364,1.675,-0.218,-0.794,1013,4095,200
1850683,-2.988,10.321,-6.05,1.239,0.103,-0.649,1014,4095,200
1850703,-3.598,10.034,-5.377,0.537,0.12,-0.274,1014,4095,200
1850723,-2.691,8.959,-4.831,0.297,-0.05,-0.043,1016,4095,200
1850744,-2.188,8.947,-4.961,0.395,-0.055,-0.032,1017,4095,200
1850763,-2.471,8.423,-5.255,0.34,-0.01,0.003,1018,4095,200
1850783,-2.298,8.437,-5.231,0.261,0.062,0.093,1020,4095,200
1850803,-1.724,8.95,-4.784,0.072,0.114,0.151,1022,4095,200
1850823,-1.683,7.59,-4.563,0.025,0.166,0.064,1024,4095,200
1850843,-2.523,7.094,-4.635,0.464,0.172,-0.1,1035,4095,200
1850863,-2.67,7.882,-4.887,0.633,0.095,-0.086,1040,3976,200
1850883,-2.04,8.811,-4.834,0.476,0.09,0.094,1054,3187,200
1850903,-2.03,8.394,-4.465,0.236,0.082,0.03,1072,0,0
1850923,-2.715,8.183,-4.836,0.296,-0.011,-0.031,1097,0,0
1850944,-2.71,8.93,-6.62,0.065,0.311,0.057,1135,0,0
1850963,-2.184,8.866,-6.651,-0.607,0.789,-0.042,1189,0,0
1850983,-1.894,8.95,-6.673,-1.212,1.303,-0.126,1260,0,0
1851003,-1.18,9.115,-7.441,-1.309,2.03,0.139,1363,0,0
1851024,-1.267,8.408,-4.484,-1.115,2.289,0.653,1491,0,0
1851043,-2.04,8.133,-1.063,-0.782,1.126,0.489,1614,0,0
1851064,-2.145,8.186,-2.825,-1.429,0.43,0.258,1728,0,0
1851084,-0.874,8.497,-3.682,-1.734,-0.038,0.222,1804,0,0
1851104,-0.539,8.564,-4.444,-0.963,0.129,0.373,1847,0,0
1851123,-0.723,8.753,-3.733,-0.448,0.169,0.322,1872,0,0
1851144,-1.044,8.712,-3.895,-0.796,0.193,0.167,1887,0,0
1851163,-1.19,8.179,-4.116,-0.804,0.216,0.014,1895,0,0
1851184,-0.879,8.346,-3.622,-0.286,0.132,-0.055,1901,0,0
1851203,-0.742,8.887,-3.553,-0.187,0.131,-0.059,1901,0,0
1851223,-1.022,9.074,-3.275,-0.255,0.102,-0.008,1901,0,0
1851243,-1.176,8.964,-3.089,-0.307,-0.054,0.01,1900,0,0
1851263,-0.955,8.882,-3.108,-0.246,-0.142,0.053,1898,0,0
1851283,-0.579,8.921,-3.39,-0.185,-0.124,0.086,1894,0,0
1851303,-0.498,8.914,-3.354,-0.158,-0.025,0.098,1893,0,0
1851323,-0.86,8.806,-3.309,-0.172,0.041,0.051,1890,0,0
1851343,-1.022,8.765,-3.141,-0.154,-0.026,-0.002,1889,0,0
1851363,-0.85,8.871,-3.285,-0.098,-0.082,-0.016,1888,0,0
1851383,-0.704,9.019,-3.311,-0.08,-0.057,-0.0,1883,0,0
1851403,-0.867,8.988,-3.347,-0.084,0.014,0.0,1874,0,0
1851423,-1.106,8.954,-3.148,-0.077,0.0,-0.007,1871,0,0
1851443,-1.12,9.12,-3.247,-0.073,-0.06,-0.029,1869,0,0
1851464,-1.085,9.084,-3.201,-0.152,-0.126,-0.053,1868,0,0
1851483,-0.776,9.093,-3.376,-0.158,-0.132,-0.026,1863,0,0
1851503,-0.785,9.014,-3.163,-0.126,-0.056,0.014,1859,0,0
1851523,-0.922,8.787,-3.122,-0.06,-0.018,0.001,1855,0,0
1851543,-1.168,8.926,-3.235,0.053,0.008,-0.037,1846,0,0
1851564,-1.061,9.21,-3.187,0.055,-0.045,-0.051,1839,0,0
1851584,-0.881,9.239,-3.235,-0.099,-0.067,-0.029,1833,0,0
1851603,-0.797,9.134,-3.225,-0.114,-0.031,0.018,1829,0,0
1851623,-0.931,9.021,-3.218,-0.055,0.011,0.014,1825,0,0
1851643,-0.943,9.036,-3.239,-0.005,0.007,-0.003,1822,0,0
1851663,-1.044,9.11,-3.373,0.013,0.016,-0.006,1815,0,0
1851684,-1.013,9.12,-3.326,-0.01,-0.017,-0.006,1808,0,0
1851704,-0.967,9.12,-3.39,-0.066,-0.022,0.003,1803,0,0
1851723,-0.891,9.055,-3.385,-0.096,-0.035,0.017,1796,0,0
1851743,-0.879,9.005,-3.335,-0.086,-0.023,0.013,1790,0,0
1851763,-0.888,8.973,-3.34,-0.055,-0.02,-0.01,1786,0,0
1851783,-0.871,9.088,-3.405,-0.008,-0.005,-0.006,1779,0,0
1851803,-0.898,9.131,-3.405,-0.024,0.017,0.014,1776,0,0
1851823,-0.941,9.136,-3.328,-0.059,0.01,0.007,1775,0,0
1851843,-0.895,9.055,-3.309,-0.066,-0.004,0.0,1774,0,0
1851864,-0.922,9.038,-3.349,-0.06,-0.001,0.012,1772,0,0
1851883,-0.879,9.002,-3.412,-0.04,0.004,0.027,1767,0,0
1851903,-0.874,9.021,-3.385,-0.044,0.015,0.016,1760,0,0
1851923,-0.982,9.007,-3.282,-0.056,0.021,-0.008,1752,0,0
1851943,-1.063,9.024,-3.297,-0.05,0.001,-0.01,1748,0,0
1851963,-1.032,9.074,-3.359,-0.043,-0.005,0.005,1746,0,0
1851983,-0.931,9.057,-3.34,-0.043,0.003,0.011,1745,0,0
1852003,-0.955,9.108,-3.268,-0.027,0.025,0.018,1744,0,0
1852023,-0.996,9.151,-3.227,-0.023,0.022,0.021,1744,0,0
1852043,-0.986,9.122,-3.292,-0.055,0.005,0.018,1744,0,0
1852063,-0.917,9.086,-3.285,-0.077,-0.002,0.012,1743,0,0
1852083,-0.948,9.05,-3.215,-0.077,-0.006,0.019,1742,0,0
1852104,-0.994,9.014,-3.22,-0.056,-0.007,0.019,1737,0,0
1852123,-0.982,9.024,-3.314,-0.037,-0.015,0.02,1733,0,0
1852144,-0.9,9.055,-3.304,-0.049,-0.019,0.024,1733,0,0
1852164,-0.924,8.997,-3.273,-0.067,-0.024,0.025,1730,0,0
1852184,-0.919,8.997,-3.349,-0.044,-0.028,0.022,1731,0,0
1852203,-0.845,9.024,-3.385,-0.03,-0.026,0.01,1727,0,0
1852223,-0.749,9.045,-3.349,-0.046,-0.006,0.01,1728,0,0
1852243,-0.888,9.031,-3.33,-0.049,-0.002,0.012,1726,0,0
1852263,-0.879,9.043,-3.436,-0.022,-0.015,0.015,1726,0,0
1852283,-0.85,9.072,-3.515,-0.049,-0.006,0.021,1722,0,0
1852304,-0.864,8.94,-3.431,-0.088,0.008,0.019,1720,0,0
1852323,-0.903,8.89,-3.376,-0.058,0.006,0.009,1717,0,0
1852344,-0.862,8.971,-3.445,-0.039,-0.002,0.009,1716,0,0
1852363,-0.792,9.014,-3.474,-0.062,0.012,0.009,1714,0,0
1852384,-0.824,8.988,-3.383,-0.067,0.029,-0.001,1714,0,0
1852403,-0.905,9.041,-3.323,-0.08,0.016,-0.002,1713,0,0
1852423,-0.891,8.997,-3.309,-0.086,-0.001,0.002,1713,0,0
1852443,-0.816,8.957,-3.388,-0.067,-0.003,0.006,1712,0,0
1852463,-0.74,8.99,-3.335,-0.034,0.017,0.003,1711,0,0
1852484,-0.91,9.045,-3.311,-0.043,0.032,-0.009,1710,0,0
1852503,-0.919,9.12,-3.347,-0.037,0.016,-0.011,1710,0,0
1852523,-0.826,9.129,-3.299,-0.069,0.007,-0.0,1710,0,0
1852543,-0.802,9.043,-3.242,-0.101,0.012,0.003,1709,0,0
