2341426,-0.036,6.452,-7.570,-0.118,-0.014,-0.024,1565,0,0
2341446,-0.048,6.524,-7.635,-0.051,0.011,-0.025,1565,0,0
2341466,-0.132,6.634,-7.573,-0.022,0.034,-0.010,1565,0,0
2341486,-0.151,6.589,-7.491,-0.076,0.024,-0.003,1564,0,0
2341506,-0.141,6.481,-7.518,-0.099,-0.004,-0.012,1564,0,0
2341526,-0.067,6.503,-7.587,-0.053,-0.006,-0.026,1564,0,0
2341546,-0.017,6.692,-7.618,-0.014,0.009,-0.026,1563,0,0
2341566,-0.026,6.742,-7.556,-0.063,0.010,-0.019,1564,0,0
2341586,-0.055,6.706,-7.479,-0.080,0.006,-0.010,1562,0,0
2341606,-0.079,6.721,-7.491,-0.053,-0.007,-0.015,1564,0,0
2341626,-0.050,6.754,-7.578,-0.042,-0.020,-0.016,1564,0,0
2341646,-0.067,6.802,-7.618,-0.076,-0.021,-0.007,1565,0,0
2341666,-0.043,6.697,-7.654,-0.123,-0.004,0.001,1565,0,0
2341686,-0.048,6.694,-7.570,-0.116,0.006,0.007,1566,0,0
2341706,-0.103,6.627,-7.556,-0.070,-0.004,0.014,1567,0,0
2341726,0.005,6.694,-7.582,-0.040,-0.011,0.018,1567,0,0
2341746,-0.072,6.615,-7.618,-0.099,-0.004,0.013,1566,0,0
2341766,-0.206,6.493,-7.578,-0.119,-0.012,0.002,1568,0,0
2341786,-0.132,6.483,-7.626,-0.077,-0.017,0.011,1567,0,0
2341806,-0.060,6.519,-7.578,-0.070,-0.002,0.012,1567,0,0
2341826,-0.108,6.582,-7.523,-0.086,0.003,-0.003,1567,0,0
2341846,-0.177,6.546,-7.475,-0.104,-0.012,0.003,1569,0,0
2341866,-0.081,6.512,-7.556,-0.116,-0.024,0.002,1569,0,0
2341886,-0.089,6.522,-7.587,-0.115,-0.018,-0.014,1567,0,0
2341906,-0.086,6.565,-7.537,-0.088,-0.005,-0.028,1568,0,0
2341926,-0.134,6.658,-7.472,-0.064,0.000,-0.014,1568,0,0
2341946,-0.127,6.634,-7.511,-0.093,-0.018,-0.002,1568,0,0
2341966,-0.101,6.615,-7.542,-0.092,-0.025,-0.010,1568,0,0
2341986,-0.103,6.658,-7.532,-0.084,-0.019,-0.018,1569,0,0
2342006,-0.175,6.677,-7.547,-0.066,-0.003,-0.013,1568,0,0
2342026,-0.201,6.579,-7.520,-0.081,-0.002,-0.005,1568,0,0
2342046,-0.156,6.563,-7.570,-0.075,-0.012,-0.019,1567,0,0
2342066,-0.079,6.689,-7.602,-0.059,-0.011,-0.034,1568,0,0
2342086,-0.158,6.826,-7.537,-0.059,0.011,-0.029,1566,0,0
2342106,-0.218,6.821,-7.484,-0.066,0.015,-0.007,1568,0,0
2342126,-0.175,6.740,-7.477,-0.072,-0.001,0.010,1567,0,0
2342146,-0.108,6.668,-7.518,-0.077,-0.001,0.011,1566,0,0
2342166,-0.139,6.630,-7.499,-0.074,0.011,-0.009,1566,0,0
2342186,-0.211,6.673,-7.432,-0.044,0.007,-0.024,1567,0,0
2342206,-0.148,6.747,-7.506,-0.036,-0.002,-0.006,1566,0,0
2342226,-0.113,6.706,-7.582,-0.078,-0.002,0.009,1566,0,0
2342246,-0.113,6.606,-7.594,-0.071,-0.002,0.002,1566,0,0
2342266,-0.141,6.716,-7.599,-0.026,0.002,-0.008,1564,0,0
2342286,-0.160,6.802,-7.649,-0.039,0.005,-0.004,1564,0,0
2342306,-0.170,6.812,-7.657,-0.047,0.012,-0.001,1564,0,0
2342326,-0.175,6.780,-7.671,-0.060,0.020,0.015,1565,0,0
2342346,-0.156,6.651,-7.669,-0.081,0.029,0.018,1565,0,0
2342366,-0.117,6.634,-7.580,-0.061,0.044,0.010,1565,0,0
2342386,-0.172,6.634,-7.427,-0.058,0.041,0.000,1563,0,0
2342406,-0.136,6.644,-7.448,-0.055,0.023,0.004,1564,0,0
2342426,-0.079,6.699,-7.465,-0.051,0.018,0.006,1564,0,0
2342446,-0.101,6.718,-7.465,-0.064,0.026,-0.003,1565,0,0
2342466,-0.136,6.730,-7.360,-0.062,0.027,0.002,1564,0,0
2342486,-0.136,6.658,-7.367,-0.050,0.014,0.026,1564,0,0
2342506,-0.134,6.577,-7.444,-0.049,0.005,0.022,1563,0,0
2342526,-0.079,6.565,-7.410,-0.038,0.003,0.012,1564,0,0
2342546,-0.148,6.543,-7.365,-0.023,-0.004,0.009,1563,0,0
2342566,-0.146,6.531,-7.477,-0.021,-0.026,0.010,1562,0,0
2342586,-0.072,6.558,-7.573,-0.040,-0.015,0.008,1563,0,0
2342606,-0.170,6.479,-7.561,-0.055,0.001,-0.009,1564,0,0
2342627,-0.175,6.570,-7.621,-0.026,-0.003,-0.009,1563,0,0
2342646,-0.170,6.570,-7.611,-0.062,0.004,-0.015,1563,0,0
2342666,-0.180,6.541,-7.525,-0.053,0.021,-0.021,1563,0,0
2342686,-0.110,6.594,-7.444,-0.019,0.010,-0.017,1563,0,0
2342707,-0.086,6.622,-7.487,-0.052,-0.012,-0.007,1564,0,0
2342726,-0.053,6.536,-7.575,-0.094,-0.023,-0.019,1563,0,0
2342746,-0.096,6.541,-7.604,-0.065,-0.011,-0.041,1564,0,0
2342766,-0.204,6.606,-7.621,-0.028,-0.002,-0.035,1564,0,0
2342786,-0.175,6.713,-7.657,-0.029,-0.002,-0.025,1561,0,0
2342806,-0.211,6.713,-7.599,-0.044,0.012,-0.017,1564,0,0
2342826,-0.208,6.618,-7.587,-0.068,0.010,-0.011,1563,0,0
2342846,-0.160,6.515,-7.614,-0.105,0.008,-0.021,1564,0,0
2342866,-0.146,6.460,-7.573,-0.078,0.011,-0.038,1564,0,0
2342886,-0.163,6.644,-7.532,-0.020,0.024,-0.038,1563,0,0
2342906,-0.168,6.699,-7.420,-0.071,0.014,-0.030,1564,0,0
2342926,-0.146,6.677,-7.456,-0.093,-0.003,-0.022,1563,0,0
2342946,-0.153,6.591,-7.570,-0.079,-0.010,-0.031,1563,0,0
2342966,-0.175,6.644,-7.659,-0.048,0.005,-0.023,1564,0,0
2342986,-0.158,6.704,-7.587,-0.055,0.008,-0.021,1566,0,0
2343006,-0.206,6.670,-7.501,-0.078,0.002,-0.021,1564,0,0
2343026,-0.194,6.701,-7.544,-0.068,-0.003,-0.005,1564,0,0
2343046,-0.184,6.608,-7.566,-0.092,-0.007,0.000,1561,0,0
2343066,-0.220,6.505,-7.551,-0.095,-0.010,-0.013,1566,0,0
2343087,-0.165,6.610,-7.578,-0.047,-0.016,-0.034,1562,0,0
2343107,-0.146,6.730,-7.611,-0.062,-0.000,-0.023,1564,0,0
2343126,-0.175,6.716,-7.582,-0.089,0.003,-0.012,1563,0,0
2343146,-0.213,6.644,-7.556,-0.079,-0.011,-0.017,1563,0,0
2343166,-0.213,6.716,-7.616,-0.060,-0.014,-0.017,1564,0,0
2343186,-0.220,6.737,-7.709,-0.074,-0.011,-0.001,1564,0,0
2343206,-0.144,6.663,-7.728,-0.092,0.008,-0.002,1563,0,0
2343226,-0.184,6.625,-7.635,-0.091,0.024,-0.012,1564,0,0
2343246,-0.237,6.630,-7.544,-0.082,0.020,-0.006,1564,0,0
2343266,-0.223,6.606,-7.535,-0.073,0.012,0.001,1564,0,0
2343286,-0.194,6.615,-7.547,-0.068,0.017,-0.006,1563,0,0
2343306,-0.251,6.594,-7.515,-0.083,0.016,-0.017,1563,0,0
2343326,-0.261,6.651,-7.532,-0.075,0.015,-0.010,1564,0,0
2343346,-0.189,6.637,-7.494,-0.094,0.012,-0.011,1564,0,0
2343366,-0.170,6.608,-7.456,-0.092,0.014,-0.021,1563,0,0
2343386,-0.271,6.665,-7.472,-0.070,0.006,-0.024,1564,0,0
2343406,-0.239,6.728,-7.527,-0.064,-0.003,-0.016,1563,0,0
2343426,-0.218,6.725,-7.551,-0.070,0.004,-0.010,1564,0,0
2343446,-0.254,6.673,-7.508,-0.072,0.008,0.002,1564,0,0
2343466,-0.261,6.637,-7.482,-0.074,0.010,0.002,1564,0,0
2343486,-0.192,6.582,-7.415,-0.066,0.012,-0.009,1564,0,0
2343507,-0.263,6.622,-7.379,-0.041,0.014,-0.019,1564,0,0
2343526,-0.266,6.639,-7.417,-0.044,-0.008,-0.010,1563,0,0
2343546,-0.199,6.663,-7.491,-0.059,-0.010,0.005,1563,0,0
2343566,-0.244,6.606,-7.463,-0.095,-0.003,-0.023,1564,0,0
2343586,-0.256,6.630,-7.432,-0.071,-0.001,-0.040,1564,0,0
2343607,-0.254,6.718,-7.470,-0.036,-0.004,-0.012,1564,0,0
2343626,-0.211,6.682,-7.513,-0.071,0.003,-0.001,1563,0,0
2343646,-0.201,6.586,-7.458,-0.105,0.007,-0.031,1565,0,0
2343666,-0.235,6.692,-7.422,-0.047,-0.002,-0.038,1563,0,0
2343686,-0.232,6.804,-7.539,-0.029,-0.017,-0.019,1564,0,0
2343706,-0.239,6.759,-7.580,-0.072,-0.006,-0.007,1563,0,0
2343726,-0.275,6.680,-7.527,-0.084,0.010,-0.016,1562,0,0
2343746,-0.280,6.687,-7.468,-0.074,0.003,-0.019,1563,0,0
2343766,-0.239,6.713,-7.515,-0.068,-0.007,-0.021,1563,0,0
2343786,-0.208,6.778,-7.566,-0.048,0.005,-0.015,1563,0,0
2343806,-0.287,6.831,-7.513,-0.048,0.014,-0.010,1563,0,0
2343826,-0.285,6.783,-7.496,-0.058,0.009,0.004,1563,0,0
2343846,-0.285,6.677,-7.518,-0.073,0.007,0.014,1563,0,0
2343866,-0.239,6.577,-7.539,-0.084,0.006,-0.001,1563,0,0
2343886,-0.268,6.642,-7.506,-0.048,0.015,-0.020,1562,0,0
2343906,-0.323,6.773,-7.412,-0.012,0.021,-0.004,1563,0,0
2343926,-0.309,6.744,-7.446,-0.062,0.004,0.016,1563,0,0
2343946,-0.266,6.615,-7.484,-0.090,-0.008,0.009,1562,0,0
2343966,-0.235,6.591,-7.539,-0.059,-0.003,-0.007,1561,0,0
2343986,-0.280,6.687,-7.523,-0.058,0.007,-0.011,1562,0,0
2344006,-0.290,6.711,-7.482,-0.054,0.001,-0.008,1561,0,0
2344026,-0.278,6.730,-7.472,-0.053,-0.001,0.000,1562,0,0
2344046,-0.316,6.697,-7.597,-0.040,-0.013,0.013,1562,0,0
2344066,-0.328,6.610,-7.635,-0.075,-0.010,0.003,1562,0,0
2344086,-0.314,6.644,-7.659,-0.032,0.010,0.005,1562,0,0
2344106,-0.311,6.642,-7.580,-0.059,0.020,0.004,1560,0,0
2344126,-0.299,6.555,-7.544,-0.068,0.019,0.002,1559,0,0
2344146,-0.249,6.594,-7.520,-0.054,0.015,-0.001,1560,0,0
2344166,-0.232,6.594,-7.477,-0.060,0.011,-0.011,1559,0,0
2344187,-0.256,6.665,-7.506,-0.042,0.014,-0.017,1559,0,0
2344206,-0.273,6.706,-7.477,-0.052,0.007,-0.013,1560,0,0
2344226,-0.268,6.673,-7.535,-0.086,0.001,-0.006,1559,0,0
2344246,-0.239,6.668,-7.594,-0.077,0.009,-0.009,1558,0,0
2344266,-0.263,6.673,-7.520,-0.065,0.016,-0.018,1558,0,0
2344286,-0.247,6.737,-7.501,-0.047,0.017,-0.021,1560,0,0
2344306,-0.244,6.800,-7.535,-0.043,0.015,-0.010,1559,0,0
2344326,-0.239,6.788,-7.563,-0.045,0.016,0.010,1560,0,0
2344346,-0.290,6.699,-7.525,-0.071,0.016,0.014,1559,0,0
2344366,-0.299,6.613,-7.503,-0.077,0.013,0.009,1559,0,0
2344386,-0.232,6.591,-7.511,-0.067,0.014,-0.004,1559,0,0
2344406,-0.220,6.649,-7.465,-0.063,0.018,-0.012,1559,0,0
2344426,-0.220,6.682,-7.468,-0.065,0.009,-0.008,1558,0,0
2344446,-0.302,6.673,-7.496,-0.073,0.006,0.006,1560,0,0
2344466,-0.285,6.601,-7.537,-0.064,0.009,0.000,1560,0,0
2344486,-0.259,6.673,-7.518,-0.044,0.007,-0.006,1559,0,0
2344506,-0.292,6.656,-7.491,-0.077,0.009,0.004,1559,0,0
2344526,-0.232,6.558,-7.547,-0.087,0.007,0.003,1556,0,0
2344546,-0.187,6.551,-7.468,-0.066,0.022,-0.014,1560,0,0
2344566,-0.292,6.625,-7.410,-0.049,0.023,-0.012,1560,0,0
2344586,-0.287,6.653,-7.360,-0.047,0.001,-0.003,1561,0,0
2344606,-0.237,6.601,-7.489,-0.075,-0.018,-0.002,1561,0,0
2344626,-0.204,6.541,-7.580,-0.090,-0.013,-0.019,1559,0,0
2344646,-0.189,6.601,-7.597,-0.060,0.008,-0.033,1561,0,0
2344666,-0.311,6.754,-7.484,-0.037,0.010,-0.028,1560,0,0
2344686,-0.299,6.807,-7.563,-0.046,-0.006,-0.011,1560,0,0
2344706,-0.254,6.768,-7.676,-0.071,0.006,0.001,1560,0,0
2344727,-0.333,6.649,-7.575,-0.073,0.021,0.003,1560,0,0
2344746,-0.352,6.596,-7.530,-0.047,0.022,0.000,1560,0,0
2344766,-0.299,6.644,-7.499,-0.029,0.022,-0.005,1560,0,0
2344786,-0.218,6.663,-7.489,-0.068,0.013,-0.010,1559,0,0
2344806,-0.213,6.649,-7.463,-0.099,0.012,-0.021,1560,0,0
2344826,-0.271,6.675,-7.422,-0.078,0.013,-0.027,1560,0,0
2344846,-0.330,6.771,-7.424,-0.035,0.011,-0.015,1560,0,0
2344866,-0.266,6.768,-7.489,-0.047,-0.006,-0.007,1559,0,0
2344886,-0.249,6.706,-7.578,-0.080,0.002,0.004,1556,0,0
2344906,-0.299,6.642,-7.511,-0.094,0.016,-0.001,1556,0,0
2344926,-0.362,6.541,-7.410,-0.088,0.023,-0.016,1559,0,0
2344946,-0.347,6.546,-7.405,-0.048,0.015,-0.017,1558,0,0
2344966,-0.247,6.642,-7.456,-0.046,-0.012,-0.008,1558,0,0
2344986,-0.201,6.610,-7.535,-0.090,-0.011,-0.017,1558,0,0
2345006,-0.278,6.613,-7.585,-0.063,-0.002,-0.019,1558,0,0
2345026,-0.278,6.694,-7.551,-0.037,-0.006,-0.013,1558,0,0
2345046,-0.297,6.706,-7.640,-0.077,-0.008,-0.014,1559,0,0
2345066,-0.275,6.704,-7.707,-0.057,0.001,-0.013,1559,0,0
2345086,-0.302,6.797,-7.700,-0.028,0.020,-0.002,1557,0,0
2345106,-0.232,6.788,-7.683,-0.056,0.030,0.013,1557,0,0
2345126,-0.251,6.689,-7.568,-0.082,0.036,0.009,1558,0,0
2345146,-0.266,6.661,-7.508,-0.074,0.022,-0.011,1559,0,0
2345166,-0.278,6.759,-7.566,-0.047,0.023,-0.009,1558,0,0
2345186,-0.280,6.790,-7.566,-0.052,0.029,0.009,1558,0,0
2345206,-0.309,6.718,-7.520,-0.076,0.041,0.019,1559,0,0
2345226,-0.323,6.625,-7.422,-0.083,0.036,0.013,1558,0,0
2345246,-0.206,6.627,-7.408,-0.076,0.023,0.003,1558,0,0
2345266,-0.199,6.658,-7.451,-0.064,0.021,-0.005,1559,0,0
2345286,-0.302,6.725,-7.432,-0.043,0.031,-0.002,1559,0,0
2345306,-0.436,6.766,-7.381,-0.055,0.026,0.015,1559,0,0
2345326,-0.335,6.658,-7.422,-0.072,0.009,0.029,1559,0,0
2345347,-0.220,6.546,-7.429,-0.071,0.018,0.025,1559,0,0
2345366,-0.256,6.486,-7.415,-0.074,0.020,-0.001,1559,0,0
2345386,-0.290,6.555,-7.360,-0.057,0.015,-0.014,1558,0,0
2345406,-0.271,6.644,-7.384,-0.045,0.008,-0.002,1558,0,0
2345426,-0.242,6.618,-7.367,-0.081,-0.001,0.001,1558,0,0
2345446,-0.223,6.574,-7.403,-0.087,-0.008,-0.006,1560,0,0
2345466,-0.268,6.601,-7.441,-0.061,-0.014,-0.020,1558,0,0
2345486,-0.196,6.709,-7.530,-0.047,-0.015,-0.022,1558,0,0
2345506,-0.218,6.783,-7.527,-0.053,-0.002,-0.015,1556,0,0
2345526,-0.292,6.737,-7.458,-0.067,-0.007,0.001,1559,0,0
2345547,-0.230,6.675,-7.494,-0.075,-0.014,0.006,1556,0,0
2345566,-0.139,6.632,-7.597,-0.063,-0.006,-0.003,1560,0,0
2345586,-0.218,6.673,-7.549,-0.032,0.006,-0.012,1559,0,0
2345606,-0.302,6.735,-7.496,-0.051,-0.002,-0.012,1561,0,0
2345626,-0.292,6.689,-7.520,-0.078,-0.009,-0.004,1560,0,0
2345646,-0.247,6.644,-7.561,-0.057,-0.004,0.003,1560,0,0
2345666,-0.251,6.661,-7.523,-0.044,0.004,-0.006,1560,0,0
2345686,-0.232,6.663,-7.573,-0.052,0.002,-0.016,1560,0,0
2345706,-0.254,6.732,-7.597,-0.059,0.008,-0.013,1560,0,0
2345726,-0.261,6.766,-7.566,-0.066,0.016,-0.000,1560,0,0
2345746,-0.256,6.658,-7.465,-0.074,0.016,0.006,1560,0,0
2345766,-0.297,6.610,-7.475,-0.051,0.008,-0.004,1560,0,0
2345786,-0.268,6.673,-7.558,-0.035,0.008,-0.007,1560,0,0
2345806,-0.294,6.663,-7.515,-0.052,0.014,0.003,1561,0,0
2345826,-0.268,6.646,-7.460,-0.061,0.009,0.005,1560,0,0
2345846,-0.268,6.534,-7.424,-0.069,0.002,-0.002,1560,0,0
2345866,-0.247,6.560,-7.484,-0.030,-0.001,-0.010,1561,0,0
2345886,-0.239,6.663,-7.554,-0.026,-0.004,-0.013,1561,0,0
2345906,-0.268,6.685,-7.470,-0.057,-0.002,-0.014,1560,0,0
2345926,-0.345,6.637,-7.477,-0.053,-0.008,-0.012,1561,0,0
2345946,-0.285,6.658,-7.537,-0.028,-0.003,-0.010,1561,0,0
2345966,-0.256,6.615,-7.561,-0.035,0.004,-0.007,1561,0,0
2345986,-0.220,6.546,-7.499,-0.050,-0.001,-0.010,1560,0,0
2346006,-0.306,6.519,-7.446,-0.038,-0.010,-0.017,1561,0,0
2346026,-0.280,6.584,-7.573,-0.032,-0.028,-0.020,1561,0,0
2346046,-0.160,6.546,-7.707,-0.079,-0.021,-0.016,1562,0,0
2346066,-0.218,6.481,-7.728,-0.075,-0.003,-0.027,1561,0,0
2346086,-0.426,6.584,-7.635,-0.046,-0.008,-0.050,1561,0,0
2346106,-0.438,6.797,-7.738,-0.036,-0.020,-0.047,1561,0,0
2346126,-0.373,6.886,-7.796,-0.059,-0.006,-0.021,1562,0,0
2346147,-0.273,6.780,-7.784,-0.092,0.011,-0.001,1560,0,0
2346166,-0.347,6.649,-7.652,-0.076,0.027,0.006,1562,0,0
2346186,-0.373,6.584,-7.551,-0.054,0.005,0.003,1561,0,0
2346206,-0.500,6.608,-7.556,-0.052,-0.012,-0.019,1561,0,0
2346226,-0.508,6.642,-7.609,-0.031,-0.016,-0.020,1562,0,0
2346246,-0.548,6.620,-7.685,-0.037,0.001,0.000,1560,0,0
2346267,-0.503,6.519,-7.671,-0.083,0.018,-0.015,1560,0,0
2346286,-0.488,6.546,-7.539,-0.070,0.034,-0.047,1562,0,0
2346306,-0.520,6.713,-7.446,-0.068,0.030,-0.056,1561,0,0
2346326,-0.484,6.773,-7.427,-0.084,0.007,-0.038,1561,0,0
2346346,-0.417,6.804,-7.544,-0.084,0.014,-0.036,1561,0,0
2346366,-0.345,6.840,-7.511,-0.095,0.027,-0.042,1561,0,0
2346386,-0.309,6.953,-7.400,-0.092,0.035,-0.040,1560,0,0
2346406,-0.292,7.072,-7.365,-0.061,0.030,-0.020,1561,0,0
2346426,-0.299,7.113,-7.331,-0.051,0.025,0.017,1560,0,0
2346446,-0.311,6.938,-7.367,-0.088,0.005,0.042,1562,0,0
2346466,-0.208,6.812,-7.482,-0.085,-0.001,0.039,1561,0,0
2346486,-0.225,6.809,-7.515,-0.057,0.018,0.031,1561,0,0
2346506,-0.299,6.804,-7.412,-0.047,0.021,0.043,1560,0,0
2346526,-0.239,6.744,-7.484,-0.074,0.010,0.055,1561,0,0
2346546,-0.175,6.687,-7.527,-0.090,0.013,0.044,1561,0,0
2346566,-0.242,6.709,-7.496,-0.071,0.019,0.049,1562,0,0
2346586,-0.271,6.632,-7.491,-0.065,0.023,0.063,1562,0,0
2346606,-0.232,6.488,-7.501,-0.080,0.035,0.070,1561,0,0
2346626,-0.273,6.416,-7.405,-0.080,0.046,0.056,1562,0,0
2346646,-0.287,6.395,-7.266,-0.075,0.025,0.016,1562,0,0
2348137,-0.278,6.713,-8.119,-0.109,0.067,-0.094,1565,0,0
2348157,-0.323,6.689,-7.920,-0.159,0.093,-0.067,1565,0,0
2348177,-0.397,6.653,-7.717,-0.153,0.082,-0.087,1566,0,0
2348197,-0.388,6.768,-7.702,-0.061,0.079,-0.086,1565,0,0
2348217,-0.467,6.895,-7.695,-0.022,0.094,-0.049,1567,0,0
2348237,-0.469,6.716,-7.638,-0.084,0.098,-0.052,1566,0,0
2348257,-0.417,6.706,-7.542,-0.086,0.116,-0.067,1566,0,0
2348277,-0.388,6.804,-7.348,-0.113,0.124,-0.078,1565,0,0
2348297,-0.359,6.950,-7.125,-0.112,0.112,-0.079,1566,0,0
2348317,-0.426,7.037,-7.037,-0.080,0.096,-0.054,1566,0,0
2348337,-0.369,7.015,-6.993,-0.112,0.078,-0.025,1566,0,0
2348357,-0.237,6.871,-7.010,-0.157,0.065,-0.015,1565,0,0
2348377,-0.168,6.740,-6.991,-0.140,0.060,-0.024,1566,0,0
2348397,-0.182,6.759,-6.946,-0.114,0.045,-0.031,1565,0,0
2348417,-0.139,6.819,-6.991,-0.112,0.023,-0.026,1565,0,0
2348437,-0.201,6.792,-7.037,-0.132,0.008,-0.012,1566,0,0
2349897,-0.342,6.723,-7.259,-0.064,0.014,-0.021,1567,0,0
2349917,-0.342,6.804,-7.324,-0.042,0.011,-0.004,1566,0,0
2349937,-0.309,6.816,-7.357,-0.062,0.014,0.012,1567,0,0
2349957,-0.330,6.706,-7.281,-0.087,0.005,0.007,1566,0,0
2349977,-0.338,6.668,-7.338,-0.056,-0.010,0.002,1567,0,0
2349997,-0.292,6.725,-7.420,-0.047,-0.006,0.009,1566,0,0
2350017,-0.251,6.723,-7.446,-0.068,-0.000,0.000,1567,0,0
2350037,-0.318,6.701,-7.417,-0.075,-0.003,-0.010,1567,0,0
2350057,-0.287,6.747,-7.477,-0.048,-0.002,0.004,1566,0,0
2350077,-0.302,6.759,-7.494,-0.064,0.004,0.010,1567,0,0
2350097,-0.302,6.709,-7.499,-0.071,0.001,-0.002,1567,0,0
2350117,-0.330,6.744,-7.511,-0.057,0.008,-0.008,1567,0,0
2350137,-0.297,6.795,-7.532,-0.060,0.016,0.005,1566,0,0
2350157,-0.237,6.725,-7.503,-0.086,0.019,0.003,1567,0,0
2350177,-0.249,6.689,-7.403,-0.066,0.017,-0.006,1567,0,0
2350197,-0.299,6.766,-7.456,-0.041,0.013,-0.002,1567,0,0
2350217,-0.275,6.752,-7.523,-0.070,0.016,0.008,1566,0,0
2350237,-0.321,6.661,-7.453,-0.081,0.025,-0.005,1566,0,0
2350257,-0.309,6.642,-7.446,-0.060,0.025,-0.006,1567,0,0
2350277,-0.309,6.634,-7.439,-0.062,0.017,-0.006,1566,0,0
2350297,-0.280,6.634,-7.468,-0.064,0.017,-0.017,1567,0,0
2350317,-0.306,6.706,-7.415,-0.048,0.022,-0.019,1566,0,0
2350337,-0.333,6.723,-7.379,-0.051,0.018,-0.011,1566,0,0
2350357,-0.345,6.653,-7.444,-0.057,0.015,-0.009,1566,0,0
2350377,-0.378,6.584,-7.472,-0.055,0.018,-0.013,1567,0,0
2350397,-0.350,6.563,-7.398,-0.059,0.029,-0.023,1567,0,0
2350417,-0.378,6.598,-7.329,-0.061,0.017,-0.045,1567,0,0
2350437,-0.321,6.730,-7.345,-0.046,0.013,-0.044,1567,0,0
2350457,-0.369,6.740,-7.331,-0.070,0.011,-0.031,1567,0,0
2350477,-0.323,6.668,-7.314,-0.080,0.008,-0.033,1567,0,0
2350497,-0.345,6.663,-7.348,-0.064,0.004,-0.041,1567,0,0
2350517,-0.304,6.747,-7.321,-0.054,-0.003,-0.046,1565,0,0
2350537,-0.338,6.809,-7.377,-0.059,-0.007,-0.047,1567,0,0
2350557,-0.273,6.893,-7.487,-0.059,-0.010,-0.034,1567,0,0
2350577,-0.306,6.857,-7.456,-0.097,-0.004,-0.027,1567,0,0
2350597,-0.366,6.840,-7.453,-0.061,-0.011,-0.022,1566,0,0
2350617,-0.316,6.881,-7.537,-0.047,-0.015,-0.016,1567,0,0
2350637,-0.330,6.776,-7.570,-0.076,-0.005,-0.010,1569,0,0
2350657,-0.381,6.749,-7.563,-0.070,0.002,-0.007,1567,0,0
2350677,-0.366,6.723,-7.520,-0.077,0.003,-0.015,1567,0,0
2350697,-0.340,6.711,-7.525,-0.081,0.012,-0.021,1567,0,0
2350717,-0.371,6.759,-7.448,-0.052,0.021,-0.019,1569,0,0
2350737,-0.388,6.816,-7.424,-0.067,0.013,-0.018,1568,0,0
2350757,-0.381,6.742,-7.453,-0.088,0.010,-0.008,1567,0,0
2350777,-0.321,6.685,-7.434,-0.071,0.018,-0.001,1568,0,0
2350798,-0.364,6.675,-7.350,-0.077,0.021,-0.021,1567,0,0
2350817,-0.426,6.701,-7.324,-0.074,0.014,-0.030,1568,0,0
2350837,-0.388,6.706,-7.336,-0.086,0.011,-0.027,1568,0,0
2350857,-0.383,6.706,-7.269,-0.095,0.005,-0.029,1567,0,0
2350877,-0.455,6.725,-7.240,-0.073,0.002,-0.031,1569,0,0
2350897,-0.469,6.735,-7.312,-0.072,-0.007,-0.028,1568,0,0
2350917,-0.390,6.778,-7.410,-0.065,-0.005,-0.022,1567,0,0
2350937,-0.419,6.792,-7.367,-0.081,-0.002,-0.030,1568,0,0
2350957,-0.460,6.809,-7.324,-0.068,-0.005,-0.027,1568,0,0
2350977,-0.400,6.819,-7.343,-0.057,-0.011,-0.018,1568,0,0
2350997,-0.414,6.766,-7.434,-0.075,-0.018,-0.017,1569,0,0
2351017,-0.371,6.776,-7.491,-0.084,-0.018,-0.028,1569,0,0
2351037,-0.455,6.821,-7.479,-0.067,-0.005,-0.033,1569,0,0
2351057,-0.486,6.893,-7.487,-0.043,0.004,-0.020,1567,0,0
2351078,-0.496,6.835,-7.518,-0.063,0.004,-0.016,1568,0,0
2351097,-0.429,6.756,-7.568,-0.081,0.021,-0.014,1567,0,0
2351117,-0.433,6.665,-7.448,-0.094,0.028,-0.027,1568,0,0
2351137,-0.441,6.692,-7.429,-0.069,0.021,-0.037,1567,0,0
2351157,-0.436,6.826,-7.422,-0.038,0.020,-0.037,1567,0,0
2351177,-0.433,6.862,-7.422,-0.052,0.024,-0.023,1568,0,0
2351197,-0.486,6.823,-7.417,-0.066,0.014,-0.013,1568,0,0
2351217,-0.393,6.776,-7.429,-0.051,0.012,0.000,1568,0,0
2351237,-0.366,6.764,-7.427,-0.048,0.013,-0.002,1568,0,0
2351257,-0.436,6.716,-7.300,-0.054,0.021,-0.005,1568,0,0
2351277,-0.474,6.737,-7.321,-0.051,0.012,0.000,1568,0,0
2351297,-0.419,6.665,-7.408,-0.071,0.007,-0.003,1569,0,0
2351317,-0.424,6.668,-7.451,-0.058,0.017,-0.017,1568,0,0
2351337,-0.479,6.747,-7.396,-0.053,0.029,-0.022,1568,0,0
2351357,-0.484,6.732,-7.331,-0.075,0.019,-0.023,1568,0,0
2351377,-0.455,6.814,-7.333,-0.036,0.016,-0.011,1568,0,0
2351397,-0.381,6.855,-7.369,-0.041,0.017,-0.006,1571,0,0
2351417,-0.460,6.752,-7.410,-0.091,0.020,-0.007,1569,0,0
2351437,-0.498,6.718,-7.369,-0.072,0.015,-0.017,1568,0,0
2351457,-0.426,6.800,-7.331,-0.040,0.017,-0.022,1568,0,0
2351477,-0.455,6.881,-7.345,-0.047,0.025,-0.006,1569,0,0
2351497,-0.515,6.843,-7.345,-0.073,0.009,-0.002,1568,0,0
2351517,-0.493,6.713,-7.391,-0.098,-0.001,-0.009,1569,0,0
2351537,-0.479,6.677,-7.420,-0.066,0.009,-0.007,1568,0,0
2351557,-0.445,6.718,-7.389,-0.042,0.027,-0.002,1569,0,0
2351577,-0.517,6.713,-7.298,-0.069,0.021,-0.007,1569,0,0
2351597,-0.450,6.737,-7.348,-0.075,-0.002,-0.019,1568,0,0
2351617,-0.383,6.792,-7.362,-0.063,-0.005,-0.018,1569,0,0
2351637,-0.400,6.869,-7.422,-0.037,0.006,-0.002,1569,0,0
2351657,-0.476,6.833,-7.415,-0.064,0.010,-0.005,1569,0,0
2351677,-0.472,6.843,-7.460,-0.062,0.012,-0.006,1569,0,0
2351697,-0.488,6.804,-7.412,-0.070,0.014,0.004,1571,0,0
2351717,-0.426,6.673,-7.410,-0.065,0.013,0.007,1569,0,0
2351737,-0.433,6.658,-7.420,-0.040,0.020,-0.006,1568,0,0
2351757,-0.488,6.752,-7.405,-0.043,0.019,-0.018,1569,0,0
2351777,-0.479,6.800,-7.451,-0.058,0.024,-0.007,1568,0,0
2351798,-0.419,6.701,-7.360,-0.089,0.023,0.001,1568,0,0
2351817,-0.407,6.618,-7.317,-0.078,0.015,-0.011,1569,0,0
2351837,-0.429,6.742,-7.365,-0.016,0.014,-0.018,1569,0,0
2351857,-0.419,6.845,-7.367,-0.037,0.015,-0.015,1569,0,0
2351877,-0.455,6.838,-7.391,-0.059,0.015,-0.003,1569,0,0
2351897,-0.412,6.704,-7.331,-0.071,0.010,0.003,1568,0,0
2351917,-0.429,6.596,-7.343,-0.059,0.003,0.002,1569,0,0
2351937,-0.414,6.639,-7.405,-0.030,0.001,-0.012,1567,0,0
2351957,-0.445,6.732,-7.470,-0.025,0.009,-0.026,1569,0,0
2351977,-0.467,6.778,-7.501,-0.062,0.018,-0.019,1569,0,0
2351997,-0.508,6.625,-7.436,-0.113,0.014,-0.017,1569,0,0
2352017,-0.441,6.584,-7.424,-0.092,0.005,-0.027,1570,0,0
2352037,-0.371,6.732,-7.446,-0.050,0.018,-0.036,1569,0,0
2352057,-0.450,6.819,-7.391,-0.043,0.019,-0.029,1569,0,0
2352077,-0.500,6.814,-7.444,-0.057,0.004,-0.012,1568,0,0
2352097,-0.448,6.773,-7.532,-0.091,0.009,-0.014,1569,0,0
2352117,-0.429,6.742,-7.470,-0.085,0.019,-0.032,1569,0,0
2352137,-0.443,6.823,-7.381,-0.047,0.028,-0.022,1569,0,0
2352157,-0.472,6.795,-7.386,-0.069,0.007,-0.004,1569,0,0
2352177,-0.481,6.747,-7.477,-0.110,-0.003,-0.011,1568,0,0
2352197,-0.448,6.747,-7.475,-0.105,0.007,-0.028,1568,0,0
2352217,-0.467,6.850,-7.405,-0.086,0.017,-0.031,1568,0,0
2352237,-0.522,6.819,-7.393,-0.139,0.002,-0.050,1567,0,0
2352257,-0.436,6.723,-7.412,-0.196,-0.034,-0.089,1567,0,0
2352277,-0.342,6.761,-7.266,-0.142,-0.069,-0.108,1565,0,0
2352297,-0.318,6.931,-7.185,-0.125,-0.114,-0.120,1551,0,0
2352317,-0.393,7.149,-7.173,-0.119,-0.199,-0.164,1490,0,0
2352337,-0.575,7.185,-6.843,-0.280,-0.414,-0.239,1399,0,0
2352357,-0.567,7.252,-6.699,-0.540,-0.635,-0.313,1326,0,0
2352377,-0.601,6.677,-6.486,-0.494,-0.903,-0.277,1263,0,0
2352397,-0.702,6.926,-7.123,-0.218,-0.950,-0.142,1207,0,0
2352417,-1.097,7.367,-7.357,-0.423,-0.804,-0.245,1177,0,0
2352437,-1.578,7.853,-7.439,-0.963,-0.690,-0.443,1134,0,0
2352457,-2.703,6.855,-6.381,-1.306,-0.775,-0.358,1087,0,0
2352477,-2.820,7.561,-6.328,-0.899,-1.058,0.155,1040,0,0
2352497,-1.923,8.399,-7.235,-0.906,-0.933,0.242,998,1581,200
2352517,-0.886,7.580,-6.682,-1.337,-0.613,0.070,978,678,200
2352538,-1.025,6.785,-6.256,-1.089,-0.247,-0.098,969,3369,200
2352557,-2.270,6.462,-5.734,-0.754,-0.155,-0.154,968,3799,200
2352577,-2.399,7.946,-5.215,-0.475,-0.253,-0.045,960,4095,200
2352597,-1.681,8.803,-5.641,-0.755,-0.333,-0.053,961,4095,200
2352617,-1.872,8.334,-5.942,-0.969,-0.302,-0.074,970,4095,200
2352637,-1.999,8.150,-6.299,-1.263,-0.173,-0.056,976,4095,200
2352657,-1.468,8.535,-5.818,-1.332,0.025,0.131,982,4095,200
2352677,-1.774,9.026,-5.423,-1.315,0.135,0.166,987,4095,200
2352697,-2.303,8.588,-5.586,-1.513,0.179,0.086,991,4095,200
2352717,-2.239,10.159,-6.136,-1.828,0.333,0.258,995,4095,200
2352737,-1.343,12.390,-6.692,-2.892,0.656,0.692,1000,4095,200
2352757,-1.997,11.174,-5.626,-3.853,0.890,1.199,1005,4095,200
2352777,-3.632,9.256,-3.618,-4.003,0.690,1.428,1008,4095,200
2352797,-2.978,11.066,-3.199,-3.980,0.454,1.491,1009,4095,200
2352817,-1.403,14.202,-3.555,-4.836,0.457,1.987,1012,4095,200
2352837,-1.030,14.389,-4.252,-6.457,0.634,2.684,1014,4095,200
2352857,-2.049,9.754,-2.911,-8.002,0.720,3.053,1030,4095,200
2352877,-2.787,6.220,1.422,-7.864,-0.024,3.155,1042,4095,200
2352897,-0.857,8.851,2.488,-7.440,-0.877,3.160,1046,4095,200
2352917,0.055,9.677,0.824,-8.509,-1.231,3.638,1047,4095,200
2352937,0.369,7.420,-0.998,-8.731,-1.129,4.349,1049,4095,200
2352957,1.180,0.972,0.493,-8.731,-0.911,4.606,1052,4095,200
2352977,3.146,-6.634,3.752,-8.731,-0.784,3.895,1055,4095,200
2352997,4.152,-11.308,6.582,-6.332,-0.532,2.507,1056,4095,200
2353017,4.551,-8.356,7.523,-2.847,-0.062,1.416,1057,4095,200
2353037,4.662,-3.508,7.798,-1.506,0.291,0.940,1058,4095,200
2353057,3.768,-3.213,7.875,-1.414,0.444,0.749,1061,4095,200
2353077,3.151,-4.705,8.471,-1.284,0.424,0.520,1060,4095,200
2353097,3.330,-3.996,8.988,-0.776,0.290,0.306,1061,4095,200
2353117,3.378,-2.382,8.923,-0.683,0.137,0.188,1063,4095,200
2353137,2.897,-3.290,8.332,-0.845,-0.047,0.145,1066,4095,200
2353157,3.704,-3.996,8.313,-0.763,-0.012,0.083,1069,4095,200
2353177,4.149,-3.575,8.468,-0.324,0.122,-0.065,1071,4095,200
2353197,3.211,-2.883,8.224,-0.174,0.133,-0.152,1072,4095,200
2353217,3.165,-2.787,8.205,-0.550,0.041,-0.183,1075,4095,200
2353237,3.819,-3.318,8.633,-0.671,-0.018,-0.219,1080,4095,200
2353257,3.369,-4.183,8.284,-0.390,-0.025,-0.289,1090,3966,200
2353277,3.804,-3.582,8.473,-0.143,0.093,-0.315,1108,3165,200
2353297,3.213,-3.333,8.013,-0.025,0.135,-0.344,1138,679,200
2353317,3.199,-3.072,8.205,0.210,0.238,-0.343,1190,0,0
2353337,3.740,-2.176,7.580,0.300,0.360,-0.322,1246,0,0
2353357,4.070,-3.256,7.479,0.050,0.789,-0.270,1300,0,0
2353377,3.615,-2.794,7.661,-0.158,1.012,-0.318,1389,0,0
2353397,3.448,-3.263,7.527,-0.161,1.141,-0.354,1507,0,0
2353417,3.527,-2.555,8.818,0.147,1.387,-0.240,1618,0,0
2353437,2.926,-2.152,9.390,0.198,1.309,-0.113,1688,0,0
2353457,2.492,-2.124,9.234,-0.150,1.137,0.019,1758,0,0
2353477,2.526,-2.200,10.161,-0.464,0.827,0.149,1806,0,0
2353497,2.461,-2.931,9.151,-0.449,0.535,0.197,1843,0,0
2353517,2.315,-3.038,9.165,0.003,0.626,0.175,1872,0,0
2353537,2.114,-2.974,9.342,0.076,0.662,0.119,1895,0,0
2353557,1.901,-2.849,8.734,-0.056,0.663,0.071,1913,0,0
2353577,1.817,-2.655,9.457,0.111,0.601,0.085,1928,0,0
2353597,1.693,-2.574,9.452,-0.012,0.515,0.135,1936,0,0
2353617,1.690,-2.830,9.400,-0.147,0.455,0.128,1941,0,0
2353637,1.587,-3.026,9.323,-0.058,0.432,0.066,1944,0,0
2353657,1.432,-3.041,9.357,0.102,0.365,0.012,1945,0,0
2353677,1.247,-2.878,9.407,0.155,0.246,0.000,1946,0,0
2353697,1.192,-2.758,9.584,0.099,0.047,0.015,1946,0,0
2353717,1.334,-2.741,9.488,0.046,-0.084,0.051,1947,0,0
2353737,1.425,-2.761,9.278,0.038,-0.094,0.054,1945,0,0
2353757,1.444,-2.820,9.141,-0.016,-0.054,0.006,1945,0,0
2353777,1.446,-2.947,9.222,-0.013,-0.039,-0.026,1943,0,0
2353797,1.511,-2.808,9.146,0.104,-0.055,-0.037,1939,0,0
2353817,1.583,-2.591,9.048,0.139,-0.036,-0.025,1937,0,0
2353837,1.504,-2.650,9.064,0.087,0.024,-0.011,1935,0,0
2353857,1.470,-2.808,9.208,0.132,0.075,-0.030,1934,0,0
2353877,1.401,-2.571,9.227,0.181,0.023,-0.068,1933,0,0
2353897,1.403,-2.461,9.179,0.014,-0.056,-0.079,1927,0,0
2353917,1.496,-2.605,9.139,-0.114,-0.084,-0.066,1921,0,0
2353937,1.537,-2.545,9.151,-0.027,-0.037,-0.048,1919,0,0
2353957,1.508,-2.430,9.098,0.044,0.032,-0.028,1916,0,0
2353977,1.482,-2.418,9.129,0.047,0.102,-0.019,1916,0,0
2353997,1.506,-2.461,9.184,0.043,0.105,-0.033,1914,0,0
2354017,1.434,-2.447,9.299,-0.001,0.042,-0.047,1914,0,0
2354037,1.429,-2.444,9.359,-0.031,-0.005,-0.052,1914,0,0
2354057,1.482,-2.476,9.330,-0.036,-0.010,-0.021,1912,0,0
2354077,1.532,-2.392,9.287,0.045,0.019,0.000,1910,0,0
2354097,1.470,-2.380,9.359,0.034,0.036,-0.014,1909,0,0
2354117,1.480,-2.430,9.321,-0.011,0.003,-0.032,1909,0,0
2354137,1.520,-2.365,9.254,0.033,-0.034,-0.028,1906,0,0
2354157,1.477,-2.243,9.222,0.059,-0.020,-0.007,1904,0,0
2354177,1.437,-2.239,9.163,0.021,0.008,0.003,1904,0,0
2354197,1.525,-2.279,9.151,0.032,0.023,-0.009,1904,0,0
2354217,1.516,-2.181,9.069,0.041,0.031,-0.019,1904,0,0
2354237,1.470,-2.207,9.172,-0.018,0.027,-0.004,1903,0,0
2354257,1.520,-2.346,9.242,0.012,0.024,0.003,1904,0,0
2354277,1.523,-2.282,9.194,0.097,0.034,0.002,1903,0,0
2354297,1.470,-2.148,9.251,0.078,0.054,0.020,1902,0,0
2354317,1.432,-2.160,9.230,0.048,0.052,0.018,1902,0,0
2354337,1.417,-2.160,9.299,0.040,0.039,-0.001,1901,0,0
2354357,1.398,-2.112,9.256,0.013,0.023,-0.016,1901,0,0
2354377,1.367,-2.169,9.311,-0.022,0.016,0.011,1900,0,0
2354397,1.413,-2.217,9.201,0.071,0.015,0.034,1901,0,0
2354417,1.468,-2.085,9.222,0.115,0.036,0.013,1900,0,0
2354437,1.451,-1.978,9.208,0.056,0.064,0.002,1899,0,0
2354457,1.408,-1.982,9.275,0.022,0.062,0.014,1900,0,0
2354477,1.456,-2.093,9.330,0.031,0.056,0.014,1901,0,0
2354497,1.456,-2.131,9.366,0.041,0.064,0.018,1899,0,0
2354517,1.441,-2.138,9.376,0.076,0.060,0.009,1900,0,0
2354537,1.391,-2.047,9.337,0.071,0.041,-0.009,1899,0,0
2354557,1.384,-1.970,9.337,-0.004,0.020,-0.034,1899,0,0
2354578,1.401,-1.896,9.311,-0.073,-0.006,-0.047,1898,0,0
2354597,1.413,-1.872,9.306,-0.064,-0.021,-0.032,1899,0,0
2354617,1.417,-1.820,9.254,-0.036,0.017,-0.001,1899,0,0
2354637,1.377,-1.820,9.246,-0.019,0.044,0.010,1897,0,0
2354657,1.307,-1.779,9.306,-0.066,0.022,-0.001,1897,0,0
2354677,1.381,-1.841,9.345,-0.113,0.003,-0.009,1896,0,0
2354697,1.381,-1.999,9.371,-0.090,0.022,0.006,1895,0,0
2354717,1.379,-2.021,9.409,-0.005,0.035,0.011,1897,0,0
2354737,1.396,-1.839,9.337,0.044,0.030,0.006,1896,0,0
2354757,1.389,-1.731,9.282,-0.003,0.025,0.017,1895,0,0
2354777,1.374,-1.815,9.354,-0.072,0.023,0.019,1896,0,0
2354797,1.324,-1.975,9.455,-0.091,0.013,0.010,1895,0,0
2354817,1.362,-1.985,9.349,-0.052,0.000,0.012,1894,0,0
2354837,1.381,-1.889,9.266,0.033,0.005,0.023,1895,0,0
2354857,1.369,-1.810,9.208,0.071,0.034,0.019,1895,0,0
2354877,1.326,-1.714,9.244,0.006,0.044,0.003,1895,0,0
2354897,1.324,-1.853,9.323,-0.121,0.010,-0.001,1895,0,0
2354917,1.353,-1.927,9.297,-0.098,-0.011,0.002,1893,0,0
2354937,1.353,-1.968,9.222,-0.058,0.010,0.003,1894,0,0
2354957,1.336,-2.057,9.275,-0.013,0.035,0.002,1894,0,0
2354978,1.319,-1.908,9.227,0.080,0.055,-0.013,1892,0,0
2354997,1.269,-1.674,9.218,0.025,0.046,-0.027,1894,0,0
2355017,1.288,-1.707,9.218,-0.110,0.013,-0.016,1893,0,0
2355037,1.334,-1.899,9.287,-0.108,0.031,-0.000,1893,0,0
2355057,1.384,-2.004,9.345,-0.042,0.062,-0.003,1894,0,0
2355077,1.367,-1.937,9.328,0.029,0.076,-0.006,1893,0,0
2355097,1.319,-1.812,9.376,0.006,0.078,-0.003,1894,0,0
2355117,1.310,-1.736,9.495,-0.091,0.056,-0.007,1892,0,0
2355137,1.319,-1.796,9.505,-0.139,0.027,-0.011,1894,0,0
2355157,1.331,-1.844,9.493,-0.087,0.015,-0.016,1895,0,0
2355177,1.338,-1.786,9.392,-0.032,0.020,-0.014,1894,0,0
