2521074,-0.165,-2.492,9.249,-0.030,0.015,-0.003,1873,0,0
2521094,-0.120,-2.574,9.280,-0.092,-0.012,-0.019,1872,0,0
2521114,-0.086,-2.600,9.191,-0.091,-0.036,-0.039,1872,0,0
2521134,-0.129,-2.533,9.045,-0.059,-0.027,-0.042,1872,0,0
2521154,-0.101,-2.423,9.038,-0.030,-0.002,-0.041,1872,0,0
2521174,-0.122,-2.277,9.088,-0.017,0.033,-0.033,1873,0,0
2521194,-0.168,-2.318,9.165,-0.074,0.031,-0.026,1872,0,0
2521214,-0.172,-2.411,9.179,-0.076,0.013,-0.022,1872,0,0
2521234,-0.136,-2.406,9.177,-0.052,0.012,-0.021,1872,0,0
2521254,-0.115,-2.449,9.184,-0.060,0.017,-0.017,1872,0,0
2521275,-0.086,-2.502,9.175,-0.034,0.017,-0.023,1873,0,0
2521294,-0.067,-2.471,9.244,-0.022,0.022,-0.030,1872,0,0
2521314,-0.072,-2.459,9.270,-0.043,0.034,-0.028,1872,0,0
2521334,-0.086,-2.456,9.337,-0.054,0.020,-0.030,1872,0,0
2521354,-0.072,-2.464,9.345,-0.054,-0.010,-0.029,1871,0,0
2521374,-0.067,-2.509,9.337,-0.043,-0.008,-0.031,1872,0,0
2521394,-0.117,-2.559,9.546,0.010,-0.014,-0.040,1872,0,0
2521414,-0.127,-2.435,9.445,0.078,-0.072,-0.056,1872,0,0
2521434,-0.050,-2.229,9.342,0.107,-0.124,-0.046,1871,0,0
2521454,-0.057,-2.263,9.385,-0.011,-0.146,-0.012,1871,0,0
2521474,-0.010,-2.444,9.450,0.100,-0.123,0.001,1869,0,0
2521494,0.017,-2.588,9.519,0.230,-0.120,0.004,1869,0,0
2521514,0.067,-2.600,9.462,0.435,-0.135,-0.014,1866,0,0
2521534,0.098,-2.447,9.558,0.716,-0.187,-0.039,1863,0,0
2521554,0.113,-2.061,9.663,0.825,-0.237,-0.061,1858,0,0
2521574,0.180,-1.867,9.591,0.794,-0.220,-0.050,1851,0,0
2521594,0.309,-2.081,9.649,0.820,-0.142,-0.042,1848,0,0
2521614,0.417,-2.274,9.701,1.278,-0.041,-0.054,1842,0,0
2521634,0.397,-1.851,9.596,1.996,0.091,-0.095,1840,0,0
2521654,0.237,-1.226,9.598,2.558,0.197,-0.124,1837,0,0
2521674,0.132,-1.070,9.902,3.033,0.195,-0.124,1828,0,0
2521694,0.000,-0.390,9.570,3.780,0.204,-0.151,1818,0,0
2521714,-0.017,1.020,9.222,4.292,0.217,-0.185,1807,0,0
2521734,0.014,1.951,9.182,4.347,0.179,-0.181,1791,0,0
2521754,-0.103,2.394,8.914,4.509,0.136,-0.071,1770,0,0
2521774,-0.012,3.227,7.831,5.294,0.188,0.120,1743,0,0
2521794,0.187,3.989,7.005,5.669,0.447,0.162,1727,0,0
2521814,0.041,3.962,6.630,6.353,0.955,0.175,1716,0,0
2521834,-0.429,5.162,5.052,7.372,0.869,0.212,1712,0,0
2521854,-0.350,7.128,3.330,8.101,0.647,0.216,1708,0,0
2521874,-0.340,8.191,2.078,7.966,0.634,0.242,1707,0,0
2521894,-0.256,8.265,0.871,7.616,0.676,0.274,1712,0,0
2521914,-0.397,8.466,-0.184,7.457,0.574,0.261,1714,0,0
2521934,-0.350,8.270,-2.040,7.692,0.419,0.266,1722,0,0
2521954,-0.326,9.026,-3.843,7.698,0.137,0.370,1724,0,0
2521974,-0.589,10.060,-5.179,6.851,-0.187,0.442,1728,0,0
2521994,-0.678,10.386,-5.686,5.482,-0.456,0.537,1729,0,0
2522014,0.029,9.680,-6.285,3.441,-0.660,0.644,1729,0,0
2522034,0.563,8.126,-6.721,1.981,-0.743,0.748,1729,0,0
2522054,0.486,6.709,-7.032,1.305,-0.723,0.645,1728,0,0
2522074,0.256,6.337,-7.269,1.138,-0.662,0.385,1726,0,0
2522094,0.012,6.455,-7.338,1.177,-0.547,0.130,1715,0,0
2522114,-0.141,6.857,-7.724,1.257,-0.528,0.077,1705,0,0
2522134,-0.113,7.403,-8.135,0.929,-0.495,0.181,1697,0,0
2522154,-0.175,7.216,-8.054,0.315,-0.434,0.196,1693,0,0
2522174,-0.124,6.551,-8.064,0.064,-0.354,0.127,1691,0,0
2522194,-0.175,6.230,-7.954,0.203,-0.309,0.087,1684,0,0
2522214,-0.192,6.507,-7.870,0.331,-0.278,0.070,1680,0,0
2522234,-0.333,6.886,-8.047,0.306,-0.242,0.093,1675,0,0
2522254,-0.271,6.689,-8.018,0.150,-0.248,0.144,1668,0,0
2522274,-0.163,6.208,-7.946,0.099,-0.244,0.171,1665,0,0
2522294,-0.045,6.065,-7.863,0.326,-0.181,0.139,1664,0,0
2522314,-0.177,6.053,-7.879,0.560,-0.129,0.118,1664,0,0
2522334,-0.302,6.239,-8.174,0.578,-0.139,0.147,1662,0,0
2522354,-0.345,6.433,-8.337,0.391,-0.124,0.144,1663,0,0
2522374,-0.249,6.062,-8.085,0.205,-0.113,0.100,1664,0,0
2522394,-0.354,5.538,-8.104,0.301,-0.083,0.114,1663,0,0
2522414,-0.395,5.473,-8.420,0.422,-0.115,0.137,1664,0,0
2522434,-0.352,5.748,-8.631,0.150,-0.112,0.059,1666,0,0
2522454,-0.254,5.641,-8.499,-0.143,-0.042,-0.077,1668,0,0
2522474,-0.419,5.629,-8.159,0.006,0.013,-0.080,1668,0,0
2522494,-0.441,5.978,-8.143,0.096,-0.006,-0.007,1669,0,0
2522514,-0.268,5.904,-8.224,-0.025,-0.039,-0.003,1669,0,0
2522534,-0.268,5.866,-8.260,-0.050,-0.034,-0.022,1665,0,0
2522554,-0.323,5.969,-8.339,-0.075,-0.029,-0.027,1664,0,0
2522574,-0.414,5.880,-8.380,-0.129,-0.011,-0.038,1662,0,0
2522594,-0.421,6.026,-8.238,-0.053,-0.003,-0.022,1660,0,0
2522614,-0.426,6.249,-8.274,-0.066,-0.019,0.032,1656,0,0
2522634,-0.424,6.151,-8.353,-0.270,-0.051,0.072,1654,0,0
2522654,-0.390,5.799,-8.370,-0.387,-0.064,0.046,1652,0,0
2522674,-0.304,5.650,-8.274,-0.246,-0.026,0.004,1651,0,0
2522694,-0.371,5.775,-8.145,0.008,0.025,-0.022,1650,0,0
2522714,-0.352,6.141,-8.224,0.120,0.025,0.010,1648,0,0
2522734,-0.443,6.311,-8.258,-0.079,-0.001,0.038,1646,0,0
2522754,-0.409,6.189,-8.272,-0.266,-0.026,0.031,1636,0,0
2522774,-0.350,5.921,-8.183,-0.289,-0.007,0.031,1630,0,0
2522794,-0.268,5.725,-8.126,-0.157,0.021,0.022,1629,0,0
2522814,-0.256,5.962,-8.088,0.009,0.039,0.015,1628,0,0
2522834,-0.388,6.148,-8.047,-0.051,0.043,0.011,1626,0,0
2522854,-0.400,6.153,-8.049,-0.153,0.028,0.020,1627,0,0
2522874,-0.400,5.952,-8.040,-0.233,0.016,0.021,1627,0,0
2522894,-0.369,5.933,-7.956,-0.164,0.010,0.012,1628,0,0
2522914,-0.378,5.959,-7.896,-0.084,0.003,0.005,1628,0,0
2522934,-0.333,5.983,-7.906,-0.038,-0.006,0.020,1628,0,0
2522954,-0.287,6.033,-7.966,-0.050,-0.014,0.027,1629,0,0
2522974,-0.287,6.019,-7.977,-0.072,-0.008,0.009,1627,0,0
2522994,-0.333,6.124,-7.858,-0.020,-0.008,-0.007,1626,0,0
2523014,-0.500,6.148,-7.927,0.026,-0.030,0.013,1625,0,0
2523034,-0.393,6.136,-8.138,0.022,-0.070,0.048,1623,0,0
2523054,-0.299,6.117,-8.361,-0.037,-0.045,0.034,1618,0,0
2523074,-0.292,5.971,-8.250,-0.079,0.011,-0.005,1621,0,0
2523094,-0.441,6.021,-8.071,-0.015,0.026,-0.018,1620,0,0
2523114,-0.414,6.148,-8.119,-0.009,0.001,-0.001,1620,0,0
2523134,-0.395,6.182,-8.179,-0.086,-0.000,0.011,1621,0,0
2523154,-0.385,6.081,-8.035,-0.128,0.011,0.011,1619,0,0
2523174,-0.366,5.950,-8.021,-0.109,0.006,-0.008,1619,0,0
2523194,-0.292,6.021,-8.104,-0.057,0.002,-0.018,1619,0,0
2523214,-0.333,6.122,-8.066,-0.072,0.004,-0.031,1618,0,0
2523234,-0.426,6.230,-7.946,-0.078,0.003,-0.031,1618,0,0
2523254,-0.381,6.282,-7.977,-0.081,-0.005,0.001,1618,0,0
2523274,-0.407,6.184,-8.068,-0.101,-0.013,0.020,1618,0,0
2523294,-0.395,6.103,-8.155,-0.136,-0.013,0.023,1616,0,0
2523314,-0.359,6.043,-8.092,-0.147,-0.003,0.015,1616,0,0
2523334,-0.354,5.952,-8.018,-0.126,-0.002,-0.003,1616,0,0
2523354,-0.347,6.067,-8.030,-0.038,0.001,-0.013,1614,0,0
2523374,-0.464,6.187,-8.049,-0.036,0.002,-0.010,1613,0,0
2523394,-0.421,6.194,-8.085,-0.059,-0.006,0.007,1610,0,0
2523414,-0.362,6.170,-8.116,-0.095,0.000,0.011,1610,0,0
2523434,-0.400,6.041,-8.092,-0.104,0.008,0.009,1609,0,0
2523454,-0.395,6.086,-8.147,-0.048,0.022,0.009,1608,0,0
2523474,-0.321,6.158,-8.112,-0.042,0.021,0.017,1608,0,0
2523494,-0.321,6.122,-8.047,-0.075,0.025,0.015,1608,0,0
2523514,-0.373,6.096,-8.023,-0.043,0.021,0.002,1608,0,0
2523534,-0.357,6.093,-8.107,-0.014,0.023,0.015,1607,0,0
2523554,-0.251,6.132,-8.138,-0.019,0.031,0.029,1607,0,0
2523574,-0.242,6.081,-8.056,-0.071,0.038,0.014,1607,0,0
2523594,-0.376,6.024,-7.958,-0.075,0.047,0.001,1606,0,0
2523614,-0.426,5.995,-7.908,-0.004,0.037,-0.006,1606,0,0
2523634,-0.417,5.957,-7.922,0.021,0.024,0.007,1606,0,0
2523654,-0.247,5.969,-7.992,-0.012,0.014,0.011,1606,0,0
2523674,-0.283,5.947,-7.898,-0.080,-0.002,-0.014,1606,0,0
2523694,-0.373,5.904,-7.934,-0.116,-0.006,-0.034,1606,0,0
2523714,-0.402,5.871,-7.958,-0.038,-0.009,-0.039,1607,0,0
2523734,-0.378,6.055,-8.040,0.046,-0.001,-0.026,1606,0,0
2523754,-0.383,6.122,-8.049,-0.044,0.006,-0.018,1606,0,0
2523774,-0.419,5.895,-7.949,-0.130,-0.003,-0.034,1607,0,0
2523794,-0.393,5.921,-7.985,-0.067,-0.006,-0.047,1606,0,0
2523814,-0.323,6.091,-7.997,-0.029,-0.007,-0.054,1605,0,0
2523834,-0.352,6.189,-7.949,-0.032,-0.012,-0.053,1605,0,0
2523854,-0.345,6.258,-7.954,-0.058,-0.023,-0.040,1605,0,0
2523874,-0.424,6.211,-8.035,-0.104,-0.039,-0.019,1605,0,0
2523894,-0.364,6.136,-8.155,-0.101,-0.051,-0.018,1604,0,0
2523914,-0.290,6.170,-8.207,-0.051,-0.021,-0.034,1603,0,0
2523935,-0.357,6.278,-8.126,0.013,-0.000,-0.033,1605,0,0
2523954,-0.474,6.361,-8.090,-0.012,-0.015,0.001,1604,0,0
2523974,-0.433,6.096,-8.145,-0.094,-0.052,0.014,1603,0,0
2523994,-0.364,6.007,-8.368,-0.063,-0.052,0.018,1602,0,0
2524014,-0.400,6.065,-8.416,-0.071,-0.019,0.001,1602,0,0
2524034,-0.414,6.017,-8.327,-0.067,0.012,-0.020,1602,0,0
2524054,-0.476,6.134,-8.296,-0.021,0.030,-0.010,1602,0,0
2524074,-0.460,6.227,-8.203,-0.100,0.029,0.011,1602,0,0
2524094,-0.445,6.026,-8.126,-0.199,0.021,0.011,1602,0,0
2524114,-0.407,6.009,-8.088,-0.143,0.026,0.007,1604,0,0
2524134,-0.395,6.038,-8.040,-0.126,0.029,0.001,1601,0,0
2524155,-0.426,5.981,-7.997,-0.105,0.038,0.001,1601,0,0
2524174,-0.405,6.021,-7.932,-0.071,0.040,0.002,1601,0,0
2524194,-0.472,6.062,-7.927,-0.077,0.038,-0.004,1601,0,0
2524214,-0.508,6.120,-7.975,-0.076,0.027,0.000,1600,0,0
2524234,-0.445,6.084,-8.080,-0.079,0.016,0.007,1600,0,0
2524254,-0.364,6.045,-8.124,-0.097,0.036,0.001,1601,0,0
2524274,-0.400,6.098,-8.006,-0.114,0.056,-0.018,1600,0,0
2524294,-0.532,6.132,-7.942,-0.110,0.034,-0.022,1601,0,0
2524314,-0.409,6.196,-8.037,-0.017,0.016,-0.002,1601,0,0
2524334,-0.316,6.299,-8.076,-0.015,0.043,0.029,1600,0,0
2524354,-0.383,6.151,-7.927,-0.147,0.038,0.019,1600,0,0
2524374,-0.381,6.031,-7.910,-0.160,0.007,-0.009,1601,0,0
2524394,-0.283,6.132,-7.968,-0.086,0.003,-0.018,1600,0,0
2524414,-0.364,6.246,-8.021,-0.035,0.025,-0.005,1600,0,0
2524435,-0.400,6.330,-8.030,-0.035,0.029,0.018,1600,0,0
2524454,-0.371,6.263,-7.975,-0.122,0.019,0.026,1600,0,0
2524474,-0.378,6.067,-7.946,-0.168,0.002,0.018,1600,0,0
2524494,-0.311,6.122,-8.068,-0.078,0.011,0.013,1599,0,0
2524514,-0.340,6.258,-8.006,-0.037,0.044,0.015,1600,0,0
2524534,-0.385,6.278,-7.865,-0.071,0.045,0.019,1600,0,0
2524554,-0.414,6.199,-7.870,-0.096,0.018,0.020,1600,0,0
2524574,-0.328,6.144,-7.898,-0.101,0.007,0.029,1600,0,0
2524594,-0.275,6.165,-7.891,-0.090,0.018,0.029,1600,0,0
2524614,-0.299,6.134,-7.769,-0.084,0.015,0.011,1600,0,0
2524634,-0.383,6.211,-7.834,-0.065,-0.002,0.013,1599,0,0
2524654,-0.345,6.203,-7.927,-0.062,-0.014,0.043,1600,0,0
2524674,-0.292,6.096,-7.961,-0.088,0.003,0.051,1601,0,0
2524694,-0.381,6.005,-7.927,-0.100,0.011,0.029,1601,0,0
2524714,-0.357,5.978,-7.939,-0.107,-0.003,0.006,1600,0,0
2524734,-0.333,5.966,-7.982,-0.085,-0.001,0.003,1601,0,0
2524755,-0.340,6.041,-7.997,-0.038,-0.002,-0.002,1600,0,0
2524774,-0.268,6.139,-8.083,-0.068,0.006,-0.007,1600,0,0
2524794,-0.261,6.146,-8.061,-0.095,0.019,-0.013,1600,0,0
2524814,-0.383,6.124,-7.980,-0.081,0.024,-0.018,1599,0,0
2524834,-0.297,6.167,-8.001,-0.047,0.014,-0.017,1600,0,0
2524854,-0.192,6.206,-8.033,-0.051,0.027,-0.004,1599,0,0
2524874,-0.299,6.155,-7.946,-0.078,0.036,-0.018,1599,0,0
2524894,-0.338,6.249,-7.934,-0.062,0.013,-0.035,1599,0,0
2524914,-0.323,6.273,-7.980,-0.064,0.015,-0.022,1599,0,0
2524934,-0.354,6.266,-7.954,-0.063,0.029,-0.010,1599,0,0
2524954,-0.297,6.263,-7.829,-0.074,0.034,-0.014,1597,0,0
2524974,-0.333,6.275,-7.776,-0.092,0.015,-0.022,1598,0,0
2524994,-0.333,6.314,-7.848,-0.059,-0.006,-0.020,1598,0,0
2525014,-0.278,6.436,-7.949,-0.017,0.016,-0.008,1599,0,0
2525034,-0.342,6.448,-7.879,-0.053,0.033,0.003,1598,0,0
2525054,-0.354,6.321,-7.800,-0.054,0.018,0.024,1598,0,0
2525074,-0.318,6.292,-7.841,-0.048,-0.003,0.032,1598,0,0
2525094,-0.304,6.167,-7.939,-0.089,-0.013,0.014,1597,0,0
2525114,-0.302,6.196,-7.987,-0.048,-0.010,0.005,1598,0,0
2525134,-0.309,6.342,-7.987,-0.037,0.014,0.020,1595,0,0
2525154,-0.302,6.285,-7.913,-0.066,0.019,0.026,1596,0,0
2525174,-0.359,6.189,-7.915,-0.067,0.006,0.025,1596,0,0
2525194,-0.251,6.194,-7.973,-0.069,-0.007,0.016,1596,0,0
2525214,-0.218,6.148,-7.985,-0.073,0.005,0.011,1597,0,0
2525234,-0.223,6.167,-7.915,-0.048,0.012,0.015,1596,0,0
2525254,-0.290,6.191,-7.937,-0.067,-0.003,0.009,1597,0,0
2525274,-0.294,6.196,-8.040,-0.086,-0.006,0.008,1597,0,0
2525294,-0.273,6.155,-8.052,-0.061,0.009,0.008,1595,0,0
2525314,-0.285,6.122,-7.891,-0.055,0.019,0.014,1596,0,0
2525334,-0.309,6.105,-7.831,-0.068,-0.002,0.013,1596,0,0
2525354,-0.287,6.053,-7.891,-0.073,-0.017,-0.002,1596,0,0
2525374,-0.273,6.124,-8.001,-0.036,-0.006,-0.018,1597,0,0
2525394,-0.342,6.251,-7.989,-0.054,0.009,-0.019,1596,0,0
2525414,-0.297,6.237,-7.906,-0.076,0.007,-0.000,1597,0,0
2525434,-0.297,6.170,-7.910,-0.072,0.005,-0.005,1597,0,0
2525454,-0.266,6.182,-7.925,-0.049,-0.000,-0.010,1597,0,0
2525474,-0.326,6.311,-7.968,-0.065,-0.001,-0.006,1596,0,0
2525494,-0.302,6.278,-7.939,-0.087,-0.001,-0.003,1596,0,0
2525514,-0.323,6.304,-7.934,-0.066,0.015,-0.007,1595,0,0
2525534,-0.345,6.318,-7.853,-0.072,0.016,0.011,1595,0,0
2525554,-0.326,6.194,-7.815,-0.074,0.001,0.008,1595,0,0
2525574,-0.328,6.206,-7.879,-0.060,-0.009,-0.003,1593,0,0
2525594,-0.314,6.292,-7.915,-0.078,-0.009,0.001,1595,0,0
2525614,-0.333,6.290,-7.910,-0.076,-0.001,0.002,1594,0,0
2525634,-0.314,6.280,-7.851,-0.056,-0.003,0.002,1595,0,0
2525654,-0.306,6.314,-7.846,-0.063,-0.010,0.021,1594,0,0
2525675,-0.294,6.144,-7.889,-0.108,-0.023,0.026,1596,0,0
2525694,-0.311,6.086,-7.999,-0.085,-0.029,0.001,1596,0,0
2525714,-0.266,6.223,-8.104,-0.064,-0.009,-0.015,1595,0,0
2525734,-0.314,6.306,-7.977,-0.082,0.010,-0.008,1594,0,0
2525754,-0.359,6.275,-7.925,-0.070,-0.005,0.007,1594,0,0
2525774,-0.340,6.258,-8.009,-0.057,-0.012,0.014,1594,0,0
2525794,-0.259,6.182,-8.095,-0.074,0.000,0.011,1593,0,0
2525814,-0.278,6.182,-8.001,-0.059,0.022,0.002,1594,0,0
2525834,-0.259,6.261,-7.901,-0.057,0.019,-0.000,1594,0,0
2525854,-0.230,6.225,-7.927,-0.092,0.008,-0.003,1593,0,0
2525874,-0.247,6.251,-7.884,-0.071,0.004,-0.007,1596,0,0
2525895,-0.249,6.273,-7.903,-0.075,0.004,0.004,1592,0,0
2525914,-0.273,6.230,-7.848,-0.066,0.011,0.016,1594,0,0
2525934,-0.414,6.167,-7.891,-0.066,-0.007,0.014,1593,0,0
2525954,-0.318,6.179,-8.009,-0.075,-0.015,-0.001,1595,0,0
2525974,-0.268,6.199,-8.028,-0.081,0.013,-0.011,1595,0,0
2525994,-0.328,6.206,-7.836,-0.077,0.025,-0.003,1595,0,0
2526014,-0.338,6.196,-7.764,-0.068,0.007,-0.005,1595,0,0
2526034,-0.271,6.251,-7.846,-0.059,-0.006,-0.011,1594,0,0
2526054,-0.247,6.311,-7.834,-0.065,-0.000,-0.006,1595,0,0
2526239,-0.283,6.297,-8.006,-0.063,-0.010,-0.003,1596,0,0
2526258,-0.283,6.304,-7.954,-0.061,-0.002,-0.003,1596,0,0
2526278,-0.280,6.340,-7.908,-0.049,-0.000,-0.000,1595,0,0
2526298,-0.350,6.309,-7.922,-0.058,-0.009,0.004,1595,0,0
2526318,-0.369,6.256,-8.054,-0.051,-0.018,0.012,1596,0,0
2526338,-0.335,6.246,-8.124,-0.063,0.003,0.015,1596,0,0
2526358,-0.338,6.220,-7.997,-0.090,0.022,-0.001,1596,0,0
2526379,-0.366,6.208,-7.898,-0.079,0.026,-0.018,1595,0,0
2526398,-0.311,6.270,-7.846,-0.059,0.027,-0.008,1596,0,0
2526418,-0.309,6.311,-7.769,-0.067,0.025,0.010,1597,0,0
2526439,-0.299,6.311,-7.726,-0.101,0.004,0.001,1598,0,0
2526458,-0.328,6.290,-7.769,-0.096,-0.008,0.000,1597,0,0
2526478,-0.266,6.309,-7.882,-0.055,-0.009,0.003,1597,0,0
2526499,-0.309,6.361,-7.858,-0.062,0.007,0.004,1597,0,0
2526518,-0.383,6.220,-7.829,-0.080,0.012,0.000,1598,0,0
2526538,-0.352,6.309,-7.839,-0.032,0.011,0.002,1598,0,0
2526558,-0.338,6.335,-7.815,-0.052,0.009,0.018,1597,0,0
2526578,-0.294,6.215,-7.796,-0.086,-0.008,0.022,1598,0,0
2526599,-0.330,6.172,-7.891,-0.066,-0.019,-0.002,1598,0,0
2526618,-0.357,6.292,-7.930,-0.025,-0.007,-0.006,1597,0,0
2526638,-0.381,6.376,-7.985,-0.042,0.002,0.014,1598,0,0
2526658,-0.321,6.258,-7.961,-0.089,0.008,0.019,1597,0,0
2526679,-0.263,6.220,-7.887,-0.105,0.006,0.011,1598,0,0
2526698,-0.311,6.158,-7.810,-0.083,0.008,0.001,1599,0,0
2526718,-0.268,6.203,-7.791,-0.022,0.006,-0.008,1598,0,0
2526738,-0.290,6.342,-7.822,-0.039,-0.001,-0.005,1599,0,0
2526758,-0.314,6.299,-7.863,-0.108,-0.009,-0.001,1598,0,0
2526778,-0.357,6.208,-7.915,-0.100,-0.006,-0.000,1599,0,0
2526799,-0.318,6.211,-7.867,-0.063,0.005,-0.002,1599,0,0
2526818,-0.304,6.187,-7.805,-0.072,0.004,-0.005,1599,0,0
2526838,-0.395,6.199,-7.774,-0.063,0.004,-0.010,1599,0,0
2526858,-0.362,6.220,-7.815,-0.052,-0.009,-0.018,1598,0,0
2526878,-0.383,6.287,-7.860,-0.057,-0.003,-0.016,1599,0,0
2526898,-0.345,6.170,-7.853,-0.076,-0.016,-0.017,1599,0,0
2526918,-0.273,6.258,-7.865,-0.037,-0.009,-0.025,1600,0,0
2526938,-0.364,6.361,-7.846,-0.046,-0.010,-0.031,1599,0,0
2526958,-0.383,6.426,-7.889,-0.052,-0.011,-0.013,1599,0,0
2526978,-0.402,6.325,-7.949,-0.063,-0.011,-0.001,1599,0,0
2526998,-0.345,6.239,-7.994,-0.052,0.001,-0.004,1599,0,0
2527018,-0.342,6.223,-8.001,-0.036,0.027,-0.017,1599,0,0
2527038,-0.340,6.249,-7.970,-0.029,0.023,-0.028,1599,0,0
2527058,-0.333,6.359,-7.949,-0.007,0.029,-0.026,1600,0,0
2527078,-0.381,6.488,-7.944,-0.025,0.031,-0.021,1598,0,0
2527098,-0.316,6.505,-7.896,-0.065,0.037,-0.018,1598,0,0
2527118,-0.393,6.438,-7.872,-0.048,0.035,-0.010,1599,0,0
2527138,-0.309,6.438,-7.932,-0.029,0.032,0.007,1599,0,0
2527158,-0.153,6.498,-7.927,-0.072,0.040,0.020,1598,0,0
2527178,-0.156,6.397,-7.798,-0.134,0.050,0.013,1599,0,0
2527198,-0.182,6.345,-7.685,-0.096,0.035,0.016,1598,0,0
2527218,-0.266,6.345,-7.697,-0.075,0.006,0.036,1599,0,0
2527238,-0.151,6.285,-7.791,-0.093,-0.028,0.048,1599,0,0
2527258,-0.182,6.148,-7.879,-0.112,-0.029,0.036,1599,0,0
2527278,-0.369,6.079,-7.834,-0.089,-0.044,0.011,1599,0,0
2527298,-0.433,6.201,-7.973,-0.040,-0.044,0.002,1599,0,0
2527318,-0.419,6.184,-8.016,-0.033,-0.013,0.007,1599,0,0
2527338,-0.517,6.158,-7.966,-0.041,-0.002,0.007,1601,0,0
2527358,-0.553,6.108,-7.846,-0.060,0.006,-0.002,1599,0,0
2527378,-0.539,6.096,-7.769,-0.051,0.006,-0.023,1599,0,0
2527398,-0.522,6.127,-7.652,-0.025,-0.000,-0.029,1599,0,0
2527419,-0.467,6.151,-7.638,-0.013,-0.017,-0.015,1600,0,0
2527438,-0.326,6.117,-7.638,-0.026,-0.021,-0.026,1599,0,0
2527458,-0.405,6.184,-7.585,0.035,-0.026,-0.046,1599,0,0
2527478,-0.543,6.306,-7.645,0.098,-0.046,-0.022,1599,0,0
2527498,-0.520,6.132,-7.784,0.075,-0.063,-0.001,1599,0,0
2527519,-0.457,5.974,-7.891,0.083,-0.046,-0.001,1598,0,0
2527538,-0.433,5.942,-7.824,0.077,-0.036,-0.024,1599,0,0
2527558,-0.474,5.940,-7.776,0.068,-0.050,-0.050,1599,0,0
2527579,-0.369,6.029,-7.894,0.093,-0.058,-0.048,1599,0,0
2527598,-0.378,6.021,-7.961,0.068,-0.048,-0.054,1599,0,0
2527619,-0.388,6.144,-7.927,0.064,-0.049,-0.070,1600,0,0
2527638,-0.455,6.270,-7.997,0.045,-0.043,-0.061,1600,0,0
2527658,-0.402,6.177,-8.138,0.054,-0.039,-0.026,1599,0,0
2527678,-0.316,6.031,-8.222,0.027,-0.023,-0.022,1599,0,0
2527698,-0.335,5.971,-8.200,0.032,-0.008,-0.058,1599,0,0
2527718,-0.426,6.213,-8.104,0.051,0.000,-0.065,1598,0,0
2527738,-0.484,6.292,-8.090,-0.001,-0.012,-0.034,1600,0,0
2527758,-0.503,6.187,-8.176,-0.024,-0.014,-0.018,1599,0,0
2527778,-0.474,6.110,-8.255,-0.002,0.002,-0.023,1599,0,0
2527798,-0.505,6.172,-8.193,0.016,0.019,-0.027,1599,0,0
2527818,-0.534,6.294,-8.195,-0.012,0.011,-0.017,1600,0,0
2527838,-0.524,6.256,-8.210,-0.057,0.021,0.006,1600,0,0
2527858,-0.599,6.086,-8.215,-0.052,0.026,0.029,1600,0,0
2527879,-0.438,6.002,-8.267,-0.074,0.028,0.038,1600,0,0
2527898,-0.393,5.806,-8.210,-0.123,0.039,0.027,1600,0,0
2527918,-0.488,5.832,-8.107,-0.045,0.031,0.018,1600,0,0
2527938,-0.405,5.947,-8.226,-0.047,0.003,0.014,1600,0,0
2527958,-0.256,5.918,-8.399,-0.078,0.005,0.035,1600,0,0
2527978,-0.354,5.794,-8.368,-0.074,0.013,0.049,1600,0,0
2527998,-0.498,5.691,-8.401,-0.088,-0.004,0.023,1600,0,0
2528018,-0.565,5.674,-8.543,-0.034,-0.006,0.010,1599,0,0
2528039,-0.553,5.763,-8.662,0.007,0.016,0.015,1599,0,0
2528058,-0.603,5.734,-8.657,-0.052,0.045,0.007,1600,0,0
2528078,-0.634,5.703,-8.485,-0.064,0.070,-0.017,1600,0,0
2528098,-0.778,5.832,-8.255,-0.020,0.073,-0.031,1600,0,0
2528118,-0.745,5.942,-8.191,-0.012,0.044,-0.018,1601,0,0
2528138,-0.611,5.861,-8.255,-0.044,0.043,0.000,1600,0,0
2528158,-0.508,5.777,-8.147,-0.067,0.066,-0.013,1600,0,0
2528179,-0.563,5.854,-7.925,-0.073,0.064,-0.049,1601,0,0
2528198,-0.555,6.029,-7.870,-0.047,0.034,-0.046,1600,0,0
2528218,-0.500,6.081,-7.956,-0.066,0.006,-0.017,1600,0,0
2528238,-0.443,5.978,-8.040,-0.105,-0.004,-0.016,1600,0,0
2528258,-0.505,6.007,-8.080,-0.100,0.004,-0.029,1600,0,0
2528278,-0.582,6.029,-8.100,-0.087,0.003,-0.014,1600,0,0
2528298,-0.412,5.962,-8.128,-0.098,0.001,-0.014,1600,0,0
2528318,-0.354,5.988,-8.064,-0.076,0.013,-0.028,1601,0,0
2528339,-0.479,6.098,-8.006,-0.056,-0.001,-0.008,1599,0,0
2528358,-0.532,5.981,-8.078,-0.094,-0.024,0.012,1600,0,0
2528378,-0.397,5.837,-8.255,-0.105,-0.026,0.011,1601,0,0
2528398,-0.359,5.854,-8.183,-0.122,-0.003,-0.014,1601,0,0
2528418,-0.433,5.885,-8.066,-0.110,-0.004,-0.040,1600,0,0
2528439,-0.505,6.067,-8.042,-0.044,-0.011,-0.020,1601,0,0
2528458,-0.522,6.122,-8.102,-0.048,-0.022,-0.007,1601,0,0
2528478,-0.551,6.062,-8.205,-0.073,-0.032,-0.015,1601,0,0
2528498,-0.541,6.067,-8.250,-0.068,-0.019,-0.014,1600,0,0
2528518,-0.503,6.160,-8.126,-0.092,0.002,-0.025,1601,0,0
2528539,-0.553,6.263,-7.987,-0.075,0.007,-0.022,1602,0,0
2528558,-0.491,6.347,-7.887,-0.046,0.002,0.009,1603,0,0
2528578,-0.424,6.220,-7.843,-0.082,-0.011,0.040,1602,0,0
2528598,-0.390,6.029,-7.853,-0.096,-0.027,0.037,1602,0,0
2528618,-0.424,6.024,-7.884,-0.090,-0.039,0.010,1603,0,0
2528639,-0.462,6.218,-8.023,-0.066,-0.048,0.001,1602,0,0
2528658,-0.467,6.325,-8.114,-0.098,-0.036,0.025,1601,0,0
2528678,-0.438,6.191,-8.054,-0.135,-0.027,0.051,1602,0,0
2528698,-0.472,6.117,-8.061,-0.120,-0.032,0.053,1603,0,0
2528718,-0.400,5.966,-8.215,-0.107,-0.030,0.052,1601,0,0
2528738,-0.419,5.954,-8.279,-0.096,-0.017,0.056,1602,0,0
2528758,-0.292,5.923,-8.377,-0.090,-0.010,0.052,1602,0,0
2528778,-0.460,5.942,-8.301,-0.087,-0.005,0.043,1602,0,0
2528942,-0.622,5.705,-8.351,0.010,0.094,-0.007,1601,0,0
2528962,-0.682,5.713,-8.356,-0.018,0.098,-0.023,1601,0,0
2528982,-0.725,5.674,-8.272,-0.068,0.105,-0.054,1602,0,0
2529002,-0.678,5.748,-8.157,-0.057,0.123,-0.067,1602,0,0
2529022,-0.563,5.878,-7.910,-0.060,0.121,-0.077,1602,0,0
2529042,-0.505,5.962,-7.750,-0.087,0.104,-0.086,1601,0,0
2529062,-0.496,6.050,-7.740,-0.070,0.069,-0.093,1602,0,0
2529082,-0.419,6.261,-7.872,-0.069,0.058,-0.080,1603,0,0
2529102,-0.407,6.294,-7.896,-0.114,0.066,-0.064,1602,0,0
2529122,-0.460,6.263,-7.937,-0.106,0.068,-0.058,1601,0,0
2529142,-0.464,6.275,-7.896,-0.102,0.058,-0.049,1602,0,0
2529162,-0.393,6.235,-7.932,-0.102,0.058,-0.030,1602,0,0
2529182,-0.383,6.179,-7.970,-0.096,0.056,-0.026,1602,0,0
2529202,-0.359,6.155,-7.999,-0.080,0.054,-0.022,1603,0,0
2529222,-0.354,6.196,-8.025,-0.070,0.060,-0.011,1602,0,0
2529242,-0.376,6.105,-7.951,-0.100,0.046,-0.011,1602,0,0
2529262,-0.321,6.041,-7.915,-0.102,0.031,-0.019,1603,0,0
2529282,-0.294,6.103,-7.973,-0.056,0.029,-0.020,1604,0,0
2529302,-0.283,6.165,-8.009,-0.083,0.029,-0.018,1603,0,0
2529322,-0.306,6.105,-7.968,-0.115,0.027,-0.027,1602,0,0
2529342,-0.369,6.148,-7.968,-0.082,0.022,-0.025,1602,0,0
2529362,-0.338,6.278,-8.009,-0.084,0.011,-0.022,1603,0,0
2529382,-0.290,6.304,-8.033,-0.095,0.008,-0.006,1603,0,0
2529402,-0.352,6.268,-8.023,-0.100,0.019,0.005,1601,0,0
2529422,-0.340,6.239,-8.030,-0.088,0.019,0.008,1603,0,0
2529442,-0.335,6.239,-8.006,-0.079,0.018,0.008,1602,0,0
2529462,-0.304,6.213,-7.987,-0.079,0.024,0.021,1603,0,0
2529482,-0.333,6.045,-7.882,-0.092,0.029,0.025,1603,0,0
2529502,-0.345,5.952,-7.906,-0.096,0.006,0.009,1603,0,0
2529522,-0.309,5.976,-7.963,-0.089,-0.012,-0.007,1603,0,0
2529542,-0.304,6.050,-8.049,-0.048,0.008,-0.003,1603,0,0
2529562,-0.400,6.014,-8.042,-0.067,0.016,0.005,1604,0,0
2529582,-0.395,5.883,-8.016,-0.092,0.011,-0.006,1603,0,0
2529602,-0.469,5.887,-7.958,-0.056,0.016,-0.022,1603,0,0
2529622,-0.400,5.928,-7.944,-0.056,0.005,-0.029,1603,0,0
2529642,-0.378,5.926,-8.004,-0.085,0.002,-0.040,1603,0,0
2529662,-0.338,6.026,-7.989,-0.053,0.016,-0.048,1603,0,0
2529682,-0.417,6.148,-7.908,-0.037,0.015,-0.044,1603,0,0
2529702,-0.347,6.163,-7.927,-0.041,-0.003,-0.029,1602,0,0
2529722,-0.323,6.024,-8.047,-0.062,-0.012,-0.034,1602,0,0
2529742,-0.390,6.007,-8.131,-0.058,-0.010,-0.043,1603,0,0
2529762,-0.369,6.158,-8.212,-0.042,-0.003,-0.049,1603,0,0
2529782,-0.383,6.254,-8.210,-0.041,0.015,-0.050,1603,0,0
2529802,-0.445,6.282,-8.157,-0.044,0.030,-0.024,1602,0,0
2529822,-0.479,6.084,-8.097,-0.083,0.025,-0.010,1603,0,0
2529842,-0.395,5.923,-8.071,-0.078,0.011,-0.022,1602,0,0
2529862,-0.381,5.983,-8.078,-0.050,0.019,-0.051,1602,0,0
2530000,-0.467,6.235,-8.066,-0.084,0.016,-0.038,1601,0,0
2530020,-0.421,6.086,-8.035,-0.106,0.022,-0.022,1603,0,0
2530040,-0.412,5.986,-8.049,-0.095,0.006,-0.043,1602,0,0
2530060,-0.405,6.165,-8.131,-0.056,0.007,-0.049,1602,0,0
2530081,-0.445,6.239,-8.095,-0.062,0.025,-0.039,1601,0,0
2530100,-0.577,6.177,-8.052,-0.069,0.030,-0.014,1603,0,0
2530120,-0.488,6.031,-8.066,-0.097,0.015,-0.014,1603,0,0
2530140,-0.381,5.964,-8.071,-0.098,0.015,-0.034,1603,0,0
2530160,-0.443,6.038,-8.059,-0.095,0.015,-0.051,1603,0,0
2530180,-0.433,6.146,-8.004,-0.074,0.009,-0.070,1604,0,0
2530200,-0.484,6.330,-8.102,-0.030,0.024,-0.040,1604,0,0
2530220,-0.479,6.352,-8.066,-0.055,0.043,0.010,1605,0,0
2530240,-0.450,6.012,-7.961,-0.130,0.034,0.008,1605,0,0
2530260,-0.472,5.868,-7.872,-0.100,0.020,-0.032,1606,0,0
2530281,-0.433,6.045,-7.944,-0.041,0.015,-0.052,1605,0,0
2530300,-0.491,6.165,-7.898,-0.045,0.022,-0.036,1605,0,0
2530320,-0.476,6.165,-7.896,-0.095,0.017,-0.023,1605,0,0
2530340,-0.479,6.067,-7.863,-0.134,0.010,-0.037,1605,0,0
2530360,-0.467,6.045,-7.920,-0.097,0.001,-0.058,1606,0,0
2530381,-0.443,6.294,-8.013,-0.018,0.010,-0.048,1606,0,0
2530400,-0.488,6.404,-7.966,-0.034,0.015,-0.022,1606,0,0
2530420,-0.500,6.294,-7.963,-0.082,0.012,0.002,1607,0,0
2530440,-0.520,6.132,-7.975,-0.110,0.002,-0.014,1606,0,0
2530460,-0.469,6.127,-8.059,-0.081,-0.003,-0.032,1606,0,0
2530480,-0.512,6.213,-8.028,-0.033,0.019,-0.013,1606,0,0
2530500,-0.603,6.225,-7.999,-0.046,0.024,0.005,1606,0,0
2530520,-0.500,6.103,-7.980,-0.099,0.015,-0.007,1606,0,0
2530540,-0.474,6.067,-7.977,-0.071,0.018,-0.021,1605,0,0
2530560,-0.508,6.155,-7.949,-0.046,0.025,-0.018,1606,0,0
2530581,-0.498,6.062,-7.922,-0.079,0.022,-0.008,1608,0,0
2530600,-0.469,5.971,-7.887,-0.076,0.018,-0.013,1606,0,0
2530620,-0.479,6.050,-7.863,-0.071,0.019,-0.030,1606,0,0
2530640,-0.508,6.160,-7.896,-0.067,0.006,-0.040,1608,0,0
2530660,-0.479,6.199,-7.930,-0.070,0.008,-0.023,1607,0,0
2530680,-0.474,6.038,-7.901,-0.113,0.014,-0.027,1608,0,0
2530700,-0.539,5.993,-7.882,-0.077,-0.001,-0.045,1608,0,0
2530720,-0.548,6.177,-7.999,-0.023,0.001,-0.039,1607,0,0
2530740,-0.522,6.280,-7.975,-0.037,0.007,-0.026,1607,0,0
2530760,-0.560,6.172,-8.028,-0.069,0.007,-0.021,1606,0,0
2530780,-0.515,6.057,-8.037,-0.098,0.010,-0.042,1606,0,0
2530800,-0.551,6.026,-8.035,-0.074,0.016,-0.055,1607,0,0
2530820,-0.622,6.189,-8.037,-0.002,0.001,-0.044,1607,0,0
2530840,-0.570,6.366,-8.147,-0.032,-0.005,-0.030,1609,0,0
2530860,-0.517,6.215,-8.174,-0.083,0.022,-0.023,1607,0,0
2530880,-0.532,6.120,-8.061,-0.064,0.030,-0.032,1608,0,0
2530900,-0.589,6.148,-7.997,-0.044,0.025,-0.035,1608,0,0
2531032,-0.476,6.108,-8.054,-0.115,0.010,-0.058,1604,0,0
2531052,-0.606,6.304,-8.045,-0.053,0.016,-0.058,1604,0,0
2531072,-0.589,6.469,-7.970,-0.039,-0.006,-0.029,1603,0,0
2531092,-0.577,6.366,-7.846,-0.098,-0.072,-0.012,1602,0,0
2531112,-0.656,6.249,-7.733,-0.156,-0.200,-0.018,1602,0,0
2531132,-0.630,6.026,-7.989,-0.180,-0.270,-0.046,1600,0,0
2531152,-0.532,6.517,-7.796,-0.004,-0.323,-0.031,1598,0,0
2531172,-0.615,6.692,-7.470,-0.206,-0.475,-0.066,1576,0,0
2531192,-0.881,6.850,-7.563,-0.566,-0.645,-0.102,1516,0,0
2531212,-1.061,7.065,-7.391,-0.863,-0.946,-0.202,1455,0,0
2531232,-1.226,5.885,-7.700,-1.442,-1.189,-0.310,1391,0,0
2531252,-1.015,5.703,-7.791,-1.351,-1.088,-0.204,1341,0,0
2531272,-1.027,6.883,-7.384,-0.557,-0.950,-0.172,1306,0,0
2531292,-1.219,7.508,-6.524,-1.265,-0.965,-0.462,1265,0,0
2531312,-2.318,6.385,-8.143,-2.121,-0.720,-0.656,1231,0,0
2531332,-2.859,6.840,-7.149,-1.233,-0.743,-0.212,1182,0,0
2531352,-2.066,8.803,-6.254,-0.803,-0.732,0.329,1131,0,0
2531372,-2.174,8.617,-5.770,-1.407,-0.668,0.415,1071,0,0
2531392,-2.741,7.482,-5.947,-1.138,-0.848,0.165,1009,0,0
2531412,-2.449,6.835,-5.849,-0.745,-0.734,0.063,967,0,0
2531432,-2.298,7.314,-6.280,-0.735,-0.483,0.008,937,0,0
2531452,-1.894,7.147,-5.990,-0.790,-0.355,-0.085,912,114,0
2531472,-1.774,6.826,-5.344,-0.639,-0.135,-0.243,897,2845,200
2531492,-2.646,7.549,-4.714,-0.154,-0.121,-0.240,888,3832,200
2531512,-2.444,7.987,-5.009,-0.242,-0.182,-0.155,879,4095,200
2531532,-2.413,7.367,-5.447,-0.333,-0.132,-0.026,879,4095,200
2531552,-2.442,7.664,-5.037,-0.367,-0.021,-0.116,880,4095,200
2531572,-2.655,7.460,-4.958,-0.270,0.018,-0.266,882,4095,200
2531592,-3.089,7.664,-5.495,-0.122,0.060,-0.233,884,4095,200
2531612,-2.638,8.566,-5.286,-0.162,0.157,-0.156,882,4095,200
2531632,-2.614,8.217,-4.930,-0.262,0.128,-0.165,881,4095,200
2531652,-3.100,7.336,-5.100,-0.275,0.071,-0.127,884,4095,200
2531672,-2.224,8.140,-5.313,-0.200,0.102,-0.078,889,4095,200
2531692,-1.791,8.088,-5.574,-0.248,0.306,-0.142,893,4095,200
2531712,-3.237,7.903,-5.152,-0.274,0.374,-0.176,896,4095,200
2531732,-2.734,8.818,-4.752,-0.520,0.255,-0.167,899,4095,200
2531752,-2.763,9.021,-5.171,-0.711,0.182,-0.100,901,4095,200
2531772,-2.478,9.687,-5.861,-1.178,0.265,0.131,903,4095,200
2531792,-1.671,10.214,-5.923,-1.891,0.534,0.323,907,4095,200
2531812,-3.409,8.013,-4.894,-2.102,0.613,0.312,910,4095,200
2531832,-3.093,9.565,-4.413,-2.028,0.505,0.295,912,4095,200
2531852,-2.088,11.574,-4.951,-2.445,0.578,0.436,912,4095,200
2531872,-2.763,11.246,-4.942,-3.333,0.734,0.772,912,4095,200
2531892,-2.416,11.866,-4.025,-4.235,0.894,1.013,913,4095,200
2531912,-2.840,11.133,-2.737,-5.126,0.653,1.321,914,4095,200
2531932,-3.728,10.183,-1.384,-5.491,0.247,1.572,916,4095,200
2531952,-2.401,12.603,-0.828,-5.956,-0.136,1.807,917,4095,200
2531972,-2.456,13.824,-1.707,-7.572,-0.408,2.261,919,4095,200
2531992,-2.574,11.799,-2.602,-8.731,-0.600,2.730,923,4095,200
2532012,-3.479,9.481,-0.888,-8.731,-1.421,3.185,928,4095,200
2532032,-2.890,7.324,-0.922,-8.731,-2.563,3.702,931,4095,200
2532052,0.113,0.469,-2.658,-8.731,-2.551,3.965,931,4095,200
2532072,4.587,-12.167,0.819,-8.731,-1.297,2.929,927,4095,200
2532092,4.975,-14.571,6.572,-4.803,0.320,1.338,927,4095,200
2532112,1.513,-3.711,9.754,-0.687,0.750,0.883,928,4095,200
2532132,1.688,-0.373,9.907,-1.914,0.196,0.895,928,4095,200
2532152,2.720,-6.601,9.086,-2.304,-0.010,0.484,927,4095,200
2532172,2.298,-5.174,8.478,-0.726,0.186,0.178,927,4095,200
2532192,1.908,-1.183,9.127,-0.634,0.200,0.162,928,4095,200
2532212,1.875,-3.582,8.689,-1.014,0.057,0.095,928,4095,200
2532232,2.184,-3.814,8.590,-0.504,0.092,0.040,929,4095,200
2532252,2.849,-3.649,8.588,-0.145,0.221,-0.039,929,4095,200
2532272,1.657,-3.010,8.614,0.242,0.379,-0.108,930,4095,200
2532292,1.760,-1.695,9.136,-0.282,0.232,-0.079,931,4095,200
2532312,1.978,-2.902,9.297,-0.307,0.153,-0.099,932,4095,200
2532332,1.451,-3.105,9.036,-0.087,0.106,-0.095,934,4095,200
2532352,2.272,-2.677,9.043,0.021,0.153,-0.063,935,4095,200
2532372,1.920,-2.737,9.278,0.145,0.225,-0.109,936,4095,200
2532392,1.188,-2.231,9.519,-0.038,0.072,-0.076,937,4095,200
2532412,1.872,-2.124,9.955,-0.385,-0.169,-0.042,938,4095,200
2532432,1.954,-2.938,9.601,-0.295,-0.295,-0.090,943,4095,200
2532452,2.049,-3.275,8.736,-0.041,-0.232,-0.119,945,4095,200
2532472,2.363,-2.413,8.978,0.106,-0.045,-0.120,946,4039,200
2532492,2.136,-1.839,9.467,0.042,-0.079,-0.115,949,3766,200
2532512,1.568,-2.547,9.558,-0.210,-0.281,-0.160,955,3472,200
2532532,1.556,-2.452,9.503,-0.348,-0.515,-0.064,965,2842,200
2532552,2.107,-2.641,9.120,-0.370,-0.635,-0.023,982,1453,200
2532572,2.607,-2.552,8.219,-0.227,-0.474,-0.035,1009,0,0
2532592,2.693,-2.796,7.444,0.072,-0.011,-0.098,1057,0,0
2532612,2.622,-3.522,7.784,0.100,0.455,-0.402,1133,0,0
2532632,2.279,-2.327,8.131,0.139,0.764,-0.503,1229,0,0
2532652,2.485,-2.308,8.018,-0.007,0.827,-0.342,1349,0,0
2532672,2.234,-2.404,6.886,0.029,1.150,-0.284,1482,0,0
2532692,2.337,-2.021,6.744,0.298,1.720,-0.103,1618,0,0
2532712,2.344,-2.832,8.282,0.204,2.473,0.220,1714,0,0
2532732,1.058,-2.339,11.954,-0.044,2.122,0.176,1775,0,0
2532752,0.687,-3.922,9.795,-0.659,1.363,-0.102,1830,0,0
2532772,0.797,-3.093,10.453,-0.055,1.253,-0.148,1875,0,0
2532792,0.508,-2.837,9.819,0.498,0.964,-0.053,1900,0,0
2532812,0.115,-2.413,9.443,0.153,0.970,-0.054,1912,0,0
2532832,-0.177,-2.229,8.839,-0.001,0.929,-0.097,1917,0,0
2532852,-0.582,-2.035,9.273,0.120,0.959,-0.045,1923,0,0
2532872,-0.752,-2.373,10.178,0.059,0.678,0.024,1928,0,0
2532892,-0.781,-2.576,10.173,0.130,0.375,0.041,1929,0,0
2532912,-0.807,-2.207,9.981,0.120,0.158,0.008,1930,0,0
2532932,-0.821,-2.320,9.565,-0.195,0.016,-0.021,1928,0,0
2532952,-0.730,-2.507,9.747,-0.131,-0.012,-0.005,1927,0,0
2532972,-0.644,-2.483,9.598,0.100,0.009,0.013,1924,0,0
2532992,-0.642,-2.255,9.550,0.278,0.089,0.026,1922,0,0
2533012,-0.709,-2.145,9.383,0.234,0.132,0.050,1921,0,0
2533032,-0.776,-1.985,9.428,0.175,0.101,0.060,1920,0,0
2533052,-0.728,-1.927,9.534,-0.006,0.005,0.021,1919,0,0
2533072,-0.690,-2.200,9.536,-0.190,-0.079,-0.010,1918,0,0
2533092,-0.613,-2.389,9.428,-0.125,-0.110,-0.014,1916,0,0
2533112,-0.630,-2.176,9.380,0.095,-0.067,0.037,1914,0,0
2533132,-0.644,-1.884,9.182,0.152,-0.029,0.077,1913,0,0
2533153,-0.658,-1.832,9.182,0.044,0.006,0.053,1911,0,0
2533172,-0.639,-2.076,9.359,-0.056,0.005,0.014,1910,0,0
2533192,-0.603,-2.203,9.486,-0.047,-0.021,-0.017,1908,0,0
2533212,-0.596,-2.052,9.486,-0.032,-0.060,-0.005,1906,0,0
2533232,-0.570,-1.875,9.357,-0.018,-0.075,0.035,1904,0,0
2533252,-0.589,-1.872,9.290,-0.025,-0.041,0.069,1904,0,0
2533272,-0.582,-2.014,9.392,-0.042,0.013,0.065,1904,0,0
2533292,-0.584,-2.114,9.517,-0.035,-0.003,0.031,1904,0,0
2533327,-0.541,-1.961,9.392,-0.043,-0.022,0.069,1902,0,0
2533338,-0.551,-1.994,9.364,-0.038,-0.015,0.082,1903,0,0
2533395,-0.560,-2.042,9.452,-0.025,-0.074,0.030,1899,0,0
2533406,-0.536,-1.963,9.357,-0.039,-0.101,0.022,1899,0,0
2533418,-0.469,-1.939,9.268,-0.085,-0.110,0.019,1898,0,0
2533429,-0.409,-1.980,9.246,-0.141,-0.103,0.030,1897,0,0
2533440,-0.371,-2.045,9.285,-0.171,-0.090,0.046,1897,0,0
2533474,-0.412,-2.176,9.191,0.034,0.004,0.052,1894,0,0
2533487,-0.464,-2.052,9.196,0.079,0.026,0.026,1893,0,0
2533498,-0.512,-1.949,9.249,0.042,0.019,0.004,1894,0,0
2533512,-0.527,-1.853,9.251,-0.052,-0.022,-0.014,1895,0,0
2533532,-0.498,-1.935,9.208,-0.128,-0.056,-0.016,1894,0,0
2533552,-0.498,-2.028,9.263,-0.089,-0.042,0.018,1894,0,0
2533572,-0.517,-2.052,9.170,0.053,-0.003,0.046,1893,0,0
2533592,-0.536,-1.937,9.115,0.119,0.029,0.041,1892,0,0
2533612,-0.503,-1.769,9.122,0.034,0.026,0.011,1893,0,0
2533632,-0.505,-1.846,9.182,-0.121,-0.010,-0.002,1891,0,0
2533652,-0.426,-2.023,9.246,-0.122,-0.013,0.011,1890,0,0
2533672,-0.426,-2.069,9.256,-0.019,0.032,0.026,1890,0,0
2533692,-0.421,-1.982,9.237,0.076,0.068,0.033,1889,0,0
2533712,-0.421,-1.834,9.239,0.074,0.074,0.023,1889,0,0
2533732,-0.419,-1.875,9.428,-0.054,0.052,-0.005,1890,0,0
2533752,-0.433,-1.946,9.493,-0.156,-0.010,-0.023,1891,0,0
2533772,-0.462,-2.025,9.483,-0.122,-0.014,0.003,1890,0,0
2533792,-0.438,-1.951,9.390,-0.003,0.004,0.013,1891,0,0
2533812,-0.436,-1.774,9.349,0.008,0.011,-0.012,1891,0,0
2533832,-0.484,-1.836,9.445,-0.122,0.004,-0.031,1892,0,0
2533852,-0.508,-2.021,9.531,-0.138,-0.021,-0.051,1891,0,0
2533872,-0.520,-1.879,9.395,-0.077,-0.043,-0.041,1892,0,0
2533892,-0.510,-1.745,9.210,-0.051,-0.030,-0.009,1892,0,0
2533912,-0.510,-1.779,9.199,-0.041,0.005,0.019,1890,0,0
2533932,-0.496,-1.810,9.249,-0.002,0.027,0.015,1892,0,0
2533952,-0.474,-1.863,9.266,-0.040,0.031,0.007,1891,0,0
2533972,-0.472,-1.911,9.237,-0.062,0.017,-0.003,1894,0,0
2533992,-0.453,-1.908,9.153,-0.077,-0.006,-0.007,1891,0,0
2534012,-0.508,-1.925,9.230,-0.096,-0.002,0.006,1890,0,0
2534032,-0.496,-1.958,9.201,-0.036,0.026,0.004,1890,0,0
2534052,-0.508,-1.884,9.184,0.009,0.033,-0.019,1890,0,0
2534072,-0.431,-1.800,9.127,-0.066,0.010,-0.035,1891,0,0
2534092,-0.393,-1.891,9.182,-0.148,0.020,-0.032,1889,0,0
2534112,-0.405,-2.073,9.261,-0.078,0.063,-0.018,1889,0,0
2534132,-0.424,-1.894,9.321,0.032,0.084,-0.024,1890,0,0
2534152,-0.479,-1.757,9.455,-0.072,0.076,-0.029,1890,0,0
2534172,-0.560,-1.877,9.519,-0.127,0.055,-0.022,1890,0,0
2534192,-0.567,-1.834,9.548,-0.052,0.036,-0.017,1889,0,0
2534212,-0.551,-1.832,9.488,-0.060,0.018,-0.005,1890,0,0
2534232,-0.520,-1.918,9.440,-0.045,0.013,-0.010,1890,0,0
2534252,-0.455,-1.863,9.436,-0.030,0.012,-0.023,1888,0,0
2534272,-0.522,-1.767,9.414,-0.065,0.003,-0.027,1889,0,0
2534292,-0.534,-1.788,9.412,-0.101,-0.006,-0.012,1888,0,0
2534312,-0.553,-1.867,9.436,-0.062,-0.009,0.017,1888,0,0
2534332,-0.503,-1.891,9.414,-0.017,0.001,0.015,1887,0,0
2534352,-0.479,-1.915,9.369,-0.055,-0.005,-0.000,1887,0,0
2534372,-0.436,-1.911,9.313,-0.051,-0.022,-0.007,1887,0,0
2534392,-0.493,-1.832,9.282,-0.040,-0.020,-0.009,1887,0,0
2534412,-0.493,-1.781,9.244,-0.079,-0.011,0.000,1886,0,0
2534432,-0.498,-1.875,9.256,-0.064,0.001,0.013,1886,0,0
2534452,-0.520,-1.820,9.256,-0.024,0.010,0.006,1886,0,0
2534472,-0.534,-1.779,9.237,-0.065,0.001,-0.001,1886,0,0
2534492,-0.515,-1.870,9.268,-0.096,-0.013,0.000,1885,0,0
2534512,-0.469,-1.930,9.213,-0.072,-0.005,-0.002,1885,0,0
2534532,-0.457,-1.963,9.215,-0.056,0.018,0.002,1885,0,0
2534552,-0.429,-1.844,9.182,-0.021,0.035,-0.000,1884,0,0
2534572,-0.455,-1.834,9.249,-0.031,0.039,-0.004,1884,0,0
2534592,-0.515,-1.915,9.316,-0.047,0.034,-0.017,1886,0,0
2534612,-0.524,-1.853,9.357,-0.044,0.030,-0.011,1884,0,0
2534632,-0.476,-1.683,9.263,-0.032,0.038,0.008,1885,0,0
2534652,-0.460,-1.659,9.268,-0.071,0.041,0.004,1885,0,0
2534672,-0.529,-1.848,9.364,-0.114,0.038,0.006,1885,0,0
2534692,-0.558,-1.951,9.383,-0.049,0.022,-0.003,1886,0,0
2534712,-0.532,-1.822,9.278,0.003,0.015,-0.003,1885,0,0
2534732,-0.508,-1.638,9.146,-0.023,0.051,0.015,1885,0,0
2534752,-0.498,-1.697,9.263,-0.062,0.080,0.028,1885,0,0
2534772,-0.498,-1.824,9.407,-0.076,0.097,0.030,1886,0,0
2534792,-0.570,-2.054,9.651,-0.096,0.068,0.003,1886,0,0
2534812,-0.603,-2.035,9.685,-0.083,0.008,-0.021,1885,0,0
2534832,-0.591,-1.863,9.507,-0.052,-0.020,-0.019,1886,0,0
2534852,-0.584,-1.719,9.412,-0.038,-0.007,-0.009,1883,0,0
2534872,-0.642,-1.707,9.445,-0.076,0.004,0.001,1886,0,0
2534892,-0.625,-1.865,9.500,-0.087,-0.002,0.010,1885,0,0
2534912,-0.599,-1.954,9.503,-0.042,0.008,0.022,1885,0,0
2534932,-0.558,-1.889,9.462,-0.013,-0.014,0.016,1884,0,0
2534952,-0.570,-1.776,9.378,-0.042,-0.036,0.006,1886,0,0
2534972,-0.534,-1.800,9.285,-0.095,-0.043,0.003,1886,0,0
2534992,-0.529,-1.908,9.304,-0.100,-0.027,0.018,1885,0,0
2535012,-0.493,-1.992,9.294,-0.017,-0.008,0.025,1885,0,0
2535032,-0.510,-1.942,9.232,0.033,-0.004,0.024,1886,0,0
2535052,-0.563,-1.755,9.201,-0.021,-0.010,-0.010,1885,0,0
2535072,-0.555,-1.726,9.203,-0.153,-0.034,-0.028,1884,0,0
