2538772,-0.378,-1.286,9.517,-0.111,0.009,-0.003,1861,0,0
2538792,-0.400,-1.269,9.493,-0.042,0.042,0.001,1861,0,0
2538812,-0.539,-1.166,9.529,0.004,0.050,-0.002,1861,0,0
2538832,-0.608,-1.010,9.529,-0.010,0.012,-0.007,1861,0,0
2538852,-0.551,-0.965,9.428,-0.100,-0.023,-0.011,1862,0,0
2538872,-0.469,-1.099,9.426,-0.137,-0.009,0.001,1861,0,0
2538892,-0.488,-1.319,9.498,-0.039,0.022,0.021,1861,0,0
2538912,-0.520,-1.233,9.419,0.066,0.021,0.019,1862,0,0
2538932,-0.469,-1.070,9.316,-0.016,0.002,0.004,1860,0,0
2538952,-0.431,-1.147,9.390,-0.149,-0.010,-0.009,1861,0,0
2538972,-0.438,-1.343,9.500,-0.120,0.008,-0.008,1861,0,0
2538992,-0.448,-1.389,9.572,-0.004,0.018,-0.010,1862,0,0
2539012,-0.512,-1.262,9.479,0.014,0.005,-0.015,1860,0,0
2539032,-0.441,-1.085,9.392,-0.026,-0.016,-0.023,1861,0,0
2539052,-0.429,-1.051,9.330,-0.100,-0.019,-0.026,1861,0,0
2539072,-0.402,-1.171,9.354,-0.102,0.002,-0.020,1861,0,0
2539092,-0.453,-1.195,9.424,-0.029,0.032,-0.015,1861,0,0
2539112,-0.448,-1.101,9.414,-0.002,0.033,-0.013,1861,0,0
2539132,-0.445,-1.015,9.455,-0.028,0.012,-0.009,1862,0,0
2539152,-0.467,-1.015,9.457,-0.080,0.010,-0.004,1862,0,0
2539172,-0.455,-1.106,9.471,-0.107,0.003,-0.009,1861,0,0
2539192,-0.431,-1.192,9.402,-0.048,0.002,-0.003,1862,0,0
2539212,-0.385,-1.116,9.378,-0.009,0.018,-0.002,1862,0,0
2539232,-0.395,-1.049,9.409,-0.051,0.022,-0.002,1863,0,0
2539252,-0.445,-1.137,9.436,-0.112,0.002,-0.010,1862,0,0
2539272,-0.414,-1.214,9.462,-0.084,-0.001,-0.021,1862,0,0
2539292,-0.419,-1.109,9.433,-0.049,0.014,-0.015,1862,0,0
2539312,-0.498,-1.089,9.445,-0.037,0.016,-0.006,1862,0,0
2539332,-0.512,-1.089,9.376,-0.040,0.004,-0.004,1861,0,0
2539352,-0.436,-1.046,9.340,-0.044,0.010,-0.009,1862,0,0
2539372,-0.405,-1.010,9.402,-0.093,0.014,-0.013,1862,0,0
2539392,-0.412,-1.135,9.512,-0.103,0.011,-0.003,1861,0,0
2539412,-0.443,-1.204,9.522,-0.043,0.027,0.004,1861,0,0
2539432,-0.481,-1.118,9.517,0.011,0.027,-0.003,1862,0,0
2539452,-0.491,-0.936,9.440,-0.052,-0.001,-0.014,1861,0,0
2539472,-0.455,-1.022,9.428,-0.125,-0.019,-0.014,1861,0,0
2539492,-0.476,-1.101,9.431,-0.083,-0.006,-0.006,1863,0,0
2539512,-0.522,-1.063,9.416,-0.038,0.023,0.012,1862,0,0
2539532,-0.534,-1.113,9.426,-0.027,0.016,0.023,1861,0,0
2539552,-0.441,-1.056,9.352,-0.041,0.001,0.009,1862,0,0
2539572,-0.405,-1.257,9.378,-0.158,-0.015,-0.005,1862,0,0
2539592,-0.402,-1.437,9.457,-0.083,-0.008,-0.014,1861,0,0
2539612,-0.409,-1.190,9.359,0.077,0.026,-0.011,1860,0,0
2539632,-0.472,-0.970,9.354,-0.000,0.042,-0.001,1862,0,0
2539652,-0.457,-1.120,9.450,-0.125,0.013,-0.001,1861,0,0
2539672,-0.417,-1.226,9.483,-0.060,0.004,-0.017,1861,0,0
2539692,-0.443,-1.125,9.383,-0.055,0.013,-0.025,1860,0,0
2539712,-0.443,-1.056,9.383,-0.050,0.028,-0.018,1860,0,0
2539732,-0.479,-1.034,9.491,-0.032,0.031,-0.011,1860,0,0
2539752,-0.472,-1.020,9.574,-0.055,0.014,-0.005,1859,0,0
2539772,-0.460,-1.056,9.476,-0.098,-0.010,-0.019,1860,0,0
2539792,-0.421,-1.104,9.462,-0.119,-0.019,-0.025,1860,0,0
2539812,-0.402,-1.130,9.479,-0.068,0.004,-0.013,1860,0,0
2539832,-0.472,-1.037,9.481,-0.009,0.031,0.004,1860,0,0
2539852,-0.503,-0.972,9.448,-0.013,0.026,0.016,1861,0,0
2539872,-0.438,-1.013,9.443,-0.094,-0.012,0.003,1860,0,0
2539892,-0.352,-1.279,9.565,-0.158,-0.029,-0.005,1860,0,0
2539912,-0.400,-1.326,9.541,-0.005,-0.031,-0.006,1861,0,0
2539932,-0.481,-1.252,9.591,0.168,-0.036,0.022,1860,0,0
2539952,-0.500,-1.142,9.524,0.288,-0.086,0.041,1861,0,0
2539972,-0.510,-1.130,9.622,0.345,-0.115,0.033,1860,0,0
2539992,-0.512,-1.463,9.946,0.576,-0.201,0.045,1859,0,0
2540012,-0.412,-1.633,10.051,1.069,-0.236,0.123,1855,0,0
2540032,-0.160,-1.741,9.749,2.074,-0.108,0.213,1845,0,0
2540052,-0.213,-1.195,9.661,3.259,0.169,0.250,1837,0,0
2540072,-0.429,-0.041,9.689,4.200,0.295,0.289,1827,0,0
2540092,-0.524,0.582,9.407,4.884,0.319,0.384,1811,0,0
2540112,-0.517,1.300,8.562,5.844,0.373,0.472,1794,0,0
2540132,-0.491,3.196,7.403,6.892,0.395,0.536,1777,0,0
2540152,-0.333,4.992,6.402,7.119,0.420,0.590,1760,0,0
2540172,-0.323,5.827,5.423,6.892,0.538,0.686,1744,0,0
2540192,-0.438,6.974,4.776,6.829,0.637,0.754,1741,0,0
2540212,-0.390,7.544,3.682,7.234,0.565,0.887,1742,0,0
2540232,-0.163,8.009,3.053,6.835,0.421,0.892,1743,0,0
2540252,0.397,7.913,1.496,6.776,0.342,0.875,1742,0,0
2540272,0.522,7.487,0.244,6.885,0.455,0.865,1736,0,0
2540292,0.558,7.702,-1.279,7.719,0.438,0.868,1734,0,0
2540312,0.237,8.339,-3.050,8.361,0.405,0.844,1735,0,0
2540332,0.115,8.610,-4.501,8.329,0.103,0.879,1737,0,0
2540352,0.146,8.748,-5.272,7.980,-0.378,1.018,1738,0,0
2540372,0.321,8.183,-6.754,6.660,-0.911,1.116,1735,0,0
2540392,0.594,7.848,-8.341,4.965,-1.279,1.223,1730,0,0
2540412,0.656,7.233,-8.648,3.179,-1.422,1.154,1728,0,0
2540432,0.886,5.430,-8.667,1.582,-1.406,0.868,1724,0,0
2540452,0.491,3.687,-9.108,0.987,-1.313,0.562,1713,0,0
2540472,0.381,3.426,-9.871,1.236,-1.257,0.395,1699,0,0
2540492,0.354,4.951,-10.099,1.390,-1.227,0.316,1689,0,0
2540512,0.259,5.411,-10.415,0.699,-0.997,0.234,1688,0,0
2540532,-0.129,4.559,-10.262,-0.176,-0.727,0.135,1690,0,0
2540552,-0.196,4.496,-10.159,-0.081,-0.608,0.186,1689,0,0
2540572,-0.211,4.633,-10.099,-0.179,-0.565,0.205,1684,0,0
2540592,-0.227,4.630,-10.099,-0.584,-0.488,0.125,1677,0,0
2540612,-0.165,4.365,-10.013,-0.608,-0.339,0.022,1664,0,0
2540632,-0.261,4.343,-9.515,-0.425,-0.208,-0.029,1652,0,0
2540652,-0.290,4.408,-9.450,-0.312,-0.143,-0.015,1646,0,0
2540672,-0.328,4.827,-9.474,-0.141,-0.114,0.024,1640,0,0
2540692,-0.280,5.104,-9.285,-0.140,-0.098,0.039,1636,0,0
2540712,-0.385,4.990,-9.160,-0.219,-0.089,0.063,1634,0,0
2540732,-0.383,4.853,-9.301,-0.155,-0.081,0.095,1635,0,0
2540752,-0.383,4.891,-9.313,-0.107,-0.045,0.079,1636,0,0
2540772,-0.400,4.743,-9.280,-0.064,0.015,0.051,1636,0,0
2540792,-0.448,4.944,-9.201,0.076,0.036,0.053,1638,0,0
2540812,-0.412,5.023,-9.098,-0.087,0.028,0.055,1638,0,0
2540832,-0.476,4.808,-9.062,-0.207,0.029,0.021,1642,0,0
2540852,-0.464,4.695,-9.096,-0.110,0.036,-0.022,1640,0,0
2540872,-0.409,4.975,-9.091,0.027,0.072,0.004,1638,0,0
2540892,-0.517,5.092,-8.988,-0.063,0.086,0.029,1639,0,0
2540912,-0.474,5.092,-9.009,-0.160,0.067,0.024,1640,0,0
2540932,-0.436,4.949,-8.966,-0.216,0.074,-0.008,1642,0,0
2540952,-0.390,4.939,-8.887,-0.116,0.113,-0.001,1643,0,0
2540972,-0.484,5.028,-8.744,-0.120,0.108,0.015,1643,0,0
2540992,-0.357,4.911,-8.722,-0.123,0.064,0.022,1643,0,0
2541012,-0.285,4.975,-8.902,-0.153,0.061,-0.018,1643,0,0
2541032,-0.388,5.078,-8.856,-0.165,0.075,-0.029,1644,0,0
2541052,-0.306,4.963,-8.844,-0.156,0.104,-0.019,1642,0,0
2541072,-0.464,4.982,-8.758,-0.115,0.107,-0.015,1641,0,0
2541092,-0.498,5.064,-8.724,-0.085,0.069,0.000,1640,0,0
2541112,-0.340,5.078,-8.701,-0.170,0.030,-0.002,1640,0,0
2541132,-0.182,4.980,-8.772,-0.184,0.067,-0.002,1641,0,0
2541153,-0.227,4.922,-8.717,-0.140,0.099,-0.027,1639,0,0
2541172,-0.333,4.980,-8.607,-0.068,0.076,-0.052,1638,0,0
2541192,-0.340,5.167,-8.696,-0.029,0.056,-0.029,1637,0,0
2541212,-0.249,5.198,-8.832,-0.153,0.039,-0.016,1635,0,0
2541232,-0.330,5.078,-8.581,-0.237,0.059,-0.038,1636,0,0
2541252,-0.366,5.001,-8.392,-0.269,-0.033,-0.072,1635,0,0
2541272,-0.460,5.291,-8.066,0.009,-0.044,-0.036,1636,0,0
2541292,-0.170,4.860,-8.777,-0.339,0.011,-0.080,1633,0,0
2541312,-0.146,5.145,-8.648,0.116,0.039,-0.071,1631,0,0
2541332,-0.148,5.387,-8.655,-0.156,0.063,-0.097,1629,0,0
2541352,-0.251,5.442,-8.602,-0.014,0.037,-0.045,1627,0,0
2541372,-0.247,5.406,-8.598,-0.105,0.006,-0.026,1626,0,0
2541392,-0.211,5.377,-8.701,-0.082,-0.003,-0.014,1625,0,0
2541412,-0.122,5.356,-8.748,-0.125,0.011,-0.020,1624,0,0
2541432,-0.103,5.234,-8.732,-0.163,0.030,-0.038,1625,0,0
2541452,-0.266,5.200,-8.619,-0.141,0.031,-0.046,1624,0,0
2541472,-0.405,5.349,-8.631,-0.090,0.002,-0.042,1623,0,0
2541492,-0.412,5.401,-8.696,-0.079,-0.013,-0.034,1620,0,0
2541512,-0.220,5.418,-8.775,-0.077,-0.002,-0.022,1618,0,0
2541532,-0.249,5.363,-8.720,-0.132,0.025,-0.013,1617,0,0
2541552,-0.342,5.205,-8.657,-0.129,0.013,-0.023,1618,0,0
2541572,-0.297,5.207,-8.753,-0.052,-0.005,-0.025,1616,0,0
2541592,-0.220,5.397,-8.815,-0.035,0.016,-0.022,1616,0,0
2541612,-0.199,5.502,-8.772,-0.091,0.048,-0.022,1616,0,0
2541632,-0.385,5.353,-8.657,-0.172,0.054,-0.035,1616,0,0
2541652,-0.496,5.104,-8.712,-0.188,0.028,-0.031,1617,0,0
2541672,-0.352,5.030,-8.832,-0.174,0.030,-0.037,1616,0,0
2541692,-0.330,4.980,-8.792,-0.155,0.068,-0.066,1616,0,0
2541712,-0.237,5.227,-8.655,-0.066,0.099,-0.082,1616,0,0
2541732,-0.268,5.447,-8.528,-0.048,0.096,-0.078,1616,0,0
2541752,-0.254,5.488,-8.569,-0.089,0.066,-0.053,1616,0,0
2541772,-0.148,5.382,-8.514,-0.098,0.043,-0.035,1617,0,0
2541792,-0.156,5.353,-8.478,-0.045,0.038,-0.034,1616,0,0
2541812,-0.132,5.423,-8.648,0.035,0.023,-0.021,1616,0,0
2541832,-0.089,5.490,-8.801,0.004,0.018,-0.008,1616,0,0
2541852,-0.091,5.464,-8.655,-0.119,0.013,-0.028,1616,0,0
2541872,-0.223,5.435,-8.578,-0.093,0.008,-0.043,1616,0,0
2541892,-0.299,5.416,-8.648,-0.096,-0.014,-0.021,1616,0,0
2541912,-0.244,5.485,-8.772,-0.008,-0.006,0.020,1615,0,0
2541932,-0.218,5.485,-8.717,-0.120,-0.007,0.006,1615,0,0
2541952,-0.247,5.318,-8.636,-0.190,0.001,-0.025,1615,0,0
2541972,-0.309,5.387,-8.657,-0.092,0.012,-0.034,1616,0,0
2541992,-0.354,5.521,-8.648,-0.032,0.017,-0.022,1616,0,0
2542012,-0.330,5.550,-8.669,-0.077,0.021,0.010,1615,0,0
2542032,-0.402,5.423,-8.583,-0.145,0.030,0.017,1615,0,0
2542052,-0.469,5.296,-8.480,-0.172,0.012,-0.001,1615,0,0
2542072,-0.460,5.310,-8.485,-0.118,-0.001,-0.012,1615,0,0
2542092,-0.338,5.430,-8.569,-0.066,0.012,-0.009,1615,0,0
2542112,-0.278,5.545,-8.483,-0.071,0.039,0.002,1613,0,0
2542132,-0.383,5.557,-8.265,-0.124,0.031,-0.001,1614,0,0
2542152,-0.369,5.523,-8.200,-0.161,-0.020,-0.007,1614,0,0
2542172,-0.259,5.442,-8.404,-0.129,-0.041,0.000,1614,0,0
2542192,-0.227,5.404,-8.516,-0.069,-0.027,0.012,1612,0,0
2542212,-0.242,5.466,-8.497,-0.068,-0.017,0.011,1613,0,0
2542232,-0.376,5.526,-8.475,-0.086,-0.030,-0.004,1611,0,0
2542252,-0.285,5.567,-8.557,-0.078,-0.046,0.007,1609,0,0
2542272,-0.275,5.476,-8.689,-0.092,-0.038,0.020,1608,0,0
2542292,-0.283,5.485,-8.669,-0.096,-0.015,0.005,1608,0,0
2542312,-0.333,5.511,-8.554,-0.096,-0.005,-0.002,1608,0,0
2542332,-0.304,5.557,-8.566,-0.076,-0.004,0.016,1607,0,0
2542352,-0.275,5.528,-8.593,-0.080,-0.014,0.020,1607,0,0
2542372,-0.204,5.569,-8.617,-0.098,-0.021,0.006,1605,0,0
2542392,-0.220,5.574,-8.581,-0.089,-0.013,0.003,1603,0,0
2542412,-0.280,5.634,-8.605,-0.054,0.003,0.025,1604,0,0
2542432,-0.326,5.535,-8.605,-0.062,0.004,0.038,1603,0,0
2542452,-0.402,5.449,-8.600,-0.051,0.009,0.035,1602,0,0
2542472,-0.397,5.468,-8.598,-0.073,0.014,0.038,1601,0,0
2542492,-0.304,5.363,-8.600,-0.137,0.023,0.028,1600,0,0
2542512,-0.338,5.329,-8.540,-0.114,0.047,0.007,1600,0,0
2542532,-0.390,5.370,-8.406,-0.099,0.038,-0.009,1601,0,0
2542552,-0.275,5.490,-8.471,-0.064,0.029,-0.009,1601,0,0
2542572,-0.254,5.540,-8.533,-0.072,0.035,-0.008,1600,0,0
2542592,-0.232,5.590,-8.425,-0.085,0.041,-0.010,1601,0,0
2542612,-0.275,5.614,-8.349,-0.076,0.042,-0.001,1600,0,0
2542632,-0.323,5.578,-8.308,-0.055,0.023,0.026,1600,0,0
2542652,-0.206,5.516,-8.437,-0.055,-0.013,0.029,1601,0,0
2542672,-0.089,5.516,-8.485,-0.064,-0.003,0.012,1600,0,0
2542692,-0.177,5.610,-8.456,-0.072,0.021,0.005,1600,0,0
2542712,-0.366,5.545,-8.442,-0.070,0.009,0.005,1601,0,0
2542732,-0.309,5.574,-8.521,-0.042,-0.008,0.018,1599,0,0
2542752,-0.177,5.562,-8.559,-0.070,-0.005,0.020,1599,0,0
2542772,-0.239,5.555,-8.550,-0.088,0.009,0.015,1599,0,0
2542792,-0.302,5.564,-8.504,-0.094,0.006,0.011,1599,0,0
2542812,-0.232,5.545,-8.478,-0.078,0.013,0.021,1599,0,0
2542832,-0.249,5.476,-8.466,-0.037,0.015,0.026,1599,0,0
2542852,-0.266,5.483,-8.444,-0.025,0.004,0.020,1599,0,0
2542872,-0.271,5.471,-8.485,-0.077,-0.001,0.009,1599,0,0
2542892,-0.237,5.399,-8.459,-0.071,0.010,-0.005,1599,0,0
2542912,-0.263,5.430,-8.444,-0.034,0.015,0.003,1598,0,0
2542932,-0.271,5.504,-8.377,-0.045,-0.001,-0.002,1599,0,0
2542952,-0.297,5.533,-8.423,-0.061,-0.012,-0.014,1598,0,0
2542972,-0.256,5.602,-8.447,-0.041,-0.018,-0.008,1598,0,0
2542992,-0.187,5.610,-8.533,-0.048,-0.013,0.008,1599,0,0
2543012,-0.225,5.550,-8.554,-0.071,-0.004,0.014,1598,0,0
2543032,-0.275,5.547,-8.516,-0.084,-0.008,-0.008,1597,0,0
2543052,-0.314,5.669,-8.526,-0.076,-0.010,-0.019,1599,0,0
2543072,-0.350,5.619,-8.540,-0.046,-0.003,0.011,1597,0,0
2543092,-0.220,5.564,-8.590,-0.023,-0.003,0.038,1597,0,0
2543112,-0.251,5.499,-8.538,-0.073,-0.011,0.023,1598,0,0
2543132,-0.235,5.516,-8.607,-0.078,-0.026,-0.003,1597,0,0
2543152,-0.280,5.646,-8.708,-0.025,-0.005,-0.005,1597,0,0
2543172,-0.280,5.725,-8.710,-0.021,0.019,0.022,1595,0,0
2543192,-0.239,5.631,-8.624,-0.060,0.031,0.047,1596,0,0
2543213,-0.235,5.533,-8.550,-0.043,0.032,0.032,1597,0,0
2543232,-0.316,5.562,-8.514,-0.021,0.027,0.025,1597,0,0
2543252,-0.299,5.497,-8.540,-0.029,0.015,0.034,1597,0,0
2543272,-0.239,5.389,-8.648,-0.043,0.022,0.034,1597,0,0
2543292,-0.235,5.341,-8.576,-0.057,0.055,0.011,1597,0,0
2543312,-0.213,5.344,-8.423,-0.066,0.056,-0.016,1596,0,0
2543332,-0.220,5.432,-8.435,-0.034,0.055,-0.017,1597,0,0
2543352,-0.278,5.576,-8.413,-0.037,0.046,-0.019,1597,0,0
2543372,-0.297,5.559,-8.440,-0.105,0.023,-0.017,1596,0,0
2543392,-0.227,5.516,-8.516,-0.131,0.022,-0.014,1598,0,0
2543412,-0.141,5.478,-8.540,-0.139,0.044,-0.041,1597,0,0
2543432,-0.101,5.511,-8.442,-0.097,0.071,-0.030,1598,0,0
2543452,-0.105,5.614,-8.337,-0.074,0.075,-0.001,1598,0,0
2543472,-0.124,5.543,-8.241,-0.123,0.043,-0.015,1599,0,0
2543492,-0.062,5.574,-8.305,-0.084,0.013,-0.007,1598,0,0
2543512,-0.045,5.538,-8.440,-0.083,0.004,0.013,1599,0,0
2543532,-0.077,5.399,-8.466,-0.099,-0.010,0.003,1598,0,0
2543552,-0.225,5.430,-8.578,-0.056,-0.011,-0.008,1599,0,0
2543572,-0.352,5.545,-8.605,-0.048,-0.008,-0.029,1599,0,0
2543592,-0.388,5.624,-8.660,-0.039,-0.008,-0.015,1598,0,0
2543612,-0.350,5.456,-8.674,-0.073,0.009,0.002,1599,0,0
2543632,-0.443,5.152,-8.648,-0.125,0.034,-0.010,1599,0,0
2543652,-0.488,5.169,-8.497,-0.086,0.042,-0.068,1598,0,0
2543672,-0.426,5.473,-8.425,0.004,0.052,-0.100,1598,0,0
2543692,-0.371,5.765,-8.380,0.010,0.066,-0.081,1599,0,0
2543712,-0.330,5.672,-8.250,-0.091,0.054,-0.063,1599,0,0
2543732,-0.299,5.650,-8.145,-0.077,0.037,-0.072,1599,0,0
2543752,-0.208,5.861,-8.183,0.012,0.028,-0.082,1599,0,0
2543772,-0.136,6.005,-8.231,0.058,0.035,-0.030,1599,0,0
2543792,-0.175,5.729,-8.188,-0.019,0.008,0.027,1599,0,0
2543812,-0.204,5.315,-8.296,-0.090,-0.034,-0.001,1599,0,0
2543832,-0.124,5.332,-8.432,-0.040,-0.038,-0.057,1599,0,0
2543852,-0.038,5.593,-8.447,0.022,-0.009,-0.050,1600,0,0
2543872,-0.148,5.600,-8.466,0.002,0.004,-0.017,1599,0,0
2543892,-0.129,5.533,-8.499,-0.079,-0.020,-0.028,1600,0,0
2543912,-0.031,5.519,-8.526,-0.091,-0.019,-0.053,1600,0,0
2543932,-0.084,5.519,-8.535,-0.047,-0.015,-0.040,1599,0,0
2543952,-0.026,5.468,-8.624,-0.029,-0.019,-0.010,1600,0,0
2543972,-0.038,5.368,-8.701,-0.020,-0.005,-0.011,1599,0,0
2543992,-0.108,5.373,-8.669,-0.010,0.005,-0.044,1600,0,0
2544012,-0.139,5.540,-8.710,0.015,0.004,-0.034,1600,0,0
2544032,-0.196,5.509,-8.849,0.003,0.007,-0.015,1600,0,0
2544052,-0.275,5.344,-8.849,-0.022,0.009,-0.006,1599,0,0
2544072,-0.311,5.341,-8.693,-0.017,0.005,-0.022,1600,0,0
2544092,-0.350,5.454,-8.787,-0.026,0.005,-0.047,1600,0,0
2544112,-0.369,5.552,-8.808,-0.014,0.033,-0.034,1600,0,0
2544132,-0.381,5.634,-8.787,0.002,0.051,-0.015,1600,0,0
2544152,-0.450,5.547,-8.693,-0.128,0.030,-0.035,1600,0,0
2544172,-0.467,5.440,-8.612,-0.136,0.007,-0.025,1600,0,0
2544192,-0.180,5.435,-8.803,-0.150,0.034,-0.019,1600,0,0
2544212,-0.175,5.370,-8.643,-0.181,0.074,-0.030,1601,0,0
2544232,-0.306,5.258,-8.480,-0.199,0.049,-0.043,1600,0,0
2544252,-0.230,5.339,-8.679,-0.137,0.006,-0.031,1600,0,0
2544272,-0.096,5.432,-8.902,-0.114,0.029,-0.020,1600,0,0
2544292,-0.244,5.365,-8.823,-0.138,0.055,-0.015,1600,0,0
2544312,-0.330,5.301,-8.708,-0.131,0.043,-0.013,1600,0,0
2544332,-0.256,5.265,-8.796,-0.114,0.044,-0.018,1601,0,0
2544352,-0.172,5.358,-8.708,-0.058,0.073,-0.019,1600,0,0
2544372,-0.254,5.365,-8.590,-0.056,0.073,-0.021,1599,0,0
2544392,-0.333,5.363,-8.535,-0.007,0.050,-0.011,1600,0,0
2544412,-0.359,5.401,-8.660,-0.010,0.034,-0.008,1600,0,0
2544432,-0.283,5.375,-8.741,-0.025,0.043,-0.014,1600,0,0
2544452,-0.285,5.315,-8.636,-0.019,0.065,-0.024,1600,0,0
2544472,-0.306,5.329,-8.533,0.002,0.073,-0.030,1600,0,0
2544492,-0.297,5.425,-8.514,-0.011,0.070,-0.036,1600,0,0
2544512,-0.352,5.468,-8.308,-0.071,0.047,-0.050,1600,0,0
2544532,-0.529,5.435,-8.317,-0.057,0.010,-0.055,1600,0,0
2544552,-0.350,5.571,-8.543,-0.013,0.001,-0.046,1600,0,0
2544572,-0.340,5.612,-8.583,-0.068,0.031,-0.046,1600,0,0
2544592,-0.431,5.602,-8.408,-0.118,0.038,-0.058,1600,0,0
2544612,-0.397,5.801,-8.219,-0.102,0.024,-0.063,1601,0,0
2544632,-0.371,5.976,-8.131,-0.083,0.005,-0.036,1601,0,0
2544652,-0.206,5.978,-8.181,-0.102,-0.024,-0.010,1600,0,0
2544672,-0.074,5.926,-8.198,-0.123,-0.027,-0.006,1601,0,0
2544692,-0.038,5.878,-8.056,-0.161,-0.025,-0.003,1601,0,0
2544712,-0.129,5.808,-8.088,-0.156,-0.058,0.015,1601,0,0
2544732,-0.062,5.775,-8.382,-0.171,-0.101,0.005,1600,0,0
2544752,0.031,5.897,-8.590,-0.119,-0.068,0.009,1601,0,0
2544772,-0.192,6.007,-8.495,-0.146,-0.047,0.032,1600,0,0
2544792,-0.328,5.684,-8.631,-0.230,-0.077,0.057,1600,0,0
2544812,-0.180,5.535,-8.777,-0.200,-0.068,0.060,1602,0,0
2544832,-0.211,5.528,-8.748,-0.176,-0.015,0.043,1601,0,0
2544852,-0.275,5.483,-8.502,-0.173,0.006,0.043,1602,0,0
2544872,-0.321,5.358,-8.428,-0.196,-0.010,0.043,1601,0,0
2544892,-0.280,5.131,-8.519,-0.193,-0.034,0.023,1601,0,0
2544912,-0.110,5.215,-8.684,-0.124,-0.006,0.008,1602,0,0
2544932,-0.148,5.267,-8.552,-0.121,0.019,-0.012,1601,0,0
2544952,-0.235,5.193,-8.447,-0.133,0.014,-0.023,1600,0,0
2544972,-0.283,5.143,-8.509,-0.084,-0.019,-0.046,1601,0,0
2544992,-0.204,5.346,-8.770,-0.040,-0.020,-0.065,1601,0,0
2545012,-0.338,5.543,-8.849,-0.017,0.025,-0.066,1600,0,0
2545032,-0.515,5.588,-8.681,-0.040,0.052,-0.059,1600,0,0
2545052,-0.620,5.519,-8.516,-0.073,0.046,-0.063,1601,0,0
2545072,-0.630,5.447,-8.531,-0.045,0.028,-0.080,1601,0,0
2545092,-0.622,5.593,-8.708,-0.007,0.038,-0.098,1601,0,0
2545112,-0.522,5.768,-8.693,-0.057,0.079,-0.109,1601,0,0
2545132,-0.563,5.851,-8.418,-0.122,0.111,-0.125,1601,0,0
2545152,-0.572,5.906,-8.284,-0.114,0.102,-0.130,1600,0,0
2545172,-0.383,6.000,-8.303,-0.076,0.093,-0.118,1601,0,0
2545192,-0.309,6.158,-8.238,-0.059,0.119,-0.096,1601,0,0
2545212,-0.268,6.223,-8.016,-0.071,0.133,-0.053,1601,0,0
2545232,-0.278,6.031,-7.930,-0.130,0.096,-0.026,1601,0,0
2545252,-0.177,5.813,-8.085,-0.132,0.058,-0.031,1601,0,0
2545272,-0.153,5.842,-8.217,-0.085,0.079,-0.033,1601,0,0
2545292,-0.206,5.866,-8.210,-0.114,0.093,-0.043,1602,0,0
2545312,-0.314,5.789,-8.176,-0.144,0.071,-0.039,1603,0,0
2545333,-0.275,5.739,-8.171,-0.160,0.047,-0.042,1602,0,0
2545352,-0.189,5.710,-8.179,-0.166,0.036,-0.053,1602,0,0
2545372,-0.110,5.789,-8.119,-0.113,0.038,-0.050,1601,0,0
2545392,-0.134,5.899,-8.054,-0.079,0.039,-0.041,1602,0,0
2545412,-0.180,5.933,-8.109,-0.067,0.016,-0.035,1603,0,0
2545432,-0.163,5.909,-8.310,-0.094,-0.011,-0.037,1602,0,0
2545452,-0.115,5.873,-8.449,-0.102,-0.004,-0.033,1601,0,0
2545472,-0.117,5.971,-8.384,-0.060,0.041,-0.015,1601,0,0
2545492,-0.242,6.019,-8.286,-0.058,0.054,-0.013,1600,0,0
2545512,-0.263,5.964,-8.282,-0.064,0.042,0.002,1601,0,0
2545532,-0.180,5.813,-8.346,-0.072,0.030,0.014,1600,0,0
2545552,-0.132,5.751,-8.411,-0.079,0.034,-0.011,1599,0,0
2545572,-0.144,5.899,-8.389,-0.067,0.046,-0.035,1600,0,0
2545592,-0.247,5.995,-8.339,-0.079,0.057,-0.021,1600,0,0
2545612,-0.297,5.895,-8.317,-0.106,0.048,-0.002,1600,0,0
2545632,-0.294,5.863,-8.284,-0.092,0.055,-0.003,1600,0,0
2545652,-0.369,5.885,-8.248,-0.054,0.061,-0.004,1600,0,0
2545672,-0.261,5.945,-8.246,-0.054,0.059,0.009,1599,0,0
2545692,-0.268,5.825,-8.195,-0.097,0.064,0.012,1599,0,0
2545712,-0.215,5.727,-8.056,-0.082,0.062,0.013,1600,0,0
2545732,-0.160,5.698,-7.915,-0.085,0.048,0.001,1600,0,0
2545752,-0.215,5.660,-7.851,-0.064,0.023,-0.010,1600,0,0
2545772,-0.239,5.760,-7.973,-0.031,-0.005,-0.010,1599,0,0
2545792,-0.235,5.827,-8.085,-0.059,-0.006,-0.014,1600,0,0
2545812,-0.251,5.823,-8.073,-0.079,-0.003,-0.022,1600,0,0
2545832,-0.292,5.866,-8.042,-0.048,-0.013,-0.003,1600,0,0
2545852,-0.318,5.741,-8.109,-0.059,-0.032,0.003,1599,0,0
2545872,-0.213,5.751,-8.282,-0.028,-0.030,-0.013,1600,0,0
2545892,-0.251,5.866,-8.255,0.002,-0.005,-0.024,1599,0,0
2545912,-0.321,5.928,-8.224,-0.045,-0.012,-0.007,1600,0,0
2545932,-0.273,5.792,-8.277,-0.095,-0.036,-0.003,1600,0,0
2545952,-0.204,5.792,-8.339,-0.076,-0.033,-0.024,1600,0,0
2545972,-0.182,5.964,-8.356,-0.048,-0.010,-0.028,1600,0,0
2545992,-0.232,5.997,-8.315,-0.066,-0.012,-0.008,1600,0,0
2546012,-0.223,5.938,-8.337,-0.076,-0.027,0.005,1600,0,0
2546032,-0.194,5.904,-8.368,-0.100,-0.033,-0.006,1600,0,0
2546052,-0.165,5.921,-8.449,-0.103,-0.025,-0.014,1599,0,0
2546072,-0.199,5.986,-8.404,-0.098,0.005,-0.015,1600,0,0
2546092,-0.395,6.005,-8.373,-0.114,0.014,-0.007,1599,0,0
2546112,-0.316,5.916,-8.296,-0.102,-0.015,0.004,1600,0,0
2546132,-0.151,5.945,-8.315,-0.064,-0.011,0.015,1600,0,0
2546152,-0.232,5.926,-8.270,-0.094,-0.004,-0.001,1600,0,0
2546172,-0.237,5.921,-8.243,-0.124,-0.023,-0.019,1599,0,0
2546192,-0.278,5.906,-8.162,-0.127,-0.046,-0.022,1599,0,0
2546212,-0.460,5.777,-8.186,-0.125,-0.088,-0.042,1599,0,0
2546249,-0.412,5.887,-8.507,0.047,-0.078,-0.028,1594,0,0
2546264,-0.405,5.971,-8.425,0.036,-0.048,-0.014,1589,0,0
2546276,-0.460,5.906,-8.351,-0.034,-0.061,-0.022,1585,0,0
2546292,-0.503,5.715,-8.303,-0.179,-0.074,-0.057,1584,0,0
2546312,-0.455,5.459,-8.327,-0.151,-0.054,-0.066,1581,0,0
2546332,-0.354,5.777,-8.229,0.040,-0.006,-0.025,1578,0,0
2546352,-0.409,6.007,-8.152,-0.011,0.018,-0.022,1576,0,0
2546372,-0.500,5.880,-8.138,-0.122,0.001,-0.027,1574,0,0
2546392,-0.448,5.739,-8.095,-0.123,-0.022,-0.048,1573,0,0
2546412,-0.347,5.684,-8.198,-0.100,-0.010,-0.057,1572,0,0
2546432,-0.366,5.918,-8.126,-0.018,0.045,-0.023,1570,0,0
2546452,-0.575,5.976,-8.052,-0.027,0.046,-0.013,1569,0,0
2546472,-0.510,6.017,-8.066,-0.073,0.020,-0.012,1568,0,0
2546492,-0.472,5.878,-8.042,-0.138,0.003,-0.009,1569,0,0
2546512,-0.431,5.703,-7.977,-0.132,-0.015,-0.016,1568,0,0
2546532,-0.407,5.804,-8.052,-0.091,-0.021,-0.027,1568,0,0
2546552,-0.438,5.971,-8.092,-0.080,-0.018,-0.039,1567,0,0
2546572,-0.472,6.048,-8.191,-0.131,-0.019,-0.047,1567,0,0
2546592,-0.517,5.878,-8.102,-0.162,-0.028,-0.047,1566,0,0
2546612,-0.527,5.883,-8.085,-0.082,-0.038,-0.022,1565,0,0
2546632,-0.484,6.045,-8.140,-0.050,-0.035,-0.009,1565,0,0
2546652,-0.464,6.072,-8.128,-0.135,-0.036,-0.030,1564,0,0
2546673,-0.615,5.906,-8.061,-0.166,-0.035,-0.053,1561,0,0
2546692,-0.606,5.847,-8.054,-0.083,-0.049,-0.016,1562,0,0
2546712,-0.498,5.942,-8.162,-0.042,-0.052,0.000,1560,0,0
2546732,-0.496,5.918,-8.179,-0.095,-0.045,-0.042,1556,0,0
2546752,-0.608,6.048,-8.102,-0.077,-0.055,-0.068,1545,0,0
2546772,-0.733,6.038,-8.121,-0.120,-0.114,-0.091,1535,0,0
2546792,-0.565,5.823,-8.126,-0.126,-0.150,-0.072,1534,0,0
2546812,-0.534,5.976,-8.167,0.010,-0.087,-0.018,1530,0,0
2546832,-0.728,6.091,-8.133,0.012,-0.056,-0.035,1523,0,0
2546852,-0.881,6.072,-8.066,-0.122,-0.078,-0.072,1520,0,0
2546872,-0.824,5.918,-7.980,-0.155,-0.155,-0.090,1516,0,0
2546892,-0.630,5.933,-8.080,-0.106,-0.148,-0.023,1509,0,0
2546912,-0.646,6.041,-7.994,-0.026,-0.083,0.024,1507,0,0
2546932,-0.836,6.091,-8.119,-0.059,-0.061,-0.005,1508,0,0
2546952,-0.860,6.038,-8.090,-0.086,-0.083,-0.013,1509,0,0
2546972,-0.654,6.069,-8.212,-0.053,-0.067,0.023,1509,0,0
2546992,-0.668,6.148,-8.195,-0.013,-0.006,0.041,1512,0,0
2547012,-0.773,6.146,-7.999,-0.063,0.009,0.037,1519,0,0
2547032,-0.838,5.990,-8.059,-0.086,-0.019,0.037,1523,0,0
2547052,-0.752,5.969,-8.267,-0.037,-0.029,0.041,1527,0,0
2547072,-0.706,5.906,-8.296,-0.017,0.012,0.029,1529,0,0
2547092,-0.850,6.038,-8.133,-0.017,0.039,0.021,1530,0,0
2547112,-0.828,6.153,-8.176,-0.050,0.013,0.025,1533,0,0
2547132,-0.711,6.017,-8.212,-0.088,0.010,0.034,1533,0,0
2547152,-0.622,6.012,-8.169,0.004,0.034,0.043,1534,0,0
2547172,-0.749,6.045,-8.092,-0.007,0.047,0.041,1535,0,0
2547192,-0.771,5.971,-8.159,-0.066,0.041,0.040,1534,0,0
2547212,-0.752,5.873,-8.150,-0.079,0.032,0.033,1535,0,0
2547232,-0.725,5.986,-8.006,-0.050,0.038,0.035,1535,0,0
2547252,-0.675,5.957,-8.004,-0.099,0.034,0.033,1535,0,0
2547272,-0.666,5.816,-8.068,-0.079,0.051,0.021,1535,0,0
2547292,-0.718,5.746,-7.980,-0.053,0.058,-0.002,1535,0,0
2547312,-0.781,5.811,-7.980,-0.017,0.036,-0.014,1535,0,0
2547332,-0.670,5.995,-8.040,-0.017,0.015,0.004,1537,0,0
2547352,-0.589,5.914,-8.025,-0.078,0.009,0.004,1544,0,0
2547372,-0.666,5.830,-8.018,-0.074,0.013,-0.011,1546,0,0
2547392,-0.773,5.847,-8.088,-0.037,0.006,-0.023,1549,0,0
2547412,-0.795,5.911,-8.107,-0.033,-0.004,-0.011,1554,0,0
2547432,-0.670,5.940,-8.049,-0.034,-0.018,0.017,1555,0,0
2547452,-0.546,5.942,-8.059,-0.060,-0.017,0.008,1555,0,0
2547472,-0.694,5.878,-8.143,-0.055,0.002,-0.026,1554,0,0
2547492,-0.800,5.971,-8.210,-0.017,0.002,-0.014,1555,0,0
2547525,-0.608,6.009,-8.171,-0.072,0.001,0.006,1559,0,0
2547536,-0.596,5.959,-8.159,-0.080,0.008,-0.011,1559,0,0
2547552,-0.601,5.964,-8.147,-0.053,0.015,-0.033,1559,0,0
2547572,-0.721,6.053,-8.253,-0.029,0.008,-0.035,1561,0,0
2547592,-0.622,6.141,-8.262,-0.019,0.005,-0.002,1559,0,0
2547612,-0.685,6.122,-8.224,-0.066,0.028,0.011,1560,0,0
2547632,-0.759,5.978,-8.133,-0.081,0.032,0.013,1560,0,0
2547652,-0.658,5.923,-8.138,-0.081,0.014,0.006,1561,0,0
2547672,-0.670,5.777,-8.164,-0.065,0.011,-0.001,1562,0,0
2547692,-0.670,5.950,-8.186,-0.007,0.026,-0.000,1562,0,0
2547712,-0.745,5.983,-8.126,-0.081,0.020,-0.009,1562,0,0
2547732,-0.723,5.885,-8.140,-0.107,0.006,-0.006,1563,0,0
2547752,-0.730,5.861,-8.135,-0.082,0.013,-0.013,1563,0,0
2547772,-0.675,6.024,-8.112,-0.035,0.018,-0.006,1563,0,0
2547792,-0.589,6.084,-8.140,-0.048,0.029,0.011,1563,0,0
2547812,-0.644,5.971,-8.140,-0.083,0.037,0.006,1563,0,0
2547832,-0.678,5.911,-8.035,-0.086,0.032,-0.009,1562,0,0
2547852,-0.728,5.871,-8.068,-0.048,0.010,0.001,1564,0,0
2547872,-0.692,5.906,-8.193,-0.033,0.008,0.006,1563,0,0
2547893,-0.709,5.811,-8.234,-0.072,0.019,-0.006,1561,0,0
2547912,-0.678,5.801,-8.229,-0.075,0.039,-0.017,1563,0,0
2547932,-0.656,5.911,-8.169,-0.064,0.041,-0.033,1565,0,0
2547952,-0.670,6.093,-8.092,-0.026,0.032,-0.026,1566,0,0
2547972,-0.603,6.167,-8.124,-0.027,0.023,0.006,1567,0,0
2547992,-0.575,6.026,-8.140,-0.079,0.018,0.022,1567,0,0
2548012,-0.678,5.816,-8.152,-0.096,0.003,0.005,1567,0,0
2548032,-0.740,5.830,-8.248,-0.040,-0.001,-0.005,1568,0,0
2548052,-0.661,5.966,-8.258,-0.049,0.020,-0.004,1569,0,0
2548072,-0.644,5.957,-8.181,-0.084,0.046,-0.006,1567,0,0
2548092,-0.673,5.923,-8.064,-0.074,0.041,-0.013,1568,0,0
2548112,-0.644,5.940,-8.040,-0.054,0.014,-0.005,1569,0,0
2548132,-0.591,5.921,-8.143,-0.073,0.008,-0.007,1570,0,0
2548152,-0.622,5.918,-8.047,-0.081,0.010,-0.016,1570,0,0
2548172,-0.697,5.983,-8.068,-0.062,0.014,-0.013,1570,0,0
2548192,-0.651,5.983,-8.095,-0.043,0.003,0.003,1571,0,0
2548212,-0.613,5.887,-8.203,-0.078,0.008,0.010,1570,0,0
2548232,-0.606,5.801,-8.167,-0.095,0.020,-0.011,1569,0,0
2548252,-0.685,5.861,-8.059,-0.082,0.014,-0.031,1570,0,0
2548272,-0.694,5.906,-8.107,-0.043,-0.004,-0.021,1569,0,0
2548292,-0.618,6.014,-8.210,-0.038,0.003,-0.011,1571,0,0
2548312,-0.642,5.986,-8.162,-0.067,0.018,-0.008,1570,0,0
2548332,-0.769,5.895,-8.073,-0.063,0.008,-0.004,1570,0,0
2548352,-0.682,5.933,-8.169,-0.043,0.003,-0.003,1570,0,0
2548372,-0.601,5.911,-8.169,-0.085,0.005,-0.018,1569,0,0
2548392,-0.627,5.892,-8.121,-0.095,0.013,-0.027,1571,0,0
2548412,-0.735,5.966,-8.116,-0.073,0.013,-0.038,1569,0,0
2548432,-0.690,6.041,-8.128,-0.024,0.011,-0.019,1568,0,0
2548452,-0.690,6.076,-8.176,-0.030,0.022,0.006,1568,0,0
2548472,-0.702,5.947,-8.090,-0.099,0.001,-0.006,1568,0,0
2548492,-0.613,5.892,-8.179,-0.101,-0.005,-0.018,1568,0,0
2548512,-0.630,5.981,-8.150,-0.058,0.018,-0.011,1566,0,0
2548532,-0.675,6.000,-8.078,-0.051,0.025,-0.005,1567,0,0
2548552,-0.783,5.959,-8.076,-0.050,0.014,-0.005,1568,0,0
2548572,-0.618,5.986,-8.095,-0.056,-0.011,-0.008,1568,0,0
2548592,-0.572,5.976,-8.217,-0.106,-0.003,-0.026,1567,0,0
2548612,-0.685,5.983,-8.198,-0.080,0.017,-0.028,1569,0,0
2548632,-0.749,6.041,-8.195,-0.025,0.018,0.003,1567,0,0
2548652,-0.702,6.041,-8.200,-0.035,0.022,0.031,1568,0,0
2548672,-0.656,5.887,-8.174,-0.092,0.022,0.012,1567,0,0
2548692,-0.639,5.847,-8.102,-0.108,0.025,-0.021,1568,0,0
2548712,-0.725,5.861,-8.068,-0.074,0.022,-0.033,1567,0,0
2548732,-0.649,6.033,-8.128,-0.010,0.022,-0.002,1566,0,0
2548752,-0.639,6.065,-8.092,-0.038,0.027,0.014,1567,0,0
2548772,-0.620,5.954,-8.009,-0.094,0.016,-0.003,1567,0,0
2548792,-0.630,5.911,-8.054,-0.078,0.002,-0.015,1568,0,0
2548812,-0.642,6.045,-8.140,-0.031,0.007,0.001,1568,0,0
2548832,-0.646,6.031,-8.114,-0.045,0.008,0.016,1567,0,0
2548852,-0.637,5.945,-8.126,-0.053,0.014,0.012,1568,0,0
2548872,-0.606,5.880,-8.131,-0.069,0.010,0.001,1568,0,0
2548892,-0.618,5.796,-8.121,-0.065,0.006,-0.004,1566,0,0
2548912,-0.682,5.808,-8.138,-0.015,0.005,-0.005,1566,0,0
2548932,-0.666,5.904,-8.138,-0.005,0.002,-0.011,1563,0,0
2548952,-0.620,5.935,-8.126,-0.054,0.006,-0.019,1559,0,0
2548972,-0.745,5.887,-7.975,-0.046,-0.038,-0.019,1555,0,0
2548992,-0.704,5.995,-8.004,0.032,-0.094,0.008,1535,0,0
2549012,-0.611,6.026,-8.135,0.072,-0.145,0.038,1524,0,0
2549032,-0.517,5.974,-8.157,0.079,-0.155,0.055,1499,0,0
2549052,-0.692,5.839,-7.563,0.202,-0.324,0.076,1462,0,0
2549072,-0.735,5.962,-7.867,0.350,-0.484,0.144,1418,0,0
2549092,-0.524,6.325,-7.992,0.316,-0.581,0.138,1376,0,0
2549112,-0.445,6.189,-7.247,0.190,-0.888,0.109,1315,0,0
2549133,-1.243,5.600,-9.110,-0.036,-0.802,0.223,1268,0,0
2549152,-1.484,6.132,-8.703,0.087,-0.751,0.396,1211,0,0
2549172,-1.896,6.098,-8.353,0.031,-0.759,0.463,1144,0,0
2549192,-1.757,6.031,-8.212,-0.355,-0.779,0.447,1090,0,0
2549212,-1.480,6.302,-7.384,-0.621,-0.973,0.338,1031,0,0
2549232,-1.705,5.054,-7.453,-0.924,-1.030,0.309,974,0,0
2549252,-1.975,5.203,-8.717,-0.641,-0.908,0.233,938,0,0
2549272,-1.846,6.251,-8.413,-0.035,-0.614,0.190,912,2336,200
2549292,-1.489,6.692,-7.623,-0.527,-0.498,0.155,884,3151,200
2549312,-2.358,5.703,-7.465,-0.910,-0.602,0.174,855,4095,200
2549332,-2.052,4.717,-7.896,-0.513,-0.618,0.073,841,4095,200
2549352,-1.300,5.940,-8.009,-0.055,-0.342,-0.104,841,4095,200
2549372,-1.642,7.010,-7.506,-0.123,-0.176,-0.120,843,4095,200
2549392,-2.198,6.730,-7.381,-0.316,-0.178,-0.136,843,4095,200
2549412,-2.691,5.681,-7.389,-0.325,-0.279,-0.055,845,4095,200
2549432,-1.824,6.175,-7.963,-0.207,-0.216,0.016,847,4095,200
2549452,-1.358,6.744,-7.851,-0.101,0.002,-0.008,848,4095,200
2549472,-2.193,6.175,-7.527,-0.041,0.114,-0.091,854,4095,200
2549492,-2.811,6.256,-7.389,-0.031,0.022,-0.058,858,4095,200
2549512,-1.769,6.886,-7.652,-0.169,0.008,0.021,859,4095,200
2549532,-1.721,6.371,-7.824,-0.174,0.102,-0.041,864,4095,200
2549552,-2.160,5.760,-7.968,-0.205,0.221,-0.126,866,4095,200
2549572,-2.545,6.141,-7.405,-0.158,0.204,-0.136,869,4095,200
2549592,-1.614,7.508,-7.604,-0.193,0.171,-0.105,873,4095,200
2549612,-1.939,6.905,-7.901,-0.419,0.233,-0.146,876,4095,200
2549632,-2.172,6.960,-8.155,-0.690,0.291,-0.128,877,4095,200
2549652,-1.372,7.733,-8.179,-1.113,0.437,-0.110,879,4095,200
2549672,-1.183,8.655,-8.243,-1.595,0.642,-0.142,880,4095,200
2549754,-2.066,9.057,-6.519,-3.633,1.500,-0.032,886,4095,200
2549766,-3.357,10.211,-4.571,-3.950,1.214,0.239,888,4095,200
2549778,-2.933,10.714,-3.836,-4.163,0.825,0.572,890,4095,200
2549789,-2.816,10.738,-4.085,-4.345,0.490,0.894,892,4095,200
2549800,-2.449,11.109,-4.508,-4.618,0.306,1.177,892,4095,200
2549811,-1.611,12.246,-4.606,-5.063,0.254,1.451,892,4095,200
2549821,-0.558,12.627,-4.563,-5.662,0.300,1.662,894,4095,200
2549832,-0.227,11.873,-4.475,-6.230,0.408,1.798,895,4095,200
2549852,-1.120,9.799,-3.309,-7.111,0.557,1.873,897,4095,200
2549872,-2.818,9.864,-1.257,-7.800,0.171,2.082,899,4095,200
2549892,-2.145,10.475,-0.218,-8.683,-0.785,2.545,901,4095,200
2549912,0.227,8.554,-0.850,-8.731,-1.155,2.826,902,4095,200
2549932,1.791,3.910,-0.855,-8.731,-0.804,2.793,903,4095,200
2549952,1.262,0.448,1.652,-8.731,-0.180,2.319,903,4095,200
2549972,1.384,-0.520,5.557,-7.050,-0.042,1.918,902,4095,200
2549992,2.710,-1.245,7.429,-5.197,-0.011,1.512,904,4095,200
2550012,3.050,-2.459,7.855,-3.441,0.357,0.955,903,4095,200
2550032,1.872,-0.517,8.969,-2.066,0.600,0.537,903,4095,200
2550052,1.827,1.762,9.893,-1.723,0.343,0.407,906,4095,200
2550072,1.729,1.460,9.701,-1.799,-0.005,0.397,906,4095,200
2550092,2.088,-0.524,9.029,-1.632,-0.112,0.304,908,4095,200
2550112,2.823,0.124,8.844,-0.925,0.087,0.222,906,4095,200
2550132,2.679,0.886,9.242,-0.687,0.202,0.148,907,4095,200
2550182,2.880,0.177,9.610,-0.863,-0.203,0.134,908,4095,200
2550193,3.105,0.048,9.347,-0.699,-0.150,0.077,911,4095,200
2550204,2.502,0.014,9.072,-0.574,-0.092,0.068,911,4095,200
2550215,2.459,0.395,9.167,-0.584,-0.071,0.116,912,4095,200
2550232,2.155,0.271,9.515,-0.674,-0.122,0.142,912,4095,200
2550252,2.696,0.426,9.823,-0.768,-0.262,0.170,913,4095,200
2550272,3.115,-0.115,9.524,-0.760,-0.324,0.163,914,4095,200
2550292,2.581,-0.840,9.294,-0.733,-0.254,0.132,916,4095,200
2550312,2.801,-0.534,9.232,-0.766,-0.270,0.149,918,4095,200
2550332,3.177,-0.299,9.215,-0.739,-0.277,0.176,920,4095,200
2550352,2.739,-0.625,9.500,-0.646,-0.386,0.187,925,4095,200
2550372,2.550,-1.319,9.239,-0.619,-0.480,0.186,937,3993,200
2550392,2.772,-1.094,8.911,-0.636,-0.442,0.208,953,3782,200
2550412,3.256,-0.860,8.940,-0.626,-0.363,0.209,977,3154,200
2550432,3.369,-1.190,8.732,-0.583,-0.311,0.161,1020,1360,200
2550452,3.290,-2.229,8.174,-0.501,-0.147,0.140,1076,0,0
2550472,3.625,-2.562,8.109,-0.249,0.185,0.073,1130,0,0
2550492,2.983,-1.927,8.308,-0.070,0.499,-0.082,1185,0,0
2550512,2.617,-1.815,7.901,-0.126,0.597,-0.220,1247,0,0
2550532,2.629,-1.391,7.305,-0.036,0.855,-0.289,1334,0,0
2550552,2.957,-1.453,6.522,0.054,1.455,-0.233,1449,0,0
2550572,3.021,-2.152,5.818,0.029,2.484,-0.130,1589,0,0
2550592,2.334,-0.608,8.696,-0.012,3.053,-0.109,1702,0,0
2550612,1.343,-2.416,10.204,-0.726,2.770,-0.327,1774,0,0
2550632,0.599,-2.550,10.185,-0.960,2.239,-0.429,1830,0,0
2550652,0.283,-1.982,10.154,-0.143,1.841,-0.290,1871,0,0
2550672,-0.072,-1.705,10.491,0.346,1.387,-0.172,1898,0,0
2550692,-0.342,-1.341,9.998,0.066,1.005,-0.128,1909,0,0
2550712,-0.644,-1.568,9.481,-0.126,0.915,-0.107,1914,0,0
2550732,-0.998,-1.575,9.694,0.131,0.905,-0.083,1918,0,0
2550752,-1.075,-1.341,10.202,0.134,0.654,-0.071,1919,0,0
2550772,-1.065,-1.348,10.477,-0.054,0.262,-0.044,1924,0,0
2550792,-0.979,-1.587,10.221,-0.102,-0.006,-0.021,1924,0,0
2550812,-0.917,-1.669,9.938,0.026,-0.052,-0.017,1922,0,0
2550832,-0.781,-1.484,9.651,0.111,-0.036,-0.035,1923,0,0
2550852,-0.687,-1.350,9.752,0.029,-0.053,-0.021,1923,0,0
2550872,-0.546,-1.513,9.582,-0.059,-0.051,-0.015,1921,0,0
2550892,-0.594,-1.559,9.689,0.000,-0.021,-0.018,1919,0,0
2550912,-0.639,-1.331,9.491,0.068,-0.008,-0.021,1918,0,0
2550932,-0.656,-1.092,9.517,0.052,-0.058,-0.008,1916,0,0
2550952,-0.649,-1.123,9.397,-0.020,-0.094,0.000,1913,0,0
2550973,-0.603,-1.331,9.524,-0.075,-0.106,-0.031,1913,0,0
2550992,-0.500,-1.405,9.459,-0.104,-0.130,-0.037,1910,0,0
2551012,-0.436,-1.372,9.366,-0.022,-0.087,-0.017,1909,0,0
2551032,-0.445,-1.322,9.175,0.076,-0.009,0.011,1907,0,0
2551052,-0.520,-1.202,9.292,0.115,0.049,0.029,1907,0,0
2551072,-0.575,-1.070,9.261,0.096,0.047,0.026,1906,0,0
2551092,-0.656,-1.010,9.321,-0.038,0.004,0.014,1904,0,0
2551112,-0.618,-1.314,9.440,-0.189,-0.043,0.030,1904,0,0
2551132,-0.539,-1.528,9.376,-0.017,-0.035,0.051,1904,0,0
2551152,-0.496,-1.312,9.187,0.157,-0.001,0.052,1903,0,0
2551172,-0.448,-1.135,9.290,0.066,0.010,0.050,1902,0,0
2551192,-0.503,-1.240,9.301,-0.072,0.014,0.044,1902,0,0
2551212,-0.532,-1.422,9.507,-0.068,0.024,0.044,1902,0,0
2551232,-0.457,-1.384,9.412,0.030,0.031,0.031,1899,0,0
2551252,-0.508,-1.348,9.515,0.038,0.052,0.011,1899,0,0
2551272,-0.522,-1.326,9.637,-0.019,0.016,-0.003,1899,0,0
2551292,-0.532,-1.336,9.572,-0.038,-0.011,-0.016,1898,0,0
2551312,-0.505,-1.228,9.608,-0.029,0.006,-0.008,1895,0,0
2551332,-0.510,-1.188,9.574,-0.017,0.006,0.019,1896,0,0
2551352,-0.560,-1.156,9.598,0.020,0.008,0.024,1895,0,0
2551372,-0.570,-1.154,9.596,0.006,-0.006,0.011,1895,0,0
2551392,-0.522,-1.149,9.603,-0.006,-0.028,-0.009,1893,0,0
2551412,-0.555,-1.130,9.572,-0.021,-0.043,-0.009,1892,0,0
2551432,-0.563,-1.106,9.536,-0.043,-0.062,0.014,1890,0,0
2551452,-0.558,-1.006,9.342,-0.023,-0.083,0.014,1890,0,0
2551472,-0.486,-0.970,9.208,-0.055,-0.082,0.008,1890,0,0
2551492,-0.421,-1.085,9.249,-0.077,-0.035,0.014,1888,0,0
2551512,-0.431,-1.245,9.371,0.003,0.014,0.019,1889,0,0
2551532,-0.395,-1.264,9.380,0.054,0.011,0.017,1889,0,0
2551552,-0.431,-1.097,9.273,0.072,0.002,0.001,1888,0,0
2551572,-0.491,-0.898,9.239,-0.026,-0.022,-0.029,1888,0,0
2551592,-0.496,-1.044,9.376,-0.160,-0.073,-0.037,1888,0,0
2551612,-0.407,-1.228,9.421,-0.068,-0.059,-0.013,1887,0,0
2551632,-0.381,-1.075,9.316,0.102,0.004,0.006,1886,0,0
2551652,-0.393,-0.883,9.325,0.061,0.041,0.023,1885,0,0
2551672,-0.419,-0.946,9.380,-0.001,0.055,0.017,1885,0,0
2551692,-0.402,-1.075,9.510,-0.023,0.042,-0.006,1883,0,0
2551712,-0.385,-1.073,9.536,-0.003,0.018,-0.026,1884,0,0
2551732,-0.390,-0.989,9.560,0.002,0.011,-0.034,1884,0,0
2551752,-0.462,-0.965,9.594,-0.037,0.023,-0.010,1884,0,0
2551772,-0.508,-0.950,9.601,-0.015,0.030,0.005,1885,0,0
2551792,-0.455,-0.893,9.574,-0.004,0.006,-0.006,1885,0,0
2551812,-0.383,-0.807,9.438,-0.026,-0.013,-0.011,1884,0,0
2551832,-0.443,-0.850,9.431,-0.056,0.001,-0.004,1884,0,0
2551852,-0.464,-0.967,9.548,-0.062,0.023,0.007,1883,0,0
2551872,-0.472,-0.953,9.452,-0.002,0.006,-0.001,1885,0,0
2551892,-0.426,-0.778,9.335,0.001,-0.018,-0.017,1885,0,0
2551912,-0.419,-0.792,9.292,-0.074,-0.006,-0.013,1885,0,0
2551932,-0.426,-0.867,9.400,-0.053,0.023,-0.004,1884,0,0
2551952,-0.429,-0.927,9.445,-0.020,0.029,0.011,1883,0,0
2551972,-0.376,-0.958,9.419,-0.001,0.027,0.022,1883,0,0
2551992,-0.359,-0.936,9.380,0.037,0.033,0.010,1884,0,0
2552012,-0.438,-0.852,9.416,-0.000,0.043,-0.001,1883,0,0
2552032,-0.476,-0.819,9.448,-0.046,0.034,-0.012,1882,0,0
2552052,-0.496,-0.733,9.438,-0.048,0.044,0.000,1880,0,0
2552072,-0.455,-0.742,9.440,-0.017,0.053,0.026,1883,0,0
2552092,-0.481,-0.778,9.524,-0.000,0.044,0.033,1882,0,0
2552112,-0.484,-0.790,9.536,-0.027,0.022,0.008,1883,0,0
2552132,-0.479,-0.773,9.553,-0.115,0.002,-0.006,1882,0,0
2552152,-0.443,-0.862,9.548,-0.139,0.004,-0.002,1881,0,0
2552172,-0.402,-0.958,9.629,-0.085,0.011,0.006,1882,0,0
2552192,-0.457,-1.018,9.596,-0.012,0.015,0.008,1882,0,0
2552212,-0.508,-0.850,9.550,0.038,-0.006,-0.004,1883,0,0
2552232,-0.536,-0.666,9.378,-0.025,-0.011,-0.010,1883,0,0
2552252,-0.486,-0.749,9.448,-0.097,-0.014,-0.004,1882,0,0
2552272,-0.441,-0.795,9.409,-0.042,-0.007,0.010,1882,0,0
2552292,-0.476,-0.752,9.409,-0.036,0.017,0.020,1881,0,0
2552312,-0.481,-0.826,9.431,-0.090,0.013,0.017,1881,0,0
2552332,-0.472,-0.876,9.433,-0.040,-0.002,0.011,1881,0,0
2552352,-0.421,-0.682,9.424,-0.024,0.008,-0.002,1882,0,0
2552372,-0.441,-0.668,9.445,-0.136,0.004,-0.007,1880,0,0
2552392,-0.453,-0.831,9.517,-0.165,-0.003,0.017,1880,0,0
2552412,-0.484,-0.821,9.527,-0.029,0.023,0.036,1880,0,0
2552432,-0.472,-0.749,9.546,-0.008,0.030,0.032,1880,0,0
2552452,-0.481,-0.644,9.481,-0.020,0.004,0.009,1880,0,0
2552472,-0.445,-0.704,9.483,-0.127,-0.039,0.002,1880,0,0
2552492,-0.424,-0.929,9.476,-0.119,-0.027,0.009,1879,0,0
2552512,-0.445,-0.905,9.450,0.010,0.026,0.027,1879,0,0
2552532,-0.484,-0.673,9.412,0.140,0.047,0.042,1878,0,0
2552552,-0.524,-0.419,9.378,0.085,0.032,0.036,1879,0,0
2552572,-0.505,-0.555,9.524,-0.172,0.007,0.016,1879,0,0
2552592,-0.443,-1.039,9.622,-0.296,-0.023,0.005,1879,0,0
2552612,-0.402,-1.135,9.627,-0.059,-0.019,0.016,1878,0,0
2552632,-0.479,-0.883,9.500,0.128,0.003,0.034,1879,0,0
2552652,-0.520,-0.642,9.450,0.104,0.011,0.039,1878,0,0
2552672,-0.474,-0.654,9.445,-0.014,0.004,0.028,1878,0,0
