2119586,1.942,-2.392,9.201,-0.070,0.007,-0.023,1679,0,0
2119606,1.978,-2.265,9.122,-0.029,-0.009,-0.030,1678,0,0
2119625,1.987,-2.167,9.060,-0.075,-0.015,-0.031,1679,0,0
2119646,2.073,-2.193,9.033,-0.126,-0.011,-0.031,1678,0,0
2119666,2.136,-2.322,9.057,-0.081,0.007,-0.029,1678,0,0
2119686,2.078,-2.272,9.103,-0.014,0.025,-0.041,1676,0,0
2119706,2.011,-2.078,9.117,-0.012,0.024,-0.046,1678,0,0
2119725,2.061,-2.016,9.151,-0.074,0.004,-0.041,1678,0,0
2119746,2.097,-2.028,9.134,-0.094,-0.001,-0.029,1678,0,0
2119766,2.088,-2.131,9.153,-0.051,0.027,-0.018,1678,0,0
2119786,2.030,-2.152,9.230,-0.005,0.045,-0.013,1677,0,0
2119805,1.987,-2.095,9.222,0.004,0.024,-0.020,1678,0,0
2119826,2.049,-2.009,9.160,-0.033,-0.009,-0.018,1679,0,0
2119846,2.126,-2.107,9.072,-0.107,-0.004,-0.010,1678,0,0
2119866,2.126,-2.164,9.081,-0.060,0.020,0.001,1677,0,0
2119886,2.152,-2.176,9.120,-0.028,0.041,0.021,1677,0,0
2119906,2.095,-2.315,9.258,-0.050,0.053,0.017,1678,0,0
2119926,2.011,-2.286,9.321,-0.041,0.029,-0.003,1679,0,0
2119945,1.973,-2.184,9.242,-0.054,0.000,-0.003,1678,0,0
2119966,1.992,-2.152,9.153,-0.087,-0.010,0.005,1678,0,0
2119986,2.006,-2.219,9.129,-0.084,-0.000,0.011,1677,0,0
2120005,2.035,-2.342,9.141,-0.060,0.019,0.013,1678,0,0
2120026,2.042,-2.327,9.170,-0.033,0.023,-0.003,1677,0,0
2120045,1.987,-2.236,9.153,-0.055,0.003,-0.011,1678,0,0
2120066,2.037,-2.229,9.048,-0.083,-0.014,-0.017,1677,0,0
2120085,2.121,-2.243,9.072,-0.076,0.004,-0.020,1678,0,0
2120106,2.076,-2.234,9.122,-0.056,0.034,-0.022,1677,0,0
2120125,2.023,-2.124,9.170,-0.039,0.024,-0.027,1677,0,0
2120146,2.047,-2.100,9.141,-0.048,-0.001,-0.031,1678,0,0
2120166,2.102,-2.107,9.093,-0.066,-0.009,-0.038,1678,0,0
2120186,2.052,-1.982,9.031,-0.021,0.022,-0.034,1678,0,0
2120206,2.002,-1.858,9.029,-0.006,0.034,-0.017,1677,0,0
2120226,1.973,-1.906,9.093,-0.037,0.028,-0.003,1678,0,0
2120246,2.042,-2.030,9.141,-0.054,0.028,-0.001,1677,0,0
2120266,2.057,-2.037,9.117,-0.023,0.047,0.008,1678,0,0
2120286,2.037,-2.045,9.175,-0.031,0.046,0.022,1675,0,0
2120306,2.078,-2.162,9.244,-0.086,0.039,0.027,1676,0,0
2120326,2.095,-2.342,9.268,-0.102,0.037,0.025,1677,0,0
2120346,2.064,-2.370,9.323,-0.078,0.038,0.018,1677,0,0
2120366,2.049,-2.365,9.357,-0.078,0.034,0.013,1677,0,0
2120386,2.049,-2.389,9.340,-0.054,0.027,0.010,1678,0,0
2120405,2.033,-2.303,9.318,-0.029,0.022,0.003,1677,0,0
2120426,2.035,-2.279,9.352,-0.103,0.010,-0.004,1678,0,0
2120445,2.004,-2.418,9.421,-0.139,0.005,-0.010,1678,0,0
2120466,1.990,-2.375,9.359,-0.051,-0.003,-0.018,1678,0,0
2120486,1.990,-2.188,9.208,-0.002,-0.021,-0.028,1678,0,0
2120506,2.042,-2.069,9.127,-0.059,-0.020,-0.034,1679,0,0
2120525,2.042,-2.078,9.163,-0.131,-0.008,-0.031,1678,0,0
2120546,2.028,-2.162,9.261,-0.138,-0.016,-0.025,1678,0,0
2120566,2.047,-2.236,9.208,-0.077,-0.023,-0.024,1678,0,0
2120586,2.076,-2.174,9.124,-0.010,-0.013,-0.033,1678,0,0
2120606,2.035,-1.942,9.088,-0.003,-0.004,-0.037,1678,0,0
2120626,1.946,-1.853,9.084,-0.075,-0.018,-0.029,1677,0,0
2120646,1.939,-1.982,9.084,-0.114,-0.028,-0.017,1678,0,0
2120666,1.932,-2.066,9.048,-0.033,-0.006,-0.012,1677,0,0
2120685,1.930,-1.997,8.964,0.044,-0.002,-0.007,1676,0,0
2120706,1.963,-1.865,8.832,0.011,0.002,0.005,1676,0,0
2120726,2.014,-1.975,8.839,-0.088,0.014,0.017,1677,0,0
2120746,2.064,-2.169,8.935,-0.084,0.041,0.018,1677,0,0
2120765,2.066,-2.270,9.055,-0.028,0.057,0.027,1677,0,0
2120786,2.023,-2.358,9.086,0.001,0.066,0.024,1677,0,0
2120806,2.030,-2.284,9.127,-0.024,0.061,0.015,1676,0,0
2120826,2.064,-2.318,9.175,-0.086,0.055,0.008,1676,0,0
2120846,2.054,-2.354,9.242,-0.100,0.056,0.003,1677,0,0
2120866,2.040,-2.459,9.359,-0.096,0.051,-0.011,1677,0,0
2120885,2.078,-2.440,9.304,-0.044,0.045,-0.026,1676,0,0
2120906,2.069,-2.320,9.366,-0.002,0.051,-0.039,1676,0,0
2120925,2.011,-2.145,9.321,-0.041,0.029,-0.048,1677,0,0
2120946,2.049,-2.093,9.323,-0.095,0.007,-0.044,1676,0,0
2120965,2.057,-2.191,9.311,-0.102,0.002,-0.048,1677,0,0
2120986,2.037,-2.152,9.210,-0.032,0.006,-0.056,1676,0,0
2121006,2.023,-1.906,9.122,0.022,0.011,-0.062,1678,0,0
2121026,1.997,-1.815,9.191,-0.043,0.005,-0.062,1676,0,0
2121045,2.023,-1.901,9.194,-0.128,-0.012,-0.056,1676,0,0
2121066,2.064,-2.119,9.146,-0.091,-0.021,-0.047,1677,0,0
2121085,2.047,-1.987,9.067,0.068,0.007,-0.048,1676,0,0
2121106,1.963,-1.757,9.024,0.084,0.035,-0.041,1677,0,0
2121125,1.923,-1.724,9.072,-0.045,0.012,-0.037,1678,0,0
2121146,1.987,-2.014,9.112,-0.084,-0.001,-0.029,1677,0,0
2121166,1.973,-2.157,9.148,0.076,0.020,-0.032,1677,0,0
2121186,2.014,-2.112,9.129,0.231,0.052,-0.031,1677,0,0
2121205,2.054,-2.195,9.230,0.386,0.098,-0.036,1677,0,0
2121226,2.016,-2.205,9.330,0.651,0.137,-0.041,1677,0,0
2121246,1.913,-2.045,9.574,0.931,0.149,-0.047,1679,0,0
2121266,1.846,-2.200,9.785,1.266,0.127,-0.086,1678,0,0
2121286,1.879,-1.963,9.641,1.649,0.126,-0.153,1677,0,0
2121306,2.018,-1.269,9.462,2.190,0.173,-0.202,1678,0,0
2121325,1.949,-1.097,9.692,2.444,0.269,-0.233,1679,0,0
2121346,1.781,-1.125,9.917,2.917,0.367,-0.325,1679,0,0
2121366,1.700,-0.053,9.431,3.796,0.338,-0.426,1678,0,0
2121386,1.738,0.912,9.069,4.379,0.361,-0.520,1676,0,0
2121405,1.607,1.633,8.648,4.887,0.466,-0.568,1671,0,0
2121425,1.453,2.686,8.097,5.162,0.550,-0.618,1665,0,0
2121445,1.444,3.601,7.259,5.558,0.582,-0.590,1647,0,0
2121466,1.211,4.484,6.074,6.184,0.751,-0.570,1627,0,0
2121486,0.883,5.978,5.124,6.695,0.815,-0.610,1614,0,0
2121506,0.625,7.266,4.096,6.704,0.785,-0.609,1601,0,0
2121526,0.338,8.241,3.072,6.364,0.770,-0.563,1594,0,0
2121546,0.136,8.370,1.999,6.282,0.689,-0.517,1588,0,0
2121566,-0.005,8.878,1.346,6.151,0.603,-0.512,1587,0,0
2121586,-0.213,9.249,0.196,5.967,0.432,-0.500,1584,0,0
2121605,-0.089,9.191,-0.934,5.834,0.250,-0.466,1579,0,0
2121626,-0.204,9.306,-2.466,5.684,0.125,-0.402,1574,0,0
2121646,-0.359,9.768,-3.136,5.235,-0.054,-0.420,1572,0,0
2121666,-0.323,9.395,-4.192,4.271,-0.103,-0.430,1571,0,0
2121686,-0.548,9.294,-5.212,3.727,-0.145,-0.359,1568,0,0
2121706,-0.699,9.732,-5.545,3.193,-0.432,-0.248,1565,0,0
2121726,-0.759,9.996,-5.986,2.078,-0.395,-0.042,1559,0,0
2121746,-0.685,9.469,-6.256,1.183,-0.404,0.077,1537,0,0
2121765,-0.352,8.380,-6.122,0.549,-0.351,0.095,1535,0,0
2121786,-0.378,7.365,-5.897,0.415,-0.232,0.056,1535,0,0
2121805,-0.445,7.321,-6.045,0.716,-0.199,-0.007,1535,0,0
2121826,-0.314,7.949,-6.227,0.776,-0.168,-0.084,1535,0,0
2121846,-0.419,8.023,-6.203,0.459,-0.095,-0.127,1535,0,0
2121866,-0.680,7.803,-6.122,0.292,-0.068,-0.123,1535,0,0
2121885,-0.728,7.822,-6.242,0.206,-0.089,-0.094,1535,0,0
2121906,-0.661,8.049,-6.318,0.083,-0.132,-0.050,1535,0,0
2121925,-0.718,7.781,-6.359,-0.167,-0.149,-0.042,1535,0,0
2121946,-0.620,7.384,-6.330,-0.145,-0.131,-0.060,1535,0,0
2121966,-0.733,7.293,-6.354,0.031,-0.093,-0.060,1535,0,0
2121986,-0.869,7.331,-6.460,0.125,-0.105,-0.033,1534,0,0
2122006,-0.888,7.642,-6.608,0.104,-0.136,-0.020,1531,0,0
2122026,-0.824,7.700,-6.682,-0.123,-0.131,-0.021,1528,0,0
2122045,-0.754,7.360,-6.493,-0.259,-0.090,-0.034,1527,0,0
2122066,-0.809,7.111,-6.483,-0.109,-0.041,-0.035,1527,0,0
2122085,-0.800,7.307,-6.376,0.133,-0.017,-0.015,1526,0,0
2122106,-0.778,7.582,-6.416,0.145,-0.013,-0.044,1525,0,0
2122126,-0.871,7.841,-6.445,0.010,-0.023,-0.093,1526,0,0
2122145,-1.006,7.867,-6.436,-0.158,-0.055,-0.082,1525,0,0
2122166,-0.962,7.793,-6.464,-0.253,-0.076,-0.030,1525,0,0
2122186,-0.869,7.609,-6.462,-0.308,-0.065,-0.013,1525,0,0
2122206,-0.828,7.338,-6.323,-0.261,-0.026,-0.050,1525,0,0
2122226,-0.907,7.415,-6.302,-0.050,0.004,-0.086,1524,0,0
2122246,-1.032,7.843,-6.366,0.054,0.004,-0.060,1524,0,0
2122266,-1.053,7.932,-6.431,-0.089,-0.024,-0.009,1524,0,0
2122285,-1.013,7.798,-6.419,-0.217,-0.030,0.023,1522,0,0
2122306,-0.936,7.582,-6.383,-0.244,-0.018,0.024,1523,0,0
2122326,-0.922,7.638,-6.345,-0.175,0.003,0.023,1524,0,0
2122346,-0.852,7.606,-6.285,-0.128,0.017,0.018,1524,0,0
2122366,-0.828,7.671,-6.165,-0.091,0.030,0.008,1522,0,0
2122386,-0.941,7.707,-6.079,-0.129,0.013,0.005,1523,0,0
2122405,-0.991,7.661,-6.098,-0.130,-0.012,0.015,1522,0,0
2122426,-0.927,7.757,-6.201,-0.092,-0.028,0.022,1523,0,0
2122445,-0.939,7.865,-6.148,-0.145,-0.021,0.027,1522,0,0
2122466,-1.041,7.736,-6.041,-0.202,-0.019,0.047,1523,0,0
2122485,-1.061,7.532,-6.048,-0.152,-0.017,0.051,1523,0,0
2122506,-0.950,7.590,-6.081,-0.062,-0.019,0.036,1523,0,0
2122526,-0.898,7.769,-6.081,-0.102,-0.018,0.022,1523,0,0
2122546,-1.061,7.920,-6.009,-0.177,-0.017,0.018,1525,0,0
2122565,-1.053,7.815,-5.930,-0.224,-0.027,0.016,1524,0,0
2122586,-0.967,7.788,-5.921,-0.149,-0.022,0.015,1523,0,0
2122606,-0.960,7.870,-5.933,-0.113,-0.009,0.010,1524,0,0
2122626,-1.037,7.800,-5.844,-0.088,-0.001,0.011,1522,0,0
2122646,-1.022,7.879,-5.883,-0.024,-0.010,0.022,1523,0,0
2122666,-1.015,7.944,-5.938,-0.079,-0.024,0.036,1523,0,0
2122686,-0.986,7.772,-6.000,-0.163,-0.028,0.042,1523,0,0
2122706,-0.917,7.621,-6.038,-0.127,-0.015,0.034,1522,0,0
2122726,-0.857,7.614,-5.942,-0.066,-0.002,0.028,1522,0,0
2122746,-0.855,7.738,-5.947,-0.035,-0.005,0.023,1522,0,0
2122765,-0.874,7.800,-5.990,-0.052,-0.025,0.022,1522,0,0
2122786,-0.862,7.748,-6.053,-0.080,-0.040,0.031,1522,0,0
2122805,-0.778,7.661,-6.093,-0.072,-0.043,0.044,1522,0,0
2122826,-0.792,7.606,-6.074,-0.053,-0.026,0.049,1521,0,0
2122846,-0.871,7.568,-6.146,-0.006,-0.021,0.030,1522,0,0
2122866,-0.838,7.657,-6.244,0.008,-0.027,0.014,1522,0,0
2122885,-0.802,7.726,-6.266,-0.055,-0.011,0.010,1522,0,0
2122906,-0.857,7.609,-6.148,-0.110,-0.007,0.008,1522,0,0
2122926,-0.881,7.511,-6.165,-0.073,-0.010,-0.009,1522,0,0
2122946,-0.867,7.638,-6.235,-0.013,-0.005,-0.025,1521,0,0
2122966,-0.826,7.786,-6.196,-0.038,0.008,-0.037,1521,0,0
2122986,-0.869,7.839,-6.105,-0.081,0.029,-0.045,1521,0,0
2123005,-0.998,7.922,-6.045,-0.086,0.028,-0.048,1521,0,0
2123026,-0.991,7.889,-5.988,-0.101,0.023,-0.034,1522,0,0
2123046,-0.946,7.865,-5.969,-0.068,0.034,-0.016,1522,0,0
2123066,-0.950,7.858,-5.930,-0.059,0.039,-0.016,1522,0,0
2123085,-1.037,7.889,-5.847,-0.094,0.031,-0.024,1522,0,0
2123106,-1.027,7.867,-5.871,-0.096,0.022,-0.013,1523,0,0
2123126,-0.905,7.817,-5.890,-0.079,0.022,-0.001,1523,0,0
2123146,-0.843,7.805,-5.868,-0.076,0.023,-0.002,1522,0,0
2123165,-0.850,7.805,-5.847,-0.082,0.018,-0.002,1522,0,0
2123186,-0.903,7.740,-5.827,-0.083,-0.002,0.002,1523,0,0
2123206,-0.867,7.702,-5.964,-0.050,-0.026,0.006,1522,0,0
2123226,-0.833,7.745,-6.053,-0.035,-0.023,0.003,1522,0,0
2123246,-0.838,7.728,-6.057,-0.054,-0.018,0.002,1522,0,0
2123266,-0.955,7.695,-6.041,-0.059,-0.023,0.002,1522,0,0
2123286,-0.946,7.685,-6.175,-0.061,-0.028,0.003,1521,0,0
2123306,-0.950,7.649,-6.237,-0.045,-0.013,-0.005,1522,0,0
2123325,-0.974,7.649,-6.189,-0.043,0.011,-0.018,1521,0,0
2123346,-0.936,7.695,-6.060,-0.049,0.017,-0.030,1523,0,0
2123366,-0.939,7.719,-5.959,-0.061,0.009,-0.031,1523,0,0
2123385,-0.924,7.812,-5.978,-0.062,-0.004,-0.031,1522,0,0
2123405,-0.939,7.846,-5.957,-0.072,-0.003,-0.041,1522,0,0
2123426,-0.950,7.922,-5.995,-0.046,0.008,-0.043,1522,0,0
2123446,-0.972,8.001,-5.942,-0.053,0.020,-0.031,1521,0,0
2123466,-1.034,7.954,-5.880,-0.102,0.011,-0.019,1522,0,0
2123485,-1.027,7.915,-5.890,-0.100,-0.006,-0.019,1522,0,0
2123506,-0.953,7.934,-5.906,-0.084,-0.002,-0.019,1521,0,0
2123525,-0.934,7.920,-5.863,-0.082,0.001,-0.004,1522,0,0
2123546,-0.924,7.910,-5.825,-0.070,-0.009,0.010,1521,0,0
2123566,-0.972,7.908,-5.868,-0.071,-0.029,0.003,1522,0,0
2123586,-1.013,7.875,-5.935,-0.080,-0.041,0.007,1522,0,0
2123605,-0.943,7.767,-6.081,-0.071,-0.041,0.019,1523,0,0
2123626,-0.929,7.726,-6.100,-0.061,-0.018,0.032,1521,0,0
2123646,-0.941,7.659,-6.055,-0.084,-0.010,0.026,1521,0,0
2123666,-0.970,7.678,-5.959,-0.097,-0.022,0.018,1521,0,0
2123685,-0.996,7.635,-5.997,-0.087,-0.033,0.007,1522,0,0
2123706,-0.893,7.640,-6.062,-0.044,-0.016,0.002,1521,0,0
2123725,-0.893,7.669,-5.966,-0.022,0.003,0.009,1521,0,0
2123746,-1.010,7.654,-5.916,-0.042,-0.020,0.013,1522,0,0
2123766,-0.958,7.611,-6.038,-0.061,-0.044,0.004,1522,0,0
2123786,-0.939,7.647,-6.120,-0.071,-0.042,-0.021,1522,0,0
2123805,-0.984,7.669,-6.148,-0.062,-0.025,-0.044,1522,0,0
2123826,-1.001,7.812,-6.170,-0.048,-0.008,-0.047,1522,0,0
2123846,-1.020,7.882,-6.088,-0.065,0.009,-0.040,1522,0,0
2123866,-1.041,7.913,-6.057,-0.077,0.011,-0.045,1521,0,0
2123886,-1.080,7.989,-6.038,-0.062,0.017,-0.042,1522,0,0
2123905,-1.080,8.037,-5.990,-0.056,0.029,-0.023,1521,0,0
2123925,-1.027,8.049,-5.916,-0.078,0.033,-0.008,1522,0,0
2123946,-1.075,8.045,-5.787,-0.118,0.020,-0.012,1522,0,0
2123966,-1.123,8.030,-5.777,-0.105,0.008,0.001,1523,0,0
2123986,-1.085,7.992,-5.873,-0.081,0.013,0.028,1523,0,0
2124006,-1.001,7.894,-5.856,-0.071,0.030,0.030,1522,0,0
2124026,-1.025,7.843,-5.811,-0.081,0.025,0.018,1522,0,0
2124046,-1.001,7.858,-5.770,-0.078,0.001,0.017,1522,0,0
2124066,-0.953,7.853,-5.844,-0.077,-0.005,0.026,1522,0,0
2124085,-0.936,7.776,-5.847,-0.075,-0.008,0.036,1522,0,0
2124106,-0.982,7.784,-5.866,-0.053,-0.025,0.041,1521,0,0
2124126,-0.984,7.755,-5.942,-0.062,-0.035,0.035,1522,0,0
2124145,-0.946,7.697,-6.026,-0.063,-0.024,0.023,1521,0,0
2124165,-0.958,7.683,-6.000,-0.049,-0.014,0.028,1522,0,0
2124185,-0.967,7.659,-6.005,-0.058,-0.015,0.031,1521,0,0
2124206,-0.984,7.609,-5.995,-0.090,-0.027,0.013,1521,0,0
2124226,-0.982,7.616,-6.069,-0.072,-0.028,-0.005,1521,0,0
2124246,-0.946,7.700,-6.124,-0.046,-0.009,-0.014,1521,0,0
2124266,-0.941,7.774,-6.017,-0.058,0.010,-0.012,1522,0,0
2124286,-0.984,7.769,-5.916,-0.083,0.006,-0.022,1521,0,0
2124306,-0.996,7.784,-5.916,-0.108,-0.010,-0.037,1522,0,0
2124325,-0.903,7.796,-6.005,-0.086,-0.002,-0.043,1522,0,0
2124346,-0.941,7.913,-6.005,-0.057,0.024,-0.058,1522,0,0
2124366,-1.006,8.013,-5.820,-0.067,0.047,-0.062,1521,0,0
2124386,-1.109,7.999,-5.794,-0.078,0.040,-0.056,1522,0,0
2124405,-1.092,7.989,-5.816,-0.091,0.003,-0.044,1523,0,0
2124426,-1.003,7.961,-5.830,-0.090,-0.016,-0.020,1522,0,0
2124446,-0.941,7.999,-5.890,-0.066,-0.009,0.000,1523,0,0
2124466,-1.044,7.989,-5.825,-0.076,-0.011,0.001,1525,0,0
2124486,-1.082,7.951,-5.918,-0.051,-0.021,0.013,1523,0,0
2124506,-1.051,7.946,-6.065,-0.035,-0.010,0.033,1524,0,0
2124526,-1.020,7.824,-6.009,-0.070,0.000,0.039,1523,0,0
2124546,-1.018,7.721,-5.849,-0.068,0.005,0.037,1523,0,0
2124565,-1.087,7.666,-5.897,-0.054,-0.008,0.022,1524,0,0
2124586,-1.010,7.695,-6.050,-0.040,-0.007,0.011,1524,0,0
2124606,-0.950,7.733,-6.007,-0.043,0.011,0.016,1524,0,0
2124626,-1.058,7.745,-5.849,-0.046,0.027,0.013,1523,0,0
2124646,-0.991,7.757,-5.837,-0.047,-0.001,-0.004,1523,0,0
2124666,-0.941,7.757,-5.976,-0.064,-0.011,-0.015,1522,0,0
2124685,-0.953,7.784,-6.000,-0.058,-0.010,-0.019,1524,0,0
2124706,-1.010,7.865,-6.014,-0.030,0.005,-0.022,1523,0,0
2124726,-1.065,7.927,-5.997,-0.039,0.015,-0.018,1524,0,0
2124746,-1.018,7.982,-6.050,-0.057,0.015,-0.013,1524,0,0
2124766,-0.989,7.946,-5.942,-0.082,0.017,-0.016,1524,0,0
2124786,-0.986,7.961,-5.897,-0.082,0.024,-0.014,1523,0,0
2124806,-1.063,7.982,-5.835,-0.074,0.027,-0.006,1524,0,0
2124826,-1.053,8.004,-5.873,-0.064,0.026,-0.003,1524,0,0
2124845,-1.003,7.997,-5.792,-0.076,0.024,0.004,1524,0,0
2124866,-1.037,7.968,-5.756,-0.083,0.027,0.018,1524,0,0
2124886,-1.075,7.932,-5.677,-0.121,0.006,0.022,1525,0,0
2124906,-1.022,7.906,-5.734,-0.141,-0.016,0.032,1523,0,0
2124925,-1.003,7.776,-5.751,-0.138,-0.025,0.038,1525,0,0
2124946,-0.972,7.707,-5.784,-0.067,-0.016,0.029,1524,0,0
2124966,-0.991,7.740,-5.816,-0.030,-0.006,0.016,1524,0,0
2124986,-0.948,7.743,-5.842,-0.039,-0.008,0.015,1525,0,0
2125005,-1.013,7.654,-5.849,-0.064,-0.026,0.011,1523,0,0
2125026,-0.998,7.621,-5.930,-0.054,-0.032,0.009,1524,0,0
2125045,-0.979,7.638,-6.055,-0.032,-0.015,0.002,1524,0,0
2125066,-0.965,7.635,-5.952,-0.048,0.003,-0.014,1524,0,0
2125086,-0.927,7.647,-5.890,-0.051,-0.000,-0.020,1524,0,0
2125106,-1.008,7.669,-5.880,-0.052,-0.017,-0.042,1524,0,0
2125125,-0.943,7.805,-6.021,-0.044,-0.025,-0.057,1524,0,0
2125146,-0.960,7.951,-6.086,-0.026,-0.005,-0.044,1523,0,0
2125166,-1.015,7.956,-6.007,-0.038,0.006,-0.019,1524,0,0
2125186,-1.058,7.879,-6.024,-0.060,0.006,-0.019,1524,0,0
2125205,-1.041,7.853,-6.069,-0.052,0.013,-0.028,1525,0,0
2125226,-1.025,7.894,-6.079,-0.052,0.031,-0.034,1526,0,0
2125245,-1.010,7.946,-5.969,-0.056,0.039,-0.036,1525,0,0
2125266,-1.020,8.018,-5.844,-0.070,0.038,-0.034,1525,0,0
2125285,-1.092,8.047,-5.804,-0.077,0.025,-0.035,1524,0,0
2125306,-1.053,8.092,-5.842,-0.069,0.026,-0.018,1525,0,0
2125326,-1.113,8.054,-5.868,-0.057,0.031,0.003,1525,0,0
2125346,-1.070,8.001,-5.899,-0.052,0.031,0.012,1524,0,0
2125366,-1.051,7.987,-5.847,-0.062,0.038,0.011,1525,0,0
2125386,-1.087,7.937,-5.796,-0.049,0.036,0.020,1525,0,0
2125406,-1.034,7.889,-5.847,-0.038,0.022,0.038,1525,0,0
2125426,-0.989,7.762,-5.878,-0.054,0.028,0.046,1525,0,0
2125446,-0.948,7.676,-5.813,-0.028,0.030,0.032,1524,0,0
2125466,-0.939,7.755,-5.782,-0.007,0.019,0.019,1525,0,0
2125486,-0.958,7.831,-5.741,-0.029,-0.001,0.010,1525,0,0
2125506,-0.924,7.863,-5.880,-0.040,-0.011,-0.002,1525,0,0
2125526,-0.998,7.913,-5.813,-0.021,0.000,0.006,1525,0,0
2125546,-1.039,7.927,-5.748,-0.012,-0.009,0.024,1525,0,0
2125565,-0.838,7.810,-5.796,-0.076,-0.036,0.035,1524,0,0
2125586,-0.855,7.652,-5.859,-0.112,-0.046,0.015,1525,0,0
2125606,-0.855,7.666,-5.897,-0.070,-0.048,-0.020,1525,0,0
2125626,-1.027,7.793,-5.899,-0.047,-0.050,-0.022,1526,0,0
2125645,-1.003,7.805,-5.978,-0.083,-0.066,-0.003,1525,0,0
2125666,-0.974,7.697,-6.115,-0.085,-0.072,0.000,1525,0,0
2125686,-1.037,7.676,-6.155,-0.080,-0.060,-0.017,1525,0,0
2125706,-1.152,7.724,-6.124,-0.094,-0.049,-0.042,1526,0,0
2125725,-1.262,7.762,-6.060,-0.069,-0.039,-0.042,1525,0,0
2125746,-1.324,7.796,-6.110,-0.027,-0.022,-0.023,1526,0,0
2125766,-1.255,7.786,-6.067,-0.045,-0.013,-0.016,1527,0,0
2125786,-1.209,7.731,-5.983,-0.090,-0.002,-0.031,1526,0,0
2125806,-1.240,7.695,-5.775,-0.080,0.011,-0.050,1526,0,0
2125826,-1.279,7.757,-5.588,0.005,-0.001,-0.045,1527,0,0
2125845,-1.221,7.827,-5.626,0.011,-0.023,-0.029,1526,0,0
2125866,-1.197,7.717,-5.715,-0.036,-0.049,-0.025,1526,0,0
2125885,-1.223,7.628,-5.801,-0.046,-0.057,-0.044,1527,0,0
2125906,-1.269,7.693,-5.875,0.004,-0.044,-0.068,1526,0,0
2125926,-1.228,7.910,-5.818,0.057,-0.025,-0.065,1527,0,0
2125945,-1.235,7.985,-5.854,0.034,-0.023,-0.049,1527,0,0
2125966,-1.223,7.863,-5.916,-0.026,-0.029,-0.025,1526,0,0
2125986,-1.144,7.743,-5.887,-0.014,-0.035,-0.035,1527,0,0
2126006,-1.077,7.860,-5.895,0.053,-0.012,-0.047,1526,0,0
2126026,-1.089,8.018,-5.945,0.037,0.002,-0.033,1526,0,0
2126045,-1.109,7.932,-5.885,-0.016,0.001,-0.021,1527,0,0
2126066,-1.099,7.884,-5.839,-0.003,-0.007,-0.020,1527,0,0
2126085,-1.056,7.932,-5.890,0.007,-0.020,-0.009,1528,0,0
2126106,-1.085,7.882,-5.935,-0.019,-0.028,0.010,1528,0,0
2126126,-1.087,7.776,-6.009,-0.020,-0.036,0.003,1526,0,0
2126146,-1.125,7.836,-6.096,0.019,-0.020,-0.005,1527,0,0
2126166,-1.164,7.927,-6.057,0.021,-0.003,0.018,1527,0,0
2126186,-1.202,7.877,-6.038,-0.034,-0.015,0.030,1527,0,0
2126206,-1.056,7.812,-6.043,-0.063,-0.026,0.022,1528,0,0
2126226,-1.080,7.779,-6.041,-0.027,-0.014,0.037,1529,0,0
2126246,-1.140,7.781,-6.043,-0.007,-0.019,0.057,1528,0,0
2126266,-1.128,7.683,-6.060,-0.047,-0.040,0.051,1527,0,0
2126286,-1.073,7.630,-6.208,-0.035,-0.040,0.055,1528,0,0
2126306,-1.082,7.561,-6.299,-0.042,-0.026,0.062,1527,0,0
2126325,-1.010,7.415,-6.337,-0.060,-0.021,0.050,1528,0,0
2126346,-1.032,7.415,-6.352,-0.033,-0.010,0.029,1528,0,0
2126365,-1.171,7.537,-6.383,-0.015,-0.009,0.009,1527,0,0
2126386,-1.219,7.623,-6.527,-0.039,-0.004,0.016,1528,0,0
2126406,-1.037,7.580,-6.596,-0.076,0.014,0.031,1529,0,0
2126426,-0.977,7.468,-6.476,-0.070,0.045,0.022,1528,0,0
2126446,-1.094,7.523,-6.340,-0.024,0.047,-0.009,1529,0,0
2126466,-1.123,7.635,-6.388,0.008,0.033,-0.003,1529,0,0
2126486,-1.001,7.681,-6.539,-0.006,0.037,0.025,1528,0,0
2126506,-0.910,7.503,-6.615,-0.048,0.061,0.028,1528,0,0
2126525,-0.977,7.439,-6.498,-0.044,0.087,0.008,1527,0,0
2126546,-1.118,7.475,-6.407,-0.024,0.082,-0.008,1527,0,0
2126566,-0.982,7.501,-6.539,-0.020,0.074,-0.002,1528,0,0
2126586,-0.922,7.391,-6.610,-0.031,0.090,-0.003,1528,0,0
2126606,-1.056,7.357,-6.531,-0.032,0.106,-0.019,1528,0,0
2126626,-1.252,7.379,-6.488,-0.041,0.096,-0.046,1528,0,0
2126646,-1.250,7.499,-6.512,-0.038,0.108,-0.064,1528,0,0
2126666,-1.286,7.578,-6.381,-0.039,0.138,-0.068,1527,0,0
2126685,-1.348,7.592,-6.155,-0.024,0.144,-0.067,1529,0,0
2126706,-1.391,7.693,-5.983,-0.020,0.125,-0.062,1530,0,0
2126726,-1.365,7.767,-5.904,-0.038,0.099,-0.055,1529,0,0
2126746,-1.250,7.803,-5.851,-0.075,0.080,-0.048,1530,0,0
2126765,-1.199,7.800,-5.753,-0.095,0.066,-0.055,1529,0,0
2126786,-1.101,7.939,-5.662,-0.080,0.051,-0.052,1529,0,0
2126805,-1.118,7.958,-5.595,-0.116,0.031,-0.035,1529,0,0
2126826,-1.156,7.898,-5.499,-0.135,-0.012,-0.023,1530,0,0
2126845,-1.123,7.930,-5.519,-0.107,-0.055,-0.030,1529,0,0
2126866,-1.049,7.970,-5.691,-0.101,-0.070,-0.003,1529,0,0
2126886,-1.008,7.863,-5.792,-0.098,-0.079,0.021,1529,0,0
2126906,-1.030,7.728,-5.816,-0.117,-0.088,0.012,1529,0,0
2126926,-1.061,7.690,-5.885,-0.110,-0.100,0.002,1526,0,0
2126946,-1.061,7.738,-6.065,-0.087,-0.104,0.012,1530,0,0
2126965,-0.984,7.657,-6.235,-0.085,-0.086,0.024,1529,0,0
2126986,-1.041,7.594,-6.220,-0.089,-0.066,0.022,1529,0,0
2127005,-1.046,7.599,-6.232,-0.091,-0.067,-0.004,1529,0,0
2127026,-0.946,7.695,-6.314,-0.104,-0.058,0.001,1529,0,0
2127046,-0.972,7.549,-6.325,-0.113,-0.044,0.017,1529,0,0
2127065,-1.041,7.427,-6.361,-0.100,-0.050,0.006,1528,0,0
2127085,-1.003,7.427,-6.507,-0.081,-0.056,-0.016,1529,0,0
2127106,-0.967,7.472,-6.694,-0.076,-0.031,-0.017,1528,0,0
2127126,-1.065,7.470,-6.723,-0.068,0.005,-0.031,1529,0,0
2127146,-1.082,7.556,-6.723,-0.073,0.031,-0.054,1529,0,0
2127166,-1.166,7.645,-6.632,-0.074,0.063,-0.041,1529,0,0
2127186,-1.209,7.611,-6.474,-0.074,0.086,-0.019,1529,0,0
2127205,-1.235,7.549,-6.354,-0.046,0.098,-0.028,1529,0,0
2127226,-1.257,7.599,-6.287,-0.031,0.099,-0.039,1530,0,0
2127246,-1.274,7.673,-6.208,-0.058,0.103,-0.049,1531,0,0
2127266,-1.360,7.649,-6.038,-0.078,0.109,-0.060,1529,0,0
2127286,-1.365,7.697,-6.017,-0.062,0.095,-0.078,1530,0,0
2127306,-1.247,7.784,-6.043,-0.064,0.107,-0.083,1530,0,0
2127326,-1.192,7.865,-5.890,-0.070,0.120,-0.068,1531,0,0
2127346,-1.199,7.884,-5.648,-0.071,0.109,-0.048,1532,0,0
2127366,-1.264,7.843,-5.557,-0.084,0.071,-0.039,1532,0,0
2127386,-1.252,7.863,-5.708,-0.065,0.028,-0.019,1531,0,0
2127405,-1.161,7.798,-5.847,-0.063,0.031,-0.000,1531,0,0
2127426,-1.173,7.683,-5.804,-0.056,0.040,0.020,1532,0,0
2127446,-1.180,7.618,-5.744,-0.060,0.017,0.012,1531,0,0
2127466,-1.171,7.558,-5.825,-0.071,-0.023,-0.009,1532,0,0
2127486,-1.049,7.614,-6.017,-0.053,-0.034,-0.005,1531,0,0
2127506,-1.056,7.585,-6.096,-0.068,-0.021,-0.009,1532,0,0
2127525,-1.104,7.582,-6.122,-0.077,-0.029,-0.027,1531,0,0
2127546,-1.109,7.671,-6.189,-0.069,-0.034,-0.034,1533,0,0
2127566,-1.111,7.688,-6.278,-0.090,-0.032,-0.030,1531,0,0
2127586,-1.154,7.659,-6.347,-0.078,-0.023,-0.026,1532,0,0
2127605,-1.173,7.726,-6.381,-0.061,-0.003,-0.027,1532,0,0
2127626,-1.211,7.784,-6.366,-0.065,0.016,-0.024,1530,0,0
2127645,-1.125,7.815,-6.282,-0.068,0.025,-0.023,1532,0,0
2127666,-1.135,7.819,-6.153,-0.086,0.031,-0.020,1531,0,0
2127686,-1.173,7.786,-6.127,-0.082,0.023,-0.008,1532,0,0
2127706,-1.168,7.791,-6.141,-0.061,0.024,0.005,1533,0,0
2127725,-1.149,7.740,-6.172,-0.074,0.019,0.001,1531,0,0
2127745,-1.109,7.709,-6.203,-0.083,0.027,0.005,1530,0,0
2127766,-1.166,7.647,-6.127,-0.088,0.038,0.000,1531,0,0
2127786,-1.207,7.594,-6.115,-0.060,0.038,-0.002,1532,0,0
2127806,-1.192,7.642,-6.127,-0.032,0.034,0.007,1533,0,0
2127826,-1.216,7.556,-6.155,-0.070,0.036,0.015,1533,0,0
2127846,-1.211,7.360,-6.136,-0.085,0.031,0.007,1530,0,0
2127866,-1.211,7.372,-6.146,-0.055,0.032,-0.023,1531,0,0
2127886,-1.209,7.515,-6.110,-0.052,0.039,-0.057,1532,0,0
2127906,-1.250,7.673,-6.105,-0.053,0.052,-0.060,1532,0,0
2127925,-1.281,7.712,-5.990,-0.061,0.049,-0.041,1532,0,0
2127946,-1.188,7.733,-5.954,-0.079,0.045,-0.031,1531,0,0
2127965,-1.154,7.702,-5.954,-0.091,0.048,-0.038,1531,0,0
2127986,-1.173,7.733,-5.827,-0.063,0.041,-0.048,1531,0,0
2128005,-1.135,7.829,-5.799,-0.053,0.022,-0.044,1531,0,0
2128026,-1.120,7.807,-5.887,-0.070,-0.001,-0.024,1531,0,0
2128046,-1.070,7.762,-5.997,-0.065,-0.014,-0.005,1532,0,0
2128066,-1.154,7.695,-6.069,-0.059,-0.013,-0.014,1530,0,0
2128086,-1.188,7.717,-6.206,-0.040,-0.005,-0.008,1531,0,0
2128105,-1.164,7.673,-6.201,-0.041,0.007,0.010,1531,0,0
2128126,-1.190,7.544,-6.163,-0.061,0.017,0.009,1532,0,0
2128146,-1.223,7.489,-6.132,-0.053,0.004,-0.009,1531,0,0
2128166,-1.185,7.518,-6.155,-0.036,-0.003,-0.017,1530,0,0
2128186,-1.211,7.523,-6.220,-0.039,0.000,-0.016,1530,0,0
2128206,-1.180,7.568,-6.266,-0.037,0.010,-0.031,1531,0,0
2128226,-1.171,7.590,-6.167,-0.047,0.021,-0.044,1530,0,0
2128246,-1.147,7.714,-6.155,-0.035,0.022,-0.045,1531,0,0
2128266,-1.245,7.781,-6.103,-0.051,0.016,-0.053,1530,0,0
2128286,-1.262,7.851,-6.151,-0.055,0.016,-0.046,1531,0,0
2128306,-1.271,7.860,-6.103,-0.069,0.025,-0.031,1530,0,0
2128325,-1.226,7.800,-6.033,-0.094,0.028,-0.029,1531,0,0
2128346,-1.223,7.839,-5.981,-0.083,0.027,-0.041,1532,0,0
2128366,-1.228,7.966,-6.014,-0.071,0.023,-0.041,1531,0,0
2128386,-1.228,8.076,-5.981,-0.077,0.019,-0.012,1531,0,0
2128406,-1.247,7.977,-5.940,-0.105,0.010,0.013,1531,0,0
2128426,-1.226,7.839,-6.005,-0.100,-0.004,0.024,1531,0,0
2128445,-1.202,7.714,-6.096,-0.066,0.002,0.039,1531,0,0
2128466,-1.247,7.558,-6.170,-0.064,0.006,0.040,1530,0,0
2128486,-1.209,7.549,-6.184,-0.059,0.003,0.031,1533,0,0
2128506,-1.168,7.570,-6.141,-0.054,0.012,0.023,1531,0,0
2128526,-1.226,7.542,-6.153,-0.057,0.016,0.027,1531,0,0
2128546,-1.197,7.429,-6.163,-0.051,0.006,0.034,1530,0,0
2128566,-1.147,7.345,-6.258,-0.050,-0.002,0.021,1532,0,0
2128586,-1.166,7.377,-6.297,-0.034,0.005,-0.007,1531,0,0
2128606,-1.192,7.511,-6.369,-0.015,0.024,-0.024,1531,0,0
2128626,-1.219,7.616,-6.258,-0.029,0.046,-0.026,1531,0,0
2128646,-1.204,7.618,-6.139,-0.041,0.051,-0.022,1531,0,0
2128666,-1.226,7.602,-6.053,-0.037,0.047,-0.025,1532,0,0
2128685,-1.190,7.626,-6.081,-0.047,0.038,-0.030,1532,0,0
2128706,-1.130,7.676,-6.072,-0.061,0.044,-0.040,1531,0,0
2128726,-1.185,7.695,-5.959,-0.074,0.038,-0.056,1532,0,0
2128746,-1.216,7.867,-5.899,-0.063,0.033,-0.060,1532,0,0
2128766,-1.264,7.949,-5.866,-0.075,0.027,-0.041,1532,0,0
2128786,-1.195,7.944,-5.863,-0.086,0.020,-0.014,1532,0,0
2128806,-1.197,7.807,-5.851,-0.096,0.006,-0.002,1532,0,0
2128826,-1.197,7.733,-5.887,-0.068,-0.013,-0.005,1530,0,0
2128846,-1.152,7.740,-6.005,-0.055,-0.019,0.011,1532,0,0
2128866,-1.202,7.678,-6.132,-0.076,-0.025,0.009,1532,0,0
2128885,-1.178,7.618,-6.165,-0.078,-0.022,0.003,1532,0,0
2128906,-1.267,7.587,-6.177,-0.056,-0.012,0.004,1532,0,0
2128925,-1.276,7.563,-6.201,-0.050,-0.021,0.015,1532,0,0
2128946,-1.149,7.496,-6.287,-0.055,-0.023,0.018,1531,0,0
2128966,-1.171,7.410,-6.261,-0.071,-0.010,-0.006,1533,0,0
2128986,-1.190,7.477,-6.287,-0.055,0.001,-0.017,1532,0,0
2129006,-1.245,7.527,-6.256,-0.049,0.008,-0.017,1532,0,0
2129026,-1.209,7.561,-6.201,-0.046,0.011,-0.025,1532,0,0
2129046,-1.168,7.551,-6.136,-0.044,0.019,-0.032,1532,0,0
2129066,-1.235,7.587,-6.117,-0.060,0.021,-0.032,1532,0,0
2129085,-1.199,7.542,-6.120,-0.064,0.008,-0.042,1533,0,0
2129106,-1.159,7.633,-6.127,-0.054,0.012,-0.057,1532,0,0
2129125,-1.267,7.757,-6.074,-0.055,0.021,-0.065,1533,0,0
2129146,-1.295,7.906,-6.067,-0.055,0.012,-0.056,1533,0,0
2129166,-1.305,7.966,-6.079,-0.077,0.007,-0.038,1532,0,0
2129186,-1.259,7.908,-6.134,-0.079,0.012,-0.019,1532,0,0
2129206,-1.298,7.863,-6.110,-0.069,0.025,-0.013,1532,0,0
2129226,-1.343,7.879,-6.036,-0.071,0.026,-0.010,1533,0,0
2129245,-1.300,7.889,-6.005,-0.056,0.011,0.006,1533,0,0
2129266,-1.255,7.831,-6.069,-0.055,0.009,0.026,1532,0,0
2129286,-1.247,7.736,-6.065,-0.050,0.011,0.039,1533,0,0
2129306,-1.267,7.652,-6.079,-0.038,0.007,0.039,1533,0,0
2129326,-1.216,7.568,-6.112,-0.034,0.012,0.042,1534,0,0
2129346,-1.202,7.405,-6.115,-0.022,0.013,0.033,1533,0,0
2129366,-1.207,7.463,-6.160,0.023,0.002,0.029,1533,0,0
2129386,-1.164,7.465,-6.249,-0.014,-0.002,0.027,1530,0,0
2129405,-1.185,7.357,-6.316,-0.063,0.006,0.011,1533,0,0
2129426,-1.161,7.365,-6.254,-0.022,0.017,-0.011,1533,0,0
2129445,-1.190,7.434,-6.230,0.005,0.026,-0.017,1534,0,0
2129466,-1.173,7.518,-6.292,0.005,0.021,-0.019,1533,0,0
2129486,-1.173,7.623,-6.280,-0.026,0.018,-0.028,1533,0,0
2129506,-1.195,7.585,-6.251,-0.058,0.014,-0.031,1533,0,0
2129526,-1.204,7.563,-6.225,-0.029,0.021,-0.028,1533,0,0
2129546,-1.233,7.599,-6.235,-0.006,0.025,-0.034,1533,0,0
2129566,-1.267,7.609,-6.223,-0.016,0.030,-0.038,1532,0,0
2129586,-1.257,7.640,-6.275,-0.015,0.029,-0.042,1532,0,0
2129605,-1.233,7.676,-6.244,-0.039,0.034,-0.042,1532,0,0
2129626,-1.252,7.712,-6.235,-0.056,0.040,-0.052,1533,0,0
2129645,-1.252,7.793,-6.103,-0.030,0.046,-0.047,1533,0,0
2129666,-1.264,7.860,-6.115,-0.021,0.040,-0.021,1533,0,0
2129686,-1.252,7.781,-6.110,-0.045,0.024,-0.003,1533,0,0
2129706,-1.243,7.652,-6.146,-0.062,0.012,-0.001,1532,0,0
2129725,-1.255,7.599,-6.191,-0.034,0.014,0.003,1533,0,0
2129746,-1.279,7.652,-6.230,-0.031,0.012,0.003,1533,0,0
2129765,-1.255,7.623,-6.278,-0.041,0.021,0.002,1533,0,0
2129786,-1.267,7.587,-6.235,-0.034,0.026,0.017,1533,0,0
2129805,-1.235,7.518,-6.196,-0.049,0.008,0.027,1532,0,0
2129826,-1.219,7.453,-6.251,-0.064,-0.005,0.017,1532,0,0
2129845,-1.209,7.458,-6.314,-0.049,-0.002,0.005,1532,0,0
2129866,-1.185,7.494,-6.359,-0.027,0.016,0.001,1532,0,0
2129886,-1.216,7.494,-6.321,-0.055,0.022,-0.003,1532,0,0
2129906,-1.207,7.499,-6.254,-0.058,0.017,-0.002,1533,0,0
2129925,-1.171,7.575,-6.280,-0.043,0.006,-0.006,1533,0,0
2129946,-1.168,7.594,-6.304,-0.071,0.008,-0.010,1533,0,0
2129966,-1.214,7.578,-6.369,-0.069,0.009,-0.009,1533,0,0
2129986,-1.238,7.570,-6.385,-0.053,0.016,-0.012,1534,0,0
2130005,-1.269,7.645,-6.426,-0.070,0.023,-0.015,1534,0,0
2130026,-1.209,7.645,-6.388,-0.086,0.030,-0.007,1534,0,0
2130046,-1.240,7.630,-6.278,-0.079,0.040,0.000,1534,0,0
2130066,-1.176,7.626,-6.237,-0.090,0.033,-0.006,1534,0,0
2130086,-1.142,7.575,-6.203,-0.092,0.034,-0.002,1533,0,0
2130106,-1.209,7.525,-6.146,-0.088,0.028,-0.005,1533,0,0
2130125,-1.207,7.616,-6.163,-0.070,0.017,-0.007,1534,0,0
2130146,-1.228,7.649,-6.191,-0.079,0.018,0.004,1534,0,0
2130166,-1.199,7.544,-6.187,-0.086,0.013,0.018,1534,0,0
2130186,-1.207,7.422,-6.184,-0.077,0.013,0.013,1533,0,0
2130206,-1.235,7.400,-6.239,-0.069,0.010,0.001,1531,0,0
2130226,-1.195,7.446,-6.258,-0.044,0.013,-0.001,1533,0,0
2130245,-1.219,7.432,-6.246,-0.060,0.014,-0.005,1534,0,0
2130266,-1.185,7.403,-6.239,-0.066,0.008,-0.013,1534,0,0
2130286,-1.173,7.463,-6.268,-0.075,0.005,-0.029,1533,0,0
2130306,-1.149,7.558,-6.316,-0.053,0.004,-0.039,1534,0,0
2130325,-1.195,7.700,-6.321,-0.031,0.027,-0.029,1533,0,0
2130346,-1.259,7.693,-6.232,-0.056,0.029,-0.007,1533,0,0
2130366,-1.214,7.570,-6.251,-0.084,0.016,0.005,1533,0,0
2130386,-1.219,7.427,-6.215,-0.088,0.016,-0.010,1533,0,0
2130405,-1.164,7.494,-6.206,-0.056,0.017,-0.033,1533,0,0
2130426,-1.183,7.642,-6.230,-0.039,0.020,-0.031,1534,0,0
2130445,-1.245,7.678,-6.206,-0.066,0.017,-0.018,1533,0,0
2130466,-1.207,7.606,-6.132,-0.088,0.009,-0.018,1534,0,0
2130489,-1.190,7.628,-6.115,-0.050,0.004,-0.025,1533,0,0
2130506,-1.173,7.736,-6.220,-0.036,-0.002,-0.018,1533,0,0
2130526,-1.204,7.736,-6.275,-0.055,0.002,0.000,1534,0,0
2130546,-1.180,7.666,-6.244,-0.038,0.008,0.012,1534,0,0
2130565,-1.211,7.654,-6.278,-0.027,0.003,0.019,1533,0,0
2130596,-1.195,7.494,-6.395,-0.058,0.005,0.017,1533,0,0
2130609,-1.209,7.444,-6.431,-0.034,0.015,0.011,1534,0,0
2130626,-1.183,7.491,-6.385,-0.003,0.022,0.009,1533,0,0
2130646,-1.180,7.558,-6.364,-0.032,0.027,0.012,1533,0,0
2130666,-1.171,7.491,-6.385,-0.061,0.027,0.004,1532,0,0
2130686,-1.192,7.489,-6.385,-0.042,0.031,-0.009,1532,0,0
2130706,-1.140,7.570,-6.400,-0.023,0.045,-0.006,1533,0,0
2130725,-1.171,7.570,-6.314,-0.030,0.054,0.003,1533,0,0
2130746,-1.185,7.511,-6.304,-0.039,0.048,0.003,1532,0,0
2130765,-1.130,7.515,-6.359,-0.030,0.051,-0.003,1532,0,0
2130786,-1.147,7.585,-6.273,-0.030,0.052,-0.008,1532,0,0
2130806,-1.161,7.585,-6.182,-0.050,0.033,-0.009,1531,0,0
2130826,-1.219,7.597,-6.249,-0.040,0.010,0.007,1532,0,0
2130845,-1.118,7.494,-6.294,-0.069,0.001,0.022,1531,0,0
2130866,-1.125,7.355,-6.275,-0.066,0.014,0.015,1531,0,0
2130886,-1.274,7.410,-6.323,0.009,0.026,0.000,1530,0,0
2130906,-1.235,7.453,-6.251,-0.038,0.007,0.003,1530,0,0
2130926,-1.149,7.391,-6.254,-0.095,-0.011,-0.011,1531,0,0
2130946,-1.049,7.357,-6.318,-0.046,-0.003,-0.029,1531,0,0
2130965,-1.178,7.544,-6.345,0.012,0.022,-0.026,1530,0,0
2130986,-1.223,7.621,-6.361,-0.023,0.014,-0.017,1530,0,0
2131006,-1.183,7.539,-6.395,-0.078,0.005,-0.015,1529,0,0
2131026,-1.137,7.532,-6.407,-0.057,0.012,-0.024,1530,0,0
2131045,-1.228,7.530,-6.400,-0.036,0.016,-0.013,1530,0,0
2131066,-1.156,7.561,-6.395,-0.043,0.016,-0.003,1529,0,0
2131085,-1.109,7.573,-6.347,-0.055,0.028,-0.019,1528,0,0
2131106,-1.164,7.563,-6.223,-0.048,0.023,-0.011,1529,0,0
2131125,-1.159,7.556,-6.318,-0.064,0.005,0.005,1530,0,0
2131146,-1.104,7.508,-6.345,-0.090,-0.003,-0.005,1530,0,0
2131166,-1.132,7.537,-6.404,-0.071,0.009,-0.019,1531,0,0
2131186,-1.204,7.635,-6.361,-0.051,0.018,-0.012,1530,0,0
2131205,-1.188,7.616,-6.407,-0.075,0.005,0.011,1530,0,0
2131226,-1.106,7.508,-6.393,-0.095,0.001,0.015,1531,0,0
2131245,-1.077,7.489,-6.383,-0.084,0.009,0.010,1530,0,0
2131266,-1.264,7.611,-6.323,-0.038,-0.002,0.032,1530,0,0
2131286,-1.176,7.623,-6.302,-0.054,-0.044,0.058,1530,0,0
2131306,-1.061,7.606,-6.306,-0.089,-0.064,0.072,1529,0,0
2131326,-1.001,7.649,-6.278,-0.126,-0.080,0.058,1528,0,0
2131346,-1.180,7.403,-6.213,-0.220,-0.089,0.026,1527,0,0
2131365,-1.140,7.214,-6.201,-0.204,-0.122,-0.005,1526,0,0
2131386,-0.982,7.590,-6.098,0.043,-0.161,0.007,1517,0,0
2131405,-1.034,7.939,-6.017,0.134,-0.292,0.049,1474,0,0
2131426,-1.520,7.645,-6.194,-0.063,-0.326,0.061,1423,0,0
2131446,-1.350,7.561,-6.335,-0.113,-0.384,0.049,1390,0,0
2131465,-1.152,7.384,-6.299,-0.018,-0.399,0.033,1359,0,0
2131485,-1.020,7.398,-6.088,0.073,-0.425,0.013,1325,0,0
2131506,-1.324,7.712,-6.019,0.182,-0.478,0.019,1292,0,0
2131526,-1.745,7.286,-6.218,0.036,-0.524,0.052,1260,0,0
2131546,-1.302,7.621,-5.959,0.066,-0.675,0.055,1217,0,0
2131565,-1.470,7.824,-5.531,0.165,-0.929,0.092,1145,0,0
2131586,-2.207,7.898,-6.357,-0.225,-0.963,0.119,1087,0,0
2131606,-2.255,7.906,-6.529,-0.776,-0.982,0.002,1040,0,0
2131626,-1.927,7.800,-6.069,-1.081,-0.963,-0.109,1004,0,0
2131645,-1.889,7.915,-6.809,-1.221,-0.879,-0.073,961,0,0
2131666,-1.707,8.926,-7.353,-1.588,-0.428,-0.175,922,2269,200
2131686,-1.568,8.832,-6.586,-1.713,0.036,0.084,906,3489,200
2131706,-1.853,9.359,-6.144,-1.920,0.331,0.246,897,3814,200
2131726,-2.459,10.575,-5.473,-2.476,0.393,0.445,883,4060,200
2131746,-2.198,11.210,-5.370,-2.938,0.284,0.893,883,4095,200
2131766,-2.751,11.236,-5.171,-3.693,0.218,1.290,889,4095,200
2131786,-1.992,11.784,-4.685,-4.516,0.106,1.596,890,4095,200
2131805,-0.618,11.799,-4.793,-5.457,0.391,1.973,892,4095,200
2131826,-1.992,7.506,-2.452,-5.438,0.517,1.905,896,4095,200
2131846,-2.442,8.083,-0.560,-4.311,0.159,1.582,899,4095,200
2131866,-1.089,13.807,-1.154,-4.838,-0.097,1.740,900,4095,200
2131885,0.311,13.556,-1.884,-6.671,0.007,2.415,907,4095,200
2131906,-0.108,10.053,-1.602,-8.143,0.222,2.757,919,4095,200
2131925,-0.651,7.343,-0.175,-8.731,0.150,2.902,934,4095,200
2131946,-0.840,7.185,1.903,-8.731,-0.434,3.285,944,4095,200
2131965,-0.414,7.092,0.843,-8.731,-1.059,3.830,951,4095,200
2131986,0.419,0.323,-0.488,-8.731,-0.994,3.971,956,4095,200
2132006,3.086,-8.037,1.755,-8.731,-0.494,3.103,959,4095,200
2132026,4.075,-11.909,6.304,-7.279,0.099,1.951,964,4095,200
2132046,2.789,-11.032,9.021,-2.930,0.447,1.299,974,4095,200
2132066,2.531,-6.409,9.661,-0.843,0.475,0.956,976,4095,200
2132085,2.332,-4.465,9.543,-0.890,0.253,0.658,977,4095,200
2132105,2.042,-6.479,9.165,-1.013,0.069,0.361,978,4095,200
2132126,2.555,-5.555,9.172,-0.284,0.066,0.120,980,4095,200
2132146,2.488,-4.436,8.722,0.025,0.020,0.002,982,4095,200
2132165,2.069,-4.049,7.927,0.032,-0.024,-0.076,984,4095,200
2132186,2.607,-3.457,8.279,-0.101,-0.013,-0.096,985,4095,200
2132205,2.679,-3.433,8.373,0.082,0.026,-0.139,986,4095,200
2132226,2.081,-3.285,8.128,0.044,-0.007,-0.106,990,4095,200
2132245,2.564,-3.168,8.339,-0.091,0.025,-0.059,991,4095,200
2132266,2.758,-3.364,8.581,-0.029,0.074,-0.071,992,4095,200
2132285,2.033,-4.144,8.741,0.122,0.033,-0.115,994,4095,200
2132306,2.222,-3.328,9.100,0.204,-0.123,-0.100,997,4095,200
2132326,2.981,-2.916,9.064,0.098,-0.200,-0.090,998,4095,200
2132346,2.784,-3.287,8.689,0.002,-0.209,-0.115,1007,4095,200
2132365,2.672,-3.783,8.531,-0.074,-0.240,-0.108,1014,4064,200
2132386,3.371,-3.716,8.808,-0.004,-0.225,-0.120,1027,3859,200
2132405,3.342,-3.397,9.131,0.141,-0.200,-0.186,1040,3467,200
2132426,2.636,-3.175,9.048,0.211,-0.315,-0.225,1054,2863,200
2132446,2.430,-3.187,8.835,0.081,-0.407,-0.213,1072,0,0
2132466,2.947,-3.230,8.734,0.114,-0.386,-0.236,1094,0,0
2132485,3.575,-3.026,7.930,0.133,-0.240,-0.300,1135,0,0
2132506,3.007,-3.723,8.159,0.080,0.034,-0.439,1196,0,0
2132526,3.388,-2.009,7.458,0.264,0.245,-0.438,1264,0,0
2132546,3.850,-2.081,7.626,0.025,0.570,-0.252,1357,0,0
2132566,3.771,-2.751,5.854,-0.277,1.223,0.008,1483,0,0
2132586,2.887,-2.107,7.989,-0.095,1.490,0.171,1609,0,0
2132605,3.153,-2.969,10.606,0.132,1.083,0.106,1710,0,0
2132626,2.701,-3.424,10.151,-0.710,0.879,-0.044,1777,0,0
2132646,2.174,-3.512,8.823,-0.831,0.726,-0.084,1828,0,0
2132666,2.002,-2.904,9.105,0.236,0.701,0.046,1864,0,0
2132685,1.939,-2.389,9.273,0.541,0.706,0.074,1895,0,0
2132706,1.824,-2.509,9.364,-0.311,0.552,0.026,1912,0,0
2132726,1.899,-3.235,9.096,-0.500,0.514,0.002,1922,0,0
2132746,1.635,-3.397,8.689,-0.030,0.568,0.001,1925,0,0
2132766,1.425,-2.847,9.045,0.269,0.527,-0.008,1931,0,0
2132786,1.441,-2.868,9.258,0.102,0.338,-0.007,1935,0,0
2132805,1.391,-2.947,9.201,-0.100,0.218,0.005,1935,0,0
2132825,1.413,-3.127,9.256,-0.128,0.148,-0.008,1935,0,0
2132846,1.403,-3.349,9.287,-0.109,0.118,-0.005,1936,0,0
2132866,1.425,-3.340,9.244,0.078,0.107,-0.001,1936,0,0
2132886,1.448,-3.043,9.170,0.281,0.117,-0.024,1935,0,0
2132906,1.384,-2.749,9.242,0.179,0.110,-0.045,1934,0,0
2132925,1.307,-2.739,9.294,-0.061,0.060,-0.049,1929,0,0
2132946,1.305,-3.014,9.479,-0.076,0.027,-0.042,1922,0,0
2132966,1.444,-3.024,9.179,0.054,0.024,-0.051,1918,0,0
2132986,1.477,-2.811,9.122,0.196,0.066,-0.044,1917,0,0
2133005,1.403,-2.626,9.184,0.137,0.082,-0.026,1915,0,0
2133026,1.384,-2.770,9.301,0.018,0.071,-0.016,1911,0,0
2133046,1.331,-2.926,9.431,0.027,0.042,-0.018,1909,0,0
2133066,1.298,-2.761,9.294,0.152,-0.001,-0.015,1906,0,0
2133085,1.283,-2.533,9.263,0.167,-0.041,-0.010,1904,0,0
2133106,1.338,-2.550,9.282,0.060,-0.072,-0.008,1903,0,0
2133125,1.451,-2.662,9.196,-0.008,-0.055,-0.015,1902,0,0
2133146,1.446,-2.581,9.163,0.052,-0.043,-0.027,1901,0,0
2133166,1.386,-2.514,9.163,0.073,-0.021,-0.024,1899,0,0
2133186,1.386,-2.492,9.096,0.051,-0.007,-0.016,1897,0,0
2133205,1.355,-2.543,9.069,0.076,0.017,-0.012,1895,0,0
2133226,1.405,-2.406,9.050,0.080,0.028,-0.011,1893,0,0
2133245,1.429,-2.423,9.179,0.030,0.033,0.002,1890,0,0
2133266,1.429,-2.610,9.282,0.011,0.050,0.015,1889,0,0
2133286,1.336,-2.643,9.313,0.067,0.040,0.002,1890,0,0
2133306,1.398,-2.468,9.316,0.083,-0.011,-0.023,1888,0,0
2133326,1.444,-2.349,9.306,-0.015,-0.039,-0.023,1887,0,0
2133346,1.484,-2.421,9.263,-0.073,-0.014,-0.024,1884,0,0
2133366,1.484,-2.421,9.282,-0.035,0.012,-0.022,1883,0,0
2133386,1.501,-2.346,9.230,0.010,0.020,-0.013,1880,0,0
2133405,1.456,-2.401,9.297,-0.041,0.008,-0.019,1878,0,0
2133426,1.451,-2.444,9.213,-0.026,-0.015,-0.037,1876,0,0
2133446,1.470,-2.246,9.155,0.011,-0.019,-0.032,1874,0,0
2133466,1.487,-2.169,9.175,-0.046,0.001,-0.002,1872,0,0
2133486,1.446,-2.267,9.165,-0.054,0.029,0.013,1873,0,0
2133506,1.403,-2.298,9.275,-0.007,0.025,-0.007,1872,0,0
2133525,1.360,-2.253,9.278,-0.013,0.014,-0.016,1873,0,0
2133546,1.329,-2.265,9.301,-0.035,0.014,-0.007,1873,0,0
2133566,1.360,-2.306,9.290,-0.023,0.012,0.002,1872,0,0
2133586,1.367,-2.313,9.220,0.010,0.003,0.002,1872,0,0
2133605,1.413,-2.298,9.165,0.018,0.001,-0.002,1871,0,0
2133626,1.417,-2.318,9.143,-0.006,0.001,-0.003,1870,0,0
2133646,1.396,-2.387,9.179,-0.053,0.022,-0.006,1869,0,0
2133666,1.346,-2.452,9.249,-0.038,0.030,-0.012,1868,0,0
2133686,1.384,-2.423,9.285,0.022,0.013,-0.012,1868,0,0
2133706,1.432,-2.322,9.172,0.037,0.010,-0.023,1866,0,0
2133726,1.398,-2.224,9.081,-0.022,0.018,-0.042,1866,0,0
2133746,1.398,-2.162,9.093,-0.105,0.009,-0.046,1865,0,0
2133766,1.458,-2.265,9.177,-0.141,0.022,-0.034,1863,0,0
2133786,1.417,-2.337,9.225,-0.044,0.050,-0.034,1864,0,0
2133806,1.372,-2.174,9.225,0.051,0.051,-0.044,1864,0,0
2133826,1.350,-2.023,9.175,-0.005,0.028,-0.050,1863,0,0
2133845,1.434,-2.030,9.225,-0.086,0.030,-0.045,1862,0,0
2133866,1.453,-2.150,9.313,-0.091,0.047,-0.031,1862,0,0
2133886,1.391,-2.186,9.345,-0.014,0.061,-0.026,1861,0,0
2133906,1.353,-2.160,9.290,0.018,0.056,-0.027,1860,0,0
2133925,1.355,-2.090,9.249,-0.015,0.046,-0.020,1860,0,0
2133946,1.324,-2.047,9.316,-0.051,0.047,-0.002,1858,0,0
2133965,1.346,-2.200,9.335,-0.098,0.036,0.007,1858,0,0
2133986,1.403,-2.363,9.385,-0.091,0.021,0.004,1858,0,0
2134005,1.427,-2.428,9.304,-0.035,0.037,-0.012,1857,0,0
2134026,1.389,-2.308,9.306,-0.011,0.047,-0.013,1856,0,0
2134045,1.367,-2.313,9.313,-0.016,0.051,-0.006,1857,0,0
2134066,1.298,-2.205,9.340,0.001,0.052,-0.015,1856,0,0
2134086,1.310,-2.155,9.378,-0.061,0.017,-0.026,1857,0,0
2134106,1.362,-2.270,9.330,-0.094,-0.020,-0.030,1855,0,0
2134125,1.415,-2.274,9.222,-0.034,-0.010,-0.034,1856,0,0
2134146,1.358,-2.133,9.191,0.018,0.022,-0.041,1855,0,0
2134166,1.329,-1.978,9.230,-0.002,0.034,-0.037,1855,0,0
2134186,1.310,-1.954,9.225,-0.050,0.014,-0.034,1855,0,0
2134205,1.360,-2.069,9.325,-0.076,-0.003,-0.042,1855,0,0
2134226,1.384,-2.085,9.261,-0.048,-0.006,-0.056,1855,0,0
