3298084,-3.191,8.504,2.011,-0.044,0.013,-0.003,1789,0,0
3298104,-3.179,8.586,1.961,-0.051,0.007,-0.001,1789,0,0
3298124,-3.235,8.600,1.927,-0.069,0.013,0.002,1790,0,0
3298144,-3.189,8.586,1.932,-0.055,0.018,0.010,1788,0,0
3298164,-3.158,8.514,1.973,-0.062,0.025,0.010,1789,0,0
3298184,-3.170,8.475,2.002,-0.064,0.019,0.001,1790,0,0
3298204,-3.230,8.557,1.994,-0.051,0.023,-0.004,1790,0,0
3298224,-3.184,8.574,2.023,-0.072,0.023,0.004,1790,0,0
3298244,-3.151,8.466,2.076,-0.083,0.025,0.004,1791,0,0
3298264,-3.132,8.435,2.105,-0.077,0.017,-0.004,1790,0,0
3298284,-3.225,8.495,2.100,-0.070,0.008,-0.017,1787,0,0
3298304,-3.297,8.554,2.085,-0.065,-0.002,-0.015,1790,0,0
3298324,-3.261,8.590,2.016,-0.058,0.002,-0.000,1790,0,0
3298344,-3.172,8.471,2.002,-0.074,-0.001,-0.001,1790,0,0
3298364,-3.084,8.389,2.002,-0.083,-0.006,-0.015,1789,0,0
3298384,-3.227,8.475,1.980,-0.064,-0.002,-0.036,1790,0,0
3298404,-3.287,8.595,1.942,-0.049,0.010,-0.024,1790,0,0
3298424,-3.232,8.583,1.992,-0.074,0.012,-0.004,1790,0,0
3298444,-3.096,8.413,1.975,-0.087,0.011,-0.000,1790,0,0
3298464,-3.089,8.317,2.014,-0.056,0.005,-0.015,1790,0,0
3298484,-3.227,8.420,1.942,-0.038,0.005,-0.028,1790,0,0
3298504,-3.259,8.499,1.956,-0.058,0.010,-0.028,1789,0,0
3298524,-3.311,8.571,1.958,-0.055,0.022,-0.026,1789,0,0
3298544,-3.230,8.554,1.999,-0.053,0.035,-0.017,1789,0,0
3298564,-3.158,8.504,2.052,-0.046,0.026,-0.022,1789,0,0
3298584,-3.105,8.478,2.100,-0.047,0.010,-0.025,1789,0,0
3298605,-3.175,8.543,2.059,-0.042,0.004,-0.027,1787,0,0
3298624,-3.247,8.617,2.069,-0.045,0.007,-0.023,1788,0,0
3298644,-3.239,8.677,2.059,-0.045,0.010,-0.007,1788,0,0
3298664,-3.179,8.562,2.042,-0.057,0.009,0.000,1790,0,0
3298684,-3.196,8.514,2.030,-0.033,-0.004,-0.010,1788,0,0
3298704,-3.275,8.619,1.930,-0.040,-0.011,-0.014,1789,0,0
3298724,-3.290,8.629,1.863,-0.063,0.004,0.004,1789,0,0
3298744,-3.254,8.545,1.932,-0.050,0.018,0.011,1788,0,0
3298764,-3.160,8.480,1.954,-0.033,0.022,0.010,1788,0,0
3298784,-3.146,8.442,1.982,-0.054,0.016,-0.003,1788,0,0
3298804,-3.218,8.464,1.999,-0.057,0.005,-0.017,1789,0,0
3298824,-3.259,8.557,1.973,-0.051,0.009,-0.014,1790,0,0
3298844,-3.256,8.569,1.951,-0.051,0.017,-0.006,1789,0,0
3298864,-3.156,8.533,1.994,-0.056,0.018,-0.002,1788,0,0
3298884,-3.182,8.471,1.990,-0.066,0.011,-0.015,1788,0,0
3298904,-3.227,8.550,1.963,-0.043,-0.003,-0.024,1788,0,0
3298925,-3.254,8.633,1.932,-0.054,0.002,-0.010,1787,0,0
3298944,-3.242,8.566,1.913,-0.074,0.015,-0.002,1787,0,0
3298964,-3.148,8.480,1.963,-0.047,0.025,-0.005,1788,0,0
3298984,-3.179,8.519,1.978,-0.060,0.010,-0.021,1788,0,0
3299004,-3.220,8.516,1.932,-0.068,-0.007,-0.030,1787,0,0
3299024,-3.242,8.648,1.908,-0.058,0.007,-0.025,1788,0,0
3299044,-3.328,8.684,1.946,-0.062,0.025,-0.013,1787,0,0
3299064,-3.247,8.677,1.997,-0.060,0.018,0.005,1788,0,0
3299084,-3.182,8.523,2.006,-0.088,0.005,0.013,1788,0,0
3299104,-3.139,8.396,2.033,-0.079,0.001,0.004,1787,0,0
3299124,-3.232,8.480,1.997,-0.049,0.013,-0.008,1788,0,0
3299144,-3.366,8.574,2.045,-0.058,0.015,-0.003,1787,0,0
3299164,-3.285,8.566,2.014,-0.065,0.002,0.013,1788,0,0
3299184,-3.117,8.423,1.930,-0.080,-0.001,0.010,1787,0,0
3299204,-3.108,8.394,1.939,-0.076,0.009,-0.015,1787,0,0
3299224,-3.266,8.602,1.963,-0.035,0.017,-0.026,1787,0,0
3299245,-3.342,8.765,1.966,-0.049,0.010,-0.004,1786,0,0
3299264,-3.199,8.667,1.958,-0.066,0.001,0.021,1787,0,0
3299284,-3.050,8.449,1.946,-0.065,0.009,0.024,1787,0,0
3299304,-3.110,8.356,1.975,-0.057,0.007,-0.000,1787,0,0
3299324,-3.232,8.466,2.018,-0.048,0.008,-0.014,1787,0,0
3299344,-3.309,8.540,1.982,-0.055,0.009,-0.013,1788,0,0
3299364,-3.247,8.538,1.925,-0.048,0.009,0.001,1787,0,0
3299384,-3.089,8.432,1.954,-0.072,0.016,0.000,1787,0,0
3299404,-3.168,8.353,2.037,-0.073,0.015,-0.030,1787,0,0
3299424,-3.273,8.507,2.018,-0.037,0.006,-0.044,1787,0,0
3299444,-3.349,8.660,1.961,-0.055,0.009,-0.030,1786,0,0
3299464,-3.199,8.605,1.968,-0.071,0.014,-0.015,1786,0,0
3299484,-3.077,8.459,2.006,-0.072,0.023,-0.011,1786,0,0
3299504,-3.165,8.471,2.085,-0.052,0.018,-0.026,1787,0,0
3299524,-3.359,8.643,2.083,-0.056,-0.002,-0.027,1787,0,0
3299544,-3.421,8.689,1.975,-0.056,-0.015,-0.022,1786,0,0
3299564,-3.235,8.681,1.899,-0.043,-0.009,0.000,1788,0,0
3299584,-3.072,8.449,1.930,-0.073,0.010,0.016,1786,0,0
3299604,-3.084,8.322,1.973,-0.071,0.006,-0.011,1786,0,0
3299624,-3.275,8.459,1.942,-0.055,0.006,-0.031,1786,0,0
3299644,-3.397,8.595,1.942,-0.043,-0.011,-0.029,1786,0,0
3299664,-3.251,8.648,1.810,-0.054,-0.009,-0.011,1787,0,0
3299684,-3.038,8.442,1.851,-0.081,0.014,-0.002,1787,0,0
3299704,-3.074,8.332,1.966,-0.061,0.027,-0.024,1786,0,0
3299724,-3.266,8.473,1.978,-0.042,0.018,-0.044,1786,0,0
3299744,-3.359,8.679,1.911,-0.039,0.008,-0.030,1786,0,0
3299764,-3.309,8.636,1.884,-0.069,0.011,-0.011,1787,0,0
3299784,-3.160,8.509,1.872,-0.057,0.018,0.006,1786,0,0
3299804,-3.110,8.432,1.863,-0.054,0.028,0.007,1787,0,0
3299824,-3.187,8.559,2.028,-0.068,0.017,-0.022,1787,0,0
3299844,-3.338,8.600,2.049,-0.121,-0.004,-0.030,1787,0,0
3299864,-3.304,8.602,2.105,-0.088,-0.017,-0.035,1788,0,0
3299884,-3.290,8.770,1.994,-0.020,-0.006,-0.009,1787,0,0
3299904,-3.235,8.684,2.016,-0.091,-0.000,0.007,1787,0,0
3299924,-3.218,8.622,2.045,-0.069,-0.017,0.001,1788,0,0
3299944,-3.285,8.619,2.114,-0.122,-0.034,-0.007,1788,0,0
3299964,-3.290,8.566,2.093,-0.108,-0.049,-0.000,1789,0,0
3299984,-3.251,8.497,1.956,-0.082,-0.025,0.008,1788,0,0
3300004,-3.247,8.533,1.937,-0.030,0.002,0.001,1788,0,0
3300024,-3.201,8.516,1.961,-0.070,-0.012,-0.021,1788,0,0
3300044,-3.175,8.377,2.006,-0.152,-0.018,-0.009,1788,0,0
3300064,-3.275,8.296,2.025,-0.100,0.007,-0.019,1788,0,0
3300084,-3.333,8.514,2.014,-0.029,-0.003,-0.049,1788,0,0
3300104,-3.275,8.557,2.040,-0.111,-0.019,-0.027,1789,0,0
3300124,-3.153,8.377,1.954,-0.102,0.011,0.000,1788,0,0
3300144,-3.199,8.461,1.903,-0.011,0.052,-0.021,1787,0,0
3300164,-3.311,8.686,1.961,-0.038,0.052,-0.025,1788,0,0
3300184,-3.335,8.600,2.021,-0.113,0.028,-0.008,1787,0,0
3300204,-3.182,8.471,2.018,-0.074,0.029,0.005,1788,0,0
3300224,-3.151,8.464,1.975,-0.021,0.068,0.014,1787,0,0
3300244,-3.282,8.566,1.992,-0.019,0.070,0.007,1789,0,0
3300264,-3.345,8.557,2.064,-0.087,0.041,0.006,1789,0,0
3300284,-3.268,8.444,2.124,-0.104,0.025,0.005,1789,0,0
3300304,-3.134,8.420,2.155,-0.068,0.031,-0.001,1790,0,0
3300324,-3.144,8.459,2.160,-0.032,0.042,-0.003,1789,0,0
3300344,-3.249,8.617,2.054,-0.013,0.043,-0.001,1790,0,0
3300364,-3.294,8.681,1.997,-0.038,0.032,0.015,1789,0,0
3300384,-3.251,8.557,1.968,-0.088,0.033,0.040,1790,0,0
3300404,-3.247,8.432,2.030,-0.066,0.034,0.024,1790,0,0
3300424,-3.206,8.411,2.064,-0.078,0.005,0.002,1790,0,0
3300444,-3.184,8.356,2.057,-0.095,-0.006,0.005,1790,0,0
3300464,-3.237,8.353,2.035,-0.048,0.012,-0.005,1790,0,0
3300484,-3.318,8.423,2.014,-0.036,0.029,-0.014,1790,0,0
3300504,-3.335,8.557,1.978,-0.032,0.022,-0.016,1790,0,0
3300524,-3.189,8.540,1.958,-0.079,0.009,-0.008,1789,0,0
3300544,-3.110,8.473,1.966,-0.070,0.015,-0.012,1789,0,0
3300564,-3.215,8.552,2.025,-0.047,0.030,-0.015,1789,0,0
3300584,-3.314,8.633,2.045,-0.034,0.022,-0.009,1790,0,0
3300604,-3.239,8.617,2.040,-0.063,-0.004,0.011,1790,0,0
3300624,-3.148,8.428,1.985,-0.073,-0.011,0.013,1789,0,0
3300644,-3.170,8.464,1.913,-0.030,0.006,-0.006,1789,0,0
3300664,-3.302,8.588,1.870,-0.041,0.021,-0.015,1789,0,0
3300684,-3.381,8.677,1.915,-0.052,0.013,-0.006,1791,0,0
3300704,-3.184,8.593,1.930,-0.079,0.014,0.015,1790,0,0
3300724,-3.148,8.509,1.961,-0.050,0.036,0.010,1789,0,0
3300744,-3.232,8.562,2.028,-0.043,0.035,-0.002,1789,0,0
3300764,-3.304,8.686,1.975,-0.045,0.025,0.009,1788,0,0
3300784,-3.227,8.614,2.016,-0.072,0.011,0.030,1788,0,0
3300804,-3.153,8.492,2.030,-0.069,0.017,0.033,1790,0,0
3300824,-3.144,8.444,1.973,-0.043,0.022,0.023,1789,0,0
3300844,-3.194,8.478,1.999,-0.059,0.019,0.011,1789,0,0
3300864,-3.213,8.461,2.011,-0.079,0.014,0.007,1788,0,0
3300884,-3.191,8.442,1.992,-0.063,0.018,0.009,1787,0,0
3300904,-3.203,8.456,2.009,-0.044,0.022,0.004,1789,0,0
3300924,-3.235,8.464,1.985,-0.066,0.005,-0.014,1788,0,0
3300944,-3.187,8.528,1.863,-0.051,-0.004,-0.013,1789,0,0
3300964,-3.172,8.550,1.906,-0.073,0.011,-0.005,1790,0,0
3300984,-3.170,8.511,1.923,-0.054,0.025,-0.008,1788,0,0
3301004,-3.089,8.509,1.903,-0.058,0.022,-0.002,1788,0,0
3301024,-3.179,8.583,1.875,-0.064,0.016,-0.013,1788,0,0
3301044,-3.156,8.667,1.856,-0.060,0.012,-0.009,1788,0,0
3301064,-3.211,8.653,1.846,-0.083,0.035,0.005,1789,0,0
3301084,-3.292,8.595,2.014,-0.052,0.052,0.014,1789,0,0
3301104,-3.220,8.511,2.066,-0.058,0.040,0.031,1788,0,0
3301124,-3.163,8.411,2.061,-0.057,0.028,0.019,1789,0,0
3301144,-3.151,8.408,2.078,-0.048,0.008,-0.014,1789,0,0
3301165,-3.194,8.569,2.018,-0.046,0.006,-0.016,1788,0,0
3301184,-3.247,8.600,2.059,-0.072,0.010,-0.011,1788,0,0
3301204,-3.148,8.535,2.004,-0.073,0.010,-0.000,1789,0,0
3301224,-3.134,8.444,2.030,-0.073,0.017,-0.001,1789,0,0
3301244,-3.225,8.442,2.023,-0.058,-0.002,-0.024,1789,0,0
3301264,-3.218,8.588,1.939,-0.046,-0.018,-0.027,1788,0,0
3301284,-3.237,8.638,1.853,-0.066,-0.006,-0.017,1789,0,0
3301304,-3.242,8.679,1.815,-0.038,0.013,-0.009,1788,0,0
3301324,-3.187,8.641,1.834,-0.044,0.025,0.007,1790,0,0
3301344,-3.199,8.521,1.901,-0.079,0.014,0.003,1789,0,0
3301364,-3.112,8.444,1.973,-0.086,0.008,-0.004,1788,0,0
3301384,-3.129,8.404,2.016,-0.062,0.018,-0.007,1789,0,0
3301404,-3.189,8.447,2.011,-0.034,0.014,-0.017,1788,0,0
3301424,-3.175,8.554,1.973,-0.048,0.010,-0.017,1789,0,0
3301444,-3.191,8.521,2.006,-0.065,0.012,-0.012,1789,0,0
3301464,-3.189,8.473,2.004,-0.061,0.001,-0.023,1789,0,0
3301484,-3.199,8.533,1.994,-0.066,-0.008,-0.033,1790,0,0
3301504,-3.218,8.535,1.908,-0.055,0.005,-0.022,1787,0,0
3301524,-3.259,8.576,1.860,-0.031,0.015,-0.020,1789,0,0
3301544,-3.170,8.622,1.848,-0.044,0.007,-0.022,1788,0,0
3301564,-3.129,8.600,1.824,-0.068,-0.001,-0.018,1788,0,0
3301584,-3.158,8.559,1.867,-0.068,0.007,-0.024,1788,0,0
3301604,-3.175,8.602,1.865,-0.047,0.030,-0.018,1789,0,0
3301624,-3.235,8.626,1.939,-0.038,0.036,-0.008,1789,0,0
3301644,-3.220,8.605,1.949,-0.059,0.020,0.002,1788,0,0
3301664,-3.220,8.521,1.997,-0.069,0.009,0.002,1788,0,0
3301684,-3.225,8.521,2.016,-0.056,0.003,0.001,1790,0,0
3301704,-3.261,8.499,2.016,-0.059,0.006,-0.001,1789,0,0
3301724,-3.206,8.543,1.980,-0.039,0.012,0.005,1788,0,0
3301744,-3.170,8.459,1.994,-0.061,0.014,0.005,1788,0,0
3301764,-3.268,8.461,2.045,-0.070,0.002,-0.021,1788,0,0
3301784,-3.285,8.600,2.028,-0.049,-0.014,-0.031,1788,0,0
3301804,-3.225,8.705,1.925,-0.049,-0.009,-0.013,1790,0,0
3301825,-3.089,8.595,1.978,-0.072,-0.006,0.000,1787,0,0
3301844,-3.132,8.485,1.966,-0.071,-0.005,-0.006,1788,0,0
3301864,-3.230,8.564,1.956,-0.059,-0.009,-0.014,1787,0,0
3301884,-3.292,8.705,1.887,-0.047,-0.024,-0.009,1788,0,0
3301904,-3.163,8.710,1.784,-0.064,-0.014,0.014,1788,0,0
3301924,-3.093,8.516,1.774,-0.068,0.011,0.022,1787,0,0
3301944,-3.194,8.480,1.891,-0.044,0.019,0.005,1788,0,0
3301964,-3.242,8.569,1.901,-0.060,0.008,0.003,1788,0,0
3301984,-3.273,8.523,1.932,-0.082,0.006,0.006,1788,0,0
3302004,-3.134,8.430,1.968,-0.060,0.014,0.003,1787,0,0
3302024,-3.144,8.408,1.978,-0.045,0.030,-0.005,1787,0,0
3302044,-3.220,8.468,2.059,-0.048,0.024,-0.013,1789,0,0
3302064,-3.290,8.547,2.069,-0.065,-0.003,-0.024,1790,0,0
3302084,-3.235,8.569,2.028,-0.074,-0.019,-0.021,1789,0,0
3302104,-3.160,8.550,1.944,-0.050,-0.014,-0.020,1788,0,0
3302124,-3.108,8.557,1.935,-0.036,-0.000,-0.013,1788,0,0
3302144,-3.144,8.559,1.939,-0.064,0.002,-0.016,1787,0,0
3302164,-3.163,8.610,1.927,-0.066,-0.006,-0.021,1787,0,0
3302184,-3.220,8.665,1.944,-0.064,-0.007,-0.015,1787,0,0
3302204,-3.196,8.614,1.920,-0.057,-0.013,-0.009,1788,0,0
3302224,-3.112,8.564,1.911,-0.068,-0.004,-0.006,1788,0,0
3302244,-3.158,8.569,1.884,-0.052,0.015,-0.005,1789,0,0
3302264,-3.189,8.598,1.891,-0.041,0.011,-0.001,1789,0,0
3302284,-3.146,8.550,1.901,-0.078,-0.001,0.002,1788,0,0
3302304,-3.148,8.459,1.887,-0.078,-0.001,-0.002,1789,0,0
3302324,-3.156,8.519,1.870,-0.031,0.016,-0.004,1788,0,0
3302344,-3.278,8.631,1.865,-0.046,0.033,-0.004,1788,0,0
3302364,-3.251,8.559,1.961,-0.072,0.032,0.008,1788,0,0
3302384,-3.223,8.490,1.990,-0.057,0.019,0.003,1787,0,0
3302404,-3.165,8.478,1.982,-0.050,0.010,-0.013,1786,0,0
3302424,-3.187,8.552,1.963,-0.037,0.014,-0.014,1788,0,0
3302444,-3.239,8.648,1.968,-0.044,0.016,-0.013,1788,0,0
3302464,-3.208,8.638,1.994,-0.065,0.014,-0.009,1788,0,0
3302484,-3.160,8.600,2.014,-0.046,0.011,0.003,1788,0,0
3302504,-3.136,8.574,1.980,-0.056,0.001,0.004,1788,0,0
3302524,-3.201,8.571,1.918,-0.063,-0.008,-0.006,1788,0,0
3302544,-3.235,8.619,1.867,-0.036,-0.001,-0.001,1788,0,0
3302564,-3.196,8.629,1.848,-0.047,0.006,0.009,1787,0,0
3302584,-3.144,8.538,1.867,-0.067,0.010,0.009,1788,0,0
3302604,-3.124,8.475,1.872,-0.077,0.018,0.001,1787,0,0
3302624,-3.206,8.562,1.918,-0.046,0.021,-0.009,1788,0,0
3302644,-3.220,8.681,1.908,-0.040,0.023,0.002,1786,0,0
3302664,-3.215,8.626,1.961,-0.073,0.019,0.011,1787,0,0
3302684,-3.139,8.507,1.956,-0.062,0.014,0.015,1788,0,0
3302704,-3.136,8.487,1.939,-0.038,0.014,0.014,1787,0,0
3302724,-3.163,8.514,1.944,-0.049,-0.004,0.004,1787,0,0
3302744,-3.108,8.543,1.980,-0.059,-0.013,-0.002,1787,0,0
3302764,-3.187,8.586,1.994,-0.037,-0.005,-0.004,1787,0,0
3302784,-3.194,8.729,1.973,-0.003,-0.014,0.005,1787,0,0
3302804,-3.103,8.770,1.944,-0.041,-0.024,0.017,1787,0,0
3302824,-3.098,8.612,2.009,-0.072,-0.035,0.007,1786,0,0
3302844,-3.151,8.665,1.982,-0.037,-0.043,-0.010,1788,0,0
3302864,-3.230,8.830,1.935,-0.042,-0.041,-0.004,1787,0,0
3302884,-3.160,8.844,1.939,-0.066,-0.032,0.023,1787,0,0
3302904,-3.132,8.679,1.958,-0.095,-0.035,0.027,1787,0,0
3302924,-3.136,8.509,2.033,-0.123,-0.051,0.014,1789,0,0
3302944,-3.196,8.492,2.006,-0.094,-0.064,-0.002,1788,0,0
3302964,-3.187,8.653,1.920,-0.057,-0.054,-0.002,1788,0,0
3302984,-3.139,8.660,1.865,-0.084,-0.044,0.017,1788,0,0
3303004,-3.048,8.420,1.913,-0.133,-0.054,0.016,1788,0,0
3303024,-3.026,8.346,1.899,-0.112,-0.057,-0.007,1788,0,0
3303044,-3.163,8.617,1.882,-0.045,-0.049,-0.026,1788,0,0
3303064,-3.259,8.899,1.858,-0.016,-0.048,0.000,1787,0,0
3303084,-3.256,8.849,1.848,-0.063,-0.031,0.045,1788,0,0
3303104,-3.120,8.648,1.908,-0.059,-0.030,0.064,1788,0,0
3303124,-3.069,8.504,1.978,-0.054,-0.022,0.061,1788,0,0
3303144,-3.144,8.464,2.097,-0.056,-0.018,0.054,1787,0,0
3303164,-3.273,8.521,2.229,-0.030,-0.018,0.041,1787,0,0
3303184,-3.352,8.669,2.296,-0.019,-0.026,0.045,1788,0,0
3303204,-3.306,8.748,2.318,-0.019,-0.049,0.054,1786,0,0
3303224,-3.153,8.578,2.322,-0.062,-0.075,0.065,1788,0,0
3303244,-3.077,8.466,2.322,-0.035,-0.084,0.058,1787,0,0
3303264,-2.966,8.507,2.291,-0.000,-0.090,0.055,1787,0,0
3303284,-2.866,8.535,2.191,-0.008,-0.105,0.059,1787,0,0
3303304,-2.689,8.557,2.011,-0.011,-0.127,0.058,1786,0,0
3303324,-2.595,8.533,1.872,-0.015,-0.128,0.054,1787,0,0
3303344,-2.643,8.562,1.760,-0.015,-0.116,0.039,1787,0,0
3303364,-2.626,8.657,1.666,0.009,-0.106,0.035,1787,0,0
3303384,-2.523,8.622,1.592,-0.016,-0.086,0.047,1786,0,0
3303404,-2.492,8.504,1.537,-0.013,-0.068,0.033,1787,0,0
3303424,-2.480,8.590,1.532,0.008,-0.044,0.009,1786,0,0
3303444,-2.665,8.643,1.604,-0.022,-0.025,-0.003,1785,0,0
3303464,-2.823,8.729,1.671,-0.002,-0.006,-0.005,1786,0,0
3303484,-2.842,8.808,1.714,0.001,0.022,0.010,1786,0,0
3303504,-2.761,8.698,1.753,-0.017,0.041,0.033,1786,0,0
3303526,-2.658,8.543,1.824,-0.036,0.038,0.033,1785,0,0
3303544,-2.646,8.399,1.846,-0.058,0.039,0.020,1786,0,0
3303564,-2.808,8.416,1.856,-0.021,0.050,-0.011,1786,0,0
3303584,-2.868,8.583,1.784,-0.005,0.061,-0.009,1786,0,0
3303604,-2.799,8.519,1.760,-0.037,0.066,0.006,1786,0,0
3303624,-2.756,8.356,1.788,-0.075,0.069,-0.015,1785,0,0
3303644,-2.780,8.313,1.793,-0.079,0.070,-0.055,1786,0,0
3303664,-2.768,8.473,1.688,-0.046,0.072,-0.076,1786,0,0
3303684,-2.705,8.610,1.607,-0.024,0.081,-0.076,1786,0,0
3303704,-2.758,8.669,1.580,-0.043,0.091,-0.086,1786,0,0
3303724,-2.842,8.796,1.563,-0.055,0.091,-0.104,1786,0,0
3303744,-2.868,8.981,1.513,-0.080,0.110,-0.085,1786,0,0
3303764,-2.897,9.005,1.563,-0.069,0.143,-0.056,1786,0,0
3303784,-2.990,9.041,1.688,-0.066,0.168,-0.044,1786,0,0
3303804,-3.122,9.076,1.753,-0.070,0.156,-0.034,1786,0,0
3303824,-3.158,9.117,1.796,-0.078,0.141,-0.010,1787,0,0
3303844,-3.036,8.997,1.836,-0.090,0.151,0.012,1788,0,0
3303864,-3.010,8.871,1.968,-0.085,0.161,0.020,1787,0,0
3303884,-3.093,8.842,2.124,-0.078,0.145,0.024,1787,0,0
3303904,-3.175,8.787,2.258,-0.090,0.106,0.031,1787,0,0
3303925,-3.096,8.782,2.172,-0.062,0.069,0.035,1785,0,0
3303944,-3.005,8.736,2.083,-0.087,0.058,0.043,1787,0,0
3303964,-2.974,8.622,2.052,-0.090,0.047,0.046,1787,0,0
3303984,-3.045,8.619,1.980,-0.078,0.024,0.031,1787,0,0
3304004,-3.170,8.724,1.956,-0.084,0.009,0.023,1789,0,0
3304024,-3.191,8.770,1.896,-0.078,0.001,0.031,1788,0,0
3304044,-3.129,8.686,1.918,-0.074,-0.004,0.036,1788,0,0
3304064,-2.993,8.557,1.935,-0.078,-0.018,0.030,1788,0,0
3304084,-2.883,8.504,1.918,-0.073,-0.024,0.021,1789,0,0
3304104,-2.971,8.643,1.903,-0.050,-0.022,0.007,1788,0,0
3304124,-3.062,8.832,1.870,-0.034,-0.027,0.023,1788,0,0
3304144,-3.010,8.758,1.872,-0.075,-0.033,0.043,1789,0,0
3304164,-2.789,8.490,1.887,-0.087,-0.036,0.038,1788,0,0
3304184,-2.689,8.392,1.915,-0.045,-0.028,0.017,1788,0,0
3304204,-2.737,8.507,1.935,-0.040,-0.029,-0.003,1789,0,0
3304224,-2.792,8.574,1.860,-0.071,-0.034,-0.009,1789,0,0
3304244,-2.842,8.535,1.805,-0.076,-0.030,-0.017,1789,0,0
3304264,-2.756,8.564,1.714,-0.058,-0.025,-0.029,1788,0,0
3304284,-2.713,8.631,1.647,-0.054,-0.014,-0.037,1788,0,0
3304304,-2.749,8.677,1.642,-0.087,0.000,-0.041,1788,0,0
3304324,-2.796,8.626,1.659,-0.105,0.015,-0.042,1789,0,0
3304344,-2.830,8.650,1.650,-0.076,0.023,-0.047,1788,0,0
3304364,-2.753,8.744,1.580,-0.064,0.034,-0.038,1788,0,0
3304384,-2.863,8.741,1.647,-0.082,0.047,-0.039,1787,0,0
3304404,-3.081,8.861,1.714,-0.066,0.039,-0.046,1786,0,0
3304424,-3.136,8.966,1.681,-0.079,0.051,-0.013,1789,0,0
3304444,-3.055,8.792,1.719,-0.082,0.056,0.013,1789,0,0
3304464,-2.887,8.631,1.769,-0.064,0.064,0.013,1789,0,0
3304484,-2.832,8.511,1.805,-0.080,0.067,-0.003,1789,0,0
3304504,-2.883,8.535,1.858,-0.087,0.059,-0.017,1789,0,0
3304524,-2.947,8.638,1.820,-0.082,0.058,-0.026,1789,0,0
3304544,-3.010,8.765,1.832,-0.055,0.065,-0.019,1788,0,0
3304564,-3.014,8.823,1.738,-0.063,0.061,-0.007,1788,0,0
3304584,-2.923,8.756,1.767,-0.096,0.060,-0.002,1788,0,0
3304604,-2.942,8.696,1.808,-0.106,0.072,-0.018,1788,0,0
3304624,-2.969,8.842,1.829,-0.073,0.075,-0.021,1788,0,0
3304644,-3.060,8.945,1.875,-0.088,0.073,-0.005,1789,0,0
3304664,-3.038,8.894,1.882,-0.102,0.059,0.013,1788,0,0
3304684,-2.911,8.744,1.901,-0.111,0.054,0.022,1789,0,0
3304704,-2.871,8.612,1.906,-0.098,0.051,0.021,1789,0,0
3304724,-2.840,8.662,1.911,-0.067,0.049,0.022,1788,0,0
3304744,-2.983,8.748,1.923,-0.066,0.060,0.028,1786,0,0
3304764,-3.048,8.775,1.946,-0.067,0.051,0.043,1787,0,0
3304784,-3.062,8.610,1.958,-0.090,0.041,0.060,1787,0,0
3304804,-2.971,8.375,1.901,-0.083,0.023,0.050,1788,0,0
3304824,-2.806,8.337,1.836,-0.047,0.025,0.023,1788,0,0
3304844,-2.897,8.478,1.822,-0.033,0.042,-0.005,1788,0,0
3304864,-3.010,8.727,1.767,-0.019,0.040,-0.009,1788,0,0
3304884,-3.024,8.815,1.781,-0.056,0.045,0.007,1788,0,0
3304904,-2.976,8.720,1.817,-0.068,0.049,0.009,1787,0,0
3304924,-2.832,8.712,1.820,-0.056,0.046,0.003,1786,0,0
3304944,-2.777,8.770,1.822,-0.062,0.047,0.005,1786,0,0
3304964,-2.871,8.832,1.848,-0.071,0.041,0.002,1787,0,0
3304984,-2.947,8.923,1.901,-0.073,0.040,0.003,1787,0,0
3305004,-2.998,8.976,1.891,-0.075,0.041,0.020,1787,0,0
3305024,-2.909,8.940,1.901,-0.083,0.037,0.049,1787,0,0
3305044,-2.749,8.679,1.935,-0.121,0.027,0.050,1787,0,0
3305064,-2.741,8.547,1.978,-0.116,0.020,0.032,1786,0,0
3305084,-2.887,8.598,1.985,-0.096,0.009,0.007,1787,0,0
3305104,-2.921,8.701,1.851,-0.099,-0.001,0.007,1787,0,0
3305124,-2.806,8.631,1.793,-0.119,0.012,0.022,1786,0,0
3305144,-2.734,8.452,1.827,-0.116,0.022,0.010,1786,0,0
3305164,-2.796,8.456,1.867,-0.101,0.021,-0.013,1785,0,0
3305184,-2.988,8.645,1.851,-0.090,0.018,-0.036,1786,0,0
3305204,-2.950,8.775,1.793,-0.092,0.017,-0.026,1786,0,0
3305224,-2.863,8.698,1.800,-0.094,0.019,-0.008,1787,0,0
3305244,-2.761,8.598,1.836,-0.085,0.022,-0.012,1787,0,0
3305264,-2.789,8.612,1.870,-0.064,0.028,-0.018,1787,0,0
3305284,-2.964,8.722,1.903,-0.062,0.025,-0.013,1786,0,0
3305304,-2.950,8.717,1.884,-0.084,0.018,0.001,1786,0,0
3305324,-2.837,8.566,1.860,-0.088,0.025,0.009,1787,0,0
3305344,-2.703,8.485,1.911,-0.065,0.037,0.002,1786,0,0
3305364,-2.816,8.535,1.973,-0.059,0.040,-0.021,1788,0,0
3305384,-3.026,8.672,1.994,-0.063,0.027,-0.027,1787,0,0
3305404,-3.081,8.751,1.923,-0.075,0.015,-0.020,1788,0,0
3305424,-2.909,8.629,1.908,-0.089,0.020,-0.007,1788,0,0
3305444,-2.753,8.497,1.973,-0.060,0.036,-0.010,1787,0,0
3305465,-2.851,8.574,2.035,-0.034,0.033,-0.035,1786,0,0
3305484,-2.942,8.741,1.978,-0.042,0.008,-0.029,1786,0,0
3305504,-2.954,8.794,1.944,-0.071,-0.013,-0.015,1788,0,0
3305524,-2.892,8.703,1.903,-0.059,0.004,-0.002,1787,0,0
3305544,-2.854,8.665,1.903,-0.017,0.015,0.001,1787,0,0
3305564,-2.885,8.576,1.966,-0.027,0.001,-0.005,1787,0,0
3305584,-2.947,8.607,1.901,-0.038,-0.004,-0.015,1788,0,0
3305604,-2.971,8.689,1.856,-0.031,-0.001,-0.022,1787,0,0
3305624,-2.940,8.722,1.858,-0.038,0.013,-0.016,1788,0,0
3305644,-2.863,8.727,1.896,-0.029,0.012,-0.013,1788,0,0
3305664,-2.825,8.701,1.896,-0.047,0.010,-0.018,1788,0,0
3305684,-2.849,8.724,1.882,-0.033,0.014,-0.010,1787,0,0
3305704,-2.911,8.744,1.884,-0.050,0.010,-0.011,1787,0,0
3305724,-2.957,8.753,1.908,-0.072,0.009,-0.011,1788,0,0
3305744,-2.911,8.655,1.913,-0.065,0.002,-0.003,1787,0,0
3305764,-2.892,8.636,1.844,-0.039,0.001,-0.008,1787,0,0
3305784,-2.923,8.727,1.808,-0.041,-0.003,-0.023,1787,0,0
3305804,-3.012,8.842,1.812,-0.043,0.003,-0.021,1787,0,0
3305824,-3.007,8.801,1.858,-0.071,0.005,-0.013,1787,0,0
3305844,-2.940,8.763,1.899,-0.061,0.011,0.002,1787,0,0
3305864,-2.825,8.705,1.894,-0.048,0.007,0.014,1787,0,0
3305884,-2.830,8.590,1.930,-0.081,-0.008,0.006,1788,0,0
3305904,-2.849,8.538,1.942,-0.068,-0.006,-0.008,1787,0,0
3305924,-2.919,8.636,1.918,-0.035,-0.007,-0.018,1787,0,0
3305944,-2.931,8.705,1.875,-0.053,-0.014,-0.009,1787,0,0
3305964,-2.823,8.607,1.805,-0.079,-0.025,-0.006,1787,0,0
3305984,-2.871,8.540,1.805,-0.070,-0.020,-0.029,1787,0,0
3306004,-2.904,8.746,1.726,-0.036,-0.008,-0.043,1787,0,0
3306024,-2.983,8.930,1.721,-0.045,0.007,-0.020,1785,0,0
3306044,-2.887,8.808,1.824,-0.079,0.007,0.001,1787,0,0
3306064,-2.789,8.689,1.891,-0.066,0.012,0.005,1788,0,0
3306084,-2.866,8.701,1.913,-0.055,0.014,-0.001,1786,0,0
3306104,-2.863,8.677,1.918,-0.050,-0.009,0.003,1787,0,0
3306124,-2.847,8.633,1.875,-0.070,-0.018,0.001,1787,0,0
3306144,-2.854,8.566,1.841,-0.059,-0.007,-0.007,1788,0,0
3306164,-2.931,8.633,1.827,-0.027,0.002,-0.011,1787,0,0
3306184,-2.959,8.727,1.788,-0.052,-0.003,-0.012,1787,0,0
3306204,-2.957,8.717,1.762,-0.079,0.003,-0.010,1788,0,0
3306224,-2.907,8.722,1.800,-0.049,0.022,-0.010,1787,0,0
3306244,-2.863,8.705,1.877,-0.044,0.026,-0.003,1789,0,0
3306264,-2.820,8.595,1.913,-0.074,0.004,-0.005,1787,0,0
3306284,-2.863,8.569,1.913,-0.063,-0.002,-0.017,1786,0,0
3306304,-2.974,8.705,1.860,-0.041,0.007,-0.022,1788,0,0
3306324,-2.974,8.789,1.812,-0.042,0.007,-0.013,1787,0,0
3306344,-2.861,8.703,1.858,-0.074,-0.004,-0.008,1786,0,0
3306364,-2.787,8.636,1.805,-0.070,-0.007,-0.020,1786,0,0
3306384,-2.871,8.768,1.743,-0.030,-0.001,-0.028,1787,0,0
3306404,-3.017,8.880,1.709,-0.056,0.014,-0.018,1785,0,0
3306424,-2.978,8.825,1.748,-0.076,0.022,-0.005,1787,0,0
3306444,-2.832,8.708,1.851,-0.072,0.030,0.007,1786,0,0
3306464,-2.789,8.633,1.963,-0.070,0.027,0.002,1786,0,0
3306484,-2.808,8.622,1.930,-0.068,0.013,-0.006,1787,0,0
3306504,-2.923,8.576,1.891,-0.076,0.011,-0.014,1787,0,0
3306524,-3.010,8.701,1.901,-0.055,0.007,-0.021,1786,0,0
3306544,-2.921,8.744,1.829,-0.061,0.008,0.000,1785,0,0
3306564,-2.842,8.562,1.858,-0.088,0.011,0.005,1785,0,0
3306584,-2.890,8.516,1.882,-0.073,0.004,-0.029,1786,0,0
3306604,-2.981,8.717,1.858,-0.050,0.012,-0.040,1786,0,0
3306624,-3.065,8.842,1.853,-0.045,0.016,-0.019,1787,0,0
3306645,-2.911,8.787,1.867,-0.068,0.005,0.006,1786,0,0
3306664,-2.775,8.564,1.896,-0.094,0.006,0.001,1786,0,0
3306684,-2.840,8.533,1.915,-0.064,0.004,-0.020,1786,0,0
3306704,-2.904,8.650,1.882,-0.041,-0.003,-0.025,1786,0,0
3306724,-2.938,8.698,1.836,-0.061,-0.011,-0.013,1786,0,0
3306744,-2.945,8.705,1.774,-0.058,-0.007,-0.015,1787,0,0
3306764,-2.899,8.717,1.700,-0.056,0.005,-0.015,1785,0,0
3306784,-2.916,8.722,1.719,-0.054,0.025,-0.013,1787,0,0
3306804,-2.904,8.744,1.800,-0.058,0.029,-0.012,1786,0,0
3306824,-2.916,8.734,1.891,-0.054,0.022,-0.003,1786,0,0
3306844,-2.895,8.703,1.875,-0.054,0.014,0.001,1786,0,0
3306864,-2.861,8.672,1.834,-0.051,0.013,-0.003,1786,0,0
3306884,-2.866,8.648,1.820,-0.060,0.025,-0.002,1786,0,0
3306904,-2.933,8.626,1.891,-0.060,0.034,-0.002,1785,0,0
3306924,-2.976,8.631,1.896,-0.051,0.029,-0.001,1786,0,0
3306944,-2.919,8.588,1.915,-0.058,0.022,-0.010,1787,0,0
3306964,-2.926,8.648,1.903,-0.051,0.017,-0.025,1785,0,0
3306984,-2.945,8.732,1.827,-0.031,0.019,-0.024,1785,0,0
3307004,-2.981,8.770,1.822,-0.042,0.024,-0.006,1784,0,0
3307024,-2.942,8.710,1.779,-0.052,0.024,0.001,1786,0,0
3307044,-2.823,8.674,1.820,-0.053,0.024,-0.003,1787,0,0
3307064,-2.873,8.691,1.891,-0.047,0.029,-0.002,1786,0,0
3307084,-2.931,8.727,1.930,-0.042,0.018,-0.001,1787,0,0
3307104,-2.981,8.734,1.901,-0.062,0.011,0.006,1786,0,0
3307124,-2.950,8.672,1.820,-0.060,0.005,0.009,1786,0,0
3307144,-2.919,8.610,1.836,-0.056,0.014,0.006,1787,0,0
3307165,-2.897,8.605,1.820,-0.042,0.016,-0.009,1784,0,0
3307184,-2.899,8.727,1.832,-0.044,0.005,-0.014,1786,0,0
3307204,-2.952,8.813,1.810,-0.052,0.003,-0.010,1786,0,0
3307224,-2.959,8.772,1.786,-0.057,0.007,-0.002,1786,0,0
3307244,-2.866,8.765,1.815,-0.058,0.011,0.003,1787,0,0
3307264,-2.804,8.710,1.856,-0.059,0.009,0.003,1786,0,0
3307284,-2.816,8.662,1.822,-0.066,0.003,0.000,1786,0,0
3307304,-2.885,8.662,1.817,-0.070,-0.007,-0.010,1787,0,0
3307324,-2.938,8.710,1.750,-0.063,-0.006,-0.010,1788,0,0
3307344,-2.993,8.772,1.697,-0.056,0.001,-0.006,1786,0,0
3307364,-2.902,8.751,1.688,-0.060,0.014,0.005,1786,0,0
3307384,-2.887,8.665,1.686,-0.071,0.025,0.005,1785,0,0
3307404,-2.873,8.629,1.755,-0.078,0.022,-0.008,1787,0,0
3307424,-2.840,8.614,1.803,-0.081,0.027,-0.006,1786,0,0
3307444,-2.945,8.674,1.882,-0.060,0.029,-0.012,1788,0,0
3307464,-2.907,8.748,1.848,-0.049,0.024,-0.004,1785,0,0
3307484,-2.945,8.677,1.812,-0.082,0.020,-0.001,1786,0,0
3307504,-2.938,8.583,1.822,-0.076,0.010,-0.011,1785,0,0
3307524,-2.923,8.648,1.812,-0.061,0.014,-0.016,1785,0,0
3307544,-2.904,8.655,1.827,-0.063,0.019,-0.010,1786,0,0
3307564,-2.993,8.684,1.899,-0.077,0.021,-0.019,1786,0,0
3307584,-2.990,8.684,1.860,-0.083,0.005,-0.026,1785,0,0
3307604,-3.005,8.746,1.865,-0.066,0.008,-0.022,1785,0,0
3307624,-2.971,8.775,1.867,-0.068,0.017,-0.016,1787,0,0
3307644,-2.868,8.724,1.908,-0.083,0.022,-0.008,1786,0,0
3307664,-2.890,8.650,1.999,-0.099,0.009,-0.011,1785,0,0
3307684,-2.904,8.669,1.978,-0.085,-0.009,-0.007,1785,0,0
3307704,-2.962,8.650,1.908,-0.088,-0.016,-0.010,1786,0,0
3307724,-2.921,8.650,1.844,-0.090,-0.019,-0.014,1786,0,0
3307744,-2.916,8.624,1.822,-0.086,-0.008,-0.011,1785,0,0
3307764,-2.938,8.578,1.851,-0.083,-0.006,-0.015,1786,0,0
3307784,-2.976,8.614,1.791,-0.081,-0.014,-0.025,1786,0,0
3307804,-2.914,8.641,1.731,-0.088,-0.011,-0.025,1786,0,0
3307824,-2.914,8.653,1.786,-0.068,0.002,-0.029,1787,0,0
3307844,-2.907,8.701,1.820,-0.066,0.011,-0.026,1787,0,0
3307864,-2.892,8.648,1.853,-0.082,0.007,-0.022,1787,0,0
3307884,-2.856,8.576,1.887,-0.092,-0.005,-0.022,1787,0,0
3307904,-2.861,8.514,1.887,-0.099,-0.009,-0.040,1786,0,0
3307924,-2.928,8.566,1.863,-0.104,-0.006,-0.060,1786,0,0
3307944,-2.976,8.698,1.803,-0.089,0.003,-0.061,1787,0,0
3307964,-3.072,8.823,2.025,-0.070,-0.028,-0.040,1786,0,0
3307984,-2.974,8.760,2.045,-0.117,-0.055,-0.048,1786,0,0
3308004,-3.024,8.660,2.531,-0.189,-0.210,-0.078,1783,0,0
3308024,-2.892,8.602,2.612,-0.172,-0.333,-0.114,1761,0,0
3308044,-2.746,8.526,2.586,-0.185,-0.442,-0.140,1668,0,0
3308064,-2.488,8.617,2.904,-0.156,-0.534,-0.160,1510,0,0
3308084,-2.880,8.693,2.631,-0.221,-0.516,-0.146,1422,0,0
3308104,-3.223,8.696,1.954,-0.369,-0.584,-0.110,1360,0,0
3308124,-3.464,9.364,2.234,-0.666,-0.782,0.050,1306,0,0
3308144,-3.256,9.201,1.992,-1.098,-0.772,0.165,1261,0,0
3308164,-2.909,8.806,2.729,-1.328,-0.877,0.156,1193,0,0
3308184,-2.897,8.262,2.768,-1.366,-0.753,0.134,1129,0,0
3308204,-2.351,7.793,3.642,-1.125,-0.850,0.074,1051,0,0
3308224,-2.425,7.743,3.541,-0.872,-0.791,0.089,992,0,0
3308244,-2.727,7.863,3.610,-0.171,-0.678,0.062,945,0,0
3308264,-2.725,8.502,3.443,0.098,-0.617,0.010,917,0,0
3308284,-2.744,8.622,3.500,-0.043,-0.583,0.038,898,0,0
3308304,-2.243,7.920,3.302,-0.189,-0.483,-0.032,880,0,0
3308324,-1.463,8.171,2.342,-0.086,0.040,-0.074,876,0,0
3308344,-1.896,7.489,2.787,-0.153,0.479,-0.188,871,0,0
3308364,-2.440,7.867,3.158,-0.048,0.719,-0.308,864,0,0
3308384,-3.110,8.234,3.682,-0.134,0.722,-0.342,867,0,0
3308404,-3.232,8.516,3.802,-0.196,0.589,-0.228,873,0,0
3308424,-3.041,8.248,3.618,-0.315,0.595,-0.165,880,0,0
3308444,-3.249,7.956,4.063,-0.247,0.571,-0.153,885,0,0
3308464,-3.077,8.159,4.154,-0.198,0.482,-0.122,893,0,0
3308484,-3.081,7.932,4.180,-0.098,0.468,-0.112,899,0,0
3308504,-3.211,8.107,4.111,0.041,0.448,-0.133,909,0,0
3308524,-3.261,8.308,3.721,0.072,0.491,-0.126,913,0,0
3308544,-3.455,8.231,3.596,0.079,0.555,-0.115,916,0,0
3308564,-3.419,8.049,3.436,0.108,0.503,-0.102,923,0,0
3308584,-3.146,7.951,3.177,0.131,0.438,-0.069,925,0,0
3308604,-2.629,7.863,3.050,0.126,0.364,-0.049,929,0,0
3308624,-1.932,7.578,2.844,0.031,0.348,-0.042,933,0,0
3308644,-1.348,6.950,2.844,-0.028,0.272,-0.058,936,0,0
3308664,-0.637,6.163,2.521,-0.040,0.186,-0.110,940,0,0
3308684,-0.055,5.040,2.370,0.008,0.075,-0.235,942,0,0
3308704,0.807,4.647,1.765,0.003,0.085,-0.391,944,0,0
3308724,1.207,3.443,1.987,-0.031,0.090,-0.544,944,0,0
3308744,1.654,2.883,1.812,0.025,0.120,-0.778,947,0,0
3308764,1.518,2.332,1.788,0.226,0.225,-1.023,951,0,0
3308784,0.788,2.102,2.028,0.549,0.300,-1.245,955,0,0
3308804,-1.037,2.746,2.279,0.878,0.395,-1.626,957,0,0
3308824,-3.213,4.808,2.741,0.857,0.359,-1.982,959,0,0
3308845,-6.577,7.278,3.464,0.196,0.127,-2.145,958,0,0
3308864,-9.222,8.768,3.886,-0.352,-0.191,-2.034,959,0,0
3308884,-11.832,10.297,4.436,-0.549,-0.429,-1.777,959,0,0
3308904,-13.716,11.710,4.707,-0.606,-0.599,-1.367,959,0,0
3308924,-14.317,12.333,4.092,-0.626,-0.440,-1.136,960,0,0
3308944,-14.743,12.900,4.152,-0.463,-0.153,-0.709,960,0,0
3308964,-14.365,12.534,4.602,-0.377,-0.045,-0.148,962,0,0
3308984,-12.893,11.179,4.865,-0.493,-0.008,0.308,962,0,0
3309004,-11.339,8.990,5.148,-0.618,0.018,0.533,963,0,0
3309024,-10.250,7.796,5.250,-0.579,0.129,0.622,964,0,0
3309044,-9.981,7.456,5.174,-0.310,0.285,0.709,965,0,0
3309064,-9.835,7.738,4.946,0.039,0.407,0.791,965,0,0
3309084,-9.297,8.116,4.568,0.215,0.472,0.967,967,0,0
3309104,-8.552,7.889,4.245,0.164,0.415,1.118,968,0,0
3309124,-7.439,7.769,3.692,0.048,0.239,1.295,968,0,0
3309144,-6.045,7.106,2.902,-0.203,0.229,1.292,966,0,0
3309164,-4.484,6.436,2.550,0.049,0.327,1.305,969,0,0
3309184,-3.007,6.443,2.397,0.350,0.391,1.278,969,0,0
3309204,-1.635,6.433,2.212,0.221,0.276,1.254,968,0,0
3309224,-0.053,5.430,2.095,-0.061,0.032,1.188,967,0,0
3309244,1.652,4.391,1.676,-0.188,-0.109,1.022,966,0,0
3309264,2.569,3.469,1.477,-0.150,-0.101,0.775,967,0,0
3309284,3.000,3.421,1.312,0.064,-0.083,0.513,967,0,0
3309304,2.904,4.238,1.207,0.121,-0.058,0.290,967,0,0
3309324,2.945,3.953,1.247,0.000,-0.107,0.123,970,0,0
3309344,2.840,3.369,1.185,-0.156,-0.185,-0.127,969,0,0
3309364,2.761,2.624,1.326,-0.282,-0.324,-0.370,970,0,0
3309384,2.679,1.549,1.077,-0.229,-0.381,-0.690,969,0,0
3309404,2.011,1.779,0.948,0.079,-0.229,-1.063,970,0,0
3309424,0.500,2.610,1.329,0.298,-0.034,-1.374,970,0,0
3309444,-1.384,3.215,2.231,0.068,-0.008,-1.726,969,0,0
3309464,-3.385,2.842,3.227,-0.259,-0.077,-2.172,967,0,0
3309484,-8.274,5.107,4.477,0.137,-0.232,-2.448,969,0,0
3309504,-12.649,11.605,4.465,0.002,-0.512,-2.248,971,0,0
3309524,-14.059,12.866,4.336,-1.305,-0.592,-1.641,971,0,0
3309544,-14.418,8.842,4.934,-1.401,-0.388,-1.365,969,0,0
3309564,-14.281,9.613,4.968,-0.207,-0.022,-1.243,971,0,0
3309584,-13.582,10.685,5.018,0.104,0.176,-0.798,972,0,0
3309604,-13.099,9.699,5.504,-0.152,0.196,-0.392,973,0,0
3309624,-12.443,9.143,5.583,-0.272,0.179,-0.078,975,0,0
3309644,-12.222,8.842,5.691,-0.230,0.228,0.251,975,0,0
3309664,-11.502,7.927,5.657,-0.104,0.280,0.513,974,0,0
3309684,-10.800,7.350,5.624,0.021,0.306,0.694,976,0,0
3309704,-10.283,7.228,5.432,0.125,0.264,0.890,976,0,0
3309724,-9.713,6.742,4.978,0.110,0.277,1.021,976,0,0
3309744,-9.225,6.507,4.707,0.275,0.287,1.087,976,0,0
3309764,-8.581,7.010,4.209,0.398,0.307,1.170,976,0,0
3309784,-7.551,7.025,3.709,0.313,0.257,1.252,975,0,0
3309804,-6.541,6.886,3.110,0.209,0.218,1.312,975,0,0
3309824,-5.954,7.077,2.559,0.196,0.162,1.290,975,0,0
3309844,-4.441,7.441,1.889,0.164,0.111,1.336,975,0,0
3309864,-3.311,7.338,2.002,-0.087,0.055,1.352,975,0,0
3309884,-1.765,6.778,2.042,-0.181,0.010,1.351,975,0,0
3309904,-1.044,6.172,2.217,-0.191,-0.048,1.273,974,0,0
3309924,-0.165,5.746,2.138,0.003,-0.027,1.122,974,0,0
3309944,0.414,5.875,2.236,0.223,-0.038,1.025,975,0,0
3309964,0.457,5.516,2.239,0.090,-0.120,0.882,976,0,0
3309984,0.175,5.878,1.968,-0.026,-0.196,0.736,975,0,0
3310004,-0.237,6.009,1.980,-0.125,-0.198,0.640,976,0,0
3310024,-0.883,6.452,1.939,-0.030,-0.134,0.511,976,0,0
3310044,-1.290,6.716,1.968,-0.017,-0.087,0.436,976,0,0
3310064,-1.573,6.134,2.140,-0.100,-0.099,0.318,977,0,0
3310084,-2.028,6.084,2.195,-0.141,-0.127,0.159,976,0,0
3310104,-2.607,6.694,2.284,-0.051,-0.088,0.030,977,0,0
3310124,-3.230,7.664,2.456,0.006,-0.027,-0.019,978,0,0
3310144,-3.625,8.052,2.744,-0.054,-0.015,-0.035,980,0,0
3310164,-3.831,8.217,2.878,-0.092,-0.015,-0.059,979,0,0
3310184,-3.699,8.164,2.998,-0.029,-0.028,-0.049,981,0,0
3310204,-3.713,8.260,3.199,0.044,-0.075,-0.022,979,0,0
3310224,-3.649,8.052,3.373,0.045,-0.172,0.009,981,0,0
3310244,-3.733,8.061,3.364,0.054,-0.269,-0.011,982,0,0
3310264,-3.541,8.260,3.098,0.062,-0.291,-0.014,982,0,0
3310284,-3.472,8.428,2.962,0.022,-0.239,0.001,987,0,0
3310304,-3.764,8.471,3.002,0.002,-0.190,0.031,991,0,0
3310324,-3.857,8.626,2.875,0.006,-0.163,0.032,1001,0,0
3310344,-3.757,8.612,2.677,-0.127,-0.114,0.055,1009,0,0
3310364,-3.560,8.514,2.717,-0.277,-0.013,0.043,1026,0,0
3310384,-3.156,8.353,2.844,-0.431,0.061,-0.023,1054,0,0
3310404,-3.105,8.145,2.978,-0.566,0.138,-0.044,1088,0,0
3310424,-3.326,7.633,3.103,-0.501,0.180,-0.072,1126,0,0
3310444,-3.474,7.807,3.385,-0.154,0.108,-0.115,1163,0,0
3310464,-3.426,8.219,3.414,-0.041,0.011,-0.036,1205,0,0
3310484,-3.232,8.176,3.304,-0.222,-0.054,-0.049,1277,0,0
3310504,-2.911,8.140,2.485,-0.340,0.020,-0.047,1369,0,0
3310524,-2.832,8.042,1.767,-0.356,0.281,-0.038,1471,0,0
3310544,-2.538,8.016,1.652,-0.240,0.648,0.009,1585,0,0
3310564,-3.017,8.332,4.499,-0.175,0.405,0.101,1657,0,0
3310584,-3.086,7.140,4.872,-0.515,0.240,0.082,1704,0,0
3310604,-3.292,7.518,4.221,-0.331,0.044,-0.087,1738,0,0
3310624,-3.053,8.466,3.675,0.262,0.025,-0.067,1760,0,0
3310644,-3.280,8.559,2.981,0.071,0.168,0.042,1776,0,0
3310664,-3.357,8.176,3.208,0.140,0.121,0.092,1791,0,0
3310684,-3.388,8.351,3.349,0.118,0.026,0.066,1798,0,0
3310704,-3.424,8.377,3.232,-0.033,-0.018,0.069,1799,0,0
3310724,-3.481,8.246,3.168,-0.095,-0.010,0.058,1801,0,0
3310744,-3.309,8.045,3.244,-0.079,-0.044,0.061,1798,0,0
3310764,-3.311,8.001,3.117,-0.091,0.014,0.071,1798,0,0
3310784,-3.247,7.949,3.472,-0.020,0.004,0.046,1799,0,0
3310804,-3.201,7.942,3.567,-0.043,-0.048,0.015,1797,0,0
3310824,-3.091,7.889,3.479,-0.059,-0.060,0.039,1796,0,0
3310844,-2.990,7.901,3.275,0.024,-0.050,0.064,1793,0,0
3310864,-3.072,7.894,3.096,0.042,-0.028,0.057,1792,0,0
3310884,-3.280,8.109,3.108,0.075,-0.014,0.008,1792,0,0
3310904,-3.302,8.183,3.072,-0.004,-0.019,-0.028,1791,0,0
3310924,-3.287,8.126,3.098,-0.082,-0.005,-0.007,1789,0,0
3310944,-3.163,8.021,3.153,-0.053,0.003,-0.012,1787,0,0
3310964,-2.995,8.023,3.256,-0.027,0.010,-0.021,1782,0,0
3310984,-3.084,8.056,3.062,-0.011,0.035,-0.032,1780,0,0
3311004,-3.232,8.124,3.211,-0.013,0.015,-0.028,1778,0,0
3311024,-3.314,8.116,3.165,-0.064,0.007,-0.038,1777,0,0
3311044,-3.136,8.210,3.244,-0.012,-0.001,-0.032,1777,0,0
3311064,-3.019,8.164,3.189,-0.041,0.005,-0.018,1777,0,0
3311084,-3.120,8.167,3.077,-0.032,0.000,-0.027,1775,0,0
3311104,-3.371,8.329,3.079,-0.011,0.008,-0.042,1772,0,0
3311124,-3.287,8.392,3.065,-0.010,0.003,-0.011,1768,0,0
3311144,-3.199,8.238,3.057,-0.059,0.022,0.016,1766,0,0
3311164,-3.096,8.133,3.110,-0.032,0.015,0.012,1765,0,0
3311184,-3.115,8.143,3.144,-0.055,0.028,0.001,1763,0,0
3311204,-3.259,8.171,3.151,-0.046,0.033,0.001,1761,0,0
3311224,-3.318,8.167,3.189,-0.032,0.027,-0.008,1760,0,0
3311244,-3.144,8.155,3.160,-0.010,-0.005,0.007,1758,0,0
3311264,-3.146,8.124,3.026,-0.028,0.004,0.009,1755,0,0
3311284,-3.215,8.080,3.026,-0.039,0.005,-0.004,1754,0,0
3311304,-3.259,8.100,3.074,-0.060,0.010,-0.006,1750,0,0
3311324,-3.189,8.080,3.072,-0.047,0.009,-0.018,1748,0,0
3311344,-3.108,8.104,3.038,0.001,0.016,-0.014,1745,0,0
3311364,-3.158,8.155,3.010,-0.003,0.001,-0.017,1744,0,0
3311384,-3.194,8.224,2.976,-0.039,-0.000,-0.021,1744,0,0
3311404,-3.230,8.284,2.993,-0.039,0.031,-0.022,1742,0,0
3311424,-3.158,8.210,3.029,-0.018,0.042,-0.021,1740,0,0
3311444,-3.108,8.215,3.002,0.017,0.041,-0.016,1739,0,0
3311464,-3.189,8.248,3.019,0.001,0.034,-0.011,1737,0,0
3311484,-3.294,8.317,3.041,-0.042,0.012,-0.010,1735,0,0
3311504,-3.302,8.296,3.041,-0.062,0.010,-0.000,1735,0,0
3311524,-3.211,8.195,2.995,-0.034,0.017,0.021,1733,0,0
3311544,-3.129,8.138,2.986,-0.037,0.010,0.013,1732,0,0
3311564,-3.139,8.092,2.938,-0.055,0.011,-0.011,1731,0,0
3311584,-3.223,8.133,2.940,-0.051,0.027,-0.019,1731,0,0
3311604,-3.342,8.255,3.005,-0.035,0.027,-0.018,1731,0,0
3311624,-3.227,8.265,3.024,-0.062,0.007,-0.007,1728,0,0
3311644,-3.141,8.131,2.971,-0.087,0.021,0.003,1728,0,0
3311664,-3.139,8.147,2.995,-0.038,0.031,-0.015,1728,0,0
3311684,-3.223,8.205,3.024,-0.043,0.024,-0.017,1727,0,0
3311704,-3.290,8.241,2.938,-0.042,0.008,-0.016,1725,0,0
3311724,-3.179,8.219,2.909,-0.067,-0.005,-0.011,1724,0,0
3311744,-3.156,8.155,2.895,-0.072,0.011,-0.007,1723,0,0
3311764,-3.187,8.246,2.899,-0.033,0.027,-0.010,1721,0,0
3311784,-3.282,8.368,2.887,-0.038,0.039,-0.003,1721,0,0
3311804,-3.328,8.325,2.897,-0.067,0.044,0.005,1722,0,0
3311824,-3.196,8.212,2.993,-0.075,0.037,0.013,1721,0,0
3311844,-3.160,8.174,3.055,-0.059,0.039,0.008,1722,0,0
3311864,-3.144,8.248,3.057,-0.031,0.038,0.013,1719,0,0
3311884,-3.218,8.224,3.053,-0.054,0.024,0.018,1719,0,0
3311904,-3.359,8.229,3.057,-0.058,0.013,0.006,1718,0,0
3311924,-3.299,8.289,3.038,-0.058,0.010,0.008,1717,0,0
3311944,-3.170,8.176,2.962,-0.059,0.020,0.025,1717,0,0
3311964,-3.141,8.052,2.976,-0.057,0.010,0.012,1715,0,0
3311984,-3.242,8.143,2.950,-0.049,0.007,-0.015,1715,0,0
3312004,-3.273,8.246,2.952,-0.055,0.013,-0.016,1714,0,0
3312024,-3.223,8.241,2.962,-0.075,0.020,-0.007,1714,0,0
3312044,-3.115,8.198,3.012,-0.067,0.022,-0.006,1713,0,0
3312064,-3.105,8.203,3.002,-0.048,0.000,-0.010,1712,0,0
3312084,-3.227,8.270,2.926,-0.080,-0.013,-0.010,1712,0,0
3312104,-3.237,8.229,2.851,-0.068,-0.010,0.001,1712,0,0
3312124,-3.199,8.284,2.796,-0.036,0.010,0.007,1712,0,0
3312144,-3.103,8.226,2.818,-0.050,0.026,0.013,1710,0,0
3312164,-3.108,8.140,2.851,-0.043,0.033,0.018,1709,0,0
3312184,-3.223,8.181,2.847,-0.040,0.031,0.012,1707,0,0
3312204,-3.259,8.224,2.880,-0.056,0.024,0.003,1707,0,0
3312224,-3.237,8.289,2.835,-0.039,0.045,0.007,1705,0,0
3312244,-3.148,8.310,2.859,-0.026,0.061,0.016,1703,0,0
3312264,-3.093,8.226,2.947,-0.056,0.051,0.015,1703,0,0
3312284,-3.117,8.157,2.978,-0.064,0.038,0.012,1703,0,0
3312304,-3.177,8.212,2.962,-0.050,0.038,0.005,1701,0,0
3312324,-3.170,8.305,2.907,-0.032,0.044,0.009,1701,0,0
3312344,-3.175,8.349,2.899,-0.012,0.054,0.025,1700,0,0
3312364,-3.199,8.349,2.938,-0.019,0.044,0.035,1700,0,0
3312384,-3.225,8.377,2.916,-0.056,0.034,0.029,1700,0,0
3312404,-3.218,8.344,2.974,-0.065,0.034,0.023,1700,0,0
3312424,-3.163,8.358,2.928,-0.033,0.036,0.033,1698,0,0
3312444,-3.172,8.291,2.950,-0.038,0.026,0.037,1698,0,0
3312464,-3.177,8.274,2.926,-0.040,0.021,0.040,1697,0,0
3312484,-3.132,8.236,2.923,-0.051,0.019,0.036,1698,0,0
3312504,-3.129,8.217,2.875,-0.066,0.019,0.025,1696,0,0
3312524,-3.036,8.150,2.897,-0.062,0.020,0.031,1696,0,0
3312544,-3.112,8.088,2.942,-0.048,0.015,0.024,1695,0,0
3312564,-3.273,8.164,2.873,-0.033,0.017,0.006,1696,0,0
3312584,-3.259,8.301,2.895,-0.025,0.012,0.003,1695,0,0
3312604,-3.093,8.164,2.792,-0.037,0.020,0.017,1695,0,0
3312624,-3.029,8.119,2.832,0.018,0.037,0.001,1695,0,0
3312644,-3.156,8.277,2.840,-0.012,0.025,-0.034,1694,0,0
3312664,-3.256,8.425,2.835,-0.050,-0.000,-0.044,1694,0,0
3312684,-3.184,8.521,2.758,-0.025,0.005,-0.017,1694,0,0
3312704,-3.065,8.473,2.770,-0.033,0.016,0.005,1692,0,0
3312724,-3.026,8.341,2.792,-0.055,0.009,0.005,1692,0,0
3312744,-3.036,8.315,2.777,-0.037,-0.001,-0.001,1691,0,0
3312764,-3.050,8.370,2.710,-0.039,0.005,0.004,1691,0,0
3312784,-3.053,8.329,2.763,-0.051,0.013,0.015,1690,0,0
3312804,-3.089,8.284,2.710,-0.049,0.013,0.018,1686,0,0
3312824,-3.134,8.291,2.710,-0.048,0.015,0.003,1689,0,0
3312844,-3.112,8.327,2.674,-0.051,0.022,0.003,1688,0,0
3312864,-3.086,8.337,2.660,-0.025,0.036,0.015,1687,0,0
3312884,-3.122,8.353,2.720,-0.038,0.040,0.020,1690,0,0
3312904,-3.184,8.358,2.763,-0.044,0.042,0.008,1688,0,0
3312924,-3.168,8.404,2.813,-0.063,0.033,-0.003,1687,0,0
3312944,-3.038,8.375,2.832,-0.058,0.029,0.009,1688,0,0
3312964,-3.029,8.296,2.801,-0.055,0.023,0.013,1687,0,0
3312984,-3.012,8.205,2.806,-0.062,0.011,0.008,1687,0,0
3313004,-3.089,8.236,2.763,-0.067,0.009,-0.006,1687,0,0
3313024,-3.089,8.313,2.744,-0.055,0.014,-0.015,1687,0,0
3313044,-3.105,8.365,2.737,-0.051,0.018,-0.012,1687,0,0
3313064,-3.177,8.353,2.744,-0.051,0.015,-0.012,1686,0,0
3313084,-3.124,8.337,2.720,-0.070,0.008,-0.013,1686,0,0
3313104,-3.108,8.301,2.763,-0.094,0.017,-0.006,1686,0,0
3313124,-3.084,8.231,2.775,-0.062,0.023,-0.013,1686,0,0
3313144,-3.038,8.334,2.811,-0.035,0.018,-0.014,1686,0,0
3313164,-3.108,8.380,2.799,-0.065,0.011,-0.012,1686,0,0
3313184,-3.189,8.363,2.784,-0.076,0.008,-0.016,1685,0,0
3313204,-3.148,8.454,2.715,-0.041,0.010,-0.009,1686,0,0
3313224,-3.069,8.411,2.720,-0.061,0.022,0.009,1686,0,0
3313244,-2.990,8.243,2.753,-0.083,0.013,0.003,1685,0,0
3313264,-3.120,8.258,2.741,-0.068,0.007,-0.008,1686,0,0
3313284,-3.230,8.392,2.725,-0.059,0.015,-0.011,1685,0,0
3313304,-3.242,8.452,2.708,-0.051,0.015,0.003,1686,0,0
3313324,-3.079,8.377,2.693,-0.052,0.011,0.016,1685,0,0
3313344,-3.012,8.241,2.717,-0.078,0.019,0.009,1686,0,0
3313364,-3.091,8.215,2.768,-0.063,0.022,-0.003,1686,0,0
3313384,-3.096,8.248,2.761,-0.066,0.009,-0.002,1686,0,0
3313404,-3.093,8.229,2.705,-0.065,0.002,0.000,1686,0,0
3313424,-3.115,8.200,2.741,-0.043,0.010,-0.011,1686,0,0
3313444,-3.175,8.310,2.734,-0.044,0.021,-0.019,1686,0,0
3313464,-3.112,8.282,2.784,-0.080,0.020,-0.007,1685,0,0
3313484,-3.115,8.222,2.799,-0.058,0.019,-0.013,1685,0,0
3313504,-3.029,8.341,2.729,-0.021,0.014,-0.022,1684,0,0
3313524,-3.050,8.413,2.708,-0.050,0.017,-0.023,1686,0,0
3313544,-3.100,8.440,2.756,-0.059,0.015,-0.021,1685,0,0
3313564,-3.134,8.428,2.765,-0.071,0.020,-0.017,1685,0,0
3313584,-3.115,8.425,2.756,-0.057,0.023,-0.002,1685,0,0
3313604,-2.981,8.373,2.713,-0.039,0.017,0.015,1686,0,0
3313624,-2.962,8.207,2.698,-0.069,0.013,0.010,1685,0,0
3313644,-3.024,8.126,2.701,-0.063,0.006,-0.015,1684,0,0
3313664,-3.206,8.282,2.670,-0.058,0.016,-0.038,1685,0,0
3313684,-3.237,8.432,2.677,-0.041,0.029,-0.019,1685,0,0
3313704,-3.158,8.377,2.698,-0.054,0.033,-0.008,1684,0,0
3313724,-3.129,8.272,2.741,-0.067,0.033,-0.020,1684,0,0
3313744,-3.165,8.320,2.729,-0.051,0.027,-0.025,1685,0,0
3313764,-3.201,8.377,2.784,-0.060,0.019,-0.025,1685,0,0
3313784,-3.218,8.473,2.761,-0.045,0.023,-0.017,1685,0,0
3313804,-3.175,8.461,2.741,-0.041,0.033,0.000,1685,0,0
3313824,-3.093,8.308,2.818,-0.059,0.026,0.008,1685,0,0
3313844,-3.115,8.222,2.811,-0.068,-0.002,-0.014,1684,0,0
3313864,-3.072,8.282,2.761,-0.060,-0.012,-0.020,1684,0,0
3313884,-3.079,8.298,2.705,-0.058,-0.005,-0.016,1685,0,0
3313904,-3.127,8.274,2.715,-0.056,-0.008,-0.034,1684,0,0
3313924,-3.168,8.432,2.638,-0.041,0.003,-0.032,1684,0,0
3313944,-3.160,8.485,2.579,-0.036,0.005,-0.014,1684,0,0
3313964,-3.057,8.356,2.631,-0.090,0.001,-0.013,1685,0,0
3313984,-3.096,8.291,2.650,-0.097,0.011,-0.025,1684,0,0
3314004,-3.151,8.380,2.749,-0.041,0.026,-0.023,1684,0,0
3314024,-3.168,8.492,2.789,-0.031,0.023,0.000,1684,0,0
3314044,-3.153,8.430,2.756,-0.050,0.007,0.011,1684,0,0
3314077,-3.124,8.272,2.765,-0.060,0.008,0.003,1685,0,0
3314088,-3.136,8.241,2.787,-0.064,0.005,-0.005,1685,0,0
3314104,-3.175,8.274,2.789,-0.055,0.003,-0.003,1683,0,0
3314124,-3.103,8.234,2.708,-0.044,0.002,0.003,1685,0,0
3314144,-3.055,8.217,2.679,-0.049,-0.005,-0.015,1685,0,0
3314164,-3.132,8.341,2.655,-0.043,0.008,-0.030,1684,0,0
3314184,-3.270,8.483,2.686,-0.034,0.008,-0.024,1683,0,0
3314204,-3.227,8.475,2.564,-0.048,0.006,0.004,1683,0,0
3314224,-3.048,8.272,2.569,-0.062,0.014,0.019,1683,0,0
3314244,-3.043,8.217,2.591,-0.028,0.027,0.002,1683,0,0
3314264,-3.112,8.337,2.607,-0.028,0.023,-0.027,1683,0,0
3314284,-3.227,8.444,2.629,-0.068,0.017,-0.020,1682,0,0
3314304,-3.168,8.394,2.655,-0.060,0.023,-0.007,1683,0,0
3314324,-3.103,8.358,2.744,-0.040,0.038,-0.004,1683,0,0
3314344,-3.156,8.456,2.775,-0.015,0.046,0.003,1682,0,0
3314364,-3.239,8.502,2.818,-0.050,0.031,-0.002,1683,0,0
3314384,-3.232,8.430,2.844,-0.084,-0.001,-0.003,1682,0,0
3314404,-3.134,8.418,2.830,-0.056,-0.011,0.015,1682,0,0
3314424,-3.045,8.332,2.811,-0.056,-0.010,0.018,1681,0,0
3314444,-3.041,8.243,2.744,-0.044,-0.017,0.011,1682,0,0
3314464,-3.139,8.272,2.696,-0.046,-0.033,-0.008,1682,0,0
3314484,-3.093,8.308,2.598,-0.067,-0.040,-0.013,1681,0,0
3314504,-3.144,8.332,2.471,-0.054,-0.017,-0.003,1681,0,0
3314524,-3.108,8.341,2.480,-0.039,-0.003,-0.006,1682,0,0
3314544,-3.072,8.370,2.404,-0.053,0.006,-0.008,1682,0,0
3314564,-3.036,8.334,2.440,-0.050,0.019,-0.010,1681,0,0
3314584,-3.060,8.329,2.478,-0.042,0.037,-0.017,1682,0,0
3314604,-3.127,8.425,2.540,-0.001,0.069,-0.022,1681,0,0
3314624,-3.196,8.502,2.650,-0.008,0.078,-0.015,1682,0,0
3314644,-3.235,8.461,2.696,-0.063,0.042,0.006,1682,0,0
3314664,-3.139,8.382,2.722,-0.080,0.021,0.004,1683,0,0
3314684,-3.141,8.382,2.770,-0.063,0.028,-0.003,1683,0,0
3314704,-3.136,8.310,2.823,-0.074,0.020,0.007,1682,0,0
3314724,-3.108,8.198,2.883,-0.079,0.005,-0.006,1682,0,0
3314744,-3.093,8.274,2.806,-0.034,-0.001,-0.023,1682,0,0
3314764,-3.158,8.466,2.710,-0.046,-0.007,-0.025,1682,0,0
3314784,-3.199,8.490,2.703,-0.078,-0.037,-0.024,1683,0,0
3314804,-3.163,8.492,2.593,-0.068,-0.042,-0.002,1682,0,0
3314824,-3.129,8.473,2.528,-0.060,-0.026,0.009,1682,0,0
3314844,-3.065,8.423,2.464,-0.051,-0.013,0.019,1681,0,0
3314864,-3.043,8.315,2.435,-0.060,-0.003,0.019,1680,0,0
3314885,-3.048,8.212,2.495,-0.086,0.003,-0.006,1682,0,0
3314904,-3.079,8.231,2.550,-0.071,0.016,-0.015,1681,0,0
3314924,-3.110,8.373,2.564,-0.041,0.026,-0.013,1681,0,0
3314944,-3.072,8.423,2.540,-0.058,0.028,-0.007,1681,0,0
3314964,-3.050,8.356,2.550,-0.073,0.029,-0.003,1680,0,0
3314984,-3.112,8.353,2.595,-0.069,0.031,-0.017,1681,0,0
3315004,-3.187,8.423,2.593,-0.061,0.036,-0.018,1680,0,0
3315024,-3.189,8.495,2.684,-0.056,0.034,-0.004,1680,0,0
3315044,-3.029,8.408,2.684,-0.072,0.028,0.012,1681,0,0
3315064,-2.983,8.274,2.703,-0.072,0.031,0.005,1681,0,0
3315084,-3.053,8.241,2.717,-0.062,0.028,-0.008,1681,0,0
3315104,-3.211,8.363,2.689,-0.049,0.014,-0.019,1681,0,0
3315124,-3.249,8.483,2.674,-0.071,0.003,-0.018,1681,0,0
3315144,-3.175,8.437,2.622,-0.081,0.013,0.003,1681,0,0
3315164,-3.096,8.267,2.631,-0.067,0.017,0.003,1681,0,0
3315184,-3.077,8.274,2.636,-0.066,0.014,-0.012,1680,0,0
3315204,-3.115,8.368,2.598,-0.056,0.011,-0.025,1680,0,0
3315224,-3.187,8.456,2.641,-0.058,0.015,-0.021,1680,0,0
3315244,-3.124,8.444,2.660,-0.078,0.005,-0.018,1680,0,0
3315264,-3.103,8.418,2.598,-0.079,0.009,-0.006,1680,0,0
3315284,-3.108,8.444,2.631,-0.056,0.017,0.000,1680,0,0
3315304,-3.151,8.466,2.540,-0.054,0.015,0.006,1681,0,0
3315324,-3.148,8.408,2.521,-0.076,0.010,0.012,1680,0,0
3315344,-3.091,8.365,2.504,-0.075,0.013,0.010,1680,0,0
3315364,-3.041,8.384,2.488,-0.057,0.037,0.011,1680,0,0
3315384,-3.067,8.373,2.504,-0.060,0.042,0.015,1681,0,0
3315404,-3.045,8.341,2.516,-0.080,0.033,0.005,1681,0,0
3315424,-3.089,8.387,2.500,-0.090,0.040,-0.005,1681,0,0
3315444,-3.129,8.514,2.452,-0.047,0.059,0.005,1680,0,0
3315464,-3.110,8.526,2.516,-0.070,0.074,0.023,1680,0,0
3315484,-3.136,8.368,2.643,-0.102,0.068,0.030,1680,0,0
3315504,-3.117,8.253,2.768,-0.076,0.049,0.021,1680,0,0
3315524,-3.139,8.265,2.768,-0.065,0.047,0.010,1680,0,0
3315544,-3.187,8.322,2.794,-0.039,0.040,0.005,1681,0,0
3315564,-3.168,8.406,2.746,-0.046,0.029,0.001,1681,0,0
3315584,-3.247,8.370,2.830,-0.085,0.024,0.003,1680,0,0
3315604,-3.179,8.341,2.859,-0.076,0.021,0.000,1681,0,0
3315624,-3.122,8.282,2.878,-0.084,0.009,-0.013,1682,0,0
3315644,-3.069,8.303,2.837,-0.080,-0.008,-0.015,1681,0,0
3315664,-3.089,8.337,2.770,-0.088,-0.012,-0.013,1681,0,0
3315684,-3.151,8.349,2.746,-0.079,-0.018,-0.016,1681,0,0
3315704,-3.062,8.375,2.629,-0.074,-0.037,-0.015,1681,0,0
3315724,-3.000,8.296,2.571,-0.105,-0.044,-0.016,1682,0,0
3315744,-3.055,8.308,2.504,-0.073,-0.030,-0.025,1681,0,0
3315764,-3.144,8.418,2.464,-0.051,-0.004,-0.014,1680,0,0
3315784,-3.158,8.428,2.444,-0.064,-0.005,-0.007,1680,0,0
3315804,-3.005,8.334,2.421,-0.068,-0.006,-0.005,1679,0,0
3315824,-2.969,8.253,2.442,-0.071,0.019,-0.007,1680,0,0
3315844,-2.964,8.231,2.488,-0.050,0.046,-0.013,1680,0,0
3315864,-3.141,8.310,2.586,-0.057,0.062,-0.031,1680,0,0
3315884,-3.227,8.461,2.641,-0.055,0.052,-0.039,1680,0,0
3315904,-3.158,8.569,2.670,-0.053,0.049,-0.024,1680,0,0
3315924,-3.019,8.442,2.749,-0.076,0.053,-0.004,1680,0,0
3315944,-3.045,8.368,2.820,-0.056,0.052,-0.004,1680,0,0
3315964,-3.122,8.418,2.825,-0.050,0.037,-0.006,1680,0,0
3315984,-3.153,8.416,2.746,-0.071,0.020,0.001,1680,0,0
3316004,-3.033,8.320,2.691,-0.075,0.010,0.005,1680,0,0
3316024,-3.021,8.267,2.734,-0.066,0.014,-0.004,1680,0,0
3316044,-3.213,8.329,2.653,-0.060,0.019,-0.011,1680,0,0
3316064,-3.342,8.408,2.617,-0.069,0.014,-0.013,1680,0,0
3316084,-3.194,8.396,2.528,-0.080,0.013,-0.005,1680,0,0
3316104,-3.067,8.308,2.559,-0.072,0.035,-0.007,1680,0,0
3316125,-3.144,8.365,2.648,-0.048,0.042,-0.014,1680,0,0
3316144,-3.247,8.492,2.715,-0.064,0.030,-0.007,1680,0,0
3316164,-3.251,8.428,2.763,-0.081,0.012,-0.001,1680,0,0
3316184,-3.136,8.396,2.653,-0.056,0.009,0.005,1680,0,0
3316204,-3.043,8.368,2.638,-0.055,0.015,0.020,1680,0,0
3316224,-3.041,8.258,2.607,-0.063,0.013,0.008,1680,0,0
3316244,-3.129,8.296,2.629,-0.064,0.017,-0.005,1680,0,0
3316264,-3.223,8.353,2.607,-0.069,0.017,-0.007,1680,0,0
3316284,-3.182,8.296,2.679,-0.087,0.006,-0.003,1680,0,0
3316304,-3.124,8.315,2.710,-0.064,0.008,-0.009,1680,0,0
3316324,-3.132,8.370,2.708,-0.053,0.019,-0.010,1680,0,0
3316344,-3.165,8.373,2.674,-0.059,0.023,-0.002,1681,0,0
3316364,-3.141,8.353,2.686,-0.073,0.005,-0.006,1680,0,0
3316384,-3.053,8.325,2.753,-0.075,-0.001,-0.009,1681,0,0
3316404,-3.041,8.325,2.727,-0.060,-0.004,-0.011,1681,0,0
3316424,-3.177,8.408,2.684,-0.048,-0.004,-0.014,1681,0,0
3316444,-3.237,8.533,2.610,-0.047,0.002,-0.003,1681,0,0
3316464,-3.117,8.490,2.523,-0.066,0.019,0.023,1680,0,0
3316484,-2.923,8.286,2.571,-0.087,0.024,0.019,1680,0,0
3316504,-2.981,8.195,2.729,-0.098,0.028,-0.001,1680,0,0
3316524,-3.136,8.387,2.734,-0.031,0.019,-0.010,1681,0,0
3316544,-3.261,8.562,2.679,-0.043,0.015,0.011,1680,0,0
3316564,-3.242,8.468,2.643,-0.043,0.012,0.044,1680,0,0
3316584,-3.074,8.298,2.674,0.011,0.014,0.027,1682,0,0
3316604,-3.141,8.428,2.672,-0.008,0.010,0.002,1680,0,0
3316624,-3.124,8.301,2.722,-0.091,-0.009,0.023,1680,0,0
3316644,-3.127,8.195,2.751,-0.044,-0.021,0.017,1680,0,0
3316664,-3.084,8.277,2.734,-0.034,-0.001,0.014,1681,0,0
3316684,-3.146,8.260,2.751,-0.026,0.010,0.019,1680,0,0
3316704,-3.175,8.272,2.794,-0.029,-0.009,0.013,1680,0,0
3316724,-3.098,8.234,2.739,-0.069,-0.023,-0.001,1680,0,0
3316744,-3.033,8.222,2.693,-0.058,-0.030,-0.010,1680,0,0
3316764,-3.005,8.265,2.626,-0.010,-0.031,-0.014,1680,0,0
3316784,-3.089,8.408,2.555,-0.001,-0.035,-0.018,1680,0,0
3316804,-3.139,8.502,2.509,0.001,-0.028,-0.028,1680,0,0
3316824,-3.124,8.564,2.512,-0.005,-0.023,-0.019,1680,0,0
3316844,-2.990,8.552,2.459,-0.012,-0.032,0.003,1680,0,0
3316864,-2.911,8.375,2.500,-0.032,-0.027,0.007,1680,0,0
3316884,-2.983,8.411,2.485,0.007,-0.013,-0.009,1680,0,0
3316904,-3.019,8.478,2.447,0.003,0.002,-0.013,1680,0,0
3316924,-3.012,8.456,2.464,-0.030,0.001,-0.005,1680,0,0
3316944,-2.971,8.396,2.492,-0.035,-0.007,-0.006,1680,0,0
3316964,-2.990,8.425,2.447,-0.026,-0.003,-0.013,1680,0,0
3316984,-3.033,8.449,2.440,-0.043,0.011,-0.007,1680,0,0
3317004,-3.033,8.432,2.454,-0.036,0.028,-0.003,1680,0,0
3317024,-3.048,8.413,2.547,-0.044,0.028,-0.015,1680,0,0
3317044,-3.108,8.473,2.622,-0.041,0.004,-0.023,1680,0,0
3317064,-3.043,8.495,2.586,-0.049,-0.010,-0.013,1680,0,0
3317084,-2.995,8.384,2.512,-0.053,0.000,-0.008,1680,0,0
3317104,-3.041,8.425,2.543,-0.027,0.010,-0.019,1681,0,0
3317124,-3.134,8.511,2.540,-0.044,0.006,-0.025,1680,0,0
3317144,-3.093,8.492,2.571,-0.076,-0.011,-0.018,1680,0,0
3317164,-2.990,8.425,2.533,-0.054,-0.008,-0.003,1680,0,0
3317184,-2.942,8.349,2.483,-0.047,0.003,-0.013,1680,0,0
3317204,-3.055,8.430,2.447,-0.030,0.010,-0.015,1680,0,0
3317224,-3.153,8.468,2.485,-0.063,-0.001,-0.020,1680,0,0
3317244,-3.151,8.497,2.454,-0.074,-0.011,-0.021,1682,0,0
3317264,-3.029,8.478,2.413,-0.056,0.000,-0.017,1680,0,0
3317284,-2.964,8.430,2.440,-0.056,0.023,-0.011,1680,0,0
3317304,-3.021,8.406,2.488,-0.058,0.027,-0.021,1679,0,0
3317324,-3.112,8.502,2.540,-0.063,0.026,-0.025,1680,0,0
3317344,-3.124,8.516,2.574,-0.063,0.011,-0.016,1680,0,0
3317364,-3.050,8.495,2.550,-0.065,0.000,-0.000,1680,0,0
3317384,-3.084,8.461,2.547,-0.047,-0.001,-0.005,1680,0,0
3317404,-3.019,8.475,2.512,-0.035,0.004,0.007,1680,0,0
3317424,-3.043,8.408,2.495,-0.072,0.009,0.010,1680,0,0
3317444,-3.017,8.296,2.538,-0.084,-0.001,-0.009,1680,0,0
3317464,-3.117,8.423,2.514,-0.042,0.008,-0.021,1680,0,0
3317484,-3.179,8.574,2.504,-0.042,0.008,-0.011,1680,0,0
3317504,-3.065,8.543,2.449,-0.071,0.008,0.005,1680,0,0
3317524,-3.005,8.437,2.519,-0.060,0.018,0.001,1680,0,0
3317544,-2.986,8.468,2.519,-0.044,0.020,-0.005,1680,0,0
