3224523,-3.275,8.511,2.167,-0.056,0.013,-0.000,1754,0,0
3224543,-3.215,8.430,2.150,-0.088,0.015,-0.002,1754,0,0
3224563,-3.203,8.396,2.195,-0.066,0.023,-0.008,1754,0,0
3224583,-3.230,8.473,2.246,-0.047,0.025,-0.008,1754,0,0
3224603,-3.235,8.526,2.251,-0.048,0.019,0.000,1755,0,0
3224623,-3.215,8.471,2.255,-0.066,0.016,0.004,1754,0,0
3224643,-3.251,8.437,2.224,-0.064,0.016,-0.004,1754,0,0
3224663,-3.194,8.497,2.255,-0.057,0.021,0.001,1753,0,0
3224683,-3.187,8.394,2.308,-0.087,0.018,0.001,1755,0,0
3224703,-3.242,8.459,2.279,-0.056,0.012,-0.005,1754,0,0
3224723,-3.261,8.502,2.270,-0.067,0.010,-0.005,1753,0,0
3224743,-3.263,8.531,2.239,-0.058,0.005,-0.004,1753,0,0
3224763,-3.156,8.495,2.203,-0.056,0.013,0.009,1754,0,0
3224783,-3.110,8.375,2.260,-0.072,0.014,0.010,1753,0,0
3224803,-3.182,8.353,2.265,-0.067,0.006,-0.007,1754,0,0
3224824,-3.235,8.413,2.246,-0.062,0.001,-0.016,1753,0,0
3224843,-3.251,8.461,2.191,-0.050,0.005,-0.015,1753,0,0
3224863,-3.160,8.483,2.172,-0.044,0.020,-0.009,1751,0,0
3224883,-3.163,8.440,2.210,-0.067,0.026,-0.011,1754,0,0
3224903,-3.182,8.466,2.286,-0.082,0.021,-0.018,1753,0,0
3224923,-3.211,8.471,2.265,-0.075,0.022,-0.015,1753,0,0
3224943,-3.237,8.533,2.263,-0.029,0.020,-0.003,1752,0,0
3224963,-3.196,8.554,2.248,-0.040,0.017,0.008,1754,0,0
3224983,-3.227,8.408,2.272,-0.091,0.011,0.010,1752,0,0
3225003,-3.215,8.327,2.260,-0.071,0.011,0.008,1753,0,0
3225023,-3.261,8.358,2.253,-0.061,0.017,-0.010,1752,0,0
3225043,-3.191,8.423,2.251,-0.048,0.008,-0.021,1751,0,0
3225063,-3.211,8.504,2.210,-0.046,0.010,-0.017,1752,0,0
3225084,-3.278,8.531,2.207,-0.064,0.013,-0.013,1752,0,0
3225103,-3.280,8.554,2.253,-0.058,0.014,-0.006,1753,0,0
3225123,-3.182,8.490,2.315,-0.077,0.009,0.002,1753,0,0
3225144,-3.156,8.437,2.277,-0.054,-0.001,-0.004,1751,0,0
3225163,-3.127,8.447,2.205,-0.030,-0.012,-0.005,1753,0,0
3225184,-3.218,8.459,2.112,-0.054,-0.013,-0.006,1752,0,0
3225203,-3.259,8.519,2.081,-0.056,0.000,-0.012,1752,0,0
3225223,-3.235,8.564,2.107,-0.060,0.029,0.002,1753,0,0
3225243,-3.127,8.459,2.191,-0.060,0.035,0.010,1753,0,0
3225263,-3.086,8.339,2.253,-0.085,0.022,-0.004,1753,0,0
3225283,-3.148,8.344,2.308,-0.072,0.018,-0.019,1752,0,0
3225303,-3.235,8.483,2.315,-0.037,0.019,-0.017,1754,0,0
3225323,-3.263,8.545,2.308,-0.057,0.014,-0.007,1752,0,0
3225343,-3.215,8.545,2.229,-0.061,0.015,-0.004,1752,0,0
3225363,-3.177,8.485,2.212,-0.063,0.017,-0.001,1753,0,0
3225384,-3.225,8.468,2.215,-0.056,0.011,-0.002,1753,0,0
3225403,-3.235,8.478,2.169,-0.064,0.009,0.003,1753,0,0
3225423,-3.168,8.466,2.219,-0.070,0.013,-0.001,1753,0,0
3225443,-3.153,8.401,2.222,-0.057,0.026,0.004,1753,0,0
3225463,-3.225,8.404,2.243,-0.045,0.025,0.004,1753,0,0
3225484,-3.211,8.396,2.212,-0.074,0.003,-0.009,1753,0,0
3225503,-3.220,8.408,2.172,-0.070,0.009,-0.018,1753,0,0
3225523,-3.215,8.442,2.186,-0.045,0.028,-0.023,1752,0,0
3225543,-3.215,8.492,2.186,-0.050,0.029,-0.024,1751,0,0
3225564,-3.232,8.583,2.248,-0.062,0.019,-0.015,1755,0,0
3225584,-3.211,8.545,2.310,-0.079,0.013,-0.001,1754,0,0
3225603,-3.199,8.478,2.263,-0.067,0.010,0.004,1754,0,0
3225623,-3.215,8.507,2.236,-0.046,0.005,0.002,1752,0,0
3225643,-3.218,8.552,2.169,-0.071,0.013,0.005,1754,0,0
3225663,-3.259,8.526,2.222,-0.067,0.019,0.015,1753,0,0
3225683,-3.242,8.454,2.217,-0.062,0.015,0.023,1752,0,0
3225703,-3.199,8.373,2.263,-0.072,0.006,0.014,1754,0,0
3225723,-3.194,8.404,2.265,-0.045,0.003,-0.001,1752,0,0
3225743,-3.230,8.499,2.236,-0.039,0.010,-0.005,1752,0,0
3225763,-3.194,8.509,2.234,-0.059,0.011,0.010,1753,0,0
3225783,-3.179,8.442,2.284,-0.073,0.008,0.006,1750,0,0
3225803,-3.156,8.408,2.310,-0.052,0.000,0.001,1752,0,0
3225823,-3.168,8.399,2.229,-0.052,-0.005,0.000,1753,0,0
3225843,-3.201,8.387,2.215,-0.050,-0.026,-0.016,1753,0,0
3225863,-3.203,8.487,2.052,-0.037,-0.023,-0.016,1753,0,0
3225883,-3.225,8.545,2.016,-0.040,0.005,-0.006,1752,0,0
3225903,-3.163,8.516,2.073,-0.042,0.023,0.001,1753,0,0
3225923,-3.120,8.435,2.148,-0.058,0.028,0.005,1753,0,0
3225943,-3.136,8.425,2.241,-0.067,0.011,-0.005,1752,0,0
3225963,-3.148,8.473,2.239,-0.055,0.001,-0.022,1752,0,0
3225983,-3.206,8.557,2.198,-0.021,0.018,-0.011,1752,0,0
3226003,-3.179,8.507,2.219,-0.035,0.015,0.007,1754,0,0
3226023,-3.175,8.423,2.255,-0.074,0.007,0.007,1752,0,0
3226043,-3.148,8.373,2.270,-0.065,-0.005,-0.012,1751,0,0
3226063,-3.168,8.432,2.229,-0.034,-0.009,-0.024,1753,0,0
3226083,-3.184,8.502,2.152,-0.027,-0.006,-0.019,1752,0,0
3226104,-3.179,8.538,2.116,-0.026,-0.001,-0.010,1749,0,0
3226123,-3.163,8.538,2.093,-0.049,0.006,-0.011,1752,0,0
3226143,-3.223,8.583,2.119,-0.064,0.002,-0.029,1752,0,0
3226163,-3.191,8.638,2.069,-0.052,0.010,-0.017,1752,0,0
3226183,-3.199,8.600,2.107,-0.050,0.027,-0.001,1753,0,0
3226204,-3.163,8.588,2.148,-0.063,0.029,0.001,1752,0,0
3226223,-3.136,8.574,2.186,-0.068,0.027,0.010,1753,0,0
3226243,-3.146,8.511,2.236,-0.081,0.020,0.008,1753,0,0
3226263,-3.208,8.473,2.241,-0.067,0.014,0.002,1753,0,0
3226283,-3.275,8.564,2.234,-0.036,0.012,0.006,1752,0,0
3226303,-3.237,8.519,2.205,-0.066,0.006,0.019,1752,0,0
3226323,-3.136,8.387,2.219,-0.073,0.001,0.019,1754,0,0
3226343,-3.196,8.404,2.184,-0.066,-0.001,-0.008,1753,0,0
3226363,-3.316,8.554,2.162,-0.066,-0.005,-0.019,1752,0,0
3226383,-3.321,8.638,2.128,-0.067,0.005,-0.003,1752,0,0
3226404,-3.239,8.641,2.119,-0.067,0.014,0.010,1752,0,0
3226423,-3.072,8.590,2.207,-0.070,0.011,0.025,1751,0,0
3226443,-3.038,8.473,2.222,-0.086,0.005,0.025,1751,0,0
3226463,-3.184,8.399,2.224,-0.083,-0.014,0.006,1753,0,0
3226483,-3.215,8.533,2.184,-0.050,-0.019,0.002,1751,0,0
3226504,-3.168,8.550,2.121,-0.059,-0.004,0.017,1752,0,0
3226523,-3.048,8.413,2.085,-0.068,0.007,0.027,1751,0,0
3226543,-3.043,8.375,2.128,-0.062,0.007,0.006,1750,0,0
3226564,-3.112,8.423,2.184,-0.088,0.006,-0.010,1751,0,0
3226583,-3.105,8.454,2.160,-0.077,0.009,-0.010,1751,0,0
3226603,-3.045,8.478,2.152,-0.046,0.018,-0.005,1751,0,0
3226623,-3.072,8.564,2.136,-0.047,0.024,-0.005,1751,0,0
3226643,-3.129,8.638,2.155,-0.058,0.020,-0.003,1752,0,0
3226663,-3.165,8.633,2.145,-0.094,0.025,0.008,1751,0,0
3226683,-3.139,8.497,2.140,-0.076,0.029,0.015,1751,0,0
3226703,-3.069,8.526,2.186,-0.042,0.039,0.011,1751,0,0
3226723,-3.093,8.511,2.184,-0.063,0.042,0.017,1751,0,0
3226743,-3.132,8.490,2.195,-0.073,0.038,0.013,1751,0,0
3226763,-3.144,8.499,2.246,-0.084,0.031,-0.000,1749,0,0
3226783,-3.146,8.554,2.217,-0.057,0.034,0.005,1750,0,0
3226804,-3.108,8.576,2.270,-0.047,0.032,0.013,1751,0,0
3226823,-3.100,8.480,2.258,-0.069,0.025,0.020,1751,0,0
3226843,-3.105,8.432,2.255,-0.075,0.022,0.011,1750,0,0
3226863,-3.127,8.416,2.253,-0.079,0.012,0.002,1750,0,0
3226884,-3.172,8.511,2.227,-0.050,0.010,0.006,1751,0,0
3226903,-3.124,8.499,2.195,-0.063,0.008,0.009,1751,0,0
3226924,-3.081,8.411,2.152,-0.074,0.015,0.013,1750,0,0
3226943,-3.170,8.411,2.181,-0.055,0.016,0.000,1750,0,0
3226963,-3.175,8.471,2.203,-0.057,0.012,-0.003,1750,0,0
3226983,-3.168,8.464,2.200,-0.064,0.007,-0.012,1750,0,0
3227003,-3.100,8.550,2.210,-0.048,0.012,-0.014,1747,0,0
3227023,-3.103,8.605,2.207,-0.046,0.021,-0.008,1750,0,0
3227043,-3.110,8.564,2.251,-0.056,0.020,0.000,1748,0,0
3227064,-3.093,8.507,2.289,-0.073,0.009,-0.006,1749,0,0
3227083,-3.067,8.578,2.265,-0.055,-0.009,-0.010,1749,0,0
3227103,-3.043,8.631,2.186,-0.061,-0.012,-0.002,1750,0,0
3227123,-3.010,8.581,2.116,-0.058,-0.007,0.009,1748,0,0
3227143,-3.021,8.552,2.045,-0.046,0.006,0.018,1747,0,0
3227163,-3.096,8.471,2.090,-0.066,0.021,0.010,1747,0,0
3227183,-3.132,8.492,2.140,-0.067,0.018,-0.006,1747,0,0
3227203,-3.103,8.533,2.112,-0.061,0.012,-0.011,1748,0,0
3227223,-3.067,8.581,2.179,-0.052,0.023,0.001,1747,0,0
3227243,-3.053,8.557,2.195,-0.052,0.031,0.011,1747,0,0
3227263,-3.132,8.497,2.251,-0.074,0.029,0.002,1748,0,0
3227283,-3.120,8.552,2.272,-0.052,0.020,0.009,1748,0,0
3227309,-3.048,8.540,2.265,-0.052,0.003,0.012,1747,0,0
3227324,-3.050,8.461,2.253,-0.063,-0.013,0.005,1746,0,0
3227343,-3.041,8.473,2.188,-0.054,-0.014,-0.006,1747,0,0
3227363,-3.067,8.468,2.176,-0.068,0.000,-0.006,1746,0,0
3227383,-3.077,8.475,2.167,-0.052,0.007,-0.009,1747,0,0
3227403,-3.053,8.516,2.181,-0.052,-0.002,-0.014,1747,0,0
3227423,-3.033,8.485,2.184,-0.083,-0.009,-0.022,1745,0,0
3227443,-3.084,8.526,2.138,-0.056,-0.007,-0.034,1747,0,0
3227463,-3.093,8.638,2.128,-0.063,0.008,-0.027,1747,0,0
3227483,-3.139,8.705,2.150,-0.061,0.014,-0.016,1747,0,0
3227503,-3.062,8.543,2.212,-0.054,0.015,-0.008,1747,0,0
3227523,-3.048,8.545,2.205,-0.008,0.019,-0.003,1747,0,0
3227543,-3.120,8.547,2.212,-0.069,-0.007,0.001,1748,0,0
3227563,-3.115,8.449,2.186,-0.082,-0.022,-0.002,1747,0,0
3227583,-3.091,8.487,2.119,-0.046,-0.002,-0.000,1747,0,0
3227603,-3.132,8.452,2.184,-0.074,0.002,-0.010,1747,0,0
3227623,-3.060,8.444,2.172,-0.069,-0.007,-0.014,1747,0,0
3227644,-3.026,8.418,2.193,-0.060,0.002,-0.019,1747,0,0
3227663,-3.141,8.569,2.188,-0.034,-0.008,-0.034,1747,0,0
3227683,-3.129,8.701,2.164,-0.056,-0.007,-0.011,1747,0,0
3227703,-3.067,8.545,2.124,-0.078,-0.002,0.005,1747,0,0
3227723,-2.971,8.411,2.172,-0.062,-0.002,-0.008,1747,0,0
3227743,-2.966,8.440,2.188,-0.054,-0.007,-0.020,1748,0,0
3227763,-3.072,8.483,2.160,-0.060,-0.013,-0.021,1746,0,0
3227783,-3.153,8.535,2.126,-0.059,-0.011,-0.027,1746,0,0
3227803,-3.160,8.622,2.116,-0.038,-0.000,-0.022,1747,0,0
3227823,-3.050,8.610,2.078,-0.051,0.010,-0.009,1746,0,0
3227844,-3.024,8.478,2.150,-0.084,0.014,-0.016,1748,0,0
3227863,-3.057,8.459,2.188,-0.059,0.013,-0.031,1748,0,0
3227883,-3.136,8.602,2.169,-0.048,0.017,-0.024,1746,0,0
3227903,-3.124,8.626,2.169,-0.055,0.014,-0.012,1747,0,0
3227923,-3.036,8.531,2.143,-0.075,0.017,-0.007,1746,0,0
3227944,-3.017,8.468,2.229,-0.084,0.014,-0.014,1746,0,0
3227963,-3.098,8.492,2.241,-0.060,0.005,-0.017,1746,0,0
3227983,-3.182,8.638,2.167,-0.038,-0.002,-0.020,1746,0,0
3228003,-3.122,8.689,2.071,-0.058,0.010,0.001,1747,0,0
3228023,-3.036,8.523,2.061,-0.068,0.026,0.018,1745,0,0
3228043,-3.014,8.370,2.143,-0.084,0.025,0.004,1746,0,0
3228063,-3.062,8.418,2.179,-0.064,0.027,-0.013,1746,0,0
3228083,-3.194,8.586,2.205,-0.042,0.026,-0.018,1746,0,0
3228103,-3.208,8.665,2.200,-0.030,0.014,0.002,1746,0,0
3228123,-3.117,8.569,2.198,-0.048,0.007,0.018,1745,0,0
3228143,-3.010,8.377,2.198,-0.066,0.003,0.013,1746,0,0
3228163,-3.060,8.387,2.191,-0.055,0.001,-0.010,1745,0,0
3228184,-3.122,8.475,2.169,-0.048,0.005,-0.011,1748,0,0
3228203,-3.163,8.468,2.229,-0.051,0.011,-0.000,1745,0,0
3228223,-3.122,8.413,2.241,-0.054,0.006,-0.007,1745,0,0
3228243,-3.084,8.380,2.267,-0.078,0.002,-0.022,1745,0,0
3228263,-3.132,8.420,2.234,-0.054,-0.002,-0.036,1746,0,0
3228283,-3.057,8.543,2.200,-0.033,-0.007,-0.033,1745,0,0
3228303,-3.110,8.626,2.145,-0.056,-0.004,-0.029,1747,0,0
3228323,-3.079,8.655,2.128,-0.046,-0.005,-0.023,1745,0,0
3228343,-3.156,8.662,2.109,-0.055,-0.001,-0.014,1745,0,0
3228363,-3.084,8.655,2.069,-0.046,-0.009,0.002,1745,0,0
3228383,-3.048,8.574,2.059,-0.057,-0.003,0.014,1745,0,0
3228403,-3.029,8.461,2.061,-0.040,0.005,0.006,1745,0,0
3228423,-3.105,8.557,2.054,-0.037,0.011,-0.002,1745,0,0
3228443,-3.172,8.523,2.071,-0.051,0.016,0.000,1744,0,0
3228463,-3.065,8.430,2.169,-0.055,0.011,0.002,1744,0,0
3228483,-3.010,8.399,2.191,-0.048,0.008,-0.009,1745,0,0
3228503,-3.050,8.411,2.212,-0.055,0.014,-0.022,1744,0,0
3228524,-3.129,8.516,2.174,-0.034,0.016,-0.033,1744,0,0
3228543,-3.168,8.657,2.164,-0.032,0.017,-0.024,1744,0,0
3228563,-3.098,8.614,2.191,-0.067,0.002,-0.010,1744,0,0
3228583,-3.057,8.528,2.210,-0.076,-0.002,-0.010,1744,0,0
3228603,-3.093,8.514,2.188,-0.048,-0.001,-0.021,1744,0,0
3228623,-3.103,8.631,2.119,-0.019,0.003,-0.017,1744,0,0
3228643,-3.129,8.638,2.064,-0.045,0.002,-0.001,1743,0,0
3228663,-3.096,8.566,2.049,-0.068,0.004,0.005,1743,0,0
3228683,-3.110,8.519,2.116,-0.073,0.011,-0.006,1743,0,0
3228703,-3.060,8.538,2.112,-0.053,0.014,-0.013,1743,0,0
3228723,-3.036,8.583,2.109,-0.030,0.014,-0.008,1743,0,0
3228743,-3.026,8.547,2.128,-0.058,0.011,-0.005,1742,0,0
3228763,-3.079,8.492,2.193,-0.087,0.011,-0.009,1743,0,0
3228783,-3.124,8.502,2.224,-0.069,0.003,-0.014,1743,0,0
3228803,-3.132,8.612,2.164,-0.030,-0.008,-0.005,1743,0,0
3228823,-3.086,8.602,2.049,-0.042,-0.003,0.007,1743,0,0
3228843,-3.010,8.466,2.069,-0.076,0.001,0.006,1742,0,0
3228863,-3.112,8.365,2.160,-0.094,0.006,-0.010,1742,0,0
3228883,-3.144,8.466,2.172,-0.051,0.006,-0.016,1743,0,0
3228903,-3.182,8.569,2.162,-0.030,0.000,-0.014,1741,0,0
3228923,-3.124,8.571,2.112,-0.039,-0.007,-0.009,1742,0,0
3228943,-3.132,8.566,2.138,-0.054,-0.009,-0.013,1742,0,0
3228963,-3.086,8.610,2.207,-0.051,-0.010,-0.009,1743,0,0
3228983,-3.050,8.626,2.284,-0.047,-0.011,0.003,1743,0,0
3229003,-3.065,8.643,2.397,-0.024,-0.023,0.003,1742,0,0
3229023,-3.100,8.722,2.428,-0.026,-0.051,0.004,1743,0,0
3229043,-3.148,8.746,2.385,-0.052,-0.076,0.011,1743,0,0
3229064,-3.120,8.633,2.255,-0.069,-0.096,0.015,1743,0,0
3229084,-2.957,8.554,2.121,-0.060,-0.100,0.016,1742,0,0
3229103,-2.993,8.487,2.083,-0.083,-0.082,-0.003,1742,0,0
3229123,-3.168,8.624,2.081,-0.064,-0.082,-0.031,1743,0,0
3229144,-3.242,8.775,2.018,-0.103,-0.078,-0.016,1741,0,0
3229163,-3.108,8.624,2.030,-0.127,-0.066,-0.000,1743,0,0
3229183,-2.921,8.416,2.114,-0.121,-0.049,-0.001,1741,0,0
3229203,-3.017,8.341,2.186,-0.118,-0.046,-0.027,1742,0,0
3229223,-3.196,8.523,2.186,-0.099,-0.063,-0.047,1742,0,0
3229243,-3.203,8.672,2.145,-0.077,-0.068,-0.026,1742,0,0
3229263,-3.191,8.662,2.289,-0.066,-0.061,-0.005,1742,0,0
3229283,-3.189,8.624,2.327,-0.063,-0.071,0.008,1742,0,0
3229303,-3.215,8.509,2.442,-0.079,-0.081,0.018,1742,0,0
3229324,-3.297,8.437,2.526,-0.055,-0.100,0.015,1743,0,0
3229343,-3.275,8.478,2.526,-0.023,-0.114,0.017,1743,0,0
3229364,-3.273,8.468,2.569,-0.033,-0.121,0.018,1743,0,0
3229383,-3.254,8.411,2.610,-0.025,-0.130,0.012,1743,0,0
3229403,-3.187,8.394,2.693,-0.033,-0.140,0.005,1743,0,0
3229423,-3.048,8.310,2.784,-0.039,-0.166,-0.001,1743,0,0
3229443,-2.885,8.289,2.722,-0.029,-0.199,-0.010,1743,0,0
3229463,-2.753,8.334,2.591,-0.023,-0.215,-0.022,1744,0,0
3229483,-2.655,8.418,2.416,-0.010,-0.223,-0.026,1742,0,0
3229503,-2.567,8.564,2.286,-0.015,-0.229,-0.023,1742,0,0
3229523,-2.595,8.653,2.116,-0.037,-0.231,-0.022,1742,0,0
3229543,-2.588,8.698,1.911,-0.033,-0.213,-0.007,1741,0,0
3229563,-2.540,8.655,1.760,-0.021,-0.185,0.003,1741,0,0
3229583,-2.514,8.679,1.566,-0.046,-0.139,-0.004,1741,0,0
3229603,-2.591,8.768,1.575,-0.038,-0.080,0.003,1741,0,0
3229623,-2.631,8.784,1.607,-0.033,-0.033,0.025,1742,0,0
3229643,-2.715,8.619,1.707,-0.067,0.003,0.034,1742,0,0
3229663,-2.686,8.406,1.860,-0.057,0.030,0.033,1741,0,0
3229684,-2.729,8.315,1.985,-0.030,0.052,0.023,1742,0,0
3229703,-2.782,8.327,2.028,-0.025,0.066,0.002,1742,0,0
3229723,-2.816,8.389,2.128,-0.035,0.078,0.001,1742,0,0
3229743,-2.849,8.356,2.236,-0.043,0.082,-0.005,1741,0,0
3229763,-2.868,8.349,2.253,-0.030,0.080,-0.016,1743,0,0
3229783,-2.851,8.408,2.282,0.001,0.080,-0.019,1742,0,0
3229804,-2.801,8.411,2.265,-0.006,0.073,-0.027,1742,0,0
3229823,-2.768,8.442,2.155,-0.014,0.063,-0.041,1740,0,0
3229843,-2.801,8.547,2.095,-0.041,0.070,-0.050,1743,0,0
3229864,-2.835,8.655,2.028,-0.048,0.100,-0.053,1742,0,0
3229883,-2.840,8.744,2.011,-0.050,0.124,-0.048,1743,0,0
3229903,-2.808,8.775,2.040,-0.070,0.123,-0.042,1742,0,0
3229923,-2.770,8.736,2.030,-0.108,0.132,-0.045,1742,0,0
3229943,-2.830,8.825,2.030,-0.090,0.146,-0.054,1742,0,0
3229963,-2.890,9.062,2.064,-0.062,0.163,-0.034,1742,0,0
3229983,-3.010,9.122,2.143,-0.088,0.172,0.007,1743,0,0
3230003,-3.041,9.012,2.260,-0.102,0.163,0.035,1742,0,0
3230023,-3.029,8.871,2.409,-0.110,0.151,0.051,1742,0,0
3230043,-3.069,8.720,2.547,-0.113,0.120,0.054,1743,0,0
3230063,-3.153,8.727,2.593,-0.068,0.088,0.052,1743,0,0
3230083,-3.302,8.849,2.593,-0.043,0.072,0.068,1743,0,0
3230103,-3.299,8.746,2.588,-0.077,0.051,0.087,1742,0,0
3230123,-3.218,8.485,2.634,-0.103,0.016,0.086,1742,0,0
3230143,-3.074,8.320,2.677,-0.095,-0.012,0.070,1743,0,0
3230163,-3.038,8.332,2.720,-0.060,-0.034,0.054,1743,0,0
3230184,-3.136,8.478,2.696,-0.055,-0.060,0.044,1742,0,0
3230203,-3.110,8.425,2.569,-0.105,-0.085,0.051,1743,0,0
3230223,-2.904,8.150,2.516,-0.112,-0.101,0.039,1743,0,0
3230243,-2.720,8.088,2.380,-0.052,-0.098,0.007,1743,0,0
3230263,-2.691,8.255,2.255,-0.032,-0.097,-0.025,1743,0,0
3230283,-2.710,8.423,2.136,-0.066,-0.105,-0.031,1743,0,0
3230303,-2.662,8.461,2.040,-0.072,-0.095,-0.031,1742,0,0
3230323,-2.641,8.552,1.935,-0.043,-0.064,-0.037,1742,0,0
3230343,-2.658,8.660,1.872,-0.037,-0.037,-0.031,1743,0,0
3230363,-2.612,8.619,1.851,-0.071,-0.021,-0.021,1743,0,0
3230383,-2.476,8.437,1.781,-0.094,-0.008,-0.025,1743,0,0
3230404,-2.495,8.466,1.757,-0.074,0.032,-0.045,1741,0,0
3230423,-2.677,8.681,1.836,-0.052,0.068,-0.060,1742,0,0
3230443,-2.914,8.945,1.741,-0.050,0.088,-0.041,1743,0,0
3230463,-2.866,8.906,1.803,-0.093,0.098,-0.009,1743,0,0
3230483,-2.665,8.650,1.875,-0.124,0.128,-0.002,1743,0,0
3230503,-2.602,8.545,1.951,-0.084,0.157,-0.017,1743,0,0
3230523,-2.765,8.763,2.006,-0.052,0.169,-0.022,1743,0,0
3230543,-2.902,8.906,2.057,-0.093,0.178,-0.001,1742,0,0
3230563,-2.887,8.732,2.234,-0.080,0.194,0.010,1743,0,0
3230583,-2.995,8.945,2.224,0.012,0.204,0.023,1743,0,0
3230603,-3.060,8.871,2.382,-0.090,0.171,0.051,1743,0,0
3230623,-3.045,8.557,2.521,-0.110,0.140,0.061,1743,0,0
3230643,-3.165,8.526,2.547,-0.060,0.127,0.044,1744,0,0
3230663,-3.196,8.581,2.507,-0.050,0.111,0.043,1743,0,0
3230683,-3.077,8.504,2.428,-0.097,0.103,0.044,1744,0,0
3230703,-2.964,8.420,2.361,-0.104,0.098,0.029,1744,0,0
3230723,-2.919,8.490,2.413,-0.110,0.100,0.003,1743,0,0
3230743,-3.062,8.543,2.442,-0.118,0.084,-0.003,1743,0,0
3230763,-3.093,8.629,2.397,-0.091,0.055,0.003,1744,0,0
3230783,-2.988,8.701,2.279,-0.088,0.048,0.022,1744,0,0
3230803,-2.818,8.586,2.258,-0.102,0.055,0.043,1743,0,0
3230823,-2.859,8.420,2.306,-0.113,0.054,0.040,1743,0,0
3230843,-2.986,8.373,2.320,-0.095,0.033,0.018,1744,0,0
3230863,-3.069,8.444,2.236,-0.068,0.021,0.011,1743,0,0
3230883,-2.926,8.442,2.152,-0.059,0.024,0.014,1743,0,0
3230904,-2.796,8.351,2.172,-0.077,0.032,0.003,1742,0,0
3230923,-2.765,8.341,2.219,-0.081,0.033,-0.019,1744,0,0
3230943,-2.883,8.413,2.239,-0.078,0.027,-0.041,1743,0,0
3230963,-2.986,8.564,2.195,-0.046,0.018,-0.049,1744,0,0
3230983,-2.938,8.672,2.124,-0.042,0.024,-0.035,1744,0,0
3231003,-2.808,8.633,2.133,-0.069,0.034,-0.027,1743,0,0
3231023,-2.775,8.578,2.152,-0.078,0.043,-0.030,1743,0,0
3231043,-2.880,8.593,2.260,-0.081,0.035,-0.041,1743,0,0
3231063,-2.931,8.645,2.270,-0.071,0.031,-0.036,1743,0,0
3231083,-2.923,8.667,2.251,-0.041,0.033,-0.032,1743,0,0
3231103,-2.844,8.672,2.239,-0.050,0.037,-0.024,1744,0,0
3231124,-2.830,8.636,2.322,-0.075,0.040,-0.022,1742,0,0
3231143,-2.907,8.583,2.322,-0.090,0.028,-0.027,1743,0,0
3231163,-2.926,8.622,2.327,-0.068,0.020,-0.027,1744,0,0
3231183,-2.916,8.712,2.263,-0.051,0.018,-0.015,1743,0,0
3231203,-2.885,8.648,2.243,-0.066,0.023,-0.003,1743,0,0
3231223,-2.851,8.533,2.236,-0.076,0.011,-0.007,1743,0,0
3231243,-2.902,8.504,2.215,-0.087,0.003,-0.013,1743,0,0
3231263,-3.029,8.559,2.167,-0.082,0.002,-0.026,1743,0,0
3231283,-3.005,8.636,2.107,-0.059,0.014,-0.012,1742,0,0
3231303,-2.962,8.523,2.107,-0.077,0.031,0.002,1742,0,0
3231324,-2.921,8.384,2.157,-0.076,0.031,-0.011,1742,0,0
3231343,-3.031,8.442,2.169,-0.075,0.033,-0.032,1743,0,0
3231363,-3.115,8.543,2.205,-0.074,0.025,-0.043,1743,0,0
3231383,-3.055,8.622,2.164,-0.059,0.031,-0.031,1743,0,0
3231403,-2.962,8.569,2.251,-0.063,0.044,-0.020,1743,0,0
3231424,-2.952,8.511,2.310,-0.058,0.037,-0.026,1742,0,0
3231443,-3.050,8.610,2.344,-0.060,0.016,-0.034,1743,0,0
3231463,-3.072,8.660,2.289,-0.075,-0.002,-0.024,1743,0,0
3231483,-2.959,8.631,2.263,-0.053,0.000,-0.007,1743,0,0
3231503,-2.902,8.624,2.236,-0.058,0.013,0.001,1743,0,0
3231523,-2.935,8.629,2.219,-0.066,0.007,0.003,1743,0,0
3231543,-3.000,8.648,2.181,-0.074,0.002,0.001,1743,0,0
3231563,-3.074,8.638,2.227,-0.075,0.011,0.004,1743,0,0
3231583,-3.021,8.607,2.217,-0.046,0.011,0.017,1743,0,0
3231603,-2.921,8.583,2.210,-0.054,0.011,0.022,1743,0,0
3231623,-2.897,8.497,2.258,-0.072,0.010,0.020,1743,0,0
3231644,-2.940,8.464,2.322,-0.061,0.009,0.009,1742,0,0
3231663,-2.974,8.466,2.308,-0.069,0.004,0.007,1743,0,0
3231683,-2.945,8.514,2.306,-0.047,-0.006,-0.002,1743,0,0
3231703,-2.940,8.528,2.263,-0.060,-0.010,-0.005,1743,0,0
3231723,-3.005,8.571,2.217,-0.051,-0.010,-0.010,1743,0,0
3231743,-3.005,8.619,2.160,-0.068,-0.008,-0.005,1743,0,0
3231763,-2.923,8.581,2.184,-0.072,-0.004,-0.001,1743,0,0
3231783,-2.907,8.605,2.227,-0.058,0.002,-0.000,1743,0,0
3231803,-3.010,8.631,2.260,-0.058,0.001,-0.003,1743,0,0
3231823,-2.964,8.650,2.219,-0.063,-0.007,0.007,1743,0,0
3231843,-2.945,8.540,2.203,-0.078,-0.002,0.008,1742,0,0
3231863,-2.892,8.499,2.210,-0.073,-0.011,0.010,1743,0,0
3231883,-2.813,8.425,2.234,-0.086,-0.014,0.002,1742,0,0
3231903,-2.847,8.375,2.207,-0.064,0.004,-0.022,1743,0,0
3231923,-2.923,8.533,2.157,-0.015,0.015,-0.032,1742,0,0
3231943,-2.993,8.708,2.121,-0.048,0.010,-0.024,1744,0,0
3231963,-2.933,8.622,2.181,-0.095,0.007,-0.012,1743,0,0
3231983,-2.887,8.533,2.167,-0.066,0.019,-0.010,1743,0,0
3232004,-2.923,8.559,2.212,-0.055,0.029,-0.017,1742,0,0
3232023,-2.978,8.648,2.207,-0.049,0.024,-0.019,1743,0,0
3232044,-2.983,8.679,2.205,-0.056,0.017,-0.010,1742,0,0
3232063,-2.945,8.653,2.236,-0.072,0.017,-0.005,1743,0,0
3232083,-2.897,8.605,2.277,-0.081,0.026,0.000,1743,0,0
3232103,-2.940,8.543,2.306,-0.066,0.028,-0.004,1742,0,0
3232123,-3.002,8.617,2.310,-0.041,0.018,0.001,1742,0,0
3232144,-2.957,8.607,2.260,-0.065,0.003,0.011,1743,0,0
3232163,-2.935,8.487,2.239,-0.083,-0.003,0.008,1743,0,0
3232183,-2.942,8.480,2.215,-0.066,0.007,-0.002,1742,0,0
3232203,-3.029,8.569,2.219,-0.052,0.014,-0.005,1742,0,0
3232223,-2.938,8.552,2.172,-0.058,0.007,-0.001,1742,0,0
3232243,-2.840,8.464,2.176,-0.085,0.006,-0.002,1743,0,0
3232263,-2.847,8.468,2.227,-0.070,0.010,-0.019,1743,0,0
3232283,-2.954,8.626,2.181,-0.051,0.023,-0.021,1743,0,0
3232303,-3.021,8.698,2.253,-0.047,0.023,-0.006,1743,0,0
3232323,-2.966,8.578,2.227,-0.082,0.015,0.003,1743,0,0
3232343,-2.835,8.499,2.229,-0.064,0.008,-0.001,1743,0,0
3232363,-2.825,8.492,2.205,-0.059,0.015,-0.007,1742,0,0
3232383,-2.952,8.583,2.191,-0.050,0.017,-0.014,1743,0,0
3232403,-3.086,8.729,2.148,-0.063,0.018,-0.010,1742,0,0
3232423,-3.036,8.689,2.160,-0.077,0.023,0.006,1742,0,0
3232443,-2.892,8.566,2.198,-0.075,0.025,0.015,1742,0,0
3232463,-2.902,8.492,2.248,-0.057,0.027,0.001,1743,0,0
3232483,-2.950,8.626,2.251,-0.052,0.034,-0.006,1743,0,0
3232503,-2.964,8.581,2.306,-0.089,0.030,0.004,1743,0,0
3232523,-2.885,8.473,2.344,-0.081,0.014,0.005,1743,0,0
3232543,-2.854,8.449,2.337,-0.067,0.007,-0.008,1742,0,0
3232563,-2.983,8.521,2.294,-0.060,0.007,-0.019,1743,0,0
3232583,-3.024,8.622,2.231,-0.061,0.001,-0.016,1743,0,0
3232603,-2.940,8.633,2.172,-0.073,0.000,-0.002,1743,0,0
3232623,-2.899,8.535,2.167,-0.084,0.011,-0.005,1743,0,0
3232643,-2.942,8.540,2.160,-0.067,0.023,-0.016,1743,0,0
3232663,-2.950,8.566,2.181,-0.072,0.029,-0.006,1743,0,0
3232683,-2.919,8.528,2.260,-0.075,0.025,-0.006,1743,0,0
3232703,-2.923,8.574,2.284,-0.062,0.019,-0.017,1743,0,0
3232723,-2.945,8.626,2.277,-0.060,0.017,-0.015,1743,0,0
3232743,-2.959,8.633,2.330,-0.071,0.013,-0.011,1743,0,0
3232764,-2.935,8.638,2.246,-0.057,0.010,-0.001,1743,0,0
3232783,-2.863,8.581,2.282,-0.068,0.013,0.011,1742,0,0
3232803,-2.890,8.478,2.243,-0.079,0.011,0.004,1743,0,0
3232823,-2.916,8.466,2.248,-0.076,0.013,-0.003,1743,0,0
3232843,-2.954,8.511,2.258,-0.065,0.014,-0.007,1743,0,0
3232863,-3.017,8.600,2.248,-0.050,0.010,-0.006,1743,0,0
3232883,-2.976,8.590,2.222,-0.078,0.018,0.003,1743,0,0
3232903,-2.959,8.502,2.291,-0.078,0.018,0.001,1743,0,0
3232923,-2.873,8.511,2.274,-0.058,0.014,-0.008,1742,0,0
3232943,-2.863,8.509,2.279,-0.076,0.021,-0.012,1742,0,0
3232963,-2.926,8.511,2.291,-0.060,0.013,-0.014,1743,0,0
3232983,-2.957,8.531,2.303,-0.066,0.009,-0.011,1744,0,0
3233003,-2.947,8.507,2.239,-0.085,0.009,-0.014,1743,0,0
3233023,-2.899,8.447,2.236,-0.076,0.010,-0.015,1743,0,0
3233043,-2.904,8.442,2.239,-0.060,0.011,-0.027,1743,0,0
3233064,-2.935,8.480,2.231,-0.068,0.013,-0.037,1743,0,0
3233083,-2.981,8.499,2.217,-0.072,0.018,-0.036,1743,0,0
3233103,-3.062,8.531,2.301,-0.062,0.019,-0.044,1742,0,0
3233123,-3.108,8.588,2.399,-0.058,0.006,-0.038,1742,0,0
3233143,-3.093,8.559,2.301,-0.065,0.011,-0.033,1740,0,0
3233164,-3.041,8.741,2.978,-0.000,-0.070,-0.021,1736,0,0
3233183,-2.476,8.456,3.462,-0.053,-0.327,0.000,1696,0,0
3233203,-2.727,8.147,2.969,-0.169,-0.209,-0.025,1583,0,0
3233223,-2.933,8.363,2.229,0.260,-0.120,-0.131,1507,0,0
3233243,-2.933,9.012,2.765,0.270,-0.261,-0.102,1448,0,0
3233263,-2.361,8.918,2.799,-0.165,-0.460,-0.005,1381,0,0
3233283,-2.830,8.356,1.511,-0.452,-0.305,0.052,1356,0,0
3233303,-2.804,8.176,1.889,-0.144,-0.341,-0.032,1303,0,0
3233323,-3.824,8.423,2.703,-0.051,-0.385,-0.163,1252,0,0
3233343,-5.021,9.620,1.621,0.286,-0.443,-0.121,1205,0,0
3233363,-3.618,9.998,2.325,0.216,-0.731,0.041,1111,0,0
3233383,-3.306,9.199,2.801,-0.641,-0.609,0.123,1061,0,0
3233403,-3.455,8.339,2.976,-0.465,-0.683,0.127,1039,0,0
3233423,-3.237,8.392,3.043,-0.234,-0.663,0.095,1034,0,0
3233443,-3.084,8.753,1.942,-0.153,-0.437,0.029,1045,0,0
3233463,-2.782,9.567,1.556,-0.246,0.129,-0.087,1061,0,0
3233483,-3.859,9.744,2.303,-0.267,0.400,-0.034,1072,0,0
3233503,-4.135,10.048,2.873,-0.324,0.256,0.131,1082,0,0
3233523,-3.086,9.598,2.602,-0.387,0.099,0.273,1090,0,0
3233543,-1.961,8.672,2.212,-0.472,0.200,0.292,1099,0,0
3233564,-1.451,7.638,2.550,-0.360,0.337,0.214,1105,0,0
3233583,-1.046,7.293,2.885,-0.184,0.346,0.163,1116,0,0
3233603,-0.412,6.879,3.084,-0.082,0.231,0.121,1121,0,0
3233623,0.333,6.689,2.837,-0.057,0.143,0.060,1124,0,0
3233644,1.317,5.873,2.442,-0.079,0.074,0.034,1130,0,0
3233663,2.035,4.618,2.016,-0.116,0.123,-0.113,1134,0,0
3233683,2.212,3.548,2.095,-0.161,0.097,-0.351,1135,0,0
3233703,2.416,2.334,1.978,0.036,0.026,-0.633,1137,0,0
3233723,2.124,2.763,1.489,0.441,0.100,-0.996,1138,0,0
3233743,0.737,3.958,1.434,0.612,0.229,-1.297,1140,0,0
3233763,-0.529,4.908,1.484,0.530,0.257,-1.399,1142,0,0
3233783,-1.441,4.987,1.697,0.419,0.212,-1.377,1144,0,0
3233803,-2.373,4.760,1.621,0.390,0.233,-1.550,1146,0,0
3233823,-4.695,6.057,1.654,0.548,0.319,-1.788,1147,0,0
3233843,-7.319,9.079,1.958,0.458,0.303,-1.853,1150,0,0
3233863,-9.567,11.013,2.547,-0.168,0.034,-1.574,1153,0,0
3233883,-10.609,11.073,2.375,-0.534,-0.080,-1.283,1155,0,0
3233903,-12.146,11.981,2.782,-0.395,0.075,-1.032,1159,0,0
3233923,-12.931,13.048,3.165,-0.425,0.197,-0.775,1165,0,0
3233943,-12.972,12.594,3.812,-0.509,0.232,-0.438,1168,0,0
3233963,-12.538,12.368,4.233,-0.488,0.218,-0.065,1170,0,0
3233983,-11.708,11.617,4.262,-0.544,0.269,0.294,1173,0,0
3234003,-11.193,10.257,4.673,-0.540,0.343,0.480,1175,0,0
3234023,-10.862,9.412,4.939,-0.409,0.375,0.490,1179,0,0
3234043,-10.513,10.276,4.602,-0.135,0.375,0.625,1180,0,0
3234063,-9.565,10.434,4.233,-0.282,0.411,0.938,1182,0,0
3234083,-8.959,9.060,3.917,-0.462,0.416,1.148,1183,0,0
3234103,-8.033,8.021,3.206,-0.220,0.460,1.218,1183,0,0
3234123,-6.800,8.047,2.387,0.203,0.519,1.247,1181,0,0
3234143,-5.064,7.563,1.678,0.266,0.618,1.258,1179,0,0
3234163,-3.979,7.362,1.460,0.260,0.608,1.249,1178,0,0
3234184,-1.559,6.804,1.159,-0.090,0.495,1.338,1177,0,0
3234203,0.555,3.886,1.542,-0.474,0.330,1.248,1173,0,0
3234223,2.253,2.756,1.755,-0.228,0.260,0.958,1168,0,0
3234243,3.474,2.708,2.097,-0.036,0.201,0.704,1168,0,0
3234263,3.986,1.956,2.404,-0.100,0.113,0.398,1168,0,0
3234283,3.895,2.567,2.540,0.092,-0.049,0.104,1168,0,0
3234303,3.560,2.931,2.423,0.022,-0.303,-0.120,1167,0,0
3234323,2.828,3.251,1.760,0.049,-0.487,-0.354,1167,0,0
3234343,2.413,3.948,1.118,0.095,-0.505,-0.528,1168,0,0
3234363,2.100,3.780,1.135,0.063,-0.456,-0.649,1168,0,0
3234383,0.785,3.505,1.674,0.108,-0.517,-0.809,1169,0,0
3234403,-0.893,4.997,1.791,0.294,-0.656,-0.964,1169,0,0
3234423,-1.051,6.261,1.267,0.191,-0.778,-0.820,1171,0,0
3234443,-2.698,5.188,1.501,-0.018,-0.545,-0.826,1172,0,0
3234463,-6.428,6.845,2.296,0.416,-0.417,-1.279,1171,0,0
3234483,-8.179,10.017,2.679,0.259,-0.551,-1.451,1171,0,0
3234503,-9.503,10.573,3.110,-0.394,-0.807,-1.218,1171,0,0
3234523,-10.369,10.300,2.828,-0.822,-0.756,-1.319,1171,0,0
3234543,-11.176,10.853,3.196,-0.597,-0.470,-1.228,1171,0,0
3234564,-12.864,12.246,4.276,-0.313,-0.307,-0.945,1173,0,0
3234583,-12.747,13.091,4.286,-0.482,-0.314,-0.580,1174,0,0
3234603,-12.036,12.359,4.250,-0.674,-0.099,-0.263,1174,0,0
3234623,-11.787,11.748,4.525,-0.457,0.122,0.049,1177,0,0
3234643,-10.819,10.659,4.626,-0.375,0.252,0.324,1179,0,0
3234663,-10.238,9.459,4.930,-0.198,0.377,0.493,1181,0,0
3234683,-10.171,8.799,4.956,-0.043,0.382,0.491,1182,0,0
3234703,-9.594,9.160,4.334,0.284,0.449,0.625,1184,0,0
3234723,-8.770,9.134,3.910,0.163,0.480,0.850,1186,0,0
3234743,-7.633,7.752,3.534,0.027,0.480,0.990,1186,0,0
3234763,-6.821,7.298,3.182,0.184,0.522,0.964,1185,0,0
3234783,-6.067,7.700,2.895,0.291,0.513,0.989,1186,0,0
3234804,-4.209,7.144,2.018,0.249,0.525,1.113,1186,0,0
3234823,-3.041,6.519,1.559,0.251,0.560,1.090,1185,0,0
3234843,-1.736,6.460,1.453,0.194,0.503,1.106,1185,0,0
3234863,-0.455,5.906,1.635,-0.052,0.326,1.075,1185,0,0
3234883,0.699,5.303,1.671,-0.277,0.185,0.967,1184,0,0
3234903,1.188,4.911,1.827,-0.419,0.149,0.778,1181,0,0
3234923,0.692,4.987,2.459,-0.348,0.069,0.592,1181,0,0
3234943,0.199,5.535,2.502,-0.047,-0.043,0.430,1180,0,0
3234963,-0.371,6.855,2.322,0.103,-0.144,0.310,1181,0,0
3234983,-0.579,7.417,2.014,-0.070,-0.233,0.277,1181,0,0
3235003,-1.211,7.410,2.133,-0.245,-0.286,0.266,1182,0,0
3235023,-1.841,7.020,2.330,-0.451,-0.431,0.180,1182,0,0
3235043,-2.081,6.718,2.097,-0.445,-0.513,0.084,1180,0,0
3235063,-2.660,6.103,2.746,-0.306,-0.678,-0.115,1168,0,0
3235083,-3.376,6.840,2.799,-0.016,-0.665,-0.260,1162,0,0
3235103,-3.898,7.511,2.401,-0.048,-0.526,-0.388,1153,0,0
3235123,-3.847,8.693,2.303,-0.038,-0.289,-0.377,1164,0,0
3235143,-3.747,9.007,2.265,-0.177,-0.064,-0.312,1198,0,0
3235163,-4.338,8.729,2.442,-0.262,0.145,-0.281,1272,0,0
3235183,-4.350,8.969,2.286,-0.233,0.161,-0.324,1367,0,0
3235203,-2.986,9.017,1.350,-0.535,0.336,-0.157,1479,0,0
3235223,-2.672,8.248,0.479,-0.781,0.940,-0.061,1601,0,0
3235243,-3.098,8.466,2.150,-0.336,1.238,0.268,1686,0,0
3235263,-3.725,7.681,6.158,-0.054,0.524,0.443,1735,0,0
3235283,-3.701,7.053,4.319,-0.691,0.363,0.201,1781,0,0
3235303,-3.455,8.138,3.926,-0.193,-0.129,-0.067,1814,0,0
3235324,-3.211,8.471,3.158,-0.074,-0.168,-0.050,1833,0,0
3235343,-3.460,8.159,2.837,-0.180,-0.006,0.084,1843,0,0
3235363,-3.826,8.365,2.761,0.318,0.053,0.100,1855,0,0
3235383,-3.687,8.863,2.878,0.376,-0.037,0.046,1864,0,0
3235403,-3.232,8.803,2.854,-0.137,-0.094,0.051,1870,0,0
3235424,-3.239,8.176,3.012,-0.400,-0.084,0.090,1871,0,0
3235443,-3.290,7.930,2.851,-0.091,-0.022,0.086,1871,0,0
3235463,-3.496,8.112,3.029,0.080,0.014,0.030,1872,0,0
3235483,-3.431,8.238,3.021,-0.020,0.015,0.007,1872,0,0
3235503,-3.510,8.394,3.165,-0.065,-0.026,0.032,1871,0,0
3235523,-3.414,8.011,2.952,-0.061,0.015,0.067,1871,0,0
3235543,-3.637,7.949,3.129,-0.014,0.018,0.044,1870,0,0
3235563,-3.373,7.992,3.129,-0.013,-0.036,0.022,1869,0,0
3235583,-3.273,8.212,3.144,-0.074,-0.044,0.037,1869,0,0
3235603,-3.045,7.989,3.041,-0.059,0.014,0.058,1865,0,0
3235624,-3.352,8.054,3.029,0.062,0.100,0.072,1861,0,0
3235643,-3.555,8.176,2.909,0.107,0.091,0.047,1857,0,0
3235663,-3.606,8.332,3.069,0.037,-0.014,0.009,1856,0,0
3235683,-3.467,8.375,3.024,-0.044,-0.141,0.053,1855,0,0
3235703,-3.290,8.198,2.816,-0.027,-0.164,0.106,1852,0,0
3235723,-3.211,8.171,2.693,0.064,-0.091,0.102,1848,0,0
3235744,-3.220,8.248,2.665,0.061,-0.035,0.059,1845,0,0
3235763,-3.311,8.310,2.710,0.024,-0.035,0.032,1847,0,0
3235783,-3.309,8.298,2.825,0.001,-0.109,0.050,1846,0,0
3235803,-3.086,8.219,2.732,-0.005,-0.124,0.096,1843,0,0
3235823,-3.017,8.277,2.641,0.025,-0.047,0.101,1842,0,0
3235843,-3.057,8.303,2.636,0.008,0.055,0.060,1840,0,0
3235863,-3.127,8.270,2.765,-0.025,0.066,0.017,1839,0,0
3235883,-3.110,8.282,2.808,-0.039,0.017,0.019,1839,0,0
3235903,-3.026,8.203,2.878,-0.052,0.005,0.039,1839,0,0
3235923,-2.983,8.140,2.899,-0.038,0.005,0.035,1837,0,0
3235943,-3.093,8.260,2.904,0.003,0.004,-0.002,1836,0,0
3235963,-3.105,8.262,2.832,0.015,-0.008,-0.031,1834,0,0
3235983,-3.098,8.356,2.727,0.006,0.009,-0.013,1834,0,0
3236003,-3.172,8.440,2.775,0.008,0.011,-0.013,1833,0,0
3236023,-3.163,8.475,2.784,-0.025,-0.002,-0.018,1830,0,0
3236043,-3.074,8.406,2.696,-0.071,-0.022,-0.001,1830,0,0
3236064,-3.024,8.241,2.655,-0.072,-0.029,0.011,1826,0,0
3236083,-3.084,8.289,2.638,-0.021,-0.012,-0.002,1825,0,0
3236103,-3.239,8.430,2.674,-0.019,0.017,-0.022,1823,0,0
3236123,-3.237,8.502,2.734,-0.005,0.033,-0.013,1825,0,0
3236143,-3.103,8.425,2.720,-0.005,0.023,0.016,1823,0,0
3236163,-3.036,8.224,2.765,-0.064,0.010,0.021,1821,0,0
3236183,-2.966,8.133,2.763,-0.069,-0.013,-0.004,1821,0,0
3236203,-3.057,8.219,2.758,-0.035,-0.015,-0.021,1819,0,0
3236223,-3.103,8.274,2.751,-0.049,-0.007,-0.024,1818,0,0
3236243,-3.117,8.262,2.746,-0.032,-0.008,-0.031,1819,0,0
3236263,-3.089,8.317,2.710,-0.002,-0.007,-0.029,1817,0,0
3236301,-3.146,8.406,2.662,-0.039,-0.026,-0.030,1815,0,0
3236313,-3.170,8.444,2.636,-0.050,-0.023,-0.038,1814,0,0
3236324,-3.194,8.468,2.631,-0.041,-0.015,-0.040,1814,0,0
3236343,-3.141,8.495,2.600,0.001,0.008,-0.024,1811,0,0
3236363,-3.036,8.456,2.622,0.022,0.008,-0.005,1811,0,0
3236383,-3.067,8.475,2.631,-0.021,0.001,-0.001,1811,0,0
3236403,-3.105,8.380,2.703,-0.090,-0.003,-0.003,1809,0,0
3236423,-3.177,8.389,2.705,-0.058,-0.000,-0.009,1809,0,0
3236444,-3.103,8.361,2.703,-0.039,-0.003,-0.005,1808,0,0
3236463,-2.947,8.317,2.614,-0.028,-0.007,0.008,1807,0,0
3236483,-2.986,8.243,2.581,-0.048,-0.009,0.007,1808,0,0
3236503,-3.089,8.241,2.641,-0.068,-0.004,-0.018,1808,0,0
3236523,-3.203,8.380,2.670,-0.062,-0.004,-0.041,1807,0,0
3236544,-3.081,8.411,2.602,-0.023,0.001,-0.025,1807,0,0
3236564,-2.986,8.370,2.550,0.017,0.006,-0.009,1807,0,0
3236583,-3.098,8.435,2.528,-0.013,0.005,-0.021,1807,0,0
3236603,-3.201,8.511,2.531,-0.080,0.007,-0.030,1807,0,0
3236623,-3.194,8.492,2.614,-0.074,0.011,-0.023,1806,0,0
3236644,-3.029,8.449,2.600,-0.037,0.015,0.003,1805,0,0
3236663,-3.014,8.363,2.555,-0.030,0.021,0.009,1806,0,0
3236683,-3.134,8.377,2.576,-0.039,0.018,-0.004,1805,0,0
3236703,-3.163,8.418,2.559,-0.078,0.014,-0.010,1803,0,0
3236723,-3.141,8.384,2.607,-0.086,0.023,0.001,1802,0,0
3236743,-3.057,8.351,2.653,-0.041,0.026,0.001,1802,0,0
