3426335,-2.593,8.562,2.014,-0.073,0.011,-0.014,1810,0,0
3426355,-2.732,8.701,2.057,-0.041,0.004,-0.025,1812,0,0
3426375,-2.768,8.859,1.935,-0.044,0.004,-0.011,1812,0,0
3426395,-2.713,8.808,1.913,-0.068,0.011,0.004,1811,0,0
3426415,-2.591,8.674,1.973,-0.065,0.018,0.011,1811,0,0
3426435,-2.667,8.660,2.033,-0.057,0.020,-0.001,1811,0,0
3426455,-2.761,8.765,2.045,-0.036,0.014,-0.003,1812,0,0
3426475,-2.828,8.830,2.025,-0.051,0.018,0.010,1811,0,0
3426495,-2.679,8.653,2.069,-0.083,0.014,0.015,1811,0,0
3426515,-2.574,8.471,2.102,-0.080,0.015,0.004,1812,0,0
3426535,-2.691,8.540,2.184,-0.055,0.002,-0.025,1811,0,0
3426555,-2.796,8.768,2.150,-0.046,-0.005,-0.026,1811,0,0
3426575,-2.835,8.811,2.112,-0.056,-0.008,-0.013,1812,0,0
3426595,-2.768,8.770,2.018,-0.051,-0.013,-0.003,1813,0,0
3426615,-2.629,8.614,2.002,-0.073,-0.007,0.003,1813,0,0
3426635,-2.684,8.550,2.014,-0.063,-0.005,-0.017,1813,0,0
3426655,-2.672,8.638,1.980,-0.053,-0.011,-0.024,1813,0,0
3426675,-2.737,8.727,1.970,-0.068,-0.012,-0.027,1813,0,0
3426695,-2.717,8.760,1.918,-0.054,-0.002,-0.024,1811,0,0
3426715,-2.737,8.815,1.911,-0.035,0.018,-0.018,1812,0,0
3426735,-2.749,8.803,1.973,-0.057,0.017,-0.014,1811,0,0
3426755,-2.708,8.777,2.002,-0.063,0.008,-0.004,1811,0,0
3426775,-2.626,8.689,2.071,-0.074,0.011,-0.000,1811,0,0
3426795,-2.636,8.617,2.030,-0.043,0.010,-0.005,1810,0,0
3426815,-2.713,8.669,2.057,-0.052,0.007,-0.012,1811,0,0
3426835,-2.828,8.732,2.059,-0.061,0.007,-0.013,1811,0,0
3426855,-2.780,8.799,1.961,-0.042,0.014,-0.003,1811,0,0
3426875,-2.689,8.653,2.035,-0.073,0.018,0.007,1811,0,0
3426895,-2.667,8.586,2.059,-0.059,0.011,-0.013,1810,0,0
3426915,-2.732,8.741,2.004,-0.044,0.013,-0.026,1810,0,0
3426935,-2.816,8.837,2.047,-0.051,0.010,-0.017,1810,0,0
3426955,-2.789,8.835,2.021,-0.067,0.004,-0.009,1810,0,0
3426975,-2.705,8.780,1.987,-0.058,0.013,0.001,1810,0,0
3426995,-2.610,8.669,2.061,-0.068,0.014,0.009,1810,0,0
3427015,-2.650,8.598,2.140,-0.070,0.004,-0.007,1810,0,0
3427035,-2.746,8.701,2.054,-0.045,-0.003,-0.016,1810,0,0
3427055,-2.830,8.856,1.906,-0.038,-0.008,-0.006,1809,0,0
3427075,-2.720,8.758,1.858,-0.078,-0.006,0.009,1810,0,0
3427095,-2.686,8.626,1.918,-0.070,0.021,0.004,1809,0,0
3427115,-2.686,8.648,2.035,-0.042,0.030,-0.013,1809,0,0
3427135,-2.693,8.720,2.018,-0.055,0.011,-0.010,1809,0,0
3427155,-2.693,8.674,2.049,-0.093,-0.004,-0.010,1808,0,0
3427175,-2.751,8.703,2.002,-0.058,0.009,-0.016,1809,0,0
3427195,-2.753,8.820,1.942,-0.024,0.033,-0.003,1809,0,0
3427215,-2.693,8.753,1.975,-0.061,0.025,0.002,1809,0,0
3427235,-2.617,8.636,2.071,-0.086,0.010,-0.004,1808,0,0
3427255,-2.617,8.605,2.100,-0.079,0.007,-0.016,1808,0,0
3427275,-2.794,8.756,2.040,-0.045,0.014,-0.022,1810,0,0
3427295,-2.849,8.902,1.999,-0.044,0.013,-0.010,1808,0,0
3427315,-2.722,8.811,1.942,-0.068,0.011,0.010,1808,0,0
3427335,-2.614,8.600,2.021,-0.082,0.011,0.004,1808,0,0
3427355,-2.650,8.586,2.042,-0.075,0.008,-0.013,1809,0,0
3427375,-2.749,8.715,2.002,-0.066,0.004,-0.016,1809,0,0
3427395,-2.804,8.770,1.932,-0.068,0.008,-0.009,1808,0,0
3427415,-2.725,8.770,1.937,-0.068,0.021,-0.007,1808,0,0
3427435,-2.665,8.777,1.956,-0.054,0.035,-0.006,1808,0,0
3427455,-2.665,8.806,2.033,-0.060,0.033,-0.004,1808,0,0
3427475,-2.720,8.765,2.116,-0.091,0.017,0.001,1808,0,0
3427495,-2.761,8.751,2.107,-0.084,0.013,0.007,1808,0,0
3427515,-2.737,8.763,2.124,-0.064,0.002,0.011,1808,0,0
3427535,-2.684,8.703,2.054,-0.064,0.008,0.021,1809,0,0
3427555,-2.667,8.519,2.083,-0.099,0.001,0.010,1809,0,0
3427575,-2.696,8.483,2.066,-0.099,-0.005,-0.012,1808,0,0
3427595,-2.696,8.576,2.037,-0.090,-0.001,-0.027,1808,0,0
3427615,-2.753,8.633,2.023,-0.082,0.009,-0.029,1809,0,0
3427635,-2.746,8.751,2.037,-0.068,0.002,-0.034,1809,0,0
3427655,-2.682,8.722,1.968,-0.096,-0.002,-0.026,1809,0,0
3427675,-2.720,8.708,2.009,-0.097,-0.002,-0.028,1808,0,0
3427695,-2.658,8.756,2.030,-0.084,0.002,-0.022,1809,0,0
3427715,-2.672,8.710,1.999,-0.091,0.013,-0.018,1809,0,0
3427735,-2.660,8.677,2.006,-0.054,0.008,-0.012,1810,0,0
3427755,-2.650,8.701,1.951,-0.066,0.007,-0.014,1810,0,0
3427775,-2.703,8.739,1.920,-0.097,0.013,-0.019,1810,0,0
3427795,-2.775,8.760,1.954,-0.087,0.030,-0.020,1812,0,0
3427815,-2.811,8.823,1.980,-0.062,0.039,-0.012,1812,0,0
3427835,-2.725,8.792,2.047,-0.088,0.039,0.001,1812,0,0
3427855,-2.607,8.610,2.107,-0.102,0.045,0.002,1813,0,0
3427875,-2.646,8.595,2.152,-0.073,0.049,-0.013,1812,0,0
3427895,-2.717,8.732,2.188,-0.080,0.040,-0.021,1814,0,0
3427915,-2.816,8.753,2.195,-0.099,0.028,-0.011,1813,0,0
3427935,-2.837,8.772,2.162,-0.070,0.019,-0.002,1813,0,0
3427955,-2.832,8.808,2.088,-0.084,0.022,0.004,1813,0,0
3427975,-2.808,8.765,2.119,-0.081,0.029,0.015,1813,0,0
3427995,-2.761,8.669,2.150,-0.088,0.025,0.019,1812,0,0
3428015,-2.732,8.562,2.112,-0.080,0.021,0.013,1812,0,0
3428035,-2.734,8.523,2.128,-0.085,0.025,0.013,1813,0,0
3428055,-2.789,8.490,2.133,-0.072,0.023,0.004,1813,0,0
3428075,-2.806,8.605,2.124,-0.050,0.020,-0.008,1813,0,0
3428095,-2.837,8.667,2.097,-0.068,0.015,-0.008,1813,0,0
3428115,-2.796,8.660,2.076,-0.045,0.019,0.001,1814,0,0
3428135,-2.744,8.600,2.128,-0.051,0.027,0.002,1814,0,0
3428155,-2.641,8.511,2.169,-0.033,0.025,0.003,1812,0,0
3428175,-2.490,8.425,2.143,-0.038,0.025,0.001,1813,0,0
3428195,-2.638,8.449,2.140,-0.028,0.025,-0.022,1813,0,0
3428215,-2.792,8.600,2.131,-0.011,-0.003,-0.039,1814,0,0
3428235,-2.895,8.777,2.047,-0.044,-0.032,-0.038,1813,0,0
3428255,-2.873,8.839,1.951,-0.061,-0.021,-0.029,1813,0,0
3428275,-2.761,8.806,1.932,-0.016,0.019,-0.007,1813,0,0
3428295,-2.641,8.669,1.968,-0.026,0.027,0.004,1813,0,0
3428315,-2.598,8.578,2.040,-0.055,0.011,-0.021,1813,0,0
3428335,-2.672,8.732,2.006,-0.036,0.012,-0.035,1815,0,0
3428355,-2.811,8.950,1.982,-0.026,0.029,-0.025,1813,0,0
3428375,-2.749,8.923,2.066,-0.062,0.037,0.003,1813,0,0
3428395,-2.564,8.674,2.112,-0.061,0.031,0.017,1814,0,0
3428415,-2.593,8.586,2.114,-0.037,0.022,-0.005,1813,0,0
3428435,-2.751,8.756,2.100,-0.039,-0.005,-0.025,1812,0,0
3428455,-2.842,8.854,2.002,-0.075,-0.014,-0.012,1813,0,0
3428475,-2.801,8.803,1.956,-0.056,0.015,0.005,1812,0,0
3428495,-2.772,8.739,2.047,-0.050,0.038,0.008,1812,0,0
3428515,-2.794,8.727,2.150,-0.068,0.025,0.007,1812,0,0
3428535,-2.840,8.720,2.186,-0.065,0.001,0.002,1812,0,0
3428555,-2.844,8.705,2.114,-0.061,-0.008,0.010,1813,0,0
3428575,-2.832,8.662,2.078,-0.069,-0.008,0.008,1812,0,0
3428595,-2.806,8.638,2.018,-0.065,-0.003,0.002,1811,0,0
3428615,-2.710,8.645,2.040,-0.063,0.012,0.010,1812,0,0
3428635,-2.693,8.576,2.102,-0.056,0.004,0.003,1812,0,0
3428655,-2.708,8.619,2.066,-0.054,-0.017,-0.014,1812,0,0
3428675,-2.780,8.720,1.992,-0.072,-0.025,-0.021,1812,0,0
3428695,-2.725,8.703,1.918,-0.065,-0.010,-0.003,1811,0,0
3428715,-2.595,8.578,1.920,-0.063,0.010,0.009,1811,0,0
3428735,-2.598,8.478,1.975,-0.056,0.015,-0.015,1811,0,0
3428755,-2.691,8.612,1.985,-0.042,0.002,-0.044,1811,0,0
3428775,-2.751,8.815,1.932,-0.048,-0.000,-0.041,1811,0,0
3428795,-2.679,8.823,1.975,-0.063,0.013,-0.022,1811,0,0
3428815,-2.598,8.789,2.037,-0.052,0.027,-0.013,1811,0,0
3428835,-2.638,8.739,2.083,-0.049,0.029,-0.008,1812,0,0
3428855,-2.768,8.751,2.124,-0.059,0.011,-0.014,1812,0,0
3428875,-2.768,8.803,2.057,-0.051,0.007,-0.006,1810,0,0
3428895,-2.758,8.768,2.047,-0.060,0.017,0.010,1812,0,0
3428915,-2.761,8.710,2.102,-0.058,0.019,0.012,1811,0,0
3428935,-2.734,8.614,2.093,-0.070,0.019,0.010,1811,0,0
3428955,-2.763,8.569,2.119,-0.058,0.011,-0.003,1813,0,0
3428975,-2.729,8.607,2.093,-0.060,0.004,-0.014,1812,0,0
3428995,-2.689,8.617,2.066,-0.061,-0.005,-0.019,1812,0,0
3429015,-2.708,8.672,2.014,-0.060,-0.002,-0.014,1811,0,0
3429035,-2.804,8.705,2.025,-0.051,0.005,-0.019,1811,0,0
3429055,-2.820,8.799,1.980,-0.040,0.010,-0.014,1811,0,0
3429075,-2.761,8.787,2.042,-0.058,0.003,-0.008,1810,0,0
3429095,-2.660,8.643,2.076,-0.084,-0.005,-0.005,1813,0,0
3429115,-2.703,8.614,2.040,-0.045,-0.007,-0.011,1813,0,0
3429135,-2.717,8.712,1.975,-0.041,-0.011,-0.015,1813,0,0
3429155,-2.753,8.751,1.930,-0.065,0.001,-0.013,1812,0,0
3429175,-2.729,8.703,1.997,-0.077,0.009,-0.010,1813,0,0
3429195,-2.741,8.679,2.042,-0.068,0.014,-0.014,1813,0,0
3429215,-2.806,8.758,2.083,-0.045,0.007,-0.018,1812,0,0
3429235,-2.768,8.835,2.033,-0.046,0.005,-0.001,1813,0,0
3429255,-2.655,8.722,2.071,-0.065,0.003,0.010,1813,0,0
3429275,-2.624,8.593,2.081,-0.058,0.008,0.004,1812,0,0
3429295,-2.756,8.660,2.076,-0.049,-0.003,-0.017,1813,0,0
3429315,-2.799,8.794,1.990,-0.044,-0.012,-0.008,1813,0,0
3429335,-2.732,8.756,1.997,-0.064,0.000,0.006,1814,0,0
3429355,-2.638,8.605,2.009,-0.060,0.011,0.006,1813,0,0
3429375,-2.636,8.550,2.006,-0.058,0.019,-0.003,1813,0,0
3429395,-2.796,8.667,2.052,-0.049,0.000,-0.024,1813,0,0
3429415,-2.849,8.830,2.061,-0.072,-0.018,-0.027,1813,0,0
3429435,-2.878,8.851,1.961,-0.060,-0.012,-0.006,1813,0,0
3429455,-2.705,8.765,1.946,-0.058,0.007,0.009,1813,0,0
3429475,-2.576,8.602,2.045,-0.070,0.020,0.011,1814,0,0
3429495,-2.624,8.571,2.119,-0.056,0.014,-0.011,1813,0,0
3429515,-2.787,8.722,2.114,-0.062,-0.005,-0.018,1813,0,0
3429535,-2.914,8.878,2.069,-0.058,-0.018,-0.006,1815,0,0
3429555,-2.851,8.820,1.980,-0.060,-0.018,0.022,1813,0,0
3429575,-2.705,8.638,1.985,-0.055,-0.002,0.027,1813,0,0
3429595,-2.667,8.519,2.011,-0.063,0.013,0.011,1813,0,0
3429615,-2.741,8.583,2.047,-0.041,0.012,-0.008,1813,0,0
3429635,-2.734,8.712,2.045,-0.068,-0.006,-0.012,1812,0,0
3429655,-2.665,8.641,2.018,-0.086,-0.007,-0.009,1813,0,0
3429675,-2.643,8.641,2.011,-0.059,0.007,-0.019,1813,0,0
3429695,-2.693,8.765,2.025,-0.021,0.010,-0.019,1814,0,0
3429715,-2.703,8.827,2.033,-0.054,-0.007,-0.009,1813,0,0
3429735,-2.672,8.758,1.990,-0.079,-0.017,-0.006,1813,0,0
3429755,-2.653,8.756,1.973,-0.059,-0.005,-0.008,1813,0,0
3429775,-2.682,8.803,1.937,-0.042,0.006,0.001,1813,0,0
3429795,-2.643,8.758,1.954,-0.060,-0.000,0.005,1812,0,0
3429815,-2.636,8.681,1.949,-0.082,0.003,0.004,1813,0,0
3429835,-2.641,8.665,1.975,-0.051,0.022,-0.006,1811,0,0
3429855,-2.720,8.753,2.011,-0.046,0.029,-0.007,1813,0,0
3429875,-2.746,8.760,2.076,-0.078,0.004,-0.002,1812,0,0
3429895,-2.658,8.641,2.035,-0.096,0.003,0.001,1813,0,0
3429915,-2.679,8.571,2.069,-0.054,0.014,-0.007,1812,0,0
3429935,-2.727,8.693,2.033,-0.039,0.014,-0.017,1813,0,0
3429955,-2.782,8.772,2.009,-0.064,0.009,-0.011,1812,0,0
3429975,-2.729,8.717,2.006,-0.074,0.007,-0.001,1812,0,0
3429995,-2.727,8.619,2.045,-0.071,0.012,-0.011,1812,0,0
3430015,-2.727,8.691,2.009,-0.048,0.009,-0.021,1812,0,0
3430035,-2.787,8.775,2.009,-0.041,0.010,-0.011,1812,0,0
3430055,-2.741,8.751,1.980,-0.068,0.007,-0.000,1812,0,0
3430075,-2.583,8.543,2.028,-0.096,0.009,-0.003,1812,0,0
3430095,-2.555,8.466,2.061,-0.064,0.013,-0.025,1813,0,0
3430115,-2.713,8.705,2.004,-0.035,0.014,-0.050,1813,0,0
3430135,-2.866,8.976,1.951,-0.041,0.008,-0.039,1811,0,0
3430155,-2.842,9.041,1.906,-0.071,0.016,-0.008,1812,0,0
3430175,-2.662,8.856,1.937,-0.068,0.026,0.016,1812,0,0
3430195,-2.535,8.643,2.014,-0.065,0.038,0.023,1813,0,0
3430215,-2.631,8.550,2.073,-0.047,0.029,0.003,1812,0,0
3430235,-2.722,8.645,2.059,-0.054,0.018,-0.004,1813,0,0
3430255,-2.741,8.667,2.035,-0.063,0.014,0.001,1813,0,0
3430275,-2.686,8.655,1.987,-0.062,0.019,-0.004,1813,0,0
3430295,-2.765,8.677,2.018,-0.051,0.032,-0.012,1813,0,0
3430315,-2.842,8.787,2.018,-0.044,0.029,-0.015,1812,0,0
3430335,-2.828,8.801,2.105,-0.083,0.017,-0.008,1813,0,0
3430355,-2.717,8.693,2.167,-0.083,0.009,-0.001,1814,0,0
3430375,-2.732,8.672,2.145,-0.055,0.009,-0.010,1813,0,0
3430395,-2.777,8.808,2.143,-0.040,0.003,-0.011,1814,0,0
3430415,-2.744,8.813,2.105,-0.069,-0.012,0.007,1813,0,0
3430435,-2.653,8.631,2.081,-0.088,-0.025,0.011,1813,0,0
3430455,-2.677,8.602,2.004,-0.061,-0.036,-0.010,1814,0,0
3430475,-2.782,8.792,1.903,-0.034,-0.031,-0.013,1813,0,0
3430495,-2.801,8.885,1.808,-0.058,-0.012,0.005,1812,0,0
3430515,-2.665,8.729,1.803,-0.073,0.005,0.018,1813,0,0
3430535,-2.598,8.607,1.915,-0.072,0.014,0.007,1812,0,0
3430555,-2.619,8.636,1.968,-0.057,0.012,-0.007,1813,0,0
3430575,-2.670,8.710,2.009,-0.067,0.012,-0.009,1813,0,0
3430595,-2.674,8.724,2.042,-0.066,0.021,-0.003,1812,0,0
3430615,-2.670,8.746,2.011,-0.055,0.026,-0.000,1813,0,0
3430635,-2.689,8.792,2.071,-0.055,0.022,-0.001,1813,0,0
3430655,-2.725,8.792,2.083,-0.063,0.018,0.002,1813,0,0
3430675,-2.686,8.727,2.069,-0.070,0.013,0.002,1813,0,0
3430695,-2.619,8.667,2.078,-0.072,0.011,0.012,1813,0,0
3430715,-2.634,8.569,2.107,-0.079,0.015,0.011,1814,0,0
3430735,-2.665,8.487,2.126,-0.078,0.006,-0.007,1813,0,0
3430755,-2.739,8.612,2.061,-0.048,0.003,-0.027,1813,0,0
3430775,-2.775,8.753,1.990,-0.056,-0.008,-0.029,1813,0,0
3430795,-2.705,8.806,1.942,-0.066,-0.001,-0.012,1815,0,0
3430815,-2.631,8.665,1.987,-0.073,0.014,-0.005,1813,0,0
3430835,-2.586,8.610,2.030,-0.065,0.019,-0.014,1813,0,0
3430855,-2.662,8.657,2.040,-0.063,0.011,-0.021,1813,0,0
3430875,-2.722,8.729,1.985,-0.048,0.007,-0.016,1813,0,0
3430895,-2.705,8.746,1.970,-0.044,0.011,-0.007,1813,0,0
3430915,-2.717,8.736,1.990,-0.038,0.017,0.002,1813,0,0
3430935,-2.739,8.724,2.035,-0.030,0.017,-0.001,1814,0,0
3430955,-2.722,8.698,2.069,-0.040,0.007,0.003,1814,0,0
3430975,-2.665,8.645,2.076,-0.040,-0.003,0.003,1814,0,0
3430995,-2.655,8.622,2.081,-0.034,-0.006,-0.011,1813,0,0
3431015,-2.667,8.734,2.076,-0.019,0.004,-0.019,1813,0,0
3431035,-2.684,8.849,2.162,-0.033,0.006,-0.005,1814,0,0
3431055,-2.648,8.854,2.231,-0.041,-0.006,0.003,1813,0,0
3431075,-2.739,8.784,2.270,-0.049,-0.032,0.006,1813,0,0
3431095,-2.758,8.758,2.131,-0.056,-0.068,-0.006,1814,0,0
3431115,-2.749,8.873,2.023,-0.053,-0.064,-0.009,1811,0,0
3431135,-2.710,8.933,2.014,-0.033,-0.041,0.008,1812,0,0
3431155,-2.725,8.784,2.114,-0.079,-0.050,0.020,1812,0,0
3431175,-2.638,8.571,2.088,-0.116,-0.087,0.001,1812,0,0
3431195,-2.583,8.528,1.935,-0.083,-0.083,-0.022,1812,0,0
3431215,-2.593,8.660,1.815,-0.053,-0.058,-0.036,1811,0,0
3431235,-2.650,8.763,1.753,-0.080,-0.042,-0.031,1811,0,0
3431255,-2.679,8.775,1.767,-0.096,-0.031,-0.021,1811,0,0
3431275,-2.595,8.751,1.875,-0.090,-0.023,-0.013,1811,0,0
3431295,-2.677,8.732,1.990,-0.067,-0.018,-0.017,1811,0,0
3431315,-2.844,8.859,1.980,-0.026,-0.025,-0.018,1811,0,0
3431335,-2.861,8.966,1.908,-0.037,-0.009,0.006,1812,0,0
3431355,-2.806,8.825,2.061,-0.061,0.010,0.028,1812,0,0
3431375,-2.684,8.655,2.227,-0.070,0.010,0.038,1811,0,0
3431395,-2.674,8.499,2.459,-0.084,-0.002,0.022,1811,0,0
3431415,-2.794,8.523,2.567,-0.050,-0.028,-0.006,1812,0,0
3431435,-2.909,8.772,2.557,-0.019,-0.060,-0.015,1811,0,0
3431455,-2.878,8.890,2.521,-0.043,-0.088,0.002,1811,0,0
3431475,-2.722,8.736,2.521,-0.057,-0.116,0.014,1811,0,0
3431495,-2.559,8.631,2.459,-0.050,-0.135,0.010,1812,0,0
3431515,-2.550,8.643,2.389,-0.028,-0.155,0.003,1812,0,0
3431535,-2.574,8.763,2.279,0.002,-0.180,0.011,1812,0,0
3431555,-2.545,8.837,2.049,-0.015,-0.192,0.022,1812,0,0
3431575,-2.461,8.729,1.949,-0.037,-0.189,0.025,1810,0,0
3431595,-2.373,8.655,1.899,-0.023,-0.170,0.023,1811,0,0
3431615,-2.301,8.588,1.805,-0.006,-0.153,0.013,1812,0,0
3431635,-2.198,8.633,1.738,-0.010,-0.132,0.002,1810,0,0
3431655,-2.313,8.681,1.721,-0.036,-0.114,-0.012,1811,0,0
3431675,-2.291,8.753,1.738,-0.039,-0.102,-0.014,1811,0,0
3431695,-2.301,8.734,1.678,-0.056,-0.061,-0.014,1811,0,0
3431715,-2.318,8.708,1.755,-0.025,-0.026,-0.016,1810,0,0
3431735,-2.354,8.717,1.834,-0.017,-0.017,-0.010,1812,0,0
3431755,-2.413,8.653,1.932,-0.055,-0.021,-0.013,1812,0,0
3431775,-2.504,8.653,1.958,-0.036,-0.009,-0.019,1811,0,0
3431795,-2.617,8.741,2.042,0.003,-0.002,-0.016,1811,0,0
3431815,-2.545,8.684,2.035,0.004,-0.008,-0.001,1811,0,0
3431835,-2.459,8.528,1.992,-0.015,-0.014,-0.012,1812,0,0
3431855,-2.373,8.468,1.899,-0.030,-0.016,-0.034,1811,0,0
3431875,-2.330,8.509,1.767,-0.042,0.008,-0.051,1811,0,0
3431895,-2.296,8.574,1.724,-0.047,0.034,-0.068,1812,0,0
3431915,-2.327,8.748,1.662,-0.036,0.063,-0.079,1812,0,0
3431935,-2.459,8.950,1.633,-0.067,0.077,-0.076,1811,0,0
3431955,-2.490,8.969,1.640,-0.098,0.084,-0.058,1812,0,0
3431975,-2.483,8.978,1.640,-0.067,0.100,-0.047,1810,0,0
3431995,-2.468,9.036,1.590,-0.043,0.123,-0.037,1811,0,0
3432015,-2.521,9.021,1.614,-0.067,0.145,-0.028,1812,0,0
3432035,-2.574,8.995,1.772,-0.079,0.158,-0.017,1811,0,0
3432055,-2.569,8.942,1.923,-0.078,0.168,0.000,1812,0,0
3432075,-2.682,8.921,2.052,-0.075,0.170,-0.001,1811,0,0
3432095,-2.729,9.014,2.174,-0.052,0.160,0.007,1812,0,0
3432115,-2.818,9.026,2.315,-0.070,0.143,0.025,1813,0,0
3432135,-2.923,8.978,2.380,-0.053,0.107,0.033,1811,0,0
3432155,-2.950,8.930,2.459,-0.060,0.081,0.046,1811,0,0
3432175,-2.940,8.899,2.483,-0.058,0.053,0.046,1811,0,0
3432195,-2.926,8.916,2.459,-0.055,0.035,0.057,1812,0,0
3432215,-2.758,8.756,2.502,-0.092,0.010,0.070,1812,0,0
3432235,-2.674,8.531,2.559,-0.115,-0.029,0.043,1812,0,0
3432255,-2.610,8.519,2.512,-0.088,-0.058,0.024,1811,0,0
3432275,-2.662,8.576,2.421,-0.055,-0.080,0.020,1811,0,0
3432295,-2.622,8.607,2.184,-0.070,-0.108,0.017,1813,0,0
3432315,-2.497,8.499,1.982,-0.088,-0.109,0.012,1811,0,0
3432335,-2.418,8.420,1.911,-0.084,-0.102,-0.009,1810,0,0
3432355,-2.327,8.497,1.822,-0.056,-0.082,-0.019,1813,0,0
3432375,-2.370,8.566,1.772,-0.057,-0.063,-0.030,1809,0,0
3432395,-2.413,8.631,1.731,-0.057,-0.057,-0.047,1811,0,0
3432415,-2.421,8.758,1.640,-0.071,-0.038,-0.043,1812,0,0
3432435,-2.354,8.787,1.630,-0.058,-0.011,-0.039,1812,0,0
3432455,-2.301,8.765,1.607,-0.073,0.010,-0.036,1811,0,0
3432475,-2.325,8.708,1.676,-0.094,0.022,-0.045,1811,0,0
3432495,-2.325,8.763,1.609,-0.076,0.037,-0.058,1811,0,0
3432515,-2.308,8.878,1.532,-0.078,0.072,-0.061,1810,0,0
3432535,-2.397,8.988,1.516,-0.101,0.098,-0.064,1810,0,0
3432555,-2.447,9.038,1.551,-0.122,0.127,-0.051,1811,0,0
3432575,-2.514,9.079,1.614,-0.110,0.163,-0.031,1812,0,0
3432595,-2.478,9.072,1.721,-0.109,0.189,-0.010,1811,0,0
3432615,-2.519,9.029,1.903,-0.135,0.196,0.002,1810,0,0
3432635,-2.660,8.985,2.061,-0.128,0.190,0.011,1814,0,0
3432655,-2.689,8.844,2.126,-0.094,0.179,0.020,1811,0,0
3432675,-2.710,8.782,2.277,0.004,0.198,0.025,1812,0,0
3432695,-2.873,8.971,2.308,0.011,0.166,0.044,1811,0,0
3432715,-2.914,8.758,2.318,-0.126,0.097,0.063,1812,0,0
3432735,-2.804,8.531,2.298,-0.109,0.067,0.062,1812,0,0
3432755,-2.753,8.454,2.152,-0.044,0.079,0.046,1812,0,0
3432775,-2.784,8.528,2.109,-0.029,0.074,0.027,1812,0,0
3432795,-2.823,8.624,2.047,-0.059,0.072,0.015,1812,0,0
3432815,-2.820,8.629,1.985,-0.065,0.075,0.011,1811,0,0
3432835,-2.782,8.600,2.030,-0.088,0.072,0.001,1812,0,0
3432855,-2.636,8.569,2.047,-0.093,0.079,-0.006,1814,0,0
3432875,-2.571,8.610,2.037,-0.075,0.096,-0.005,1812,0,0
3432895,-2.571,8.636,2.088,-0.070,0.101,-0.006,1811,0,0
3432915,-2.670,8.701,2.119,-0.090,0.094,-0.006,1811,0,0
3432935,-2.689,8.724,2.172,-0.096,0.073,-0.009,1811,0,0
3432955,-2.665,8.789,2.181,-0.071,0.053,-0.007,1811,0,0
3432975,-2.677,8.796,2.172,-0.065,0.041,-0.001,1811,0,0
3432995,-2.638,8.794,2.114,-0.044,0.013,0.008,1812,0,0
3433015,-2.614,8.825,1.968,-0.040,0.002,0.007,1812,0,0
3433035,-2.636,8.796,1.877,-0.051,0.007,0.002,1812,0,0
3433055,-2.689,8.825,1.875,-0.047,0.013,-0.001,1813,0,0
3433075,-2.591,8.792,1.860,-0.063,0.023,0.012,1812,0,0
3433095,-2.519,8.665,1.918,-0.074,0.043,0.026,1811,0,0
3433115,-2.528,8.657,1.985,-0.053,0.037,0.013,1812,0,0
3433135,-2.617,8.720,2.002,-0.055,0.014,-0.006,1812,0,0
3433155,-2.674,8.775,1.970,-0.069,-0.005,-0.009,1811,0,0
3433175,-2.638,8.746,1.896,-0.073,0.006,-0.007,1812,0,0
3433195,-2.555,8.732,1.887,-0.058,0.027,0.001,1810,0,0
3433215,-2.564,8.703,1.879,-0.052,0.042,-0.003,1812,0,0
3433235,-2.588,8.703,1.980,-0.055,0.032,-0.012,1812,0,0
3433255,-2.665,8.736,2.030,-0.071,0.022,-0.022,1811,0,0
3433275,-2.648,8.803,2.030,-0.065,0.018,-0.018,1811,0,0
3433295,-2.588,8.830,1.997,-0.052,0.028,-0.009,1812,0,0
3433315,-2.528,8.753,2.071,-0.065,0.026,-0.002,1810,0,0
3433335,-2.593,8.633,2.025,-0.082,0.011,-0.011,1811,0,0
3433355,-2.689,8.758,2.028,-0.046,-0.003,-0.023,1811,0,0
3433375,-2.648,8.803,1.911,-0.068,-0.001,-0.006,1810,0,0
3433395,-2.528,8.657,1.939,-0.074,0.007,0.001,1811,0,0
3433415,-2.507,8.576,1.961,-0.067,0.007,-0.015,1810,0,0
3433435,-2.660,8.712,1.891,-0.039,-0.001,-0.038,1811,0,0
3433455,-2.856,8.952,1.856,-0.048,-0.010,-0.046,1810,0,0
3433475,-2.765,9.041,1.834,-0.063,0.002,-0.014,1811,0,0
3433495,-2.629,8.885,1.927,-0.089,0.031,0.015,1811,0,0
3433515,-2.552,8.681,2.121,-0.081,0.034,0.015,1812,0,0
3433535,-2.540,8.631,2.145,-0.052,0.008,0.007,1811,0,0
3433555,-2.643,8.624,2.102,-0.069,-0.012,-0.005,1811,0,0
3433575,-2.670,8.701,1.992,-0.049,-0.023,-0.018,1810,0,0
3433595,-2.655,8.739,1.896,-0.069,-0.018,-0.010,1811,0,0
3433615,-2.610,8.665,1.894,-0.074,-0.011,-0.007,1811,0,0
3433635,-2.545,8.650,1.856,-0.062,-0.012,-0.020,1811,0,0
3433655,-2.588,8.760,1.841,-0.053,-0.002,-0.030,1812,0,0
3433675,-2.693,8.851,1.841,-0.066,0.002,-0.023,1811,0,0
3433695,-2.619,8.887,1.856,-0.069,0.009,-0.017,1811,0,0
3433715,-2.591,8.892,1.858,-0.075,0.031,-0.010,1810,0,0
3433735,-2.579,8.921,1.911,-0.038,0.044,0.006,1810,0,0
3433755,-2.574,8.868,2.011,-0.097,0.034,0.013,1812,0,0
3433775,-2.569,8.717,2.066,-0.099,0.021,0.013,1812,0,0
3433795,-2.574,8.710,2.085,-0.059,0.011,0.004,1812,0,0
3433815,-2.607,8.775,2.002,-0.043,0.009,0.005,1811,0,0
3433835,-2.598,8.799,1.956,-0.058,0.011,0.012,1811,0,0
3433855,-2.571,8.703,1.985,-0.085,0.013,0.012,1811,0,0
3433875,-2.658,8.660,2.016,-0.095,0.011,-0.004,1811,0,0
3433895,-2.650,8.712,2.014,-0.075,0.008,-0.011,1811,0,0
3433915,-2.660,8.724,1.973,-0.071,0.015,-0.004,1812,0,0
3433935,-2.660,8.741,1.992,-0.069,0.025,-0.005,1811,0,0
3433955,-2.693,8.748,2.081,-0.095,0.025,-0.011,1811,0,0
3433975,-2.607,8.729,2.140,-0.094,0.005,-0.010,1811,0,0
3433995,-2.531,8.665,2.121,-0.087,-0.008,-0.014,1811,0,0
3434015,-2.569,8.681,2.081,-0.070,-0.017,-0.027,1812,0,0
3434035,-2.682,8.794,1.927,-0.050,-0.013,-0.014,1811,0,0
3434055,-2.667,8.772,1.911,-0.083,-0.004,-0.006,1811,0,0
3434075,-2.567,8.660,1.987,-0.118,-0.007,-0.017,1813,0,0
3434095,-2.557,8.629,2.047,-0.092,-0.008,-0.032,1811,0,0
3434115,-2.614,8.751,1.973,-0.054,-0.003,-0.041,1812,0,0
3434135,-2.715,8.906,1.915,-0.048,0.007,-0.033,1811,0,0
3434155,-2.698,8.945,1.956,-0.079,0.006,-0.013,1811,0,0
3434175,-2.586,8.801,2.073,-0.105,0.011,0.007,1811,0,0
3434195,-2.519,8.665,2.109,-0.075,0.013,0.009,1811,0,0
3434215,-2.588,8.650,2.081,-0.053,0.012,-0.006,1811,0,0
3434235,-2.641,8.751,2.002,-0.042,0.005,-0.005,1813,0,0
3434255,-2.648,8.760,1.961,-0.080,0.009,-0.002,1812,0,0
3434275,-2.610,8.669,2.018,-0.100,0.017,0.002,1812,0,0
3434295,-2.581,8.607,2.081,-0.068,0.023,-0.006,1813,0,0
3434315,-2.648,8.691,2.095,-0.060,0.020,-0.014,1814,0,0
3434335,-2.729,8.794,2.095,-0.054,0.008,-0.021,1812,0,0
3434355,-2.682,8.868,2.009,-0.060,0.001,-0.008,1813,0,0
3434375,-2.571,8.710,1.982,-0.092,0.015,0.007,1813,0,0
3434395,-2.509,8.533,2.066,-0.082,0.025,-0.006,1814,0,0
3434415,-2.550,8.610,2.102,-0.041,0.026,-0.022,1813,0,0
3434435,-2.686,8.782,2.028,-0.040,0.021,-0.030,1813,0,0
3434455,-2.701,8.909,1.970,-0.047,0.010,-0.014,1812,0,0
3434475,-2.600,8.811,1.946,-0.076,0.016,0.001,1813,0,0
3434495,-2.478,8.665,1.923,-0.082,0.035,0.004,1813,0,0
3434515,-2.514,8.543,1.992,-0.064,0.054,-0.014,1814,0,0
3434535,-2.655,8.653,2.119,-0.056,0.034,-0.041,1813,0,0
3434555,-2.698,8.775,2.085,-0.073,-0.002,-0.027,1816,0,0
3434575,-2.682,8.782,2.047,-0.084,0.003,-0.017,1813,0,0
3434595,-2.701,8.792,2.004,-0.043,0.025,-0.020,1813,0,0
3434615,-2.682,8.887,2.030,-0.047,0.028,-0.008,1813,0,0
3434635,-2.641,8.736,2.090,-0.100,0.013,-0.004,1812,0,0
3434655,-2.667,8.686,2.097,-0.072,0.011,-0.011,1813,0,0
3434675,-2.686,8.768,2.100,-0.052,0.022,-0.004,1812,0,0
3434695,-2.662,8.708,2.047,-0.061,0.020,-0.006,1813,0,0
3434715,-2.653,8.696,2.042,-0.069,0.017,-0.014,1812,0,0
3434735,-2.686,8.684,2.078,-0.072,0.016,-0.009,1813,0,0
3434755,-2.662,8.674,2.088,-0.080,0.000,-0.009,1812,0,0
3434775,-2.610,8.612,2.052,-0.102,-0.009,-0.014,1813,0,0
3434795,-2.614,8.631,2.018,-0.057,0.001,-0.032,1813,0,0
3434815,-2.660,8.775,1.994,-0.033,0.015,-0.034,1813,0,0
3434835,-2.794,8.890,2.035,-0.070,0.015,-0.026,1813,0,0
3434855,-2.763,8.935,2.081,-0.080,0.007,-0.013,1814,0,0
3434875,-2.593,8.808,2.085,-0.096,0.008,0.009,1812,0,0
3434895,-2.502,8.622,2.121,-0.079,0.011,0.011,1814,0,0
3434915,-2.588,8.574,2.145,-0.056,0.006,0.005,1814,0,0
3434935,-2.701,8.674,2.107,-0.053,0.000,-0.004,1813,0,0
3434955,-2.705,8.703,2.088,-0.092,-0.011,-0.007,1814,0,0
3434975,-2.660,8.645,2.102,-0.101,-0.003,-0.006,1816,0,0
3434995,-2.658,8.686,2.095,-0.073,0.002,-0.022,1814,0,0
3435015,-2.653,8.734,2.078,-0.071,0.007,-0.018,1816,0,0
3435035,-2.662,8.772,2.025,-0.076,0.004,-0.014,1816,0,0
3435055,-2.665,8.825,2.021,-0.067,0.009,-0.010,1818,0,0
3435075,-2.682,8.794,2.093,-0.070,0.017,-0.003,1818,0,0
3435095,-2.646,8.770,2.073,-0.080,0.010,0.005,1817,0,0
3435115,-2.588,8.705,2.107,-0.095,0.007,0.004,1819,0,0
3435135,-2.622,8.681,2.136,-0.081,0.010,-0.006,1820,0,0
3435155,-2.720,8.772,2.107,-0.064,0.007,-0.006,1820,0,0
3435175,-2.698,8.763,2.057,-0.080,0.001,0.005,1820,0,0
3435195,-2.614,8.679,2.033,-0.096,0.010,0.008,1821,0,0
3435215,-2.602,8.593,2.064,-0.082,0.023,0.006,1823,0,0
3435235,-2.614,8.624,2.128,-0.069,0.024,-0.006,1824,0,0
3435255,-2.674,8.674,2.107,-0.083,0.014,-0.015,1824,0,0
3435275,-2.677,8.674,2.107,-0.090,0.007,-0.016,1824,0,0
3435295,-2.672,8.715,2.121,-0.072,0.010,-0.017,1824,0,0
3435315,-2.617,8.753,2.112,-0.066,0.010,-0.011,1826,0,0
3435335,-2.593,8.698,2.157,-0.102,0.013,-0.006,1827,0,0
3435355,-2.624,8.612,2.200,-0.087,0.012,-0.013,1828,0,0
3435375,-2.715,8.717,2.191,-0.056,0.007,-0.020,1831,0,0
3435395,-2.729,8.808,2.109,-0.064,0.004,-0.014,1833,0,0
3435415,-2.641,8.727,2.066,-0.079,0.006,0.003,1834,0,0
3435435,-2.557,8.519,2.138,-0.105,0.017,0.002,1836,0,0
3435455,-2.641,8.492,2.188,-0.089,0.021,-0.020,1837,0,0
3435475,-2.715,8.631,2.188,-0.074,0.018,-0.034,1838,0,0
3435495,-2.777,8.734,2.114,-0.060,0.015,-0.030,1838,0,0
3435515,-2.739,8.827,2.119,-0.049,0.015,-0.020,1835,0,0
3435535,-2.619,8.734,2.093,-0.060,0.030,-0.005,1838,0,0
3435555,-2.545,8.543,2.195,-0.071,0.026,-0.002,1839,0,0
3435575,-2.672,8.552,2.265,-0.014,-0.005,-0.011,1839,0,0
3435595,-2.674,8.624,2.260,0.015,-0.032,0.001,1838,0,0
3435615,-2.772,8.710,2.504,0.037,-0.090,0.006,1833,0,0
3435635,-2.708,8.665,2.674,0.064,-0.181,0.028,1822,0,0
3435655,-2.277,8.693,2.612,0.099,-0.305,0.042,1779,0,0
3435675,-2.243,8.523,2.069,-0.017,-0.234,0.098,1719,0,0
3435695,-2.713,8.674,2.899,0.160,-0.373,0.143,1630,0,0
3435715,-2.138,8.945,3.237,0.203,-0.691,0.202,1513,0,0
3435735,-2.152,8.861,1.484,-0.177,-0.576,0.248,1456,0,0
3435755,-2.409,8.566,1.348,-0.011,-0.468,0.252,1397,0,0
3435775,-2.413,8.935,1.702,0.250,-0.483,0.169,1331,0,0
3435795,-3.682,9.649,1.712,0.009,-0.588,0.158,1268,0,0
3435815,-3.417,9.459,2.861,-0.154,-0.912,0.208,1187,0,0
3435835,-1.935,9.299,2.279,-0.210,-1.049,0.274,1099,0,0
3435855,-1.283,9.081,2.641,-0.308,-0.902,0.256,1022,0,0
3435875,-1.480,8.198,2.459,0.051,-0.703,0.330,987,0,0
3435895,-2.049,8.059,2.241,0.471,-0.584,0.190,975,0,0
3435915,-1.451,8.581,2.152,0.466,-0.524,0.025,965,0,0
3435935,-1.757,9.486,1.034,0.410,-0.275,0.015,974,0,0
3435955,-1.338,9.519,1.003,0.031,0.064,-0.010,986,0,0
3435975,-1.532,8.727,1.128,-0.271,0.325,-0.039,1002,0,0
3435995,-2.318,8.452,1.719,-0.255,0.450,-0.119,1013,0,0
3436015,-2.291,9.110,2.210,-0.158,0.288,-0.041,1029,0,0
3436035,-1.633,9.313,1.827,-0.310,0.252,0.029,1040,0,0
3436055,-1.496,9.179,1.707,-0.412,0.394,0.015,1047,0,0
3436075,-1.820,8.777,2.164,-0.427,0.521,-0.019,1056,0,0
3436095,-2.009,8.770,2.533,-0.228,0.432,-0.037,1059,0,0
3436115,-1.923,8.904,2.361,-0.126,0.375,-0.042,1065,0,0
3436135,-1.860,9.158,2.286,-0.126,0.380,-0.023,1069,0,0
3436155,-1.935,9.160,2.382,-0.208,0.426,-0.015,1071,0,0
3436175,-2.179,8.983,2.741,-0.237,0.371,0.022,1073,0,0
3436195,-2.009,8.861,2.655,-0.232,0.296,0.030,1076,0,0
3436215,-2.021,8.645,2.526,-0.181,0.317,-0.032,1077,0,0
3436235,-2.253,9.158,2.368,-0.116,0.369,-0.058,1078,0,0
3436255,-2.650,9.263,2.423,-0.162,0.371,-0.023,1080,0,0
3436275,-2.741,9.239,2.306,-0.166,0.344,-0.046,1082,0,0
3436295,-2.641,9.383,2.042,-0.180,0.374,-0.044,1083,0,0
3436315,-2.449,9.093,1.889,-0.181,0.398,-0.050,1083,0,0
3436335,-1.927,8.456,1.724,-0.146,0.415,-0.052,1083,0,0
3436355,-1.223,7.781,1.870,-0.151,0.412,-0.127,1086,0,0
3436375,-0.481,7.008,2.059,-0.084,0.373,-0.141,1087,0,0
3436395,0.584,6.340,1.968,0.026,0.352,-0.248,1087,0,0
3436415,1.714,5.157,1.827,0.071,0.310,-0.329,1087,0,0
3436435,2.720,3.421,1.824,0.199,0.211,-0.525,1088,0,0
3436455,3.737,2.947,1.439,0.352,0.100,-0.799,1088,0,0
3436475,3.740,3.168,1.561,0.199,-0.065,-0.976,1088,0,0
3436495,3.893,2.444,1.647,-0.122,-0.269,-1.116,1088,0,0
3436515,3.584,0.776,1.812,-0.152,-0.290,-1.447,1088,0,0
3436535,1.166,0.785,2.207,0.504,-0.153,-1.958,1088,0,0
3436555,-2.729,4.700,2.550,1.136,-0.185,-2.307,1089,0,0
3436575,-7.384,9.998,3.278,0.419,-0.607,-2.202,1089,0,0
3436595,-10.628,11.346,3.115,-0.795,-1.017,-1.915,1090,0,0
3436615,-12.795,12.024,2.789,-0.926,-0.983,-1.794,1090,0,0
3436635,-14.339,14.308,2.823,-0.591,-0.729,-1.391,1089,0,0
3436655,-14.210,14.097,3.010,-0.560,-0.407,-0.917,1091,0,0
3436675,-13.257,12.950,3.610,-0.429,-0.054,-0.551,1092,0,0
3436695,-12.268,11.765,4.417,-0.491,0.140,-0.278,1093,0,0
3436715,-11.308,10.791,4.800,-0.489,0.212,0.007,1095,0,0
3436735,-10.422,9.823,4.829,-0.467,0.279,0.193,1097,0,0
3436755,-9.934,9.134,4.978,-0.242,0.374,0.280,1097,0,0
3436775,-9.967,9.737,5.200,-0.085,0.379,0.436,1097,0,0
3436795,-9.637,9.749,4.719,-0.191,0.307,0.723,1100,0,0
3436815,-9.033,9.280,4.123,-0.129,0.307,0.992,1100,0,0
3436835,-8.772,9.251,3.788,-0.116,0.311,1.086,1101,0,0
3436855,-7.724,8.985,3.156,-0.093,0.322,1.218,1100,0,0
3436875,-6.874,8.222,2.878,-0.001,0.361,1.284,1099,0,0
3436895,-5.480,8.480,2.224,0.079,0.362,1.322,1099,0,0
3436915,-4.403,7.673,1.906,0.023,0.375,1.381,1099,0,0
3436935,-2.842,6.814,1.460,0.081,0.372,1.262,1098,0,0
3436955,-1.180,6.759,0.943,0.171,0.393,1.165,1098,0,0
3436975,0.297,6.407,0.876,0.077,0.368,1.130,1097,0,0
3436995,1.985,5.047,1.118,-0.078,0.275,1.072,1097,0,0
3437015,3.194,3.869,1.346,-0.104,0.203,0.849,1095,0,0
3437035,4.293,3.242,1.331,-0.019,0.152,0.645,1094,0,0
3437055,4.745,2.775,1.501,-0.035,0.134,0.353,1095,0,0
3437075,5.006,2.648,1.841,-0.059,0.021,0.123,1095,0,0
3437095,4.757,2.119,2.152,-0.145,-0.220,-0.152,1096,0,0
3437115,4.563,1.877,1.717,-0.101,-0.423,-0.436,1095,0,0
3437135,3.833,2.114,1.233,0.083,-0.461,-0.751,1096,0,0
3437155,2.847,2.775,0.852,0.374,-0.337,-1.066,1096,0,0
3437175,1.551,3.917,1.271,0.533,-0.261,-1.180,1094,0,0
3437195,-0.364,4.472,2.164,0.253,-0.421,-1.322,1095,0,0
3437215,-3.203,3.926,2.538,0.041,-0.557,-1.710,1095,0,0
3437235,-6.316,6.424,2.128,0.560,-0.514,-2.142,1096,0,0
3437255,-9.993,11.167,2.459,0.569,-0.488,-2.028,1097,0,0
3437275,-12.531,13.898,3.239,-0.451,-0.684,-1.569,1099,0,0
3437295,-13.443,12.768,3.627,-1.392,-0.813,-1.185,1099,0,0
3437315,-13.652,12.349,4.041,-1.073,-0.636,-0.870,1101,0,0
3437335,-13.575,12.579,4.046,-0.601,-0.302,-0.634,1102,0,0
3437355,-12.998,12.687,3.895,-0.110,0.072,-0.313,1102,0,0
3437375,-12.354,12.926,4.077,-0.020,0.307,0.102,1103,0,0
3437395,-11.035,11.236,4.542,-0.231,0.352,0.485,1103,0,0
3437415,-10.092,9.723,4.848,-0.387,0.303,0.645,1104,0,0
3437435,-9.625,9.155,4.527,-0.316,0.290,0.693,1104,0,0
3437455,-9.029,9.194,4.063,-0.031,0.449,0.860,1104,0,0
3437475,-8.090,9.012,3.816,0.233,0.611,1.173,1104,0,0
3437495,-7.647,8.377,3.967,0.225,0.557,1.293,1105,0,0
3437515,-6.855,8.035,3.584,0.089,0.393,1.297,1105,0,0
3437535,-6.081,7.762,2.990,0.001,0.330,1.284,1104,0,0
3437555,-5.109,7.264,2.377,0.170,0.450,1.253,1105,0,0
3437575,-3.962,7.429,2.258,0.422,0.557,1.306,1105,0,0
3437595,-2.449,7.075,2.267,0.183,0.429,1.347,1104,0,0
3437615,-0.974,5.847,2.354,-0.186,0.185,1.285,1104,0,0
3437635,0.314,5.025,1.906,-0.277,0.031,1.083,1104,0,0
3437655,1.168,4.690,1.695,-0.262,-0.031,0.864,1104,0,0
3437675,1.626,4.638,1.456,-0.143,-0.025,0.646,1104,0,0
3437695,1.571,5.488,1.403,0.103,0.047,0.481,1104,0,0
3437715,0.931,6.325,1.568,0.014,0.020,0.379,1104,0,0
3437735,0.141,6.594,1.695,-0.053,-0.094,0.244,1104,0,0
3437755,-0.244,7.290,1.633,-0.050,-0.203,0.170,1105,0,0
3437775,-0.357,7.372,1.401,-0.033,-0.147,0.122,1104,0,0
3437795,-0.733,7.214,1.554,-0.046,-0.056,0.051,1104,0,0
3437815,-1.286,6.941,1.863,-0.086,-0.034,-0.071,1105,0,0
3437835,-1.784,7.305,2.016,-0.050,-0.048,-0.172,1104,0,0
3437855,-2.540,7.925,2.157,-0.041,-0.082,-0.238,1104,0,0
3437875,-3.014,8.571,2.061,-0.075,-0.049,-0.258,1106,0,0
3437895,-3.555,9.091,2.114,-0.110,0.029,-0.239,1106,0,0
3437915,-3.716,9.634,2.239,-0.062,0.076,-0.190,1108,0,0
3437935,-3.448,9.546,2.418,-0.064,0.079,-0.105,1109,0,0
3437955,-3.179,8.887,2.717,-0.079,0.015,-0.060,1110,0,0
3437975,-3.041,8.739,2.619,-0.103,-0.007,-0.067,1109,0,0
3437995,-3.282,8.892,2.567,-0.099,0.051,-0.085,1110,0,0
3438015,-3.400,9.170,2.725,-0.027,0.037,-0.029,1110,0,0
3438035,-3.048,8.763,2.770,-0.046,-0.037,0.023,1112,0,0
3438055,-2.871,8.538,2.619,-0.057,-0.056,0.014,1114,0,0
3438075,-2.868,8.452,2.662,-0.076,-0.086,-0.001,1117,0,0
3438095,-2.957,8.499,2.638,-0.075,-0.140,-0.015,1119,0,0
3438115,-2.842,8.650,2.435,-0.069,-0.171,-0.005,1118,0,0
3438135,-2.808,8.780,2.310,-0.021,-0.140,0.018,1119,0,0
3438155,-2.883,8.674,2.466,-0.008,-0.153,0.040,1121,0,0
3438175,-2.825,8.464,2.540,-0.006,-0.244,0.022,1123,0,0
3438195,-2.806,8.322,2.552,-0.019,-0.325,-0.013,1127,0,0
3438215,-2.907,8.329,2.765,0.038,-0.421,-0.006,1131,0,0
3438235,-2.928,8.289,2.638,0.078,-0.472,0.010,1128,0,0
3438255,-3.357,7.846,2.794,0.063,-0.548,-0.073,1123,0,0
3438275,-3.785,8.114,2.978,0.124,-0.759,-0.191,1117,0,0
3438295,-2.361,8.545,2.586,0.043,-0.812,-0.151,1136,0,0
3438315,-2.698,8.238,2.339,-0.129,-0.655,-0.226,1195,0,0
3438335,-3.100,8.492,1.563,-0.111,-0.424,-0.317,1295,0,0
3438355,-2.397,9.862,-0.038,-0.229,0.044,-0.129,1428,0,0
3438375,-0.917,9.752,-1.982,-0.919,1.080,-0.028,1597,0,0
3438395,-1.073,8.756,0.007,-0.867,2.196,0.400,1703,0,0
3438415,-2.708,7.580,10.434,-0.201,0.602,0.036,1774,0,0
3438435,-3.589,6.591,3.608,-0.892,0.554,-0.014,1832,0,0
3438455,-3.024,9.120,2.691,-0.023,0.167,-0.272,1863,0,0
3438475,-2.945,9.890,1.913,0.615,0.212,-0.179,1883,0,0
3438495,-3.208,9.153,2.277,-0.055,0.193,-0.011,1893,0,0
3438515,-3.309,8.631,2.294,-0.140,0.093,0.044,1900,0,0
3438535,-3.223,8.717,2.406,0.045,0.034,0.019,1904,0,0
3438555,-2.887,8.602,2.631,-0.207,-0.010,0.030,1904,0,0
3438575,-2.761,8.207,2.531,-0.256,0.035,0.050,1904,0,0
3438595,-2.887,8.076,2.693,-0.001,0.129,0.017,1903,0,0
3438615,-2.947,8.305,3.026,0.030,0.069,-0.029,1903,0,0
3438635,-2.964,8.550,2.847,-0.017,0.048,-0.021,1903,0,0
3438655,-3.012,8.404,2.914,-0.114,0.018,-0.012,1903,0,0
3438675,-2.983,8.320,2.737,-0.040,0.019,-0.016,1899,0,0
3438695,-2.921,8.471,2.600,0.038,0.028,-0.020,1896,0,0
3438715,-3.024,8.622,2.612,0.027,0.005,-0.024,1895,0,0
3438735,-2.962,8.607,2.423,-0.030,0.031,-0.004,1892,0,0
3438755,-2.959,8.452,2.576,-0.056,0.021,0.007,1890,0,0
3438775,-2.919,8.478,2.514,-0.027,0.009,-0.002,1888,0,0
3438795,-3.079,8.516,2.509,-0.003,-0.010,-0.012,1888,0,0
3438815,-3.100,8.787,2.423,0.042,0.002,0.007,1884,0,0
3438835,-2.962,8.724,2.368,-0.007,0.010,0.037,1879,0,0
3438855,-2.854,8.490,2.404,-0.060,0.032,0.050,1877,0,0
3438875,-2.722,8.241,2.471,-0.037,0.016,0.045,1875,0,0
3438895,-2.840,8.368,2.512,-0.026,-0.017,0.016,1873,0,0
3438915,-2.916,8.394,2.433,-0.050,-0.002,0.007,1872,0,0
3438935,-2.926,8.396,2.409,-0.032,0.031,0.012,1871,0,0
3438955,-2.883,8.389,2.346,-0.030,0.058,0.009,1867,0,0
3438975,-2.950,8.425,2.452,-0.019,0.062,-0.010,1864,0,0
3438995,-3.163,8.571,2.497,-0.033,0.048,-0.025,1865,0,0
3439015,-3.060,8.645,2.538,-0.050,0.011,-0.013,1861,0,0
3439035,-2.981,8.574,2.495,-0.081,0.025,0.008,1859,0,0
3439055,-2.952,8.607,2.492,-0.028,0.040,0.011,1857,0,0
3439075,-2.947,8.641,2.485,-0.007,0.043,0.021,1855,0,0
3439095,-2.952,8.545,2.459,-0.022,0.031,0.047,1855,0,0
3439115,-2.923,8.464,2.497,-0.055,-0.006,0.047,1854,0,0
3439135,-2.885,8.310,2.423,-0.110,-0.024,0.019,1852,0,0
3439155,-2.887,8.373,2.425,-0.047,-0.003,0.005,1851,0,0
3439175,-2.866,8.495,2.358,-0.007,0.021,0.013,1850,0,0
3439195,-2.919,8.447,2.365,-0.042,0.034,0.022,1848,0,0
3439215,-2.954,8.475,2.387,-0.045,0.017,0.011,1850,0,0
3439235,-2.938,8.514,2.411,-0.074,0.007,-0.014,1847,0,0
3439255,-2.904,8.531,2.368,-0.069,0.030,-0.014,1846,0,0
3439275,-2.868,8.602,2.404,-0.018,0.045,0.000,1845,0,0
3439295,-2.897,8.648,2.394,-0.026,0.034,0.008,1843,0,0
3439315,-2.873,8.662,2.349,-0.029,0.021,0.007,1841,0,0
3439335,-2.952,8.705,2.229,-0.036,0.035,0.011,1840,0,0
3439355,-2.811,8.578,2.322,-0.068,0.034,0.032,1840,0,0
3439375,-2.744,8.452,2.461,-0.075,0.037,0.034,1839,0,0
3439395,-2.823,8.440,2.473,-0.040,0.046,0.017,1839,0,0
3439415,-2.945,8.473,2.394,0.009,0.064,-0.007,1837,0,0
3439435,-3.041,8.622,2.363,0.033,0.064,-0.009,1835,0,0
3439455,-3.017,8.739,2.382,-0.034,0.038,0.013,1834,0,0
3439475,-2.911,8.552,2.478,-0.099,0.015,0.026,1834,0,0
3439495,-2.787,8.411,2.492,-0.069,0.005,0.016,1834,0,0
3439515,-2.780,8.408,2.485,-0.051,-0.002,0.003,1834,0,0
3439535,-2.792,8.413,2.365,-0.037,-0.010,-0.007,1835,0,0
3439555,-2.904,8.487,2.315,-0.041,-0.012,-0.017,1832,0,0
3439575,-2.907,8.557,2.227,-0.047,-0.008,-0.010,1831,0,0
3439595,-2.926,8.550,2.267,-0.067,0.001,-0.015,1831,0,0
3439615,-2.863,8.559,2.234,-0.071,0.004,-0.023,1831,0,0
3439635,-2.789,8.566,2.318,-0.054,0.002,-0.027,1830,0,0
3439655,-2.806,8.547,2.337,-0.045,0.014,-0.023,1831,0,0
3439675,-2.938,8.638,2.327,-0.039,0.014,-0.026,1830,0,0
3439695,-3.017,8.724,2.310,-0.058,0.017,-0.018,1830,0,0
3439716,-2.926,8.655,2.274,-0.062,0.013,0.005,1829,0,0
3439735,-2.837,8.511,2.334,-0.061,0.017,0.014,1827,0,0
3439755,-2.818,8.454,2.310,-0.052,0.013,0.003,1828,0,0
3439775,-2.938,8.523,2.380,-0.055,0.024,-0.011,1826,0,0
3439795,-3.053,8.590,2.409,-0.051,0.025,-0.010,1825,0,0
3439815,-2.998,8.643,2.375,-0.039,0.009,0.006,1827,0,0
3439835,-2.777,8.485,2.382,-0.065,0.004,0.012,1827,0,0
3439855,-2.653,8.361,2.382,-0.066,0.001,-0.011,1826,0,0
3439875,-2.866,8.523,2.399,-0.039,0.005,-0.039,1827,0,0
3439895,-2.978,8.736,2.320,-0.036,-0.003,-0.029,1828,0,0
3439915,-2.940,8.689,2.310,-0.071,-0.013,0.002,1825,0,0
3439935,-2.751,8.504,2.291,-0.075,-0.017,0.004,1825,0,0
3439955,-2.763,8.480,2.267,-0.053,-0.009,-0.022,1824,0,0
