3355024,-4.269,8.025,2.100,-0.058,0.003,-0.005,1776,0,0
3355044,-4.254,8.071,2.016,-0.062,0.008,-0.005,1776,0,0
3355064,-4.183,8.052,2.023,-0.066,0.025,0.001,1776,0,0
3355084,-4.221,8.121,2.052,-0.052,0.032,-0.006,1776,0,0
3355104,-4.259,8.203,2.100,-0.058,0.028,0.006,1776,0,0
3355124,-4.288,8.133,2.176,-0.083,0.017,0.021,1777,0,0
3355144,-4.223,8.078,2.172,-0.060,0.014,0.030,1776,0,0
3355164,-4.190,8.025,2.169,-0.048,0.019,0.033,1776,0,0
3355184,-4.180,8.035,2.133,-0.039,0.016,0.033,1776,0,0
3355204,-4.183,8.006,2.124,-0.068,0.008,0.027,1776,0,0
3355224,-4.245,7.884,2.174,-0.096,0.011,0.021,1776,0,0
3355244,-4.211,7.898,2.205,-0.063,0.012,0.011,1775,0,0
3355263,-4.171,7.956,2.155,-0.058,0.015,0.003,1776,0,0
3355284,-4.159,7.963,2.155,-0.058,0.011,-0.005,1776,0,0
3355304,-4.144,8.021,2.164,-0.062,-0.003,-0.023,1776,0,0
3355324,-4.156,8.104,2.176,-0.088,0.000,-0.018,1776,0,0
3355344,-4.197,8.114,2.140,-0.068,0.002,-0.003,1776,0,0
3355364,-4.123,8.140,2.081,-0.054,-0.002,0.005,1776,0,0
3355384,-4.183,8.100,2.052,-0.068,-0.005,0.008,1776,0,0
3355404,-4.185,8.100,2.033,-0.055,-0.006,0.004,1775,0,0
3355424,-4.180,8.116,1.994,-0.075,0.000,0.010,1776,0,0
3355444,-4.202,8.066,2.011,-0.075,0.014,0.015,1776,0,0
3355463,-4.125,7.999,2.047,-0.063,0.023,0.019,1775,0,0
3355484,-4.046,7.901,2.097,-0.063,0.026,0.014,1776,0,0
3355504,-4.106,7.906,2.124,-0.079,0.017,-0.009,1775,0,0
3355524,-4.185,7.994,2.140,-0.068,0.012,-0.015,1775,0,0
3355543,-4.168,8.083,2.109,-0.065,0.021,-0.006,1775,0,0
3355564,-4.116,8.018,2.121,-0.068,0.029,0.001,1776,0,0
3355584,-4.125,8.013,2.150,-0.065,0.023,-0.011,1775,0,0
3355604,-4.164,8.042,2.172,-0.071,0.016,-0.015,1775,0,0
3355624,-4.209,8.076,2.167,-0.071,0.009,-0.014,1776,0,0
3355644,-4.223,8.128,2.126,-0.064,0.012,-0.011,1775,0,0
3355664,-4.111,8.100,2.097,-0.068,0.016,0.006,1776,0,0
3355684,-4.063,7.956,2.136,-0.082,0.021,0.012,1774,0,0
3355703,-4.116,7.915,2.152,-0.066,0.019,-0.010,1776,0,0
3355724,-4.274,8.080,2.186,-0.061,0.008,-0.028,1775,0,0
3355744,-4.269,8.203,2.109,-0.071,-0.008,-0.016,1775,0,0
3355764,-4.147,8.119,2.112,-0.074,0.006,0.006,1775,0,0
3355783,-4.039,8.006,2.121,-0.060,0.026,0.012,1776,0,0
3355804,-4.061,8.013,2.181,-0.050,0.028,0.002,1775,0,0
3355824,-4.235,8.083,2.160,-0.084,0.005,-0.006,1775,0,0
3355844,-4.187,8.047,2.112,-0.082,-0.003,0.006,1775,0,0
3355864,-4.075,7.966,2.145,-0.072,0.009,0.010,1776,0,0
3355884,-4.096,7.942,2.126,-0.052,0.021,0.001,1776,0,0
3355904,-4.214,7.982,2.136,-0.056,0.011,-0.005,1776,0,0
3355924,-4.243,8.068,2.107,-0.079,-0.003,-0.017,1776,0,0
3355944,-4.159,8.140,2.054,-0.075,0.014,-0.008,1776,0,0
3355964,-4.116,8.171,2.124,-0.053,0.039,0.001,1776,0,0
3355984,-4.161,8.222,2.143,-0.046,0.037,0.009,1776,0,0
3356004,-4.154,8.195,2.198,-0.071,0.028,0.029,1776,0,0
3356024,-4.156,8.080,2.251,-0.082,0.021,0.026,1776,0,0
3356044,-4.123,8.025,2.246,-0.064,0.004,0.023,1775,0,0
3356064,-4.137,8.045,2.200,-0.042,-0.008,0.027,1776,0,0
3356084,-4.142,8.064,2.119,-0.050,-0.003,0.026,1776,0,0
3356104,-4.108,7.944,2.066,-0.065,0.010,0.025,1776,0,0
3356124,-4.085,7.858,2.138,-0.065,0.017,0.012,1775,0,0
3356144,-4.106,7.867,2.191,-0.072,0.000,-0.015,1776,0,0
3356164,-4.190,7.977,2.143,-0.061,-0.000,-0.013,1776,0,0
3356184,-4.195,8.042,2.085,-0.039,0.001,-0.012,1775,0,0
3356204,-4.135,8.028,2.105,-0.070,0.009,-0.007,1776,0,0
3356224,-4.075,7.985,2.133,-0.067,0.014,-0.006,1775,0,0
3356244,-4.101,7.992,2.200,-0.040,0.013,-0.025,1776,0,0
3356264,-4.173,8.109,2.188,-0.058,-0.002,-0.031,1776,0,0
3356284,-4.207,8.138,2.136,-0.061,-0.009,-0.019,1776,0,0
3356304,-4.128,8.128,2.061,-0.055,0.014,-0.001,1776,0,0
3356324,-4.044,8.021,2.116,-0.047,0.031,0.005,1775,0,0
3356344,-4.065,8.004,2.207,-0.037,0.018,-0.013,1775,0,0
3356364,-4.070,8.066,2.167,-0.072,-0.011,-0.028,1776,0,0
3356383,-4.166,8.126,2.136,-0.046,-0.013,-0.019,1776,0,0
3356404,-4.147,8.174,2.116,-0.023,0.005,-0.011,1777,0,0
3356424,-4.092,8.126,2.076,-0.048,0.024,0.005,1776,0,0
3356444,-4.001,7.963,2.179,-0.056,0.017,0.002,1776,0,0
3356464,-4.039,7.927,2.229,-0.072,-0.009,-0.021,1776,0,0
3356484,-4.128,8.006,2.152,-0.059,-0.016,-0.030,1776,0,0
3356504,-4.238,8.152,2.037,-0.028,0.003,-0.022,1775,0,0
3356524,-4.197,8.231,1.997,-0.039,0.021,-0.006,1776,0,0
3356544,-4.118,8.140,2.054,-0.056,0.028,0.013,1776,0,0
3356564,-4.046,7.963,2.126,-0.071,0.018,-0.002,1776,0,0
3356584,-4.147,8.016,2.155,-0.071,0.011,-0.027,1776,0,0
3356604,-4.274,8.226,2.126,-0.027,0.011,-0.019,1776,0,0
3356624,-4.195,8.296,2.097,-0.047,0.017,0.010,1776,0,0
3356644,-4.015,8.109,2.112,-0.057,0.023,0.029,1776,0,0
3356664,-4.001,7.973,2.164,-0.050,0.024,0.013,1775,0,0
3356684,-4.113,8.090,2.184,-0.060,0.001,-0.014,1775,0,0
3356703,-4.183,8.181,2.131,-0.080,-0.013,-0.009,1776,0,0
3356724,-4.211,8.205,2.033,-0.051,-0.006,0.006,1776,0,0
3356744,-4.137,8.176,2.049,-0.055,0.005,0.017,1776,0,0
3356764,-4.106,8.107,2.037,-0.069,0.014,0.019,1776,0,0
3356784,-4.051,8.033,2.093,-0.076,0.010,0.013,1777,0,0
3356804,-4.106,8.023,2.088,-0.070,0.005,0.003,1776,0,0
3356824,-4.099,8.076,2.069,-0.068,0.001,0.000,1776,0,0
3356844,-4.082,8.066,2.061,-0.068,0.017,0.006,1776,0,0
3356864,-4.116,8.071,2.100,-0.056,0.022,0.005,1775,0,0
3356884,-4.137,8.114,2.059,-0.067,0.022,0.003,1775,0,0
3356904,-4.104,8.104,2.119,-0.075,0.015,0.006,1776,0,0
3356924,-4.118,8.126,2.148,-0.068,0.010,0.007,1775,0,0
3356943,-4.070,8.061,2.143,-0.076,0.006,0.015,1776,0,0
3356964,-4.044,8.013,2.126,-0.063,0.007,0.005,1776,0,0
3356983,-4.051,8.068,2.040,-0.061,0.014,0.001,1776,0,0
3357004,-3.991,8.088,2.064,-0.072,0.013,0.007,1775,0,0
3357024,-3.974,7.982,2.066,-0.085,0.014,-0.002,1775,0,0
3357044,-4.015,7.946,2.052,-0.090,0.014,-0.020,1775,0,0
3357064,-4.096,8.114,2.047,-0.038,0.027,-0.028,1775,0,0
3357084,-4.111,8.231,2.025,-0.053,0.037,-0.013,1775,0,0
3357103,-4.082,8.186,2.085,-0.081,0.035,-0.001,1776,0,0
3357124,-4.065,8.107,2.131,-0.091,0.027,-0.006,1776,0,0
3357144,-4.082,8.083,2.145,-0.067,0.021,-0.007,1775,0,0
3357164,-4.199,8.181,2.179,-0.053,0.029,0.000,1776,0,0
3357184,-4.211,8.183,2.198,-0.048,0.031,0.014,1776,0,0
3357204,-4.130,8.066,2.263,-0.077,0.027,0.027,1776,0,0
3357224,-4.104,7.932,2.296,-0.076,0.005,0.008,1776,0,0
3357244,-4.034,7.980,2.282,-0.052,-0.007,0.003,1776,0,0
3357264,-4.094,8.006,2.251,-0.059,-0.009,-0.008,1776,0,0
3357284,-4.101,8.056,2.160,-0.047,-0.008,-0.006,1776,0,0
3357304,-4.128,8.088,2.124,-0.042,-0.002,-0.003,1775,0,0
3357324,-4.082,8.083,2.105,-0.077,-0.000,-0.006,1775,0,0
3357344,-4.046,8.052,2.160,-0.091,-0.012,-0.016,1774,0,0
3357364,-3.986,8.054,2.145,-0.067,-0.017,-0.017,1776,0,0
3357383,-3.972,8.061,2.071,-0.050,-0.012,-0.013,1775,0,0
3357404,-4.008,8.109,2.004,-0.031,-0.001,-0.009,1775,0,0
3357424,-4.132,8.191,1.935,-0.042,0.006,-0.008,1775,0,0
3357444,-4.094,8.179,1.920,-0.074,0.009,0.000,1776,0,0
3357464,-3.989,8.042,2.009,-0.090,0.018,-0.000,1775,0,0
3357484,-3.962,7.982,2.083,-0.056,0.035,-0.007,1775,0,0
3357504,-4.063,8.049,2.152,-0.035,0.043,-0.015,1776,0,0
3357524,-4.171,8.171,2.112,-0.038,0.036,-0.015,1775,0,0
3357544,-4.108,8.162,2.176,-0.084,0.022,-0.006,1775,0,0
3357564,-4.022,8.011,2.229,-0.090,0.021,-0.007,1775,0,0
3357584,-3.989,7.999,2.284,-0.052,0.022,-0.019,1776,0,0
3357604,-4.137,8.104,2.270,-0.042,0.014,-0.026,1776,0,0
3357624,-4.207,8.255,2.169,-0.052,0.002,-0.016,1775,0,0
3357644,-4.223,8.255,2.148,-0.066,0.005,-0.004,1775,0,0
3357664,-4.092,8.174,2.138,-0.086,0.009,0.011,1776,0,0
3357684,-3.994,7.999,2.195,-0.075,-0.001,0.001,1775,0,0
3357704,-4.092,8.061,2.243,-0.055,-0.011,-0.019,1775,0,0
3357724,-4.180,8.231,2.160,-0.031,-0.008,-0.008,1774,0,0
3357743,-4.120,8.255,2.095,-0.055,-0.005,0.011,1774,0,0
3357764,-3.970,8.121,2.061,-0.079,0.002,0.022,1774,0,0
3357784,-3.936,8.033,2.172,-0.068,0.003,0.018,1773,0,0
3357804,-4.056,8.059,2.184,-0.058,-0.017,0.001,1773,0,0
3357824,-4.123,8.150,2.071,-0.054,-0.021,0.015,1774,0,0
3357844,-4.073,8.071,1.982,-0.061,-0.003,0.025,1774,0,0
3357864,-3.960,7.973,2.016,-0.069,0.026,0.023,1774,0,0
3357884,-4.015,7.942,2.138,-0.058,0.034,0.001,1773,0,0
3357904,-4.056,8.009,2.195,-0.078,0.006,-0.017,1772,0,0
3357924,-4.001,8.047,2.205,-0.086,-0.005,-0.024,1774,0,0
3357944,-4.025,8.100,2.195,-0.050,0.011,-0.023,1773,0,0
3357964,-4.125,8.236,2.210,-0.038,0.017,-0.019,1773,0,0
3357984,-4.144,8.301,2.160,-0.052,0.002,-0.005,1773,0,0
3358004,-4.041,8.238,2.210,-0.083,-0.010,0.009,1773,0,0
3358024,-4.003,8.109,2.217,-0.074,-0.009,0.012,1773,0,0
3358044,-3.994,8.078,2.131,-0.044,-0.015,0.010,1773,0,0
3358063,-4.063,8.083,2.059,-0.058,-0.018,0.009,1773,0,0
3358084,-4.058,8.054,1.999,-0.065,-0.011,-0.001,1773,0,0
3358104,-3.994,8.090,1.978,-0.056,0.002,0.004,1773,0,0
3358124,-4.008,8.023,2.107,-0.076,0.013,0.005,1773,0,0
3358144,-4.096,7.985,2.160,-0.071,0.006,-0.012,1773,0,0
3358164,-4.123,8.133,2.133,-0.038,0.005,-0.018,1773,0,0
3358183,-4.034,8.140,2.136,-0.066,0.013,0.000,1773,0,0
3358204,-3.967,8.030,2.150,-0.056,0.010,-0.002,1772,0,0
3358224,-3.955,8.018,2.191,-0.060,0.004,-0.018,1772,0,0
3358244,-4.039,8.085,2.191,-0.075,0.001,-0.026,1773,0,0
3358264,-4.073,8.135,2.200,-0.061,0.002,-0.022,1773,0,0
3358284,-4.041,8.198,2.155,-0.041,0.008,-0.016,1772,0,0
3358304,-4.034,8.210,2.145,-0.067,0.006,-0.004,1773,0,0
3358324,-4.073,8.159,2.160,-0.076,0.002,-0.002,1773,0,0
3358344,-4.022,8.133,2.174,-0.066,0.003,-0.005,1773,0,0
3358364,-3.982,8.102,2.160,-0.067,0.008,-0.007,1772,0,0
3358383,-3.998,8.124,2.155,-0.051,0.006,-0.014,1773,0,0
3358404,-4.037,8.207,2.140,-0.048,0.010,-0.004,1773,0,0
3358424,-4.037,8.224,2.116,-0.050,0.013,0.011,1772,0,0
3358444,-3.989,8.195,2.097,-0.054,0.009,0.023,1773,0,0
3358463,-3.924,8.061,2.057,-0.055,0.012,0.038,1772,0,0
3358484,-3.979,7.963,2.124,-0.069,0.010,0.017,1773,0,0
3358504,-4.034,7.963,2.073,-0.071,-0.001,-0.005,1773,0,0
3358524,-4.037,8.006,2.069,-0.056,0.013,0.002,1773,0,0
3358543,-4.049,7.992,2.109,-0.048,0.028,-0.004,1773,0,0
3358564,-4.013,7.999,2.184,-0.058,0.032,-0.013,1772,0,0
3358584,-4.041,7.963,2.310,-0.083,0.010,-0.034,1773,0,0
3358604,-4.085,8.076,2.282,-0.068,-0.003,-0.042,1772,0,0
3358624,-4.113,8.238,2.236,-0.027,0.004,-0.026,1771,0,0
3358644,-4.089,8.282,2.140,-0.034,0.002,-0.009,1773,0,0
3358663,-3.936,8.157,2.119,-0.063,-0.001,0.008,1773,0,0
3358684,-3.912,7.987,2.160,-0.065,-0.006,-0.006,1772,0,0
3358704,-4.013,8.083,2.133,-0.028,-0.014,-0.018,1772,0,0
3358724,-4.089,8.215,2.054,-0.045,-0.012,-0.013,1771,0,0
3358744,-4.068,8.167,2.052,-0.058,-0.004,-0.001,1772,0,0
3358764,-4.015,8.119,2.037,-0.038,0.010,0.007,1773,0,0
3358783,-3.970,8.037,2.109,-0.047,0.009,0.007,1772,0,0
3358804,-4.039,7.994,2.138,-0.042,0.004,-0.007,1774,0,0
3358824,-4.092,8.056,2.136,-0.051,-0.002,-0.016,1773,0,0
3358844,-4.034,8.107,2.102,-0.041,0.006,-0.011,1773,0,0
3358864,-3.950,8.140,2.116,-0.038,0.013,-0.009,1770,0,0
3358884,-3.828,8.042,2.152,-0.060,0.014,-0.002,1772,0,0
3358903,-3.934,7.992,2.167,-0.052,0.007,-0.024,1773,0,0
3358924,-4.073,8.183,2.145,-0.037,-0.000,-0.035,1772,0,0
3358944,-4.087,8.243,2.088,-0.052,-0.003,-0.012,1773,0,0
3358964,-3.986,8.128,2.078,-0.063,-0.002,-0.007,1773,0,0
3358984,-4.017,8.097,2.069,-0.040,0.005,-0.021,1773,0,0
3359004,-4.075,8.236,2.033,-0.023,0.004,-0.022,1773,0,0
3359024,-4.051,8.224,2.033,-0.049,0.008,-0.012,1772,0,0
3359044,-4.027,8.188,2.042,-0.053,0.016,-0.015,1772,0,0
3359064,-3.994,8.183,2.162,-0.053,0.018,-0.001,1771,0,0
3359084,-3.974,8.100,2.157,-0.054,0.009,0.003,1772,0,0
3359103,-3.970,8.021,2.140,-0.060,-0.002,-0.008,1772,0,0
3359124,-4.029,8.071,2.148,-0.041,0.005,-0.015,1771,0,0
3359144,-4.104,8.152,2.121,-0.045,0.002,-0.019,1772,0,0
3359164,-4.082,8.155,2.083,-0.062,-0.005,-0.008,1771,0,0
3359184,-3.991,8.045,2.054,-0.070,-0.003,-0.009,1772,0,0
3359204,-3.948,8.042,2.073,-0.043,0.007,-0.027,1772,0,0
3359224,-4.111,8.215,2.114,-0.035,0.017,-0.035,1772,0,0
3359244,-4.159,8.351,2.061,-0.048,0.006,-0.015,1773,0,0
3359263,-4.044,8.284,2.131,-0.066,0.006,0.011,1772,0,0
3359284,-3.850,8.035,2.136,-0.073,0.006,0.017,1773,0,0
3359304,-3.950,7.992,2.229,-0.014,-0.005,-0.004,1772,0,0
3359324,-4.123,8.219,2.152,0.007,-0.026,-0.004,1771,0,0
3359344,-4.152,8.270,2.014,-0.012,-0.037,0.020,1773,0,0
3359364,-3.986,8.162,1.932,-0.019,-0.021,0.030,1773,0,0
3359383,-3.883,7.999,2.061,-0.038,0.001,0.014,1772,0,0
3359404,-3.986,7.989,2.227,-0.048,-0.011,-0.014,1773,0,0
3359424,-4.123,8.241,2.277,-0.023,-0.028,-0.029,1772,0,0
3359444,-4.152,8.406,2.265,-0.031,-0.034,-0.016,1772,0,0
3359464,-4.118,8.358,2.227,-0.052,-0.045,-0.006,1772,0,0
3359484,-3.994,8.181,2.263,-0.110,-0.058,-0.018,1773,0,0
3359503,-3.888,8.042,2.313,-0.135,-0.059,-0.039,1772,0,0
3359524,-4.020,8.207,2.330,-0.070,-0.055,-0.055,1772,0,0
3359544,-4.180,8.495,2.219,-0.070,-0.080,-0.048,1773,0,0
3359564,-4.199,8.511,2.061,-0.121,-0.086,-0.002,1772,0,0
3359583,-4.037,8.294,2.061,-0.088,-0.074,0.025,1772,0,0
3359604,-3.953,8.164,2.085,-0.089,-0.071,0.018,1770,0,0
3359624,-4.022,8.104,2.128,-0.103,-0.095,0.016,1770,0,0
3359644,-4.118,8.145,2.049,-0.015,-0.101,0.024,1769,0,0
3359664,-4.223,8.234,2.064,-0.018,-0.077,0.040,1768,0,0
3359684,-4.202,8.135,2.162,-0.065,-0.062,0.055,1768,0,0
3359704,-4.154,7.949,2.373,-0.061,-0.056,0.067,1768,0,0
3359724,-4.137,7.803,2.586,-0.046,-0.073,0.044,1770,0,0
3359743,-4.161,7.889,2.648,-0.009,-0.102,0.025,1770,0,0
3359764,-4.159,7.977,2.638,-0.005,-0.121,0.021,1769,0,0
3359784,-4.039,8.045,2.545,0.007,-0.146,0.018,1769,0,0
3359804,-3.821,8.083,2.507,-0.001,-0.159,0.026,1768,0,0
3359824,-3.699,8.052,2.552,-0.014,-0.168,0.014,1770,0,0
3359844,-3.701,8.162,2.433,0.009,-0.187,0.007,1770,0,0
3359864,-3.692,8.260,2.296,0.007,-0.193,0.009,1770,0,0
3359884,-3.596,8.289,2.136,0.018,-0.197,0.011,1768,0,0
3359904,-3.481,8.337,1.949,0.018,-0.184,0.018,1766,0,0
3359924,-3.493,8.320,1.788,-0.015,-0.165,0.025,1766,0,0
3359944,-3.448,8.222,1.705,-0.035,-0.136,0.034,1768,0,0
3359964,-3.393,8.133,1.683,-0.039,-0.103,0.024,1766,0,0
3359983,-3.409,8.135,1.642,-0.025,-0.067,0.010,1766,0,0
3360004,-3.517,8.229,1.678,0.007,-0.033,0.001,1769,0,0
3360024,-3.704,8.315,1.707,-0.017,-0.010,0.009,1767,0,0
3360044,-3.706,8.250,1.729,-0.024,0.021,0.028,1767,0,0
3360064,-3.730,8.152,1.930,-0.037,0.060,0.028,1767,0,0
3360084,-3.761,8.131,2.124,-0.024,0.068,0.013,1767,0,0
3360104,-3.740,8.080,2.157,-0.039,0.061,0.017,1767,0,0
3360124,-3.620,7.980,2.212,-0.036,0.057,0.007,1768,0,0
3360144,-3.563,7.949,2.207,-0.018,0.058,-0.006,1768,0,0
3360164,-3.649,8.025,2.105,-0.017,0.046,-0.031,1768,0,0
3360183,-3.598,8.152,1.951,-0.028,0.041,-0.035,1768,0,0
3360204,-3.515,8.193,1.891,-0.055,0.069,-0.030,1767,0,0
3360224,-3.519,8.162,1.932,-0.055,0.091,-0.039,1767,0,0
3360244,-3.716,8.270,1.899,-0.056,0.096,-0.056,1766,0,0
3360264,-3.792,8.358,1.879,-0.081,0.091,-0.061,1769,0,0
3360284,-3.757,8.325,1.879,-0.064,0.100,-0.059,1768,0,0
3360303,-3.701,8.394,1.858,-0.043,0.111,-0.067,1766,0,0
3360324,-3.780,8.519,1.827,-0.072,0.129,-0.062,1766,0,0
3360344,-3.790,8.588,1.875,-0.097,0.139,-0.038,1766,0,0
3360364,-3.733,8.440,2.002,-0.138,0.143,-0.027,1766,0,0
3360384,-3.776,8.373,2.140,-0.120,0.155,-0.038,1767,0,0
3360404,-3.871,8.528,2.227,-0.063,0.165,-0.033,1767,0,0
3360424,-3.996,8.595,2.322,-0.091,0.147,-0.010,1767,0,0
3360444,-4.092,8.550,2.411,-0.119,0.108,0.009,1767,0,0
3360464,-4.092,8.562,2.397,-0.102,0.081,0.030,1767,0,0
3360484,-4.025,8.442,2.349,-0.096,0.075,0.063,1768,0,0
3360503,-3.926,8.169,2.401,-0.094,0.066,0.070,1768,0,0
3360524,-4.017,8.133,2.423,-0.073,0.039,0.042,1767,0,0
3360543,-4.082,8.226,2.423,-0.091,0.007,0.039,1768,0,0
3360564,-4.053,8.215,2.327,-0.099,-0.003,0.059,1769,0,0
3360584,-4.017,8.126,2.339,-0.083,-0.003,0.058,1768,0,0
3360604,-4.013,8.116,2.356,-0.055,-0.007,0.061,1768,0,0
3360624,-3.972,8.080,2.409,-0.056,-0.031,0.059,1767,0,0
3360644,-3.850,7.925,2.339,-0.072,-0.067,0.052,1768,0,0
3360664,-3.749,7.877,2.239,-0.056,-0.079,0.028,1770,0,0
3360684,-3.713,7.930,2.100,-0.041,-0.069,0.011,1768,0,0
3360704,-3.730,8.025,2.028,-0.026,-0.043,0.003,1769,0,0
3360724,-3.699,8.116,2.045,-0.033,-0.029,-0.007,1769,0,0
3360743,-3.701,8.145,2.083,-0.068,-0.024,-0.011,1768,0,0
3360764,-3.654,8.102,2.076,-0.081,-0.033,-0.027,1770,0,0
3360784,-3.565,8.095,2.006,-0.071,-0.026,-0.029,1768,0,0
3360804,-3.498,8.100,1.846,-0.055,-0.011,-0.040,1769,0,0
3360824,-3.498,8.207,1.750,-0.058,0.009,-0.056,1768,0,0
3360844,-3.625,8.363,1.726,-0.075,0.021,-0.060,1766,0,0
3360864,-3.697,8.466,1.729,-0.101,0.033,-0.044,1770,0,0
3360884,-3.783,8.435,1.686,-0.108,0.057,-0.033,1766,0,0
3360904,-3.761,8.526,1.676,-0.068,0.085,-0.028,1768,0,0
3360924,-3.713,8.554,1.666,-0.095,0.112,-0.010,1768,0,0
3360944,-3.728,8.432,1.755,-0.127,0.131,-0.001,1768,0,0
3360964,-3.773,8.447,1.844,-0.107,0.145,0.009,1769,0,0
3360984,-3.876,8.468,2.052,-0.114,0.168,0.037,1770,0,0
3361004,-3.867,8.353,2.169,-0.106,0.160,0.056,1770,0,0
3361023,-3.845,8.188,2.222,-0.119,0.148,0.055,1769,0,0
3361044,-3.903,8.143,2.313,-0.090,0.124,0.041,1770,0,0
3361064,-4.061,8.246,2.339,-0.082,0.106,0.030,1768,0,0
3361084,-4.113,8.294,2.303,-0.082,0.092,0.039,1770,0,0
3361103,-4.017,8.217,2.284,-0.078,0.098,0.054,1770,0,0
3361124,-3.893,8.056,2.272,-0.083,0.100,0.044,1770,0,0
3361144,-3.795,8.023,2.284,-0.087,0.082,0.022,1770,0,0
3361164,-3.757,8.085,2.279,-0.096,0.073,0.011,1770,0,0
3361184,-3.788,8.100,2.325,-0.101,0.076,0.011,1770,0,0
3361204,-3.876,8.076,2.308,-0.076,0.068,0.005,1770,0,0
3361224,-3.833,8.088,2.253,-0.064,0.048,0.002,1769,0,0
3361244,-3.804,8.078,2.126,-0.066,0.033,-0.009,1770,0,0
3361264,-3.677,8.013,2.136,-0.072,0.012,-0.028,1770,0,0
3361284,-3.682,8.054,2.047,-0.064,0.026,-0.042,1769,0,0
3361303,-3.816,8.152,2.116,-0.056,0.031,-0.051,1769,0,0
3361324,-3.905,8.327,2.016,-0.025,0.027,-0.047,1769,0,0
3361344,-3.898,8.428,1.915,-0.019,0.031,-0.027,1769,0,0
3361364,-3.795,8.382,1.932,-0.040,0.038,-0.013,1769,0,0
3361383,-3.728,8.291,1.961,-0.079,0.046,-0.017,1768,0,0
3361404,-3.785,8.183,2.071,-0.100,0.051,-0.031,1769,0,0
3361424,-3.836,8.253,2.148,-0.059,0.055,-0.027,1769,0,0
3361444,-3.857,8.255,2.191,-0.062,0.054,-0.020,1768,0,0
3361464,-3.785,8.195,2.215,-0.068,0.052,-0.016,1769,0,0
3361484,-3.742,8.169,2.291,-0.059,0.048,-0.013,1769,0,0
3361504,-3.828,8.109,2.351,-0.078,0.023,-0.031,1770,0,0
3361524,-4.049,8.274,2.227,-0.070,-0.014,-0.064,1769,0,0
3361544,-4.017,8.485,2.069,-0.062,-0.020,-0.031,1768,0,0
3361564,-3.895,8.339,2.066,-0.069,0.010,-0.002,1769,0,0
3361584,-3.788,8.236,2.105,-0.046,0.019,-0.007,1770,0,0
3361604,-3.752,8.260,2.169,-0.073,0.001,-0.017,1769,0,0
3361624,-3.826,8.215,2.121,-0.109,-0.029,-0.010,1770,0,0
3361644,-3.869,8.193,2.011,-0.051,-0.021,0.005,1770,0,0
3361663,-3.929,8.241,1.908,-0.020,-0.002,0.015,1769,0,0
3361684,-3.926,8.229,1.853,-0.032,0.012,0.026,1768,0,0
3361704,-3.845,8.097,1.930,-0.059,0.028,0.029,1770,0,0
3361724,-3.883,7.997,2.057,-0.048,0.023,0.006,1769,0,0
3361743,-3.919,8.054,2.054,-0.032,0.010,-0.008,1770,0,0
3361764,-3.883,8.140,2.066,-0.022,-0.001,-0.023,1769,0,0
3361784,-3.790,8.248,2.073,-0.024,0.018,-0.017,1769,0,0
3361804,-3.828,8.250,2.097,-0.035,0.034,-0.022,1769,0,0
3361824,-3.847,8.277,2.186,-0.050,0.020,-0.017,1768,0,0
3361844,-3.900,8.301,2.124,-0.058,0.012,-0.019,1768,0,0
3361864,-3.924,8.361,2.112,-0.038,0.008,-0.019,1769,0,0
3361884,-3.862,8.416,2.109,-0.028,0.003,-0.006,1769,0,0
3361903,-3.819,8.356,2.148,-0.054,-0.008,0.002,1769,0,0
3361924,-3.761,8.210,2.133,-0.080,-0.023,0.002,1770,0,0
3361944,-3.816,8.198,2.085,-0.050,-0.015,-0.003,1768,0,0
3361964,-3.874,8.301,2.047,-0.013,-0.013,-0.003,1768,0,0
3361984,-3.907,8.370,1.925,-0.026,-0.021,0.014,1767,0,0
3362004,-3.864,8.274,1.882,-0.063,-0.032,0.017,1768,0,0
3362023,-3.754,8.174,1.827,-0.075,-0.018,0.013,1768,0,0
3362044,-3.761,8.150,1.944,-0.066,0.012,-0.001,1769,0,0
3362064,-3.862,8.286,1.961,-0.022,0.016,-0.008,1769,0,0
3362084,-3.833,8.325,1.911,-0.047,0.011,0.008,1768,0,0
3362103,-3.828,8.262,1.903,-0.057,0.013,0.014,1768,0,0
3362124,-3.764,8.198,1.990,-0.060,0.023,0.013,1769,0,0
3362143,-3.766,8.162,2.009,-0.078,0.030,0.004,1767,0,0
3362164,-3.824,8.195,2.069,-0.056,0.031,-0.008,1767,0,0
3362184,-3.855,8.274,2.066,-0.053,0.028,-0.013,1768,0,0
3362204,-3.831,8.301,2.081,-0.055,0.028,-0.008,1768,0,0
3362224,-3.757,8.301,2.114,-0.059,0.020,-0.006,1767,0,0
3362244,-3.785,8.294,2.102,-0.079,0.009,-0.011,1767,0,0
3362263,-3.855,8.308,2.100,-0.087,-0.010,-0.010,1768,0,0
3362284,-3.876,8.361,1.997,-0.066,-0.020,-0.002,1766,0,0
3362304,-3.864,8.327,1.935,-0.081,-0.001,0.007,1767,0,0
3362324,-3.773,8.298,1.915,-0.060,0.023,0.018,1766,0,0
3362344,-3.754,8.210,1.992,-0.083,0.026,0.017,1767,0,0
3362364,-3.864,8.155,2.061,-0.091,0.010,0.006,1767,0,0
3362384,-3.850,8.135,2.071,-0.088,-0.004,-0.001,1767,0,0
3362404,-3.840,8.138,2.071,-0.075,-0.006,-0.009,1768,0,0
3362423,-3.785,8.205,2.004,-0.050,0.000,-0.013,1768,0,0
3362444,-3.733,8.234,1.975,-0.059,0.010,-0.010,1767,0,0
3362463,-3.828,8.229,2.021,-0.083,0.005,-0.023,1767,0,0
3362484,-3.869,8.298,2.021,-0.080,0.002,-0.024,1767,0,0
3362504,-3.881,8.341,2.037,-0.072,0.004,-0.017,1767,0,0
3362524,-3.737,8.298,2.009,-0.071,0.010,-0.003,1766,0,0
3362544,-3.745,8.215,2.052,-0.067,0.008,-0.009,1768,0,0
3362564,-3.776,8.305,2.035,-0.060,-0.007,-0.022,1767,0,0
3362583,-3.821,8.344,1.970,-0.084,-0.001,-0.015,1767,0,0
3362604,-3.809,8.301,1.944,-0.083,0.008,-0.010,1769,0,0
3362624,-3.749,8.277,1.992,-0.077,0.024,-0.006,1768,0,0
3362644,-3.776,8.270,2.040,-0.071,0.038,-0.002,1768,0,0
3362664,-3.804,8.241,2.143,-0.075,0.030,-0.004,1768,0,0
3362684,-3.855,8.274,2.124,-0.080,0.012,-0.011,1769,0,0
3362704,-3.874,8.279,2.069,-0.087,0.009,-0.009,1768,0,0
3362724,-3.776,8.258,2.100,-0.074,0.023,0.006,1769,0,0
3362744,-3.768,8.147,2.095,-0.063,0.031,0.009,1770,0,0
3362764,-3.831,8.159,2.128,-0.072,0.015,-0.017,1768,0,0
3362783,-3.879,8.260,2.128,-0.091,0.003,-0.020,1769,0,0
3362804,-3.874,8.226,2.069,-0.080,0.010,-0.005,1770,0,0
3362824,-3.792,8.171,2.054,-0.069,0.013,-0.005,1769,0,0
3362844,-3.788,8.155,2.030,-0.076,0.014,-0.018,1768,0,0
3362864,-3.895,8.250,2.054,-0.079,0.015,-0.030,1769,0,0
3362884,-3.891,8.329,2.105,-0.074,0.018,-0.024,1770,0,0
3362904,-3.838,8.370,2.114,-0.067,0.018,-0.011,1770,0,0
3362924,-3.788,8.329,2.105,-0.080,0.014,-0.002,1770,0,0
3362944,-3.749,8.332,2.073,-0.073,0.007,0.004,1770,0,0
3362964,-3.821,8.286,2.049,-0.094,0.007,0.006,1769,0,0
3362983,-3.797,8.267,2.042,-0.079,0.012,0.013,1770,0,0
3363004,-3.804,8.236,2.105,-0.077,0.030,0.019,1768,0,0
3363023,-3.819,8.174,2.116,-0.068,0.028,0.016,1770,0,0
3363044,-3.831,8.169,2.107,-0.082,0.015,0.004,1770,0,0
3363064,-3.788,8.183,2.078,-0.089,0.011,-0.004,1766,0,0
3363084,-3.778,8.205,2.059,-0.069,0.021,0.005,1769,0,0
3363104,-3.757,8.162,2.069,-0.073,0.029,0.000,1769,0,0
3363124,-3.788,8.152,2.133,-0.084,0.029,-0.013,1769,0,0
3363143,-3.826,8.234,2.188,-0.084,0.017,-0.020,1769,0,0
3363164,-3.869,8.298,2.126,-0.074,0.011,-0.013,1771,0,0
3363183,-3.792,8.270,2.081,-0.066,0.009,0.004,1769,0,0
3363204,-3.725,8.167,2.054,-0.080,0.023,0.007,1769,0,0
3363224,-3.867,8.143,2.145,-0.081,0.022,-0.018,1771,0,0
3363244,-3.883,8.272,2.150,-0.069,0.015,-0.018,1770,0,0
3363264,-3.802,8.243,2.124,-0.087,0.016,-0.006,1771,0,0
3363284,-3.790,8.181,2.100,-0.066,0.022,-0.003,1770,0,0
3363304,-3.836,8.229,2.107,-0.053,0.027,-0.010,1769,0,0
3363324,-3.869,8.284,2.093,-0.078,0.020,-0.013,1770,0,0
3363344,-3.883,8.298,2.114,-0.095,0.008,-0.010,1770,0,0
3363364,-3.759,8.265,2.138,-0.102,0.006,0.005,1770,0,0
3363384,-3.757,8.085,2.195,-0.089,0.026,-0.003,1770,0,0
3363404,-3.800,8.143,2.195,-0.037,0.032,-0.018,1771,0,0
3363424,-3.828,8.294,2.172,-0.052,0.017,-0.016,1773,0,0
3363444,-3.816,8.250,2.148,-0.096,0.010,-0.001,1770,0,0
3363464,-3.807,8.159,2.150,-0.072,0.016,-0.001,1771,0,0
3363484,-3.847,8.191,2.140,-0.059,0.013,-0.012,1771,0,0
3363503,-3.888,8.267,2.121,-0.066,0.018,-0.011,1771,0,0
3363524,-3.876,8.236,2.140,-0.058,0.021,-0.007,1771,0,0
3363544,-3.812,8.270,2.181,-0.050,0.023,0.001,1773,0,0
3363564,-3.761,8.207,2.205,-0.084,0.016,0.004,1772,0,0
3363583,-3.711,8.080,2.174,-0.076,0.006,0.005,1771,0,0
3363604,-3.828,8.068,2.133,-0.063,0.011,-0.011,1770,0,0
3363624,-3.879,8.147,2.150,-0.058,0.010,-0.018,1769,0,0
3363644,-3.895,8.241,2.126,-0.050,0.019,-0.009,1770,0,0
3363663,-3.874,8.231,2.140,-0.070,0.022,-0.002,1771,0,0
3363684,-3.807,8.176,2.133,-0.066,0.018,-0.008,1771,0,0
3363704,-3.802,8.147,2.167,-0.069,0.022,-0.015,1770,0,0
3363724,-3.790,8.181,2.219,-0.064,0.019,-0.021,1770,0,0
3363743,-3.800,8.238,2.222,-0.036,0.012,-0.018,1772,0,0
3363764,-3.812,8.322,2.138,-0.032,0.003,-0.014,1771,0,0
3363784,-3.780,8.226,2.078,-0.071,0.001,-0.004,1770,0,0
3363804,-3.771,8.133,2.119,-0.076,0.005,-0.012,1770,0,0
3363824,-3.783,8.171,2.148,-0.061,0.018,-0.024,1770,0,0
3363844,-3.845,8.277,2.097,-0.041,0.021,-0.021,1770,0,0
3363864,-3.859,8.289,2.085,-0.049,0.010,-0.014,1771,0,0
3363884,-3.804,8.243,2.059,-0.068,0.001,-0.013,1771,0,0
3363903,-3.785,8.152,2.107,-0.078,0.013,-0.013,1770,0,0
3363924,-3.800,8.167,2.112,-0.053,0.020,-0.023,1770,0,0
3363944,-3.850,8.231,2.126,-0.054,0.019,-0.021,1770,0,0
3363964,-3.912,8.212,2.102,-0.060,0.017,-0.020,1770,0,0
3363984,-3.840,8.248,2.071,-0.060,0.022,-0.019,1769,0,0
3364004,-3.814,8.174,2.169,-0.094,0.033,-0.019,1770,0,0
3364024,-3.828,8.140,2.239,-0.073,0.024,-0.027,1770,0,0
3364044,-3.836,8.212,2.184,-0.050,0.008,-0.026,1770,0,0
3364063,-3.931,8.205,2.107,-0.067,0.004,-0.021,1770,0,0
3364084,-3.893,8.253,2.069,-0.052,0.006,-0.017,1771,0,0
3364103,-3.874,8.229,2.102,-0.074,0.016,-0.021,1771,0,0
3364124,-3.864,8.188,2.114,-0.081,0.017,-0.029,1772,0,0
3364144,-3.893,8.270,2.126,-0.042,0.015,-0.025,1771,0,0
3364164,-3.915,8.320,2.124,-0.059,0.017,-0.008,1772,0,0
3364183,-3.867,8.255,2.138,-0.079,0.016,-0.003,1772,0,0
3364204,-3.847,8.140,2.193,-0.086,0.015,-0.005,1773,0,0
3364224,-3.843,8.095,2.215,-0.066,0.006,-0.014,1771,0,0
3364244,-3.867,8.181,2.157,-0.059,0.002,-0.009,1774,0,0
3364264,-3.898,8.157,2.126,-0.060,0.007,-0.002,1774,0,0
3364284,-3.898,8.171,2.107,-0.060,0.005,-0.010,1772,0,0
3364303,-3.862,8.157,2.133,-0.080,0.003,-0.011,1773,0,0
3364324,-3.893,8.073,2.172,-0.072,0.004,-0.018,1774,0,0
3364344,-3.850,8.174,2.140,-0.043,0.004,-0.026,1774,0,0
3364364,-3.843,8.286,2.102,-0.048,0.014,-0.021,1774,0,0
3364384,-3.888,8.303,2.112,-0.058,0.022,-0.014,1773,0,0
3364404,-3.910,8.277,2.195,-0.074,0.021,-0.013,1774,0,0
3364424,-3.924,8.231,2.241,-0.088,0.010,-0.014,1773,0,0
3364444,-3.816,8.188,2.203,-0.063,0.001,-0.006,1773,0,0
3364463,-3.735,8.171,2.174,-0.039,0.001,0.001,1774,0,0
3364484,-3.845,8.217,2.136,-0.040,-0.007,-0.018,1774,0,0
3364504,-3.960,8.337,2.037,-0.071,-0.007,-0.012,1774,0,0
3364524,-3.970,8.258,2.057,-0.085,0.005,-0.004,1773,0,0
3364544,-3.824,8.157,2.088,-0.068,0.019,0.008,1773,0,0
3364564,-3.783,8.054,2.172,-0.063,0.023,-0.003,1774,0,0
3364583,-3.836,8.104,2.176,-0.044,0.000,-0.022,1773,0,0
3364604,-3.907,8.260,2.088,-0.057,-0.003,-0.013,1774,0,0
3364623,-3.924,8.152,2.081,-0.094,0.011,-0.009,1774,0,0
3364644,-3.857,8.068,2.076,-0.057,0.032,-0.014,1773,0,0
3364663,-3.905,8.159,2.105,-0.049,0.044,-0.018,1774,0,0
3364684,-3.924,8.198,2.179,-0.060,0.024,-0.018,1772,0,0
3364704,-3.867,8.210,2.174,-0.069,0.006,-0.013,1773,0,0
3364724,-3.836,8.191,2.217,-0.078,0.010,-0.009,1773,0,0
3364744,-3.869,8.183,2.193,-0.034,0.013,-0.006,1774,0,0
3364764,-3.934,8.234,2.138,-0.038,0.006,-0.005,1773,0,0
3364784,-3.938,8.231,2.066,-0.073,0.002,-0.010,1773,0,0
3364804,-3.922,8.231,2.042,-0.059,0.017,-0.016,1773,0,0
3364823,-3.879,8.284,2.176,-0.063,0.028,-0.009,1774,0,0
3364844,-3.845,8.243,2.215,-0.055,0.024,0.006,1773,0,0
3364864,-3.816,8.183,2.212,-0.062,0.009,0.013,1773,0,0
3364884,-3.840,8.071,2.167,-0.071,-0.001,-0.001,1774,0,0
3364903,-3.915,8.138,2.097,-0.062,-0.003,-0.015,1773,0,0
3364924,-3.922,8.224,2.119,-0.058,0.014,-0.002,1773,0,0
3364944,-3.893,8.155,2.112,-0.064,0.018,0.007,1773,0,0
3364964,-3.876,8.059,2.126,-0.078,0.005,-0.008,1773,0,0
3364984,-3.886,8.076,2.148,-0.087,0.004,-0.022,1774,0,0
3365004,-3.881,8.138,2.181,-0.062,0.011,-0.023,1773,0,0
3365024,-3.950,8.253,2.162,-0.042,0.012,-0.025,1772,0,0
3365044,-3.970,8.356,2.119,-0.047,0.004,-0.018,1772,0,0
3365064,-3.924,8.334,2.133,-0.090,0.005,-0.004,1772,0,0
3365084,-3.776,8.135,2.162,-0.102,0.014,-0.003,1772,0,0
3365103,-3.867,8.090,2.236,-0.078,0.021,-0.015,1770,0,0
3365124,-3.941,8.164,2.217,-0.056,0.009,-0.018,1769,0,0
3365143,-4.003,8.224,2.263,-0.064,-0.018,-0.011,1767,0,0
3365164,-3.831,7.989,2.351,-0.030,-0.123,-0.003,1766,0,0
3365183,-3.692,8.033,2.459,0.004,-0.169,-0.015,1762,0,0
3365204,-3.527,7.776,2.265,-0.099,-0.192,-0.038,1741,0,0
3365224,-3.757,8.001,2.433,-0.119,-0.236,-0.026,1673,0,0
3365244,-4.089,7.946,2.047,-0.103,-0.208,-0.045,1627,0,0
3365263,-3.948,8.502,2.598,0.007,-0.385,0.014,1584,0,0
3365284,-3.407,8.811,2.986,-0.203,-0.590,0.098,1521,0,0
3365304,-3.603,8.586,2.239,-0.803,-0.593,0.161,1456,0,0
3365324,-3.788,8.124,2.164,-0.850,-0.630,0.156,1390,0,0
3365343,-4.032,7.750,2.500,-0.555,-0.791,0.109,1316,0,0
3365364,-3.783,7.781,2.521,-0.144,-0.849,0.051,1249,0,0
3365383,-3.127,9.112,2.890,0.107,-0.725,0.120,1180,0,0
3365404,-4.714,8.351,2.272,0.318,-0.512,0.226,1132,0,0
3365423,-4.482,9.067,2.895,0.756,-0.680,0.233,1073,0,0
3365444,-3.278,9.172,3.857,0.184,-0.829,0.272,1008,0,0
3365464,-2.796,7.884,2.231,0.031,-0.787,0.220,975,0,0
3365484,-2.806,7.511,2.088,0.156,-0.350,0.124,960,0,0
3365504,-3.048,8.193,2.152,0.343,0.052,0.035,962,0,0
3365524,-3.220,8.720,2.035,0.113,0.341,-0.012,970,0,0
3365544,-3.512,8.777,2.112,-0.092,0.553,-0.030,974,0,0
3365564,-4.010,8.698,2.794,-0.195,0.554,-0.015,978,0,0
3365583,-4.025,8.724,2.811,-0.191,0.431,0.041,986,0,0
3365604,-3.934,8.722,2.583,-0.188,0.451,0.072,989,0,0
3365624,-4.271,8.973,2.703,-0.186,0.504,0.062,995,0,0
3365644,-4.650,9.301,2.899,-0.183,0.497,0.106,1002,0,0
3365664,-4.424,9.747,2.751,-0.132,0.545,0.174,1005,0,0
3365684,-4.252,9.728,2.866,-0.172,0.604,0.211,1008,0,0
3365703,-3.757,9.488,2.780,-0.140,0.620,0.277,1009,0,0
3365724,-3.105,8.875,2.789,-0.191,0.586,0.346,1012,0,0
3365744,-2.224,7.743,2.705,-0.186,0.526,0.338,1015,0,0
3365764,-1.247,6.910,2.626,-0.104,0.484,0.254,1019,0,0
3365784,-0.357,6.553,2.665,-0.055,0.438,0.149,1023,0,0
3365804,0.484,6.227,2.468,-0.040,0.399,0.064,1022,0,0
3365824,1.429,5.926,2.301,0.019,0.325,-0.007,1022,0,0
3365844,2.607,4.733,2.131,-0.018,0.121,-0.064,1022,0,0
3365864,3.570,2.923,1.925,-0.132,-0.147,-0.246,1023,0,0
3365884,3.903,1.858,1.298,-0.110,-0.227,-0.563,1024,0,0
3365904,3.273,1.271,1.034,-0.031,-0.196,-0.923,1024,0,0
3365924,1.970,1.437,1.367,0.175,-0.128,-1.300,1023,0,0
3365944,-0.189,2.069,2.145,0.336,-0.179,-1.599,1024,0,0
3365964,-2.799,3.290,2.085,0.639,-0.121,-1.993,1026,0,0
3365984,-5.657,6.596,2.126,0.833,0.017,-2.229,1024,0,0
3366004,-10.099,10.276,3.737,0.441,-0.321,-1.965,1030,0,0
3366024,-12.965,13.273,3.766,-0.573,-1.018,-1.374,1031,0,0
3366044,-13.041,13.029,2.828,-1.293,-1.033,-1.016,1036,0,0
3366063,-13.484,12.364,3.326,-0.948,-0.556,-0.826,1038,0,0
3366084,-14.181,13.082,3.984,-0.359,-0.062,-0.673,1039,0,0
3366104,-14.121,13.688,4.568,-0.152,0.130,-0.231,1040,0,0
3366124,-12.629,12.428,4.441,-0.259,0.296,0.222,1040,0,0
3366144,-11.698,10.568,5.016,-0.510,0.373,0.478,1043,0,0
3366164,-10.987,9.299,5.095,-0.533,0.361,0.627,1046,0,0
3366184,-10.269,9.038,4.618,-0.378,0.417,0.769,1052,0,0
3366204,-9.462,8.090,4.235,-0.114,0.558,0.912,1052,0,0
3366224,-8.873,7.927,4.061,0.137,0.578,1.007,1053,0,0
3366244,-8.064,8.104,3.302,0.075,0.462,1.063,1055,0,0
3366264,-6.821,8.559,2.265,-0.003,0.439,1.178,1055,0,0
3366284,-5.131,7.966,1.748,-0.171,0.412,1.356,1055,0,0
3366304,-2.859,6.285,1.233,-0.159,0.383,1.371,1056,0,0
3366324,-0.323,5.449,1.073,-0.008,0.417,1.252,1056,0,0
3366344,1.554,4.310,1.721,-0.026,0.350,1.076,1056,0,0
3366364,3.084,3.622,2.009,0.030,0.219,0.880,1057,0,0
3366384,3.943,3.232,2.054,0.109,0.155,0.610,1056,0,0
3366404,4.010,3.898,2.114,0.183,0.082,0.378,1056,0,0
3366423,4.005,4.089,2.090,0.102,-0.017,0.188,1057,0,0
3366444,4.164,3.946,1.958,0.032,-0.185,0.006,1059,0,0
3366463,4.015,3.124,2.138,-0.077,-0.373,-0.200,1059,0,0
3366484,3.637,2.787,1.992,-0.002,-0.502,-0.464,1059,0,0
3366504,2.684,2.942,1.693,0.212,-0.445,-0.832,1060,0,0
3366524,0.855,4.214,1.741,0.535,-0.306,-1.167,1061,0,0
3366544,-1.092,5.725,2.121,0.507,-0.355,-1.318,1059,0,0
3366564,-2.691,5.988,2.274,0.068,-0.516,-1.267,1060,0,0
3366583,-5.057,4.867,2.871,-0.111,-0.654,-1.385,1061,0,0
3366604,-8.001,6.548,2.330,0.394,-0.510,-1.883,1062,0,0
3366623,-11.238,11.133,2.102,0.704,-0.244,-1.832,1061,0,0
3366644,-12.560,12.577,2.787,-0.048,-0.364,-1.190,1062,0,0
3366664,-12.579,10.499,3.663,-0.981,-0.644,-0.797,1063,0,0
3366684,-11.377,8.629,3.321,-1.277,-0.636,-0.806,1066,0,0
3366704,-11.993,9.222,3.531,-0.507,-0.183,-0.790,1067,0,0
3366724,-13.065,11.744,3.982,-0.034,0.118,-0.482,1067,0,0
3366743,-12.902,11.653,4.468,-0.253,0.228,-0.020,1069,0,0
3366764,-11.667,10.345,4.453,-0.290,0.248,0.302,1069,0,0
3366784,-10.865,9.749,4.578,-0.269,0.283,0.515,1070,0,0
3366804,-10.324,9.026,4.551,-0.257,0.322,0.689,1071,0,0
3366824,-9.562,8.878,4.111,-0.037,0.408,0.871,1071,0,0
3366844,-8.753,8.485,3.797,0.008,0.519,1.032,1072,0,0
3366864,-7.982,7.736,3.737,0.111,0.537,1.176,1072,0,0
3366884,-7.094,7.635,3.438,0.180,0.474,1.200,1072,0,0
3366904,-5.926,7.592,2.734,0.157,0.434,1.232,1072,0,0
3366924,-5.085,7.463,2.313,0.017,0.372,1.217,1073,0,0
3366944,-2.950,6.675,1.640,-0.089,0.287,1.296,1073,0,0
3366964,-1.018,4.908,1.350,-0.242,0.223,1.149,1073,0,0
3366983,0.266,4.511,1.113,-0.133,0.211,0.927,1073,0,0
3367004,0.833,4.781,1.283,-0.058,0.172,0.761,1074,0,0
3367023,1.116,4.757,1.185,-0.139,0.177,0.520,1073,0,0
3367044,0.742,5.543,1.396,-0.014,0.230,0.308,1074,0,0
3367064,-0.304,6.721,1.841,-0.019,0.182,0.208,1073,0,0
3367084,-1.027,7.199,2.090,-0.011,0.043,0.198,1074,0,0
3367104,-1.279,7.508,1.949,-0.055,-0.047,0.164,1074,0,0
3367124,-1.475,7.111,2.162,-0.053,-0.056,0.100,1075,0,0
3367144,-1.978,6.989,2.394,0.018,-0.067,0.027,1074,0,0
3367164,-2.693,6.919,2.531,-0.036,-0.133,-0.088,1076,0,0
3367183,-3.551,7.781,2.394,-0.003,-0.141,-0.165,1076,0,0
3367204,-4.209,8.648,2.523,0.004,-0.163,-0.132,1076,0,0
3367224,-4.410,8.701,2.689,-0.015,-0.234,-0.056,1078,0,0
3367244,-4.839,8.801,2.950,0.052,-0.340,-0.009,1078,0,0
3367263,-5.181,9.158,3.203,0.093,-0.553,0.051,1082,0,0
3367284,-4.764,9.395,3.096,0.120,-0.754,0.173,1088,0,0
3367304,-3.994,9.203,2.648,0.106,-0.721,0.293,1096,0,0
3367324,-3.946,9.036,1.901,0.189,-0.503,0.407,1099,0,0
3367344,-3.618,9.088,2.205,0.442,-0.313,0.616,1109,0,0
3367364,-3.376,8.839,2.665,0.302,-0.212,0.521,1134,0,0
3367383,-3.100,8.775,2.337,-0.018,-0.100,0.319,1169,0,0
3367404,-3.553,8.523,2.397,-0.133,-0.127,0.255,1222,0,0
3367423,-3.735,9.000,2.102,-0.159,-0.160,0.346,1299,0,0
3367444,-2.705,9.167,1.578,-0.275,-0.090,0.533,1381,0,0
3367464,-2.274,8.909,1.331,-0.516,0.158,0.528,1486,0,0
3367484,-1.530,8.396,0.139,-0.491,0.670,0.480,1614,0,0
3367504,-1.077,7.834,-0.445,-0.299,1.238,0.633,1704,0,0
3367524,-2.804,8.401,3.493,-0.200,1.191,0.716,1748,0,0
3367544,-2.255,6.682,5.413,-0.201,0.598,0.171,1785,0,0
3367564,-1.987,7.084,4.053,-0.953,0.059,-0.157,1819,0,0
3367583,-1.635,7.635,2.782,-0.904,-0.041,-0.098,1840,0,0
3367604,-2.040,7.343,2.186,-0.056,0.104,-0.020,1855,0,0
3367624,-2.555,8.016,2.588,0.433,0.097,-0.107,1867,0,0
3367644,-2.840,8.693,2.543,0.021,0.082,-0.245,1872,0,0
3367664,-3.017,8.739,2.495,-0.222,0.048,-0.252,1874,0,0
3367684,-2.909,8.758,2.385,-0.119,0.031,-0.152,1874,0,0
3367703,-2.598,8.554,2.485,-0.047,0.059,-0.072,1875,0,0
3367724,-2.437,8.353,2.758,-0.101,0.088,-0.079,1876,0,0
3367744,-2.835,8.502,2.816,-0.074,0.129,-0.165,1873,0,0
3367764,-2.854,8.595,2.720,0.006,0.184,-0.198,1874,0,0
3367784,-2.978,8.720,2.890,0.052,0.160,-0.157,1873,0,0
3367804,-2.765,8.705,2.868,0.037,0.066,-0.072,1872,0,0
3367824,-2.933,8.763,2.775,-0.039,0.014,-0.038,1871,0,0
3367844,-2.837,8.569,2.782,-0.030,-0.028,-0.027,1865,0,0
3367864,-3.000,8.681,2.523,0.011,0.007,-0.033,1859,0,0
3367884,-2.847,8.593,2.375,-0.023,0.056,-0.040,1855,0,0
3367903,-2.952,8.588,2.533,-0.014,0.087,-0.023,1854,0,0
3367924,-2.978,8.624,2.638,-0.001,0.047,-0.008,1854,0,0
3367944,-3.000,8.607,2.689,-0.090,0.005,-0.004,1852,0,0
3367964,-2.981,8.578,2.612,-0.106,0.015,-0.001,1849,0,0
3367984,-2.849,8.475,2.665,-0.063,0.018,-0.002,1844,0,0
3368004,-2.713,8.420,2.610,-0.041,0.011,0.009,1842,0,0
3368024,-2.804,8.327,2.567,-0.043,0.023,0.021,1840,0,0
3368044,-3.033,8.454,2.571,-0.021,0.013,-0.015,1840,0,0
3368063,-3.062,8.586,2.447,-0.091,0.006,-0.015,1839,0,0
3368084,-2.981,8.566,2.500,-0.082,0.003,-0.003,1839,0,0
3368104,-2.895,8.533,2.480,-0.055,0.001,0.006,1838,0,0
3368124,-2.729,8.346,2.512,-0.090,0.016,0.022,1838,0,0
3368143,-2.995,8.406,2.569,-0.006,0.061,0.011,1835,0,0
3368164,-3.069,8.701,2.598,0.023,0.029,-0.019,1834,0,0
3368184,-2.899,8.674,2.519,-0.098,-0.007,0.015,1831,0,0
3368204,-2.813,8.389,2.583,-0.102,0.009,0.055,1830,0,0
3368224,-2.825,8.310,2.574,0.006,0.027,0.049,1829,0,0
3368244,-2.950,8.437,2.514,0.012,0.036,0.047,1830,0,0
3368264,-3.017,8.509,2.526,-0.042,0.014,0.024,1828,0,0
3368284,-2.957,8.416,2.509,-0.116,-0.015,-0.005,1828,0,0
3368304,-2.835,8.389,2.500,-0.035,-0.002,0.006,1826,0,0
3368324,-2.801,8.447,2.471,0.015,0.026,0.017,1825,0,0
3368344,-2.796,8.461,2.464,-0.019,0.036,0.026,1826,0,0
3368364,-2.854,8.490,2.480,-0.023,0.036,0.017,1825,0,0
3368384,-2.887,8.490,2.516,-0.059,0.015,-0.026,1824,0,0
3368404,-2.772,8.576,2.478,-0.080,0.020,-0.027,1822,0,0
3368423,-2.787,8.622,2.466,-0.018,0.041,0.004,1820,0,0
3368444,-2.768,8.554,2.444,0.006,0.047,0.018,1818,0,0
3368463,-2.832,8.545,2.406,0.016,0.075,0.016,1817,0,0
3368484,-2.856,8.648,2.380,0.054,0.062,0.005,1815,0,0
3368504,-2.895,8.693,2.423,-0.027,0.048,0.004,1814,0,0
3368524,-2.909,8.605,2.550,-0.064,0.041,0.014,1814,0,0
3368544,-2.823,8.581,2.504,-0.026,0.017,0.020,1815,0,0
3368564,-2.887,8.610,2.425,-0.061,0.015,0.023,1813,0,0
3368583,-2.816,8.552,2.495,-0.042,0.009,0.033,1813,0,0
3368604,-2.828,8.552,2.452,-0.037,0.006,0.041,1813,0,0
3368623,-2.904,8.519,2.365,-0.046,0.010,0.028,1811,0,0
3368644,-2.923,8.511,2.413,-0.051,0.003,0.011,1811,0,0
3368664,-2.801,8.473,2.406,-0.079,-0.005,0.023,1809,0,0
3368684,-2.763,8.392,2.354,-0.055,-0.012,0.025,1808,0,0
3368703,-2.739,8.341,2.339,-0.063,0.002,0.008,1808,0,0
3368724,-2.835,8.389,2.258,-0.021,0.029,-0.017,1808,0,0
3368744,-2.902,8.576,2.332,-0.008,0.029,-0.033,1807,0,0
3368764,-2.801,8.569,2.377,-0.063,0.019,-0.029,1807,0,0
3368783,-2.739,8.624,2.375,-0.009,0.039,-0.012,1807,0,0
3368804,-2.770,8.636,2.425,-0.003,0.029,-0.004,1807,0,0
3368824,-2.784,8.605,2.368,-0.041,0.000,-0.004,1808,0,0
3368844,-2.789,8.619,2.301,-0.046,-0.017,-0.007,1807,0,0
3368863,-2.799,8.557,2.306,-0.063,0.002,-0.012,1807,0,0
3368884,-2.851,8.574,2.308,-0.043,0.031,-0.005,1807,0,0
3368904,-2.909,8.698,2.272,-0.005,0.043,-0.001,1806,0,0
3368924,-2.811,8.665,2.370,-0.032,0.040,0.005,1806,0,0
3368944,-2.691,8.633,2.394,-0.042,0.026,0.011,1805,0,0
3368964,-2.744,8.588,2.478,-0.068,0.010,0.001,1806,0,0
3368984,-2.837,8.574,2.495,-0.046,-0.006,-0.006,1804,0,0
3369004,-2.837,8.612,2.373,-0.035,-0.007,0.009,1805,0,0
3369024,-2.722,8.511,2.277,-0.043,-0.014,0.016,1804,0,0
3369044,-2.646,8.432,2.241,-0.042,-0.011,0.005,1804,0,0
3369064,-2.672,8.449,2.186,-0.052,-0.012,-0.020,1804,0,0
3369084,-2.799,8.557,2.181,-0.073,-0.006,-0.038,1803,0,0
3369104,-2.837,8.614,2.102,-0.051,0.004,-0.036,1802,0,0
3369124,-2.813,8.732,2.054,-0.012,0.037,-0.019,1802,0,0
3369144,-2.751,8.669,2.047,-0.035,0.067,-0.007,1803,0,0
3369164,-2.796,8.667,2.160,-0.033,0.067,-0.009,1801,0,0
