3389304,-2.789,8.504,2.085,-0.045,0.050,-0.000,1770,0,0
3389324,-2.954,8.638,2.124,-0.057,0.032,-0.018,1770,0,0
3389344,-3.033,8.744,2.138,-0.089,0.009,-0.009,1771,0,0
3389364,-2.895,8.705,2.040,-0.065,0.021,0.017,1771,0,0
3389383,-2.751,8.571,2.040,-0.053,0.047,0.026,1770,0,0
3389404,-2.751,8.464,2.143,-0.054,0.042,0.005,1770,0,0
3389424,-2.935,8.576,2.207,-0.057,0.018,-0.012,1771,0,0
3389444,-3.005,8.717,2.105,-0.078,0.002,0.002,1770,0,0
3389464,-2.851,8.602,2.061,-0.078,0.019,0.016,1771,0,0
3389484,-2.801,8.552,2.145,-0.036,0.037,-0.003,1771,0,0
3389503,-2.880,8.705,2.193,-0.012,0.030,-0.012,1770,0,0
3389524,-3.031,8.830,2.169,-0.057,0.008,-0.001,1770,0,0
3389544,-3.014,8.794,2.133,-0.088,0.000,0.020,1771,0,0
3389564,-2.892,8.633,2.157,-0.072,0.018,0.030,1771,0,0
3389584,-2.804,8.485,2.169,-0.046,0.024,0.033,1771,0,0
3389604,-2.804,8.464,2.162,-0.050,0.003,0.017,1772,0,0
3389623,-2.861,8.466,2.097,-0.070,-0.014,0.002,1771,0,0
3389644,-2.933,8.478,2.059,-0.080,-0.010,-0.009,1772,0,0
3389663,-2.959,8.444,2.040,-0.087,0.001,-0.018,1771,0,0
3389684,-2.840,8.485,2.057,-0.061,0.009,-0.023,1771,0,0
3389703,-2.825,8.507,2.081,-0.055,0.014,-0.035,1771,0,0
3389724,-2.890,8.660,2.114,-0.043,0.002,-0.043,1770,0,0
3389744,-2.942,8.772,2.047,-0.050,-0.004,-0.035,1769,0,0
3389764,-2.914,8.712,2.033,-0.066,0.001,-0.014,1770,0,0
3389783,-2.744,8.629,2.040,-0.050,0.005,-0.009,1770,0,0
3389804,-2.756,8.569,2.088,-0.049,0.012,-0.020,1770,0,0
3389823,-2.878,8.631,2.090,-0.041,0.005,-0.032,1769,0,0
3389844,-2.940,8.701,2.081,-0.068,-0.006,-0.026,1769,0,0
3389863,-2.926,8.650,2.061,-0.073,-0.001,-0.018,1770,0,0
3389884,-2.851,8.705,2.073,-0.027,0.021,-0.011,1769,0,0
3389903,-2.840,8.679,2.119,-0.039,0.027,-0.001,1770,0,0
3389924,-2.919,8.633,2.131,-0.071,0.005,-0.010,1770,0,0
3389944,-2.859,8.547,2.162,-0.092,-0.014,-0.020,1769,0,0
3389964,-2.796,8.547,2.109,-0.059,0.002,-0.020,1769,0,0
3389984,-2.907,8.607,2.162,-0.031,0.016,-0.022,1770,0,0
3390004,-3.019,8.734,2.114,-0.029,0.010,-0.021,1769,0,0
3390023,-3.010,8.734,2.028,-0.063,-0.003,-0.011,1770,0,0
3390044,-2.878,8.641,2.035,-0.082,-0.002,-0.007,1770,0,0
3390064,-2.806,8.504,2.126,-0.079,0.002,-0.009,1770,0,0
3390084,-2.787,8.502,2.090,-0.045,-0.002,-0.018,1770,0,0
3390104,-2.909,8.588,2.047,-0.055,-0.000,-0.031,1770,0,0
3390124,-2.981,8.801,1.970,-0.024,0.007,-0.031,1769,0,0
3390144,-2.974,8.902,1.975,-0.042,0.023,-0.005,1770,0,0
3390164,-2.808,8.677,2.102,-0.097,0.011,0.007,1770,0,0
3390184,-2.751,8.483,2.155,-0.083,0.001,0.005,1770,0,0
3390204,-2.799,8.504,2.107,-0.027,0.001,-0.005,1768,0,0
3390223,-3.014,8.681,2.004,-0.029,0.007,-0.010,1770,0,0
3390244,-3.024,8.813,1.954,-0.031,0.017,0.005,1769,0,0
3390263,-2.832,8.708,1.978,-0.078,0.022,0.023,1770,0,0
3390284,-2.744,8.356,2.148,-0.116,0.022,0.006,1770,0,0
3390304,-2.756,8.380,2.143,-0.028,0.015,-0.022,1770,0,0
3390324,-3.029,8.768,2.028,0.000,0.023,-0.034,1769,0,0
3390344,-3.098,8.964,1.942,-0.047,0.024,-0.010,1770,0,0
3390364,-2.959,8.818,2.011,-0.076,0.030,0.028,1770,0,0
3390384,-2.753,8.545,2.174,-0.082,0.031,0.027,1769,0,0
3390404,-2.875,8.480,2.243,-0.045,0.023,-0.003,1770,0,0
3390424,-2.935,8.677,2.179,-0.011,0.002,-0.003,1769,0,0
3390444,-2.933,8.607,2.073,-0.083,-0.019,0.006,1769,0,0
3390464,-2.796,8.490,2.037,-0.066,-0.014,0.005,1771,0,0
3390484,-2.763,8.432,2.052,-0.047,0.010,-0.009,1771,0,0
3390504,-2.916,8.526,2.059,-0.025,0.008,-0.027,1769,0,0
3390524,-2.981,8.689,2.025,-0.041,-0.003,-0.027,1771,0,0
3390543,-2.942,8.633,1.992,-0.080,0.002,-0.021,1770,0,0
3390564,-2.837,8.586,1.920,-0.042,0.025,-0.014,1769,0,0
3390584,-2.782,8.617,2.059,-0.040,0.037,-0.014,1769,0,0
3390604,-2.964,8.689,2.090,-0.058,0.014,-0.036,1769,0,0
3390623,-2.990,8.844,2.081,-0.056,-0.003,-0.026,1769,0,0
3390644,-2.950,8.734,2.069,-0.072,0.005,0.000,1770,0,0
3390664,-2.823,8.590,2.061,-0.044,0.013,0.000,1769,0,0
3390684,-2.763,8.583,2.064,-0.041,0.015,-0.006,1769,0,0
3390703,-2.868,8.583,2.073,-0.054,0.012,-0.007,1769,0,0
3390724,-3.029,8.681,2.093,-0.047,-0.009,-0.021,1770,0,0
3390744,-2.964,8.780,1.968,-0.055,-0.015,-0.013,1770,0,0
3390764,-2.890,8.734,1.963,-0.049,-0.002,0.006,1769,0,0
3390784,-2.796,8.602,1.992,-0.046,0.011,0.011,1770,0,0
3390804,-2.847,8.516,2.081,-0.059,0.009,-0.002,1770,0,0
3390824,-2.923,8.552,2.121,-0.075,-0.010,-0.025,1769,0,0
3390844,-2.923,8.689,2.002,-0.049,-0.016,-0.019,1770,0,0
3390864,-2.921,8.662,1.956,-0.047,-0.003,-0.006,1770,0,0
3390884,-2.883,8.586,1.908,-0.047,0.006,0.001,1769,0,0
3390904,-2.916,8.576,1.973,-0.047,0.016,-0.011,1769,0,0
3390924,-2.964,8.648,2.021,-0.071,0.009,-0.025,1769,0,0
3390953,-2.856,8.732,2.002,-0.053,0.010,-0.012,1769,0,0
3390965,-2.856,8.724,1.978,-0.058,0.016,-0.007,1771,0,0
3390983,-2.825,8.686,2.002,-0.051,0.015,-0.005,1770,0,0
3391004,-2.899,8.739,1.990,-0.048,0.019,-0.010,1770,0,0
3391024,-2.966,8.811,2.033,-0.067,0.019,-0.010,1769,0,0
3391044,-2.923,8.775,2.069,-0.084,0.008,0.002,1770,0,0
3391064,-2.804,8.667,2.090,-0.066,0.011,0.018,1769,0,0
3391084,-2.842,8.598,2.071,-0.055,0.009,0.009,1770,0,0
3391104,-2.866,8.648,2.018,-0.057,0.000,-0.001,1769,0,0
3391124,-2.964,8.645,2.033,-0.073,-0.003,-0.001,1769,0,0
3391144,-2.916,8.633,1.978,-0.080,-0.009,0.001,1770,0,0
3391164,-2.842,8.574,1.973,-0.088,-0.003,-0.000,1771,0,0
3391184,-2.866,8.521,1.980,-0.071,0.010,-0.004,1770,0,0
3391204,-2.959,8.638,2.004,-0.035,0.017,-0.016,1770,0,0
3391224,-3.005,8.780,1.992,-0.048,0.014,-0.007,1770,0,0
3391244,-2.940,8.758,1.939,-0.075,0.009,0.002,1770,0,0
3391264,-2.758,8.612,2.006,-0.099,0.012,0.005,1769,0,0
3391284,-2.653,8.461,2.045,-0.074,0.022,0.003,1770,0,0
3391303,-2.832,8.528,2.085,-0.041,0.027,-0.018,1770,0,0
3391324,-2.974,8.751,2.083,-0.030,0.011,-0.015,1769,0,0
3391344,-2.988,8.763,2.002,-0.072,0.003,0.002,1770,0,0
3391364,-2.775,8.507,1.994,-0.097,0.013,0.014,1769,0,0
3391384,-2.686,8.387,2.042,-0.064,0.028,-0.013,1769,0,0
3391404,-2.945,8.574,2.114,-0.050,0.014,-0.046,1770,0,0
3391424,-3.096,8.887,2.004,-0.028,-0.004,-0.038,1770,0,0
3391444,-3.010,8.933,1.901,-0.058,0.006,-0.001,1770,0,0
3391464,-2.768,8.684,1.918,-0.058,0.026,0.019,1769,0,0
3391484,-2.734,8.557,2.033,-0.068,0.031,0.002,1768,0,0
3391504,-2.890,8.617,2.105,-0.079,0.005,-0.020,1770,0,0
3391524,-2.931,8.703,2.059,-0.069,0.000,-0.001,1768,0,0
3391544,-2.878,8.633,2.033,-0.060,0.014,0.011,1769,0,0
3391564,-2.873,8.588,2.011,-0.044,0.024,0.001,1770,0,0
3391584,-2.986,8.648,2.047,-0.066,0.018,-0.007,1767,0,0
3391604,-2.933,8.576,2.081,-0.100,0.005,-0.009,1769,0,0
3391624,-2.873,8.514,2.124,-0.083,0.005,-0.019,1770,0,0
3391644,-2.818,8.610,2.069,-0.028,0.011,-0.027,1771,0,0
3391664,-2.887,8.727,2.030,-0.040,0.000,-0.018,1770,0,0
3391684,-2.942,8.758,2.004,-0.079,0.002,-0.008,1769,0,0
3391703,-3.038,8.777,2.078,-0.073,0.014,-0.012,1770,0,0
3391724,-2.942,8.837,2.035,-0.050,0.007,0.003,1771,0,0
3391744,-2.789,8.641,2.093,-0.098,-0.015,0.021,1770,0,0
3391764,-2.775,8.442,2.093,-0.068,-0.022,0.005,1771,0,0
3391784,-2.868,8.543,2.045,-0.043,-0.007,-0.012,1769,0,0
3391804,-2.976,8.691,1.980,-0.050,-0.006,-0.010,1769,0,0
3391824,-2.904,8.696,1.978,-0.063,-0.005,0.002,1769,0,0
3391844,-2.828,8.610,1.968,-0.081,0.004,-0.002,1768,0,0
3391864,-2.782,8.531,2.023,-0.087,0.007,-0.009,1770,0,0
3391884,-2.811,8.547,2.045,-0.065,0.011,-0.014,1770,0,0
3391904,-2.899,8.665,2.030,-0.042,0.012,-0.025,1770,0,0
3391924,-2.971,8.873,1.992,-0.029,0.014,-0.017,1770,0,0
3391943,-2.938,8.830,1.980,-0.086,0.003,0.002,1769,0,0
3391964,-2.789,8.610,2.016,-0.099,0.002,0.014,1769,0,0
3391984,-2.768,8.528,2.061,-0.060,0.017,-0.005,1769,0,0
3392004,-2.854,8.645,2.018,-0.034,0.025,-0.015,1769,0,0
3392024,-2.899,8.751,1.994,-0.042,0.023,0.003,1769,0,0
3392044,-2.777,8.607,1.999,-0.083,0.026,0.019,1769,0,0
3392064,-2.844,8.566,2.049,-0.062,0.027,-0.005,1770,0,0
3392084,-2.914,8.722,2.057,-0.030,0.012,-0.015,1769,0,0
3392104,-2.954,8.835,1.966,-0.049,0.014,0.003,1770,0,0
3392124,-2.799,8.669,2.002,-0.082,0.023,0.019,1769,0,0
3392144,-2.693,8.432,2.109,-0.075,0.030,0.012,1770,0,0
3392164,-2.816,8.471,2.157,-0.063,0.020,-0.015,1768,0,0
3392183,-2.962,8.629,2.088,-0.058,0.013,-0.024,1768,0,0
3392204,-3.029,8.756,2.069,-0.056,0.008,-0.015,1768,0,0
3392224,-3.029,8.758,2.042,-0.069,0.015,-0.002,1766,0,0
3392244,-2.904,8.691,2.071,-0.067,0.019,0.012,1769,0,0
3392263,-2.796,8.502,2.126,-0.087,0.011,0.013,1767,0,0
3392284,-2.830,8.442,2.145,-0.065,-0.005,-0.018,1769,0,0
3392304,-2.964,8.732,2.066,-0.031,-0.005,-0.030,1767,0,0
3392324,-2.974,8.851,1.982,-0.052,0.000,-0.003,1769,0,0
3392344,-2.883,8.736,1.968,-0.081,-0.005,0.015,1768,0,0
3392364,-2.753,8.504,1.990,-0.091,0.001,0.010,1768,0,0
3392384,-2.775,8.502,2.021,-0.052,0.007,-0.005,1767,0,0
3392404,-2.861,8.588,2.009,-0.054,-0.002,-0.015,1769,0,0
3392424,-2.840,8.626,1.982,-0.071,-0.005,-0.011,1768,0,0
3392444,-2.861,8.622,1.997,-0.066,0.005,-0.018,1768,0,0
3392463,-2.873,8.715,1.939,-0.039,0.013,-0.016,1768,0,0
3392484,-2.847,8.691,1.999,-0.073,0.011,-0.002,1769,0,0
3392504,-2.801,8.526,2.042,-0.091,0.003,-0.015,1770,0,0
3392524,-2.863,8.578,2.035,-0.050,0.018,-0.030,1770,0,0
3392544,-2.954,8.736,2.057,-0.034,0.019,-0.022,1768,0,0
3392564,-2.928,8.746,2.071,-0.072,0.006,-0.008,1768,0,0
3392584,-2.801,8.557,2.133,-0.097,0.013,-0.009,1768,0,0
3392604,-2.784,8.557,2.205,-0.048,0.010,-0.029,1768,0,0
3392623,-2.868,8.657,2.193,-0.062,0.001,-0.025,1769,0,0
3392644,-2.986,8.758,2.119,-0.063,-0.017,-0.026,1768,0,0
3392664,-2.942,8.789,2.011,-0.070,-0.010,-0.009,1768,0,0
3392684,-2.823,8.633,1.992,-0.070,0.006,0.010,1768,0,0
3392704,-2.753,8.504,2.037,-0.076,0.003,-0.011,1768,0,0
3392724,-2.923,8.578,2.057,-0.070,-0.010,-0.038,1768,0,0
3392744,-2.993,8.796,2.002,-0.048,-0.007,-0.031,1769,0,0
3392764,-2.873,8.770,1.954,-0.069,0.009,-0.002,1768,0,0
3392783,-2.686,8.543,2.011,-0.090,0.022,0.007,1769,0,0
3392804,-2.729,8.464,2.100,-0.050,0.019,-0.017,1769,0,0
3392824,-2.909,8.653,2.073,-0.033,-0.001,-0.025,1768,0,0
3392844,-2.964,8.669,1.997,-0.085,-0.015,-0.014,1768,0,0
3392863,-2.873,8.550,1.987,-0.072,0.002,-0.012,1768,0,0
3392884,-2.787,8.547,2.011,-0.034,0.041,-0.013,1768,0,0
3392904,-2.861,8.547,2.088,-0.059,0.035,-0.024,1769,0,0
3392924,-2.883,8.559,2.112,-0.067,0.010,-0.035,1767,0,0
3392944,-3.002,8.672,2.093,-0.063,0.006,-0.043,1768,0,0
3392964,-2.966,8.815,2.066,-0.034,0.018,-0.027,1768,0,0
3392984,-2.933,8.811,2.093,-0.055,0.025,-0.013,1767,0,0
3393004,-2.899,8.746,2.124,-0.065,0.019,0.001,1768,0,0
3393024,-2.914,8.732,2.116,-0.059,0.014,0.002,1768,0,0
3393044,-2.907,8.715,2.124,-0.061,0.009,0.007,1767,0,0
3393063,-2.904,8.696,2.069,-0.046,0.011,0.019,1768,0,0
3393084,-2.919,8.626,2.069,-0.036,0.006,0.018,1767,0,0
3393104,-2.914,8.626,1.968,-0.041,0.004,0.013,1768,0,0
3393124,-2.859,8.583,1.987,-0.068,0.011,0.016,1770,0,0
3393144,-2.847,8.444,1.999,-0.083,0.012,0.004,1768,0,0
3393164,-2.851,8.480,2.078,-0.052,0.007,-0.014,1768,0,0
3393183,-2.907,8.590,2.061,-0.041,0.008,-0.023,1768,0,0
3393204,-2.897,8.655,2.028,-0.040,0.007,-0.014,1768,0,0
3393224,-2.899,8.614,2.006,-0.058,0.009,-0.019,1770,0,0
3393244,-2.909,8.648,2.069,-0.070,0.010,-0.026,1770,0,0
3393264,-2.897,8.674,2.076,-0.067,0.007,-0.026,1769,0,0
3393284,-2.820,8.665,2.093,-0.065,0.005,-0.018,1769,0,0
3393304,-2.880,8.696,2.011,-0.037,0.006,-0.019,1769,0,0
3393324,-2.928,8.801,1.990,-0.038,0.011,-0.013,1769,0,0
3393344,-2.947,8.777,1.985,-0.068,0.018,0.007,1770,0,0
3393364,-2.854,8.612,2.018,-0.069,0.012,0.011,1768,0,0
3393383,-2.840,8.545,2.069,-0.076,0.006,-0.007,1768,0,0
3393404,-2.916,8.578,2.052,-0.062,0.005,-0.018,1769,0,0
3393424,-3.002,8.758,2.042,-0.034,0.006,-0.021,1768,0,0
3393445,-2.940,8.823,2.037,-0.054,0.015,0.006,1769,0,0
3393464,-2.895,8.633,2.102,-0.074,0.016,0.018,1770,0,0
3393484,-2.895,8.531,2.164,-0.069,-0.001,0.003,1769,0,0
3393504,-2.947,8.645,2.119,-0.057,-0.020,-0.008,1769,0,0
3393524,-2.950,8.753,1.992,-0.048,-0.014,0.010,1768,0,0
3393543,-2.873,8.657,1.937,-0.048,0.004,0.027,1768,0,0
3393564,-2.813,8.528,1.956,-0.050,0.015,0.019,1768,0,0
3393583,-2.854,8.495,1.980,-0.069,0.006,-0.004,1768,0,0
3393604,-2.880,8.593,2.004,-0.053,-0.004,-0.014,1768,0,0
3393624,-2.849,8.643,1.990,-0.054,0.003,-0.011,1768,0,0
3393644,-2.847,8.674,1.982,-0.044,0.018,-0.011,1769,0,0
3393664,-2.859,8.732,2.014,-0.037,0.026,-0.004,1768,0,0
3393684,-2.897,8.727,2.042,-0.049,0.014,-0.004,1769,0,0
3393704,-2.873,8.693,2.076,-0.072,0.005,0.003,1768,0,0
3393724,-2.820,8.590,2.114,-0.061,0.001,0.000,1767,0,0
3393744,-2.861,8.645,2.025,-0.041,0.001,-0.008,1768,0,0
3393764,-2.863,8.746,1.970,-0.028,0.008,-0.000,1768,0,0
3393784,-2.897,8.741,1.944,-0.056,0.018,0.013,1768,0,0
3393804,-2.842,8.605,2.025,-0.069,0.011,0.005,1768,0,0
3393824,-2.818,8.619,2.042,-0.078,0.010,-0.008,1769,0,0
3393844,-2.806,8.612,2.047,-0.059,0.007,-0.009,1770,0,0
3393864,-2.866,8.665,1.980,-0.031,0.016,-0.003,1770,0,0
3393884,-2.945,8.705,1.990,-0.043,0.016,0.000,1768,0,0
3393903,-2.885,8.717,1.978,-0.050,0.014,0.008,1769,0,0
3393924,-2.823,8.677,2.076,-0.046,0.007,0.007,1768,0,0
3393944,-2.734,8.729,2.088,-0.034,-0.007,0.005,1768,0,0
3393964,-2.770,8.775,2.081,-0.009,-0.014,0.013,1768,0,0
3393984,-2.830,8.765,1.990,-0.027,-0.026,0.020,1768,0,0
3394004,-2.768,8.703,1.899,-0.057,-0.013,0.016,1770,0,0
3394024,-2.667,8.610,1.999,-0.086,0.005,0.004,1769,0,0
3394045,-2.777,8.545,2.195,-0.092,0.007,-0.012,1769,0,0
3394063,-2.825,8.531,2.282,-0.075,-0.019,-0.025,1767,0,0
3394084,-2.895,8.600,2.217,-0.049,-0.055,-0.041,1768,0,0
3394103,-2.964,8.758,2.045,-0.052,-0.076,-0.052,1769,0,0
3394124,-3.105,8.947,1.879,-0.081,-0.066,-0.053,1767,0,0
3394144,-2.983,8.923,1.836,-0.110,-0.041,-0.015,1769,0,0
3394164,-2.823,8.638,1.937,-0.138,-0.023,-0.005,1769,0,0
3394183,-2.741,8.528,2.018,-0.084,-0.021,-0.024,1768,0,0
3394204,-2.986,8.741,2.071,-0.063,-0.030,-0.033,1768,0,0
3394224,-3.045,8.849,2.049,-0.099,-0.043,-0.011,1768,0,0
3394244,-3.021,8.693,2.028,-0.112,-0.033,0.011,1770,0,0
3394264,-2.931,8.583,2.093,-0.078,-0.017,0.015,1769,0,0
3394284,-2.892,8.533,2.234,-0.067,-0.012,0.007,1768,0,0
3394303,-2.851,8.483,2.354,-0.071,-0.035,-0.005,1768,0,0
3394324,-2.861,8.528,2.375,-0.056,-0.064,-0.012,1768,0,0
3394344,-2.919,8.689,2.303,-0.070,-0.079,-0.022,1768,0,0
3394364,-2.974,8.768,2.246,-0.050,-0.071,-0.007,1768,0,0
3394383,-2.892,8.770,2.203,-0.054,-0.068,0.012,1769,0,0
3394404,-2.847,8.710,2.274,-0.065,-0.079,0.017,1768,0,0
3394424,-2.823,8.693,2.282,-0.051,-0.102,0.016,1768,0,0
3394444,-2.854,8.734,2.217,-0.061,-0.119,0.020,1769,0,0
3394464,-2.789,8.720,2.136,-0.040,-0.112,0.034,1769,0,0
3394484,-2.725,8.691,2.069,-0.015,-0.100,0.050,1768,0,0
3394504,-2.665,8.598,2.069,-0.024,-0.105,0.048,1767,0,0
3394524,-2.588,8.564,1.985,-0.044,-0.110,0.036,1768,0,0
3394544,-2.540,8.543,1.889,-0.041,-0.100,0.025,1768,0,0
3394564,-2.540,8.595,1.889,-0.015,-0.079,0.011,1769,0,0
3394583,-2.574,8.674,1.901,-0.030,-0.058,0.013,1769,0,0
3394604,-2.528,8.588,1.865,-0.046,-0.049,0.019,1769,0,0
3394623,-2.346,8.471,1.911,-0.055,-0.029,0.010,1769,0,0
3394644,-2.449,8.499,1.956,-0.034,-0.017,-0.014,1768,0,0
3394663,-2.588,8.693,1.932,-0.017,-0.020,-0.022,1768,0,0
3394684,-2.660,8.760,1.923,-0.045,-0.001,-0.005,1769,0,0
3394704,-2.703,8.674,1.961,-0.030,0.026,0.003,1769,0,0
3394724,-2.792,8.703,2.076,-0.018,0.035,0.006,1769,0,0
3394743,-2.725,8.629,2.148,-0.050,0.025,0.013,1770,0,0
3394764,-2.614,8.382,2.157,-0.062,0.015,0.015,1770,0,0
3394783,-2.591,8.279,2.164,-0.033,0.011,-0.010,1769,0,0
3394804,-2.624,8.492,2.011,0.000,0.015,-0.044,1770,0,0
3394824,-2.614,8.650,1.961,-0.031,0.022,-0.044,1770,0,0
3394844,-2.583,8.677,1.875,-0.050,0.025,-0.039,1770,0,0
3394864,-2.588,8.708,1.824,-0.052,0.041,-0.037,1770,0,0
3394884,-2.650,8.732,1.808,-0.075,0.062,-0.041,1770,0,0
3394904,-2.660,8.792,1.812,-0.058,0.069,-0.041,1770,0,0
3394924,-2.588,8.825,1.793,-0.067,0.080,-0.033,1770,0,0
3394944,-2.641,8.818,1.779,-0.074,0.094,-0.037,1770,0,0
3394964,-2.746,8.952,1.753,-0.075,0.119,-0.037,1769,0,0
3394984,-2.775,8.995,1.824,-0.083,0.145,-0.015,1769,0,0
3395004,-2.658,8.945,1.894,-0.095,0.150,0.006,1771,0,0
3395024,-2.665,8.803,2.124,-0.132,0.143,0.003,1769,0,0
3395044,-2.801,8.827,2.234,-0.103,0.133,-0.003,1768,0,0
3395064,-2.971,8.911,2.332,-0.070,0.114,0.012,1768,0,0
3395084,-2.911,8.863,2.282,-0.085,0.083,0.041,1770,0,0
3395103,-2.701,8.624,2.286,-0.086,0.058,0.051,1768,0,0
3395124,-2.782,8.492,2.320,-0.076,0.044,0.022,1769,0,0
3395143,-3.002,8.638,2.286,-0.056,0.024,0.005,1768,0,0
3395164,-3.086,8.799,2.169,-0.068,0.006,0.026,1769,0,0
3395184,-2.914,8.655,2.078,-0.079,0.010,0.041,1769,0,0
3395204,-2.717,8.475,2.088,-0.065,0.025,0.031,1769,0,0
3395223,-2.732,8.468,2.198,-0.078,0.017,-0.001,1768,0,0
3395244,-2.914,8.631,2.227,-0.091,0.003,-0.015,1769,0,0
3395264,-2.873,8.746,2.184,-0.069,-0.002,0.001,1765,0,0
3395284,-2.744,8.662,2.143,-0.067,0.003,0.018,1768,0,0
3395304,-2.684,8.624,2.191,-0.046,-0.003,0.007,1767,0,0
3395324,-2.806,8.825,2.217,-0.021,-0.022,0.002,1768,0,0
3395344,-2.825,8.837,2.207,-0.041,-0.034,0.031,1769,0,0
3395364,-2.737,8.590,2.195,-0.038,-0.037,0.048,1768,0,0
3395383,-2.614,8.452,2.172,-0.013,-0.041,0.035,1770,0,0
3395404,-2.562,8.444,2.131,-0.014,-0.035,0.014,1768,0,0
3395424,-2.540,8.516,2.071,-0.007,-0.030,-0.000,1770,0,0
3395444,-2.538,8.543,1.987,-0.035,-0.027,-0.010,1770,0,0
3395464,-2.523,8.526,1.923,-0.052,-0.022,-0.022,1768,0,0
3395484,-2.516,8.600,1.887,-0.055,-0.005,-0.044,1767,0,0
3395504,-2.550,8.696,1.836,-0.029,0.012,-0.044,1769,0,0
3395524,-2.531,8.763,1.736,-0.042,0.012,-0.039,1770,0,0
3395544,-2.504,8.751,1.717,-0.081,0.019,-0.036,1769,0,0
3395564,-2.545,8.741,1.750,-0.090,0.031,-0.048,1770,0,0
3395584,-2.643,8.799,1.724,-0.077,0.047,-0.044,1770,0,0
3395604,-2.670,8.904,1.688,-0.059,0.065,-0.027,1770,0,0
3395623,-2.617,8.803,1.719,-0.090,0.085,-0.016,1770,0,0
3395644,-2.579,8.715,1.733,-0.092,0.099,-0.019,1769,0,0
3395664,-2.715,8.765,1.765,-0.083,0.109,-0.040,1770,0,0
3395684,-2.849,8.957,1.817,-0.087,0.120,-0.030,1770,0,0
3395703,-2.904,8.981,1.860,-0.101,0.136,-0.001,1771,0,0
3395724,-2.856,8.854,1.968,-0.100,0.137,0.010,1771,0,0
3395744,-2.772,8.758,2.035,-0.092,0.139,0.023,1771,0,0
3395764,-2.813,8.669,2.126,-0.082,0.129,0.014,1771,0,0
3395784,-2.895,8.715,2.195,-0.082,0.107,0.004,1768,0,0
3395804,-2.990,8.777,2.210,-0.080,0.083,0.000,1769,0,0
3395824,-2.962,8.801,2.188,-0.081,0.073,0.015,1770,0,0
3395844,-2.897,8.751,2.172,-0.081,0.082,0.026,1768,0,0
3395864,-2.883,8.662,2.248,-0.089,0.078,0.027,1770,0,0
3395884,-2.935,8.689,2.325,-0.091,0.058,0.019,1770,0,0
3395904,-2.971,8.641,2.320,-0.094,0.027,0.018,1769,0,0
3395924,-2.902,8.617,2.184,-0.057,0.020,0.025,1770,0,0
3395944,-2.849,8.566,2.109,-0.055,0.012,0.018,1770,0,0
3395964,-2.772,8.526,2.073,-0.084,0.004,0.006,1770,0,0
3395983,-2.660,8.504,2.083,-0.077,0.003,-0.002,1770,0,0
3396004,-2.638,8.538,2.066,-0.064,0.002,-0.017,1769,0,0
3396023,-2.626,8.554,1.992,-0.058,0.001,-0.014,1769,0,0
3396044,-2.660,8.526,1.901,-0.066,-0.001,-0.013,1769,0,0
3396064,-2.646,8.538,1.870,-0.076,0.009,-0.030,1769,0,0
3396084,-2.734,8.641,1.856,-0.059,0.034,-0.052,1768,0,0
3396104,-2.808,8.796,1.867,-0.041,0.039,-0.054,1769,0,0
3396124,-2.775,8.899,1.872,-0.057,0.049,-0.031,1768,0,0
3396144,-2.720,8.815,2.018,-0.096,0.068,-0.018,1770,0,0
3396164,-2.648,8.746,2.162,-0.076,0.075,-0.016,1769,0,0
3396184,-2.739,8.818,2.215,-0.050,0.065,-0.015,1768,0,0
3396204,-2.804,8.882,2.241,-0.051,0.033,-0.003,1769,0,0
3396224,-2.792,8.811,2.186,-0.063,0.011,0.021,1769,0,0
3396244,-2.772,8.665,2.131,-0.089,0.003,0.025,1769,0,0
3396268,-2.725,8.531,2.049,-0.068,0.019,0.012,1770,0,0
3396284,-2.725,8.595,2.023,-0.042,0.013,-0.002,1768,0,0
3396303,-2.662,8.631,1.942,-0.063,0.013,-0.001,1768,0,0
3396324,-2.772,8.667,1.920,-0.050,0.027,-0.009,1768,0,0
3396343,-2.856,8.842,1.882,-0.042,0.028,-0.013,1768,0,0
3396364,-2.868,8.868,1.879,-0.079,0.034,0.005,1768,0,0
3396384,-2.727,8.722,1.879,-0.065,0.046,0.028,1768,0,0
3396404,-2.619,8.569,1.966,-0.060,0.052,0.024,1768,0,0
3396424,-2.684,8.586,2.006,-0.046,0.045,0.010,1769,0,0
3396444,-2.784,8.586,2.018,-0.063,0.030,-0.007,1769,0,0
3396464,-2.808,8.643,1.985,-0.068,0.028,-0.013,1769,0,0
3396484,-2.909,8.739,1.966,-0.040,0.039,-0.011,1770,0,0
3396504,-2.871,8.842,1.970,-0.032,0.039,0.004,1771,0,0
3396524,-2.787,8.741,2.047,-0.083,0.035,0.019,1769,0,0
3396544,-2.768,8.598,2.136,-0.075,0.038,0.002,1769,0,0
3396564,-2.804,8.686,2.152,-0.035,0.020,-0.013,1768,0,0
3396584,-2.820,8.751,2.083,-0.051,0.007,0.005,1769,0,0
3396604,-2.777,8.624,2.100,-0.059,0.005,0.003,1770,0,0
3396623,-2.677,8.602,2.018,-0.001,0.031,-0.017,1771,0,0
3396644,-2.792,8.763,2.037,0.026,0.028,-0.015,1770,0,0
3396664,-2.808,8.835,2.002,-0.048,-0.021,-0.006,1769,0,0
3396684,-2.835,8.768,1.939,-0.073,-0.041,-0.003,1769,0,0
3396704,-2.808,8.710,1.860,-0.060,-0.026,0.008,1770,0,0
3396724,-2.737,8.631,1.839,-0.068,-0.001,0.005,1770,0,0
3396744,-2.713,8.598,1.927,-0.056,0.019,-0.011,1771,0,0
3396764,-2.796,8.751,1.925,-0.021,0.022,-0.022,1771,0,0
3396783,-2.789,8.856,1.932,-0.061,0.011,-0.012,1770,0,0
3396804,-2.763,8.763,1.946,-0.101,0.006,-0.006,1770,0,0
3396824,-2.653,8.693,1.961,-0.085,0.011,-0.002,1770,0,0
3396844,-2.634,8.660,1.987,-0.062,0.010,-0.003,1769,0,0
3396864,-2.646,8.681,1.944,-0.060,0.002,-0.002,1768,0,0
3396884,-2.782,8.748,1.889,-0.064,0.002,-0.007,1767,0,0
3396904,-2.844,8.844,1.805,-0.065,0.012,-0.003,1769,0,0
3396924,-2.804,8.832,1.870,-0.094,0.019,0.009,1769,0,0
3396943,-2.705,8.720,1.918,-0.068,0.029,0.023,1768,0,0
3396964,-2.660,8.614,1.925,-0.057,0.034,0.019,1768,0,0
3396984,-2.684,8.602,1.944,-0.058,0.030,0.008,1769,0,0
3397004,-2.701,8.583,1.980,-0.072,0.030,0.003,1768,0,0
3397024,-2.689,8.581,1.999,-0.059,0.030,-0.007,1768,0,0
3397044,-2.770,8.710,2.033,-0.052,0.032,-0.018,1769,0,0
3397063,-2.808,8.753,2.009,-0.078,0.024,-0.015,1769,0,0
3397084,-2.722,8.724,1.982,-0.078,0.017,-0.005,1768,0,0
3397104,-2.653,8.653,1.954,-0.072,0.021,-0.008,1769,0,0
3397124,-2.758,8.715,1.954,-0.050,0.028,-0.025,1769,0,0
3397144,-2.880,8.921,1.908,-0.038,0.031,-0.023,1770,0,0
3397164,-2.844,8.959,1.887,-0.069,0.037,0.005,1768,0,0
3397183,-2.705,8.739,1.903,-0.092,0.032,0.017,1768,0,0
3397204,-2.638,8.566,1.975,-0.113,0.025,-0.001,1767,0,0
3397224,-2.713,8.576,2.030,-0.078,0.027,-0.009,1768,0,0
3397244,-2.777,8.667,2.025,-0.052,0.030,-0.005,1769,0,0
3397264,-2.756,8.612,2.025,-0.090,0.024,-0.004,1768,0,0
3397284,-2.746,8.576,1.978,-0.083,0.023,-0.015,1768,0,0
3397303,-2.806,8.653,2.021,-0.063,0.021,-0.027,1768,0,0
3397324,-2.799,8.679,1.973,-0.094,0.006,-0.030,1766,0,0
3397344,-2.796,8.638,1.908,-0.070,0.008,-0.026,1767,0,0
3397364,-2.775,8.689,1.870,-0.035,0.020,-0.030,1768,0,0
3397383,-2.720,8.753,1.856,-0.043,0.033,-0.023,1767,0,0
3397404,-2.789,8.753,1.923,-0.082,0.034,-0.029,1767,0,0
3397424,-2.758,8.681,2.011,-0.099,0.023,-0.030,1766,0,0
3397444,-2.777,8.633,2.064,-0.094,0.021,-0.028,1767,0,0
3397464,-2.758,8.645,2.054,-0.057,0.017,-0.026,1768,0,0
3397484,-2.842,8.775,2.014,-0.032,0.029,-0.024,1769,0,0
3397504,-2.880,8.789,2.011,-0.060,0.022,-0.017,1767,0,0
3397524,-2.875,8.657,2.040,-0.107,0.009,-0.009,1768,0,0
3397544,-2.761,8.519,2.028,-0.086,0.004,-0.014,1769,0,0
3397564,-2.705,8.492,2.064,-0.067,0.021,-0.029,1767,0,0
3397583,-2.777,8.578,2.066,-0.038,0.020,-0.045,1767,0,0
3397604,-2.871,8.736,2.014,-0.038,0.007,-0.045,1767,0,0
3397624,-2.880,8.765,1.992,-0.085,-0.004,-0.039,1766,0,0
3397644,-2.825,8.727,1.961,-0.087,-0.004,-0.034,1767,0,0
3397663,-2.768,8.667,1.923,-0.070,0.012,-0.026,1767,0,0
3397684,-2.828,8.689,1.925,-0.051,0.023,-0.037,1766,0,0
3397703,-2.885,8.780,1.961,-0.037,0.019,-0.034,1767,0,0
3397724,-2.873,8.765,1.978,-0.078,0.013,-0.022,1767,0,0
3397744,-2.806,8.655,1.980,-0.090,0.010,-0.022,1768,0,0
3397764,-2.801,8.578,2.004,-0.078,0.022,-0.026,1767,0,0
3397783,-2.907,8.677,2.066,-0.050,0.027,-0.037,1767,0,0
3397804,-2.964,8.801,2.045,-0.044,0.016,-0.031,1767,0,0
3397824,-2.861,8.811,2.042,-0.066,0.006,-0.011,1767,0,0
3397844,-2.744,8.645,2.030,-0.101,0.001,-0.008,1768,0,0
3397863,-2.787,8.562,1.992,-0.073,0.000,-0.024,1768,0,0
3397884,-2.933,8.696,1.937,-0.049,0.011,-0.027,1768,0,0
3397904,-2.966,8.756,1.930,-0.055,0.023,-0.013,1767,0,0
3397924,-2.811,8.667,1.994,-0.067,0.015,-0.006,1768,0,0
3397944,-2.710,8.547,1.987,-0.087,0.012,-0.014,1769,0,0
3397964,-2.816,8.576,2.014,-0.051,0.014,-0.038,1769,0,0
3397984,-2.969,8.811,1.987,-0.039,0.013,-0.035,1767,0,0
3398004,-2.993,8.892,1.970,-0.071,0.017,-0.016,1769,0,0
3398024,-2.854,8.720,2.016,-0.093,0.020,0.003,1768,0,0
3398044,-2.777,8.607,2.028,-0.058,0.028,0.001,1770,0,0
3398064,-2.883,8.583,2.078,-0.056,0.009,-0.011,1768,0,0
3398084,-2.947,8.710,2.006,-0.055,-0.011,-0.006,1769,0,0
3398104,-2.978,8.689,1.939,-0.082,0.002,-0.000,1770,0,0
3398124,-2.935,8.698,1.923,-0.047,0.030,0.007,1771,0,0
3398144,-2.825,8.605,1.987,-0.069,0.033,0.012,1770,0,0
3398164,-2.828,8.514,2.073,-0.072,0.015,-0.010,1771,0,0
3398183,-2.911,8.653,2.069,-0.046,-0.004,-0.030,1770,0,0
3398204,-2.947,8.789,2.030,-0.067,0.001,-0.012,1769,0,0
3398224,-2.940,8.724,2.014,-0.059,0.010,0.005,1768,0,0
3398244,-2.801,8.669,2.011,-0.043,0.017,0.010,1769,0,0
3398263,-2.830,8.643,2.037,-0.072,0.004,0.001,1769,0,0
3398284,-2.861,8.655,2.042,-0.071,-0.017,-0.009,1770,0,0
3398303,-2.904,8.715,1.966,-0.066,-0.012,0.000,1770,0,0
3398324,-2.902,8.672,1.913,-0.054,0.005,0.005,1771,0,0
3398344,-2.792,8.607,1.937,-0.057,0.013,0.006,1769,0,0
3398364,-2.715,8.504,1.946,-0.086,0.007,-0.009,1770,0,0
3398383,-2.830,8.566,1.951,-0.082,0.006,-0.035,1770,0,0
3398404,-2.978,8.729,1.978,-0.057,0.017,-0.030,1770,0,0
3398424,-2.966,8.796,1.990,-0.068,0.020,-0.005,1770,0,0
3398444,-2.799,8.631,2.028,-0.078,0.025,0.004,1769,0,0
3398463,-2.801,8.528,2.054,-0.071,0.020,-0.013,1769,0,0
3398484,-2.854,8.600,2.097,-0.059,0.007,-0.026,1769,0,0
3398504,-2.907,8.633,2.081,-0.082,0.002,-0.015,1769,0,0
3398524,-2.863,8.600,1.999,-0.062,0.007,-0.016,1770,0,0
3398544,-2.883,8.712,1.961,-0.054,0.010,-0.033,1769,0,0
3398564,-2.885,8.734,1.942,-0.081,0.008,-0.030,1768,0,0
3398584,-2.938,8.705,1.963,-0.073,0.016,-0.022,1769,0,0
3398604,-2.935,8.705,2.009,-0.077,0.019,-0.025,1770,0,0
3398624,-2.840,8.679,2.004,-0.088,0.025,-0.015,1770,0,0
3398644,-2.782,8.562,2.090,-0.095,0.023,-0.011,1769,0,0
3398664,-2.875,8.531,2.124,-0.083,0.010,-0.028,1771,0,0
3398684,-2.909,8.588,2.059,-0.085,0.010,-0.029,1771,0,0
3398703,-3.002,8.605,2.016,-0.089,0.014,-0.030,1771,0,0
3398724,-2.952,8.590,2.054,-0.088,0.013,-0.037,1771,0,0
3398744,-2.940,8.562,2.028,-0.102,0.019,-0.038,1770,0,0
3398764,-2.933,8.605,2.298,-0.072,-0.010,-0.038,1770,0,0
3398783,-2.945,8.519,2.351,-0.041,-0.081,-0.052,1769,0,0
3398804,-3.019,8.588,2.387,0.021,-0.179,-0.060,1754,0,0
3398824,-2.693,8.662,2.579,0.061,-0.359,-0.055,1678,0,0
3398844,-2.710,8.674,2.071,-0.103,-0.285,-0.039,1619,0,0
3398864,-3.139,8.732,2.409,-0.094,-0.339,-0.043,1582,0,0
3398884,-2.696,8.911,3.048,-0.096,-0.619,0.023,1510,0,0
3398904,-2.444,8.701,2.610,-0.359,-0.663,0.132,1454,0,0
3398924,-2.818,8.569,1.915,-0.323,-0.650,0.161,1413,0,0
3398943,-3.397,8.806,1.745,-0.136,-0.645,0.102,1384,0,0
3398964,-3.467,9.187,2.219,-0.178,-0.754,0.102,1351,0,0
3398983,-2.677,9.266,3.273,-0.547,-1.011,0.181,1280,0,0
3399004,-2.545,8.325,3.227,-0.657,-1.048,0.237,1206,0,0
3399024,-2.976,8.124,3.340,-0.092,-1.128,0.229,1136,0,0
3399044,-2.586,8.746,2.143,0.472,-0.981,0.148,1082,0,0
3399064,-2.059,9.431,2.670,0.369,-0.773,0.157,1040,0,0
3399084,-2.069,8.471,2.969,0.074,-0.637,0.147,995,0,0
3399104,-2.265,8.243,2.133,0.130,-0.575,0.063,968,0,0
3399124,-2.167,8.389,2.421,0.228,-0.531,-0.030,942,0,0
3399144,-1.994,8.856,2.248,0.307,-0.315,-0.025,932,0,0
3399164,-1.774,9.282,1.290,0.147,0.101,-0.035,935,0,0
3399184,-2.330,8.724,1.970,-0.040,0.294,-0.030,941,0,0
3399204,-2.368,8.969,2.066,-0.063,0.367,-0.041,948,0,0
3399224,-2.473,8.669,2.057,-0.135,0.462,-0.048,958,0,0
3399244,-2.490,9.019,2.138,-0.042,0.483,-0.055,963,0,0
3399264,-2.040,8.964,1.987,-0.155,0.562,-0.040,974,0,0
3399284,-1.920,8.552,2.097,-0.157,0.656,-0.057,976,0,0
3399304,-1.760,8.531,2.219,-0.192,0.670,-0.079,981,0,0
3399324,-1.563,7.958,2.478,-0.164,0.583,-0.113,987,0,0
3399343,-0.766,7.788,2.251,-0.099,0.533,-0.152,991,0,0
3399364,-0.148,7.506,2.222,-0.072,0.550,-0.179,995,0,0
3399383,0.309,6.529,2.358,-0.100,0.480,-0.238,1002,0,0
3399404,0.699,5.581,2.100,0.055,0.393,-0.356,1006,0,0
3399424,1.279,4.946,1.573,0.115,0.358,-0.555,1008,0,0
3399444,1.506,4.171,1.511,0.082,0.362,-0.789,1013,0,0
3399464,1.410,4.123,1.494,0.115,0.404,-1.044,1015,0,0
3399484,0.936,4.334,1.705,0.151,0.385,-1.210,1019,0,0
3399504,0.067,4.161,2.095,0.262,0.238,-1.483,1021,0,0
3399524,-0.745,5.646,1.769,0.301,0.130,-1.640,1021,0,0
3399544,-2.119,6.299,1.779,0.099,0.074,-1.716,1022,0,0
3399564,-3.802,7.022,1.980,0.062,0.024,-1.682,1023,0,0
3399583,-5.715,7.939,2.579,-0.052,-0.090,-1.622,1022,0,0
3399604,-8.349,8.854,3.378,-0.377,-0.325,-1.640,1023,0,0
3399623,-10.628,10.254,3.158,-0.554,-0.426,-1.546,1031,0,0
3399644,-12.790,11.660,3.175,-0.443,-0.379,-1.291,1027,0,0
3399664,-13.587,13.003,3.021,-0.373,-0.298,-0.859,1031,0,0
3399684,-13.762,12.819,3.323,-0.538,-0.166,-0.418,1033,0,0
3399703,-13.216,12.124,3.675,-0.612,-0.037,-0.019,1036,0,0
3399724,-12.165,11.224,3.610,-0.630,0.114,0.363,1039,0,0
3399743,-11.219,9.926,4.034,-0.598,0.308,0.582,1039,0,0
3399764,-10.647,9.321,4.511,-0.518,0.393,0.710,1040,0,0
3399784,-9.773,8.645,4.422,-0.387,0.423,0.826,1040,0,0
3399804,-9.455,8.559,4.089,-0.146,0.485,0.901,1041,0,0
3399823,-8.871,9.388,3.682,0.056,0.564,1.068,1042,0,0
3399844,-7.915,9.189,3.266,-0.015,0.617,1.306,1042,0,0
3399864,-7.185,8.236,3.081,-0.029,0.548,1.407,1043,0,0
3399884,-5.404,7.752,2.169,0.078,0.480,1.403,1044,0,0
3399903,-3.302,7.286,1.403,0.220,0.551,1.410,1044,0,0
3399924,-1.805,6.764,1.295,0.189,0.621,1.373,1044,0,0
3399944,-0.359,5.986,1.369,0.053,0.506,1.296,1045,0,0
3399964,1.599,4.788,1.396,-0.047,0.342,1.191,1045,0,0
3399983,2.938,3.680,1.611,-0.169,0.197,0.964,1045,0,0
3400004,4.017,2.859,1.836,-0.152,0.144,0.698,1045,0,0
3400024,4.298,2.430,2.102,-0.036,0.147,0.349,1046,0,0
3400044,3.955,3.002,2.368,0.029,-0.019,0.082,1046,0,0
3400063,3.692,2.993,2.025,-0.088,-0.233,-0.164,1046,0,0
3400084,3.077,3.263,1.633,-0.092,-0.347,-0.400,1047,0,0
3400104,2.758,3.443,1.269,-0.006,-0.333,-0.586,1047,0,0
3400124,1.674,4.262,1.602,0.100,-0.349,-0.724,1049,0,0
3400144,0.347,5.059,1.930,-0.131,-0.532,-0.823,1048,0,0
3400164,-0.520,4.415,2.011,-0.531,-0.729,-1.042,1048,0,0
3400184,-2.306,3.704,2.140,-0.293,-0.648,-1.383,1050,0,0
3400204,-5.940,7.065,2.330,0.674,-0.396,-1.720,1050,0,0
3400223,-8.849,12.397,2.435,0.431,-0.440,-1.465,1051,0,0
3400244,-10.295,11.612,2.931,-0.720,-0.585,-1.150,1052,0,0
3400264,-11.095,10.187,3.376,-0.958,-0.657,-1.183,1052,0,0
3400284,-10.939,11.123,3.168,-0.450,-0.398,-1.090,1054,0,0
3400304,-11.418,11.906,3.931,-0.253,-0.105,-0.737,1054,0,0
3400324,-12.131,11.222,4.666,-0.282,-0.018,-0.491,1056,0,0
3400343,-12.134,11.677,4.721,-0.233,0.026,-0.270,1057,0,0
3400364,-11.181,11.389,4.458,-0.205,0.128,0.097,1058,0,0
3400384,-10.187,9.946,4.480,-0.178,0.315,0.310,1058,0,0
3400404,-9.917,9.299,4.729,-0.016,0.431,0.453,1059,0,0
3400424,-9.330,8.930,4.616,0.052,0.435,0.547,1060,0,0
3400444,-9.110,8.574,4.159,0.182,0.405,0.630,1060,0,0
3400464,-8.021,9.290,3.194,0.380,0.567,0.808,1061,0,0
3400484,-7.432,8.801,3.347,0.197,0.612,1.034,1061,0,0
3400504,-6.364,7.736,2.907,0.170,0.477,1.127,1061,0,0
3400524,-4.690,7.482,1.949,0.313,0.519,1.153,1061,0,0
3400544,-3.754,7.168,1.958,0.223,0.548,1.118,1060,0,0
3400564,-2.222,6.500,1.647,0.161,0.496,1.106,1061,0,0
3400584,-0.888,5.940,1.666,0.076,0.389,1.075,1060,0,0
3400604,0.357,5.246,1.719,-0.086,0.247,0.920,1061,0,0
3400624,0.709,4.978,1.856,-0.176,0.161,0.702,1063,0,0
3400644,0.855,5.145,1.762,-0.082,0.146,0.485,1061,0,0
3400664,0.455,6.242,1.781,0.099,0.150,0.370,1061,0,0
3400684,-0.144,6.960,1.877,0.026,0.020,0.310,1061,0,0
3400704,-0.646,7.281,1.860,-0.037,-0.145,0.247,1062,0,0
3400724,-0.919,7.527,1.551,-0.111,-0.176,0.158,1062,0,0
3400744,-1.535,7.963,1.470,-0.015,-0.097,0.114,1063,0,0
3400764,-1.968,7.954,1.650,-0.037,-0.064,0.115,1062,0,0
3400784,-2.370,7.338,1.985,-0.081,-0.118,0.067,1063,0,0
3400804,-2.861,7.360,2.200,-0.108,-0.220,-0.035,1061,0,0
3400823,-3.330,7.824,2.239,-0.050,-0.295,-0.107,1063,0,0
3400844,-3.450,8.375,2.272,0.026,-0.306,-0.096,1065,0,0
3400864,-3.826,8.456,2.519,0.003,-0.329,-0.070,1065,0,0
3400884,-4.264,8.832,2.662,-0.022,-0.433,-0.063,1072,0,0
3400904,-4.106,8.892,2.483,-0.027,-0.520,-0.045,1081,0,0
3400924,-3.687,8.839,2.265,0.068,-0.516,-0.024,1085,0,0
3400944,-3.493,9.110,2.102,0.066,-0.422,-0.008,1087,0,0
3400964,-3.706,9.064,1.501,-0.018,-0.168,0.071,1092,0,0
3400983,-3.723,8.583,2.203,-0.157,-0.065,-0.012,1101,0,0
3401004,-3.891,9.131,2.320,-0.082,-0.054,-0.037,1117,0,0
3401024,-3.531,8.815,2.337,-0.289,-0.041,0.017,1143,0,0
3401044,-3.249,8.495,2.270,-0.262,-0.030,0.022,1196,0,0
3401064,-3.469,8.380,2.176,-0.243,0.016,-0.011,1265,0,0
3401084,-3.852,8.969,2.057,-0.213,0.014,0.060,1342,0,0
3401104,-3.036,9.263,1.302,-0.260,0.170,0.282,1444,0,0
3401124,-2.416,8.935,0.855,-0.322,0.574,0.410,1575,0,0
3401144,-2.090,8.452,-0.457,-0.021,1.161,0.538,1669,0,0
3401164,-3.361,9.244,3.675,0.196,0.870,0.591,1722,0,0
3401184,-2.586,7.233,4.209,-0.374,0.500,0.411,1761,0,0
3401204,-2.552,7.511,3.436,-0.917,0.032,0.141,1802,0,0
3401224,-2.155,7.903,2.574,-0.381,-0.076,0.090,1830,0,0
3401244,-2.397,8.056,2.354,0.092,-0.025,0.083,1853,0,0
3401263,-2.787,8.507,2.330,0.098,0.074,-0.033,1872,0,0
3401284,-2.878,8.708,2.672,-0.072,-0.069,-0.113,1881,0,0
3401304,-2.389,8.442,2.344,-0.201,-0.119,-0.061,1886,0,0
3401324,-2.531,8.442,2.203,-0.156,-0.031,-0.013,1889,0,0
3401343,-2.691,8.380,2.107,0.050,0.036,-0.025,1892,0,0
3401364,-2.899,8.633,2.217,0.035,0.030,-0.077,1893,0,0
3401384,-2.782,8.720,2.310,-0.066,-0.035,-0.095,1893,0,0
3401404,-2.619,8.511,2.279,-0.139,-0.011,-0.062,1895,0,0
3401424,-2.811,8.499,2.373,-0.039,0.069,-0.043,1894,0,0
3401444,-3.033,8.593,2.231,0.019,0.098,-0.052,1892,0,0
3401464,-3.108,8.691,2.476,-0.046,0.046,-0.064,1892,0,0
3401484,-2.926,8.693,2.543,-0.032,0.005,-0.049,1890,0,0
3401504,-2.765,8.607,2.581,-0.074,0.007,-0.022,1889,0,0
3401524,-2.717,8.569,2.562,-0.012,0.030,-0.013,1887,0,0
3401544,-2.832,8.576,2.440,-0.024,0.054,-0.023,1883,0,0
3401564,-2.990,8.569,2.425,0.004,0.054,-0.034,1878,0,0
3401583,-3.017,8.799,2.447,0.067,0.025,-0.023,1876,0,0
3401604,-2.859,8.744,2.339,-0.051,0.010,0.005,1873,0,0
3401624,-2.887,8.622,2.406,-0.131,0.009,0.007,1873,0,0
3401644,-2.856,8.516,2.346,-0.025,0.013,0.017,1874,0,0
3401664,-2.914,8.660,2.274,0.002,0.021,0.026,1872,0,0
3401684,-2.765,8.507,2.181,-0.065,0.016,0.031,1870,0,0
3401704,-2.899,8.593,2.279,-0.040,-0.001,0.001,1868,0,0
3401724,-2.763,8.593,2.318,-0.080,-0.022,-0.005,1866,0,0
3401744,-2.883,8.578,2.279,-0.082,0.011,0.007,1866,0,0
3401764,-2.902,8.569,2.332,-0.034,0.003,0.018,1865,0,0
3401784,-2.796,8.605,2.258,-0.030,0.018,0.028,1866,0,0
3401804,-2.808,8.701,2.277,-0.022,0.041,0.027,1862,0,0
3401824,-2.878,8.684,2.286,-0.068,0.048,0.027,1860,0,0
3401844,-2.935,8.507,2.349,-0.090,0.029,0.039,1860,0,0
3401864,-2.873,8.516,2.291,-0.048,0.022,0.038,1857,0,0
3401884,-2.859,8.499,2.327,-0.047,0.030,0.022,1857,0,0
3401904,-2.830,8.521,2.325,-0.035,0.035,0.026,1856,0,0
3401924,-2.772,8.533,2.291,-0.025,0.041,0.022,1855,0,0
3401944,-2.866,8.554,2.282,-0.038,0.029,0.015,1854,0,0
3401964,-2.923,8.552,2.224,-0.022,0.040,0.025,1850,0,0
3401984,-2.942,8.509,2.229,-0.060,0.045,0.015,1850,0,0
3402004,-2.947,8.475,2.373,-0.094,0.043,-0.006,1849,0,0
3402024,-2.784,8.466,2.423,-0.056,0.042,-0.004,1847,0,0
3402044,-2.650,8.511,2.547,-0.040,0.020,0.005,1847,0,0
3402064,-2.698,8.519,2.478,-0.020,0.003,0.002,1846,0,0
3402084,-2.875,8.593,2.344,0.003,-0.022,-0.017,1843,0,0
3402103,-2.933,8.665,2.181,-0.027,-0.042,-0.018,1841,0,0
3402124,-2.799,8.636,2.155,-0.062,-0.049,-0.002,1840,0,0
3402144,-2.626,8.490,2.176,-0.068,-0.014,0.004,1840,0,0
3402164,-2.672,8.557,2.176,-0.010,0.012,-0.013,1840,0,0
3402184,-2.792,8.662,2.176,-0.038,0.009,-0.019,1839,0,0
3402204,-2.947,8.691,2.236,-0.087,0.014,-0.015,1839,0,0
3402224,-2.897,8.586,2.282,-0.060,0.017,-0.013,1838,0,0
3402244,-2.765,8.614,2.301,-0.024,0.025,-0.006,1837,0,0
3402263,-2.667,8.576,2.308,-0.041,0.024,-0.003,1835,0,0
3402284,-2.705,8.564,2.334,-0.037,0.011,-0.011,1832,0,0
3402303,-2.856,8.610,2.339,-0.049,-0.010,-0.023,1830,0,0
3402324,-2.928,8.636,2.267,-0.059,-0.028,-0.022,1828,0,0
3402344,-2.823,8.633,2.152,-0.040,-0.026,-0.014,1828,0,0
3402364,-2.768,8.681,2.179,-0.015,-0.002,-0.008,1827,0,0
3402384,-2.768,8.753,2.203,-0.011,0.015,-0.007,1827,0,0
3402404,-2.926,8.799,2.224,-0.061,0.011,-0.010,1827,0,0
3402424,-2.909,8.729,2.320,-0.095,-0.022,0.003,1826,0,0
3402444,-2.758,8.607,2.282,-0.085,-0.019,0.022,1824,0,0
3402464,-2.729,8.545,2.279,-0.039,-0.001,0.019,1824,0,0
3402484,-2.751,8.641,2.205,0.002,0.007,0.010,1824,0,0
3402504,-2.856,8.693,2.215,-0.043,-0.013,0.016,1823,0,0
3402524,-2.840,8.547,2.198,-0.107,-0.040,0.013,1821,0,0
3402544,-2.782,8.485,2.186,-0.080,-0.032,0.005,1819,0,0
3402564,-2.634,8.535,2.126,-0.018,0.000,0.006,1820,0,0
3402584,-2.634,8.574,2.143,-0.039,0.023,-0.001,1819,0,0
3402604,-2.732,8.547,2.207,-0.039,0.007,-0.014,1819,0,0
3402624,-2.851,8.631,2.227,-0.061,-0.016,-0.022,1818,0,0
3402644,-2.873,8.653,2.184,-0.080,-0.025,-0.022,1817,0,0
3402664,-2.756,8.672,2.176,-0.046,-0.006,-0.009,1817,0,0
3402684,-2.600,8.633,2.195,-0.029,0.013,0.003,1818,0,0
3402704,-2.660,8.545,2.198,-0.039,0.019,-0.001,1818,0,0
3402724,-2.916,8.643,2.251,-0.044,-0.007,-0.031,1817,0,0
3402744,-2.942,8.801,2.207,-0.090,-0.033,-0.031,1817,0,0
3402764,-2.784,8.729,2.205,-0.088,-0.010,0.009,1815,0,0
3402784,-2.693,8.612,2.215,-0.033,0.017,0.014,1815,0,0
3402804,-2.734,8.622,2.236,-0.039,0.018,-0.005,1815,0,0
